1209510 3059.4
1209520 3047.5
1209530 3047.5
1209540 3040.0
1209550 3037.2
1209560 3037.2
1209570 3037.6
1209580 3038.6
1209590 3038.6
1209600 3039.1
1209610 3042.0
1209620 3048.3
1209630 3048.3
1209640 3056.9
1209650 3058.5
1209660 3058.5
1209670 3051.2
1209680 3042.3
1209690 3042.3
1209700 3039.4
1209710 3032.2
1209720 3032.2
1209730 3030.4
1209740 3029.2
1209750 3029.2
1209760 3028.3
1209770 3027.0
1209780 3024.9
1209790 3024.9
1209800 3024.1
1209810 3023.0
1209820 3023.0
1209830 3023.5
1209840 3023.0
1209850 3023.0
1209860 3020.0
1209870 3017.5
1209880 3017.5
1209890 3018.8
1209900 3020.0
1209910 3020.0
1209920 3020.7
1209930 3022.0
1209940 3022.0
1209950 3022.7
1209960 3022.3
1209970 3021.4
1209980 3021.4
1209990 3020.2
1210000 3019.2
1210010 3019.2
1210020 3018.6
1210030 3018.9
1210040 3018.9
1210050 3018.2
1210060 3016.8
1210070 3016.8
1210080 3019.7
1210090 3023.7
1210100 3023.7
1210110 3029.0
1210120 3034.2
1210130 3038.6
1210140 3038.6
1210150 3043.2
1210160 3055.1
1210170 3036.5
1210180 3043.4
1210190 3049.4
1210200 3049.4
1210210 3053.9
1210220 3059.2
1210230 3059.2
1210240 3063.8
1210250 3071.5
1210260 3071.5
1210270 3084.6
1210280 3088.9
1210290 3088.9
1210300 3088.9
1210310 3091.5
1210320 3096.2
1210330 3096.2
1210340 3102.1
1210350 3108.5
1210360 3108.5
1210370 3114.8
1210380 3120.6
1210390 3120.6
1210400 3125.7
1210410 3131.9
1210420 3131.9
1210430 3138.1
1210440 3142.1
1210450 3142.1
1210460 3147.1
1210470 3154.0
1210480 3160.7
1210490 3160.7
1210500 3166.8
1210510 3172.6
1210520 3172.6
1210530 3178.3
1210540 3184.0
1210550 3184.0
1210560 3189.9
1210570 3195.9
1210580 3195.9
1210590 3202.1
1210600 3207.9
1210610 3207.9
1210620 3213.3
1210630 3213.6
1210640 3213.6
1210650 3224.0
1210660 3235.3
1210670 3245.3
1210680 3245.3
1210690 3254.2
1210700 3264.6
1210710 3264.6
1210720 3273.3
1210730 3281.8
1210740 3281.8
1210750 3290.8
1210760 3300.6
1210770 3300.6
1210780 3310.9
1210790 3321.8
1210800 3321.8
1210810 3331.3
1210820 3341.9
1210830 3355.7
1210840 3355.7
1210850 3368.6
1210860 3380.9
1210870 3380.9
1210880 3387.6
1210890 3392.2
1210900 3392.2
1210910 3396.7
1210920 3400.1
1210930 3400.1
1210940 3405.1
1210950 3411.3
1210960 3411.3
1210970 3418.4
1210980 3426.8
1210990 3426.8
1211000 3434.0
1211010 3440.8
1211020 3447.0
1211030 3447.0
1211040 3453.4
1211050 3460.1
1211060 3460.1
1211070 3467.1
1211080 3476.5
1211090 3474.4
1211100 3483.3
1211110 3492.7
1211120 3492.7
1211130 3502.2
1211140 3515.8
1211150 3515.8
1211160 3528.0
1211170 3534.9
1211180 3533.3
1211190 3533.3
1211200 3528.7
1211210 3520.5
1211220 3520.5
1211230 3513.9
1211240 3508.5
1211250 3508.5
1211260 3501.2
1211270 3491.1
1211280 3491.1
1211290 3481.0
1211300 3475.4
1211310 3475.4
1211320 3469.8
1211330 3462.5
1211340 3462.5
1211350 3455.2
1211360 3449.9
1211370 3447.3
1211380 3447.3
1211390 3445.3
1211400 3442.8
1211410 3442.8
1211420 3440.3
1211430 3439.2
1211440 3439.2
1211450 3439.2
1211460 3438.6
1211470 3438.6
1211480 3438.5
1211490 3440.2
1211500 3440.2
1211510 3442.9
1211520 3443.3
1211530 3442.6
1211540 3442.6
1211550 3434.6
1211560 3429.4
1211570 3429.4
1211580 3421.0
1211590 3414.3
1211600 3414.3
1211610 3407.9
1211620 3401.5
1211630 3401.5
1211640 3394.5
1211650 3386.6
1211660 3386.6
1211670 3379.2
1211680 3371.8
1211690 3371.8
1211700 3363.1
1211710 3355.7
1211720 3350.6
1211730 3350.6
1211740 3347.0
1211750 3344.2
1211760 3344.2
1211770 3342.0
1211780 3340.2
1211790 3340.2
1211800 3338.6
1211810 3337.3
1211820 3337.3
1211830 3335.9
1211840 3334.5
1211850 3334.5
1211860 3333.1
1211870 3331.7
1211880 3330.3
1211890 3330.3
1211900 3329.0
1211910 3327.8
1211920 3327.8
1211930 3326.7
1211940 3325.7
1211950 3325.7
1211960 3324.9
1211970 3324.2
1211980 3324.2
1211990 3323.6
1212000 3323.2
1212010 3323.2
1212020 3322.0
1212030 3321.6
1212040 3321.6
1212050 3321.3
1212060 3321.1
1212070 3321.0
1212080 3321.0
1212090 3321.0
1212100 3320.9
1212110 3320.9
1212120 3321.0
1212130 3321.0
1212140 3321.0
1212150 3321.1
1212160 3321.2
1212170 3321.2
1212180 3321.2
1212190 3321.4
1212200 3321.4
1212210 3321.6
1212220 3321.8
1212230 3321.9
1212240 3321.9
1212250 3322.1
1212260 3322.3
1212270 3322.3
1212280 3322.4
1212290 3322.6
1212300 3322.6
1212310 3322.8
1212320 3323.1
1212330 3323.1
1212340 3323.3
1212350 3323.6
1212360 3323.6
1212370 3323.9
1212380 3324.3
1212390 3324.3
1212400 3324.6
1212410 3325.1
1212420 3325.6
1212430 3325.6
1212440 3326.1
1212450 3326.7
1212460 3326.7
1212470 3327.3
1212480 3327.3
1212490 3327.3
1212500 3328.0
1212510 3328.7
1212520 3328.7
1212530 3329.5
1212540 3330.2
1212550 3330.2
1212560 3330.9
1212570 3331.6
1212580 3332.3
1212590 3332.3
1212600 3332.9
1212610 3333.4
1212620 3333.4
1212630 3333.7
1212640 3334.1
1212650 3334.1
1212660 3334.3
1212670 3334.4
1212680 3334.4
1212690 3334.4
1212700 3334.2
1212710 3334.2
1212720 3333.8
1212730 3333.4
1212740 3333.4
1212750 3333.1
1212760 3332.6
1212770 3332.1
1212780 3332.1
1212790 3331.5
1212800 3330.9
1212810 3330.9
1212820 3330.3
1212830 3329.5
1212840 3329.5
1212850 3328.6
1212860 3327.7
1212870 3327.7
1212880 3326.5
1212890 3325.3
1212900 3325.3
1212910 3324.0
1212920 3322.4
1212930 3320.7
1212940 3319.8
1212950 3317.8
1212960 3315.5
1212970 3315.5
1212980 3312.9
1212990 3310.0
1213000 3310.0
