1203100 3014.6
1203110 3014.6
1203120 3015.5
1203130 3015.9
1203140 3015.9
1203150 3016.1
1203160 3016.3
1203170 3016.8
1203180 3016.8
1203190 3017.7
1203320 3016.9
1203330 3018.7
1203340 3018.7
1203350 3023.3
1203360 3030.3
1203370 3030.3
1203380 3039.9
1203390 3056.7
1203400 3056.7
1203410 3071.8
1203420 3077.8
1203430 3077.8
1203440 3083.9
1203450 3087.7
1203460 3087.7
1203470 3090.1
1203480 3093.3
1203490 3093.3
1203500 3096.6
1203510 3100.2
1203520 3103.5
1203530 3103.5
1203540 3106.6
1203550 3110.2
1203560 3110.2
1203570 3113.6
1203580 3118.3
1203590 3118.3
1203600 3124.6
1203610 3131.1
1203620 3131.1
1203630 3137.0
1203640 3142.8
1203650 3142.8
1203660 3149.3
1203670 3155.3
1203680 3159.9
1203690 3159.9
1203700 3164.8
1203710 3168.8
1203720 3168.8
1203730 3171.3
1203740 3174.0
1203750 3174.0
1203760 3176.8
1203770 3180.0
1203780 3180.0
1203790 3184.6
1203800 3189.9
1203810 3189.9
1203820 3195.1
1203830 3200.6
1203840 3200.6
1203850 3205.9
1203860 3212.5
1203870 3221.2
1203880 3221.2
1203890 3226.2
1203900 3227.3
1203910 3227.3
1203920 3227.5
1203930 3227.9
1203940 3227.9
1203950 3228.5
1203960 3229.1
1203970 3229.1
1203980 3230.0
1203990 3231.6
1204000 3231.6
1204010 3233.7
1204020 3236.2
1204030 3236.2
1204040 3238.9
1204050 3242.2
1204060 3246.6
1204070 3246.6
1204080 3251.3
1204090 3256.2
1204100 3256.2
1204110 3258.9
1204120 3261.9
1204130 3261.9
1204140 3267.0
1204150 3273.7
1204160 3273.7
1204170 3282.4
1204180 3291.0
1204190 3291.0
1204200 3297.4
1204210 3300.1
1204220 3300.5
1204230 3300.5
1204240 3304.2
1204250 3306.9
1204260 3306.9
1204270 3312.2
1204280 3316.4
1204290 3316.4
1204300 3316.0
1204310 3313.8
1204320 3313.8
1204330 3314.1
1204340 3317.5
1204350 3317.5
1204360 3322.0
1204370 3322.0
1204380 3322.0
1204390 3328.0
1204400 3334.5
1204410 3341.6
1204420 3341.6
1204430 3348.9
1204440 3356.9
1204450 3356.9
1204460 3364.2
1204470 3364.1
1204480 3364.1
1204490 3359.8
1204500 3356.8
1204510 3356.8
1204520 3353.9
1204530 3351.5
1204540 3351.5
1204550 3351.2
1204560 3351.2
1204570 3352.2
1204580 3352.2
1204590 3354.5
1204600 3357.6
1204610 3357.6
1204620 3361.4
1204630 3366.0
1204640 3366.0
1204650 3369.6
1204660 3370.5
1204670 3370.5
1204680 3371.2
1204690 3373.4
1204700 3373.4
1204710 3376.6
1204720 3381.2
1204730 3381.2
1204740 3387.4
1204750 3392.4
1204760 3396.5
1204770 3396.5
1204780 3400.4
1204790 3404.4
1204800 3404.4
1204810 3408.4
1204820 3409.2
1204830 3409.2
1204840 3411.1
1204850 3409.0
1204860 3409.0
1204870 3406.1
1204880 3402.9
1204890 3402.9
1204900 3397.6
1204910 3391.9
1204920 3386.5
1204930 3386.5
1204940 3380.8
1204950 3375.3
1204960 3375.3
1204970 3369.9
1204980 3368.2
1204990 3368.2
1205000 3367.8
1205010 3367.0
1205020 3367.0
1205030 3366.8
1205040 3366.8
1205050 3366.8
1205060 3366.8
1205070 3366.6
1205080 3366.6
1205090 3366.7
1205100 3367.1
1205110 3368.1
1205120 3368.1
1205130 3369.1
1205140 3370.5
1205150 3370.5
1205160 3372.5
1205170 3374.9
1205180 3374.9
1205190 3377.6
1205200 3380.6
1205210 3380.6
1205220 3384.8
1205230 3390.2
1205240 3390.2
1205250 3396.4
1205260 3402.2
1205270 3414.3
1205280 3414.3
1205290 3417.2
1205300 3410.0
1205310 3410.0
1205320 3399.6
1205330 3389.6
1205340 3389.6
1205350 3380.7
1205360 3372.3
1205370 3372.3
1205380 3364.7
1205390 3357.7
1205400 3357.7
1205410 3352.3
1205420 3348.4
1205430 3348.4
1205440 3346.2
1205450 3346.3
1205460 3349.2
1205470 3349.2
1205480 3354.7
1205490 3356.4
1205500 3356.4
1205510 3351.3
1205520 3343.8
1205530 3343.8
1205540 3336.4
1205550 3326.1
1205560 3326.1
1205570 3316.3
1205580 3304.8
1205590 3304.8
1205600 3294.3
1205610 3283.3
1205620 3283.3
1205630 3272.4
1205640 3261.6
1205650 3252.8
1205660 3252.8
1205670 3247.6
1205680 3242.0
1205690 3242.0
1205700 3239.9
1205710 3233.7
1205720 3227.3
1205730 3220.7
1205740 3210.8
1205750 3210.8
1205760 3204.9
1205770 3200.3
1205780 3200.3
1205790 3200.4
1205800 3202.5
1205810 3203.3
1205820 3203.3
1205830 3199.0
1205840 3190.6
1205850 3190.6
1205860 3182.1
1205870 3173.5
1205880 3173.5
1205890 3166.1
1205900 3158.4
1205910 3158.4
1205920 3147.2
1205930 3136.3
1205940 3136.3
1205950 3128.3
1205960 3122.1
1205970 3122.1
1205980 3120.5
1205990 3119.0
1206000 3109.4
1206010 3109.4
1206020 3098.8
1206030 3089.7
1206040 3089.7
1206050 3083.2
1206060 3079.6
1206070 3079.6
1206080 3076.5
1206090 3072.3
1206100 3072.3
1206110 3064.8
1206120 3055.6
1206130 3055.6
1206140 3045.0
1206150 3035.1
1206160 3027.0
1206170 3015.9
1206180 3008.6
1206190 3001.4
1206200 3001.4
1206210 2996.8
1206220 2996.2
1206230 2996.2
1206910 2914.5
1206920 2911.0
1206930 2911.0
1206940 2906.6
1206950 2902.1
1206960 2902.1
1206970 2897.9
1206980 2893.5
1206990 2893.5
1207000 2892.2
1207010 2890.7
1207020 2890.7
1207030 2889.4
1207040 2890.6
1207070 2894.9
1207110 2893.2
1207120 2893.2
1207130 2892.8
1207140 2893.4
1207150 2893.4
1207160 2895.0
1207170 2896.1
1207180 2896.1
1207190 2896.7
1207200 2897.0
1207210 2896.5
1207220 2896.5
1207230 2895.6
1207240 2894.2
1207250 2894.2
1207260 2892.8
1207270 2891.7
1207280 2891.7
1207290 2889.4
1207300 2889.5
1207310 2889.5
1207320 2891.6
1207330 2897.1
1207340 2897.1
1207350 2905.4
1207360 2911.3
1207370 2911.3
1207380 2912.7
1207390 2912.3
1207400 2915.4
1207410 2915.4
1207420 2916.8
1207430 2919.5
1207440 2919.5
1207450 2923.7
1207460 2927.4
1207470 2927.4
1207480 2929.6
1207490 2931.6
1207500 2931.6
1207510 2936.0
1207520 2942.0
1207530 2937.7
1207540 2944.0
1207550 2950.3
1207560 2950.3
1207570 2957.0
1207580 2964.9
1207590 2971.7
1207600 2971.7
1207610 2974.3
1207620 2971.9
1207630 2971.9
1207640 2963.7
1207650 2957.2
1207660 2957.2
1207670 2957.3
1207680 2963.8
1207690 2963.8
1207700 2975.1
1207710 2986.3
1207720 2986.3
1207730 2997.7
1207740 3008.5
1207750 3018.4
1207760 3018.4
1207770 3026.8
1207780 3034.2
1207790 3034.2
1207800 3040.8
1207810 3043.3
1207820 3043.3
1207830 3042.7
1207840 3044.3
1207850 3044.3
1207860 3052.3
1207870 3063.4
1207880 3063.4
1207890 3076.3
1207900 3087.0
1207910 3087.0
1207920 3092.5
1207930 3092.9
1207940 3090.8
1207950 3090.8
1207960 3094.4
1207970 3098.4
1207980 3098.4
1207990 3097.4
1208000 3103.2
1208010 3103.2
1208020 3108.2
1208030 3110.9
1208040 3110.9
1208050 3112.3
1208060 3112.8
1208070 3112.8
1208080 3112.5
1208090 3113.7
1208100 3116.4
1208110 3116.4
1208120 3117.9
1208130 3114.7
1208140 3114.7
1208150 3106.8
1208160 3099.1
1208170 3099.1
1208180 3092.5
1208190 3086.9
1208200 3086.9
1208210 3079.7
1208220 3069.1
1208230 3069.1
1208240 3059.2
1208250 3050.5
1208260 3050.5
1208270 3040.0
1208280 3029.9
1208290 3022.1
1208300 3022.1
1208310 3014.3
1208320 3006.3
1208330 3006.3
1208340 2998.8
1208350 2991.3
1208360 2991.3
1208370 2984.3
1208380 2977.8
1208390 2977.8
1208400 2971.6
1208410 2967.8
1208420 2967.8
1208430 2965.2
1208440 2965.0
1208450 2963.0
1208460 2963.0
1208470 2961.6
1208480 2960.5
1208490 2960.5
1208500 2959.4
1208510 2958.5
1208520 2958.5
1208530 2957.7
1208540 2957.0
1208550 2957.0
1208560 2956.4
1208570 2955.9
1208580 2955.9
1208590 2955.5
1208600 2955.1
1208610 2955.1
1208620 2954.8
1208630 2954.3
1208640 2953.9
1208650 2953.9
1208660 2953.7
1208670 2953.5
1208680 2953.5
1208690 2953.3
1208700 2953.2
1208710 2953.2
1208720 2952.9
1208730 2952.8
1208740 2952.8
1208750 2952.6
1208760 2952.4
1208770 2952.4
1208780 2952.3
1208790 2952.1
1208800 2951.9
1208810 2951.9
1208820 2951.6
1208830 2951.2
1208840 2951.2
1208850 2950.9
1208860 2950.5
1208870 2950.5
1208880 2950.1
1208890 2949.6
1208900 2951.2
1208910 2950.7
1208920 2950.3
1208930 2950.3
1208940 2949.8
1208950 2949.3
1208960 2949.3
1208970 2948.9
1208980 2948.5
1208990 2948.1
1209000 2948.1
1209010 2947.9
1209020 2947.7
1209030 2947.7
1209040 2947.5
1209050 2947.4
1209060 2947.4
1209070 2947.5
1209080 2947.7
1209090 2947.7
1209100 2948.1
1209110 2949.0
1209120 2949.0
1209130 2950.2
1209140 2952.1
1209150 2954.6
1209160 2954.6
1209170 2958.2
1209180 2962.9
1209190 2962.9
1209200 2967.8
1209210 2971.6
1209220 2971.6
1209230 2973.6
1209240 2978.6
1209250 2978.6
1209260 2985.6
1209270 2990.8
1209280 2990.8
1209290 2995.9
1209300 3006.1
1209310 3006.1
1209320 3018.1
1209330 3026.1
1209340 3034.3
1209350 3034.3
1209360 3047.7
1209370 3054.0
1209380 3054.0
1209390 3060.5
1209400 3067.3
1209410 3067.3
1209420 3074.4
1209430 3083.9
1209440 3083.9
1209450 3093.8
1209460 3102.2
1209470 3102.2
1209480 3111.2
1209490 3124.3
1209500 3124.3
1209510 3129.6
1209520 3121.8
1209530 3114.7
1209540 3114.7
1209550 3109.2
1209560 3104.9
1209570 3104.9
1209580 3102.6
1209590 3100.7
1209600 3100.7
1209610 3098.9
1209620 3097.4
1209630 3097.4
1209640 3096.0
1209650 3094.8
1209660 3094.8
1209670 3093.7
1209680 3093.0
1209690 3092.5
1209700 3092.5
1209710 3092.2
1209720 3092.0
1209730 3092.0
1209740 3092.0
1209750 3092.7
1209760 3092.7
1209770 3093.5
1209780 3094.5
1209790 3094.5
1209800 3096.0
1209810 3098.0
1209820 3102.0
1209830 3104.5
1209840 3107.3
1209850 3107.3
1209860 3110.6
1209870 3114.3
1209880 3118.1
1209890 3118.1
1209900 3121.8
1209910 3125.3
1209920 3125.3
1209930 3128.8
1209940 3132.1
1209950 3132.1
1209960 3135.0
1209970 3137.9
1209980 3137.9
1209990 3140.3
1210000 3142.3
1210010 3142.3
1210020 3144.0
1210030 3145.4
1210040 3147.0
1210050 3147.0
1210060 3148.2
1210070 3150.0
1210080 3150.0
1210090 3151.5
1210100 3152.8
1210110 3152.8
1210120 3153.8
1210130 3154.7
1210140 3154.7
1210150 3155.7
1210160 3156.8
1210170 3156.8
1210180 3158.3
1210190 3159.9
1210200 3159.9
1210210 3161.6
1210220 3163.2
1210230 3164.7
1210240 3164.7
1210250 3166.4
1210260 3167.4
1210270 3167.4
1210280 3170.6
1210290 3171.5
1210300 3171.5
1210310 3172.1
1210320 3172.9
1210330 3172.9
1210340 3174.2
1210350 3174.7
1210360 3174.7
1210370 3175.2
1210380 3176.6
1210390 3177.4
1210400 3177.4
1210410 3177.8
1210420 3178.4
1210430 3178.4
1210440 3179.2
1210450 3179.6
1210460 3179.6
1210470 3179.6
1210480 3179.7
1210490 3179.7
1210500 3179.5
1210510 3178.9
1210520 3178.9
1210530 3178.0
1210540 3176.8
1210550 3176.8
1210560 3175.1
1210570 3172.9
1210580 3170.2
1210590 3170.2
1210600 3167.1
1210610 3165.0
1210620 3165.0
1210630 3163.5
1210640 3151.4
1210650 3151.4
1210660 3139.5
1210670 3133.2
1210680 3133.2
1210690 3127.1
1210700 3120.1
1210710 3120.1
1210720 3109.4
1210730 3099.0
1210740 3088.9
1210750 3088.9
1210760 3084.0
1210770 3079.1
1210780 3079.1
1210790 3074.6
1210800 3069.9
1210810 3069.9
1210820 3064.1
1210830 3058.9
1210840 3058.9
1210850 3051.9
1210860 3040.9
1210870 3040.9
1210880 3031.4
1210890 3025.5
1210900 3025.5
1210910 3017.1
1210920 3010.7
1210930 3008.6
1210940 3008.6
1210950 3006.8
1210960 3005.0
1210970 3005.0
1210980 3003.5
1210990 3002.0
1211000 3002.0
1211010 3000.7
1211020 2999.3
1211030 2999.3
1211040 2997.4
1211050 2995.3
1211060 2995.3
1211070 2994.3
1211080 2994.2
1211090 2994.2
1211100 2994.0
1211110 2993.5
1211120 2993.0
1211130 2993.0
1211140 2992.8
1211150 2992.6
1211160 2992.6
1211170 2992.1
1211180 2991.6
1211190 2991.6
1211200 2995.3
1211210 2995.2
1211220 2995.2
1211230 2995.3
1211240 2995.5
1211250 2995.5
1211260 2995.8
1211270 2996.5
1211280 2997.6
1211290 2997.6
1211300 2998.8
1211310 2999.6
1211320 2999.6
1211330 2999.8
1211340 2999.7
1211350 2999.7
1211360 2999.2
1211370 2998.3
1211380 2998.3
1211390 2997.2
1211400 2995.9
1211410 2995.9
1211420 2994.6
1211430 2994.0
1211440 2994.0
1211450 2993.7
1211460 2993.8
1211470 2994.3
1211480 2994.3
1211490 2995.1
1211500 2995.8
1211510 2995.8
1211520 2996.2
1211530 2996.5
1211540 2996.5
1211550 2997.2
1211560 2998.3
1211570 2998.3
1211580 2999.4
1211590 3000.2
1211600 3000.2
1211610 3000.7
1211620 3000.6
1211630 3000.3
1211640 3000.3
1211650 2999.7
1211660 3000.5
1211670 3000.5
1211680 3000.0
1211690 2999.5
1211700 2999.5
1211710 2999.2
1211720 2999.1
1211730 2999.1
1211740 2999.2
1211750 2999.3
1211760 2999.3
1211770 2999.3
1211780 2999.1
1211790 2999.1
1211800 2998.8
1211810 2998.5
1211820 2998.4
1211830 2998.4
1211840 2998.5
1211850 2999.1
1211860 2999.1
1211870 3000.3
1211880 3002.5
1211890 3002.5
1211900 3005.8
1211910 3009.1
1211920 3009.1
1211930 3012.4
1211940 3015.8
1211950 3015.8
1211960 3019.1
1211970 3022.4
1211980 3025.3
1211990 3025.3
1212000 3028.1
1212010 3030.8
1212020 3030.8
1212030 3034.3
1212040 3037.6
1212050 3037.6
1212060 3040.9
1212070 3044.8
1212080 3044.8
1212090 3048.9
1212100 3053.6
1212110 3053.6
1212120 3061.9
1212130 3065.5
1212140 3065.5
1212150 3067.7
1212160 3070.9
1212170 3072.6
1212180 3072.6
1212190 3075.0
1212200 3076.8
1212210 3076.8
1212220 3076.9
1212230 3077.0
1212240 3077.0
1212250 3078.7
1212260 3090.9
1212270 3090.9
1212280 3110.0
1212290 3115.9
1212300 3115.9
1212310 3121.0
1212320 3127.0
1212330 3134.9
1212340 3134.9
1212350 3140.1
1212360 3138.4
1212370 3138.4
1212380 3131.8
1212390 3126.7
1212400 3126.7
1212410 3124.2
1212420 3133.3
1212430 3133.3
1212440 3140.6
1212450 3137.2
1212460 3137.2
1212470 3133.7
1212480 3127.2
1212490 3127.2
1212500 3119.1
1212510 3115.7
1212520 3114.7
1212530 3114.7
1212540 3112.5
1212550 3110.8
1212560 3110.8
1212570 3108.8
1212580 3108.0
1212590 3112.9
1212600 3111.6
1212610 3111.6
1212620 3111.6
1212630 3111.5
1212640 3112.7
1212650 3112.7
1212660 3113.9
1212670 3114.6
1212680 3116.5
1212690 3116.5
1212700 3116.9
1212710 3118.6
1212720 3118.6
1212730 3120.7
1212740 3121.6
1212750 3121.6
1212760 3122.8
1212770 3123.8
1212780 3123.8
1212790 3124.3
1212800 3124.7
1212810 3124.7
1212820 3124.6
1212830 3124.6
1212840 3124.6
1212850 3124.8
1212860 3124.7
1212870 3123.9
1212880 3123.9
1212890 3124.2
1212900 3124.6
1212910 3124.6
1212920 3124.6
1212930 3124.6
1212940 3124.6
1212950 3124.7
1212960 3124.7
1212970 3124.7
1212980 3124.8
1212990 3125.0
1213000 3125.0
1213010 3125.3
1213020 3125.8
1213030 3126.3
1213040 3126.3
1213050 3127.2
1213060 3128.0
1213070 3128.0
1213080 3128.9
1213090 3129.9
1213100 3129.9
1213110 3130.9
1213120 3132.0
1213130 3132.0
1213140 3133.0
1213150 3134.1
1213160 3134.1
1213170 3135.1
1213180 3136.0
1213190 3136.0
1213200 3136.9
1213210 3137.7
1213220 3138.5
1213230 3138.5
1213240 3139.3
1213250 3140.1
1213260 3140.1
1213270 3140.8
1213280 3141.5
1213290 3141.5
1213300 3142.2
1213310 3142.9
1213320 3142.9
1213330 3143.7
1213340 3144.5
1213350 3144.5
1213360 3145.4
1213370 3146.5
1213380 3146.5
1213390 3147.7
1213400 3149.0
1213410 3150.4
1213420 3150.4
1213430 3152.0
1213440 3153.6
1213450 3153.6
1213460 3155.3
1213470 3157.1
1213480 3157.1
1213490 3159.0
1213500 3161.0
1213510 3161.1
1213520 3163.2
1213530 3165.3
1213540 3165.3
1213550 3167.3
1213560 3169.2
1213570 3171.1
1213580 3171.1
1213590 3172.8
1213600 3174.4
1213610 3174.4
1213620 3175.9
1213630 3177.3
1213640 3177.3
1213650 3178.6
1213660 3180.0
1213670 3180.0
1213680 3181.4
1213690 3183.0
1213700 3183.0
1213710 3184.9
1213720 3186.8
1213730 3186.8
1213740 3188.5
1213750 3190.1
1213760 3191.6
1213770 3191.6
1213780 3193.0
1213790 3194.1
1213800 3194.1
1213810 3196.4
1213820 3198.6
1213830 3198.6
1213840 3201.0
1213850 3203.9
1213860 3203.9
1213870 3206.3
1213880 3208.6
1213890 3208.6
1213900 3211.0
1213910 3213.4
1213920 3215.9
1213930 3215.9
1213940 3218.5
1213950 3221.0
1213960 3221.0
1213970 3223.5
1213980 3228.1
1213990 3228.1
1214000 3231.5
1214010 3234.8
1214020 3234.8
1214030 3238.1
1214040 3241.5
1214050 3241.5
1214060 3245.1
1214070 3248.5
1214080 3248.5
1214090 3252.3
1214100 3256.0
1214110 3259.3
1214120 3259.3
1214130 3262.5
1214140 3265.4
1214150 3265.4
1214160 3268.3
1214170 3271.2
1214180 3271.2
1214190 3274.0
1214200 3277.0
1214210 3277.0
1214220 3280.1
1214230 3282.6
1214240 3282.6
1214250 3284.7
1214260 3287.0
1214270 3288.9
1214280 3288.9
1214290 3291.2
1214300 3293.9
1214310 3293.9
1214320 3296.2
1214330 3298.7
1214340 3298.7
1214350 3300.5
1214360 3304.2
1214370 3304.2
1214380 3309.1
1214390 3314.1
1214400 3314.1
1214410 3319.2
1214420 3322.5
1214430 3322.5
1214440 3326.2
1214450 3342.2
1214460 3343.3
1214470 3343.3
1214480 3350.3
1214490 3356.4
1214500 3356.4
1214510 3356.9
1214520 3359.5
1214530 3359.5
1214540 3363.7
1214550 3367.9
1214560 3367.9
1214570 3372.2
1214580 3376.7
1214590 3376.7
1214600 3381.3
1214610 3386.5
1214620 3391.3
1214630 3391.3
1214640 3394.5
1214650 3398.7
1214660 3398.7
1214670 3403.3
1214680 3407.7
1214690 3407.7
1214700 3412.3
1214710 3417.0
1214720 3417.0
1214730 3421.8
1214740 3426.7
1214750 3426.7
1214760 3431.7
1214770 3437.0
1214780 3437.0
1214790 3442.4
1214800 3447.7
1214810 3452.8
1214820 3452.8
1214830 3457.8
1214840 3462.8
1214850 3462.8
1214860 3467.9
1214870 3473.3
1214880 3473.3
1214890 3479.1
1214900 3485.1
1214910 3495.3
1214920 3501.7
1214930 3507.6
1214940 3507.6
1214950 3515.1
1214960 3524.0
1214970 3535.2
1214980 3535.2
1214990 3546.0
1215000 3550.0
1215010 3550.0
1215020 3553.2
1215030 3561.2
1215040 3561.2
1215050 3564.2
1215060 3567.6
1215070 3567.6
1215080 3573.5
1215090 3579.9
1215100 3579.9
1215110 3584.2
1215120 3581.2
1215130 3581.2
1215140 3575.0
1215150 3571.0
1215160 3573.9
1215170 3573.9
1215180 3577.7
1215190 3576.5
1215200 3576.5
1215210 3568.1
1215220 3557.1
1215230 3557.1
1215240 3546.8
1215250 3536.1
1215260 3536.1
1215270 3530.7
1215280 3530.0
1215290 3530.0
1215300 3526.9
1215310 3523.3
1215320 3523.3
1215330 3512.1
1215340 3497.9
1215350 3492.4
1215360 3492.4
1215370 3486.6
1215380 3471.1
1215390 3471.1
1215400 3465.9
1215410 3462.7
1215420 3462.7
1215430 3465.9
1215440 3470.4
1215450 3470.4
1215460 3471.8
1215470 3473.2
1215480 3473.2
1215490 3474.6
1215500 3470.8
1215510 3462.4
1215520 3462.4
1215530 3453.8
1215540 3444.6
1215550 3444.6
1215560 3434.1
1215570 3424.3
1215580 3424.3
1215590 3411.5
1215600 3400.6
1215610 3400.6
1215620 3392.0
1215630 3384.1
1215640 3384.1
1215650 3377.7
1215660 3370.3
1215670 3370.3
1215680 3363.5
1215690 3357.9
1215700 3352.6
1215710 3352.6
1215720 3347.6
1215730 3343.5
1215740 3343.5
1215750 3340.4
1215760 3336.3
1215770 3336.3
1215780 3333.4
1215790 3331.7
1215800 3331.7
1215810 3332.0
1215820 3331.6
1215830 3331.6
1215840 3332.6
1215850 3314.5
1215860 3313.5
1215870 3313.5
1215880 3314.4
1215890 3316.4
1215900 3316.4
1215910 3319.1
1215920 3322.2
1215930 3322.2
1215940 3324.6
1215950 3326.3
1215960 3326.3
1215970 3332.5
1215980 3344.0
1215990 3344.0
1216000 3353.9
1216010 3357.4
1216020 3357.4
1216030 3359.9
1216040 3361.9
1216050 3365.3
1216060 3365.3
1216070 3370.7
1216080 3375.7
1216090 3375.7
1216100 3380.4
1216110 3384.5
1216120 3384.5
1216130 3387.7
1216140 3390.8
1216150 3390.8
1216160 3394.6
1216170 3399.7
1216180 3399.7
1216190 3403.7
1216200 3406.7
1216210 3409.7
1216220 3409.7
1216230 3411.7
1216240 3408.3
1216250 3408.3
1216260 3398.8
1216270 3389.4
1216280 3389.4
1216290 3378.6
1216300 3367.5
1216310 3367.5
1216320 3371.1
1216330 3361.8
1216340 3361.8
1216350 3351.3
1216360 3340.2
1216370 3340.2
1216380 3331.4
1216390 3322.0
1216400 3313.9
1216410 3313.9
1216420 3305.3
1216430 3297.6
1216440 3297.6
1216450 3288.7
1216460 3282.2
1216470 3282.2
1216480 3275.1
1216490 3268.3
1216500 3268.3
1216510 3262.9
1216520 3253.6
1216530 3253.6
1216540 3248.9
1216550 3247.8
1216560 3247.9
1216570 3247.9
1216580 3248.6
1216590 3251.8
1216600 3251.8
1216610 3254.0
1216620 3256.3
1216630 3256.3
1216640 3260.0
1216650 3267.0
1216660 3267.0
1216670 3273.2
1216680 3278.6
1216690 3278.6
1216700 3284.0
1216710 3287.8
1216720 3287.8
1216730 3294.7
1216740 3300.6
1216750 3306.9
1216760 3306.9
1216770 3307.7
1216780 3311.3
1216790 3321.5
1216800 3327.6
1216810 3336.4
1216820 3336.4
1216830 3343.7
1216840 3351.1
1216850 3351.1
1216860 3353.3
1216870 3345.4
1216880 3345.4
1216890 3336.6
1216900 3329.1
1216910 3318.9
1216920 3318.9
1216930 3311.5
1216940 3303.9
1216950 3303.9
1216960 3294.9
1216970 3287.6
1216980 3287.6
1216990 3280.0
1217000 3276.7
1217010 3276.7
1217020 3270.4
1217030 3259.6
1217040 3259.6
1217050 3250.7
1217060 3240.7
1217070 3240.7
1217080 3229.4
1217090 3220.0
1217100 3211.5
1217110 3211.5
1217120 3205.9
1217130 3203.1
1217140 3203.1
1217150 3201.9
1217160 3201.6
1217170 3201.6
1217180 3202.2
1217190 3203.3
1217200 3203.3
1217210 3204.5
1217220 3206.2
1217230 3206.2
1217240 3207.8
1217250 3209.7
1217260 3213.1
1217270 3213.1
1217280 3217.6
1217290 3221.8
1217300 3221.8
1217310 3225.8
1217320 3230.3
1217330 3230.3
1217340 3235.2
1217350 3241.7
1217360 3241.7
1217370 3251.8
1217380 3258.9
1217390 3258.9
1217400 3261.2
1217410 3262.5
1217420 3262.5
1217430 3261.9
1217440 3258.6
1217450 3254.7
1217460 3254.7
1217470 3251.7
1217480 3250.1
1217490 3250.1
1217500 3249.2
1217510 3248.3
1217520 3248.3
1217530 3247.8
1217540 3247.7
1217550 3247.7
1217560 3247.6
1217570 3247.8
1217580 3247.8
1217590 3248.3
1217600 3249.5
1217610 3249.5
1217620 3249.5
1217630 3250.7
1217640 3254.1
1217650 3254.1
1217660 3255.7
1217670 3256.1
1217680 3256.1
1217690 3258.7
1217700 3261.2
1217710 3261.2
1217720 3260.8
1217730 3270.9
1217740 3270.9
1217750 3270.0
1217760 3266.9
1217770 3266.9
1217780 3257.1
1217790 3250.2
1217800 3250.8
1217810 3250.8
1217820 3256.3
1217830 3261.3
1217840 3261.3
1217850 3264.6
1217860 3269.1
1217870 3269.1
1217880 3268.5
1217890 3264.6
1217900 3264.6
1217910 3262.5
1217920 3262.4
1217930 3262.4
1217940 3261.1
1217950 3260.3
1217960 3260.3
1217970 3261.1
1217980 3263.0
1217990 3265.1
1218000 3265.1
1218010 3267.6
1218020 3265.4
1218030 3265.4
1218040 3260.4
1218050 3262.2
1218060 3262.2
1218070 3268.4
1218080 3272.8
1218090 3272.8
1218100 3275.5
1218110 3270.2
1218120 3270.2
1218130 3265.8
1218140 3263.7
1218150 3263.4
1218160 3263.4
1218170 3267.3
1218180 3275.5
1218190 3275.5
1218200 3285.0
1218210 3300.2
1218220 3300.2
1218230 3313.1
1218240 3315.3
1218250 3315.3
1218260 3311.1
1218270 3302.5
1218280 3302.5
1218290 3299.9
1218300 3298.1
1218310 3298.1
1218320 3294.2
1218330 3286.9
1218340 3282.7
1218350 3282.7
1218360 3278.8
1218370 3275.8
1218380 3275.8
1218390 3273.7
1218400 3271.4
1218410 3271.4
1218420 3270.8
1218430 3275.7
1218440 3275.7
1218450 3283.4
1218460 3289.1
1218470 3289.1
1218480 3293.7
1218490 3301.2
1218500 3301.8
1218510 3301.8
1218520 3294.0
1218530 3285.8
1218540 3285.8
1218550 3285.4
1218560 3283.7
1218570 3283.7
1218580 3277.4
1218590 3270.4
1218600 3270.4
1218610 3265.8
1218620 3261.0
1218630 3261.0
1218640 3256.0
1218650 3252.7
1218660 3252.7
1218670 3242.8
1218680 3225.5
1218690 3225.0
1218700 3225.0
1218710 3227.5
1218720 3232.7
1218730 3232.7
1218740 3225.8
1218750 3217.3
1218760 3217.3
1218770 3206.1
1218780 3195.1
1218790 3195.1
1218800 3192.5
1218810 3193.7
1218820 3193.7
1218830 3193.0
1218840 3187.6
1218850 3180.5
1218860 3180.5
1218870 3174.2
1218880 3171.1
1218890 3171.1
1218900 3170.3
1218910 3168.2
1218920 3168.2
1218930 3168.6
1218940 3166.9
1218950 3166.9
1218960 3158.3
1218970 3152.4
1218980 3152.4
1218990 3145.3
1219000 3143.3
1219010 3143.3
1219020 3144.5
1219030 3151.9
1219040 3151.6
1219050 3151.6
1219060 3149.4
1219070 3152.4
1219080 3152.4
1219090 3149.2
1219100 3142.0
1219110 3142.0
1219120 3137.8
1219130 3128.5
1219140 3128.5
1219150 3110.3
1219160 3102.0
1219170 3102.0
1219180 3103.1
1219190 3106.9
1219200 3112.9
1219210 3112.9
1219220 3118.9
1219230 3115.5
1219240 3115.5
1219250 3119.3
1219260 3130.3
1219270 3130.3
1219280 3145.1
1219290 3157.6
1219300 3157.6
1219310 3167.5
1219320 3174.1
1219330 3174.1
1219340 3175.8
1219350 3175.2
1219360 3175.2
1219370 3171.7
1219380 3168.1
1219390 3166.3
1219400 3166.3
1219410 3165.7
1219420 3165.1
1219430 3165.1
1219440 3165.9
1219450 3169.6
1219460 3169.6
1219470 3174.4
1219480 3178.4
1219490 3178.4
1219500 3180.2
1219510 3180.8
1219520 3180.8
1219530 3182.0
1219540 3183.6
1219550 3185.1
1219560 3185.1
1219570 3186.3
1219580 3187.2
1219590 3187.2
1219600 3187.9
1219610 3188.7
1219620 3188.7
1219630 3189.8
1219640 3190.6
1219650 3190.6
1219660 3191.4
1219670 3192.5
1219680 3192.5
1219690 3193.9
1219700 3195.5
1219710 3195.5
1219720 3197.3
1219730 3199.1
1219740 3201.1
1219750 3201.1
1219760 3203.0
1219770 3205.0
1219780 3205.0
1219790 3207.0
1219800 3208.9
1219810 3208.9
1219820 3210.8
1219830 3212.7
1219840 3212.7
1219850 3214.6
1219860 3216.5
1219870 3216.5
1219880 3218.3
1219890 3220.2
1219900 3220.2
1219910 3222.0
1219920 3223.7
1219930 3225.4
1219940 3225.4
1219950 3227.0
1219960 3228.6
1219970 3228.6
1219980 3230.0
1219990 3231.5
