1202520 2913.4
1202530 2913.4
1202540 2916.7
1202550 2918.0
1202560 2918.0
1202570 2917.3
1202580 2914.9
1202590 2914.9
1202600 2913.0
1202610 2914.0
1202620 2914.0
1202630 2914.9
1202640 2915.1
1202650 2914.2
1202660 2914.2
1202670 2913.8
1202680 2913.4
1202690 2913.4
1202700 2914.3
1202710 2915.5
1202720 2915.5
1202730 2917.4
1202740 2919.5
1202750 2919.5
1202760 2921.6
1202770 2923.7
1202780 2923.7
1202790 2925.8
1202800 2927.7
1202810 2929.7
1202820 2929.7
1202830 2935.9
1202840 2937.2
1202850 2937.2
1202860 2938.2
1202870 2938.3
1202880 2938.3
1202890 2937.9
1202900 2937.5
1202910 2937.5
1202920 2936.8
1202930 2936.1
1202940 2936.1
1202950 2935.4
1202960 2934.4
1202970 2934.4
1202980 2933.4
1202990 2932.4
1203000 2931.4
1203010 2931.4
1203020 2931.6
1203030 2931.3
1203040 2931.3
1203050 2930.8
1203060 2931.0
1203070 2931.0
1203080 2931.5
1203090 2931.8
1203100 2931.8
1203110 2932.4
1203120 2932.9
1203130 2932.9
1203140 2933.3
1203150 2933.7
1203160 2933.9
1203170 2933.9
1203180 2933.5
1203190 2932.7
1203200 2932.7
1203210 2931.8
1203220 2930.6
1203230 2930.6
1203240 2929.8
1203250 2929.1
1203260 2929.1
1203270 2930.8
1203280 2930.9
1203290 2930.9
1203300 2931.0
1203310 2931.2
1203320 2931.2
1203330 2931.7
1203340 2932.4
1203350 2932.9
1203360 2932.9
1203370 2933.2
1203380 2933.4
1203390 2933.4
1203400 2933.2
1203410 2933.1
1203420 2933.1
1203430 2933.3
1203440 2934.0
1203450 2934.0
1203460 2935.2
1203470 2937.2
1203480 2937.2
1203490 2940.6
1203500 2945.0
1203510 2945.0
1203520 2950.6
1203530 2957.0
1203540 2962.4
1203550 2962.4
1203560 2968.4
1203570 2975.9
1203580 2975.9
1203590 2989.2
1203600 2999.5
1203610 2999.5
1203620 3010.8
1203630 3024.0
1203640 3024.0
1203650 3035.9
1203660 3047.0
1203670 3047.0
1203680 3060.5
1203690 3071.7
1203700 3078.9
1203710 3078.9
1203720 3100.4
1203730 3110.0
1203740 3110.0
1203750 3115.8
1203760 3116.9
1203770 3116.9
1203780 3114.0
1203790 3117.2
1203800 3117.2
1203810 3122.7
1203820 3126.3
1203830 3126.3
1203840 3130.7
1203850 3136.5
1203860 3136.5
1203870 3143.7
1203880 3149.5
1203890 3149.3
1203900 3149.3
1203910 3146.8
1203920 3145.6
1203930 3145.6
1203940 3144.1
1203950 3143.6
1203960 3143.6
1203970 3143.6
1203980 3143.8
1203990 3143.8
1204000 3144.4
1204010 3145.7
1204020 3145.7
1204030 3147.2
1204040 3148.4
1204050 3149.5
1204060 3149.5
1204070 3151.2
1204080 3156.2
1204090 3156.2
1204100 3159.3
1204110 3153.4
1204120 3153.4
1204130 3139.3
1204140 3131.5
1204150 3131.5
1204160 3130.6
1204170 3132.6
1204180 3132.6
1204190 3132.9
1204200 3133.1
1204210 3133.1
1204220 3132.6
1204230 3131.5
1204240 3130.8
1204250 3130.8
1204260 3130.9
1204270 3131.1
1204280 3131.1
1204290 3131.1
1204300 3130.9
1204310 3130.9
1204320 3130.2
1204330 3128.5
1204340 3128.5
1204350 3127.8
1204360 3126.3
1204370 3126.3
1204380 3126.7
1204390 3126.5
1204400 3125.1
1204410 3125.1
1204420 3123.4
1204430 3122.2
1204440 3122.2
1204450 3121.5
1204460 3120.9
1204470 3120.9
1204480 3120.4
1204490 3120.1
1204500 3120.1
1204510 3120.2
1204520 3120.8
1204530 3120.8
1204540 3122.8
1204550 3125.9
1204560 3125.9
1204570 3129.8
1204580 3133.9
1204590 3137.6
1204600 3137.6
1204610 3140.7
1204620 3147.4
1204630 3147.4
1204640 3149.1
1204650 3151.2
1204660 3151.2
1204670 3152.3
1204680 3149.7
1204690 3149.7
1204700 3147.9
1204710 3149.7
1204720 3149.7
1204730 3153.5
1204740 3157.7
1204750 3157.7
1204760 3161.7
1204770 3164.8
1204780 3168.7
1204790 3168.7
1204800 3174.5
1204810 3185.4
1204820 3185.4
1204830 3194.9
1204840 3201.6
1204850 3201.6
1204860 3206.4
1204870 3208.2
1204880 3208.2
1204890 3213.6
1204900 3223.7
1204910 3223.7
1204920 3228.0
1204930 3231.3
1204940 3232.1
1204950 3232.1
1204960 3236.6
1204970 3241.8
1204980 3241.8
1204990 3245.8
1205000 3250.0
1205010 3250.0
1205020 3254.8
1205030 3259.8
1205040 3259.8
1205050 3265.3
1205060 3270.4
1205070 3269.7
1205080 3274.8
1205090 3280.0
1205100 3280.0
1205110 3284.5
1205120 3288.3
1205130 3291.5
1205140 3291.5
1205150 3295.0
1205160 3298.7
1205170 3298.7
1205180 3302.8
1205190 3307.1
1205200 3307.1
1205210 3311.9
1205220 3317.7
1205230 3317.7
1205240 3324.1
1205250 3327.2
1205260 3327.2
1205270 3328.9
1205280 3330.8
1205290 3332.4
1205300 3332.4
1205310 3334.3
1205320 3336.4
1205330 3336.4
1205340 3338.6
1205350 3341.5
1205360 3341.5
1205370 3343.9
1205380 3346.1
1205390 3346.1
1205400 3348.7
1205410 3352.2
1205420 3352.2
1205430 3355.1
1205440 3357.7
1205450 3357.7
1205460 3360.9
1205470 3364.4
1205480 3368.0
1205490 3368.0
1205500 3371.8
1205510 3377.8
1205520 3378.6
1205530 3390.4
1205540 3399.9
1205550 3399.9
1205560 3408.0
1205570 3413.6
1205580 3413.6
1205590 3419.9
1205600 3428.2
1205610 3428.2
1205620 3436.3
1205630 3441.8
1205640 3443.6
1205650 3443.6
1205660 3446.4
1205670 3448.0
1205680 3448.0
1205690 3447.5
1205700 3446.3
1205710 3446.3
1205720 3444.5
1205730 3437.7
1205740 3437.7
1205750 3430.4
1205760 3424.2
1205770 3424.2
1205780 3419.7
1205790 3416.8
1205800 3416.8
1205810 3414.5
1205820 3410.9
1205830 3403.6
1205840 3403.6
1205850 3396.2
1205860 3390.7
1205870 3390.7
1205880 3385.2
1205890 3379.4
1205900 3379.4
1205910 3375.2
1205920 3368.9
1205930 3368.9
1205940 3360.5
1205950 3349.8
1205960 3349.8
1205970 3340.0
1205980 3322.8
1205990 3322.8
1206000 3316.2
1206010 3309.4
1206020 3300.2
1206030 3300.2
1206040 3290.8
1206050 3281.9
1206060 3281.9
1206070 3273.5
1206080 3268.2
1206090 3268.2
1206100 3264.8
1206110 3261.4
1206120 3261.4
1206130 3258.7
1206140 3251.9
1206150 3251.9
1206160 3244.9
1206170 3237.0
1206180 3226.6
1206190 3226.6
1206200 3217.0
1206210 3212.1
1206220 3212.1
1206230 3207.7
1206240 3204.2
1206250 3204.2
1206260 3201.1
1206270 3198.6
1206280 3198.6
1206290 3196.3
1206300 3193.7
1206310 3193.7
1206320 3190.2
1206330 3189.3
1206340 3189.3
1206350 3189.1
1206360 3188.1
1206370 3186.6
1206380 3186.6
1206390 3184.5
1206400 3182.2
1206410 3182.2
1206420 3180.2
1206430 3173.0
1206440 3173.0
1206450 3173.1
1206460 3173.7
1206470 3173.7
1206480 3174.5
1206490 3176.3
1206500 3176.3
1206510 3178.4
1206520 3180.4
1206530 3181.8
1206540 3181.8
1206550 3182.8
1206560 3184.7
1206570 3184.7
1206580 3187.6
1206590 3190.9
1206600 3190.9
1206610 3191.7
1206620 3193.4
1206630 3193.4
1206640 3198.3
1206650 3203.9
1206660 3203.9
1206670 3208.0
1206680 3211.1
1206690 3211.1
1206700 3212.4
1206710 3211.6
1206720 3209.1
1206730 3209.1
1206740 3207.4
1206750 3205.6
1206760 3205.6
1206770 3201.6
1206780 3198.5
1206790 3198.5
1206800 3195.5
1206810 3193.0
1206820 3193.0
1206830 3190.0
1206840 3188.2
1206850 3188.2
1206860 3186.8
1206870 3186.0
1206880 3187.3
1206890 3187.3
1206900 3188.1
1206910 3187.8
1206920 3187.8
1206930 3186.8
1206940 3186.5
1206950 3186.5
1206960 3187.8
1206970 3189.0
1206980 3189.0
1206990 3191.1
1207000 3193.3
1207010 3193.3
1207020 3197.8
1207030 3202.1
1207040 3202.1
1207050 3203.8
1207060 3205.5
1207070 3205.3
1207080 3205.3
1207090 3203.3
1207100 3200.3
1207110 3200.3
1207120 3197.4
1207130 3195.0
1207140 3195.0
1207150 3193.1
1207160 3190.9
1207170 3190.9
1207180 3188.1
1207190 3184.9
1207200 3184.9
1207210 3182.0
1207220 3178.9
1207230 3178.9
1207240 3177.0
1207250 3174.0
1207260 3170.1
1207270 3170.1
1207280 3166.0
1207290 3162.7
1207300 3162.7
1207310 3160.6
1207320 3159.7
1207330 3159.7
1207340 3168.5
1207350 3167.2
1207360 3167.2
1207370 3166.5
1207380 3165.5
1207390 3165.5
1207400 3162.4
1207410 3159.0
1207420 3154.7
1207430 3154.7
1207440 3152.1
1207450 3148.8
1207460 3148.8
1207470 3145.8
1207480 3143.3
1207490 3143.3
1207500 3141.3
1207510 3139.7
1207520 3139.7
1207530 3138.2
1207540 3136.2
1207550 3136.2
1207560 3134.7
1207570 3133.9
1207580 3133.9
1207590 3131.6
1207600 3129.3
1207610 3128.3
1207620 3128.3
1207630 3127.2
1207640 3124.6
1207650 3124.6
1207660 3122.7
1207670 3120.3
1207680 3120.3
1207690 3118.2
1207700 3114.6
1207710 3114.6
1207720 3109.2
1207730 3105.1
1207740 3105.1
1207750 3102.4
1207760 3098.5
1207770 3095.5
1207780 3095.5
1207790 3095.2
1207800 3090.8
1207810 3090.8
1207820 3087.5
1207830 3084.8
1207840 3084.8
1207850 3080.4
1207860 3073.7
1207870 3073.7
1207880 3070.4
1207890 3067.5
1207900 3067.5
1207910 3064.1
1207920 3059.2
1207930 3059.2
1207940 3053.5
1207950 3045.1
1207960 3033.7
1207970 3033.7
1207980 3024.8
1207990 3017.0
1208000 3017.0
1208010 3009.3
1208020 3002.7
1208030 3002.7
1208040 2996.2
1208050 2990.0
1208060 2990.0
1208070 2983.9
1208080 2978.3
1208090 2978.3
1208100 2973.3
1208110 2969.2
1208120 2965.8
1208130 2965.8
1208140 2963.3
1208150 2961.2
1208160 2961.2
1208170 2958.4
1208180 2956.0
1208190 2956.0
1208200 2953.6
1208210 2951.2
1208220 2951.2
1208230 2948.5
1208240 2945.5
1208250 2943.5
1208260 2941.2
1208270 2939.4
1208280 2939.4
1208290 2937.1
1208300 2934.4
1208310 2931.3
1208320 2931.3
1208330 2927.4
1208340 2923.3
1208350 2923.3
1208360 2919.7
1208370 2916.4
1208380 2916.4
1208390 2912.9
1208400 2908.8
1208410 2908.8
1208420 2904.2
1208430 2900.7
1208440 2900.7
1208450 2896.6
1208460 2892.7
1208470 2892.7
1208480 2889.3
1208490 2886.0
1208500 2883.2
1208510 2883.2
1208520 2881.2
1208530 2879.1
1208540 2879.1
1208550 2877.2
1208560 2875.3
1208570 2875.3
1208580 2873.4
1208590 2871.6
1208600 2871.6
1208610 2869.9
1208620 2868.1
1208630 2868.1
1208640 2866.5
1208650 2864.8
1208660 2863.3
1208670 2863.3
1208680 2861.8
1208690 2860.4
1208700 2860.4
1208710 2861.0
1208720 2859.6
1208730 2859.6
1208740 2858.3
1208750 2857.1
1208760 2857.1
1208770 2855.7
1208780 2854.4
1208790 2854.4
1208800 2852.9
1208810 2851.3
1208820 2851.3
1208830 2849.7
1208840 2847.9
1208850 2846.2
1208860 2846.2
1208870 2844.3
1208880 2842.3
1208890 2842.3
1208900 2840.2
1208910 2838.2
1208920 2838.2
1208930 2836.0
1208940 2833.9
1208950 2833.9
1208960 2832.0
1208970 2830.1
1208980 2830.1
1208990 2828.4
1209000 2827.6
1209010 2827.8
1209020 2827.8
1209030 2828.4
1209040 2829.5
1209050 2829.5
1209060 2831.4
1209070 2833.2
1209080 2833.2
1209090 2836.8
1209100 2840.6
1209110 2840.6
1209120 2842.0
1209130 2845.5
1209140 2845.5
1209150 2852.1
1209160 2859.9
1209170 2859.9
1209180 2861.0
1209190 2863.4
1209200 2867.1
1209210 2867.1
1209220 2873.2
1209230 2879.6
1209240 2879.6
1209250 2883.3
1209260 2885.2
1209270 2885.2
1209280 2886.4
1209290 2886.7
1209300 2886.7
1209310 2886.0
1209320 2882.5
1209330 2882.5
1209340 2881.6
1209350 2883.4
1209360 2886.3
1209370 2886.3
1209380 2888.5
1209390 2892.3
1209400 2892.3
1209410 2899.0
1209420 2903.6
1209430 2903.6
1209440 2905.0
1209450 2908.4
1209460 2908.4
1209470 2912.3
1209480 2916.5
1209490 2916.5
1209500 2920.1
1209510 2923.9
1209520 2923.9
1209530 2926.7
1209540 2929.8
1209550 2933.7
1209560 2933.7
1209570 2937.1
1209580 2939.7
1209590 2939.7
1209600 2942.1
1209610 2944.3
1209620 2948.8
1209630 2950.9
1209640 2952.8
1209650 2952.8
1209660 2954.9
1209670 2957.0
1209680 2957.0
1209690 2959.5
1209700 2961.7
1209710 2961.7
1209720 2964.0
1209730 2966.7
1209740 2969.6
1209750 2969.6
1209760 2972.6
1209770 2975.4
1209780 2975.4
1209790 2978.0
1209800 2980.3
1209810 2980.3
1209820 2982.4
1209830 2984.5
1209840 2984.5
1209850 2986.7
1209860 2988.9
1209870 2988.9
1209880 2991.1
1209890 2992.9
1209900 2994.5
1209910 2994.5
1209920 2995.9
1209930 2997.1
1209940 2997.1
1209950 2998.1
1209960 2999.0
1209970 2999.0
1209980 2999.9
1209990 3001.0
1210000 3001.0
1210010 3004.5
1210020 3008.5
1210030 3008.5
1210040 3011.3
1210050 3012.3
1210060 3012.3
1210070 3013.0
1210080 3017.8
1210090 3020.6
1210100 3020.6
1210110 3024.3
1210120 3028.1
1210130 3028.1
1210140 3032.1
1210150 3036.4
1210160 3036.4
1210170 3040.7
1210180 3045.3
1210190 3045.3
1210200 3049.9
1210210 3054.8
1210220 3054.8
1210230 3060.1
1210240 3066.7
1210250 3074.5
1210260 3074.5
1210270 3084.7
1210280 3095.9
1210290 3095.9
1210300 3099.9
1210310 3098.1
1210320 3098.1
1210330 3092.9
1210340 3085.9
1210350 3085.9
1210360 3078.0
1210370 3071.0
1210380 3071.0
1210390 3065.1
1210400 3058.8
1210410 3058.8
1210420 3054.3
1210430 3051.5
1210440 3048.0
1210450 3048.0
1210460 3045.0
1210470 3043.3
1210480 3043.3
1210490 3039.6
1210500 3034.3
1210510 3034.3
1210520 3028.8
1210530 3023.0
1210540 3027.8
1210550 3022.8
1210560 3017.9
1210570 3017.9
1210580 3014.1
1210590 3009.6
1210600 3003.8
1210610 3003.8
1210620 2997.7
1210630 2992.7
1210640 2992.7
1210650 2988.0
1210660 2983.3
1210670 2983.3
1210680 2978.3
1210690 2973.0
1210700 2973.0
1210710 2967.1
1210720 2961.2
1210730 2961.2
1210740 2955.3
1210750 2949.2
1210760 2949.2
1210770 2943.0
1210780 2938.5
1210790 2932.7
1210800 2932.7
1210810 2921.3
1210820 2909.8
1210830 2909.8
1210840 2903.2
1210850 2896.4
1210860 2896.4
1210870 2890.7
1210880 2886.6
1210890 2886.6
1210900 2881.8
1210910 2877.2
1210920 2877.2
1210930 2872.8
1210940 2868.7
1210950 2866.1
1210960 2866.1
1210970 2868.2
1210980 2867.2
1210990 2867.2
1211000 2864.5
1211010 2862.9
1211020 2862.9
1211030 2864.0
1211040 2866.2
1211050 2866.2
1211060 2869.1
1211070 2872.3
1211080 2872.3
1211090 2875.7
1211100 2879.4
1211110 2879.4
1211120 2882.4
1211130 2884.4
1211140 2886.7
1211150 2886.7
1211160 2888.4
1211170 2888.6
1211180 2888.6
1211190 2889.2
1211200 2891.4
1211210 2891.4
1211220 2893.2
1211230 2892.5
1211240 2892.5
1211250 2891.4
1211260 2891.2
1211270 2891.2
1211280 2893.3
1211290 2896.2
1211300 2896.2
1211310 2895.3
1211320 2893.1
1211330 2896.6
1211340 2896.6
1211350 2899.9
1211360 2901.7
1211370 2901.7
1211380 2898.6
1211390 2894.4
1211400 2894.4
1211410 2895.0
1211420 2898.4
1211430 2898.4
1211440 2902.5
1211450 2905.6
1211460 2900.4
1211470 2903.6
1211480 2905.3
1211490 2904.7
1211500 2904.7
1211510 2904.9
1211520 2905.7
1211530 2905.7
1211540 2906.1
1211550 2908.1
1211560 2908.1
1211570 2908.8
1211580 2907.5
1211590 2907.5
1211600 2906.7
1211610 2905.4
1211620 2905.4
1211630 2903.7
1211640 2902.3
1211650 2902.3
1211660 2901.2
1211670 2899.3
1211680 2899.1
1211690 2899.1
1211700 2900.6
1211710 2902.9
1211720 2902.9
1211730 2906.1
1211740 2909.0
1211750 2909.0
1211760 2909.8
1211770 2909.6
1211780 2909.6
1211790 2908.0
1211800 2907.8
1211810 2907.8
1211820 2905.8
1211830 2904.2
1211840 2903.2
1211850 2903.2
1211860 2903.2
1211870 2904.6
1211880 2904.6
1211890 2907.2
1211900 2911.0
1211910 2911.0
1211920 2919.5
1211930 2922.8
1211940 2922.8
1211950 2925.6
1211960 2928.6
1211970 2928.6
1211980 2932.4
1211990 2936.3
1212000 2936.3
1212010 2939.6
1212020 2942.8
1212030 2946.6
1212040 2946.6
1212050 2950.7
1212060 2954.9
1212070 2954.9
1212080 2959.2
1212090 2962.5
1212100 2962.5
1212110 2966.1
1212120 2969.0
1212130 2969.0
1212140 2972.2
1212150 2975.5
1212160 2975.5
1212170 2979.8
1212180 2984.2
1212190 2988.3
1212200 2988.3
1212210 2992.3
1212220 2996.1
1212230 2996.1
1212240 3000.0
1212250 3001.0
1212260 3001.0
1212270 3004.9
1212280 3009.6
1212290 3009.6
1212300 3011.1
1212310 3012.3
1212320 3012.3
1212330 3013.4
1212340 3014.7
1212350 3014.7
1212360 3016.1
1212370 3017.7
1212380 3019.6
1212390 3021.2
1212400 3023.4
1212410 3025.7
1212420 3025.7
1212430 3028.0
1212440 3030.4
1212450 3030.4
1212460 3032.7
1212470 3034.9
1212480 3034.9
1212490 3037.1
1212500 3039.1
1212510 3039.1
1212520 3041.0
1212530 3042.9
1212540 3042.9
1212550 3044.8
1212560 3046.9
1212570 3049.2
1212580 3049.2
1212590 3051.6
1212600 3054.0
1212610 3054.0
1212620 3056.5
1212630 3059.1
1212640 3059.1
1212650 3061.6
1212660 3064.1
1212670 3064.1
1212680 3066.3
1212690 3068.4
1212700 3068.4
1212710 3070.3
1212720 3072.1
1212730 3073.8
1212740 3073.8
1212750 3075.5
1212760 3077.1
1212770 3077.1
1212780 3078.8
1212790 3080.4
1212800 3080.4
1212810 3082.1
1212820 3083.9
1212830 3083.9
1212840 3085.8
1212850 3089.6
1212860 3089.6
1212870 3091.7
1212880 3093.8
1212890 3093.8
1212900 3095.9
1212910 3098.1
1212920 3100.3
1212930 3100.3
1212940 3102.4
1212950 3104.5
1212960 3104.5
1212970 3106.7
1212980 3108.8
1212990 3108.8
1213000 3111.0
1213010 3113.2
1213020 3113.2
1213030 3115.4
1213040 3117.6
1213050 3117.6
1213060 3119.9
1213070 3122.0
1213080 3124.2
1213090 3124.2
1213100 3126.4
1213110 3128.5
1213120 3128.5
1213130 3130.7
1213140 3132.9
1213150 3132.9
1213160 3135.2
1213170 3137.4
1213180 3137.4
1213190 3139.7
1213200 3141.9
1213210 3141.9
1213220 3144.2
1213230 3146.5
1213240 3146.5
1213250 3148.8
1213260 3151.2
1213270 3153.5
1213280 3153.5
1213290 3155.9
1213300 3158.3
1213310 3157.9
1213320 3160.2
1213330 3162.6
1213340 3162.6
1213350 3165.0
1213360 3167.4
1213370 3167.4
1213380 3169.8
1213390 3172.1
1213400 3172.1
1213410 3174.5
1213420 3176.9
1213430 3179.2
1213440 3179.2
1213450 3181.5
1213460 3183.8
1213470 3183.8
1213480 3186.1
1213490 3188.3
1213500 3188.3
1213510 3190.4
1213520 3192.4
1213530 3192.4
1213540 3194.3
1213550 3196.1
1213560 3196.1
1213570 3197.8
1213580 3199.5
1213590 3199.5
1213600 3201.2
1213610 3202.8
1213620 3204.4
1213630 3204.4
1213640 3206.0
1213650 3207.7
1213660 3207.7
1213670 3209.4
1213680 3211.1
1213690 3211.1
1213700 3212.8
1213710 3214.5
1213720 3214.5
1213730 3216.2
1213740 3217.9
1213750 3217.9
1213760 3219.6
1213770 3221.3
1213780 3223.4
1213790 3223.4
1213800 3225.0
1213810 3226.5
1213820 3226.5
1213830 3228.0
1213840 3229.4
1213850 3229.4
1213860 3230.7
1213870 3232.0
1213880 3232.0
1213890 3233.3
1213900 3234.5
1213910 3234.5
1213920 3235.5
1213930 3236.6
1213940 3236.6
1213950 3237.9
1213960 3238.9
1213970 3239.8
1213980 3239.8
1213990 3240.7
1214000 3241.6
1214010 3241.6
1214020 3242.6
1214030 3243.5
1214040 3243.5
1214050 3244.1
1214060 3245.3
1214070 3245.3
1214080 3246.4
1214090 3247.5
1214100 3247.5
1214110 3248.5
1214120 3249.5
1214130 3249.5
1214140 3250.5
1214150 3251.5
1214160 3252.6
1214170 3252.6
1214180 3253.6
1214190 3254.6
1214200 3254.6
1214210 3255.7
1214220 3256.8
1214230 3256.8
1214240 3257.9
1214250 3259.1
1214260 3259.1
1214270 3260.4
1214280 3261.6
1214290 3261.6
1214300 3262.8
1214310 3264.0
1214320 3265.3
1214330 3265.3
1214340 3266.7
1214350 3268.0
1214360 3268.0
1214370 3269.0
1214380 3270.1
1214390 3270.1
1214400 3271.2
1214410 3272.3
1214420 3272.3
1214430 3272.9
1214440 3273.5
1214450 3273.5
1214460 3275.6
1214470 3276.0
1214480 3276.0
1214490 3277.6
1214500 3278.4
1214510 3279.1
1214520 3279.1
1214530 3279.6
1214540 3280.0
1214550 3280.0
1214560 3280.3
1214570 3280.5
1214580 3280.5
1214590 3280.7
1214600 3280.9
1214610 3280.9
1214620 3281.2
1214630 3281.8
1214640 3281.8
1214650 3282.6
1214660 3283.6
1214670 3284.8
1214680 3284.8
1214690 3286.2
1214700 3288.0
1214710 3287.5
1214720 3289.5
1214730 3291.6
1214740 3291.6
1214750 3293.8
1214760 3296.1
1214770 3296.1
1214780 3298.5
1214790 3300.8
1214800 3300.8
1214810 3303.2
1214820 3305.6
1214830 3305.6
1214840 3308.0
1214850 3310.6
1214860 3313.1
1214870 3313.1
1214880 3315.7
1214890 3318.3
1214900 3318.3
1214910 3320.7
1214920 3323.3
1214930 3323.3
1214940 3325.7
1214950 3328.1
1214960 3328.1
1214970 3330.4
1214980 3332.5
1214990 3332.5
1215000 3334.6
1215010 3336.5
1215020 3338.4
1215030 3338.4
1215040 3340.1
1215050 3341.8
1215060 3341.8
1215070 3343.5
1215080 3345.2
1215090 3345.2
1215100 3347.0
1215110 3348.8
1215120 3348.8
1215130 3350.6
1215140 3352.4
1215150 3352.4
1215160 3354.4
1215170 3356.4
1215180 3355.1
1215190 3357.1
1215200 3359.2
1215210 3361.4
1215220 3361.4
1215230 3362.6
1215240 3357.9
1215250 3357.9
1215260 3365.1
1215270 3383.6
1215280 3383.6
1215290 3394.5
1215300 3390.3
1215310 3390.3
1215320 3383.2
1215330 3375.1
1215340 3375.1
1215350 3366.8
1215360 3361.1
1215370 3356.2
1215380 3356.2
1215390 3352.1
1215400 3348.4
1215410 3348.4
1215420 3344.1
1215430 3341.5
1215440 3341.5
1215450 3339.3
1215460 3336.2
1215470 3336.2
1215480 3333.4
1215490 3330.9
1215500 3330.9
1215510 3328.6
1215520 3326.6
1215530 3326.6
1215540 3324.7
1215550 3323.0
1215560 3320.9
1215570 3320.9
1215580 3316.4
1215590 3316.6
1215600 3316.6
1215610 3315.3
1215620 3311.2
1215630 3311.2
1215640 3308.4
1215650 3310.7
1215660 3310.7
1215670 3308.3
1215680 3305.2
1215690 3305.2
1215700 3301.6
1215710 3298.9
1215720 3298.9
1215730 3294.5
1215740 3289.6
1215750 3283.7
1215760 3283.7
1215770 3276.6
1215780 3270.0
1215790 3270.0
1215800 3265.1
1215810 3259.9
1215820 3259.9
1215830 3255.8
1215840 3251.1
1215850 3251.1
1215860 3246.3
1215870 3241.7
1215880 3241.7
1215890 3237.3
1215900 3233.0
1215910 3229.3
1215920 3229.3
1215930 3225.8
1215940 3222.1
1215950 3222.1
1215960 3218.4
1215970 3214.4
1215980 3214.4
1215990 3210.7
1216000 3207.5
1216010 3207.5
1216020 3204.8
1216030 3202.6
1216040 3202.6
1216050 3200.8
1216060 3199.5
1216070 3199.5
1216080 3198.4
1216090 3197.4
1216100 3196.4
1216110 3196.4
1216120 3198.4
1216130 3197.0
1216140 3197.0
1216150 3196.6
1216160 3195.9
1216170 3195.9
1216180 3194.7
1216190 3190.1
1216200 3190.1
1216210 3181.2
1216220 3165.8
1216230 3165.8
1216240 3156.6
1216250 3151.5
1216260 3142.5
1216270 3142.5
1216280 3132.5
1216290 3122.9
1216300 3122.9
1216310 3112.9
1216320 3104.3
1216330 3104.3
1216340 3091.6
1216350 3079.6
1216360 3079.6
1216370 3070.6
1216380 3064.5
1216390 3064.5
1216400 3060.3
1216410 3057.2
1216420 3057.2
1216430 3054.1
1216440 3051.7
1216450 3051.6
1216460 3051.6
1216470 3052.8
1216480 3052.1
1216490 3052.1
1216500 3050.7
1216510 3048.7
1216520 3048.7
1216530 3048.5
1216540 3047.5
1216550 3047.5
1216560 3046.9
1216570 3046.8
1216580 3046.8
1216590 3052.7
1216600 3051.4
1216610 3050.7
1216620 3050.7
1216630 3049.2
1216640 3047.6
1216650 3047.6
1216660 3045.8
1216670 3043.6
1216680 3043.6
1216690 3040.8
1216700 3038.4
1216710 3038.4
1216720 3035.5
1216730 3032.0
1216740 3032.0
1216750 3027.9
1216760 3024.1
1216770 3024.1
1216780 3020.1
1216790 3015.9
1216800 3012.4
1216810 3012.4
1216820 3011.0
1216830 3012.2
1216840 3012.2
1216850 3014.4
1216860 3017.6
1216870 3017.6
1216880 3020.8
1216890 3023.2
1216900 3023.2
1216910 3025.8
1216920 3028.3
1216930 3028.3
1216940 3030.1
1216950 3032.5
1216960 3034.4
1216970 3034.4
1216980 3036.0
1216990 3037.2
1217000 3037.2
1217010 3038.2
1217020 3039.2
1217030 3039.2
1217040 3040.2
1217050 3041.1
1217060 3045.5
1217070 3046.9
1217080 3048.7
1217090 3048.7
1217100 3050.4
1217110 3052.3
1217120 3052.3
1217130 3054.2
1217140 3055.0
1217150 3056.8
1217160 3056.8
1217170 3058.8
1217180 3060.0
1217190 3060.0
1217200 3062.5
1217210 3064.2
1217220 3064.2
1217230 3065.8
1217240 3066.9
1217250 3066.9
1217260 3067.9
1217270 3069.8
1217280 3069.8
1217290 3072.0
1217300 3073.4
1217310 3073.4
1217320 3072.8
1217330 3071.4
1217340 3068.4
1217350 3068.4
1217360 3065.8
1217370 3068.5
1217380 3068.5
1217390 3071.8
1217400 3073.8
1217410 3073.8
1217420 3075.1
1217430 3075.0
1217440 3075.0
1217450 3076.3
1217460 3076.9
1217470 3076.9
1217480 3078.0
1217490 3077.7
1217500 3079.0
1217510 3079.0
1217520 3082.3
1217530 3087.6
1217540 3087.6
1217550 3093.7
1217560 3101.0
1217570 3101.0
1217580 3108.1
1217590 3112.1
1217600 3112.1
1217610 3112.5
1217620 3115.0
1217630 3115.0
1217640 3119.8
1217650 3118.7
1217660 3118.7
1217670 3112.1
1217680 3108.2
1217690 3107.0
1217700 3107.0
1217710 3103.1
1217720 3094.6
1217730 3094.6
1217740 3088.0
1217750 3084.6
1217760 3084.6
1217770 3082.0
1217780 3080.2
1217790 3080.2
1217800 3079.7
1217810 3078.5
1217820 3078.5
1217830 3077.5
1217840 3077.2
1217850 3077.2
1217860 3077.2
1217870 3077.4
1217880 3077.8
1217890 3077.8
1217900 3078.3
1217910 3079.3
1217920 3079.3
1217930 3080.4
1217940 3081.5
1217950 3081.5
1217960 3082.1
1217970 3082.4
1217980 3082.4
1217990 3083.1
1218000 3086.1
1218010 3086.1
1218020 3086.0
1218030 3088.5
1218040 3089.7
1218050 3089.7
1218060 3091.2
1218070 3091.9
1218080 3091.9
1218090 3093.1
1218100 3095.1
1218110 3095.1
1218120 3096.4
1218130 3098.3
1218140 3098.3
1218150 3099.8
1218160 3101.4
1218170 3101.4
1218180 3102.9
1218190 3104.4
1218200 3105.7
1218210 3105.7
1218220 3106.9
1218230 3107.7
1218240 3107.7
1218250 3108.9
1218260 3109.8
1218270 3109.8
1218280 3110.4
1218290 3111.8
1218300 3111.8
1218310 3112.0
1218320 3113.3
1218330 3113.3
1218340 3114.4
1218350 3115.5
1218360 3115.5
1218370 3116.3
1218380 3116.9
1218390 3117.8
1218400 3117.8
1218410 3118.7
1218420 3119.3
1218430 3119.3
1218440 3119.5
1218450 3120.4
1218460 3120.4
1218470 3121.1
1218480 3121.9
1218490 3121.9
1218500 3123.6
1218510 3124.3
1218520 3124.3
1218530 3124.9
1218540 3125.5
1218550 3126.1
1218560 3126.1
1218570 3126.8
1218580 3127.5
1218590 3127.5
1218600 3128.2
1218610 3128.9
1218620 3128.9
1218630 3129.8
1218640 3130.6
1218650 3130.6
1218660 3131.6
1218670 3132.6
1218680 3132.6
1218690 3133.7
1218700 3134.8
1218710 3134.8
1218720 3135.9
1218730 3137.0
1218740 3138.0
1218750 3138.0
1218760 3139.0
1218770 3140.1
1218780 3140.1
1218790 3141.1
1218800 3142.2
1218810 3142.2
1218820 3143.1
1218830 3144.1
1218840 3144.1
1218850 3144.9
1218860 3145.7
1218870 3145.7
1218880 3146.5
1218890 3147.2
1218900 3147.2
1218910 3147.9
1218920 3148.5
1218930 3149.1
1218940 3149.1
1218950 3149.9
1218960 3150.5
1218970 3150.5
1218980 3151.0
1218990 3151.5
1219000 3151.5
1219010 3152.1
1219020 3152.6
1219030 3152.6
1219040 3153.2
1219050 3153.8
1219060 3153.8
1219070 3154.5
1219080 3155.3
1219090 3156.1
1219100 3156.1
1219110 3156.9
1219120 3157.9
1219130 3157.9
1219140 3158.8
1219150 3159.9
1219160 3159.9
1219170 3160.8
1219180 3161.8
1219190 3161.8
1219200 3162.9
1219210 3163.9
1219220 3163.9
1219230 3164.9
1219240 3165.9
1219250 3165.9
1219260 3166.8
1219270 3167.7
1219280 3168.6
1219290 3168.6
1219300 3169.5
1219310 3170.3
1219320 3170.3
1219330 3171.1
1219340 3171.9
1219350 3171.9
1219360 3172.6
1219370 3173.4
1219380 3173.4
1219390 3174.0
1219400 3174.7
1219410 3174.7
1219420 3175.3
1219430 3176.0
1219440 3176.6
1219450 3176.6
1219460 3177.2
1219470 3177.9
1219480 3177.9
1219490 3178.4
1219500 3179.0
1219510 3179.0
1219520 3179.6
1219530 3180.2
1219540 3180.2
1219550 3180.8
1219560 3181.5
1219570 3181.5
1219580 3182.1
1219590 3182.7
1219600 3182.7
1219610 3183.4
1219620 3184.2
1219630 3185.2
1219640 3185.2
1219650 3186.2
1219660 3187.3
1219670 3187.3
1219680 3188.5
1219690 3189.8
1219700 3189.8
1219710 3191.2
1219720 3192.8
1219730 3192.8
1219740 3194.4
1219750 3196.0
1219760 3196.0
1219770 3197.7
1219780 3199.3
1219790 3200.9
1219800 3200.9
1219810 3202.5
1219820 3204.0
1219830 3204.0
1219840 3205.4
1219850 3206.8
1219860 3206.8
1219870 3208.2
1219880 3209.5
1219890 3209.5
1219900 3211.3
1219910 3212.6
1219920 3212.6
1219930 3213.8
1219940 3214.9
1219950 3214.9
1219960 3216.0
1219970 3217.0
1219980 3218.0
1219990 3218.0
