1200000 2993.6
1200010 2998.9
1200020 3005.1
1200030 3015.3
1200040 3015.3
1200050 3029.7
1200060 3041.8
1200070 3041.8
1200080 3052.3
1200090 3064.0
1200100 3064.0
1200110 3073.9
1200120 3082.8
1200130 3082.8
1200140 3092.0
1200150 3099.7
1200160 3099.7
1200170 3107.7
1200180 3116.4
1200190 3116.4
1200200 3125.9
1200210 3133.1
1200220 3136.8
1200230 3145.0
1200240 3148.9
1200250 3152.4
1200260 3152.4
1200270 3156.7
1200280 3161.9
1200290 3161.9
1200300 3167.9
1200310 3174.6
1200320 3174.6
1200330 3178.8
1200340 3181.7
1200350 3181.7
1200360 3183.9
1200370 3186.4
1200380 3187.2
1200390 3187.2
1200400 3185.6
1200410 3184.3
1200420 3184.3
1200430 3183.4
1200440 3183.2
1200450 3183.2
1200460 3183.5
1200470 3184.4
1200480 3184.4
1200490 3187.3
1200500 3193.7
1200510 3193.7
1200520 3200.3
1200530 3208.4
1200540 3208.4
1200550 3213.3
1200560 3215.4
1200570 3215.4
1200580 3215.4
1200590 3217.6
1200600 3221.4
1200610 3221.4
1200620 3222.1
1200630 3219.9
1200640 3219.9
1200650 3218.4
1200660 3217.3
1200670 3217.3
1200680 3222.4
1200690 3220.2
1200700 3220.2
1200710 3219.3
1200720 3220.9
1200730 3221.3
1200740 3221.3
1200750 3221.1
1200760 3221.6
1200770 3221.6
1200780 3222.9
1200790 3224.4
1200800 3224.4
1200810 3226.2
1200820 3228.6
1200830 3228.6
1200840 3229.5
1200850 3229.6
1200860 3229.6
1200870 3229.3
1200880 3229.8
1200890 3229.8
1200900 3230.5
1200910 3232.1
1200920 3234.3
1200930 3234.3
1200940 3236.6
1200950 3238.6
1200960 3238.6
1200970 3240.6
1200980 3242.9
1200990 3242.9
1201000 3245.7
1201010 3248.9
1201020 3248.9
1201030 3255.8
1201040 3267.3
1201050 3267.3
1201060 3272.4
1201070 3274.4
1201080 3274.4
1201090 3274.6
1201100 3273.0
1201110 3270.9
1201120 3272.0
1201130 3269.3
1201140 3266.0
1201150 3266.0
1201160 3262.6
1201170 3258.5
1201180 3258.5
1201190 3254.9
1201200 3251.9
1201210 3251.9
1201220 3249.2
1201230 3246.7
1201240 3246.7
1201250 3244.3
1201260 3241.8
1201270 3237.9
1201280 3237.9
1201290 3236.0
1201300 3235.0
1201310 3235.0
1201320 3233.2
1201330 3231.5
1201340 3231.5
1201350 3227.6
1201360 3221.3
1201370 3221.3
1201380 3212.9
1201390 3205.8
1201400 3205.8
1201410 3199.4
1201420 3193.9
1201430 3193.9
1201440 3187.6
1201450 3179.8
1201460 3171.7
1201470 3171.7
1201480 3157.4
1201490 3139.3
1201500 3139.3
1201510 3125.5
1201520 3116.6
1201530 3116.6
1201540 3109.9
1201550 3104.0
1201560 3104.0
1201570 3096.3
1201580 3090.5
1201590 3090.5
1201600 3085.5
1201610 3079.8
1201620 3079.8
1201630 3073.8
1201640 3069.2
1201650 3065.2
1201660 3065.2
1201670 3060.0
1201680 3056.7
1201690 3056.7
1201700 3053.6
1201710 3050.9
1201720 3050.9
1201730 3049.1
1201740 3047.7
1201750 3047.7
1201760 3046.2
1201770 3044.6
1201780 3044.6
1201790 3043.4
1201800 3042.7
1201810 3042.7
1201820 3042.7
1201830 3042.7
1201840 3041.8
1201850 3041.8
1201860 3041.1
1201870 3041.7
1201880 3041.7
1201890 3042.2
1201900 3042.7
1201910 3042.7
1201920 3043.3
1201930 3043.3
1201940 3043.3
1201950 3043.4
1201960 3043.6
1201970 3043.6
1201980 3044.6
1201990 3044.7
1202000 3044.1
1202010 3040.9
1202020 3041.2
1202030 3040.6
1202040 3040.6
1202050 3039.7
1202060 3039.8
1202070 3039.8
1202080 3040.0
1202090 3039.0
1202100 3039.0
1202110 3037.5
1202120 3035.8
1202130 3035.8
1202140 3033.4
1202150 3030.0
1202160 3030.0
1202170 3026.0
1202180 3021.7
1202190 3017.0
1202200 3017.0
1202210 3012.5
1202220 3009.0
1202230 3009.0
1202240 3006.0
1202250 3003.8
1202260 3003.8
1202270 3001.6
1202280 2999.1
1202290 2999.1
1202300 2995.8
1202310 2992.8
1202320 2992.8
1202330 2989.4
1202340 2985.8
1202350 2981.7
1202360 2981.7
1202370 2977.6
1202380 2974.7
1202390 2974.7
1202400 2971.8
1202410 2968.5
1202420 2968.5
1202430 2966.4
1202440 2965.1
1202450 2965.1
1202460 2964.2
1202470 2962.7
1202480 2962.7
1202490 2961.0
1202500 2960.6
1202510 2960.6
1202520 2959.5
1202530 2957.0
1202540 2954.5
1202550 2954.5
1202560 2952.2
1202570 2951.0
1202580 2951.0
1202590 2950.8
1202600 2951.2
1202610 2951.2
1202620 2951.7
1202630 2950.6
1202640 2950.6
1202650 2948.5
1202660 2946.1
1202670 2946.1
1202680 2945.0
1202690 2944.9
1202700 2944.9
1202710 2944.2
1202720 2942.5
1202730 2940.5
1202740 2940.5
1202750 2939.1
1202760 2938.0
1202770 2938.0
1202780 2937.2
1202790 2936.1
1202800 2936.1
1202810 2934.6
1202820 2933.3
1202830 2933.3
1202840 2931.7
1202850 2929.3
1202860 2929.3
1202870 2927.4
1202880 2925.9
1202890 2924.1
1202900 2924.1
1202910 2923.4
1202920 2923.1
1202930 2923.1
1202940 2922.6
1202950 2920.1
1202960 2920.1
1202970 2916.1
1202980 2911.8
1202990 2911.8
1203000 2908.4
1203010 2904.6
1203020 2904.6
1203030 2899.7
1203040 2895.0
1203050 2895.0
1203060 2890.9
1203070 2887.3
1203080 2884.4
1203090 2884.4
1203100 2881.8
1203110 2879.4
1203120 2879.4
1203130 2877.3
1203140 2875.3
1203150 2875.3
1203160 2873.1
1203170 2870.2
1203180 2870.2
1203190 2866.8
1203200 2862.7
1203210 2862.7
1203220 2858.6
1203230 2853.6
1203240 2847.2
1203250 2847.2
1203260 2839.6
1203270 2834.8
1203280 2834.8
1203290 2829.4
1203300 2822.5
1203310 2822.5
1203320 2814.8
1203330 2807.7
1203340 2807.7
1203350 2798.6
1203360 2792.6
1203370 2792.6
1203380 2786.9
1203390 2781.3
1203400 2781.3
1203410 2775.0
1203420 2769.5
1203430 2764.3
1203440 2764.3
1203450 2759.4
1203460 2754.5
1203470 2754.5
1203480 2749.2
1203490 2743.7
1203500 2743.7
1203510 2738.0
1203520 2731.4
1203530 2731.4
1203540 2725.4
1203550 2720.2
1203560 2720.2
1203570 2713.9
1203580 2707.2
1203590 2707.2
1203600 2702.0
1203610 2696.8
1203620 2692.3
1203630 2692.3
1203640 2688.4
1203650 2684.3
1203660 2684.3
1203670 2680.8
1203680 2677.4
1203690 2677.4
1203700 2674.1
1203710 2671.3
1203720 2671.3
1203730 2669.5
1203740 2667.5
1203750 2667.5
1203760 2665.8
1203770 2664.0
1203780 2662.5
1203790 2662.5
1203800 2660.6
1203810 2659.7
1203820 2659.7
1203830 2659.5
1203840 2660.2
1203850 2660.2
1203860 2659.7
1203870 2657.9
1203880 2657.9
1203890 2656.2
1203900 2655.2
1203910 2655.2
1203920 2653.8
1203930 2652.0
1203940 2652.0
1203950 2650.6
1203960 2649.7
1203970 2648.1
1203980 2648.1
1203990 2647.0
1204000 2645.7
1204010 2645.7
1204020 2643.5
1204030 2640.4
1204040 2640.4
1204050 2641.1
1204060 2641.9
1204070 2641.9
1204080 2642.7
1204090 2643.7
1204100 2643.7
1204110 2645.4
1204120 2645.7
1204130 2645.7
1204140 2647.2
1204150 2649.3
1204160 2651.2
1204170 2651.2
1204180 2651.7
1204190 2652.5
1204200 2652.5
1204210 2652.1
1204220 2652.2
1204230 2652.2
1204240 2653.4
1204250 2656.3
1204260 2656.3
1204270 2656.9
1204280 2657.1
1204290 2657.1
1204300 2658.1
1204310 2659.1
1204320 2659.0
1204330 2659.0
1204340 2659.3
1204350 2660.3
1204360 2660.3
1204370 2663.8
1204380 2668.4
1204390 2668.4
1204400 2671.8
1204410 2675.8
1204420 2675.8
1204430 2679.5
1204440 2682.7
1204450 2682.7
1204460 2686.4
1204470 2689.3
1204480 2689.3
1204490 2692.1
1204500 2695.6
1204510 2699.3
1204520 2699.3
1204530 2702.4
1204540 2705.5
1204550 2705.5
1204560 2709.5
1204570 2712.3
1204580 2712.3
1204590 2714.5
1204600 2717.0
1204610 2717.0
1204620 2720.7
1204630 2724.3
1204640 2724.3
1204650 2726.1
1204660 2727.9
1204670 2727.9
1204680 2728.8
1204690 2727.3
1204700 2730.5
1204710 2730.5
1204720 2729.4
1204730 2728.7
1204740 2728.7
1204750 2728.0
1204760 2727.8
1204770 2727.8
1204780 2728.4
1204790 2730.6
1204800 2730.6
1204810 2733.5
1204820 2736.8
1204830 2736.8
1204840 2739.1
1204850 2740.8
1204860 2743.5
1204870 2743.5
1204880 2744.7
1204890 2744.5
1204900 2744.5
1204910 2745.3
1204920 2746.9
1204930 2746.9
1204940 2749.2
1204950 2752.0
1204960 2752.0
1204970 2755.4
1204980 2759.9
1204990 2759.9
1205000 2764.3
1205010 2766.7
1205020 2766.7
1205030 2769.1
1205040 2773.5
1205050 2777.6
1205060 2777.6
1205070 2783.2
1205080 2788.7
1205090 2788.7
1205100 2790.7
1205110 2792.2
1205120 2792.2
1205130 2795.9
1205140 2800.1
1205150 2800.1
1205160 2807.9
1205170 2811.9
1205180 2811.9
1205190 2815.0
1205200 2818.9
1205210 2818.9
1205220 2822.6
1205230 2826.8
1205240 2831.3
1205250 2831.3
1205260 2835.9
1205270 2841.2
1205280 2841.2
1205290 2847.5
1205300 2852.7
1205310 2852.7
1205320 2857.2
1205330 2860.0
1205340 2860.0
1205350 2862.1
1205360 2864.7
1205370 2864.7
1205380 2868.1
1205390 2871.0
1205400 2874.3
1205410 2874.3
1205420 2877.5
1205430 2880.3
1205440 2880.3
1205450 2881.4
1205460 2881.9
1205470 2881.9
1205480 2882.7
1205490 2883.5
1205500 2883.5
1205510 2883.8
1205520 2884.3
1205530 2884.3
1205540 2886.4
1205550 2889.7
1205560 2889.7
1205570 2896.8
1205580 2905.8
1205590 2910.4
1205600 2910.4
1205610 2916.8
1205620 2916.0
1205630 2916.0
1205640 2917.3
1205650 2918.4
1205660 2918.4
1205670 2921.9
1205680 2926.4
1205690 2926.4
1205700 2931.0
1205710 2936.3
1205720 2936.3
1205730 2942.2
1205740 2948.7
1205750 2948.7
1205760 2956.1
1205770 2964.6
1205780 2971.1
1205790 2971.1
1205800 2975.1
1205810 2983.6
1205820 2983.6
1205830 2987.6
1205840 2989.4
1205850 2989.4
1205860 2990.5
1205870 2991.5
1205880 2991.5
1205890 2991.9
1205900 2992.5
1205910 2992.5
1205920 2993.3
1205930 2994.3
1205940 2994.8
1205950 2994.8
1205960 2994.8
1205970 2994.5
1205980 2994.5
1205990 2993.9
1206000 2993.2
1206010 2993.2
1206020 2992.6
1206030 2992.4
1206040 2992.4
1206050 2992.5
1206060 2993.8
1206070 2993.8
1206080 2994.1
1206090 2994.4
1206100 2994.4
1206110 2994.8
1206120 2995.2
1206130 2995.9
1206140 2995.9
1206150 2996.8
1206160 2997.8
1206170 2997.8
1206180 2998.8
1206190 2999.9
1206200 2999.9
1206210 3001.0
1206220 3002.1
1206230 3002.1
1206240 3003.1
1206250 3004.0
1206260 3004.0
1206270 3004.9
1206280 3005.7
1206290 3006.4
1206300 3006.4
1206310 3007.1
1206320 3007.7
1206330 3007.7
1206340 3008.2
1206350 3008.7
1206360 3008.7
1206370 3009.1
1206380 3009.5
1206390 3009.5
1206400 3009.9
1206410 3010.4
1206420 3010.4
1206430 3010.8
1206440 3011.2
1206450 3011.2
1206460 3011.5
1206470 3011.7
1206480 3012.0
1206490 3012.0
1206500 3012.3
1206510 3013.7
1206520 3013.7
1206530 3013.8
1206540 3014.2
1206550 3014.2
1206560 3014.8
1206570 3015.6
1206580 3015.6
1206590 3016.7
1206600 3018.0
1206610 3018.0
1206620 3019.7
1206630 3021.5
1206640 3021.5
1206650 3023.5
1206660 3025.8
1206670 3028.2
1206680 3028.2
1206690 3030.8
1206700 3033.5
1206710 3033.5
1206720 3036.2
1206730 3039.1
1206740 3039.1
1206750 3042.0
1206760 3044.8
1206770 3044.8
1206780 3047.5
1206790 3050.2
1206800 3050.2
1206810 3052.8
1206820 3055.4
1206830 3057.9
1206840 3057.9
1206850 3060.3
1206860 3062.5
1206870 3062.5
1206880 3064.7
1206890 3066.7
1206900 3066.7
1206910 3068.7
1206920 3070.5
1206930 3070.5
1206940 3072.3
1206950 3074.1
1206960 3074.1
1206970 3076.5
1206980 3078.2
1206990 3078.2
1207000 3079.9
1207010 3081.5
1207020 3083.0
1207030 3083.0
1207040 3084.5
1207050 3086.0
1207060 3086.0
1207070 3087.4
1207080 3088.8
1207090 3088.8
1207100 3090.1
1207110 3091.5
1207120 3091.5
1207130 3092.8
1207140 3094.2
1207150 3094.2
1207160 3095.6
1207170 3096.9
1207180 3096.9
1207190 3098.3
1207200 3099.8
1207210 3101.3
1207220 3101.3
1207230 3102.9
1207240 3104.6
1207250 3104.6
1207260 3106.3
1207270 3108.0
1207280 3108.0
1207290 3109.8
1207300 3111.7
1207310 3111.7
1207320 3113.6
1207330 3115.6
1207340 3115.6
1207350 3117.6
1207360 3119.7
1207370 3122.0
1207380 3122.0
1207390 3124.3
1207400 3126.7
1207410 3126.7
1207420 3130.1
1207430 3132.8
1207440 3132.8
1207450 3135.6
1207460 3138.6
1207470 3138.6
1207480 3141.6
1207490 3147.5
1207500 3147.5
1207510 3151.6
1207520 3153.5
1207530 3153.5
1207540 3155.9
1207550 3159.0
1207560 3162.3
1207570 3162.3
1207580 3165.8
1207590 3169.6
1207600 3169.6
1207610 3173.6
1207620 3177.8
1207630 3177.8
1207640 3182.0
1207650 3186.3
1207660 3186.3
1207670 3190.6
1207680 3194.9
1207690 3194.9
1207700 3199.2
1207710 3203.4
1207720 3203.4
1207730 3207.5
1207740 3211.7
1207750 3215.8
1207760 3215.8
1207770 3219.8
1207780 3223.7
1207790 3223.7
1207800 3227.4
1207810 3231.0
1207820 3231.0
1207830 3234.6
1207840 3238.1
1207850 3238.1
1207860 3241.5
1207870 3244.7
1207880 3244.7
1207890 3247.8
1207900 3250.8
1207910 3253.7
1207920 3253.7
1207930 3256.5
1207940 3259.1
1207950 3259.1
1207960 3261.7
1207970 3264.3
1207980 3264.3
1207990 3266.9
1208000 3269.4
1208010 3269.4
1208020 3272.1
1208030 3275.6
1208040 3275.6
1208050 3281.7
1208060 3285.0
1208070 3285.0
1208080 3282.2
1208090 3277.3
1208100 3271.8
1208110 3271.8
1208120 3268.0
1208130 3263.8
1208140 3263.8
1208150 3258.2
1208160 3251.8
1208170 3251.8
1208180 3244.6
1208190 3237.3
1208200 3237.3
1208210 3230.4
1208220 3223.7
1208230 3223.7
1208240 3218.3
1208250 3212.9
1208260 3212.9
1208270 3208.7
1208280 3203.3
1208290 3198.1
1208300 3198.1
1208310 3194.2
1208320 3189.9
1208330 3193.9
1208340 3189.5
1208350 3184.8
1208360 3184.8
1208370 3179.1
1208380 3173.5
1208390 3173.5
1208400 3168.3
1208410 3164.7
1208420 3164.7
1208430 3162.2
1208440 3159.9
1208450 3158.2
1208460 3158.2
1208470 3157.0
1208480 3155.1
1208490 3155.1
1208500 3152.6
1208510 3150.2
1208520 3150.2
1208530 3148.0
1208540 3144.3
1208550 3144.3
1208560 3139.1
1208570 3135.0
1208580 3135.0
1208590 3131.6
1208600 3126.8
1208610 3126.8
1208620 3121.3
1208630 3120.5
1208640 3122.0
1208650 3122.0
1208660 3117.2
1208670 3109.5
1208680 3109.5
1208690 3102.6
1208700 3096.1
1208710 3096.1
1208720 3088.4
1208730 3083.0
1208740 3083.0
1208750 3078.3
1208760 3072.8
1208770 3072.8
1208780 3066.4
1208790 3056.2
1208800 3049.6
1208810 3049.6
1208820 3043.3
1208830 3037.0
1208840 3037.0
1208850 3032.1
1208860 3029.0
1208870 3029.0
1208880 3024.6
1208890 3018.0
1208900 3018.0
1208910 3009.6
1208920 3000.6
1208930 3000.6
1208940 2991.5
1208950 2983.5
1208960 2983.5
1208970 2976.4
1208980 2971.8
1208990 2967.0
1209000 2967.0
1209010 2960.6
1209020 2956.1
1209030 2956.1
1209040 2952.6
1209050 2949.0
1209060 2949.0
1209070 2945.5
1209080 2942.0
1209090 2942.0
1209100 2938.7
1209110 2935.6
1209120 2935.6
1209130 2932.9
1209140 2929.8
1209150 2929.8
1209160 2926.4
1209170 2923.6
1209180 2921.3
1209190 2921.3
1209200 2918.6
1209210 2913.0
1209220 2913.0
1209230 2909.3
1209240 2905.6
1209250 2904.5
1209260 2899.0
1209270 2894.6
1209280 2894.6
1209290 2890.3
1209300 2885.6
1209310 2885.6
1209320 2880.6
1209330 2876.1
1209340 2874.1
1209350 2874.1
1209360 2872.5
1209370 2870.8
1209380 2870.8
1209390 2869.0
1209400 2867.0
1209410 2867.0
1209420 2864.7
1209430 2862.6
1209440 2862.6
1209450 2860.5
1209460 2858.7
1209470 2858.7
1209480 2856.9
1209490 2855.1
1209500 2855.1
1209510 2852.4
1209520 2849.0
1209530 2845.7
1209540 2845.7
1209550 2842.6
1209560 2839.2
1209570 2839.2
1209580 2835.3
1209590 2831.1
1209600 2831.1
1209610 2826.9
1209620 2823.1
1209630 2823.1
1209640 2819.1
1209650 2814.7
1209660 2814.7
1209670 2810.0
1209680 2804.8
1209690 2804.8
1209700 2798.8
1209710 2787.9
1209720 2783.0
1209730 2783.0
1209740 2776.7
1209750 2770.2
1209760 2770.2
1209770 2765.4
1209780 2761.0
1209790 2761.0
1209800 2756.6
1209810 2751.6
1209820 2751.6
1209830 2745.8
1209840 2740.3
1209850 2740.3
1209860 2735.0
1209870 2729.0
1209880 2723.8
1209890 2723.8
1209900 2718.7
1209910 2713.5
1209920 2713.5
1209930 2708.2
1209940 2704.0
1209950 2704.0
1209960 2701.2
1209970 2697.7
1209980 2697.7
1209990 2694.1
1210000 2691.1
1210010 2691.1
1210020 2688.4
1210030 2686.2
1210040 2686.2
1210050 2684.2
1210060 2681.5
1210070 2679.0
1210080 2679.0
1210090 2676.2
1210100 2672.7
1210110 2672.7
1210120 2670.3
1210130 2668.4
1210140 2668.4
1210150 2666.4
1210160 2664.7
1210170 2663.1
1210180 2661.5
1210190 2659.6
1210200 2659.6
1210210 2657.3
1210220 2655.1
1210230 2655.1
1210240 2652.8
1210250 2650.4
1210260 2647.9
1210270 2647.9
1210280 2645.1
1210290 2642.4
1210300 2642.4
1210310 2639.5
1210320 2636.5
1210330 2636.5
1210340 2633.9
1210350 2631.2
1210360 2631.2
1210370 2627.6
1210380 2624.5
1210390 2624.5
1210400 2621.8
1210410 2618.9
1210420 2615.9
1210430 2615.9
1210440 2612.9
1210450 2610.5
1210460 2610.5
1210470 2607.9
1210480 2605.3
1210490 2605.3
1210500 2602.8
1210510 2599.0
1210520 2599.0
1210530 2595.2
1210540 2592.2
1210550 2592.2
1210560 2589.5
1210570 2586.3
1210580 2586.3
1210590 2583.5
1210600 2581.1
1210610 2578.5
1210620 2578.5
1210630 2575.3
1210640 2574.4
1210650 2574.4
1210660 2572.9
1210670 2571.5
1210680 2571.5
1210690 2570.5
1210700 2569.5
1210710 2569.5
1210720 2567.8
1210730 2566.8
1210740 2566.8
1210750 2566.4
1210760 2565.5
1210770 2565.6
1210780 2565.6
1210790 2565.9
1210800 2566.8
1210810 2566.8
1210820 2567.0
1210830 2566.1
1210840 2566.1
1210850 2564.5
1210860 2563.6
1210870 2563.6
1210880 2561.4
1210890 2558.4
1210900 2558.4
1210910 2557.2
1210920 2557.8
1210930 2557.8
1210940 2561.1
1210950 2565.5
1210960 2568.5
1210970 2568.5
1210980 2570.2
1210990 2571.9
1211000 2571.9
1211010 2573.3
1211020 2574.9
1211030 2574.9
1211040 2577.2
1211050 2579.3
1211060 2579.3
1211070 2581.2
1211080 2582.8
1211090 2589.4
1211100 2590.5
1211110 2590.8
1211120 2590.8
1211130 2589.3
1211140 2586.6
1211150 2583.4
1211160 2583.4
1211170 2582.4
1211180 2583.3
1211190 2583.3
1211200 2584.9
1211210 2586.5
1211220 2586.5
1211230 2587.4
1211240 2588.0
1211250 2588.0
1211260 2588.3
1211270 2589.8
1211280 2589.8
1211290 2591.4
1211300 2592.9
1211310 2594.3
1211320 2594.3
1211330 2596.6
1211340 2600.2
1211350 2600.2
1211360 2602.1
1211370 2602.3
1211380 2602.3
1211390 2603.3
1211400 2605.8
1211410 2605.8
1211420 2607.9
1211430 2608.8
1211440 2608.8
1211450 2612.1
1211460 2615.0
1211470 2615.0
1211480 2616.9
1211490 2619.2
1211500 2621.3
1211510 2621.3
1211520 2622.6
1211530 2623.6
1211540 2623.6
1211550 2632.9
1211560 2636.7
1211570 2636.7
1211580 2640.8
1211590 2646.9
1211600 2646.9
1211610 2652.4
1211620 2655.5
1211630 2655.5
1211640 2659.0
1211650 2661.4
1211660 2661.4
1211670 2663.6
1211680 2668.4
1211690 2672.5
1211700 2672.5
1211710 2671.9
1211720 2671.7
1211730 2671.7
1211740 2673.5
1211750 2677.0
1211760 2677.0
1211770 2680.6
1211780 2683.8
1211790 2683.8
1211800 2689.0
1211810 2696.0
1211820 2696.0
1211830 2698.7
1211840 2700.4
1211850 2701.9
1211860 2701.9
1211870 2702.0
1211880 2700.9
1211890 2700.9
1211900 2700.0
1211910 2700.7
1211920 2700.7
1211930 2703.8
1211940 2705.4
1211950 2705.4
1211960 2705.8
1211970 2704.8
1211980 2704.8
1211990 2704.5
1212000 2704.2
1212010 2708.9
1212020 2703.4
1212030 2699.2
1212040 2693.9
1212050 2693.9
1212060 2687.1
1212070 2680.9
1212080 2680.9
1212090 2675.7
1212100 2670.3
1212110 2670.3
1212120 2663.9
1212130 2653.2
1212140 2653.2
1212150 2642.3
1212160 2631.4
1212170 2631.4
1212180 2622.3
1212190 2613.7
1212200 2613.7
1212210 2606.9
1212220 2600.2
1212230 2592.7
1212240 2592.7
1212250 2587.1
1212260 2582.9
1212270 2582.9
1212280 2573.9
1212290 2563.4
1212300 2563.4
1212310 2553.4
1212320 2543.3
1212330 2543.3
1212340 2532.9
1212350 2526.2
1212360 2526.2
1212370 2520.7
1212380 2515.7
1212390 2510.9
1212400 2510.9
1212410 2504.8
1212420 2498.3
1212430 2498.3
1212440 2491.9
1212450 2485.0
1212460 2485.0
1212470 2477.9
1212480 2470.3
1212490 2470.3
1212500 2462.6
1212510 2454.4
1212520 2454.4
1212530 2444.0
1212540 2435.9
1212550 2435.9
1212560 2429.6
1212570 2423.0
1212580 2415.6
1212590 2415.6
1212600 2408.7
1212610 2402.9
1212620 2402.9
1212630 2396.5
1212640 2391.3
1212650 2391.3
1212660 2386.9
1212670 2382.8
1212680 2382.8
1212690 2379.1
1212700 2376.4
1212710 2376.4
1212720 2373.8
1212730 2372.5
1212740 2372.3
1212750 2372.3
1212760 2371.1
1212770 2370.6
1212780 2370.6
1212790 2370.9
1212800 2373.1
1212810 2373.1
1212820 2376.0
1212830 2377.7
1212840 2377.7
1212850 2379.8
1212860 2382.6
1212870 2382.6
1212880 2386.3
1212890 2391.6
1212900 2391.6
1212910 2397.3
1212920 2403.6
1212930 2410.6
1212940 2411.9
1212950 2418.4
1212960 2425.2
1212970 2425.2
1212980 2432.3
1212990 2439.8
1213000 2439.8
1213010 2448.9
1213020 2461.5
1213030 2461.5
1213040 2473.8
1213050 2484.7
1213060 2484.7
1213070 2484.6
1213080 2479.9
1213090 2479.9
1213100 2476.6
1213110 2472.8
1213120 2472.5
1213130 2472.5
1213140 2473.2
1213150 2474.5
1213160 2474.5
1213170 2475.7
1213180 2477.1
1213190 2477.1
1213200 2479.5
1213210 2483.6
1213220 2483.6
1213230 2487.3
1213240 2491.8
1213250 2491.8
1213260 2496.8
1213270 2500.2
1213280 2504.5
1213290 2504.5
1213300 2507.7
1213310 2509.2
1213320 2509.2
1213330 2513.1
1213340 2517.6
1213350 2517.6
1213360 2524.1
1213370 2531.1
1213380 2531.1
1213390 2536.4
1213400 2545.0
1213410 2545.0
1213420 2551.2
1213430 2560.6
1213440 2560.6
1213450 2569.4
1213460 2575.0
1213470 2579.3
1213480 2579.3
1213490 2582.5
1213500 2584.1
1213510 2584.1
1213520 2586.0
1213530 2591.1
1213540 2591.1
1213550 2597.0
1213560 2594.9
1213570 2594.9
1213580 2591.4
1213590 2595.0
1213600 2595.0
1213610 2603.8
1213620 2611.2
1213630 2611.2
1213640 2615.9
1213650 2620.6
1213660 2622.9
1213670 2622.9
1213680 2624.5
1213690 2626.2
1213700 2626.2
1213710 2626.9
1213720 2627.9
1213730 2627.9
1213740 2628.6
1213750 2636.8
1213760 2636.8
1213770 2640.1
1213780 2640.4
1213790 2640.4
1213800 2637.6
1213810 2632.7
1213820 2626.8
1213830 2626.8
1213840 2621.7
1213850 2622.3
1213860 2622.3
1213870 2632.1
1213880 2634.9
1213890 2634.9
1213900 2634.3
1213910 2631.0
1213920 2631.0
1213930 2627.9
1213940 2626.7
1213950 2626.7
1213960 2627.7
1213970 2634.6
1213980 2634.6
1213990 2643.8
1214000 2650.0
1214010 2654.6
1214020 2654.6
1214030 2659.7
1214040 2663.2
1214050 2663.2
1214060 2665.5
1214070 2667.7
1214080 2667.7
1214090 2669.4
1214100 2670.7
1214110 2670.7
1214120 2671.2
1214130 2670.5
1214140 2670.5
1214150 2669.3
1214160 2668.6
1214170 2668.6
1214180 2668.6
1214190 2669.1
1214200 2670.7
1214210 2670.7
1214220 2671.7
1214230 2669.5
1214240 2669.5
1214250 2668.6
1214260 2669.1
1214270 2669.1
1214280 2670.6
1214290 2671.8
1214300 2671.8
1214310 2661.5
1214320 2656.6
1214330 2666.8
1214340 2667.0
1214350 2668.3
1214360 2671.0
1214370 2671.0
1214380 2673.1
1214390 2681.8
1214400 2681.8
1214410 2686.3
1214420 2689.8
1214430 2689.8
1214440 2691.3
1214450 2690.2
1214460 2690.2
1214470 2690.3
1214480 2688.1
1214490 2688.1
1214500 2686.3
1214510 2674.1
1214520 2674.1
1214530 2679.8
1214540 2691.9
1214550 2694.9
1214560 2694.9
1214570 2695.6
1214580 2690.4
1214590 2690.4
1214600 2679.5
1214610 2674.2
1214620 2674.2
1214630 2676.1
1214640 2675.0
1214650 2675.0
1214660 2673.8
1214670 2676.1
1214680 2676.1
1214690 2679.5
1214700 2683.0
1214710 2686.8
1214720 2686.8
1214730 2690.9
1214740 2693.9
1214750 2693.9
1214760 2694.1
1214770 2694.9
1214780 2694.9
1214790 2697.7
1214800 2709.7
1214810 2709.7
1214820 2712.1
1214830 2715.4
1214840 2715.4
1214850 2718.2
1214860 2718.4
1214870 2718.4
1214880 2721.0
1214890 2722.6
1214900 2721.2
1214910 2721.2
1214920 2718.9
1214930 2725.1
1214940 2725.1
1214950 2727.3
1214960 2729.0
1214970 2729.0
1214980 2731.2
1214990 2733.4
1215000 2733.4
1215010 2736.2
1215020 2738.0
1215030 2738.0
1215040 2739.3
1215050 2739.7
1215060 2739.7
1215070 2737.8
1215080 2738.0
1215090 2738.9
1215100 2738.9
1215110 2740.4
1215120 2743.1
1215130 2743.1
1215140 2745.2
1215150 2746.7
1215160 2746.7
1215170 2748.9
1215180 2751.6
1215190 2751.6
1215200 2754.8
1215210 2757.8
1215220 2757.8
1215230 2761.1
1215240 2763.4
1215250 2764.6
1215260 2764.6
1215270 2770.3
1215280 2771.2
1215290 2771.2
1215300 2771.0
1215310 2772.6
1215320 2772.6
1215330 2776.7
1215340 2781.6
1215350 2781.6
1215360 2784.3
1215370 2785.8
1215380 2785.8
1215390 2788.0
1215400 2790.7
1215410 2790.7
1215420 2788.2
1215430 2786.3
1215440 2785.0
1215450 2785.0
1215460 2784.0
1215470 2782.1
1215480 2782.1
1215490 2779.3
1215500 2777.3
1215510 2777.3
1215520 2775.2
1215530 2773.0
1215540 2773.0
1215550 2767.6
1215560 2761.4
1215570 2761.4
1215580 2755.5
1215590 2750.2
1215600 2750.2
1215610 2745.8
1215620 2743.4
1215630 2741.5
1215640 2741.5
1215650 2738.6
1215660 2735.1
1215670 2735.1
1215680 2733.1
1215690 2730.4
1215700 2730.4
1215710 2725.8
1215720 2721.5
1215730 2721.5
1215740 2724.9
1215750 2720.6
1215760 2720.6
1215770 2715.6
1215780 2708.9
1215790 2702.8
1215800 2702.8
1215810 2697.7
1215820 2695.5
1215830 2695.5
1215840 2693.5
1215850 2690.6
1215860 2690.6
1215870 2687.3
1215880 2683.6
1215890 2683.6
1215900 2680.0
1215910 2676.4
1215920 2676.4
1215930 2673.0
1215940 2668.5
1215950 2668.5
1215960 2664.4
1215970 2663.2
1215980 2661.7
1215990 2661.7
1216000 2659.1
1216010 2654.5
1216020 2654.5
1216030 2648.8
1216040 2644.3
1216050 2644.3
1216060 2640.2
1216070 2636.0
1216080 2636.0
1216090 2631.6
1216100 2627.5
1216110 2627.5
1216120 2623.3
1216130 2620.4
1216140 2617.0
1216150 2617.0
1216160 2615.0
1216170 2614.6
1216180 2614.6
1216190 2614.6
1216200 2614.5
1216210 2617.6
1216220 2615.3
1216230 2609.8
1216240 2609.8
1216250 2605.8
1216260 2602.9
1216270 2602.9
1216280 2600.1
1216290 2598.4
1216300 2598.4
1216310 2595.3
1216320 2593.4
1216330 2593.1
1216340 2593.1
1216350 2592.0
1216360 2590.2
1216370 2590.2
1216380 2588.0
1216390 2586.4
1216400 2586.4
1216410 2585.5
1216420 2585.4
1216430 2585.4
1216440 2584.5
1216450 2582.5
1216460 2582.5
1216470 2580.8
1216480 2578.0
1216490 2578.0
1216500 2574.4
1216510 2569.0
1216520 2560.9
1216530 2560.9
1216540 2559.7
1216550 2559.8
1216560 2559.8
1216570 2560.0
1216580 2560.2
1216590 2560.2
1216600 2560.7
1216610 2561.8
1216620 2561.8
1216630 2564.1
1216640 2568.1
1216650 2568.1
1216660 2573.3
1216670 2577.5
1216680 2582.3
1216690 2582.3
1216700 2584.3
1216710 2586.1
1216720 2586.1
1216730 2589.3
1216740 2592.0
1216750 2592.0
1216760 2591.6
1216770 2592.3
1216780 2592.3
1216790 2593.4
1216800 2594.6
1216810 2594.6
1216820 2595.8
1216830 2596.7
1216840 2596.7
1216850 2598.5
1216860 2601.2
1216870 2605.3
1216880 2605.3
1216890 2609.6
1216900 2613.2
1216910 2613.2
1216920 2617.6
1216930 2621.7
1216940 2621.7
1216950 2625.3
1216960 2629.4
1216970 2629.4
1216980 2633.7
1216990 2638.4
1217000 2638.4
1217010 2643.9
1217020 2649.5
1217030 2649.5
1217040 2655.0
1217050 2660.6
1217060 2666.0
1217070 2666.0
1217080 2671.1
1217090 2676.6
1217100 2676.6
1217110 2682.6
1217120 2687.9
1217130 2687.9
1217140 2693.0
1217150 2696.8
1217160 2696.8
1217170 2701.8
1217180 2707.8
1217190 2707.8
1217200 2713.8
1217210 2720.2
1217220 2726.3
1217230 2726.3
1217240 2732.0
1217250 2738.6
1217260 2738.6
1217270 2745.2
1217280 2751.4
1217290 2751.4
1217300 2756.6
1217310 2762.5
1217320 2762.5
1217330 2768.4
1217340 2774.5
1217350 2774.5
1217360 2780.5
1217370 2786.7
1217380 2786.7
1217390 2795.0
1217400 2803.7
1217410 2811.8
1217420 2811.8
1217430 2818.3
1217440 2824.1
1217450 2824.1
1217460 2829.2
1217470 2834.1
1217480 2834.1
1217490 2840.3
1217500 2847.0
1217510 2847.0
1217520 2852.6
1217530 2857.7
1217540 2857.7
1217550 2862.5
1217560 2867.9
1217570 2873.6
1217580 2873.6
1217590 2878.4
1217600 2882.4
1217610 2882.4
1217620 2888.0
1217630 2893.7
1217640 2893.7
1217650 2899.2
1217660 2904.4
1217670 2904.4
1217680 2909.3
1217690 2913.9
1217700 2913.9
1217710 2918.6
1217720 2922.9
1217730 2922.9
1217740 2926.1
1217750 2928.1
1217760 2929.4
1217770 2929.4
1217780 2930.4
1217790 2930.3
1217800 2930.3
1217810 2929.7
1217820 2929.3
1217830 2929.3
1217840 2929.2
1217850 2929.5
1217860 2929.5
1217870 2930.0
1217880 2930.5
1217890 2930.5
1217900 2931.6
1217910 2934.0
1217920 2934.0
1217930 2933.8
1217940 2932.8
1217950 2931.8
1217960 2931.8
1217970 2932.1
1217980 2931.8
1217990 2931.8
1218000 2931.5
1218010 2931.7
1218020 2931.7
1218030 2932.0
1218040 2932.2
1218050 2932.2
1218060 2933.0
1218070 2933.9
1218080 2933.9
1218090 2933.6
1218100 2934.2
1218110 2935.4
1218120 2935.4
1218130 2936.4
1218140 2937.7
1218150 2937.7
1218160 2939.4
1218170 2941.1
1218180 2941.1
1218190 2942.7
1218200 2944.3
1218210 2944.3
1218220 2945.8
1218230 2947.4
1218240 2947.4
1218250 2948.9
1218260 2950.6
1218270 2950.6
1218280 2952.4
1218290 2954.2
1218300 2956.3
1218310 2956.3
1218320 2958.2
1218330 2960.6
1218340 2960.6
1218350 2963.5
1218360 2966.9
1218370 2966.9
1218380 2971.4
1218390 2976.7
1218400 2976.7
1218410 2982.6
1218420 2988.6
1218430 2988.6
1218440 2992.5
1218450 2996.2
1218460 2996.2
1218470 3000.1
1218480 3003.2
1218490 3006.2
1218500 3006.2
1218510 3009.2
1218520 3011.8
1218530 3011.8
1218540 3014.2
1218550 3015.9
1218560 3015.9
1218570 3017.7
1218580 3018.8
1218590 3018.8
1218600 3020.3
1218610 3021.6
1218620 3021.6
1218630 3022.3
1218640 3023.2
1218650 3024.3
1218660 3024.3
1218670 3025.5
1218680 3026.8
1218690 3026.8
1218700 3028.0
1218710 3029.2
1218720 3029.2
1218730 3030.9
1218740 3034.2
1218750 3034.2
1218760 3037.9
1218770 3041.4
1218780 3041.4
1218790 3044.8
1218800 3048.1
1218810 3048.1
1218820 3051.2
1218830 3054.3
1218840 3057.2
1218850 3057.2
1218860 3060.0
1218870 3062.6
1218880 3062.6
1218890 3065.2
1218900 3067.8
1218910 3067.8
1218920 3070.4
1218930 3072.9
1218940 3072.9
1218950 3075.4
1218960 3078.1
1218970 3078.1
1218980 3080.8
1218990 3083.6
1219000 3083.6
1219010 3086.5
1219020 3089.4
1219030 3092.2
1219040 3093.2
1219050 3096.0
1219060 3098.7
1219070 3098.7
1219080 3101.3
1219090 3103.8
1219100 3103.8
1219110 3106.2
1219120 3108.5
1219130 3108.5
1219140 3110.7
1219150 3112.7
1219160 3112.7
1219170 3114.7
1219180 3116.6
1219190 3118.3
1219200 3118.3
1219210 3119.8
1219220 3120.9
1219230 3120.9
1219240 3121.6
1219250 3120.5
1219260 3120.5
1219270 3119.9
1219280 3123.2
1219290 3123.2
1219300 3126.7
1219310 3130.1
1219320 3130.1
1219330 3133.6
1219340 3137.2
1219350 3137.2
1219360 3140.6
1219370 3143.8
1219380 3146.9
1219390 3146.9
1219400 3149.9
1219410 3152.4
1219420 3152.4
1219430 3154.7
1219440 3156.8
1219450 3156.8
1219460 3158.8
1219470 3160.4
1219480 3160.4
1219490 3161.1
1219500 3160.5
1219510 3160.5
1219520 3164.7
1219530 3166.7
1219540 3169.4
1219550 3169.4
1219560 3172.9
1219570 3176.7
1219580 3176.7
1219590 3180.6
1219600 3184.6
1219610 3184.6
1219620 3188.7
1219630 3193.2
1219640 3193.2
1219650 3197.9
1219660 3202.8
1219670 3202.8
1219680 3207.5
1219690 3212.1
1219700 3212.1
1219710 3216.8
1219720 3220.9
1219730 3224.7
1219740 3224.7
1219750 3228.4
1219760 3231.8
1219770 3231.8
1219780 3235.0
1219790 3238.0
1219800 3238.0
1219810 3240.9
1219820 3243.7
1219830 3243.7
1219840 3246.5
1219850 3249.1
1219860 3249.1
1219870 3252.2
1219880 3254.3
1219890 3254.3
1219900 3256.5
1219910 3258.8
1219920 3260.9
1219930 3260.9
1219940 3263.1
1219950 3266.9
1219960 3266.9
1219970 3271.0
1219980 3274.7
1219990 3275.6
