1200000 2811.4
1200010 2811.4
1200020 2813.9
1200030 2815.4
1200040 2815.4
1200050 2815.4
1200060 2821.4
1200070 2829.6
1200080 2829.6
1200090 2832.3
1200100 2832.8
1200110 2832.8
1200120 2833.8
1200130 2835.5
1200140 2835.5
1200150 2838.3
1200160 2840.6
1200170 2840.6
1200180 2841.6
1200190 2842.5
1200200 2842.5
1200210 2843.1
1200220 2844.6
1200230 2844.6
1200240 2847.5
1200250 2849.7
1200260 2851.2
1200270 2851.2
1200280 2853.0
1200290 2854.9
1200300 2854.9
1200310 2855.7
1200320 2856.6
1200330 2856.6
1200340 2859.7
1200350 2863.0
1200360 2863.0
1200370 2864.9
1200380 2866.2
1200390 2866.2
1200400 2866.3
1200410 2866.7
1200420 2866.7
1200430 2867.1
1200440 2869.1
1200450 2872.6
1200460 2872.6
1200470 2878.0
1200480 2883.7
1200490 2883.7
1200500 2886.5
1200510 2894.8
1200520 2894.8
1200530 2897.1
1200540 2901.1
1200550 2901.1
1200560 2906.8
1200570 2912.1
1200580 2912.1
1200590 2917.8
1200600 2926.2
1200610 2935.6
1200620 2935.6
1200630 2941.2
1200640 2944.5
1200650 2944.5
1200660 2947.3
1200670 2949.8
1200680 2949.8
1200690 2951.3
1200700 2953.2
1200710 2953.2
1200720 2957.4
1200730 2963.2
1200740 2963.2
1200750 2969.0
1200760 2974.6
1200770 2974.6
1200780 2980.2
1200790 2985.6
1200800 2989.6
1200810 2989.6
1200820 2994.6
1200830 3000.7
1200840 3000.7
1200850 3006.1
1200860 3010.5
1200870 3010.5
1200880 3015.1
1200890 3020.1
1200900 3020.1
1200910 3029.0
1200920 3041.4
1200930 3041.4
1200940 3052.8
1200950 3064.9
1200960 3064.9
1200970 3073.6
1200980 3076.0
1200990 3076.0
1201000 3076.0
1201010 3077.1
1201020 3082.1
1201030 3082.1
1201040 3087.2
1201050 3087.7
1201060 3087.7
1201070 3089.5
1201080 3089.9
1201090 3089.9
1201100 3091.2
1201110 3094.0
1201120 3094.0
1201130 3094.6
1201140 3090.8
1201150 3090.8
1201160 3086.0
1201170 3080.5
1201180 3075.4
1201190 3075.4
1201200 3071.4
1201210 3069.0
1201220 3069.0
1201230 3067.2
1201240 3065.2
1201250 3065.2
1201260 3063.9
1201270 3063.7
1201280 3063.7
1201290 3062.7
1201300 3061.2
1201310 3061.2
1201320 3060.7
1201330 3060.5
1201340 3060.4
1201350 3060.4
1201360 3060.5
1201370 3060.9
1201380 3060.9
1201390 3061.3
1201400 3067.3
1201410 3067.3
1201420 3067.8
1201430 3068.3
1201440 3068.3
1201450 3068.9
1201460 3069.6
1201470 3069.6
1201480 3070.3
1201490 3071.0
1201500 3071.0
1201510 3071.8
1201520 3072.9
1201530 3074.6
1201540 3074.6
1201550 3077.3
1201560 3079.2
1201570 3079.2
1201580 3081.3
1201590 3084.0
1201600 3084.0
1201610 3087.6
1201620 3092.6
1201630 3092.6
1201640 3097.9
1201650 3103.1
1201660 3103.1
1201670 3107.3
1201680 3110.3
1201690 3110.3
1201700 3112.6
1201710 3114.7
1201720 3117.2
1201730 3117.2
1201740 3120.5
1201750 3124.6
1201760 3124.6
1201770 3128.0
1201780 3131.3
1201790 3131.3
1201800 3135.1
1201810 3140.3
1201820 3140.3
1201830 3145.0
1201840 3154.5
1201850 3154.5
1201860 3158.6
1201870 3159.7
1201880 3156.2
1201890 3156.2
1201900 3149.5
1201910 3141.5
1201920 3141.5
1201930 3134.2
1201940 3127.8
1201950 3127.8
1201960 3121.0
1201970 3113.3
1201980 3113.3
1201990 3104.3
1202000 3096.1
1202010 3096.1
1202020 3090.6
1202030 3087.4
1202040 3087.4
1202050 3084.2
1202060 3080.1
1202070 3075.9
1202080 3075.9
1202090 3071.6
1202100 3067.7
1202110 3067.7
1202120 3063.8
1202130 3059.8
1202140 3059.8
1202150 3055.9
1202160 3053.0
1202170 3053.0
1202180 3051.6
1202190 3050.9
1202200 3050.9
1202210 3050.6
1202220 3050.6
1202230 3050.6
1202240 3050.6
1202250 3050.9
1202260 3051.5
1202270 3051.5
1202280 3052.2
1202290 3054.9
1202300 3054.9
1202310 3056.1
1202320 3055.8
1202330 3055.8
1202340 3054.3
1202350 3051.7
1202360 3051.7
1202370 3048.7
1202380 3044.7
1202390 3044.7
1202400 3040.1
1202410 3035.7
1202420 3032.0
1202430 3032.0
1202440 3029.1
1202450 3027.0
1202460 3027.0
1202470 3024.1
1202480 3021.0
1202490 3021.0
1202500 3018.1
1202510 3014.8
1202520 3014.8
1202530 3012.0
1202540 3010.5
1202550 3010.5
1202560 3009.9
1202570 3009.8
1202580 3009.8
1202590 3009.6
1202600 3009.1
1202610 3007.9
1202620 3007.9
1202630 3006.2
1202640 3004.3
1202650 3004.3
1202660 3001.2
1202670 2998.0
1202680 2998.0
1202690 2994.8
1202700 2992.0
1202710 2992.0
1202720 2990.4
1202730 2989.0
1202740 2989.5
1202750 2987.1
1202760 2983.9
1202770 2983.9
1202780 2980.3
1202790 2976.7
1202800 2974.0
1202810 2974.0
1202820 2971.7
1202830 2969.8
1202840 2969.8
1202850 2968.1
1202860 2966.7
1202870 2966.7
1202880 2966.0
1202890 2965.6
1202900 2965.6
1202910 2965.0
1202920 2964.3
1202930 2964.3
1202940 2963.8
1202950 2963.3
1202960 2962.5
1202970 2962.5
1202980 2962.0
1202990 2960.6
1203000 2960.6
1203010 2957.9
1203020 2954.5
1203030 2954.5
1203040 2950.2
1203050 2944.2
1203060 2944.2
1203070 2939.3
1203080 2935.6
1203090 2935.6
1203100 2933.6
1203110 2932.4
1203120 2932.4
1203130 2929.6
1203140 2925.2
1203150 2919.7
1203160 2919.7
1203170 2916.3
1203180 2914.0
1203190 2912.2
1203200 2911.2
1203210 2908.4
1203220 2908.4
1203230 2903.6
1203240 2897.4
1203250 2897.4
1203260 2893.2
1203270 2887.4
1203280 2887.4
1203290 2880.3
1203300 2873.6
1203310 2873.6
1203320 2868.3
1203330 2865.0
1203340 2862.2
1203350 2862.2
1203360 2858.6
1203370 2855.6
1203380 2855.6
1203390 2852.5
1203400 2848.8
1203410 2848.8
1203420 2845.2
1203430 2841.6
1203440 2841.6
1203450 2838.1
1203460 2834.4
1203470 2834.4
1203480 2830.1
1203490 2825.2
1203500 2820.4
1203510 2820.4
1203520 2815.3
1203530 2809.4
1203540 2809.4
1203550 2804.2
1203560 2798.8
1203570 2798.8
1203580 2793.0
1203590 2787.7
1203600 2787.7
1203610 2782.0
1203620 2776.0
1203630 2774.4
1203640 2768.6
1203650 2763.0
1203660 2763.0
1203670 2757.4
1203680 2751.3
1203690 2745.5
1203700 2745.5
1203710 2739.3
1203720 2733.1
1203730 2733.1
1203740 2726.0
1203750 2719.5
1203760 2719.5
1203770 2714.6
1203780 2710.4
1203790 2710.4
1203800 2706.0
1203810 2701.6
1203820 2701.6
1203830 2698.3
1203840 2695.7
1203850 2695.7
1203860 2693.0
1203870 2689.9
1203880 2686.3
1203890 2686.3
1203900 2682.3
1203910 2678.2
1203920 2678.2
1203930 2674.3
1203940 2670.4
1203950 2670.4
1203960 2666.2
1203970 2662.4
1203980 2662.4
1203990 2659.0
1204000 2655.8
1204010 2655.8
1204020 2652.6
1204030 2648.8
1204040 2645.0
1204050 2645.0
1204060 2640.6
1204070 2636.1
1204080 2633.8
1204090 2630.0
1204100 2626.0
1204110 2626.0
1204120 2622.4
1204130 2619.1
1204140 2619.1
1204150 2615.4
1204160 2611.8
1204170 2611.8
1204180 2608.4
1204190 2605.6
1204200 2605.6
1204210 2602.2
1204220 2599.3
1204230 2597.4
1204240 2597.4
1204250 2595.4
1204260 2593.0
1204270 2593.0
1204280 2590.6
1204290 2589.6
1204300 2589.6
1204310 2587.6
1204320 2585.6
1204330 2585.6
1204340 2582.0
1204350 2580.0
1204360 2580.0
1204370 2578.1
1204380 2576.7
1204390 2576.7
1204400 2575.0
1204410 2573.5
1204420 2573.7
1204430 2573.7
1204440 2575.3
1204450 2576.0
1204460 2576.0
1204470 2576.9
1204480 2577.7
1204490 2577.7
1204500 2579.2
1204510 2580.8
1204520 2580.8
1204530 2583.8
1204540 2586.4
1204550 2586.4
1204560 2588.5
1204570 2589.7
1204580 2592.0
1204590 2592.0
1204600 2594.7
1204610 2595.8
1204620 2595.8
1204630 2596.2
1204640 2596.8
1204650 2596.8
1204660 2597.9
1204670 2599.0
1204680 2599.0
1204690 2601.5
1204700 2603.8
1204710 2603.8
1204720 2606.2
1204730 2610.8
1204740 2610.8
1204750 2614.9
1204760 2617.8
1204770 2621.8
1204780 2621.8
1204790 2625.2
1204800 2627.0
1204810 2627.0
1204820 2631.9
1204830 2639.0
1204840 2639.0
1204850 2644.9
1204860 2648.6
1204870 2648.6
1204880 2652.2
1204890 2656.3
1204900 2656.3
1204910 2661.0
1204920 2665.6
1204930 2665.6
1204940 2670.3
1204950 2674.3
1204960 2678.3
1204970 2678.3
1204980 2683.2
1204990 2691.0
1205000 2691.0
1205010 2695.3
1205020 2699.1
1205030 2699.1
1205040 2703.1
1205050 2707.1
1205060 2707.1
1205070 2711.5
1205080 2716.2
1205090 2716.2
1205100 2720.7
1205110 2724.6
1205120 2728.4
1205130 2728.4
1205140 2732.6
1205150 2737.1
1205160 2737.1
1205170 2740.9
1205180 2744.1
1205190 2744.1
1205200 2747.6
1205210 2751.3
1205220 2751.3
1205230 2755.0
1205240 2758.0
1205250 2758.0
1205260 2760.2
1205270 2763.0
1205280 2763.0
1205290 2765.0
1205300 2765.6
1205310 2766.9
1205320 2766.9
1205330 2769.8
1205340 2773.4
1205350 2773.4
1205360 2777.0
1205370 2778.3
1205380 2778.3
1205390 2778.8
1205400 2779.9
1205410 2779.9
1205420 2781.4
1205430 2784.5
1205440 2787.9
1205450 2790.9
1205460 2793.8
1205470 2793.8
1205480 2796.8
1205490 2799.5
1205500 2801.1
1205510 2801.1
1205520 2802.0
1205530 2802.1
1205540 2802.1
1205550 2801.4
1205560 2799.3
1205570 2799.3
1205580 2798.2
1205590 2799.0
1205600 2799.0
1205610 2802.0
1205620 2804.8
1205630 2804.8
1205640 2807.4
1205650 2810.9
1205660 2814.6
1205670 2814.6
1205680 2817.2
1205690 2820.5
1205700 2820.5
1205710 2824.5
1205720 2827.8
1205730 2827.8
1205740 2830.6
1205750 2832.5
1205760 2832.5
1205770 2834.6
1205780 2836.2
1205790 2836.2
1205800 2837.6
1205810 2839.5
1205820 2839.5
1205830 2841.8
1205840 2844.9
1205850 2850.8
1205860 2850.8
1205870 2858.3
1205880 2866.5
1205890 2864.3
1205900 2871.3
1205910 2870.5
1205920 2870.5
1205930 2870.8
1205940 2874.2
1205950 2874.2
1205960 2878.2
1205970 2882.8
1205980 2882.8
1205990 2886.8
1206000 2890.3
1206010 2890.3
1206020 2893.2
1206030 2895.6
1206040 2898.6
1206050 2898.6
1206060 2901.6
1206070 2903.8
1206080 2903.8
1206090 2904.8
1206100 2905.1
1206110 2905.1
1206120 2907.1
1206130 2911.8
1206140 2911.8
1206150 2915.3
1206160 2919.0
1206170 2919.0
1206180 2924.2
1206190 2931.4
1206200 2936.3
1206210 2936.3
1206220 2942.2
1206230 2949.8
1206240 2949.8
1206250 2954.5
1206260 2955.8
1206270 2955.8
1206280 2955.4
1206290 2954.7
1206300 2954.7
1206310 2955.4
1206320 2958.0
1206330 2958.0
1206340 2964.0
1206350 2967.1
1206360 2967.1
1206370 2969.9
1206380 2973.2
1206390 2977.0
1206400 2977.0
1206410 2979.5
1206420 2981.1
1206430 2981.1
1206440 2982.8
1206450 2983.5
1206460 2983.5
1206470 2982.2
1206480 2981.3
1206490 2981.3
1206500 2979.1
1206510 2976.9
1206520 2976.9
1206530 2973.5
1206540 2970.0
1206550 2970.0
1206560 2967.8
1206570 2966.3
1206580 2964.9
1206590 2964.9
1206600 2963.1
1206610 2962.6
1206620 2962.6
1206630 2962.6
1206640 2962.5
1206650 2962.5
1206660 2962.7
1206670 2963.0
1206680 2963.0
1206690 2965.7
1206700 2970.2
1206710 2970.2
1206720 2974.5
1206730 2978.6
1206740 2982.2
1206750 2982.2
1206760 2985.5
1206770 2988.5
1206780 2988.5
1206790 2991.3
1206800 2997.0
1206810 2997.0
1206820 3000.4
1206830 3002.5
1206840 3002.5
1206850 3003.7
1206860 3004.2
1206870 3004.2
1206880 3004.4
1206890 3004.6
1206900 3004.6
1206910 3004.9
1206920 3005.4
1206930 3006.3
1206940 3006.3
1206950 3007.5
1206960 3008.7
1206970 3008.7
1206980 3010.0
1206990 3011.3
1207000 3011.3
1207010 3012.5
1207020 3013.9
1207030 3013.9
1207040 3015.1
1207050 3016.3
1207060 3016.3
1207070 3017.7
1207080 3019.1
1207090 3019.1
1207100 3020.5
1207110 3021.8
1207120 3023.0
1207130 3023.0
1207140 3024.6
1207150 3026.7
1207160 3026.7
1207170 3029.0
1207180 3031.6
1207190 3031.6
1207200 3034.4
1207210 3037.3
1207220 3037.3
1207230 3040.2
1207240 3043.0
1207250 3044.7
1207260 3047.4
1207270 3049.8
1207280 3052.1
1207290 3052.1
1207300 3054.3
1207310 3056.2
1207320 3056.2
1207330 3058.0
1207340 3059.6
1207350 3059.6
1207360 3061.0
1207370 3062.2
1207380 3062.2
1207390 3063.3
1207400 3064.4
1207410 3064.4
1207420 3065.2
1207430 3065.9
1207440 3065.9
1207450 3066.6
1207460 3067.2
1207470 3067.9
1207480 3067.9
1207490 3068.6
1207500 3069.2
1207510 3069.2
1207520 3069.4
1207530 3069.0
1207540 3069.0
1207550 3066.3
1207560 3063.8
1207570 3063.8
1207580 3063.4
1207590 3064.1
1207600 3064.1
1207610 3065.6
1207620 3067.5
1207630 3067.5
1207640 3070.0
1207650 3072.9
1207660 3076.5
1207670 3076.5
1207680 3080.5
1207690 3084.9
1207700 3084.9
1207710 3092.0
1207720 3097.0
1207730 3097.0
1207740 3101.9
1207750 3106.6
1207760 3106.6
1207770 3110.9
1207780 3114.7
1207790 3114.7
1207800 3117.9
1207810 3120.8
1207820 3123.4
1207830 3123.4
1207840 3125.7
1207850 3127.8
1207860 3127.8
1207870 3129.6
1207880 3131.3
1207890 3131.3
1207900 3132.9
1207910 3134.5
1207920 3134.5
1207930 3136.2
1207940 3138.0
1207950 3138.0
1207960 3140.0
1207970 3142.3
1207980 3142.3
1207990 3144.7
1208000 3147.4
1208010 3150.2
1208020 3150.2
1208030 3153.2
1208040 3156.3
1208050 3156.3
1208060 3159.6
1208070 3163.0
1208080 3163.0
1208090 3166.5
1208100 3170.1
1208110 3170.1
1208120 3173.7
1208130 3177.3
1208140 3177.3
1208150 3181.0
1208160 3186.0
1208170 3186.0
1208180 3189.6
1208190 3193.2
1208200 3197.0
1208210 3197.0
1208220 3201.0
1208230 3205.1
1208240 3205.1
1208250 3209.3
1208260 3213.8
1208270 3213.8
1208280 3218.5
1208290 3223.4
1208300 3223.4
1208310 3229.0
1208320 3235.6
1208330 3235.6
1208340 3242.1
1208350 3248.6
1208360 3256.4
1208370 3256.4
1208380 3266.7
1208390 3277.9
1208400 3277.9
1208410 3287.7
1208420 3297.3
1208430 3297.3
1208440 3307.3
1208450 3318.6
1208460 3318.6
1208470 3328.6
1208480 3333.0
1208490 3333.0
1208500 3333.6
1208510 3331.2
1208520 3331.2
1208530 3328.8
1208540 3325.9
1208550 3321.7
1208560 3321.7
1208570 3316.9
1208580 3311.9
1208590 3311.9
1208600 3307.0
1208610 3302.3
1208620 3297.3
1208630 3292.8
1208640 3288.4
1208650 3288.4
1208660 3284.3
1208670 3280.8
1208680 3280.8
1208690 3277.7
1208700 3275.1
1208710 3275.1
1208720 3272.4
1208730 3268.7
1208740 3263.5
1208750 3263.5
1208760 3256.0
1208770 3246.2
1208780 3246.2
1208790 3239.5
1208800 3233.6
1208810 3233.6
1208820 3226.8
1208830 3220.2
1208840 3220.2
1208850 3214.7
1208860 3210.1
1208870 3210.1
1208880 3203.3
1208890 3196.6
1208900 3190.2
1208910 3190.2
1208920 3184.9
1208930 3175.8
1208940 3175.8
1208950 3163.7
1208960 3150.3
1208970 3150.3
1208980 3138.6
1208990 3131.8
1209000 3131.8
1209010 3125.9
1209020 3120.9
1209030 3120.9
1209040 3114.4
1209050 3109.4
1209060 3109.4
1209070 3106.2
1209080 3102.3
1209090 3099.3
1209100 3099.3
1209110 3095.6
1209120 3090.3
1209130 3090.3
1209140 3085.3
1209150 3080.5
1209160 3080.5
1209170 3076.6
1209180 3072.1
1209190 3072.1
1209200 3067.9
1209210 3064.4
1209220 3064.4
1209230 3062.4
1209240 3059.8
1209250 3059.8
1209260 3057.2
1209270 3054.5
1209280 3050.7
1209290 3050.7
1209300 3046.3
1209310 3037.9
1209320 3037.9
1209330 3026.1
1209340 3014.8
1209350 3014.8
1209360 3006.3
1209370 2998.4
1209380 2998.4
1209390 2989.8
1209400 2983.5
1209410 2983.5
1209420 2977.6
1209430 2973.2
1209440 2969.2
1209450 2969.2
1209460 2965.7
1209470 2962.4
1209480 2962.4
1209490 2959.5
1209500 2957.7
1209510 2957.7
1209520 2955.6
1209530 2951.7
1209540 2951.7
1209550 2947.2
1209560 2942.1
1209570 2942.1
1209580 2939.2
1209590 2937.1
1209600 2937.1
1209610 2935.6
1209620 2934.0
1209630 2933.3
1209640 2933.3
1209650 2933.0
1209660 2932.9
1209670 2932.9
1209680 2932.9
1209690 2933.8
1209700 2933.8
1209710 2934.3
1209720 2934.4
1209730 2934.4
1209740 2933.9
1209750 2933.5
1209760 2933.5
1209770 2933.0
1209780 2931.9
1209790 2931.9
1209800 2931.5
1209810 2931.9
1209820 2931.1
1209830 2931.1
1209840 2930.3
1209850 2929.1
1209860 2929.1
1209870 2927.5
1209880 2925.7
1209890 2925.7
1209900 2923.2
1209910 2919.5
1209920 2919.5
1209930 2915.9
1209940 2912.0
1209950 2912.0
1209960 2907.1
1209970 2903.5
1209980 2902.8
1209990 2899.1
1210000 2898.9
1210010 2898.3
1210020 2898.3
1210030 2897.5
1210040 2896.7
1210050 2896.7
1210060 2897.3
1210070 2897.0
1210080 2897.0
1210090 2895.8
1210100 2893.9
1210110 2893.9
1210120 2891.2
1210130 2888.7
1210140 2888.7
1210150 2886.3
1210160 2884.9
1210170 2884.0
1210180 2884.0
1210190 2882.5
1210200 2880.4
1210210 2880.4
1210220 2877.3
1210230 2872.5
1210240 2872.5
1210250 2865.6
1210260 2859.2
1210270 2859.2
1210280 2853.2
1210290 2847.8
1210300 2847.8
1210310 2843.6
1210320 2839.6
1210330 2839.6
1210340 2835.8
1210350 2832.1
1210360 2829.1
1210370 2829.1
1210380 2827.0
1210390 2825.6
1210400 2825.6
1210410 2824.3
1210420 2823.0
1210430 2823.0
1210440 2821.3
1210450 2817.3
1210460 2817.3
1210470 2815.3
1210480 2813.4
1210490 2813.4
1210500 2811.4
1210510 2809.1
1210520 2806.7
1210530 2806.7
1210540 2804.1
1210550 2801.7
1210560 2801.7
1210570 2799.3
1210580 2795.2
1210590 2795.2
1210600 2792.9
1210610 2794.6
1210620 2794.6
1210630 2796.7
1210640 2797.1
1210650 2797.1
1210660 2796.6
1210670 2795.2
1210680 2795.2
1210690 2793.1
1210700 2790.3
1210710 2787.4
1210720 2787.4
1210730 2784.8
1210740 2782.3
1210750 2782.3
1210760 2779.9
1210770 2777.8
1210780 2777.8
1210790 2774.9
1210800 2772.5
1210810 2772.5
1210820 2769.8
1210830 2766.8
1210840 2766.8
1210850 2763.4
1210860 2760.4
1210870 2760.4
1210880 2757.8
1210890 2755.4
1210900 2752.7
1210910 2748.2
1210920 2745.2
1210930 2742.3
1210940 2742.3
1210950 2739.2
1210960 2736.9
1210970 2736.9
1210980 2734.4
1210990 2732.1
1211000 2732.1
1211010 2730.8
1211020 2729.5
1211030 2729.5
1211040 2727.1
1211050 2723.2
1211060 2719.3
1211070 2719.3
1211080 2715.2
1211090 2711.5
1211100 2711.5
1211110 2708.3
1211120 2704.5
1211130 2704.5
1211140 2701.0
1211150 2697.8
1211160 2697.8
1211170 2697.9
1211180 2696.0
1211190 2696.0
1211200 2695.4
1211210 2694.0
1211220 2694.0
1211230 2690.1
1211240 2687.1
1211250 2684.3
1211260 2684.3
1211270 2680.2
1211280 2676.2
1211290 2676.2
1211300 2672.3
1211310 2669.4
1211320 2669.4
1211330 2666.4
1211340 2663.7
1211350 2663.7
1211360 2661.2
1211370 2658.3
1211380 2653.3
1211390 2650.4
1211400 2648.0
1211410 2648.0
1211420 2646.8
1211430 2644.8
1211440 2642.2
1211450 2642.2
1211460 2639.2
1211470 2636.3
1211480 2636.3
1211490 2634.0
1211500 2632.2
1211510 2632.2
1211520 2630.5
1211530 2628.3
1211540 2628.3
1211550 2626.1
1211560 2624.8
1211570 2624.8
1211580 2623.3
1211590 2621.5
1211600 2619.4
1211610 2619.4
1211620 2616.9
1211630 2613.7
1211640 2613.7
1211650 2610.9
1211660 2608.0
1211670 2608.0
1211680 2605.8
1211690 2603.2
1211700 2603.2
1211710 2600.4
1211720 2597.8
1211730 2597.8
1211740 2595.1
1211750 2592.4
1211760 2592.4
1211770 2589.5
1211780 2586.7
1211790 2583.9
1211800 2583.9
1211810 2581.1
1211820 2578.5
1211830 2578.5
1211840 2573.1
1211850 2569.7
1211860 2569.7
1211870 2566.0
1211880 2561.1
1211890 2561.1
1211900 2556.4
1211910 2552.5
1211920 2552.5
1211930 2548.1
1211940 2543.6
1211950 2543.6
1211960 2539.6
1211970 2535.5
1211980 2530.3
1211990 2530.3
1212000 2524.6
1212010 2518.8
1212020 2518.8
1212030 2512.8
1212040 2506.6
1212050 2506.6
1212060 2500.3
1212070 2493.4
1212080 2493.4
1212090 2486.1
1212100 2480.4
1212110 2480.4
1212120 2475.2
1212130 2471.9
1212140 2472.8
1212150 2472.8
1212160 2475.9
1212170 2477.1
1212180 2477.1
1212190 2474.4
1212200 2471.3
1212210 2471.3
1212220 2467.7
1212230 2462.8
1212240 2462.8
1212250 2458.0
1212260 2453.3
1212270 2453.3
1212280 2448.6
1212290 2442.9
1212300 2440.3
1212310 2433.7
1212320 2427.2
1212330 2420.3
1212340 2420.3
1212350 2411.6
1212360 2403.7
1212370 2403.7
1212380 2397.7
1212390 2392.0
1212400 2392.0
1212410 2387.7
1212420 2384.5
1212430 2384.5
1212440 2379.4
1212450 2372.7
1212460 2372.7
1212470 2365.6
1212480 2358.4
1212490 2358.4
1212500 2351.4
1212510 2344.9
1212520 2338.1
1212530 2338.1
1212540 2331.6
1212550 2325.5
1212560 2325.5
1212570 2319.3
1212580 2311.6
1212590 2311.6
1212600 2304.2
1212610 2298.7
1212620 2298.7
1212630 2295.2
1212640 2292.9
1212650 2292.9
1212660 2290.4
1212670 2288.2
1212680 2286.1
1212690 2286.1
1212700 2285.7
1212710 2285.0
1212720 2285.0
1212730 2284.4
1212740 2287.2
1212750 2287.2
1212760 2294.8
1212770 2299.8
1212780 2299.8
1212790 2305.0
1212800 2312.8
1212810 2312.8
1212820 2320.4
1212830 2325.0
1212840 2325.0
1212850 2328.7
1212860 2331.2
1212870 2333.0
1212880 2333.0
1212890 2337.6
1212900 2343.9
1212910 2343.9
1212920 2348.4
1212930 2352.0
1212940 2352.0
1212950 2354.8
1212960 2355.7
1212970 2355.7
1212980 2357.8
1212990 2359.2
1213000 2359.2
1213010 2360.0
1213020 2360.3
1213030 2359.2
1213040 2359.2
1213050 2359.3
1213060 2363.2
1213070 2363.2
1213080 2369.4
1213090 2374.2
1213100 2374.2
1213110 2381.1
1213120 2388.9
1213130 2388.9
1213140 2397.9
1213150 2402.0
1213160 2402.0
1213170 2405.9
1213180 2413.4
1213190 2413.4
1213200 2420.5
1213210 2425.7
1213220 2428.1
1213230 2427.1
1213240 2429.9
1213250 2432.9
1213260 2432.9
1213270 2436.5
1213280 2439.5
1213290 2439.5
1213300 2441.7
1213310 2445.4
1213320 2445.4
1213330 2449.3
1213340 2452.6
1213350 2452.6
1213360 2456.6
1213370 2460.9
1213380 2460.9
1213390 2465.6
1213400 2470.1
1213410 2474.2
1213420 2474.2
1213430 2478.8
1213440 2483.4
1213450 2483.4
1213460 2488.2
1213470 2492.8
1213480 2492.8
1213490 2497.6
1213500 2503.2
1213510 2503.2
1213520 2508.9
1213530 2514.7
1213540 2514.7
1213550 2520.1
1213560 2525.7
1213570 2531.6
1213580 2531.6
1213590 2536.4
1213600 2540.2
1213610 2540.2
1213620 2543.4
1213630 2545.3
1213640 2545.3
1213650 2546.7
1213660 2549.2
1213670 2549.2
1213680 2552.8
1213690 2552.3
1213700 2552.3
1213710 2556.0
1213720 2559.6
1213730 2559.6
1213740 2562.9
1213750 2567.6
1213760 2572.6
1213770 2572.6
1213780 2576.9
1213790 2580.4
1213800 2580.4
1213810 2582.5
1213820 2584.0
1213830 2584.0
1213840 2586.2
1213850 2589.6
1213860 2589.6
1213870 2593.7
1213880 2597.6
1213890 2597.6
1213900 2601.4
1213910 2604.3
1213920 2604.3
1213930 2606.4
1213940 2608.1
1213950 2609.0
1213960 2609.0
1213970 2609.1
1213980 2610.3
1213990 2610.3
1214000 2611.8
1214010 2613.6
1214020 2613.6
1214030 2615.9
1214040 2618.2
1214050 2618.2
1214060 2619.1
1214070 2620.1
1214080 2620.1
1214090 2620.8
1214100 2622.9
1214110 2623.0
1214120 2623.0
1214130 2624.4
1214140 2626.5
1214150 2626.5
1214160 2622.4
1214170 2626.6
1214180 2626.6
1214190 2630.1
1214200 2633.1
1214210 2633.1
1214220 2635.8
1214230 2638.7
1214240 2638.7
1214250 2641.5
1214260 2643.9
1214270 2643.9
1214280 2646.0
1214290 2648.6
1214300 2652.1
1214310 2652.1
1214320 2655.9
1214330 2660.9
1214340 2660.9
1214350 2665.3
1214360 2669.3
1214370 2669.3
1214380 2672.3
1214390 2675.1
1214400 2675.1
1214410 2678.1
1214420 2680.3
1214430 2680.3
1214440 2682.3
1214450 2684.3
1214460 2684.3
1214470 2685.8
1214480 2687.2
1214490 2687.7
1214500 2687.7
1214510 2688.1
1214520 2690.3
1214530 2690.3
1214540 2691.9
1214550 2695.1
1214560 2695.1
1214570 2698.8
1214580 2701.3
1214590 2701.3
1214600 2703.8
1214610 2705.6
1214620 2705.6
1214630 2695.7
1214640 2699.8
1214650 2705.0
1214660 2705.0
1214670 2707.0
1214680 2707.8
1214690 2707.8
1214700 2708.1
1214710 2708.1
1214720 2708.1
1214730 2707.9
1214740 2708.1
1214750 2708.1
1214760 2707.5
1214770 2706.7
1214780 2706.7
1214790 2706.5
1214800 2705.4
1214810 2705.4
1214820 2702.9
1214830 2703.8
1214840 2702.3
1214850 2702.3
1214860 2702.6
1214870 2695.5
1214880 2695.5
1214890 2682.5
1214900 2689.8
1214910 2689.8
1214920 2691.7
1214930 2688.3
1214940 2688.3
1214950 2686.4
1214960 2681.9
1214970 2681.9
1214980 2674.3
1214990 2669.5
1215000 2669.5
1215010 2670.0
1215020 2675.4
1215030 2682.8
1215040 2682.8
1215050 2684.2
1215060 2679.3
1215070 2679.3
1215080 2676.5
1215090 2661.7
1215100 2661.7
1215110 2659.8
1215120 2656.5
1215130 2656.5
1215140 2658.7
1215150 2663.5
1215160 2663.5
1215170 2666.4
1215180 2663.4
1215190 2661.0
1215200 2661.0
1215210 2658.8
1215220 2662.6
1215230 2662.6
1215240 2663.4
1215250 2661.8
1215260 2661.8
1215270 2659.4
1215280 2656.6
1215290 2656.6
1215300 2654.8
1215310 2654.1
1215320 2654.1
1215330 2653.2
1215340 2656.1
1215350 2656.1
1215360 2659.1
1215370 2659.9
1215380 2659.6
1215390 2659.6
1215400 2661.6
1215410 2662.0
1215420 2662.0
1215430 2659.3
1215440 2661.2
1215450 2661.2
1215460 2666.4
1215470 2670.6
1215480 2670.6
1215490 2675.0
1215500 2676.2
1215510 2676.2
1215520 2675.9
1215530 2675.3
1215540 2675.3
1215550 2676.8
1215560 2665.6
1215570 2668.1
1215580 2668.1
1215590 2670.1
1215600 2671.4
1215610 2671.4
1215620 2672.1
1215630 2674.1
1215640 2674.1
1215650 2673.3
1215660 2670.2
1215670 2670.2
1215680 2672.8
1215690 2677.0
1215700 2677.0
1215710 2678.3
1215720 2680.0
1215730 2681.3
1215740 2681.3
1215750 2681.8
1215760 2682.3
1215770 2682.3
1215780 2683.6
1215790 2686.3
1215800 2686.3
1215810 2690.7
1215820 2693.0
1215830 2693.0
1215840 2692.8
1215850 2693.9
1215860 2693.9
1215870 2697.9
1215880 2702.8
1215890 2702.8
1215900 2709.7
1215910 2711.8
1215920 2712.0
1215930 2712.0
1215940 2714.4
1215950 2711.6
1215960 2711.6
1215970 2711.8
1215980 2719.3
1215990 2719.3
1216000 2725.0
1216010 2727.0
1216020 2727.0
1216030 2721.8
1216040 2724.9
1216050 2724.9
1216060 2727.3
1216070 2729.2
1216080 2729.2
1216090 2732.5
1216100 2734.6
1216110 2736.7
1216120 2736.7
1216130 2739.0
1216140 2738.9
1216150 2738.9
1216160 2741.2
1216170 2745.1
1216180 2745.1
1216190 2750.4
1216200 2750.6
1216210 2750.6
1216220 2751.7
1216230 2756.4
1216240 2756.4
1216250 2761.4
1216260 2766.3
1216270 2769.3
1216280 2769.3
1216290 2772.5
1216300 2775.4
1216310 2775.4
1216320 2778.1
1216330 2780.9
1216340 2780.9
1216350 2783.6
1216360 2784.7
1216370 2784.7
1216380 2785.8
1216390 2790.0
1216400 2790.0
1216410 2796.9
1216420 2801.2
1216430 2801.2
1216440 2805.3
1216450 2809.7
1216460 2814.8
1216470 2814.8
1216480 2819.1
1216490 2822.6
1216500 2815.5
1216510 2818.7
1216520 2822.8
1216530 2822.8
1216540 2827.6
1216550 2832.0
1216560 2832.0
1216570 2835.5
1216580 2838.4
1216590 2838.4
1216600 2841.4
1216610 2844.0
1216620 2844.0
1216630 2847.0
1216640 2851.4
1216650 2855.5
1216660 2855.5
1216670 2859.2
1216680 2863.1
1216690 2863.1
1216700 2867.7
1216710 2871.9
1216720 2871.9
1216730 2875.9
1216740 2879.9
1216750 2879.9
1216760 2884.3
1216770 2888.3
1216780 2888.3
1216790 2890.3
1216800 2887.8
1216810 2881.1
1216820 2881.1
1216830 2878.5
1216840 2879.9
1216850 2879.9
1216860 2885.0
1216870 2893.9
1216880 2893.9
1216890 2902.3
1216900 2908.7
1216910 2908.7
1216920 2913.7
1216930 2917.7
1216940 2917.7
1216950 2922.2
1216960 2929.5
1216970 2926.0
1216980 2932.5
1216990 2939.3
1217000 2945.8
1217010 2945.8
1217020 2951.8
1217030 2957.5
1217040 2957.5
1217050 2963.0
1217060 2968.3
1217070 2968.3
1217080 2973.3
1217090 2978.0
1217100 2978.0
1217110 2982.3
1217120 2985.2
1217130 2985.2
1217140 2986.6
1217150 2988.0
1217160 2988.0
1217170 2988.2
1217180 2987.6
1217190 2987.5
1217200 2987.5
1217210 2988.9
1217220 2991.5
1217230 2991.5
1217240 2994.7
1217250 2997.5
1217260 2997.5
1217270 2999.7
1217280 3002.9
1217290 3002.9
1217300 3008.6
1217310 3015.2
1217320 3015.2
1217330 3020.1
1217340 3022.7
1217350 3024.6
1217360 3024.6
1217370 3025.0
1217380 3023.5
1217390 3023.5
1217400 3022.3
1217410 3023.5
1217420 3023.5
1217430 3027.2
1217440 3027.2
1217450 3027.2
1217460 3028.6
1217470 3028.4
1217480 3028.4
1217490 3026.4
1217500 3023.6
1217510 3023.6
1217520 3022.4
1217530 3022.3
1217540 3022.3
1217550 3022.3
1217560 3022.8
1217570 3026.2
1217580 3026.2
1217590 3033.1
1217600 3040.4
1217610 3040.4
1217620 3047.7
1217630 3054.4
1217640 3054.4
1217650 3058.2
1217660 3060.3
1217670 3060.3
1217680 3063.0
1217690 3064.0
1217700 3064.0
1217710 3064.7
1217720 3065.4
1217730 3063.7
1217740 3063.7
1217750 3062.0
1217760 3062.0
1217770 3062.0
1217780 3064.3
1217790 3068.2
1217800 3068.2
1217810 3072.5
1217820 3077.4
1217830 3077.4
1217840 3083.0
1217850 3088.5
1217860 3088.5
1217870 3094.0
1217880 3098.6
1217890 3101.8
1217900 3101.8
1217910 3103.8
1217920 3103.4
1217930 3103.4
1217940 3105.4
1217950 3109.4
1217960 3109.4
1217970 3114.5
1217980 3121.0
1217990 3121.0
1218000 3127.0
1218010 3132.5
1218020 3132.5
1218030 3137.4
1218040 3142.0
1218050 3142.0
1218060 3147.9
1218070 3156.1
1218080 3166.6
1218090 3166.6
1218100 3177.0
1218110 3188.2
1218120 3188.2
1218130 3199.8
1218140 3211.6
1218150 3211.6
1218160 3220.4
1218170 3226.5
1218180 3226.5
1218190 3235.7
1218200 3248.8
1218210 3248.8
1218220 3261.8
1218230 3273.1
1218240 3273.1
1218250 3277.2
1218260 3286.0
1218270 3296.6
1218280 3296.6
1218290 3304.7
1218300 3313.7
1218310 3313.7
1218320 3324.3
1218330 3334.5
1218340 3334.5
1218350 3341.5
1218360 3350.9
1218370 3350.9
1218380 3360.0
1218390 3357.8
1218400 3357.8
1218410 3354.0
1218420 3347.9
1218430 3342.0
1218440 3342.0
1218450 3332.6
1218460 3326.4
1218470 3326.4
1218480 3329.6
1218490 3335.8
1218500 3335.8
1218510 3330.7
1218520 3324.7
1218530 3324.7
1218540 3320.9
1218550 3326.1
1218560 3326.1
1218570 3335.5
1218580 3340.3
1218590 3340.3
1218600 3334.9
1218610 3346.2
1218620 3357.4
1218630 3357.4
1218640 3360.2
1218650 3357.3
1218660 3357.3
1218670 3358.8
1218680 3356.8
1218690 3356.8
1218700 3346.9
1218710 3337.5
1218720 3337.5
1218730 3328.5
1218740 3319.5
1218750 3319.5
1218760 3312.4
1218770 3304.8
1218780 3298.7
1218790 3298.7
1218800 3292.0
1218810 3288.1
1218820 3288.1
1218830 3285.4
1218840 3283.2
1218850 3283.2
1218860 3284.7
1218870 3282.6
1218880 3282.6
1218890 3280.8
1218900 3279.1
1218910 3279.1
1218920 3277.8
1218930 3276.8
1218940 3276.8
1218950 3276.1
1218960 3275.5
1218970 3275.2
1218980 3275.2
1218990 3274.8
1219000 3274.3
1219010 3274.3
1219020 3273.7
1219030 3273.1
1219040 3273.1
1219050 3272.6
1219060 3272.1
1219070 3272.1
1219080 3271.5
1219090 3270.7
1219100 3270.7
1219110 3269.7
1219120 3269.2
1219130 3269.2
1219140 3269.5
1219150 3270.4
1219160 3271.8
1219170 3271.8
1219180 3273.5
1219190 3275.3
1219200 3275.3
1219210 3277.3
1219220 3279.2
1219230 3279.2
1219240 3281.0
1219250 3282.6
1219260 3282.6
1219270 3284.2
1219280 3285.8
1219290 3285.8
1219300 3287.6
1219310 3289.5
1219320 3291.6
1219330 3291.6
1219340 3294.4
1219350 3296.3
1219360 3296.3
1219370 3298.2
1219380 3300.2
1219390 3300.2
1219400 3302.2
1219410 3304.4
1219420 3304.4
1219430 3306.6
1219440 3308.0
1219450 3308.0
1219460 3310.4
1219470 3314.0
1219480 3314.0
1219490 3316.4
1219500 3319.1
1219510 3322.3
1219520 3322.3
1219530 3325.5
1219540 3329.7
1219550 3329.7
1219560 3335.8
1219570 3342.9
1219580 3342.9
1219590 3351.0
1219600 3358.2
1219610 3358.2
1219620 3364.5
1219630 3370.3
1219640 3370.3
1219650 3375.8
1219660 3380.9
1219670 3380.9
1219680 3385.6
1219690 3390.3
1219700 3396.1
1219710 3396.1
1219720 3402.8
1219730 3410.3
1219740 3410.3
1219750 3418.8
1219760 3427.5
1219770 3427.5
1219780 3434.4
1219790 3439.8
1219800 3439.8
1219810 3445.0
1219820 3449.7
1219830 3449.7
1219840 3454.9
1219850 3460.0
1219860 3464.9
1219870 3464.9
1219880 3469.9
1219890 3475.1
1219900 3475.1
1219910 3481.0
1219920 3487.5
1219930 3487.5
1219940 3489.6
1219950 3482.0
1219960 3482.0
1219970 3471.9
1219980 3462.5
1219990 3462.5
