1200000 2866.4
1200010 2870.1
1200020 2873.4
1200030 2873.4
1200040 2878.0
1200050 2885.2
1200060 2885.2
1200070 2888.6
1200080 2890.2
1200090 2890.2
1200100 2890.2
1200110 2890.0
1200120 2890.0
1200130 2890.5
1200140 2891.9
1200150 2891.9
1200160 2893.8
1200170 2896.7
1200180 2899.8
1200190 2899.8
1200200 2903.5
1200210 2907.8
1200220 2907.8
1200230 2911.7
1200240 2915.9
1200250 2915.9
1200260 2918.2
1200270 2921.6
1200280 2921.6
1200290 2926.5
1200300 2928.2
1200310 2928.2
1200320 2928.4
1200330 2928.8
1200340 2930.6
1200350 2930.6
1200360 2933.5
1200370 2936.6
1200380 2936.6
1200390 2939.8
1200400 2943.1
1200410 2943.1
1200420 2946.4
1200430 2949.7
1200440 2949.7
1200450 2953.2
1200460 2956.9
1200470 2956.9
1200480 2960.9
1200490 2964.9
1200500 2969.6
1200510 2973.3
1200520 2977.1
1200530 2980.8
1200540 2980.8
1200550 2984.4
1200560 2987.7
1200570 2987.7
1200580 2990.5
1200590 2992.9
1200600 2992.9
1200610 2995.1
1200620 2997.0
1200630 2997.0
1200640 2998.5
1200650 2999.7
1200660 2999.7
1200670 3000.8
1200680 3001.9
1200690 3001.9
1200700 3003.1
1200710 3005.2
1200720 3008.1
1200730 3008.1
1200740 3011.5
1200750 3014.7
1200760 3014.7
1200770 3017.8
1200780 3020.5
1200790 3020.5
1200800 3022.9
1200810 3025.2
1200820 3025.2
1200830 3027.5
1200840 3029.7
1200850 3029.7
1200860 3032.0
1200870 3034.5
1200880 3037.4
1200890 3037.4
1200900 3040.5
1200910 3043.6
1200920 3043.6
1200930 3046.6
1200940 3052.0
1200950 3052.0
1200960 3054.9
1200970 3057.6
1200980 3057.6
1200990 3060.2
1201000 3062.9
1201010 3062.9
1201020 3065.5
1201030 3068.1
1201040 3068.1
1201050 3070.7
1201060 3073.3
1201070 3075.7
1201080 3075.7
1201090 3078.1
1201100 3080.6
1201110 3080.6
1201120 3083.1
1201130 3084.8
1201140 3084.8
1201150 3087.5
1201160 3090.1
1201170 3090.1
1201180 3092.0
1201190 3093.7
1201200 3093.7
1201210 3097.4
1201220 3104.0
1201230 3104.0
1201240 3108.7
1201250 3107.3
1201260 3105.7
1201270 3105.7
1201280 3106.4
1201290 3106.7
1201300 3106.7
1201310 3107.9
1201320 3110.1
1201330 3110.1
1201340 3112.8
1201350 3116.1
1201360 3116.1
1201370 3119.5
1201380 3123.4
1201390 3128.0
1201400 3131.8
1201410 3136.0
1201420 3139.7
1201430 3139.7
1201440 3142.9
1201450 3146.0
1201460 3146.0
1201470 3148.1
1201480 3150.5
1201490 3150.5
1201500 3152.4
1201510 3153.7
1201520 3153.7
1201530 3155.5
1201540 3157.6
1201550 3157.6
1201560 3159.7
1201570 3161.9
1201580 3161.9
1201590 3164.7
1201600 3167.9
1201610 3171.7
1201620 3171.7
1201630 3175.4
1201640 3179.2
1201650 3179.2
1201660 3183.5
1201670 3188.0
1201680 3188.0
1201690 3190.7
1201700 3186.7
1201710 3186.7
1201720 3179.6
1201730 3172.4
1201740 3172.4
1201750 3166.2
1201760 3159.8
1201770 3159.8
1201780 3152.6
1201790 3146.4
1201800 3141.2
1201810 3141.2
1201820 3136.2
1201830 3131.4
1201840 3131.4
1201850 3127.7
1201860 3126.5
1201870 3126.5
1201880 3126.2
1201890 3124.8
1201900 3124.8
1201910 3123.0
1201920 3121.7
1201930 3121.7
1201940 3118.5
1201950 3114.0
1201960 3110.0
1201970 3110.0
1201980 3106.7
1201990 3103.7
1202000 3103.7
1202010 3101.6
1202020 3100.5
1202030 3100.5
1202040 3099.8
1202050 3099.3
1202060 3099.3
1202070 3098.5
1202080 3097.1
1202090 3097.1
1202100 3095.0
1202110 3092.3
1202120 3092.3
1202130 3090.7
1202140 3089.5
1202150 3088.2
1202160 3088.2
1202170 3086.8
1202180 3084.3
1202190 3084.3
1202200 3078.7
1202210 3073.6
1202220 3073.6
1202230 3066.5
1202240 3060.0
1202250 3060.0
1202260 3055.1
1202270 3050.7
1202280 3050.7
1202290 3046.2
1202300 3039.8
1202310 3039.8
1202320 3034.1
1202330 3030.2
1202340 3027.1
1202350 3027.1
1202360 3023.7
1202370 3019.6
1202380 3019.6
1202390 3016.0
1202400 3012.5
1202410 3012.5
1202420 3007.5
1202430 3001.3
1202440 3001.3
1202450 2995.0
1202460 2990.2
1202470 2990.2
1202480 2988.2
1202490 2985.6
1202500 2983.1
1202510 2983.1
1202520 2980.5
1202530 2977.1
1202540 2977.1
1202550 2972.6
1202560 2969.3
1202570 2969.3
1202580 2968.0
1202590 2966.8
1202600 2966.8
1202610 2965.0
1202620 2963.2
1202630 2963.2
1202640 2961.7
1202650 2959.8
1202660 2959.8
1202670 2957.7
1202680 2954.6
1202690 2951.6
1202700 2951.6
1202710 2949.9
1202720 2948.4
1202730 2946.1
1202740 2944.3
1202750 2943.2
1202760 2943.2
1202770 2942.3
1202780 2942.1
1202790 2942.1
1202800 2942.6
1202810 2941.0
1202820 2941.0
1202830 2938.3
1202840 2935.2
1202850 2935.2
1202860 2931.9
1202870 2929.1
1202880 2926.7
1202890 2926.7
1202900 2924.7
1202910 2923.3
1202920 2923.3
1202930 2922.2
1202940 2921.1
1202950 2921.1
1202960 2919.9
1202970 2918.7
1202980 2918.7
1202990 2917.3
1203000 2915.7
1203010 2915.7
1203020 2913.7
1203030 2911.6
1203040 2909.4
1203050 2909.4
1203060 2907.1
1203070 2904.0
1203080 2904.0
1203090 2900.6
1203100 2897.9
1203110 2897.9
1203120 2895.4
1203130 2892.9
1203140 2892.9
1203150 2891.1
1203160 2888.9
1203170 2887.5
1203180 2884.8
1203190 2882.2
1203200 2882.2
1203210 2879.6
1203220 2876.6
1203230 2872.5
1203240 2872.5
1203250 2867.9
1203260 2863.7
1203270 2863.7
1203280 2859.8
1203290 2856.2
1203300 2856.2
1203310 2852.7
1203320 2848.8
1203330 2848.8
1203340 2845.0
1203350 2841.2
1203360 2841.2
1203370 2837.7
1203380 2834.7
1203390 2834.7
1203400 2831.1
1203410 2827.5
1203420 2823.9
1203430 2823.9
1203440 2818.3
1203450 2811.2
1203460 2811.2
1203470 2807.3
1203480 2805.0
1203490 2805.0
1203500 2801.5
1203510 2795.1
1203520 2795.1
1203530 2789.7
1203540 2786.3
1203550 2786.3
1203560 2783.7
1203570 2778.1
1203580 2771.9
1203590 2771.9
1203600 2766.0
1203610 2761.0
1203620 2760.9
1203630 2756.0
1203640 2751.1
1203650 2751.1
1203660 2746.3
1203670 2741.5
1203680 2741.5
1203690 2737.3
1203700 2733.4
1203710 2733.4
1203720 2728.9
1203730 2724.2
1203740 2724.2
1203750 2719.5
1203760 2714.7
1203770 2708.0
1203780 2708.0
1203790 2700.8
1203800 2695.1
1203810 2695.1
1203820 2690.6
1203830 2685.7
1203840 2685.7
1203850 2680.6
1203860 2675.8
1203870 2675.8
1203880 2671.2
1203890 2666.8
1203900 2666.8
1203910 2663.0
1203920 2658.6
1203930 2658.6
1203940 2654.2
1203950 2650.6
1203960 2647.1
1203970 2647.1
1203980 2643.6
1203990 2640.1
1204000 2640.1
1204010 2635.9
1204020 2633.1
1204030 2633.1
1204040 2630.3
1204050 2626.9
1204060 2626.9
1204070 2624.2
1204080 2621.3
1204090 2621.3
1204100 2618.2
1204110 2615.4
1204120 2613.0
1204130 2613.0
1204140 2611.4
1204150 2609.9
1204160 2609.9
1204170 2609.1
1204180 2608.3
1204190 2608.3
1204200 2606.4
1204210 2603.9
1204220 2603.9
1204230 2603.3
1204240 2602.3
1204250 2602.3
1204260 2598.5
1204270 2596.5
1204280 2596.5
1204290 2597.8
1204300 2598.5
1204310 2597.8
1204320 2597.8
1204330 2597.5
1204340 2596.5
1204350 2596.5
1204360 2594.7
1204370 2594.9
1204380 2594.9
1204390 2596.4
1204400 2597.0
1204410 2597.0
1204420 2597.6
1204430 2597.1
1204440 2597.1
1204450 2597.1
1204460 2597.9
1204470 2597.9
1204480 2600.0
1204490 2603.8
1204500 2606.2
1204510 2606.2
1204520 2608.0
1204530 2609.6
1204540 2609.6
1204550 2611.1
1204560 2613.2
1204570 2613.2
1204580 2615.4
1204590 2617.9
1204600 2617.9
1204610 2621.3
1204620 2625.3
1204630 2625.3
1204640 2629.4
1204650 2633.0
1204660 2635.8
1204670 2635.8
1204680 2638.4
1204690 2641.4
1204700 2641.4
1204710 2644.4
1204720 2646.8
1204730 2646.8
1204740 2649.7
1204750 2653.1
1204760 2653.1
1204770 2656.1
1204780 2659.1
1204790 2659.1
1204800 2662.9
1204810 2665.8
1204820 2665.8
1204830 2667.5
1204840 2670.4
1204850 2673.1
1204860 2673.1
1204870 2676.1
1204880 2679.3
1204890 2679.3
1204900 2683.0
1204910 2687.3
1204920 2687.3
1204930 2690.9
1204940 2694.3
1204950 2694.3
1204960 2697.5
1204970 2699.0
1204980 2699.0
1204990 2703.1
1205000 2707.8
1205010 2707.8
1205020 2712.9
1205030 2717.9
1205040 2722.2
1205050 2722.2
1205060 2725.9
1205070 2728.9
1205080 2728.9
1205090 2732.6
1205100 2737.4
1205110 2737.4
1205120 2742.2
1205130 2745.4
1205140 2745.4
1205150 2747.2
1205160 2749.4
1205170 2749.4
1205180 2752.2
1205190 2757.6
1205200 2765.2
1205210 2765.2
1205220 2770.4
1205230 2777.2
1205240 2777.2
1205250 2784.8
1205260 2788.4
1205270 2788.4
1205280 2790.5
1205290 2793.5
1205300 2793.5
1205310 2797.4
1205320 2800.8
1205330 2800.8
1205340 2805.6
1205350 2810.1
1205360 2810.1
1205370 2812.6
1205380 2813.6
1205390 2815.7
1205400 2815.7
1205410 2817.1
1205420 2820.9
1205430 2820.9
1205440 2822.8
1205450 2825.6
1205460 2825.6
1205470 2829.2
1205480 2833.3
1205490 2833.3
1205500 2837.8
1205510 2841.9
1205520 2841.9
1205530 2844.9
1205540 2846.9
1205550 2846.9
1205560 2848.4
1205570 2848.7
1205580 2848.5
1205590 2848.5
1205600 2848.4
1205610 2848.1
1205620 2848.1
1205630 2847.9
1205640 2848.3
1205650 2848.3
1205660 2849.3
1205670 2850.2
1205680 2850.2
1205690 2851.3
1205700 2853.2
1205710 2853.2
1205720 2857.2
1205730 2862.6
1205740 2866.4
1205750 2866.4
1205760 2867.7
1205770 2866.5
1205780 2866.5
1205790 2866.3
1205800 2867.8
1205810 2867.8
1205820 2868.9
1205830 2869.6
1205840 2869.6
1205850 2870.0
1205860 2870.7
1205870 2870.7
1205880 2871.6
1205890 2871.7
1205900 2871.7
1205910 2871.7
1205920 2872.7
1205930 2874.7
1205940 2874.7
1205950 2877.0
1205960 2880.3
1205970 2880.3
1205980 2883.8
1205990 2887.1
1206000 2887.1
1206010 2889.9
1206020 2892.5
1206030 2892.5
1206040 2895.0
1206050 2897.4
1206060 2897.4
1206070 2899.7
1206080 2901.8
1206090 2901.8
1206100 2904.1
1206110 2906.5
1206120 2910.0
1206130 2910.0
1206140 2913.7
1206150 2918.3
1206160 2918.3
1206170 2921.1
1206180 2924.5
1206190 2924.5
1206200 2928.4
1206210 2933.3
1206220 2933.3
1206230 2938.5
1206240 2942.3
1206250 2942.3
1206260 2946.2
1206270 2950.4
1206280 2952.7
1206290 2952.7
1206300 2955.5
1206310 2960.4
1206320 2960.4
1206330 2964.2
1206340 2967.8
1206350 2967.8
1206360 2970.7
1206370 2972.4
1206380 2972.4
1206390 2974.0
1206400 2976.0
1206410 2976.0
1206420 2979.9
1206430 2983.4
1206440 2983.4
1206450 2986.2
1206460 2988.4
1206470 2989.1
1206480 2989.1
1206490 2988.7
1206500 2987.8
1206510 2987.8
1206520 2987.9
1206530 2990.0
1206540 2990.0
1206550 2993.3
1206560 2998.0
1206570 2998.0
1206580 3002.3
1206590 3005.0
1206600 3005.0
1206610 3011.6
1206620 3019.0
1206630 3019.0
1206640 3023.2
1206650 3029.8
1206660 3036.7
1206670 3036.7
1206680 3043.0
1206690 3052.9
1206700 3052.9
1206710 3067.4
1206720 3078.0
1206730 3078.0
1206740 3079.2
1206750 3073.1
1206760 3073.1
1206770 3068.2
1206780 3076.2
1206790 3076.2
1206800 3069.8
1206810 3067.6
1206820 3066.6
1206830 3066.6
1206840 3066.4
1206850 3063.3
1206860 3063.3
1206870 3062.0
1206880 3060.7
1206890 3060.7
1206900 3058.4
1206910 3056.2
1206920 3056.2
1206930 3055.5
1206940 3056.4
1206950 3056.4
1206960 3055.9
1206970 3055.5
1206980 3055.5
1206990 3055.1
1207000 3055.2
1207010 3055.9
1207020 3055.9
1207030 3056.4
1207040 3056.7
1207050 3056.7
1207060 3057.1
1207070 3057.8
1207080 3057.8
1207090 3058.8
1207100 3059.6
1207110 3059.6
1207120 3060.3
1207130 3061.3
1207140 3061.3
1207150 3062.2
1207160 3063.3
1207170 3063.3
1207180 3064.5
1207190 3066.1
1207200 3067.5
1207210 3067.5
1207220 3069.1
1207230 3070.6
1207240 3074.0
1207250 3075.8
1207260 3077.5
1207270 3077.5
1207280 3079.4
1207290 3081.3
1207300 3081.3
1207310 3083.3
1207320 3085.1
1207330 3085.1
1207340 3086.9
1207350 3088.5
1207360 3089.9
1207370 3089.9
1207380 3091.3
1207390 3092.4
1207400 3092.4
1207410 3093.3
1207420 3094.1
1207430 3094.1
1207440 3094.6
1207450 3094.8
1207460 3094.8
1207470 3094.7
1207480 3094.8
1207490 3094.8
1207500 3095.4
1207510 3096.3
1207520 3096.3
1207530 3097.4
1207540 3098.4
1207550 3099.2
1207560 3099.2
1207570 3100.3
1207580 3101.2
1207590 3101.2
1207600 3102.2
1207610 3103.4
1207620 3103.4
1207630 3104.7
1207640 3106.7
1207650 3106.7
1207660 3109.5
1207670 3112.6
1207680 3112.6
1207690 3119.3
1207700 3123.3
1207710 3123.3
1207720 3127.4
1207730 3131.6
1207740 3135.9
1207750 3135.9
1207760 3140.0
1207770 3144.0
1207780 3144.0
1207790 3147.5
1207800 3150.8
1207810 3150.8
1207820 3154.1
1207830 3157.4
1207840 3157.4
1207850 3160.9
1207860 3164.4
1207870 3164.4
1207880 3168.3
1207890 3172.2
1207900 3175.7
1207910 3175.7
1207920 3178.6
1207930 3180.8
1207940 3180.8
1207950 3182.7
1207960 3184.8
1207970 3184.8
1207980 3186.7
1207990 3189.0
1208000 3189.0
1208010 3191.0
1208020 3193.1
1208030 3193.1
1208040 3195.4
1208050 3197.9
1208060 3197.9
1208070 3200.8
1208080 3203.6
1208090 3206.4
1208100 3206.4
1208110 3209.3
1208120 3212.2
1208130 3212.2
1208140 3215.1
1208150 3220.5
1208160 3220.5
1208170 3223.3
1208180 3226.2
1208190 3226.2
1208200 3229.3
1208210 3232.6
1208220 3232.6
1208230 3236.6
1208240 3243.4
1208250 3243.4
1208260 3255.7
1208270 3267.0
1208280 3279.0
1208290 3279.0
1208300 3295.5
1208310 3301.6
1208320 3301.6
1208330 3304.6
1208340 3307.4
1208350 3307.4
1208360 3299.8
1208370 3291.2
1208380 3291.2
1208390 3282.0
1208400 3273.6
1208410 3273.6
1208420 3265.3
1208430 3257.7
1208440 3252.8
1208450 3252.8
1208460 3247.7
1208470 3242.0
1208480 3242.0
1208490 3236.5
1208500 3230.3
1208510 3230.3
1208520 3224.7
1208530 3220.2
1208540 3220.2
1208550 3215.7
1208560 3212.5
1208570 3212.5
1208580 3210.3
1208590 3207.4
1208600 3207.4
1208610 3198.9
1208620 3196.9
1208630 3194.7
1208640 3194.7
1208650 3190.7
1208660 3186.5
1208670 3186.5
1208680 3182.3
1208690 3178.1
1208700 3178.1
1208710 3174.1
1208720 3170.5
1208730 3170.5
1208740 3167.4
1208750 3164.4
1208760 3164.4
1208770 3160.7
1208780 3156.7
1208790 3156.7
1208800 3152.4
1208810 3148.1
1208820 3144.0
1208830 3144.0
1208840 3139.4
1208850 3135.0
1208860 3135.0
1208870 3130.9
1208880 3127.1
1208890 3127.1
1208900 3122.2
1208910 3116.9
1208920 3116.9
1208930 3112.2
1208940 3107.9
1208950 3107.9
1208960 3102.8
1208970 3096.9
1208980 3091.2
1208990 3091.2
1209000 3085.6
1209010 3080.8
1209020 3080.8
1209030 3076.9
1209040 3072.8
1209050 3072.8
1209060 3071.3
1209070 3068.2
1209080 3068.2
1209090 3063.7
1209100 3059.9
1209110 3059.9
1209120 3055.3
1209130 3048.3
1209140 3048.3
1209150 3041.0
1209160 3033.8
1209170 3028.8
1209180 3028.8
1209190 3024.6
1209200 3020.5
1209210 3020.5
1209220 3016.6
1209230 3012.7
1209240 3012.7
1209250 3008.6
1209260 3004.9
1209270 3004.9
1209280 3001.9
1209290 2999.4
1209300 2999.4
1209310 2996.2
1209320 2992.5
1209330 2992.5
1209340 2990.2
1209350 2988.0
1209360 2984.5
1209370 2984.5
1209380 2981.9
1209390 2979.0
1209400 2979.0
1209410 2976.0
1209420 2973.0
1209430 2973.0
1209440 2968.6
1209450 2963.3
1209460 2963.3
1209470 2957.4
1209480 2951.0
1209490 2951.0
1209500 2944.5
1209510 2940.8
1209520 2936.0
1209530 2936.0
1209540 2932.0
1209550 2928.7
1209560 2928.7
1209570 2926.4
1209580 2924.1
1209590 2924.1
1209600 2921.6
1209610 2919.9
1209620 2919.9
1209630 2917.9
1209640 2914.7
1209650 2914.7
1209660 2910.0
1209670 2906.0
1209680 2906.0
1209690 2902.9
1209700 2899.7
1209710 2896.3
1209720 2896.3
1209730 2891.8
1209740 2887.4
1209750 2887.4
1209760 2883.4
1209770 2879.6
1209780 2879.6
1209790 2876.3
1209800 2872.9
1209810 2872.9
1209820 2870.7
1209830 2871.0
1209840 2871.0
1209850 2871.7
1209860 2870.5
1209870 2870.5
1209880 2869.3
1209890 2868.9
1209900 2869.3
1209910 2869.3
1209920 2870.4
1209930 2871.0
1209940 2871.0
1209950 2871.1
1209960 2870.9
1209970 2870.9
1209980 2867.4
1209990 2865.6
1210000 2865.6
1210010 2862.6
1210020 2858.7
1210030 2858.7
1210040 2854.8
1210050 2851.1
1210060 2846.7
1210070 2846.7
1210080 2841.1
1210090 2835.3
1210100 2835.3
1210110 2830.1
1210120 2826.7
1210130 2826.7
1210140 2823.9
1210150 2821.8
1210160 2821.8
1210170 2819.3
1210180 2817.2
1210190 2817.2
1210200 2814.4
1210210 2811.8
1210220 2811.8
1210230 2808.7
1210240 2805.4
1210250 2802.0
1210260 2802.0
1210270 2799.2
1210280 2796.9
1210290 2796.9
1210300 2795.2
1210310 2793.6
1210320 2793.6
1210330 2791.3
1210340 2788.7
1210350 2788.7
1210360 2785.5
1210370 2781.9
1210380 2781.9
1210390 2778.5
1210400 2775.5
1210410 2775.5
1210420 2772.5
1210430 2769.0
1210440 2760.6
1210450 2760.6
1210460 2757.3
1210470 2753.6
1210480 2753.6
1210490 2750.4
1210500 2747.9
1210510 2747.9
1210520 2744.8
1210530 2742.3
1210540 2742.3
1210550 2740.3
1210560 2738.0
1210570 2738.0
1210580 2735.6
1210590 2732.8
1210600 2730.0
1210610 2730.0
1210620 2729.2
1210630 2726.1
1210640 2726.1
1210650 2722.2
1210660 2718.5
1210670 2718.5
1210680 2715.2
1210690 2712.2
1210700 2712.2
1210710 2708.0
1210720 2703.0
1210730 2703.0
1210740 2700.0
1210750 2698.8
1210760 2698.8
1210770 2696.5
1210780 2693.8
1210790 2691.9
1210800 2691.9
1210810 2689.6
1210820 2688.0
1210830 2688.0
1210840 2686.3
1210850 2685.3
1210860 2685.3
1210870 2685.2
1210880 2684.8
1210890 2684.8
1210900 2678.8
1210910 2678.6
1210920 2678.6
1210930 2679.0
1210940 2678.1
1210950 2677.7
1210960 2677.7
1210970 2677.4
1210980 2675.2
1210990 2675.2
1211000 2672.2
1211010 2669.4
1211020 2669.4
1211030 2666.8
1211040 2664.2
1211050 2664.2
1211060 2660.5
1211070 2656.1
1211080 2656.1
1211090 2651.7
1211100 2649.0
1211110 2649.0
1211120 2647.0
1211130 2644.0
1211140 2641.3
1211150 2641.3
1211160 2638.9
1211170 2636.6
1211180 2636.6
1211190 2632.7
1211200 2626.3
1211210 2626.3
1211220 2619.6
1211230 2613.4
1211240 2613.4
1211250 2611.1
1211260 2609.8
1211270 2609.8
1211280 2609.5
1211290 2609.9
1211300 2609.9
1211310 2610.1
1211320 2609.1
1211330 2607.2
1211340 2607.2
1211350 2604.5
1211360 2598.6
1211370 2598.6
1211380 2596.0
1211390 2595.1
1211400 2595.1
1211410 2593.7
1211420 2590.7
1211430 2590.7
1211440 2588.8
1211450 2587.4
1211460 2587.4
1211470 2585.6
1211480 2583.4
1211490 2580.3
1211500 2580.3
1211510 2577.9
1211520 2575.3
1211530 2575.3
1211540 2573.3
1211550 2571.5
1211560 2571.5
1211570 2569.1
1211580 2566.9
1211590 2566.9
1211600 2563.4
1211610 2560.5
1211620 2560.5
1211630 2558.0
1211640 2555.6
1211650 2555.6
1211660 2553.3
1211670 2550.5
1211680 2547.3
1211690 2547.3
1211700 2545.6
1211710 2545.6
1211720 2545.6
1211730 2544.9
1211740 2542.5
1211750 2542.5
1211760 2538.9
1211770 2536.3
1211780 2536.3
1211790 2533.7
1211800 2530.7
1211810 2530.7
1211820 2525.4
1211830 2522.3
1211840 2522.3
1211850 2519.9
1211860 2516.9
1211870 2514.4
1211880 2514.4
1211890 2511.5
1211900 2508.4
1211910 2508.4
1211920 2505.7
1211930 2503.2
1211940 2503.2
1211950 2500.7
1211960 2498.1
1211970 2498.1
1211980 2495.0
1211990 2491.7
1212000 2491.7
1212010 2488.7
1212020 2485.6
1212030 2482.6
1212040 2482.6
1212050 2479.5
1212060 2476.4
1212070 2476.4
1212080 2473.4
1212090 2470.1
1212100 2470.1
1212110 2466.4
1212120 2463.2
1212130 2463.2
1212140 2460.0
1212150 2456.1
1212160 2456.1
1212170 2448.1
1212180 2436.6
1212190 2436.6
1212200 2425.3
1212210 2425.5
1212220 2427.0
1212230 2427.0
1212240 2421.1
1212250 2414.3
1212260 2414.3
1212270 2407.2
1212280 2401.4
1212290 2406.3
1212300 2401.9
1212310 2397.4
1212320 2397.4
1212330 2392.9
1212340 2388.4
1212350 2388.4
1212360 2387.2
1212370 2387.4
1212380 2387.4
1212390 2388.3
1212400 2388.7
1212410 2389.2
1212420 2389.2
1212430 2385.1
1212440 2378.7
1212450 2378.7
1212460 2373.2
1212470 2368.4
1212480 2368.4
1212490 2363.3
1212500 2357.6
1212510 2357.6
1212520 2351.7
1212530 2345.9
1212540 2345.9
1212550 2340.2
1212560 2334.7
1212570 2329.5
1212580 2329.5
1212590 2327.0
1212600 2324.9
1212610 2324.9
1212620 2321.8
1212630 2317.1
1212640 2317.1
1212650 2314.9
1212660 2311.9
1212670 2311.9
1212680 2309.0
1212690 2305.7
1212700 2305.7
1212710 2303.1
1212720 2300.3
1212730 2300.3
1212740 2296.8
1212750 2297.7
1212760 2303.6
1212770 2303.6
1212780 2308.5
1212790 2311.3
1212800 2311.3
1212810 2313.5
1212820 2315.7
1212830 2315.7
1212840 2317.3
1212850 2319.3
1212860 2319.3
1212870 2322.0
1212880 2326.3
1212890 2326.3
1212900 2331.1
1212910 2335.9
1212920 2335.9
1212930 2341.1
1212940 2345.9
1212950 2348.0
1212960 2348.0
1212970 2349.7
1212980 2352.7
1212990 2352.7
1213000 2353.5
1213010 2356.4
1213020 2356.4
1213030 2359.4
1213040 2363.9
1213050 2363.9
1213060 2368.9
1213070 2372.8
1213080 2372.8
1213090 2375.9
1213100 2377.6
1213110 2378.7
1213120 2378.7
1213130 2379.2
1213140 2380.2
1213150 2380.2
1213160 2381.9
1213170 2383.8
1213180 2383.8
1213190 2386.5
1213200 2387.5
1213210 2387.5
1213220 2386.1
1213230 2386.9
1213240 2386.9
1213250 2387.3
1213260 2388.1
1213270 2388.1
1213280 2389.7
1213290 2393.0
1213300 2395.4
1213310 2395.4
1213320 2398.0
1213330 2402.5
1213340 2402.5
1213350 2409.8
1213360 2419.2
1213370 2419.2
1213380 2423.1
1213390 2425.2
1213400 2425.2
1213410 2428.2
1213420 2431.7
1213430 2431.7
1213440 2434.5
1213450 2437.0
1213460 2437.0
1213470 2439.9
1213480 2443.5
1213490 2445.9
1213500 2445.9
1213510 2447.1
1213520 2447.4
1213530 2447.4
1213540 2446.2
1213550 2446.7
1213560 2446.7
1213570 2449.0
1213580 2451.7
1213590 2451.7
1213600 2453.4
1213610 2454.8
1213620 2454.8
1213630 2457.9
1213640 2461.3
1213650 2461.4
1213660 2461.4
1213670 2462.4
1213680 2457.1
1213690 2457.1
1213700 2459.5
1213710 2460.7
1213720 2460.7
1213730 2462.5
1213740 2464.0
1213750 2464.0
1213760 2466.4
1213770 2468.5
1213780 2468.5
1213790 2470.7
1213800 2473.3
1213810 2473.3
1213820 2475.6
1213830 2478.2
1213840 2479.9
1213850 2479.9
1213860 2481.4
1213870 2483.2
1213880 2483.2
1213890 2484.9
1213900 2486.1
1213910 2486.1
1213920 2487.6
1213930 2489.8
1213940 2489.8
1213950 2491.7
1213960 2493.0
1213970 2493.0
1213980 2493.6
1213990 2493.8
1214000 2493.8
1214010 2493.6
1214020 2494.7
1214030 2494.3
1214040 2494.3
1214050 2497.6
1214060 2501.6
1214070 2501.6
1214080 2506.6
1214090 2511.2
1214100 2511.2
1214110 2512.3
1214120 2515.4
1214130 2515.4
1214140 2516.9
1214150 2505.5
1214160 2505.5
1214170 2508.1
1214180 2510.5
1214190 2513.6
1214200 2513.6
1214210 2516.8
1214220 2520.3
1214230 2520.3
1214240 2523.1
1214250 2528.4
1214260 2528.4
1214270 2532.3
1214280 2536.1
1214290 2536.1
1214300 2538.6
1214310 2541.0
1214320 2541.0
1214330 2544.7
1214340 2548.8
1214350 2548.8
1214360 2552.9
1214370 2555.5
1214380 2558.3
1214390 2558.3
1214400 2562.5
1214410 2565.4
1214420 2565.4
1214430 2566.9
1214440 2568.2
1214450 2568.2
1214460 2568.6
1214470 2568.8
1214480 2568.8
1214490 2572.6
1214500 2575.8
1214510 2575.8
1214520 2577.6
1214530 2579.8
1214540 2579.8
1214550 2583.1
1214560 2585.0
1214570 2585.9
1214580 2585.9
1214590 2587.6
1214600 2584.8
1214610 2569.1
1214620 2563.5
1214630 2562.4
1214640 2562.4
1214650 2560.9
1214660 2557.7
1214670 2557.7
1214680 2558.9
1214690 2560.6
1214700 2560.6
1214710 2560.6
1214720 2560.5
1214730 2555.5
1214740 2555.5
1214750 2549.6
1214760 2553.4
1214770 2553.4
1214780 2555.0
1214790 2554.7
1214800 2554.7
1214810 2549.1
1214820 2543.8
1214830 2543.8
1214840 2541.5
1214850 2539.3
1214860 2539.3
1214870 2537.7
1214880 2536.0
1214890 2536.0
1214900 2536.8
1214910 2540.1
1214920 2539.3
1214930 2539.3
1214940 2536.6
1214950 2536.3
1214960 2536.3
1214970 2534.9
1214980 2533.3
1214990 2533.3
1215000 2533.4
1215010 2535.9
1215020 2535.9
1215030 2537.2
1215040 2537.6
1215050 2537.6
1215060 2538.7
1215070 2540.4
1215080 2531.3
1215090 2531.0
1215100 2529.0
1215110 2528.9
1215120 2528.9
1215130 2528.7
1215140 2527.5
1215150 2527.5
1215160 2526.1
1215170 2526.5
1215180 2526.5
1215190 2527.3
1215200 2526.2
1215210 2526.2
1215220 2525.5
1215230 2524.0
1215240 2524.0
1215250 2521.0
1215260 2520.0
1215270 2520.2
1215280 2520.2
1215290 2520.5
1215300 2521.3
1215310 2521.3
1215320 2521.5
1215330 2522.4
1215340 2522.4
1215350 2523.4
1215360 2523.7
1215370 2523.7
1215380 2523.6
1215390 2524.2
1215400 2524.2
1215410 2525.7
1215420 2529.1
1215430 2529.1
1215440 2529.5
1215450 2528.9
1215460 2529.0
1215470 2529.0
1215480 2530.5
1215490 2532.3
1215500 2532.3
1215510 2533.6
1215520 2535.1
1215530 2535.1
1215540 2538.3
1215550 2533.8
1215560 2533.8
1215570 2536.9
1215580 2539.7
1215590 2539.7
1215600 2543.1
1215610 2547.0
1215620 2547.5
1215630 2547.5
1215640 2548.7
1215650 2552.3
1215660 2552.3
1215670 2554.3
1215680 2556.8
1215690 2556.8
1215700 2558.7
1215710 2560.8
1215720 2560.8
1215730 2564.6
1215740 2568.3
1215750 2568.3
1215760 2571.5
1215770 2572.1
1215780 2572.1
1215790 2574.8
1215800 2578.6
1215810 2582.5
1215820 2582.5
1215830 2586.7
1215840 2589.2
1215850 2589.2
1215860 2592.8
1215870 2593.0
1215880 2593.0
1215890 2593.5
1215900 2598.9
1215910 2598.9
1215920 2602.1
1215930 2603.3
1215940 2603.3
1215950 2606.6
1215960 2610.9
1215970 2610.9
1215980 2613.3
1215990 2615.6
1216000 2618.9
1216010 2618.9
1216020 2614.6
1216030 2618.1
1216040 2618.1
1216050 2620.7
1216060 2621.7
1216070 2621.7
1216080 2623.8
1216090 2628.3
1216100 2628.3
1216110 2631.4
1216120 2635.6
1216130 2635.6
1216140 2638.5
1216150 2641.7
1216160 2645.6
1216170 2645.6
1216180 2647.9
1216190 2652.3
1216200 2652.3
1216210 2656.0
1216220 2661.1
1216230 2661.1
1216240 2666.3
1216250 2670.9
1216260 2670.9
1216270 2675.6
1216280 2682.4
1216290 2682.4
1216300 2687.0
1216310 2689.1
1216320 2689.1
1216330 2692.3
1216340 2695.5
1216350 2697.1
1216360 2697.1
1216370 2697.8
1216380 2702.4
1216390 2702.4
1216400 2707.0
1216410 2710.7
1216420 2710.7
1216430 2713.4
1216440 2715.7
1216450 2715.7
1216460 2720.4
1216470 2725.8
1216480 2725.8
1216490 2724.0
1216500 2730.2
1216510 2730.2
1216520 2736.2
1216530 2740.7
1216540 2744.7
1216550 2744.7
1216560 2747.7
1216570 2751.7
1216580 2751.7
1216590 2756.0
1216600 2761.0
1216610 2761.0
1216620 2765.6
1216630 2769.1
1216640 2769.1
1216650 2772.4
1216660 2775.6
1216670 2775.6
1216680 2778.2
1216690 2781.0
1216700 2784.0
1216710 2784.0
1216720 2786.1
1216730 2788.1
1216740 2788.1
1216750 2789.3
1216760 2790.1
1216770 2790.1
1216780 2792.1
1216790 2796.8
1216800 2796.8
1216810 2801.7
1216820 2805.7
1216830 2805.7
1216840 2811.1
1216850 2817.7
1216860 2817.7
1216870 2824.3
1216880 2829.4
1216890 2833.9
1216900 2833.9
1216910 2839.0
1216920 2843.9
1216930 2843.9
1216940 2848.7
1216950 2853.6
1216960 2849.8
1216970 2854.8
1216980 2859.9
1216990 2859.9
1217000 2865.4
1217010 2871.2
1217020 2871.2
1217030 2876.9
1217040 2882.9
1217050 2882.9
1217060 2889.7
1217070 2896.2
1217080 2903.7
1217090 2903.7
1217100 2910.1
1217110 2916.2
1217120 2916.2
1217130 2922.5
1217140 2928.7
1217150 2928.7
1217160 2936.4
1217170 2942.7
1217180 2942.7
1217190 2947.4
1217200 2952.4
1217210 2952.4
1217220 2957.1
1217230 2962.2
1217240 2968.9
1217250 2968.9
1217260 2974.1
1217270 2978.0
1217280 2978.0
1217290 2980.8
1217300 2983.5
1217310 2983.5
1217320 2986.7
1217330 2989.0
1217340 2989.0
1217350 2989.3
1217360 2988.7
1217370 2988.7
1217380 2989.4
1217390 2990.8
1217400 2990.8
1217410 2992.6
1217420 2993.2
1217430 2993.9
1217440 2993.9
1217450 2997.6
1217460 3000.6
1217470 3000.6
1217480 3001.7
1217490 3001.6
1217500 3001.6
1217510 3001.5
1217520 3001.5
1217530 3001.5
1217540 3001.4
1217550 3002.3
1217560 3002.3
1217570 3004.0
1217580 3006.2
1217590 3006.2
1217600 3008.5
1217610 3010.9
1217620 3014.0
1217630 3014.0
1217640 3016.5
1217650 3018.1
1217660 3018.1
1217670 3019.8
1217680 3021.8
1217690 3021.8
1217700 3024.1
1217710 3026.7
1217720 3026.7
1217730 3029.3
1217740 3032.0
1217750 3032.0
1217760 3035.5
1217770 3038.0
1217780 3038.0
1217790 3038.0
1217800 3037.7
1217810 3040.4
1217820 3040.4
1217830 3046.0
1217840 3052.0
1217850 3052.0
1217860 3059.5
1217870 3066.7
1217880 3066.7
1217890 3073.7
1217900 3074.3
1217910 3074.3
1217920 3074.8
1217930 3074.2
1217940 3074.2
1217950 3073.5
1217960 3075.5
1217970 3079.8
1217980 3079.8
1217990 3084.1
1218000 3088.2
1218010 3088.2
1218020 3092.4
1218030 3096.0
1218040 3096.0
1218050 3099.3
1218060 3102.4
1218070 3102.4
1218080 3105.7
1218090 3109.7
1218100 3109.7
1218110 3114.0
1218120 3117.5
1218130 3117.5
1218140 3121.1
1218150 3127.7
1218160 3135.3
1218170 3135.3
1218180 3142.4
1218190 3148.8
1218200 3148.8
1218210 3153.8
1218220 3157.4
1218230 3157.4
1218240 3158.0
1218250 3163.4
1218260 3163.4
1218270 3171.9
1218280 3175.5
1218290 3175.5
1218300 3180.4
1218310 3194.1
1218320 3208.3
1218330 3208.3
1218340 3217.6
1218350 3215.1
1218360 3215.1
1218370 3206.3
1218380 3187.9
1218390 3187.9
1218400 3189.1
1218410 3191.6
1218420 3191.6
1218430 3197.2
1218440 3203.5
1218450 3203.5
1218460 3211.7
1218470 3221.9
1218480 3221.9
1218490 3227.8
1218500 3223.0
1218510 3207.3
1218520 3207.3
1218530 3199.1
1218540 3202.0
1218550 3202.0
1218560 3206.8
1218570 3206.6
1218580 3206.6
1218590 3205.3
1218600 3212.1
1218610 3212.1
1218620 3223.9
1218630 3235.8
1218640 3235.8
1218650 3248.3
1218660 3256.6
1218670 3258.5
1218680 3258.5
1218690 3262.6
1218700 3266.3
1218710 3266.3
1218720 3268.6
1218730 3255.4
1218740 3255.4
1218750 3237.6
1218760 3246.9
1218770 3246.9
1218780 3260.0
1218790 3266.2
1218800 3266.2
1218810 3269.8
1218820 3279.2
1218830 3279.2
1218840 3287.0
1218850 3290.5
1218860 3299.8
1218870 3299.8
1218880 3291.8
1218890 3281.5
1218900 3281.5
1218910 3284.2
1218920 3293.1
1218930 3293.1
1218940 3305.7
1218950 3318.5
1218960 3318.5
1218970 3323.4
1218980 3324.1
1218990 3324.1
1219000 3314.5
1219010 3302.2
1219020 3302.2
1219030 3293.8
1219040 3282.3
1219050 3270.1
1219060 3270.1
1219070 3260.6
1219080 3260.9
1219090 3260.9
1219100 3271.8
1219110 3286.7
1219120 3286.7
1219130 3306.4
1219140 3316.3
1219150 3316.3
1219160 3312.3
1219170 3301.6
1219180 3301.6
1219190 3287.6
1219200 3275.2
1219210 3265.4
1219220 3265.4
1219230 3269.8
1219240 3271.3
1219250 3271.3
1219260 3263.6
1219270 3262.0
1219280 3262.0
1219290 3258.7
1219300 3264.0
1219310 3264.0
1219320 3264.5
1219330 3247.2
1219340 3247.2
1219350 3247.0
1219360 3249.0
1219370 3249.0
1219380 3254.1
1219390 3258.8
1219400 3263.5
1219410 3263.5
1219420 3269.0
1219430 3272.5
1219440 3272.5
1219450 3275.5
1219460 3282.3
1219470 3282.3
1219480 3287.7
1219490 3292.8
1219500 3292.8
1219510 3304.3
1219520 3314.2
1219530 3314.2
1219540 3322.0
1219550 3325.9
1219560 3325.9
1219570 3329.0
1219580 3332.1
1219590 3337.9
1219600 3337.9
1219610 3340.0
1219620 3345.6
1219630 3345.6
1219640 3355.5
1219650 3361.9
1219660 3361.9
1219670 3366.0
1219680 3368.8
1219690 3368.8
1219700 3373.8
1219710 3381.9
1219720 3381.9
1219730 3390.4
1219740 3398.5
1219750 3406.9
1219760 3406.9
1219770 3417.0
1219780 3424.1
1219790 3424.1
1219800 3424.9
1219810 3435.1
1219820 3435.1
1219830 3445.5
1219840 3455.2
1219850 3455.2
1219860 3466.6
1219870 3479.4
1219880 3479.4
1219890 3489.7
1219900 3498.3
1219910 3498.3
1219920 3503.0
1219930 3504.4
1219940 3508.9
1219950 3508.9
1219960 3513.4
1219970 3520.3
1219980 3520.3
1219990 3520.7
