1200000 2956.9
1200010 2964.8
1200020 2964.8
1200030 2971.0
1200040 2976.6
1200050 2980.0
1200060 2980.0
1200070 2982.0
1200080 2985.5
1200090 2985.5
1200100 2990.0
1200110 2994.2
1200120 2994.2
1200130 2998.8
1200140 3004.1
1200150 3004.1
1200160 3009.2
1200170 3016.3
1200180 3016.3
1200190 3022.3
1200200 3027.7
1200210 3027.7
1200220 3039.0
1200230 3051.6
1200240 3057.0
1200250 3057.0
1200260 3059.5
1200270 3062.5
1200280 3062.5
1200290 3067.0
1200300 3071.5
1200310 3071.5
1200320 3075.5
1200330 3079.1
1200340 3079.1
1200350 3082.2
1200360 3084.8
1200370 3084.8
1200380 3087.0
1200390 3089.0
1200400 3089.0
1200410 3090.7
1200420 3092.4
1200430 3096.7
1200440 3096.7
1200450 3098.3
1200460 3099.9
1200470 3099.9
1200480 3101.5
1200490 3103.0
1200500 3103.0
1200510 3104.6
1200520 3106.3
1200530 3106.3
1200540 3108.1
1200550 3110.1
1200560 3110.1
1200570 3112.3
1200580 3114.5
1200590 3116.7
1200600 3116.7
1200610 3118.9
1200620 3121.2
1200630 3121.2
1200640 3123.2
1200650 3125.3
1200660 3125.3
1200670 3127.4
1200680 3129.4
1200690 3129.4
1200700 3131.4
1200710 3133.4
1200720 3133.4
1200730 3135.2
1200740 3137.1
1200750 3137.1
1200760 3138.8
1200770 3140.4
1200780 3141.9
1200790 3141.9
1200800 3143.3
1200810 3144.6
1200820 3144.6
1200830 3145.9
1200840 3147.2
1200850 3147.2
1200860 3148.5
1200870 3153.0
1200880 3153.0
1200890 3154.4
1200900 3155.8
1200910 3155.8
1200920 3157.4
1200930 3158.8
1200940 3158.8
1200950 3159.9
1200960 3160.9
1200970 3162.2
1200980 3162.2
1200990 3163.8
1201000 3165.5
1201010 3165.5
1201020 3167.3
1201030 3169.4
1201040 3169.4
1201050 3171.7
1201060 3174.2
1201070 3174.2
1201080 3176.7
1201090 3180.1
1201100 3180.1
1201110 3185.4
1201120 3191.5
1201130 3201.0
1201140 3201.0
1201150 3210.0
1201160 3219.8
1201170 3219.8
1201180 3230.2
1201190 3238.6
1201200 3238.6
1201210 3234.9
1201220 3228.2
1201230 3228.2
1201240 3221.6
1201250 3215.7
1201260 3215.7
1201270 3209.1
1201280 3202.0
1201290 3202.0
1201300 3193.2
1201310 3183.1
1201320 3176.1
1201330 3176.1
1201340 3167.6
1201350 3161.0
1201360 3161.0
1201370 3156.6
1201380 3153.6
1201390 3153.6
1201400 3151.1
1201410 3148.0
1201420 3148.0
1201430 3145.2
1201440 3143.2
1201450 3143.2
1201460 3141.9
1201470 3140.9
1201480 3140.9
1201490 3141.1
1201500 3141.7
1201510 3141.3
1201520 3141.3
1201530 3140.1
1201540 3137.7
1201550 3137.7
1201560 3135.1
1201570 3132.7
1201580 3132.7
1201590 3130.8
1201600 3128.5
1201610 3128.5
1201620 3126.2
1201630 3124.2
1201640 3124.2
1201650 3122.1
1201660 3121.1
1201670 3121.1
1201680 3121.1
1201690 3121.0
1201700 3120.1
1201710 3120.1
1201720 3119.0
1201730 3116.7
1201740 3116.7
1201750 3115.6
1201760 3111.5
1201770 3111.5
1201780 3111.3
1201790 3109.1
1201800 3109.1
1201810 3106.8
1201820 3103.6
1201830 3103.6
1201840 3100.1
1201850 3098.4
1201860 3096.6
1201870 3096.6
1201880 3094.3
1201890 3090.7
1201900 3090.7
1201910 3086.5
1201920 3082.5
1201930 3082.5
1201940 3078.6
1201950 3074.9
1201960 3074.9
1201970 3072.3
1201980 3068.9
1201990 3068.9
1202000 3065.7
1202010 3062.9
1202020 3060.3
1202030 3060.3
1202040 3055.5
1202050 3051.1
1202060 3051.1
1202070 3049.7
1202080 3049.6
1202090 3049.6
1202100 3049.5
1202110 3050.2
1202120 3050.2
1202130 3050.4
1202140 3049.9
1202150 3049.9
1202160 3049.2
1202170 3048.3
1202180 3048.3
1202190 3048.3
1202200 3048.2
1202210 3045.5
1202220 3045.5
1202230 3043.8
1202240 3041.3
1202250 3041.3
1202260 3039.5
1202270 3038.5
1202280 3038.5
1202290 3037.7
1202300 3037.0
1202310 3037.0
1202320 3035.8
1202330 3034.1
1202340 3034.1
1202350 3030.9
1202360 3027.6
1202370 3027.6
1202380 3025.1
1202390 3022.2
1202400 3018.5
1202410 3018.5
1202420 3013.1
1202430 3007.5
1202440 3007.5
1202450 3002.3
1202460 2995.7
1202470 2995.7
1202480 2988.1
1202490 2981.8
1202500 2981.8
1202510 2975.6
1202520 2970.2
1202530 2970.2
1202540 2968.8
1202550 2968.8
1202560 2969.3
1202570 2969.3
1202580 2970.2
1202590 2969.8
1202600 2969.8
1202610 2967.9
1202620 2965.9
1202630 2965.9
1202640 2964.0
1202650 2962.8
1202660 2964.4
1202670 2964.7
1202680 2963.1
1202690 2963.1
1202700 2960.5
1202710 2958.4
1202720 2958.4
1202730 2955.9
1202740 2952.5
1202750 2949.1
1202760 2949.1
1202770 2945.2
1202780 2941.5
1202790 2941.5
1202800 2938.1
1202810 2934.4
1202820 2934.4
1202830 2930.9
1202840 2928.8
1202850 2928.8
1202860 2927.4
1202870 2925.3
1202880 2925.3
1202890 2922.5
1202900 2919.1
1202910 2919.1
1202920 2915.2
1202930 2910.9
1202940 2906.5
1202950 2906.5
1202960 2902.3
1202970 2898.3
1202980 2898.3
1202990 2895.2
1203000 2891.9
1203010 2891.9
1203020 2888.7
1203030 2886.4
1203040 2886.4
1203050 2885.0
1203060 2883.8
1203070 2883.8
1203080 2882.5
1203090 2881.9
1203100 2881.4
1203110 2885.1
1203120 2885.0
1203130 2884.9
1203140 2884.9
1203150 2884.8
1203160 2884.9
1203170 2884.9
1203180 2884.8
1203190 2884.1
1203200 2884.1
1203210 2882.7
1203220 2880.3
1203230 2880.3
1203240 2875.9
1203250 2870.7
1203260 2870.7
1203270 2866.1
1203280 2861.8
1203290 2857.5
1203300 2857.5
1203310 2852.2
1203320 2845.2
1203330 2845.2
1203340 2837.8
1203350 2831.2
1203360 2831.2
1203370 2824.9
1203380 2818.2
1203390 2818.2
1203400 2811.5
1203410 2805.2
1203420 2805.2
1203430 2799.5
1203440 2792.8
1203450 2792.8
1203460 2785.3
1203470 2779.3
1203480 2773.0
1203490 2773.0
1203500 2766.8
1203510 2760.6
1203520 2760.6
1203530 2754.6
1203540 2748.9
1203550 2747.5
1203560 2742.3
1203570 2737.6
1203580 2737.6
1203590 2732.2
1203600 2726.3
1203610 2726.3
1203620 2721.7
1203630 2717.2
1203640 2712.2
1203650 2712.2
1203660 2708.0
1203670 2704.3
1203680 2704.3
1203690 2699.9
1203700 2694.6
1203710 2694.6
1203720 2690.3
1203730 2686.1
1203740 2686.1
1203750 2681.6
1203760 2677.5
1203770 2677.5
1203780 2673.5
1203790 2670.3
1203800 2670.3
1203810 2667.9
1203820 2663.3
1203830 2658.9
1203840 2658.9
1203850 2655.5
1203860 2652.0
1203870 2652.0
1203880 2649.1
1203890 2646.7
1203900 2646.7
1203910 2644.4
1203920 2642.3
1203930 2642.3
1203940 2640.1
1203950 2638.1
1203960 2638.1
1203970 2636.4
1203980 2634.2
1203990 2634.2
1204000 2631.4
1204010 2628.8
1204020 2628.5
1204030 2628.5
1204040 2627.8
1204050 2625.0
1204060 2625.0
1204070 2624.8
1204080 2624.3
1204090 2624.3
1204100 2623.0
1204110 2622.3
1204120 2622.3
1204130 2623.7
1204140 2626.2
1204150 2626.2
1204160 2627.4
1204170 2626.9
1204180 2627.6
1204190 2627.6
1204200 2629.4
1204210 2629.8
1204220 2629.8
1204230 2631.9
1204240 2632.8
1204250 2632.8
1204260 2635.1
1204270 2638.5
1204280 2638.5
1204290 2641.6
1204300 2644.0
1204310 2644.0
1204320 2646.0
1204330 2647.9
1204340 2647.9
1204350 2650.0
1204360 2652.5
1204370 2655.1
1204380 2655.1
1204390 2658.0
1204400 2661.0
1204410 2661.0
1204420 2663.2
1204430 2665.6
1204440 2665.6
1204450 2669.8
1204460 2671.4
1204470 2671.4
1204480 2673.9
1204490 2676.1
1204500 2676.1
1204510 2677.3
1204520 2678.4
1204530 2678.4
1204540 2680.2
1204550 2680.9
1204560 2682.4
1204570 2682.4
1204580 2683.2
1204590 2680.7
1204600 2680.7
1204610 2680.9
1204620 2683.7
1204630 2683.7
1204640 2684.0
1204650 2684.5
1204660 2684.5
1204670 2685.0
1204680 2685.5
1204690 2685.5
1204700 2686.3
1204710 2688.0
1204720 2690.2
1204730 2690.2
1204740 2691.6
1204750 2693.7
1204760 2693.7
1204770 2696.4
1204780 2699.1
1204790 2699.1
1204800 2702.2
1204810 2705.3
1204820 2705.3
1204830 2708.3
1204840 2711.0
1204850 2711.0
1204860 2713.4
1204870 2714.7
1204880 2714.7
1204890 2715.3
1204900 2717.2
1204910 2719.4
1204920 2719.4
1204930 2723.2
1204940 2725.9
1204950 2725.9
1204960 2728.1
1204970 2730.6
1204980 2730.6
1204990 2733.1
1205000 2736.3
1205010 2736.3
1205020 2737.4
1205030 2738.8
1205040 2738.8
1205050 2741.3
1205060 2744.3
1205070 2744.3
1205080 2747.9
1205090 2754.9
1205100 2764.8
1205110 2764.8
1205120 2770.5
1205130 2770.9
1205140 2770.9
1205150 2771.5
1205160 2771.5
1205170 2771.5
1205180 2771.5
1205190 2772.2
1205200 2772.2
1205210 2773.6
1205220 2776.2
1205230 2776.2
1205240 2779.2
1205250 2782.2
1205260 2784.8
1205270 2784.8
1205280 2788.0
1205290 2792.0
1205300 2792.0
1205310 2799.6
1205320 2809.5
1205330 2809.5
1205340 2817.9
1205350 2824.8
1205360 2821.7
1205370 2830.2
1205380 2839.6
1205390 2839.6
1205400 2847.1
1205410 2853.0
1205420 2853.0
1205430 2857.4
1205440 2861.2
1205450 2863.0
1205460 2863.0
1205470 2863.1
1205480 2868.5
1205490 2868.5
1205500 2875.4
1205510 2880.7
1205520 2880.7
1205530 2882.8
1205540 2883.4
1205550 2883.4
1205560 2884.7
1205570 2887.2
1205580 2887.2
1205590 2888.7
1205600 2889.8
1205610 2890.8
1205620 2890.8
1205630 2892.1
1205640 2893.4
1205650 2893.4
1205660 2895.9
1205670 2898.0
1205680 2898.0
1205690 2899.7
1205700 2903.1
1205710 2903.1
1205720 2907.5
1205730 2911.3
1205740 2911.3
1205750 2914.7
1205760 2917.6
1205770 2917.6
1205780 2919.9
1205790 2921.8
1205800 2923.5
1205810 2927.1
1205820 2929.1
1205830 2931.9
1205840 2931.9
1205850 2936.4
1205860 2942.2
1205870 2942.2
1205880 2947.3
1205890 2951.0
1205900 2951.0
1205910 2954.8
1205920 2960.0
1205930 2960.0
1205940 2963.1
1205950 2964.2
1205960 2964.2
1205970 2965.6
1205980 2965.8
1205990 2965.7
1206000 2965.7
1206010 2965.5
1206020 2965.0
1206030 2965.0
1206040 2964.2
1206050 2963.4
1206060 2963.4
1206070 2962.9
1206080 2962.8
1206090 2962.8
1206100 2963.1
1206110 2963.6
1206120 2963.6
1206130 2964.2
1206140 2964.9
1206150 2965.6
1206160 2965.6
1206170 2966.4
1206180 2967.2
1206190 2967.2
1206200 2968.0
1206210 2968.9
1206220 2968.9
1206230 2969.9
1206240 2970.9
1206250 2970.9
1206260 2973.6
1206270 2974.6
1206280 2974.6
1206290 2975.4
1206300 2976.2
1206310 2976.2
1206320 2976.9
1206330 2977.7
1206340 2978.6
1206350 2978.6
1206360 2979.6
1206370 2980.8
1206380 2980.8
1206390 2981.8
1206400 2982.9
1206410 2982.9
1206420 2984.0
1206430 2985.1
1206440 2985.1
1206450 2986.1
1206460 2987.3
1206470 2987.3
1206480 2988.5
1206490 2989.5
1206500 2989.5
1206510 2993.3
1206520 2998.7
1206530 3003.6
1206540 3003.6
1206550 3007.9
1206560 3010.6
1206570 3010.6
1206580 3012.6
1206590 3014.8
1206600 3014.8
1206610 3015.4
1206620 3014.0
1206630 3014.0
1206640 3013.1
1206650 3013.7
1206660 3013.7
1206670 3015.3
1206680 3017.7
1206690 3020.7
1206700 3020.7
1206710 3025.2
1206720 3027.9
1206730 3027.9
1206740 3030.3
1206750 3032.5
1206760 3032.5
1206770 3034.5
1206780 3036.2
1206790 3036.2
1206800 3037.8
1206810 3039.1
1206820 3039.1
1206830 3040.3
1206840 3041.3
1206850 3041.3
1206860 3042.3
1206870 3043.4
1206880 3044.5
1206890 3044.5
1206900 3045.7
1206910 3046.8
1206920 3046.8
1206930 3048.0
1206940 3049.3
1206950 3049.3
1206960 3050.4
1206970 3051.5
1206980 3051.5
1206990 3052.6
1207000 3053.7
1207010 3053.7
1207020 3054.9
1207030 3056.1
1207040 3056.1
1207050 3057.3
1207060 3058.5
1207070 3059.9
1207080 3059.9
1207090 3061.5
1207100 3063.5
1207110 3063.5
1207120 3066.2
1207130 3069.1
1207140 3069.1
1207150 3071.7
1207160 3075.0
1207170 3072.1
1207180 3074.5
1207190 3077.5
1207200 3077.5
1207210 3081.0
1207220 3086.4
1207230 3092.0
1207240 3092.0
1207250 3100.2
1207260 3107.3
1207270 3107.3
1207280 3113.5
1207290 3117.0
1207300 3117.0
1207310 3122.1
1207320 3127.0
1207330 3127.0
1207340 3129.9
1207350 3132.7
1207360 3132.7
1207370 3136.4
1207380 3142.2
1207390 3142.2
1207400 3145.7
1207410 3148.1
1207420 3149.0
1207430 3149.0
1207440 3150.3
1207450 3152.4
1207460 3152.4
1207470 3155.4
1207480 3160.7
1207490 3160.7
1207500 3163.6
1207510 3165.8
1207520 3165.8
1207530 3171.2
1207540 3176.8
1207550 3176.8
1207560 3182.5
1207570 3187.7
1207580 3187.7
1207590 3193.8
1207600 3203.1
1207610 3213.3
1207620 3202.5
1207630 3213.4
1207640 3220.7
1207650 3220.7
1207660 3228.1
1207670 3236.7
1207680 3236.7
1207690 3247.1
1207700 3258.6
1207710 3258.6
1207720 3268.7
1207730 3278.6
1207740 3278.6
1207750 3284.9
1207760 3283.6
1207770 3283.7
1207780 3283.7
1207790 3286.4
1207800 3289.3
1207810 3289.3
1207820 3292.2
1207830 3295.4
1207840 3295.4
1207850 3298.2
1207860 3300.6
1207870 3300.6
1207880 3302.0
1207890 3303.2
1207900 3303.2
1207910 3304.2
1207920 3304.9
1207930 3304.9
1207940 3305.9
1207950 3304.0
1207960 3303.1
1207970 3303.1
1207980 3301.6
1207990 3301.8
1208000 3301.8
1208010 3302.2
1208020 3302.8
1208030 3302.8
1208040 3304.0
1208050 3305.3
1208060 3305.3
1208070 3307.1
1208080 3319.7
1208090 3319.7
1208100 3320.9
1208110 3314.8
1208120 3314.8
1208130 3299.5
1208140 3277.7
1208150 3253.8
1208160 3253.8
1208170 3241.9
1208180 3233.7
1208190 3233.7
1208200 3226.9
1208210 3220.6
1208220 3220.6
1208230 3214.9
1208240 3209.6
1208250 3209.6
1208260 3204.4
1208270 3200.1
1208280 3200.1
1208290 3196.4
1208300 3192.6
1208310 3188.4
1208320 3188.4
1208330 3184.2
1208340 3180.7
1208350 3180.7
1208360 3176.9
1208370 3170.8
1208380 3170.8
1208390 3164.8
1208400 3161.3
1208410 3161.3
1208420 3158.3
1208430 3152.7
1208440 3152.7
1208450 3146.9
1208460 3143.5
1208470 3143.5
1208480 3140.9
1208490 3138.0
1208500 3135.6
1208510 3135.6
1208520 3132.9
1208530 3130.5
1208540 3128.4
1208550 3125.9
1208560 3122.4
1208570 3122.4
1208580 3117.0
1208590 3111.8
1208600 3111.8
1208610 3108.4
1208620 3105.8
1208630 3105.8
1208640 3103.7
1208650 3101.3
1208660 3101.3
1208670 3098.0
1208680 3094.9
1208690 3091.2
1208700 3091.2
1208710 3087.0
1208720 3083.5
1208730 3083.5
1208740 3081.0
1208750 3078.9
1208760 3078.9
1208770 3075.2
1208780 3070.7
1208790 3070.7
1208800 3067.0
1208810 3063.5
1208820 3063.5
1208830 3059.3
1208840 3055.4
1208850 3051.0
1208860 3051.0
1208870 3047.1
1208880 3046.0
1208890 3046.0
1208900 3046.2
1208910 3044.1
1208920 3044.1
1208930 3038.7
1208940 3032.2
1208950 3032.2
1208960 3027.3
1208970 3025.1
1208980 3025.1
1208990 3018.1
1209000 3015.9
1209010 3015.9
1209020 3011.4
1209030 3006.8
1209040 3003.1
1209050 3003.1
1209060 3001.2
1209070 2996.8
1209080 2996.8
1209090 2990.1
1209100 2983.9
1209110 2983.9
1209120 2978.3
1209130 2973.6
1209140 2973.6
1209150 2970.5
1209160 2969.0
1209170 2969.0
1209180 2967.6
1209190 2965.0
1209200 2960.5
1209210 2960.5
1209220 2955.5
1209230 2950.9
1209240 2950.9
1209250 2945.8
1209260 2942.4
1209270 2942.4
1209280 2938.9
1209290 2934.7
1209300 2934.7
1209310 2932.8
1209320 2930.9
1209330 2930.9
1209340 2928.4
1209350 2926.8
1209360 2926.8
1209370 2927.0
1209380 2928.0
1209390 2928.3
1209400 2928.3
1209410 2926.8
1209420 2924.7
1209430 2924.7
1209440 2921.6
1209450 2910.9
1209460 2910.9
1209470 2906.7
1209480 2903.2
1209490 2903.2
1209500 2900.1
1209510 2896.6
1209520 2896.6
1209530 2892.5
1209540 2888.3
1209550 2888.3
1209560 2883.9
1209570 2879.8
1209580 2875.6
1209590 2875.6
1209600 2871.4
1209610 2866.9
1209620 2866.9
1209630 2863.1
1209640 2860.4
1209650 2860.4
1209660 2858.0
1209670 2855.2
1209680 2855.2
1209690 2852.0
1209700 2848.1
1209710 2848.1
1209720 2843.7
1209730 2839.1
1209740 2834.5
1209750 2834.5
1209760 2829.6
1209770 2823.7
1209780 2823.7
1209790 2818.4
1209800 2813.4
1209810 2813.4
1209820 2809.1
1209830 2805.2
1209840 2805.2
1209850 2801.8
1209860 2798.8
1209870 2798.8
1209880 2795.4
1209890 2791.5
1209900 2791.5
1209910 2784.3
1209920 2780.8
1209930 2777.2
1209940 2777.2
1209950 2773.1
1209960 2768.1
1209970 2768.1
1209980 2762.9
1209990 2757.5
1210000 2757.5
1210010 2751.9
1210020 2746.6
1210030 2746.6
1210040 2741.8
1210050 2737.1
1210060 2737.1
1210070 2731.5
1210080 2725.2
1210090 2725.2
1210100 2720.0
1210110 2715.6
1210120 2711.5
1210130 2711.5
1210140 2707.4
1210150 2704.4
1210160 2704.4
1210170 2701.9
1210180 2700.7
1210190 2700.7
1210200 2699.6
1210210 2697.6
1210220 2697.6
1210230 2695.0
1210240 2692.3
1210250 2692.3
1210260 2688.6
1210270 2686.3
1210280 2685.3
1210290 2685.3
1210300 2684.2
1210310 2682.3
1210320 2682.3
1210330 2680.9
1210340 2679.4
1210350 2679.4
1210360 2677.5
1210370 2672.7
1210380 2672.7
1210390 2670.6
1210400 2668.8
1210410 2668.8
1210420 2666.9
1210430 2665.3
1210440 2665.3
1210450 2664.5
1210460 2663.1
1210470 2661.4
1210480 2661.4
1210490 2659.3
1210500 2656.8
1210510 2656.8
1210520 2652.4
1210530 2648.1
1210540 2648.1
1210550 2645.0
1210560 2641.5
1210570 2641.5
1210580 2638.8
1210590 2636.7
1210600 2636.7
1210610 2634.5
1210620 2631.7
1210630 2631.7
1210640 2628.4
1210650 2625.3
1210660 2622.4
1210670 2622.4
1210680 2619.3
1210690 2616.5
1210700 2616.5
1210710 2613.7
1210720 2610.3
1210730 2610.3
1210740 2606.9
1210750 2604.1
1210760 2604.1
1210770 2601.7
1210780 2599.3
1210790 2599.3
1210800 2597.2
1210810 2594.9
1210820 2593.0
1210830 2589.8
1210840 2587.8
1210850 2586.0
1210860 2586.0
1210870 2584.0
1210880 2582.2
1210890 2582.2
1210900 2579.9
1210910 2577.3
1210920 2577.3
1210930 2575.1
1210940 2572.7
1210950 2572.7
1210960 2570.7
1210970 2569.6
1210980 2569.6
1210990 2567.4
1211000 2564.8
1211010 2562.9
1211020 2562.9
1211030 2561.2
1211040 2560.1
1211050 2560.1
1211060 2558.8
1211070 2556.0
1211080 2556.0
1211090 2554.4
1211100 2553.2
1211110 2553.2
1211120 2551.8
1211130 2549.9
1211140 2549.9
1211150 2548.0
1211160 2545.5
1211170 2545.5
1211180 2543.7
1211190 2541.5
1211200 2538.3
1211210 2538.3
1211220 2535.5
1211230 2532.7
1211240 2532.7
1211250 2531.0
1211260 2531.8
1211270 2531.8
1211280 2533.2
1211290 2534.9
1211300 2534.9
1211310 2533.1
1211320 2532.4
1211330 2532.4
1211340 2532.1
1211350 2531.5
1211360 2531.4
1211370 2531.4
1211380 2532.1
1211390 2532.1
1211400 2532.1
1211410 2531.2
1211420 2530.6
1211430 2530.6
1211440 2529.8
1211450 2529.7
1211460 2529.7
1211470 2530.3
1211480 2531.2
1211490 2531.2
1211500 2532.0
1211510 2532.4
1211520 2532.4
1211530 2531.6
1211540 2531.6
1211550 2532.0
1211560 2532.0
1211570 2532.0
1211580 2533.2
1211590 2533.2
1211600 2534.5
1211610 2535.8
1211620 2535.8
1211630 2537.2
1211640 2537.7
1211650 2537.7
1211660 2539.0
1211670 2540.1
1211680 2540.1
1211690 2541.9
1211700 2543.2
1211710 2546.4
1211720 2546.4
1211730 2548.2
1211740 2548.7
1211750 2554.1
1211760 2554.8
1211770 2555.4
1211780 2555.4
1211790 2556.6
1211800 2559.3
1211810 2559.3
1211820 2562.6
1211830 2566.2
1211840 2566.2
1211850 2568.1
1211860 2567.5
1211870 2567.5
1211880 2565.6
1211890 2565.5
1211900 2566.3
1211910 2566.3
1211920 2568.9
1211930 2571.1
1211940 2571.1
1211950 2572.4
1211960 2574.1
1211970 2574.1
1211980 2576.2
1211990 2577.3
1212000 2577.3
1212010 2577.4
1212020 2577.9
1212030 2577.9
1212040 2578.3
1212050 2577.3
1212060 2577.3
1212070 2575.7
1212080 2574.7
1212090 2573.0
1212100 2573.0
1212110 2569.9
1212120 2564.9
1212130 2564.9
1212140 2556.8
1212150 2552.5
1212160 2552.5
1212170 2548.8
1212180 2544.9
1212190 2544.9
1212200 2540.1
1212210 2532.4
1212220 2536.6
1212230 2529.3
1212240 2522.8
1212250 2516.6
1212260 2516.6
1212270 2509.4
1212280 2500.9
1212290 2500.9
1212300 2491.9
1212310 2482.7
1212320 2482.7
1212330 2474.2
1212340 2468.5
1212350 2468.5
1212360 2466.0
1212370 2463.2
1212380 2463.2
1212390 2459.5
1212400 2455.7
1212410 2455.7
1212420 2452.0
1212430 2448.1
1212440 2443.2
1212450 2443.2
1212460 2438.1
1212470 2431.8
1212480 2431.8
1212490 2424.5
1212500 2417.7
1212510 2417.7
1212520 2411.5
1212530 2405.7
1212540 2405.7
1212550 2399.9
1212560 2393.9
1212570 2393.9
1212580 2387.8
1212590 2382.2
1212600 2382.2
1212610 2376.4
1212620 2370.7
1212630 2365.3
1212640 2365.3
1212650 2359.4
1212660 2353.0
1212670 2353.0
1212680 2348.3
1212690 2345.4
1212700 2345.4
1212710 2342.1
1212720 2339.9
1212730 2339.9
1212740 2337.9
1212750 2336.3
1212760 2336.3
1212770 2337.3
1212780 2336.9
1212790 2338.4
1212800 2338.4
1212810 2339.7
1212820 2340.5
1212830 2340.5
1212840 2342.7
1212850 2348.0
1212860 2348.0
1212870 2353.7
1212880 2358.5
1212890 2358.5
1212900 2364.2
1212910 2370.7
1212920 2370.7
1212930 2375.9
1212940 2380.2
1212950 2380.2
1212960 2386.7
1212970 2394.1
1212980 2402.5
1212990 2402.5
1213000 2412.0
1213010 2420.9
1213020 2420.9
1213030 2422.8
1213040 2424.6
1213050 2424.6
1213060 2430.4
1213070 2438.7
1213080 2438.7
1213090 2443.2
1213100 2438.8
1213110 2438.8
1213120 2433.8
1213130 2430.5
1213140 2434.2
1213150 2432.1
1213160 2428.4
1213170 2427.8
1213180 2427.8
1213190 2427.5
1213200 2427.7
1213210 2427.7
1213220 2428.7
1213230 2432.7
1213240 2432.7
1213250 2436.2
1213260 2438.0
1213270 2438.0
1213280 2438.6
1213290 2438.8
1213300 2438.8
1213310 2438.5
1213320 2438.9
1213330 2439.9
1213340 2439.9
1213350 2440.9
1213360 2442.3
1213370 2442.3
1213380 2443.5
1213390 2445.5
1213400 2445.5
1213410 2448.9
1213420 2451.5
1213430 2451.5
1213440 2452.8
1213450 2456.0
1213460 2456.0
1213470 2459.7
1213480 2464.0
1213490 2464.0
1213500 2469.0
1213510 2472.1
1213520 2473.3
1213530 2473.3
1213540 2475.7
1213550 2478.8
1213560 2478.8
1213570 2482.6
1213580 2486.1
1213590 2486.1
1213600 2488.2
1213610 2495.9
1213620 2495.9
1213630 2498.0
1213640 2498.8
1213650 2498.8
1213660 2498.9
1213670 2498.7
1213680 2498.7
1213690 2498.5
1213700 2499.4
1213710 2499.8
1213720 2499.8
1213730 2500.4
1213740 2501.8
1213750 2501.8
1213760 2503.8
1213770 2505.5
1213780 2505.5
1213790 2506.4
1213800 2506.3
1213810 2506.3
1213820 2507.4
1213830 2508.5
1213840 2508.5
1213850 2506.0
1213860 2503.5
1213870 2504.2
1213880 2504.2
1213890 2506.4
1213900 2510.0
1213910 2510.0
1213920 2514.3
1213930 2517.5
1213940 2517.5
1213950 2514.6
1213960 2509.9
1213970 2509.9
1213980 2502.6
1213990 2491.0
1214000 2491.0
1214010 2486.2
1214020 2487.1
1214030 2487.1
1214040 2490.8
1214050 2491.1
1214060 2489.1
1214070 2489.1
1214080 2496.3
1214090 2491.5
1214100 2491.5
1214110 2494.2
1214120 2495.4
1214130 2495.4
1214140 2493.9
1214150 2494.4
1214160 2494.4
1214170 2496.4
1214180 2497.1
1214190 2497.1
1214200 2497.8
1214210 2498.6
1214220 2500.9
1214230 2500.9
1214240 2503.8
1214250 2505.8
1214260 2505.8
1214270 2508.3
1214280 2510.7
1214290 2510.7
1214300 2511.1
1214310 2511.1
1214320 2511.1
1214330 2514.0
1214340 2516.9
1214350 2516.9
1214360 2517.7
1214370 2518.5
1214380 2518.5
1214390 2520.6
1214400 2522.5
1214410 2523.7
1214420 2523.7
1214430 2524.8
1214440 2527.4
1214450 2527.4
1214460 2530.8
1214470 2533.9
1214480 2533.9
1214490 2535.0
1214500 2535.4
1214510 2535.4
1214520 2535.3
1214530 2536.3
1214540 2542.7
1214550 2544.4
1214560 2546.7
1214570 2546.7
1214580 2550.2
1214590 2552.0
1214600 2553.8
1214610 2553.8
1214620 2557.5
1214630 2559.2
1214640 2559.2
1214650 2561.4
1214660 2563.6
1214670 2563.6
1214680 2563.6
1214690 2564.1
1214700 2564.1
1214710 2564.6
1214720 2566.0
1214730 2566.0
1214740 2568.2
1214750 2568.9
1214760 2569.3
1214770 2569.3
1214780 2570.5
1214790 2572.5
1214800 2572.5
1214810 2574.1
1214820 2574.2
1214830 2574.2
1214840 2574.8
1214850 2575.8
1214860 2575.8
1214870 2578.0
1214880 2579.0
1214890 2579.0
1214900 2582.7
1214910 2585.9
1214920 2585.9
1214930 2587.5
1214940 2590.4
1214950 2592.5
1214960 2592.5
1214970 2594.2
1214980 2595.9
1214990 2595.9
1215000 2597.5
1215010 2605.7
1215020 2605.7
1215030 2606.5
1215040 2608.7
1215050 2608.7
1215060 2609.5
1215070 2610.3
1215080 2610.3
1215090 2611.6
1215100 2614.0
1215110 2614.0
1215120 2614.2
1215130 2615.1
1215140 2618.0
1215150 2618.0
1215160 2620.9
1215170 2623.0
1215180 2623.0
1215190 2625.9
1215200 2629.1
1215210 2629.1
1215220 2632.5
1215230 2633.9
1215240 2633.9
1215250 2635.8
1215260 2635.5
1215270 2635.5
1215280 2636.8
1215290 2637.0
1215300 2637.2
1215310 2637.2
1215320 2637.2
1215330 2637.0
1215340 2637.0
1215350 2635.7
1215360 2631.8
1215370 2631.8
1215380 2627.5
1215390 2621.6
1215400 2621.6
1215410 2615.6
1215420 2610.9
1215430 2610.9
1215440 2607.4
1215450 2606.6
1215460 2606.6
1215470 2608.3
1215480 2617.9
1215490 2617.8
1215500 2617.8
1215510 2616.7
1215520 2614.7
1215530 2614.7
1215540 2610.3
1215550 2605.5
1215560 2605.5
1215570 2601.9
1215580 2601.5
1215590 2601.5
1215600 2600.8
1215610 2599.7
1215620 2599.7
1215630 2598.5
1215640 2597.3
1215650 2597.3
1215660 2594.3
1215670 2590.4
1215680 2586.0
1215690 2586.0
1215700 2582.5
1215710 2578.1
1215720 2578.1
1215730 2571.3
1215740 2565.6
1215750 2565.6
1215760 2562.5
1215770 2560.3
1215780 2560.3
1215790 2558.4
1215800 2556.7
1215810 2556.7
1215820 2554.2
1215830 2551.9
1215840 2549.7
1215850 2549.7
1215860 2549.3
1215870 2550.4
1215880 2550.4
1215890 2551.4
1215900 2551.5
1215910 2551.5
1215920 2550.8
1215930 2547.9
1215940 2547.9
1215950 2548.9
1215960 2549.5
1215970 2549.5
1215980 2548.4
1215990 2546.0
1216000 2546.0
1216010 2545.1
1216020 2543.9
1216030 2541.2
1216040 2541.2
1216050 2538.7
1216060 2538.3
1216070 2538.3
1216080 2537.9
1216090 2537.8
1216100 2537.8
1216110 2537.6
1216120 2538.2
1216130 2538.2
1216140 2537.7
1216150 2536.9
1216160 2536.9
1216170 2535.8
1216180 2534.6
1216190 2533.6
1216200 2533.6
1216210 2533.9
1216220 2535.1
1216230 2535.1
1216240 2536.4
1216250 2538.9
1216260 2538.9
1216270 2541.5
1216280 2543.2
1216290 2543.2
1216300 2544.0
1216310 2544.7
1216320 2544.7
1216330 2546.5
1216340 2550.4
1216350 2550.4
1216360 2553.5
1216370 2555.4
1216380 2556.8
1216390 2556.8
1216400 2557.1
1216410 2557.8
1216420 2556.3
1216430 2556.7
1216440 2556.3
1216450 2556.3
1216460 2556.6
1216470 2557.9
1216480 2557.9
1216490 2559.5
1216500 2561.0
1216510 2561.0
1216520 2563.3
1216530 2565.9
1216540 2565.9
1216550 2568.9
1216560 2573.5
1216570 2578.6
1216580 2578.6
1216590 2583.2
1216600 2587.6
1216610 2587.6
1216620 2592.3
1216630 2595.9
1216640 2595.9
1216650 2597.9
1216660 2599.9
1216670 2599.9
1216680 2602.0
1216690 2604.8
1216700 2604.8
1216710 2608.6
1216720 2613.5
1216730 2617.1
1216740 2617.1
1216750 2619.3
1216760 2622.5
1216770 2622.5
1216780 2626.7
1216790 2631.0
1216800 2631.0
1216810 2635.3
1216820 2640.1
1216830 2640.1
1216840 2645.2
1216850 2651.0
1216860 2651.0
1216870 2656.7
1216880 2662.7
1216890 2659.7
1216900 2665.5
1216910 2671.8
1216920 2677.7
1216930 2677.7
1216940 2683.5
1216950 2688.0
1216960 2688.0
1216970 2690.5
1216980 2696.2
1216990 2696.2
1217000 2703.1
1217010 2708.4
1217020 2708.4
1217030 2713.6
1217040 2718.9
1217050 2718.9
1217060 2724.0
1217070 2729.8
1217080 2729.8
1217090 2736.1
1217100 2741.7
1217110 2747.7
1217120 2747.7
1217130 2754.0
1217140 2760.9
1217150 2760.9
1217160 2768.1
1217170 2775.3
1217180 2775.3
1217190 2782.9
1217200 2789.7
1217210 2789.7
1217220 2795.6
1217230 2802.1
1217240 2802.1
1217250 2809.7
1217260 2817.2
1217270 2823.8
1217280 2823.8
1217290 2828.9
1217300 2833.5
1217310 2833.5
1217320 2837.2
1217330 2840.9
1217340 2840.9
1217350 2844.5
1217360 2848.2
1217370 2848.2
1217380 2851.8
1217390 2855.9
1217400 2855.9
1217410 2860.0
1217420 2864.5
1217430 2864.5
1217440 2869.1
1217450 2873.5
1217460 2878.3
1217470 2878.3
1217480 2882.6
1217490 2886.4
1217500 2886.4
1217510 2888.5
1217520 2888.7
1217530 2888.7
1217540 2888.7
1217550 2888.5
1217560 2888.5
1217570 2888.3
1217580 2888.4
1217590 2888.4
1217600 2888.9
1217610 2889.6
1217620 2889.6
1217630 2890.4
1217640 2892.1
1217650 2895.4
1217660 2895.4
1217670 2898.8
1217680 2902.1
1217690 2902.1
1217700 2905.2
1217710 2908.1
1217720 2908.1
1217730 2910.5
1217740 2912.5
1217750 2912.5
1217760 2914.7
1217770 2916.6
1217780 2916.6
1217790 2918.2
1217800 2919.7
1217810 2921.4
1217820 2921.4
1217830 2921.5
1217840 2923.0
1217850 2923.0
1217860 2924.9
1217870 2926.8
1217880 2926.8
1217890 2928.3
1217900 2930.0
1217910 2930.0
1217920 2931.6
1217930 2933.5
1217940 2933.5
1217950 2936.2
1217960 2939.8
1217970 2939.8
1217980 2943.6
1217990 2947.5
1218000 2951.6
1218010 2951.6
1218020 2956.2
1218030 2961.2
1218040 2961.2
1218050 2966.6
1218060 2972.5
1218070 2972.5
1218080 2978.9
1218090 2985.4
1218100 2985.4
1218110 2991.7
1218120 2995.6
1218130 2995.6
1218140 2998.4
1218150 3002.3
1218160 3006.3
1218170 3006.3
1218180 3010.0
1218190 3013.4
1218200 3013.4
1218210 3013.9
1218220 3014.5
1218230 3014.5
1218240 3013.6
1218250 3012.5
1218260 3012.5
1218270 3011.2
1218280 3008.6
1218290 3008.6
1218300 3004.3
1218310 3002.5
1218320 3002.5
1218330 3001.1
1218340 3000.0
1218350 3000.2
1218360 3000.2
1218370 3000.4
1218380 3000.8
1218390 3000.8
1218400 3001.7
1218410 3002.6
1218420 3002.6
1218430 3003.8
1218440 3005.3
1218450 3005.3
1218460 3007.1
1218470 3009.2
1218480 3009.2
1218490 3011.5
1218500 3013.7
1218510 3013.7
1218520 3016.2
1218530 3019.0
1218540 3021.8
1218550 3021.8
1218560 3024.2
1218570 3026.1
1218580 3026.1
1218590 3028.0
1218600 3029.8
1218610 3029.8
1218620 3031.8
1218630 3033.7
1218640 3033.7
1218650 3035.4
1218660 3037.0
1218670 3037.0
1218680 3038.4
1218690 3040.2
1218700 3041.6
1218710 3041.6
1218720 3043.1
1218730 3044.6
1218740 3044.6
1218750 3046.3
1218760 3047.8
1218770 3047.8
1218780 3048.2
1218790 3049.1
1218800 3049.1
1218810 3050.2
1218820 3051.6
1218830 3051.6
1218840 3053.1
1218850 3054.6
1218860 3054.6
1218870 3056.4
1218880 3058.6
1218890 3061.2
1218900 3061.2
1218910 3063.9
1218920 3066.6
1218930 3066.6
1218940 3069.3
1218950 3072.1
1218960 3072.1
1218970 3075.1
1218980 3077.4
1218990 3077.4
1219000 3079.7
1219010 3082.8
1219020 3082.8
1219030 3086.8
1219040 3091.0
1219050 3091.0
1219060 3094.9
1219070 3097.9
1219080 3101.1
1219090 3101.1
1219100 3104.2
1219110 3108.0
1219120 3108.0
1219130 3111.3
1219140 3115.2
1219150 3115.2
1219160 3120.8
1219170 3127.3
1219180 3127.3
1219190 3134.7
1219200 3140.3
1219210 3140.3
1219220 3144.7
1219230 3152.6
1219240 3155.3
1219250 3141.5
1219260 3144.3
1219270 3147.0
1219280 3147.0
1219290 3148.3
1219300 3148.0
1219310 3148.0
1219320 3148.2
1219330 3148.9
1219340 3148.9
1219350 3151.2
1219360 3155.7
1219370 3155.7
1219380 3159.0
1219390 3160.8
1219400 3160.8
1219410 3162.3
1219420 3165.5
1219430 3168.3
1219440 3168.3
1219450 3170.7
1219460 3172.5
1219470 3172.5
1219480 3174.9
1219490 3178.5
1219500 3178.5
1219510 3181.3
1219520 3184.0
1219530 3184.0
1219540 3186.8
1219550 3189.7
1219560 3189.7
1219570 3192.7
1219580 3195.6
1219590 3195.6
1219600 3198.4
1219610 3201.0
1219620 3203.6
1219630 3203.6
1219640 3206.4
1219650 3208.9
1219660 3208.9
1219670 3211.6
1219680 3214.9
1219690 3214.9
1219700 3218.4
1219710 3222.0
1219720 3222.0
1219730 3223.0
1219740 3226.5
1219750 3226.5
1219760 3231.9
1219770 3235.7
1219780 3237.6
1219790 3237.6
1219800 3239.8
1219810 3243.1
1219820 3243.1
1219830 3245.6
1219840 3248.0
1219850 3248.0
1219860 3251.9
1219870 3255.8
1219880 3255.8
1219890 3259.1
1219900 3263.0
1219910 3263.0
1219920 3266.5
1219930 3272.4
1219940 3272.4
1219950 3281.4
1219960 3292.5
1219970 3302.3
1219980 3302.3
1219990 3307.9
