1200000 2777.7
1200010 2777.5
1200020 2777.5
1200030 2778.3
1200040 2779.1
1200050 2779.1
1200060 2779.5
1200070 2780.5
1200080 2780.6
1200090 2780.6
1200100 2779.7
1200110 2782.4
1200120 2782.4
1200130 2787.1
1200140 2793.4
1200150 2793.4
1200160 2799.0
1200170 2804.5
1200180 2804.5
1200190 2805.5
1200200 2806.7
1200210 2806.7
1200220 2808.4
1200230 2810.7
1200240 2810.7
1200250 2812.1
1200260 2814.1
1200270 2817.2
1200280 2817.2
1200290 2819.5
1200300 2821.8
1200310 2821.8
1200320 2823.8
1200330 2826.0
1200340 2826.0
1200350 2828.5
1200360 2829.6
1200370 2829.6
1200380 2829.3
1200390 2829.7
1200400 2829.7
1200410 2829.2
1200420 2828.9
1200430 2829.4
1200440 2829.4
1200450 2830.6
1200460 2831.5
1200470 2831.5
1200480 2832.9
1200490 2834.8
1200500 2834.8
1200510 2836.6
1200520 2839.4
1200530 2839.4
1200540 2842.7
1200550 2842.5
1200560 2842.5
1200570 2843.2
1200580 2846.1
1200590 2846.1
1200600 2850.1
1200610 2854.7
1200620 2863.0
1200630 2863.0
1200640 2867.3
1200650 2872.0
1200660 2872.0
1200670 2885.0
1200680 2897.9
1200690 2897.9
1200700 2906.3
1200710 2909.8
1200720 2909.8
1200730 2913.8
1200740 2919.5
1200750 2919.5
1200760 2925.0
1200770 2931.0
1200780 2931.0
1200790 2936.7
1200800 2942.7
1200810 2948.8
1200820 2948.8
1200830 2952.2
1200840 2952.2
1200850 2952.2
1200860 2951.4
1200870 2954.6
1200880 2954.6
1200890 2957.7
1200900 2959.7
1200910 2959.7
1200920 2962.4
1200930 2965.6
1200940 2965.6
1200950 2968.7
1200960 2974.5
1200970 2978.6
1200980 2978.6
1200990 2979.6
1201000 2979.5
1201010 2979.5
1201020 2981.6
1201030 2988.0
1201040 2988.0
1201050 2990.3
1201060 3003.3
1201070 3003.3
1201080 3009.7
1201090 3019.7
1201100 3019.7
1201110 3030.2
1201120 3033.5
1201130 3033.5
1201140 3031.4
1201150 3030.7
1201160 3031.7
1201170 3031.7
1201180 3032.2
1201190 3032.2
1201200 3032.2
1201210 3031.1
1201220 3029.4
1201230 3029.4
1201240 3028.8
1201250 3026.7
1201260 3026.7
1201270 3020.9
1201280 3015.5
1201290 3015.5
1201300 3012.9
1201310 3014.3
1201320 3014.3
1201330 3011.1
1201340 3006.2
1201350 3006.2
1201360 3006.2
1201370 3006.9
1201380 3007.9
1201390 3007.9
1201400 3009.1
1201410 3010.5
1201420 3010.5
1201430 3012.2
1201440 3013.9
1201450 3013.9
1201460 3015.6
1201470 3017.1
1201480 3017.1
1201490 3018.7
1201500 3020.1
1201510 3025.0
1201520 3025.0
1201530 3026.5
1201540 3028.2
1201550 3028.2
1201560 3030.1
1201570 3032.1
1201580 3032.1
1201590 3034.1
1201600 3036.2
1201610 3036.2
1201620 3038.7
1201630 3042.5
1201640 3042.5
1201650 3047.6
1201660 3053.7
1201670 3053.7
1201680 3059.0
1201690 3063.7
1201700 3067.3
1201710 3067.3
1201720 3070.7
1201730 3074.2
1201740 3074.2
1201750 3077.9
1201760 3081.6
1201770 3081.6
1201780 3084.8
1201790 3087.9
1201800 3087.9
1201810 3090.7
1201820 3093.2
1201830 3093.2
1201840 3096.5
1201850 3100.9
1201860 3100.9
1201870 3105.7
1201880 3110.6
1201890 3115.1
1201900 3115.1
1201910 3122.3
1201920 3126.8
1201930 3126.8
1201940 3129.0
1201950 3130.9
1201960 3130.9
1201970 3123.9
1201980 3117.1
1201990 3117.1
1202000 3110.6
1202010 3103.9
1202020 3103.9
1202030 3096.9
1202040 3090.2
1202050 3084.6
1202060 3084.6
1202070 3079.8
1202080 3075.4
1202090 3075.4
1202100 3072.4
1202110 3069.3
1202120 3069.3
1202130 3065.4
1202140 3060.9
1202150 3060.9
1202160 3057.1
1202170 3053.7
1202180 3053.7
1202190 3051.4
1202200 3049.6
1202210 3049.6
1202220 3047.5
1202230 3045.0
1202240 3042.6
1202250 3042.6
1202260 3040.9
1202270 3040.2
1202280 3040.2
1202290 3039.9
1202300 3039.9
1202310 3039.9
1202320 3039.8
1202330 3039.9
1202340 3039.9
1202350 3040.2
1202360 3040.6
1202370 3040.6
1202380 3041.2
1202390 3041.2
1202400 3040.9
1202410 3039.7
1202420 3038.5
1202430 3038.4
1202440 3038.4
1202450 3038.9
1202460 3039.2
1202470 3039.2
1202480 3039.6
1202490 3039.8
1202500 3039.8
1202510 3039.1
1202520 3037.9
1202530 3037.9
1202540 3036.3
1202550 3034.3
1202560 3034.3
1202570 3031.8
1202580 3028.3
1202590 3028.3
1202600 3022.7
1202610 3015.0
1202620 3008.5
1202630 3008.5
1202640 3002.5
1202650 2994.6
1202660 2994.6
1202670 2989.7
1202680 2987.8
1202690 2987.8
1202700 2987.2
1202710 2986.0
1202720 2986.0
1202730 2984.6
1202740 2983.5
1202750 2983.5
1202760 2982.2
1202770 2980.5
1202780 2978.6
1202790 2978.6
1202800 2976.7
1202810 2974.6
1202820 2974.6
1202830 2972.2
1202840 2969.7
1202850 2968.8
1202860 2967.1
1202870 2965.7
1202880 2965.7
1202890 2964.3
1202900 2962.5
1202910 2962.5
1202920 2960.1
1202930 2957.5
1202940 2957.5
1202950 2954.7
1202960 2952.7
1202970 2952.4
1202980 2952.4
1202990 2952.7
1203000 2953.7
1203010 2953.7
1203020 2952.7
1203030 2949.8
1203040 2949.8
1203050 2946.7
1203060 2942.9
1203070 2942.9
1203080 2939.3
1203090 2935.6
1203100 2935.6
1203110 2932.5
1203120 2930.3
1203130 2930.3
1203140 2928.8
1203150 2927.7
1203160 2926.3
1203170 2926.3
1203180 2924.7
1203190 2922.7
1203200 2922.7
1203210 2920.3
1203220 2917.9
1203230 2917.9
1203240 2914.9
1203250 2910.7
1203260 2910.7
1203270 2905.8
1203280 2900.8
1203290 2900.8
1203300 2891.4
1203310 2885.9
1203320 2880.9
1203330 2880.9
1203340 2876.6
1203350 2872.3
1203360 2872.3
1203370 2867.3
1203380 2862.6
1203390 2862.6
1203400 2858.2
1203410 2853.8
1203420 2853.8
1203430 2849.4
1203440 2844.6
1203450 2844.6
1203460 2840.0
1203470 2835.6
1203480 2835.6
1203490 2832.1
1203500 2829.6
1203510 2826.6
1203520 2826.6
1203530 2823.4
1203540 2820.0
1203550 2820.0
1203560 2816.4
1203570 2812.6
1203580 2812.6
1203590 2808.4
1203600 2804.3
1203610 2804.3
1203620 2800.8
1203630 2795.9
1203640 2795.9
1203650 2789.7
1203660 2784.1
1203670 2784.1
1203680 2778.8
1203690 2773.6
1203700 2768.4
1203710 2768.4
1203720 2763.7
1203730 2758.3
1203740 2758.3
1203750 2749.4
1203760 2744.7
1203770 2744.7
1203780 2739.9
1203790 2735.1
1203800 2735.1
1203810 2729.9
1203820 2724.6
1203830 2724.6
1203840 2720.4
1203850 2716.7
1203860 2713.1
1203870 2713.1
1203880 2709.2
1203890 2704.9
1203900 2704.9
1203910 2700.5
1203920 2696.1
1203930 2696.1
1203940 2692.0
1203950 2688.0
1203960 2688.0
1203970 2683.8
1203980 2678.9
1203990 2678.9
1204000 2674.3
1204010 2669.6
1204020 2669.6
1204030 2664.4
1204040 2659.5
1204050 2655.0
1204060 2655.0
1204070 2650.9
1204080 2646.5
1204090 2646.5
1204100 2642.0
1204110 2637.8
1204120 2637.8
1204130 2633.4
1204140 2629.6
1204150 2629.6
1204160 2626.3
1204170 2622.6
1204180 2622.6
1204190 2615.8
1204200 2612.4
1204210 2612.4
1204220 2608.9
1204230 2605.7
1204240 2602.8
1204250 2602.8
1204260 2599.4
1204270 2595.5
1204280 2595.5
1204290 2591.9
1204300 2588.4
1204310 2588.4
1204320 2585.1
1204330 2582.0
1204340 2582.0
1204350 2579.5
1204360 2578.8
1204370 2578.8
1204380 2577.4
1204390 2577.1
1204400 2577.3
1204410 2577.3
1204420 2576.8
1204430 2574.7
1204440 2574.7
1204450 2571.4
1204460 2569.0
1204470 2569.0
1204480 2567.8
1204490 2566.5
1204500 2566.5
1204510 2565.9
1204520 2566.3
1204530 2566.3
1204540 2566.4
1204550 2567.6
1204560 2567.6
1204570 2568.5
1204580 2569.2
1204590 2569.5
1204600 2569.5
1204610 2569.8
1204620 2570.0
1204630 2570.0
1204640 2570.3
1204650 2573.1
1204660 2573.1
1204670 2574.6
1204680 2575.4
1204690 2575.4
1204700 2575.9
1204710 2576.4
1204720 2576.4
1204730 2577.3
1204740 2579.1
1204750 2579.1
1204760 2581.7
1204770 2584.9
1204780 2588.7
1204790 2588.7
1204800 2593.5
1204810 2599.2
1204820 2599.2
1204830 2605.4
1204840 2610.5
1204850 2610.5
1204860 2615.6
1204870 2619.7
1204880 2619.7
1204890 2623.7
1204900 2627.4
1204910 2627.4
1204920 2631.6
1204930 2637.1
1204940 2641.0
1204950 2641.0
1204960 2645.4
1204970 2650.0
1204980 2650.0
1204990 2654.6
1205000 2660.2
1205010 2660.2
1205020 2665.7
1205030 2670.8
1205040 2670.8
1205050 2675.9
1205060 2680.5
1205070 2680.5
1205080 2685.6
1205090 2690.1
1205100 2692.4
1205110 2697.0
1205120 2701.0
1205130 2704.8
1205140 2704.8
1205150 2708.3
1205160 2711.3
1205170 2711.3
1205180 2714.3
1205190 2716.6
1205200 2716.6
1205210 2718.0
1205220 2718.5
1205230 2718.5
1205240 2718.9
1205250 2720.1
1205260 2720.1
1205270 2722.9
1205280 2725.7
1205290 2725.7
1205300 2727.2
1205310 2729.9
1205320 2732.1
1205330 2732.1
1205340 2733.7
1205350 2735.0
1205360 2735.0
1205370 2735.9
1205380 2737.2
1205390 2737.2
1205400 2739.5
1205410 2743.4
1205420 2743.4
1205430 2750.5
1205440 2756.4
1205450 2756.4
1205460 2758.9
1205470 2760.6
1205480 2761.5
1205490 2761.5
1205500 2760.4
1205510 2759.3
1205520 2759.3
1205530 2759.3
1205540 2760.1
1205550 2764.2
1205560 2765.3
1205570 2765.4
1205580 2765.4
1205590 2767.7
1205600 2771.6
1205610 2771.6
1205620 2774.3
1205630 2776.7
1205640 2776.7
1205650 2779.9
1205660 2783.5
1205670 2787.2
1205680 2787.2
1205690 2791.3
1205700 2795.6
1205710 2795.6
1205720 2800.5
1205730 2805.8
1205740 2805.8
1205750 2812.2
1205760 2819.8
1205770 2819.8
1205780 2827.6
1205790 2835.7
1205800 2835.7
1205810 2842.8
1205820 2849.1
1205830 2849.1
1205840 2854.8
1205850 2859.7
1205860 2864.1
1205870 2864.1
1205880 2867.5
1205890 2870.4
1205900 2870.4
1205910 2872.7
1205920 2874.1
1205930 2874.1
1205940 2875.2
1205950 2875.6
1205960 2875.6
1205970 2873.7
1205980 2872.9
1205990 2872.9
1206000 2874.8
1206010 2872.2
1206020 2877.6
1206030 2877.6
1206040 2881.7
1206050 2886.1
1206060 2886.1
1206070 2889.3
1206080 2893.4
1206090 2893.4
1206100 2899.8
1206110 2905.5
1206120 2905.5
1206130 2910.5
1206140 2915.4
1206150 2915.4
1206160 2920.2
1206170 2925.1
1206180 2925.1
1206190 2929.1
1206200 2933.3
1206210 2938.3
1206220 2938.3
1206230 2941.5
1206240 2942.8
1206250 2942.8
1206260 2941.5
1206270 2940.7
1206280 2940.7
1206290 2940.2
1206300 2939.1
1206310 2939.1
1206320 2936.0
1206330 2932.9
1206340 2932.9
1206350 2929.4
1206360 2925.6
1206370 2925.6
1206380 2923.0
1206390 2922.4
1206400 2921.6
1206410 2921.6
1206420 2920.9
1206430 2923.5
1206440 2923.5
1206450 2926.7
1206460 2930.1
1206470 2930.1
1206480 2931.7
1206490 2932.1
1206500 2932.1
1206510 2931.6
1206520 2930.0
1206530 2930.0
1206540 2928.4
1206550 2927.5
1206560 2926.5
1206570 2926.5
1206580 2925.5
1206590 2925.3
1206600 2925.3
1206610 2926.4
1206620 2927.9
1206630 2927.9
1206640 2929.8
1206650 2932.2
1206660 2932.2
1206670 2933.7
1206680 2935.7
1206690 2935.7
1206700 2939.8
1206710 2944.2
1206720 2944.2
1206730 2948.6
1206740 2952.5
1206750 2956.3
1206760 2956.3
1206770 2960.0
1206780 2963.0
1206790 2963.0
1206800 2965.9
1206810 2968.5
1206820 2968.5
1206830 2971.2
1206840 2973.7
1206850 2973.7
1206860 2975.9
1206870 2978.0
1206880 2978.0
1206890 2979.9
1206900 2981.7
1206910 2984.0
1206920 2985.7
1206930 2987.5
1206940 2989.1
1206950 2989.1
1206960 2990.7
1206970 2992.0
1206980 2992.0
1206990 2993.3
1207000 2994.4
1207010 2994.4
1207020 2995.2
1207030 2995.8
1207040 2995.8
1207050 2996.1
1207060 2996.1
1207070 2996.1
1207080 2995.5
1207090 2995.9
1207100 2997.9
1207110 2997.9
1207120 3000.7
1207130 3003.8
1207140 3003.8
1207150 3007.6
1207160 3011.9
1207170 3011.9
1207180 3016.6
1207190 3020.8
1207200 3020.8
1207210 3024.6
1207220 3028.0
1207230 3028.0
1207240 3031.1
1207250 3034.0
1207260 3034.0
1207270 3036.8
1207280 3039.3
1207290 3041.4
1207300 3041.4
1207310 3043.2
1207320 3044.7
1207330 3044.7
1207340 3046.0
1207350 3047.0
1207360 3048.6
1207370 3049.5
1207380 3050.4
1207390 3050.4
1207400 3051.2
1207410 3052.1
1207420 3052.1
1207430 3053.1
1207440 3054.1
1207450 3054.1
1207460 3054.9
1207470 3055.7
1207480 3056.5
1207490 3056.5
1207500 3057.2
1207510 3057.8
1207520 3057.8
1207530 3058.2
1207540 3058.8
1207550 3058.8
1207560 3059.6
1207570 3060.3
1207580 3060.3
1207590 3061.1
1207600 3062.2
1207610 3062.2
1207620 3063.5
1207630 3065.1
1207640 3067.1
1207650 3067.1
1207660 3069.5
1207670 3072.2
1207680 3072.2
1207690 3075.1
1207700 3078.1
1207710 3078.1
1207720 3081.2
1207730 3084.4
1207740 3084.4
1207750 3087.6
1207760 3090.6
1207770 3090.6
1207780 3093.6
1207790 3096.7
1207800 3096.7
1207810 3099.4
1207820 3103.9
1207830 3106.7
1207840 3106.7
1207850 3109.2
1207860 3111.5
1207870 3111.5
1207880 3113.9
1207890 3116.2
1207900 3116.2
1207910 3118.5
1207920 3120.8
1207930 3120.8
1207940 3123.2
1207950 3125.6
1207960 3125.6
1207970 3128.2
1207980 3130.9
1207990 3130.9
1208000 3133.8
1208010 3136.7
1208020 3139.8
1208030 3139.8
1208040 3143.1
1208050 3146.4
1208060 3146.4
1208070 3149.9
1208080 3153.7
1208090 3153.7
1208100 3157.6
1208110 3161.6
1208120 3161.6
1208130 3165.7
1208140 3169.9
1208150 3169.9
1208160 3174.3
1208170 3178.8
1208180 3183.5
1208190 3183.5
1208200 3188.3
1208210 3193.1
1208220 3193.1
1208230 3198.1
1208240 3203.3
1208250 3203.3
1208260 3208.5
1208270 3213.1
1208280 3213.1
1208290 3218.4
1208300 3223.8
1208310 3223.8
1208320 3229.3
1208330 3235.2
1208340 3235.2
1208350 3241.3
1208360 3247.9
1208370 3256.5
1208380 3256.5
1208390 3269.2
1208400 3279.7
1208410 3279.7
1208420 3288.6
1208430 3297.9
1208440 3297.9
1208450 3308.2
1208460 3319.8
1208470 3319.8
1208480 3330.9
1208490 3338.7
1208500 3338.7
1208510 3347.8
1208520 3358.5
1208530 3358.5
1208540 3363.6
1208550 3358.8
1208560 3352.3
1208570 3352.3
1208580 3345.1
1208590 3337.4
1208600 3337.4
1208610 3330.7
1208620 3323.3
1208630 3323.3
1208640 3314.5
1208650 3305.4
1208660 3305.4
1208670 3297.3
1208680 3289.9
1208690 3289.9
1208700 3282.1
1208710 3274.3
1208720 3266.1
1208730 3268.2
1208740 3256.8
1208750 3247.8
1208760 3247.8
1208770 3242.2
1208780 3236.8
1208790 3236.8
1208800 3225.5
1208810 3216.3
1208820 3216.3
1208830 3208.4
1208840 3200.0
1208850 3200.0
1208860 3193.2
1208870 3187.3
1208880 3187.3
1208890 3181.6
1208900 3176.0
1208910 3170.3
1208920 3170.3
1208930 3163.9
1208940 3156.9
1208950 3156.9
1208960 3150.4
1208970 3144.6
1208980 3144.6
1208990 3138.7
1209000 3133.0
1209010 3133.0
1209020 3127.3
1209030 3122.1
1209040 3122.1
1209050 3117.0
1209060 3111.9
1209070 3111.9
1209080 3106.3
1209090 3102.2
1209100 3099.5
1209110 3099.5
1209120 3094.3
1209130 3088.9
1209140 3088.9
1209150 3084.1
1209160 3080.2
1209170 3080.2
1209180 3075.7
1209190 3070.1
1209200 3070.1
1209210 3065.4
1209220 3059.5
1209230 3059.5
1209240 3055.1
1209250 3051.3
1209260 3048.5
1209270 3048.5
1209280 3045.1
1209290 3040.3
1209300 3040.3
1209310 3035.8
1209320 3030.9
1209330 3030.9
1209340 3026.5
1209350 3023.4
1209360 3023.4
1209370 3020.3
1209380 3017.6
1209390 3017.6
1209400 3015.3
1209410 3013.7
1209420 3013.7
1209430 3011.2
1209440 3009.1
1209450 3007.4
1209460 3007.4
1209470 3005.9
1209480 3004.5
1209490 3004.5
1209500 3003.6
1209510 3002.7
1209520 3002.7
1209530 3001.8
1209540 3001.6
1209550 3001.6
1209560 3000.6
1209570 2999.7
1209580 2999.7
1209590 2999.3
1209600 2999.5
1209610 2999.5
1209620 3000.4
1209630 2998.8
1209640 2997.7
1209650 2991.0
1209660 2991.2
1209670 2992.3
1209680 2992.3
1209690 2991.9
1209700 2990.4
1209710 2990.4
1209720 2987.7
1209730 2985.1
1209740 2985.1
1209750 2982.0
1209760 2979.1
1209770 2979.1
1209780 2975.7
1209790 2970.8
1209800 2967.3
1209810 2967.3
1209820 2964.2
1209830 2960.9
1209840 2960.9
1209850 2958.0
1209860 2954.3
1209870 2954.3
1209880 2950.2
1209890 2946.2
1209900 2946.2
1209910 2943.6
1209920 2942.9
1209930 2942.9
1209940 2943.6
1209950 2943.6
1209960 2943.6
1209970 2942.4
1209980 2941.5
1209990 2940.2
1210000 2940.2
1210010 2938.8
1210020 2937.1
1210030 2937.1
1210040 2934.9
1210050 2931.8
1210060 2931.8
1210070 2927.1
1210080 2922.3
1210090 2922.3
1210100 2918.5
1210110 2911.0
1210120 2911.0
1210130 2907.8
1210140 2905.5
1210150 2905.5
1210160 2904.1
1210170 2903.2
1210180 2902.9
1210190 2902.9
1210200 2905.5
1210210 2908.7
1210220 2908.7
1210230 2909.6
1210240 2907.4
1210250 2907.4
1210260 2903.1
1210270 2898.4
1210280 2898.4
1210290 2891.6
1210300 2884.3
1210310 2884.3
1210320 2878.5
1210330 2874.0
1210340 2870.2
1210350 2870.2
1210360 2867.6
1210370 2866.3
1210380 2866.3
1210390 2865.2
1210400 2863.8
1210410 2863.8
1210420 2862.2
1210430 2859.9
1210440 2859.9
1210450 2856.6
1210460 2853.3
1210470 2853.3
1210480 2850.3
1210490 2847.9
1210500 2847.9
1210510 2846.6
1210520 2847.3
1210530 2847.5
1210540 2847.5
1210550 2846.9
1210560 2846.3
1210570 2841.8
1210580 2842.2
1210590 2844.0
1210600 2844.0
1210610 2846.7
1210620 2850.3
1210630 2850.3
1210640 2851.5
1210650 2850.5
1210660 2850.5
1210670 2848.6
1210680 2846.8
1210690 2846.8
1210700 2844.7
1210710 2842.5
1210720 2839.9
1210730 2839.9
1210740 2837.1
1210750 2834.3
1210760 2834.3
1210770 2831.6
1210780 2828.9
1210790 2828.9
1210800 2825.8
1210810 2822.4
1210820 2822.4
1210830 2819.1
1210840 2816.2
1210850 2816.2
1210860 2813.8
1210870 2811.5
1210880 2809.2
1210890 2809.2
1210900 2806.9
1210910 2804.7
1210920 2804.7
1210930 2802.1
1210940 2799.4
1210950 2799.4
1210960 2797.0
1210970 2794.8
1210980 2794.8
1210990 2792.6
1211000 2788.8
1211010 2788.8
1211020 2781.6
1211030 2769.8
1211040 2769.8
1211050 2760.4
1211060 2754.6
1211070 2756.4
1211080 2756.4
1211090 2762.9
1211100 2766.5
1211110 2766.5
1211120 2764.5
1211130 2761.8
1211140 2761.8
1211150 2759.2
1211160 2756.4
1211170 2756.4
1211180 2753.7
1211190 2751.3
1211200 2751.3
1211210 2749.3
1211220 2747.2
1211230 2747.2
1211240 2743.9
1211250 2741.5
1211260 2738.6
1211270 2738.6
1211280 2735.8
1211290 2733.0
1211300 2733.0
1211310 2727.9
1211320 2725.4
1211330 2725.4
1211340 2722.9
1211350 2719.9
1211360 2719.9
1211370 2717.8
1211380 2714.5
1211390 2714.5
1211400 2710.6
1211410 2706.5
1211420 2703.2
1211430 2703.2
1211440 2699.7
1211450 2695.4
1211460 2695.4
1211470 2692.1
1211480 2688.6
1211490 2683.5
1211500 2679.2
1211510 2674.6
1211520 2674.6
1211530 2669.7
1211540 2665.1
1211550 2665.1
1211560 2661.2
1211570 2657.4
1211580 2657.4
1211590 2653.9
1211600 2651.5
1211610 2649.6
1211620 2649.6
1211630 2647.3
1211640 2644.4
1211650 2644.4
1211660 2640.8
1211670 2636.5
1211680 2636.5
1211690 2632.4
1211700 2627.9
1211710 2627.9
1211720 2623.4
1211730 2619.3
1211740 2619.3
1211750 2614.9
1211760 2610.6
1211770 2610.6
1211780 2607.2
1211790 2604.1
1211800 2601.1
1211810 2601.1
1211820 2598.0
1211830 2593.4
1211840 2593.4
1211850 2588.9
1211860 2584.8
1211870 2584.8
1211880 2581.1
1211890 2578.3
1211900 2578.3
1211910 2577.3
1211920 2578.1
1211930 2578.1
1211940 2576.2
1211950 2568.8
1211960 2565.3
1211970 2565.3
1211980 2561.6
1211990 2558.5
1212000 2558.5
1212010 2555.1
1212020 2551.1
1212030 2551.1
1212040 2546.4
1212050 2540.6
1212060 2540.6
1212070 2534.2
1212080 2527.6
1212090 2527.6
1212100 2521.6
1212110 2515.8
1212120 2515.8
1212130 2510.8
1212140 2505.5
1212150 2501.0
1212160 2501.0
1212170 2495.0
1212180 2490.0
1212190 2490.0
1212200 2486.3
1212210 2481.7
1212220 2481.7
1212230 2476.9
1212240 2470.7
1212250 2470.7
1212260 2465.4
1212270 2459.9
1212280 2459.9
1212290 2453.2
1212300 2444.0
1212310 2444.0
1212320 2436.2
1212330 2430.5
1212340 2425.4
1212350 2425.4
1212360 2419.3
1212370 2412.7
1212380 2412.7
1212390 2407.3
1212400 2404.0
1212410 2396.9
1212420 2391.6
1212430 2387.2
1212440 2387.2
1212450 2382.6
1212460 2376.1
1212470 2376.1
1212480 2369.6
1212490 2363.6
1212500 2358.2
1212510 2358.2
1212520 2352.6
1212530 2347.8
1212540 2347.8
1212550 2342.8
1212560 2336.2
1212570 2336.2
1212580 2329.2
1212590 2322.4
1212600 2322.4
1212610 2315.1
1212620 2308.3
1212630 2308.3
1212640 2301.4
1212650 2294.8
1212660 2294.8
1212670 2286.8
1212680 2279.9
1212690 2279.4
1212700 2279.4
1212710 2281.0
1212720 2285.9
1212730 2285.9
1212740 2293.4
1212750 2300.6
1212760 2300.6
1212770 2307.9
1212780 2315.5
1212790 2315.5
1212800 2323.5
1212810 2333.6
1212820 2333.6
1212830 2348.1
1212840 2354.9
1212850 2354.9
1212860 2358.4
1212870 2359.3
1212880 2360.4
1212890 2360.4
1212900 2361.1
1212910 2363.9
1212920 2363.9
1212930 2367.5
1212940 2369.4
1212950 2369.4
1212960 2368.2
1212970 2370.4
1212980 2370.4
1212990 2373.2
1213000 2376.5
1213010 2376.5
1213020 2382.0
1213030 2384.5
1213040 2388.3
1213050 2388.3
1213060 2394.8
1213070 2401.3
1213080 2401.3
1213090 2407.3
1213100 2412.4
1213110 2412.4
1213120 2415.4
1213130 2418.7
1213140 2418.7
1213150 2424.1
1213160 2430.3
1213170 2430.3
1213180 2435.3
1213190 2439.3
1213200 2439.3
1213210 2442.8
1213220 2447.7
1213230 2453.1
1213240 2453.1
1213250 2458.4
1213260 2463.2
1213270 2463.2
1213280 2467.1
1213290 2470.9
1213300 2470.9
1213310 2474.8
1213320 2479.8
1213330 2479.8
1213340 2482.7
1213350 2487.1
1213360 2487.1
1213370 2491.2
1213380 2494.7
1213390 2494.7
1213400 2497.6
1213410 2501.4
1213420 2505.3
1213430 2505.3
1213440 2508.7
1213450 2512.2
1213460 2512.2
1213470 2516.3
1213480 2521.0
1213490 2521.0
1213500 2525.4
1213510 2527.6
1213520 2527.6
1213530 2531.1
1213540 2535.9
1213550 2535.9
1213560 2540.1
1213570 2544.4
1213580 2548.9
1213590 2548.9
1213600 2553.7
1213610 2558.9
1213620 2558.9
1213630 2564.4
1213640 2570.0
1213650 2570.0
1213660 2574.9
1213670 2580.8
1213680 2580.8
1213690 2586.4
1213700 2592.0
1213710 2592.0
1213720 2597.6
1213730 2602.4
1213740 2602.4
1213750 2607.0
1213760 2611.6
1213770 2615.7
1213780 2615.7
1213790 2620.7
1213800 2625.6
1213810 2622.1
1213820 2625.4
1213830 2627.9
1213840 2627.9
1213850 2630.6
1213860 2633.7
1213870 2633.7
1213880 2638.0
1213890 2642.6
1213900 2642.6
1213910 2646.2
1213920 2650.1
1213930 2650.1
1213940 2653.9
1213950 2656.6
1213960 2658.2
1213970 2658.2
1213980 2657.8
1213990 2658.9
1214000 2658.9
1214010 2662.9
1214020 2667.8
1214030 2667.8
1214040 2671.3
1214050 2673.4
1214060 2673.4
1214070 2675.0
1214080 2676.6
1214090 2676.6
1214100 2678.8
1214110 2680.9
1214120 2683.1
1214130 2683.1
1214140 2685.1
1214150 2687.1
1214160 2687.1
1214170 2688.5
1214180 2689.9
1214190 2689.9
1214200 2691.6
1214210 2693.5
1214220 2693.5
1214230 2695.6
1214240 2697.8
1214250 2697.8
1214260 2700.3
1214270 2696.9
1214280 2696.9
1214290 2700.7
1214300 2705.3
1214310 2710.3
1214320 2710.3
1214330 2714.3
1214340 2717.6
1214350 2717.6
1214360 2720.6
1214370 2723.6
1214380 2723.6
1214390 2726.9
1214400 2729.8
1214410 2729.8
1214420 2732.4
1214430 2735.7
1214440 2735.7
1214450 2738.2
1214460 2740.8
1214470 2740.8
1214480 2743.8
1214490 2746.4
1214500 2748.8
1214510 2748.8
1214520 2751.1
1214530 2753.3
1214540 2753.3
1214550 2755.5
1214560 2758.4
1214570 2758.4
1214580 2761.0
1214590 2762.7
1214600 2762.7
1214610 2764.2
1214620 2766.0
1214630 2766.0
1214640 2767.8
1214650 2769.2
1214660 2771.2
1214670 2771.2
1214680 2773.3
1214690 2775.1
1214700 2775.1
1214710 2776.8
1214720 2778.4
1214730 2778.4
1214740 2774.5
1214750 2775.5
1214760 2775.5
1214770 2775.8
1214780 2776.3
1214790 2776.3
1214800 2778.1
1214810 2778.6
1214820 2778.6
1214830 2778.7
1214840 2778.8
1214850 2778.6
1214860 2778.6
1214870 2778.4
1214880 2778.5
1214890 2778.5
1214900 2778.4
1214910 2776.9
1214920 2776.9
1214930 2769.0
1214940 2755.0
1214950 2755.0
1214960 2762.5
1214970 2773.7
1214980 2773.7
1214990 2773.9
1215000 2776.1
1215010 2776.1
1215020 2775.8
1215030 2775.0
1215040 2774.6
1215050 2774.6
1215060 2774.3
1215070 2773.4
1215080 2773.4
1215090 2771.4
1215100 2768.9
1215110 2768.9
1215120 2768.3
1215130 2769.4
1215140 2769.4
1215150 2768.7
1215160 2769.5
1215170 2769.5
1215180 2770.7
1215190 2770.0
1215200 2767.9
1215210 2759.1
1215220 2760.2
1215230 2760.6
1215240 2760.6
1215250 2765.5
1215260 2763.5
1215270 2763.5
1215280 2762.4
1215290 2766.3
1215300 2766.3
1215310 2764.4
1215320 2761.5
1215330 2761.5
1215340 2756.4
1215350 2746.5
1215360 2746.5
1215370 2746.3
1215380 2755.4
1215390 2754.5
1215400 2754.5
1215410 2752.1
1215420 2746.7
1215430 2746.7
1215440 2751.0
1215450 2756.5
1215460 2756.5
1215470 2756.8
1215480 2757.2
1215490 2757.2
1215500 2758.3
1215510 2759.1
1215520 2759.1
1215530 2759.3
1215540 2760.0
1215550 2760.0
1215560 2760.9
1215570 2761.8
1215580 2762.4
1215590 2762.4
1215600 2763.5
1215610 2764.4
1215620 2764.4
1215630 2765.6
1215640 2766.8
1215650 2766.8
1215660 2766.7
1215670 2759.9
1215680 2753.2
1215690 2747.1
1215700 2752.7
1215710 2752.7
1215720 2758.1
1215730 2763.1
1215740 2767.7
1215750 2767.7
1215760 2771.1
1215770 2769.7
1215780 2769.7
1215790 2764.2
1215800 2761.8
1215810 2761.8
1215820 2763.8
1215830 2764.2
1215840 2764.2
1215850 2761.6
1215860 2761.3
1215870 2761.3
1215880 2768.3
1215890 2773.8
1215900 2773.8
1215910 2776.3
1215920 2778.3
1215930 2782.8
1215940 2782.8
1215950 2786.2
1215960 2783.6
1215970 2783.6
1215980 2776.7
1215990 2779.4
1216000 2779.4
1216010 2782.8
1216020 2790.2
1216030 2790.2
1216040 2797.8
1216050 2801.8
1216060 2801.8
1216070 2805.7
1216080 2808.5
1216090 2808.5
1216100 2810.3
1216110 2811.3
1216120 2811.1
1216130 2811.1
1216140 2812.2
1216150 2805.6
1216160 2805.6
1216170 2811.0
1216180 2807.4
1216190 2807.4
1216200 2803.6
1216210 2808.2
1216220 2808.2
1216230 2815.7
1216240 2822.6
1216250 2822.6
1216260 2826.3
1216270 2829.5
1216280 2832.8
1216290 2832.8
1216300 2836.3
1216310 2839.6
1216320 2839.6
1216330 2842.5
1216340 2845.4
1216350 2845.4
1216360 2849.0
1216370 2851.7
1216380 2851.7
1216390 2853.2
1216400 2855.0
1216410 2855.0
1216420 2857.1
1216430 2859.1
1216440 2859.1
1216450 2861.1
1216460 2864.7
1216470 2866.2
1216480 2866.2
1216490 2870.7
1216500 2875.2
1216510 2875.2
1216520 2878.4
1216530 2885.4
1216540 2885.4
1216550 2891.0
1216560 2896.4
1216570 2896.4
1216580 2900.9
1216590 2906.4
1216600 2906.4
1216610 2911.6
1216620 2910.7
1216630 2910.7
1216640 2913.2
1216650 2916.3
1216660 2920.9
1216670 2920.9
1216680 2926.9
1216690 2932.4
1216700 2932.4
1216710 2937.0
1216720 2940.8
1216730 2940.8
1216740 2943.9
1216750 2946.8
1216760 2946.8
1216770 2948.7
1216780 2950.2
1216790 2950.2
1216800 2952.0
1216810 2953.1
1216820 2954.5
1216830 2954.5
1216840 2956.2
1216850 2957.7
1216860 2957.7
1216870 2959.4
1216880 2959.1
1216890 2959.1
1216900 2959.2
1216910 2964.1
1216920 2964.1
1216930 2970.5
1216940 2974.5
1216950 2974.5
1216960 2977.2
1216970 2979.7
1216980 2979.7
1216990 2981.4
1217000 2982.9
1217010 2986.9
1217020 2986.9
1217030 2992.2
1217040 2997.7
1217050 2997.7
1217060 3002.8
1217070 3008.1
1217080 3008.1
1217090 3009.5
1217100 3011.9
1217110 3011.9
1217120 3013.1
1217130 3014.5
1217140 3014.5
1217150 3015.7
1217160 3016.8
1217170 3016.8
1217180 3019.3
1217190 3022.9
1217200 3026.1
1217210 3026.1
1217220 3028.8
1217230 3031.2
1217240 3031.2
1217250 3034.6
1217260 3039.0
1217270 3039.0
1217280 3043.5
1217290 3046.7
1217300 3046.7
1217310 3049.5
1217320 3052.4
1217330 3052.4
1217340 3054.0
1217350 3055.3
1217360 3056.2
1217370 3056.2
1217380 3058.0
1217390 3061.3
1217400 3061.3
1217410 3064.2
1217420 3066.3
1217430 3066.3
1217440 3067.8
1217450 3068.8
1217460 3068.8
1217470 3070.4
1217480 3071.8
1217490 3071.8
1217500 3072.1
1217510 3071.5
1217520 3071.5
1217530 3069.8
1217540 3067.2
1217550 3066.3
1217560 3063.0
1217570 3063.1
1217580 3066.6
1217590 3066.6
1217600 3073.3
1217610 3080.3
1217620 3080.3
1217630 3084.5
1217640 3086.5
1217650 3086.5
1217660 3086.8
1217670 3086.3
1217680 3086.3
1217690 3090.5
1217700 3094.6
1217710 3094.6
1217720 3096.4
1217730 3098.4
1217740 3100.8
1217750 3100.8
1217760 3103.7
1217770 3106.9
1217780 3106.9
1217790 3111.1
1217800 3114.3
1217810 3114.3
1217820 3115.3
1217830 3118.1
1217840 3118.1
1217850 3122.2
1217860 3126.3
1217870 3126.3
1217880 3130.8
1217890 3134.4
1217900 3137.4
1217910 3137.4
1217920 3140.9
1217930 3144.4
1217940 3144.4
1217950 3149.5
1217960 3155.0
1217970 3155.0
1217980 3159.8
1217990 3164.9
1218000 3164.9
1218010 3170.8
1218020 3177.8
1218030 3172.8
1218040 3181.4
1218050 3190.2
1218060 3190.2
1218070 3198.9
1218080 3209.3
1218090 3220.0
1218100 3220.0
1218110 3232.6
1218120 3246.3
1218130 3246.3
1218140 3261.3
1218150 3272.3
1218160 3272.3
1218170 3280.5
1218180 3287.9
1218190 3287.9
1218200 3298.8
1218210 3308.4
1218220 3308.4
1218230 3317.7
1218240 3331.1
1218250 3344.4
1218260 3344.4
1218270 3351.8
1218280 3363.8
1218290 3363.8
1218300 3375.5
1218310 3386.9
1218320 3386.9
1218330 3393.1
1218340 3388.3
1218350 3388.3
1218360 3379.8
1218370 3372.1
1218380 3372.1
1218390 3365.0
1218400 3359.6
1218410 3359.6
1218420 3355.9
1218430 3352.5
1218440 3348.9
1218450 3348.9
1218460 3345.4
1218470 3342.4
1218480 3342.4
1218490 3339.8
1218500 3337.9
1218510 3345.3
1218520 3342.6
1218530 3334.7
1218540 3334.7
1218550 3325.0
1218560 3317.4
1218570 3317.4
1218580 3308.3
1218590 3294.7
1218600 3294.7
1218610 3297.0
1218620 3289.1
1218630 3278.5
1218640 3278.5
1218650 3268.5
1218660 3262.5
1218670 3262.5
1218680 3259.3
1218690 3256.9
1218700 3256.9
1218710 3255.0
1218720 3253.5
1218730 3253.5
1218740 3252.0
1218750 3250.4
1218760 3250.4
1218770 3248.8
1218780 3247.1
1218790 3245.4
1218800 3245.4
1218810 3243.9
1218820 3242.7
1218830 3242.7
1218840 3241.7
1218850 3240.8
1218860 3240.8
1218870 3240.1
1218880 3239.5
1218890 3239.5
1218900 3239.3
1218910 3239.3
1218920 3239.3
1218930 3239.4
1218940 3239.7
1218950 3239.7
1218960 3240.1
1218970 3240.7
1218980 3243.6
1218990 3243.6
1219000 3244.3
1219010 3245.0
1219020 3245.0
1219030 3245.8
1219040 3246.7
1219050 3246.7
1219060 3247.8
1219070 3248.9
1219080 3248.9
1219090 3250.2
1219100 3251.6
1219110 3251.6
1219120 3253.2
1219130 3254.8
1219140 3254.8
1219150 3256.7
1219160 3258.8
1219170 3260.9
1219180 3260.9
1219190 3263.0
1219200 3265.1
1219210 3265.1
1219220 3267.2
1219230 3269.4
1219240 3269.4
1219250 3271.8
1219260 3274.3
1219270 3274.3
1219280 3276.7
1219290 3279.1
1219300 3279.1
1219310 3281.4
1219320 3283.7
1219330 3286.1
1219340 3286.1
1219350 3288.4
1219360 3290.6
1219370 3290.6
1219380 3293.1
1219390 3295.7
1219400 3295.7
1219410 3298.9
1219420 3302.0
1219430 3302.0
1219440 3305.5
1219450 3309.6
1219460 3308.9
1219470 3313.1
1219480 3320.2
1219490 3320.2
1219500 3334.0
1219510 3349.4
1219520 3356.2
1219530 3356.2
1219540 3364.0
1219550 3373.1
1219560 3373.1
1219570 3381.4
1219580 3387.5
1219590 3387.5
1219600 3391.4
1219610 3394.1
1219620 3394.1
1219630 3396.8
1219640 3399.6
1219650 3399.6
1219660 3402.6
1219670 3405.9
1219680 3405.9
1219690 3409.2
1219700 3412.6
1219710 3416.0
1219720 3416.0
1219730 3419.4
1219740 3422.6
1219750 3422.6
1219760 3425.8
1219770 3429.0
1219780 3429.0
1219790 3432.2
1219800 3435.4
1219810 3435.4
1219820 3438.6
1219830 3441.9
1219840 3441.9
1219850 3445.7
1219860 3449.1
1219870 3452.1
1219880 3452.1
1219890 3454.6
1219900 3456.4
1219910 3456.4
1219920 3455.9
1219930 3448.6
1219940 3448.6
1219950 3438.4
1219960 3432.0
1219970 3432.0
1219980 3428.0
1219990 3424.4
