1200000 2674.3
1200010 2673.6
1200020 2673.6
1200030 2673.7
1200040 2673.0
1200050 2673.0
1200060 2672.0
1200070 2671.2
1200080 2671.2
1200090 2670.3
1200100 2669.3
1200110 2669.3
1200120 2668.3
1200130 2667.2
1200140 2667.2
1200150 2666.1
1200160 2665.1
1200170 2663.9
1200180 2663.9
1200190 2662.9
1200200 2661.8
1200210 2661.8
1200220 2660.6
1200230 2659.3
1200240 2659.3
1200250 2657.8
1200260 2656.0
1200270 2656.0
1200280 2654.4
1200290 2652.7
1200300 2652.7
1200310 2651.2
1200320 2649.6
1200330 2648.0
1200340 2648.0
1200350 2646.4
1200360 2644.9
1200370 2644.9
1200380 2643.5
1200390 2642.1
1200400 2642.1
1200410 2640.7
1200420 2639.4
1200430 2639.4
1200440 2638.1
1200450 2636.7
1200460 2636.7
1200470 2635.2
1200480 2632.9
1200490 2632.9
1200500 2631.2
1200510 2629.6
1200520 2628.3
1200530 2628.3
1200540 2627.2
1200550 2626.5
1200560 2626.5
1200570 2626.7
1200580 2627.8
1200590 2627.8
1200600 2629.3
1200610 2630.2
1200620 2630.2
1200630 2630.8
1200640 2632.2
1200650 2632.2
1200660 2633.9
1200670 2634.9
1200680 2634.9
1200690 2635.6
1200700 2636.2
1200710 2636.7
1200720 2636.7
1200730 2638.7
1200740 2641.0
1200750 2641.0
1200760 2643.4
1200770 2645.6
1200780 2645.6
1200790 2649.4
1200800 2652.7
1200810 2652.7
1200820 2655.2
1200830 2656.5
1200840 2656.5
1200850 2659.1
1200860 2661.5
1200870 2663.7
1200880 2663.7
1200890 2665.0
1200900 2667.2
1200910 2667.2
1200920 2676.9
1200930 2678.9
1200940 2678.9
1200950 2679.3
1200960 2674.4
1200970 2674.4
1200980 2669.1
1200990 2666.8
1201000 2666.8
1201010 2666.7
1201020 2672.8
1201030 2672.8
1201040 2680.7
1201050 2688.7
1201060 2699.0
1201070 2699.0
1201080 2706.8
1201090 2710.9
1201100 2710.9
1201110 2715.3
1201120 2720.6
1201130 2720.6
1201140 2726.1
1201150 2731.3
1201160 2731.3
1201170 2735.3
1201180 2739.4
1201190 2739.4
1201200 2743.3
1201210 2748.0
1201220 2748.0
1201230 2752.5
1201240 2756.3
1201250 2760.4
1201260 2760.4
1201270 2763.4
1201280 2766.4
1201290 2766.4
1201300 2769.9
1201310 2774.1
1201320 2774.1
1201330 2777.2
1201340 2778.0
1201350 2778.0
1201360 2780.1
1201370 2787.1
1201380 2787.1
1201390 2788.6
1201400 2790.1
1201410 2792.5
1201420 2792.5
1201430 2796.9
1201440 2800.5
1201450 2800.5
1201460 2802.8
1201470 2803.9
1201480 2803.9
1201490 2804.8
1201500 2806.1
1201510 2806.1
1201520 2807.9
1201530 2809.5
1201540 2809.5
1201550 2810.4
1201560 2811.2
1201570 2811.2
1201580 2812.0
1201590 2813.0
1201600 2814.3
1201610 2814.3
1201620 2815.6
1201630 2816.6
1201640 2816.6
1201650 2818.5
1201660 2820.8
1201670 2820.8
1201680 2822.3
1201690 2823.1
1201700 2823.1
1201710 2824.7
1201720 2827.1
1201730 2827.1
1201740 2829.2
1201750 2830.8
1201760 2830.8
1201770 2832.5
1201780 2833.9
1201790 2834.8
1201800 2834.8
1201810 2838.7
1201820 2840.3
1201830 2840.3
1201840 2842.9
1201850 2846.9
1201860 2846.9
1201870 2850.3
1201880 2852.5
1201890 2852.5
1201900 2853.3
1201910 2852.3
1201920 2852.3
1201930 2850.0
1201940 2849.7
1201950 2852.2
1201960 2852.2
1201970 2854.7
1201980 2857.0
1201990 2857.0
1202000 2859.9
1202010 2862.9
1202020 2862.9
1202030 2865.7
1202040 2868.4
1202050 2868.4
1202060 2870.9
1202070 2872.8
1202080 2872.8
1202090 2874.7
1202100 2877.1
1202110 2877.1
1202120 2880.7
1202130 2884.4
1202140 2887.5
1202150 2887.5
1202160 2890.5
1202170 2893.9
1202180 2893.9
1202190 2896.2
1202200 2897.8
1202210 2897.8
1202220 2899.6
1202230 2901.9
1202240 2901.9
1202250 2904.6
1202260 2911.7
1202270 2911.7
1202280 2915.0
1202290 2917.6
1202300 2917.6
1202310 2919.7
1202320 2922.5
1202330 2925.5
1202340 2925.5
1202350 2926.8
1202360 2928.5
1202370 2928.5
1202380 2933.3
1202390 2937.2
1202400 2937.2
1202410 2940.3
1202420 2943.4
1202430 2943.4
1202440 2947.1
1202450 2950.7
1202460 2950.7
1202470 2952.8
1202480 2955.3
1202490 2955.3
1202500 2958.7
1202510 2962.1
1202520 2965.6
1202530 2965.6
1202540 2969.0
1202550 2972.2
1202560 2972.2
1202570 2976.4
1202580 2981.4
1202590 2981.4
1202600 2984.2
1202610 2987.0
1202620 2987.0
1202630 2989.6
1202640 2991.8
1202650 2991.8
1202660 2993.5
1202670 2994.0
1202680 2993.3
1202690 2993.3
1202700 2992.6
1202710 2996.6
1202720 2996.6
1202730 2996.1
1202740 2995.2
1202750 2995.2
1202760 2993.6
1202770 2992.0
1202780 2992.0
1202790 2991.0
1202800 2990.6
1202810 2990.6
1202820 2991.1
1202830 2991.8
1202840 2991.8
1202850 2993.2
1202860 2995.0
1202870 2995.7
1202880 2995.7
1202890 2995.1
1202900 2994.1
1202910 2994.1
1202920 2995.7
1202930 2998.7
1202940 2998.7
1202950 3000.4
1202960 3000.5
1202970 3000.5
1202980 2998.8
1202990 2995.8
1203000 2995.8
1203010 2992.2
1203020 2988.5
1203030 2988.5
1203040 2986.1
1203050 2984.6
1203060 2983.3
1203070 2983.3
1203080 2982.2
1203090 2981.3
1203100 2981.3
1203110 2979.2
1203120 2976.4
1203130 2976.4
1203140 2973.8
1203150 2971.8
1203160 2977.1
1203170 2974.7
1203180 2971.9
1203190 2971.9
1203200 2969.6
1203210 2967.6
1203220 2964.6
1203230 2964.6
1203240 2962.0
1203250 2959.8
1203260 2959.8
1203270 2957.6
1203280 2955.3
1203290 2955.3
1203300 2952.8
1203310 2950.4
1203320 2950.4
1203330 2948.5
1203340 2945.8
1203350 2945.8
1203360 2942.8
1203370 2938.9
1203380 2938.9
1203390 2934.7
1203400 2931.6
1203410 2928.3
1203420 2928.3
1203430 2924.7
1203440 2920.6
1203450 2920.6
1203460 2916.5
1203470 2912.0
1203480 2912.0
1203490 2907.9
1203500 2905.5
1203510 2905.5
1203520 2903.5
1203530 2901.2
1203540 2901.2
1203550 2899.0
1203560 2896.1
1203570 2896.1
1203580 2893.1
1203590 2890.3
1203600 2887.6
1203610 2888.0
1203620 2884.3
1203630 2880.9
1203640 2880.9
1203650 2877.1
1203660 2873.8
1203670 2873.8
1203680 2872.1
1203690 2871.1
1203700 2871.1
1203710 2869.8
1203720 2867.9
1203730 2867.9
1203740 2865.4
1203750 2862.7
1203760 2859.9
1203770 2859.9
1203780 2857.0
1203790 2853.6
1203800 2853.6
1203810 2849.9
1203820 2846.7
1203830 2846.7
1203840 2843.9
1203850 2841.2
1203860 2841.2
1203870 2838.4
1203880 2835.4
1203890 2835.4
1203900 2832.1
1203910 2828.9
1203920 2828.9
1203930 2825.4
1203940 2822.4
1203950 2819.1
1203960 2819.1
1203970 2815.2
1203980 2811.1
1203990 2811.1
1204000 2807.0
1204010 2803.3
1204020 2803.3
1204030 2800.7
1204040 2799.1
1204050 2797.7
1204060 2794.6
1204070 2790.2
1204080 2790.2
1204090 2785.4
1204100 2781.0
1204110 2781.0
1204120 2776.2
1204130 2770.5
1204140 2764.9
1204150 2764.9
1204160 2758.8
1204170 2752.2
1204180 2752.2
1204190 2745.5
1204200 2739.1
1204210 2739.1
1204220 2733.6
1204230 2728.7
1204240 2728.7
1204250 2723.9
1204260 2718.0
1204270 2718.0
1204280 2711.2
1204290 2704.2
1204300 2698.0
1204310 2698.0
1204320 2691.1
1204330 2683.9
1204340 2683.9
1204350 2677.7
1204360 2671.5
1204370 2671.5
1204380 2664.2
1204390 2657.1
1204400 2657.1
1204410 2651.7
1204420 2645.8
1204430 2645.8
1204440 2640.6
1204450 2635.9
1204460 2635.9
1204470 2630.5
1204480 2625.7
1204490 2621.4
1204500 2618.1
1204510 2613.9
1204520 2608.8
1204530 2608.8
1204540 2605.3
1204550 2602.1
1204560 2602.1
1204570 2599.5
1204580 2596.4
1204590 2596.4
1204600 2591.1
1204610 2585.5
1204620 2585.5
1204630 2581.2
1204640 2577.3
1204650 2577.3
1204660 2572.9
1204670 2568.7
1204680 2564.1
1204690 2564.1
1204700 2559.5
1204710 2556.1
1204720 2556.1
1204730 2552.5
1204740 2549.4
1204750 2549.4
1204760 2546.0
1204770 2542.8
1204780 2542.8
1204790 2539.4
1204800 2535.1
1204810 2535.1
1204820 2531.1
1204830 2528.3
1204840 2528.3
1204850 2526.0
1204860 2524.0
1204870 2522.4
1204880 2522.4
1204890 2522.0
1204900 2521.0
1204910 2521.0
1204920 2520.0
1204930 2521.1
1204940 2521.1
1204950 2523.8
1204960 2526.2
1204970 2526.2
1204980 2527.1
1204990 2528.0
1205000 2528.0
1205010 2528.0
1205020 2527.7
1205030 2527.0
1205040 2527.0
1205050 2527.3
1205060 2529.5
1205070 2529.5
1205080 2531.6
1205090 2532.1
1205100 2532.1
1205110 2534.2
1205120 2537.1
1205130 2537.1
1205140 2538.7
1205150 2538.9
1205160 2538.9
1205170 2541.3
1205180 2544.8
1205190 2544.8
1205200 2548.8
1205210 2553.8
1205220 2558.2
1205230 2558.2
1205240 2562.2
1205250 2565.5
1205260 2565.5
1205270 2568.8
1205280 2572.0
1205290 2572.0
1205300 2575.0
1205310 2578.5
1205320 2578.5
1205330 2582.6
1205340 2587.1
1205350 2587.1
1205360 2592.0
1205370 2596.9
1205380 2596.9
1205390 2601.8
1205400 2605.7
1205410 2612.9
1205420 2612.9
1205430 2617.4
1205440 2622.1
1205450 2622.1
1205460 2626.7
1205470 2629.4
1205480 2629.4
1205490 2632.2
1205500 2635.5
1205510 2635.5
1205520 2639.3
1205530 2643.4
1205540 2643.4
1205550 2647.8
1205560 2652.4
1205570 2657.7
1205580 2657.7
1205590 2663.2
1205600 2668.1
1205610 2668.1
1205620 2672.0
1205630 2675.0
1205640 2675.0
1205650 2678.2
1205660 2681.1
1205670 2681.1
1205680 2683.7
1205690 2686.6
1205700 2686.6
1205710 2689.7
1205720 2692.0
1205730 2692.0
1205740 2696.1
1205750 2702.0
1205760 2708.3
1205770 2708.3
1205780 2714.7
1205790 2719.8
1205800 2719.8
1205810 2720.2
1205820 2720.2
1205830 2720.2
1205840 2721.0
1205850 2722.6
1205860 2727.0
1205870 2728.3
1205880 2729.6
1205890 2729.6
1205900 2733.4
1205910 2737.4
1205920 2737.4
1205930 2741.4
1205940 2745.3
1205950 2748.8
1205960 2748.8
1205970 2752.5
1205980 2756.5
1205990 2756.5
1206000 2760.0
1206010 2763.2
1206020 2763.2
1206030 2765.5
1206040 2768.0
1206050 2768.0
1206060 2770.5
1206070 2774.3
1206080 2774.3
1206090 2779.0
1206100 2782.8
1206110 2785.9
1206120 2785.9
1206130 2785.2
1206140 2786.6
1206150 2786.6
1206160 2790.2
1206170 2793.0
1206180 2793.0
1206190 2796.1
1206200 2799.4
1206210 2799.4
1206220 2802.7
1206230 2806.3
1206240 2806.3
1206250 2809.8
1206260 2812.4
1206270 2812.4
1206280 2814.0
1206290 2815.5
1206300 2817.2
1206310 2819.3
1206320 2821.4
1206330 2822.9
1206340 2822.9
1206350 2823.8
1206360 2823.9
1206370 2823.9
1206380 2824.0
1206390 2824.3
1206400 2824.3
1206410 2824.1
1206420 2824.4
1206430 2824.4
1206440 2825.9
1206450 2828.6
1206460 2828.6
1206470 2831.8
1206480 2836.6
1206490 2843.1
1206500 2843.1
1206510 2847.3
1206520 2848.7
1206530 2848.7
1206540 2850.1
1206550 2851.7
1206560 2851.7
1206570 2853.6
1206580 2854.5
1206590 2854.5
1206600 2854.3
1206610 2854.6
1206620 2854.6
1206630 2856.1
1206640 2858.7
1206650 2858.7
1206660 2862.4
1206670 2866.6
1206680 2870.9
1206690 2870.9
1206700 2873.3
1206710 2874.8
1206720 2874.8
1206730 2875.7
1206740 2877.0
1206750 2877.0
1206760 2878.3
1206770 2879.0
1206780 2879.0
1206790 2880.2
1206800 2881.9
1206810 2881.9
1206820 2884.2
1206830 2886.6
1206840 2889.3
1206850 2889.3
1206860 2891.7
1206870 2892.7
1206880 2892.7
1206890 2893.0
1206900 2893.5
1206910 2893.5
1206920 2894.2
1206930 2894.8
1206940 2894.8
1206950 2894.8
1206960 2895.4
1206970 2895.4
1206980 2896.8
1206990 2899.0
1207000 2899.0
1207010 2901.6
1207020 2905.7
1207030 2910.8
1207040 2910.8
1207050 2916.3
1207060 2922.5
1207070 2922.5
1207080 2928.8
1207090 2935.5
1207100 2935.5
1207110 2941.9
1207120 2945.2
1207130 2945.2
1207140 2947.1
1207150 2948.3
1207160 2948.3
1207170 2952.7
1207180 2957.6
1207190 2957.6
1207200 2961.1
1207210 2964.2
1207220 2968.0
1207230 2968.0
1207240 2971.6
1207250 2974.1
1207260 2974.1
1207270 2977.2
1207280 2981.5
1207290 2981.5
1207300 2988.1
1207310 2995.9
1207320 2995.9
1207330 3003.3
1207340 3010.4
1207350 3010.4
1207360 3017.2
1207370 3023.3
1207380 3028.4
1207390 3028.4
1207400 3032.9
1207410 3037.0
1207420 3037.0
1207430 3040.1
1207440 3042.2
1207450 3042.2
1207460 3044.5
1207470 3041.1
1207480 3041.1
1207490 3035.3
1207500 3029.8
1207510 3029.8
1207520 3024.0
1207530 3017.0
1207540 3017.0
1207550 3009.9
1207560 3004.0
1207570 2997.6
1207580 2997.6
1207590 2991.7
1207600 2987.1
1207610 2987.1
1207620 2986.2
1207630 2985.4
1207640 2985.4
1207650 2985.2
1207660 2986.5
1207670 2986.5
1207680 2993.1
1207690 2992.9
1207700 2992.9
1207710 2993.0
1207720 2994.3
1207730 2994.3
1207740 2995.5
1207750 2995.4
1207760 2995.3
1207770 2995.3
1207780 2996.1
1207790 2996.9
1207800 2996.9
1207810 2998.2
1207820 2999.1
1207830 2999.1
1207840 3000.0
1207850 3001.4
1207860 3001.4
1207870 3002.5
1207880 3004.1
1207890 3004.1
1207900 3005.8
1207910 3007.0
1207920 3008.5
1207930 3008.5
1207940 3010.0
1207950 3011.4
1207960 3011.4
1207970 3012.9
1207980 3014.9
1207990 3014.9
1208000 3016.9
1208010 3018.3
1208020 3018.3
1208030 3019.9
1208040 3021.4
1208050 3021.4
1208060 3023.4
1208070 3025.5
1208080 3025.5
1208090 3027.4
1208100 3029.3
1208110 3031.4
1208120 3031.4
1208130 3037.9
1208140 3039.9
1208150 3039.9
1208160 3041.9
1208170 3043.6
1208180 3043.6
1208190 3045.1
1208200 3046.4
1208210 3046.4
1208220 3047.7
1208230 3049.1
1208240 3049.1
1208250 3050.4
1208260 3051.4
1208270 3051.4
1208280 3052.0
1208290 3052.2
1208300 3051.9
1208310 3051.9
1208320 3051.6
1208330 3051.1
1208340 3051.1
1208350 3050.5
1208360 3050.6
1208370 3050.6
1208380 3051.2
1208390 3051.7
1208400 3051.7
1208410 3051.9
1208420 3054.7
1208430 3054.7
1208440 3059.0
1208450 3062.9
1208460 3066.3
1208470 3066.3
1208480 3070.3
1208490 3074.1
1208500 3074.1
1208510 3077.6
1208520 3081.0
1208530 3081.0
1208540 3084.0
1208550 3086.8
1208560 3086.8
1208570 3089.4
1208580 3091.9
1208590 3094.3
1208600 3096.6
1208610 3098.7
1208620 3098.7
1208630 3100.7
1208640 3102.6
1208650 3104.3
1208660 3104.3
1208670 3105.9
1208680 3107.4
1208690 3107.4
1208700 3108.4
1208710 3109.4
1208720 3109.4
1208730 3110.5
1208740 3111.2
1208750 3111.2
1208760 3112.0
1208770 3112.7
1208780 3112.7
1208790 3113.3
1208800 3113.9
1208810 3113.9
1208820 3114.6
1208830 3114.9
1208840 3115.0
1208850 3115.0
1208860 3114.4
1208870 3114.3
1208880 3114.3
1208890 3115.2
1208900 3117.6
1208910 3117.6
1208920 3120.9
1208930 3124.7
1208940 3124.7
1208950 3130.3
1208960 3141.2
1208970 3141.2
1208980 3159.6
1208990 3173.3
1209000 3173.3
1209010 3187.2
1209020 3196.5
1209030 3203.0
1209040 3203.0
1209050 3218.7
1209060 3224.4
1209070 3224.4
1209080 3229.1
1209090 3235.4
1209100 3235.4
1209110 3239.5
1209120 3244.9
1209130 3244.9
1209140 3252.0
1209150 3259.7
1209160 3259.7
1209170 3266.5
1209180 3260.5
1209190 3251.1
1209200 3251.1
1209210 3242.0
1209220 3233.7
1209230 3233.7
1209240 3227.7
1209250 3222.4
1209260 3222.4
1209270 3216.7
1209280 3211.6
1209290 3211.6
1209300 3208.2
1209310 3206.7
1209320 3206.7
1209330 3206.9
1209340 3206.8
1209350 3206.8
1209360 3204.9
1209370 3203.1
1209380 3202.1
1209390 3202.1
1209400 3200.8
1209410 3196.4
1209420 3196.4
1209430 3191.5
1209440 3185.3
1209450 3185.3
1209460 3179.3
1209470 3174.6
1209480 3174.6
1209490 3171.6
1209500 3163.2
1209510 3163.2
1209520 3156.3
1209530 3147.7
1209540 3147.7
1209550 3139.2
1209560 3133.1
1209570 3128.5
1209580 3128.5
1209590 3123.9
1209600 3121.3
1209610 3121.3
1209620 3118.7
1209630 3118.0
1209640 3118.0
1209650 3118.1
1209660 3113.4
1209670 3113.4
1209680 3110.3
1209690 3108.5
1209700 3108.5
1209710 3107.8
1209720 3107.6
1209730 3104.2
1209740 3104.2
1209750 3098.8
1209760 3099.8
1209770 3099.8
1209780 3098.2
1209790 3091.6
1209800 3091.6
1209810 3083.1
1209820 3074.4
1209830 3074.4
1209840 3070.0
1209850 3066.5
1209860 3066.5
1209870 3061.6
1209880 3057.6
1209890 3057.6
1209900 3053.2
1209910 3050.6
1209920 3049.6
1209930 3049.6
1209940 3047.5
1209950 3045.3
1209960 3041.8
1209970 3037.1
1209980 3032.2
1209990 3032.2
1210000 3030.9
1210010 3030.1
1210020 3030.1
1210030 3029.0
1210040 3027.9
1210050 3027.9
1210060 3025.7
1210070 3023.6
1210080 3023.6
1210090 3021.9
1210100 3020.0
1210110 3017.1
1210120 3017.1
1210130 3013.0
1210140 3007.7
1210150 3007.7
1210160 3004.1
1210170 3003.2
1210180 3003.2
1210190 3001.5
1210200 2995.8
1210210 2995.8
1210220 2992.7
1210230 2991.1
1210240 2991.1
1210250 2989.8
1210260 2987.5
1210270 2986.3
1210280 2986.3
1210290 2984.9
1210300 2983.6
1210310 2983.6
1210320 2982.3
1210330 2979.3
1210340 2979.3
1210350 2974.8
1210360 2970.9
1210370 2970.9
1210380 2969.4
1210390 2967.8
1210400 2967.8
1210410 2966.8
1210420 2961.9
1210430 2961.9
1210440 2961.7
1210450 2962.6
1210460 2962.8
1210470 2962.8
1210480 2962.4
1210490 2961.5
1210500 2961.5
1210510 2961.7
1210520 2961.1
1210530 2961.1
1210540 2960.8
1210550 2960.1
1210560 2960.1
1210570 2959.2
1210580 2957.9
1210590 2957.9
1210600 2956.6
1210610 2954.8
1210620 2954.8
1210630 2953.3
1210640 2952.1
1210650 2950.8
1210660 2950.8
1210670 2949.7
1210680 2949.0
1210690 2949.0
1210700 2948.5
1210710 2948.2
1210720 2948.2
1210730 2947.9
1210740 2947.6
1210750 2947.6
1210760 2947.5
1210770 2947.3
1210780 2947.3
1210790 2947.1
1210800 2947.4
1210810 2948.4
1210820 2948.4
1210830 2948.5
1210840 2947.7
1210850 2947.7
1210860 2947.2
1210870 2947.3
1210880 2946.3
1210890 2947.3
1210900 2947.3
1210910 2947.3
1210920 2945.8
1210930 2944.1
1210940 2944.1
1210950 2943.2
1210960 2942.8
1210970 2942.8
1210980 2943.1
1210990 2943.3
1211000 2942.7
1211010 2942.7
1211020 2941.6
1211030 2939.6
1211040 2939.6
1211050 2937.3
1211060 2935.6
1211070 2935.6
1211080 2934.6
1211090 2934.1
1211100 2934.1
1211110 2933.6
1211120 2932.5
1211130 2932.5
1211140 2931.7
1211150 2932.0
1211160 2932.0
1211170 2932.5
1211180 2930.3
1211190 2928.5
1211200 2928.5
1211210 2927.8
1211220 2926.7
1211230 2926.7
1211240 2925.3
1211250 2924.3
1211260 2924.3
1211270 2924.0
1211280 2923.1
1211290 2923.1
1211300 2921.0
1211310 2919.1
1211320 2919.1
1211330 2917.3
1211340 2914.9
1211350 2906.5
1211360 2906.5
1211370 2903.9
1211380 2901.6
1211390 2901.6
1211400 2899.5
1211410 2898.3
1211420 2898.3
1211430 2897.5
1211440 2896.8
1211450 2896.8
1211460 2896.0
1211470 2894.9
1211480 2894.9
1211490 2893.8
1211500 2892.2
1211510 2892.2
1211520 2890.3
1211530 2887.9
1211540 2885.1
1211550 2885.1
1211560 2882.1
1211570 2879.0
1211580 2879.0
1211590 2876.0
1211600 2873.2
1211610 2873.2
1211620 2870.2
1211630 2866.0
1211640 2866.0
1211650 2861.7
1211660 2858.0
1211670 2858.0
1211680 2854.1
1211690 2850.2
1211700 2850.2
1211710 2846.5
1211720 2842.7
1211730 2838.7
1211740 2838.7
1211750 2834.3
1211760 2829.3
1211770 2829.3
1211780 2823.7
1211790 2818.2
1211800 2818.2
1211810 2807.9
1211820 2802.7
1211830 2802.7
1211840 2797.0
1211850 2791.1
1211860 2791.1
1211870 2785.2
1211880 2779.6
1211890 2779.6
1211900 2774.1
1211910 2770.2
1211920 2766.4
1211930 2766.4
1211940 2761.9
1211950 2756.1
1211960 2756.1
1211970 2750.0
1211980 2743.3
1211990 2743.3
1212000 2735.9
1212010 2729.3
1212020 2729.3
1212030 2723.8
1212040 2718.5
1212050 2718.5
1212060 2713.7
1212070 2709.0
1212080 2703.4
1212090 2703.4
1212100 2698.1
1212110 2693.7
1212120 2693.7
1212130 2688.3
1212140 2682.4
1212150 2682.4
1212160 2677.2
1212170 2671.3
1212180 2671.3
1212190 2664.7
1212200 2658.9
1212210 2658.9
1212220 2653.1
1212230 2645.3
1212240 2645.3
1212250 2636.5
1212260 2628.5
1212270 2617.2
1212280 2617.2
1212290 2608.0
1212300 2599.4
1212310 2599.4
1212320 2591.3
1212330 2584.1
1212340 2584.1
1212350 2576.5
1212360 2568.8
1212370 2568.8
1212380 2560.0
1212390 2550.6
1212400 2550.6
1212410 2543.3
1212420 2536.7
1212430 2536.7
1212440 2529.2
1212450 2518.9
1212460 2507.5
1212470 2507.5
1212480 2497.0
1212490 2489.1
1212500 2489.1
1212510 2481.5
1212520 2472.4
1212530 2472.4
1212540 2465.7
1212550 2459.6
1212560 2459.6
1212570 2452.3
1212580 2444.3
1212590 2444.3
1212600 2433.5
1212610 2422.2
1212620 2411.8
1212630 2411.8
1212640 2408.0
1212650 2410.0
1212660 2410.0
1212670 2414.3
1212680 2415.7
1212690 2415.7
1212700 2412.5
1212710 2404.6
1212720 2404.6
1212730 2394.0
1212740 2386.8
1212750 2386.8
1212760 2380.5
1212770 2374.4
1212780 2374.4
1212790 2368.2
1212800 2362.3
1212810 2355.9
1212820 2355.9
1212830 2348.9
1212840 2342.4
1212850 2342.4
1212860 2334.9
1212870 2329.1
1212880 2329.1
1212890 2322.6
1212900 2316.2
1212910 2316.2
1212920 2309.8
1212930 2304.4
1212940 2304.4
1212950 2298.7
1212960 2292.4
1212970 2292.4
1212980 2286.0
1212990 2280.0
1213000 2274.0
1213010 2274.0
1213020 2266.9
1213030 2252.8
1213040 2252.8
1213050 2248.8
1213060 2250.6
1213070 2250.6
1213080 2258.5
1213090 2265.0
1213100 2265.0
1213110 2268.9
1213120 2273.3
1213130 2273.3
1213140 2274.5
1213150 2275.9
1213160 2278.5
1213170 2278.5
1213180 2281.2
1213190 2283.7
1213200 2286.4
1213210 2287.6
1213220 2291.2
1213230 2291.2
1213240 2297.5
1213250 2303.0
1213260 2303.0
1213270 2308.2
1213280 2313.1
1213290 2313.1
1213300 2318.9
1213310 2323.9
1213320 2323.9
1213330 2328.3
1213340 2334.2
1213350 2340.0
1213360 2340.0
1213370 2346.8
1213380 2358.8
1213390 2358.8
1213400 2378.7
1213410 2393.0
1213420 2393.0
1213430 2400.7
1213440 2408.1
1213450 2408.1
1213460 2414.9
1213470 2421.0
1213480 2421.0
1213490 2430.0
1213500 2440.5
1213510 2440.5
1213520 2449.7
1213530 2457.8
1213540 2464.3
1213550 2464.3
1213560 2471.3
1213570 2479.7
1213580 2479.7
1213590 2488.8
1213600 2498.7
1213610 2498.7
1213620 2504.5
1213630 2507.9
1213640 2507.9
1213650 2514.1
1213660 2523.2
1213670 2523.2
1213680 2530.0
1213690 2538.5
1213700 2547.7
1213710 2547.7
1213720 2555.4
1213730 2563.0
1213740 2563.0
1213750 2568.4
1213760 2575.9
1213770 2575.9
1213780 2582.2
1213790 2587.8
1213800 2587.8
1213810 2593.6
1213820 2598.2
1213830 2598.2
1213840 2603.4
1213850 2610.3
1213860 2610.3
1213870 2616.6
1213880 2621.7
1213890 2625.5
1213900 2625.5
1213910 2632.8
1213920 2641.2
1213930 2641.2
1213940 2648.3
1213950 2653.1
1213960 2653.1
1213970 2658.9
1213980 2664.5
1213990 2664.5
1214000 2668.9
1214010 2673.3
1214020 2673.3
1214030 2679.4
1214040 2686.5
1214050 2686.5
1214060 2695.1
1214070 2701.3
1214080 2708.2
1214090 2708.2
1214100 2715.4
1214110 2721.9
1214120 2721.9
1214130 2732.2
1214140 2741.2
1214150 2741.2
1214160 2751.2
1214170 2758.9
1214180 2758.9
1214190 2764.8
1214200 2772.6
1214210 2772.6
1214220 2782.1
1214230 2790.0
1214240 2795.4
1214250 2795.4
1214260 2799.9
1214270 2806.0
1214280 2806.0
1214290 2813.9
1214300 2821.3
1214310 2821.3
1214320 2827.6
1214330 2834.1
1214340 2834.1
1214350 2840.8
1214360 2846.8
1214370 2846.8
1214380 2852.8
1214390 2859.3
1214400 2859.3
1214410 2866.2
1214420 2872.7
1214430 2878.6
1214440 2878.6
1214450 2884.0
1214460 2890.4
1214470 2890.4
1214480 2895.7
1214490 2900.5
1214500 2900.5
1214510 2905.9
1214520 2912.6
1214530 2912.6
1214540 2918.4
1214550 2924.1
1214560 2924.1
1214570 2930.2
1214580 2936.5
1214590 2936.5
1214600 2940.3
1214610 2945.9
1214620 2952.8
1214630 2952.8
1214640 2957.9
1214650 2962.8
1214660 2962.8
1214670 2967.5
1214680 2971.7
1214690 2971.7
1214700 2976.1
1214710 2981.4
1214720 2981.4
1214730 2986.5
1214740 2991.0
1214750 2991.0
1214760 2996.1
1214770 3002.4
1214780 3008.9
1214790 3008.9
1214800 3016.5
1214810 3023.4
1214820 3023.4
1214830 3026.8
1214840 3029.4
1214850 3029.4
1214860 3033.0
1214870 3036.7
1214880 3036.7
1214890 3042.6
1214900 3050.0
1214910 3050.0
1214920 3055.6
1214930 3060.5
1214940 3060.5
1214950 3065.9
1214960 3072.3
1214970 3078.7
1214980 3078.7
1214990 3081.3
1215000 3078.9
1215010 3078.9
1215020 3076.8
1215030 3080.3
1215040 3080.3
1215050 3088.7
1215060 3103.2
1215070 3103.2
1215080 3106.5
1215090 3109.5
1215100 3109.5
1215110 3115.0
1215120 3116.1
1215130 3116.1
1215140 3113.1
1215150 3114.3
1215160 3121.4
1215170 3121.4
1215180 3131.9
1215190 3139.3
1215200 3139.3
1215210 3139.2
1215220 3140.3
1215230 3140.3
1215240 3138.8
1215250 3136.0
1215260 3136.0
1215270 3141.9
1215280 3146.5
1215290 3146.5
1215300 3153.4
1215310 3162.7
1215320 3162.7
1215330 3164.8
1215340 3167.0
1215350 3175.8
1215360 3175.8
1215370 3182.4
1215380 3190.1
1215390 3190.1
1215400 3196.1
1215410 3200.7
1215420 3200.7
1215430 3205.9
1215440 3210.0
1215450 3210.0
1215460 3209.1
1215470 3209.6
1215480 3209.6
1215490 3211.8
1215500 3215.4
1215510 3219.6
1215520 3219.6
1215530 3207.5
1215540 3205.9
1215550 3205.9
1215560 3204.6
1215570 3201.9
1215580 3201.9
1215590 3197.8
1215600 3196.2
1215610 3196.2
1215620 3191.7
1215630 3185.7
1215640 3185.7
1215650 3182.2
1215660 3179.6
1215670 3179.6
1215680 3175.8
1215690 3171.6
1215700 3167.3
1215710 3167.3
1215720 3164.4
1215730 3161.8
1215740 3161.8
1215750 3160.8
1215760 3160.7
1215770 3160.7
1215780 3161.3
1215790 3162.6
1215800 3162.6
1215810 3163.5
1215820 3164.5
1215830 3164.5
1215840 3166.7
1215850 3169.2
1215860 3169.2
1215870 3173.3
1215880 3178.8
1215890 3184.6
1215900 3184.6
1215910 3184.6
1215920 3190.8
1215930 3190.8
1215940 3195.0
1215950 3197.8
1215960 3197.8
1215970 3191.8
1215980 3189.4
1215990 3189.4
1216000 3180.4
1216010 3175.4
1216020 3175.4
1216030 3182.4
1216040 3191.0
1216050 3196.0
1216060 3196.0
1216070 3193.7
1216080 3189.6
1216090 3189.6
1216100 3191.9
1216110 3197.4
1216120 3197.4
1216130 3195.6
1216140 3191.2
1216150 3191.2
1216160 3195.8
1216170 3191.3
1216180 3191.3
1216190 3189.6
1216200 3186.5
1216210 3186.5
1216220 3187.7
1216230 3191.2
1216240 3193.0
1216250 3193.0
1216260 3189.9
1216270 3190.0
1216280 3190.0
1216290 3194.4
1216300 3200.3
1216310 3200.3
1216320 3206.8
1216330 3209.1
1216340 3209.1
1216350 3207.3
1216360 3213.7
1216370 3213.7
1216380 3213.5
1216390 3209.5
1216400 3209.5
1216410 3209.2
1216420 3213.1
1216430 3219.7
1216440 3219.7
1216450 3217.6
1216460 3211.3
1216470 3202.3
1216480 3206.0
1216490 3205.4
1216500 3205.4
1216510 3197.6
1216520 3193.4
1216530 3193.4
1216540 3199.0
1216550 3205.2
1216560 3205.2
1216570 3210.4
1216580 3209.5
1216590 3217.9
1216600 3217.9
1216610 3222.0
1216620 3221.6
1216630 3221.6
1216640 3213.0
1216650 3220.1
1216660 3220.1
1216670 3229.1
1216680 3237.2
1216690 3237.2
1216700 3241.4
1216710 3248.5
1216720 3248.5
1216730 3250.9
1216740 3248.4
1216750 3248.4
1216760 3241.0
1216770 3233.2
1216780 3229.8
1216790 3229.8
1216800 3227.4
1216810 3222.1
1216820 3222.1
1216830 3214.0
1216840 3208.2
1216850 3208.2
1216860 3203.5
1216870 3198.7
1216880 3198.7
1216890 3192.3
1216900 3184.1
1216910 3184.1
1216920 3177.9
1216930 3175.3
1216940 3180.3
1216950 3178.4
1216960 3177.2
1216970 3176.6
1216980 3176.6
1216990 3176.3
1217000 3176.5
1217010 3176.5
1217020 3177.2
1217030 3178.2
1217040 3178.2
1217050 3179.5
1217060 3181.0
1217070 3181.0
1217080 3182.8
1217090 3185.1
1217100 3185.1
1217110 3187.9
1217120 3191.3
1217130 3196.5
1217140 3196.5
1217150 3202.9
1217160 3213.0
1217170 3213.0
1217180 3226.2
1217190 3239.6
1217200 3239.6
1217210 3257.0
1217220 3274.0
1217230 3274.0
1217240 3279.4
1217250 3273.6
1217260 3273.6
1217270 3269.0
1217280 3264.2
1217290 3264.2
1217300 3260.5
1217310 3257.9
1217320 3255.4
1217330 3255.4
1217340 3252.3
1217350 3248.9
1217360 3248.9
1217370 3245.7
1217380 3242.4
1217390 3242.4
1217400 3238.9
1217410 3239.1
1217420 3239.1
1217430 3234.8
1217440 3230.5
1217450 3230.5
1217460 3226.6
1217470 3224.1
1217480 3224.1
1217490 3223.6
1217500 3223.0
1217510 3219.2
1217520 3219.2
1217530 3208.1
1217540 3198.3
1217550 3198.3
1217560 3193.9
1217570 3190.5
1217580 3190.5
1217590 3188.2
1217600 3186.4
1217610 3186.4
1217620 3184.9
1217630 3183.7
1217640 3183.7
1217650 3183.4
1217660 3183.4
1217670 3183.4
1217680 3183.4
1217690 3183.4
1217700 3184.1
1217710 3184.1
1217720 3185.4
1217730 3184.3
1217740 3184.3
1217750 3182.3
1217760 3179.2
1217770 3179.2
1217780 3175.7
1217790 3171.7
1217800 3171.7
1217810 3167.5
1217820 3163.0
1217830 3163.0
1217840 3158.0
1217850 3152.3
1217860 3143.9
1217870 3143.9
1217880 3134.8
1217890 3129.0
1217900 3129.0
1217910 3122.2
1217920 3116.5
1217930 3116.5
1217940 3111.4
1217950 3106.5
1217960 3106.5
1217970 3102.4
1217980 3099.0
1217990 3099.0
1218000 3096.2
1218010 3094.2
1218020 3094.2
1218030 3092.7
1218040 3091.2
1218050 3090.0
1218060 3090.0
1218070 3088.6
1218080 3087.1
1218090 3087.1
1218100 3086.5
1218110 3086.3
1218120 3086.3
1218130 3086.3
1218140 3086.5
1218150 3086.5
1218160 3086.9
1218170 3087.5
1218180 3087.5
1218190 3088.0
1218200 3088.5
1218210 3089.0
1218220 3089.0
1218230 3089.3
1218240 3090.2
1218250 3090.2
1218260 3091.1
1218270 3091.8
1218280 3091.8
1218290 3092.5
1218300 3093.2
1218310 3093.2
1218320 3094.0
1218330 3094.8
1218340 3094.8
1218350 3095.7
1218360 3098.4
1218370 3098.4
1218380 3099.5
1218390 3100.6
1218400 3101.8
1218410 3101.8
1218420 3103.0
1218430 3104.1
1218440 3104.1
1218450 3105.4
1218460 3106.8
1218470 3106.8
1218480 3108.3
1218490 3109.8
1218500 3109.8
1218510 3111.2
1218520 3112.4
1218530 3112.4
1218540 3113.6
1218550 3114.7
1218560 3114.7
1218570 3116.1
1218580 3117.5
1218590 3118.9
1218600 3118.9
1218610 3120.4
1218620 3121.9
1218630 3121.9
1218640 3123.4
1218650 3125.0
1218660 3125.0
1218670 3126.5
1218680 3128.1
1218690 3128.1
1218700 3129.7
1218710 3131.6
1218720 3131.6
1218730 3133.5
1218740 3135.5
1218750 3137.4
1218760 3137.4
1218770 3139.1
1218780 3140.3
1218790 3140.3
1218800 3142.1
1218810 3143.6
1218820 3143.6
1218830 3147.6
1218840 3149.4
1218850 3149.4
1218860 3151.1
1218870 3152.7
1218880 3152.7
1218890 3154.3
1218900 3156.4
1218910 3156.4
1218920 3158.5
1218930 3160.3
1218940 3161.6
1218950 3161.6
1218960 3161.4
1218970 3162.6
1218980 3162.6
1218990 3164.8
1219000 3165.9
1219010 3165.9
1219020 3167.0
1219030 3168.0
1219040 3168.0
1219050 3169.0
1219060 3170.0
1219070 3170.0
1219080 3169.2
1219090 3168.2
1219100 3168.2
1219110 3168.5
1219120 3169.4
1219130 3170.8
1219140 3170.8
1219150 3172.5
1219160 3174.3
1219170 3174.3
1219180 3176.2
1219190 3178.2
1219200 3178.2
1219210 3180.1
1219220 3181.9
1219230 3181.9
1219240 3183.7
1219250 3185.5
1219260 3185.5
1219270 3187.3
1219280 3189.0
1219290 3190.7
1219300 3190.7
1219310 3195.7
1219320 3197.2
1219330 3197.2
1219340 3198.8
1219350 3200.4
1219360 3200.4
1219370 3202.0
1219380 3203.6
1219390 3203.6
1219400 3205.2
1219410 3207.0
1219420 3207.0
1219430 3208.7
1219440 3210.5
1219450 3210.5
1219460 3212.5
1219470 3214.4
1219480 3216.5
1219490 3216.5
1219500 3218.6
1219510 3220.8
1219520 3220.8
1219530 3222.9
1219540 3224.9
1219550 3224.9
1219560 3226.9
1219570 3229.0
1219580 3229.0
1219590 3231.0
1219600 3233.1
1219610 3233.1
1219620 3235.1
1219630 3237.0
1219640 3237.0
1219650 3238.8
1219660 3240.5
1219670 3242.2
1219680 3242.2
1219690 3243.7
1219700 3245.2
1219710 3245.2
1219720 3246.7
1219730 3248.1
1219740 3248.1
1219750 3249.5
1219760 3250.9
1219770 3250.9
1219780 3254.6
1219790 3255.8
1219800 3255.8
1219810 3257.1
1219820 3258.3
1219830 3258.3
1219840 3259.5
1219850 3260.7
1219860 3261.9
1219870 3261.9
1219880 3263.3
1219890 3264.6
1219900 3264.6
1219910 3265.9
1219920 3267.3
1219930 3267.3
1219940 3268.6
1219950 3270.0
1219960 3270.0
1219970 3271.3
1219980 3272.7
1219990 3272.7
