1200000 3007.3
1200010 3003.2
1200020 3002.4
1200030 3000.4
1200040 3000.4
1200050 3000.6
1200060 2998.1
1200070 2998.1
1200080 2994.9
1200090 2990.1
1200100 2990.1
1200110 2985.1
1200120 2980.7
1200130 2980.7
1200140 2976.3
1200150 2973.7
1200160 2973.7
1200170 2973.2
1200180 2973.5
1200190 2973.5
1200200 2974.9
1200210 2976.1
1200220 2977.4
1200230 2977.4
1200240 2975.5
1200250 2972.9
1200260 2972.9
1200270 2971.1
1200280 2970.5
1200290 2970.5
1200300 2970.7
1200310 2969.8
1200320 2969.8
1200330 2967.5
1200340 2965.7
1200350 2965.7
1200360 2963.8
1200370 2961.8
1200380 2961.8
1200390 2960.1
1200400 2958.8
1200410 2957.4
1200420 2957.4
1200430 2955.9
1200440 2954.6
1200450 2958.1
1200460 2957.0
1200470 2955.5
1200480 2955.5
1200490 2953.3
1200500 2951.1
1200510 2951.1
1200520 2948.7
1200530 2945.9
1200540 2945.9
1200550 2942.4
1200560 2938.8
1200570 2938.8
1200580 2935.0
1200590 2931.7
1200600 2929.5
1200610 2929.5
1200620 2930.2
1200630 2932.2
1200640 2932.2
1200650 2931.1
1200660 2928.1
1200670 2928.1
1200680 2925.1
1200690 2921.9
1200700 2921.9
1200710 2919.6
1200720 2917.9
1200730 2917.9
1200740 2915.8
1200750 2912.6
1200760 2909.3
1200770 2909.3
1200780 2906.8
1200790 2904.4
1200800 2904.4
1200810 2901.3
1200820 2898.2
1200830 2898.2
1200840 2894.6
1200850 2890.1
1200860 2890.1
1200870 2885.2
1200880 2879.9
1200890 2879.9
1200900 2874.4
1200910 2871.9
1200920 2871.9
1200930 2869.8
1200940 2867.3
1200950 2865.0
1200960 2865.0
1200970 2862.6
1200980 2860.3
1200990 2860.3
1201000 2858.1
1201010 2855.9
1201020 2855.9
1201030 2854.1
1201040 2852.1
1201050 2852.1
1201060 2850.3
1201070 2848.6
1201080 2848.6
1201090 2847.2
1201100 2845.7
1201110 2845.7
1201120 2844.0
1201130 2842.1
1201140 2840.0
1201150 2840.0
1201160 2837.7
1201170 2834.6
1201180 2834.6
1201190 2831.5
1201200 2828.2
1201210 2828.2
1201220 2824.8
1201230 2820.9
1201240 2820.9
1201250 2816.9
1201260 2812.8
1201270 2812.8
1201280 2809.0
1201290 2805.5
1201300 2805.5
1201310 2800.0
1201320 2792.2
1201330 2785.0
1201340 2786.4
1201350 2780.0
1201360 2773.1
1201370 2773.1
1201380 2766.7
1201390 2760.7
1201400 2760.7
1201410 2756.1
1201420 2755.0
1201430 2755.0
1201440 2757.1
1201450 2760.4
1201460 2760.4
1201470 2761.6
1201480 2758.5
1201490 2754.8
1201500 2754.8
1201510 2751.5
1201520 2747.9
1201530 2747.9
1201540 2744.2
1201550 2740.6
1201560 2740.6
1201570 2736.7
1201580 2731.7
1201590 2731.7
1201600 2726.1
1201610 2721.4
1201620 2721.4
1201630 2716.5
1201640 2710.7
1201650 2710.7
1201660 2705.2
1201670 2699.2
1201680 2692.7
1201690 2692.7
1201700 2686.0
1201710 2681.2
1201720 2681.2
1201730 2679.5
1201740 2677.4
1201750 2677.4
1201760 2675.5
1201770 2675.4
1201780 2675.4
1201790 2669.5
1201800 2668.8
1201810 2668.8
1201820 2669.0
1201830 2666.3
1201840 2666.3
1201850 2661.4
1201860 2656.0
1201870 2653.7
1201880 2653.7
1201890 2650.3
1201900 2646.1
1201910 2646.1
1201920 2641.2
1201930 2636.3
1201940 2636.3
1201950 2632.0
1201960 2627.8
1201970 2627.8
1201980 2623.5
1201990 2619.5
1202000 2619.5
1202010 2615.4
1202020 2607.2
1202030 2607.2
1202040 2600.2
1202050 2602.9
1202060 2602.9
1202070 2602.9
1202080 2598.7
1202090 2594.5
1202100 2594.5
1202110 2590.9
1202120 2587.1
1202130 2587.1
1202140 2583.4
1202150 2579.2
1202160 2579.2
1202170 2574.0
1202180 2570.9
1202190 2570.9
1202200 2567.0
1202210 2562.4
1202220 2558.0
1202230 2552.0
1202240 2548.0
1202250 2544.1
1202260 2544.1
1202270 2540.1
1202280 2537.0
1202290 2537.0
1202300 2532.9
1202310 2528.5
1202320 2528.5
1202330 2524.4
1202340 2520.7
1202350 2520.7
1202360 2518.0
1202370 2515.3
1202380 2515.3
1202390 2511.4
1202400 2507.9
1202410 2504.6
1202420 2504.6
1202430 2500.0
1202440 2495.2
1202450 2495.2
1202460 2490.5
1202470 2486.2
1202480 2486.2
1202490 2483.1
1202500 2480.0
1202510 2480.0
1202520 2477.1
1202530 2474.8
1202540 2474.8
1202550 2472.1
1202560 2469.3
1202570 2469.3
1202580 2467.3
1202590 2465.8
1202600 2464.0
1202610 2464.0
1202620 2462.3
1202630 2460.7
1202640 2460.7
1202650 2459.3
1202660 2457.7
1202670 2457.7
1202680 2454.3
1202690 2452.8
1202700 2452.8
1202710 2451.0
1202720 2449.7
1202730 2449.7
1202740 2448.2
1202750 2446.6
1202760 2446.6
1202770 2446.1
1202780 2445.5
1202790 2444.2
1202800 2444.2
1202810 2443.1
1202820 2442.4
1202830 2442.4
1202840 2441.4
1202850 2441.9
1202860 2441.9
1202870 2442.0
1202880 2442.4
1202890 2442.4
1202900 2443.1
1202910 2442.3
1202920 2442.3
1202930 2437.7
1202940 2431.7
1202950 2424.5
1202960 2424.5
1202970 2417.6
1202980 2412.6
1202990 2412.6
1203000 2407.8
1203010 2403.2
1203020 2403.2
1203030 2400.2
1203040 2398.5
1203050 2398.5
1203060 2399.4
1203070 2399.4
1203080 2399.4
1203090 2399.3
1203100 2398.9
1203110 2398.9
1203120 2398.1
1203130 2395.4
1203140 2394.7
1203150 2394.7
1203160 2395.2
1203170 2394.9
1203180 2394.9
1203190 2394.7
1203200 2394.1
1203210 2394.1
1203220 2394.6
1203230 2395.6
1203240 2395.6
1203250 2396.6
1203260 2396.8
1203270 2396.8
1203280 2396.5
1203290 2396.8
1203300 2396.8
1203310 2396.1
1203320 2395.7
1203330 2396.0
1203340 2396.0
1203350 2395.3
1203360 2395.2
1203370 2395.2
1203380 2395.1
1203390 2394.8
1203400 2394.8
1203410 2394.7
1203420 2395.0
1203430 2395.0
1203440 2395.7
1203450 2395.6
1203460 2395.6
1203470 2396.2
1203480 2396.8
1203490 2396.8
1203500 2397.4
1203510 2397.3
1203520 2398.1
1203530 2398.1
1203540 2399.4
1203550 2400.5
1203560 2400.5
1203570 2402.6
1203580 2412.7
1203590 2412.7
1203600 2414.8
1203610 2416.4
1203620 2416.4
1203630 2417.0
1203640 2418.3
1203650 2418.3
1203660 2418.5
1203670 2420.1
1203680 2420.3
1203690 2420.3
1203700 2420.1
1203710 2420.9
1203720 2420.9
1203730 2420.9
1203740 2421.3
1203750 2421.3
1203760 2421.3
1203770 2423.1
1203780 2423.1
1203790 2424.2
1203800 2424.7
1203810 2424.7
1203820 2425.9
1203830 2426.9
1203840 2426.9
1203850 2427.3
1203860 2427.7
1203870 2428.0
1203880 2428.0
1203890 2427.2
1203900 2426.6
1203910 2426.6
1203920 2425.1
1203930 2423.7
1203940 2423.7
1203950 2422.6
1203960 2424.0
1203970 2424.0
1203980 2424.2
1203990 2423.3
1204000 2423.3
1204010 2422.9
1204020 2421.1
1204030 2427.3
1204040 2426.3
1204050 2424.7
1204060 2424.5
1204070 2424.5
1204080 2424.3
1204090 2423.6
1204100 2423.6
1204110 2423.1
1204120 2422.9
1204130 2422.9
1204140 2422.3
1204150 2420.8
1204160 2420.8
1204170 2417.7
1204180 2418.2
1204190 2418.2
1204200 2418.3
1204210 2417.9
1204220 2417.9
1204230 2417.1
1204240 2415.9
1204250 2416.2
1204260 2416.2
1204270 2415.5
1204280 2414.9
1204290 2414.9
1204300 2415.1
1204310 2415.7
1204320 2415.7
1204330 2415.2
1204340 2415.4
1204350 2415.4
1204360 2415.8
1204370 2416.0
1204380 2416.0
1204390 2415.1
1204400 2414.3
1204410 2414.9
1204420 2414.9
1204430 2414.2
1204440 2413.0
1204450 2413.0
1204460 2412.0
1204470 2411.0
1204480 2417.4
1204490 2416.6
1204500 2415.4
1204510 2415.4
1204520 2414.2
1204530 2412.9
1204540 2412.9
1204550 2411.3
1204560 2409.5
1204570 2409.5
1204580 2409.6
1204590 2409.0
1204600 2406.9
1204610 2406.9
1204620 2404.8
1204630 2403.3
1204640 2403.3
1204650 2401.9
1204660 2400.0
1204670 2400.0
1204680 2398.2
1204690 2397.3
1204700 2397.3
1204710 2396.0
1204720 2394.6
1204730 2394.6
1204740 2393.2
1204750 2392.0
1204760 2392.0
1204770 2390.8
1204780 2389.5
1204790 2387.9
1204800 2387.9
1204810 2386.5
1204820 2384.2
1204830 2384.2
1204840 2381.8
1204850 2379.2
1204860 2379.2
1204870 2376.5
1204880 2374.6
1204890 2374.6
1204900 2372.6
1204910 2370.5
1204920 2370.5
1204930 2372.7
1204940 2371.4
1204950 2371.4
1204960 2369.9
1204970 2368.5
1204980 2366.8
1204990 2366.8
1205000 2365.4
1205010 2364.1
1205020 2364.1
1205030 2362.1
1205040 2359.9
1205050 2359.9
1205060 2357.8
1205070 2355.9
1205080 2355.9
1205090 2354.3
1205100 2353.1
1205110 2353.1
1205120 2351.1
1205130 2349.3
1205140 2347.9
1205150 2347.9
1205160 2346.6
1205170 2344.6
1205180 2344.6
1205190 2343.0
1205200 2341.1
1205210 2341.1
1205220 2339.6
1205230 2338.2
1205240 2338.2
1205250 2336.6
1205260 2336.2
1205270 2336.2
1205280 2336.1
1205290 2335.0
1205300 2335.0
1205310 2332.7
1205320 2331.3
1205330 2330.1
1205340 2330.1
1205350 2328.9
1205360 2327.6
1205370 2327.6
1205380 2331.6
1205390 2330.8
1205400 2330.8
1205410 2330.2
1205420 2329.8
1205430 2329.8
1205440 2329.0
1205450 2328.5
1205460 2328.5
1205470 2328.4
1205480 2328.8
1205490 2328.8
1205500 2328.6
1205510 2328.3
1205520 2327.5
1205530 2327.5
1205540 2326.1
1205550 2325.3
1205560 2325.3
1205570 2324.3
1205580 2323.7
1205590 2323.7
1205600 2322.5
1205610 2321.5
1205620 2321.5
1205630 2320.4
1205640 2318.7
1205650 2318.7
1205660 2317.5
1205670 2316.2
1205680 2316.2
1205690 2314.7
1205700 2313.4
1205710 2312.4
1205720 2312.4
1205730 2312.2
1205740 2311.9
1205750 2311.9
1205760 2310.8
1205770 2308.9
1205780 2308.9
1205790 2307.4
1205800 2306.5
1205810 2306.5
1205820 2306.4
1205830 2307.8
1205840 2307.8
1205850 2305.6
1205860 2301.3
1205870 2294.0
1205880 2294.0
1205890 2290.8
1205900 2297.0
1205910 2297.0
1205920 2313.6
1205930 2318.4
1205940 2318.4
1205950 2321.0
1205960 2324.2
1205970 2324.2
1205980 2327.4
1205990 2330.0
1206000 2330.0
1206010 2332.1
1206020 2334.7
1206030 2334.7
1206040 2339.0
1206050 2344.2
1206060 2349.2
1206070 2349.2
1206080 2350.2
1206090 2350.4
1206100 2350.4
1206110 2350.0
1206120 2349.6
1206130 2349.6
1206140 2350.2
1206150 2351.3
1206160 2351.3
1206170 2352.8
1206180 2355.0
1206190 2355.0
1206200 2360.3
1206210 2362.4
1206220 2362.4
1206230 2362.0
1206240 2360.8
1206250 2359.5
1206260 2359.5
1206270 2358.7
1206280 2358.0
1206290 2362.6
1206300 2363.1
1206310 2365.8
1206320 2365.8
1206330 2368.6
1206340 2371.5
1206350 2371.5
1206360 2374.5
1206370 2377.8
1206380 2377.8
1206390 2382.0
1206400 2384.2
1206410 2384.2
1206420 2385.3
1206430 2386.6
1206440 2387.8
1206450 2387.8
1206460 2389.1
1206470 2390.0
1206480 2390.0
1206490 2388.8
1206500 2387.8
1206510 2387.8
1206520 2393.6
1206530 2399.6
1206540 2399.6
1206550 2403.6
1206560 2407.9
1206570 2407.9
1206580 2413.1
1206590 2416.7
1206600 2420.4
1206610 2420.4
1206620 2423.5
1206630 2427.0
1206640 2427.0
1206650 2430.1
1206660 2434.2
1206670 2434.2
1206680 2438.4
1206690 2441.7
1206700 2441.7
1206710 2444.8
1206720 2447.8
1206730 2447.8
1206740 2456.7
1206750 2460.2
1206760 2460.2
1206770 2462.3
1206780 2462.0
1206790 2461.5
1206800 2461.5
1206810 2467.5
1206820 2470.9
1206830 2470.9
1206840 2471.1
1206850 2470.7
1206860 2470.7
1206870 2469.7
1206880 2464.6
1206890 2464.6
1206900 2459.9
1206910 2471.5
1206920 2471.5
1206930 2484.5
1206940 2498.5
1206950 2498.5
1206960 2506.3
1206970 2511.5
1206980 2515.3
1206990 2515.3
1207000 2518.4
1207010 2521.4
1207020 2521.4
1207030 2524.4
1207040 2528.0
1207050 2528.0
1207060 2531.8
1207070 2535.7
1207080 2535.7
1207090 2539.8
1207100 2543.5
1207110 2543.5
1207120 2546.7
1207130 2549.6
1207140 2549.6
1207150 2552.5
1207160 2556.0
1207170 2559.2
1207180 2559.2
1207190 2567.5
1207200 2571.6
1207210 2571.6
1207220 2574.6
1207230 2578.4
1207240 2578.4
1207250 2581.8
1207260 2585.7
1207270 2585.7
1207280 2592.1
1207290 2599.1
1207300 2599.1
1207310 2604.3
1207320 2607.6
1207330 2611.4
1207340 2611.4
1207350 2615.4
1207360 2618.8
1207370 2618.8
1207380 2621.8
1207390 2623.8
1207400 2623.8
1207410 2626.0
1207420 2627.7
1207430 2627.7
1207440 2628.8
1207450 2629.4
1207460 2629.4
1207470 2629.6
1207480 2630.8
1207490 2630.8
1207500 2631.2
1207510 2631.9
1207520 2632.6
1207530 2632.6
1207540 2632.9
1207550 2634.2
1207560 2634.2
1207570 2637.0
1207580 2639.5
1207590 2639.5
1207600 2642.1
1207610 2645.0
1207620 2645.0
1207630 2647.2
1207640 2649.3
1207650 2653.2
1207660 2654.3
1207670 2656.1
1207680 2656.1
1207690 2658.8
1207700 2661.4
1207710 2663.9
1207720 2663.9
1207730 2667.4
1207740 2672.2
1207750 2672.2
1207760 2678.9
1207770 2684.8
1207780 2684.8
1207790 2688.1
1207800 2691.8
1207810 2691.8
1207820 2695.6
1207830 2699.9
1207840 2699.9
1207850 2704.3
1207860 2706.0
1207870 2706.0
1207880 2704.7
1207890 2703.3
1207900 2705.0
1207910 2705.0
1207920 2708.2
1207930 2709.7
1207940 2709.7
1207950 2713.2
1207960 2716.8
1207970 2716.8
1207980 2719.1
1207990 2722.0
1208000 2722.0
1208010 2725.3
1208020 2726.9
1208030 2726.9
1208040 2729.0
1208050 2731.1
1208060 2733.3
1208070 2733.3
1208080 2735.9
1208090 2737.9
1208100 2737.9
1208110 2740.7
1208120 2741.9
1208130 2741.9
1208140 2743.1
1208150 2744.2
1208160 2744.2
1208170 2745.1
1208180 2745.9
1208190 2745.9
1208200 2747.2
1208210 2749.3
1208220 2749.3
1208230 2752.1
1208240 2755.9
1208250 2760.9
1208260 2760.9
1208270 2764.3
1208280 2766.5
1208290 2766.5
1208300 2769.1
1208310 2774.1
1208320 2774.1
1208330 2776.0
1208340 2774.8
1208350 2774.8
1208360 2773.1
1208370 2771.7
1208380 2771.7
1208390 2771.3
1208400 2772.0
1208410 2772.0
1208420 2773.5
1208430 2774.0
1208440 2775.9
1208450 2775.9
1208460 2782.4
1208470 2786.5
1208480 2786.5
1208490 2790.8
1208500 2797.2
1208510 2797.2
1208520 2804.6
1208530 2812.7
1208540 2812.7
1208550 2816.9
1208560 2824.8
1208570 2824.8
1208580 2826.1
1208590 2828.5
1208600 2832.0
1208610 2832.0
1208620 2836.6
1208630 2842.5
1208640 2842.5
1208650 2849.4
1208660 2856.3
1208670 2856.3
1208680 2862.5
1208690 2868.0
1208700 2868.0
1208710 2874.0
1208720 2879.7
1208730 2879.7
1208740 2883.0
1208750 2881.5
1208760 2881.5
1208770 2878.2
1208780 2875.5
1208790 2874.9
1208800 2874.9
1208810 2876.5
1208820 2879.9
1208830 2879.9
1208840 2883.9
1208850 2887.0
1208860 2887.0
1208870 2889.6
1208880 2893.2
1208890 2893.2
1208900 2898.7
1208910 2904.4
1208920 2904.4
1208930 2911.1
1208940 2918.8
1208950 2918.8
1208960 2926.1
1208970 2931.7
1208980 2933.7
1208990 2933.7
1209000 2932.9
1209010 2932.4
1209020 2935.1
1209030 2937.8
1209040 2943.8
1209050 2943.8
1209060 2948.6
1209070 2952.7
1209080 2952.7
1209090 2956.4
1209100 2962.5
1209110 2962.5
1209120 2969.0
1209130 2974.3
1209140 2974.3
1209150 2977.3
1209160 2978.4
1209170 2979.7
1209180 2979.7
1209190 2983.4
1209200 2989.9
1209210 2989.9
1209220 2996.4
1209230 3003.6
1209240 3003.6
1209250 3011.2
1209260 3021.0
1209270 3021.0
1209280 3031.1
1209290 3040.2
1209300 3040.2
1209310 3048.8
1209320 3056.3
1209330 3062.5
1209340 3062.5
1209350 3067.6
1209360 3074.4
1209370 3074.4
1209380 3081.7
1209390 3089.7
1209400 3089.7
1209410 3097.8
1209420 3106.7
1209430 3106.7
1209440 3116.0
1209450 3124.8
1209460 3124.8
1209470 3133.5
1209480 3142.7
1209490 3142.7
1209500 3150.3
1209510 3158.4
1209520 3166.5
1209530 3166.5
1209540 3174.5
1209550 3181.7
1209560 3181.7
1209570 3188.8
1209580 3196.4
1209590 3196.4
1209600 3204.4
1209610 3211.4
1209620 3211.4
1209630 3216.9
1209640 3222.2
1209650 3222.2
1209660 3227.2
1209670 3234.1
1209680 3234.1
1209690 3241.4
1209700 3247.3
1209710 3253.3
1209720 3253.3
1209730 3254.9
1209740 3255.3
1209750 3255.3
1209760 3255.9
1209770 3256.7
1209780 3256.7
1209790 3257.3
1209800 3258.3
1209810 3258.3
1209820 3260.3
1209830 3261.2
1209840 3261.2
1209850 3260.0
1209860 3258.3
1209870 3258.3
1209880 3255.7
1209890 3253.8
1209900 3253.7
1209910 3253.7
1209920 3252.2
1209930 3244.6
1209940 3245.7
1209950 3237.5
1209960 3229.5
1209970 3229.5
1209980 3222.6
1209990 3216.1
1210000 3216.1
1210010 3208.9
1210020 3201.0
1210030 3201.0
1210040 3194.3
1210050 3188.4
1210060 3182.9
1210070 3182.9
1210080 3177.7
1210090 3173.0
1210100 3173.0
1210110 3168.8
1210120 3165.0
1210130 3165.0
1210140 3161.4
1210150 3158.0
1210160 3158.0
1210170 3154.8
1210180 3151.7
1210190 3151.7
1210200 3148.6
1210210 3145.6
1210220 3145.6
1210230 3142.6
1210240 3139.5
1210250 3136.5
1210260 3136.5
1210270 3133.6
1210280 3130.7
1210290 3130.7
1210300 3127.8
1210310 3124.9
1210320 3124.9
1210330 3122.0
1210340 3119.1
1210350 3119.1
1210360 3116.2
1210370 3113.2
1210380 3113.2
1210390 3110.3
1210400 3109.3
1210410 3109.3
1210420 3106.3
1210430 3103.5
1210440 3100.5
1210450 3100.5
1210460 3097.2
1210470 3093.6
1210480 3093.6
1210490 3089.7
1210500 3086.3
1210510 3086.3
1210520 3083.4
1210530 3080.7
1210540 3080.7
1210550 3078.3
1210560 3075.9
1210570 3075.9
1210580 3073.9
1210590 3072.5
1210600 3072.5
1210610 3072.2
1210620 3071.7
1210630 3070.1
1210640 3070.1
1210650 3068.6
1210660 3067.4
1210670 3067.4
1210680 3065.7
1210690 3063.7
1210700 3063.7
1210710 3061.7
1210720 3059.5
1210730 3059.5
1210740 3057.9
1210750 3057.4
1210760 3057.4
1210770 3058.1
1210780 3058.8
1210790 3058.6
1210800 3058.6
1210810 3056.8
1210820 3054.6
1210830 3054.6
1210840 3053.0
1210850 3053.4
1210860 3051.6
1210870 3052.8
1210880 3052.5
1210890 3052.5
1210900 3054.0
1210910 3057.3
1210920 3057.3
1210930 3060.5
1210940 3062.3
1210950 3062.3
1210960 3061.4
1210970 3058.4
1210980 3055.2
1210990 3055.2
1211000 3053.5
1211010 3051.2
1211020 3051.2
1211030 3049.4
1211040 3047.8
1211050 3047.8
1211060 3046.8
1211070 3046.5
1211080 3046.5
1211090 3046.3
1211100 3045.0
1211110 3045.0
1211120 3042.6
1211130 3040.8
1211140 3040.8
1211150 3038.9
1211160 3034.3
1211170 3029.3
1211180 3029.3
1211190 3024.2
1211200 3018.9
1211210 3018.9
1211220 3015.7
1211230 3015.1
1211240 3015.1
1211250 3013.9
1211260 3011.9
1211270 3011.9
1211280 3009.8
1211290 3007.6
1211300 3007.6
1211310 3005.1
1211320 3002.5
1211330 3002.5
1211340 3000.4
1211350 2999.0
1211360 2997.7
1211370 2997.7
1211380 2997.8
1211390 2996.8
1211400 2996.8
1211410 2992.6
1211420 2986.4
1211430 2986.4
1211440 2981.3
1211450 2976.8
1211460 2976.8
1211470 2969.6
1211480 2962.5
1211490 2962.5
1211500 2958.5
1211510 2955.8
1211520 2953.2
1211530 2953.2
1211540 2950.2
1211550 2946.7
1211560 2946.7
1211570 2942.6
1211580 2938.6
1211590 2938.6
1211600 2936.9
1211610 2936.5
1211620 2936.5
1211630 2935.6
1211640 2934.5
1211650 2934.5
1211660 2932.6
1211670 2930.3
1211680 2930.3
1211690 2927.4
1211700 2923.8
1211710 2920.5
1211720 2920.5
1211730 2916.9
1211740 2913.3
1211750 2913.3
1211760 2909.8
1211770 2906.3
1211780 2901.7
1211790 2898.2
1211800 2894.6
1211810 2894.6
1211820 2891.9
1211830 2890.2
1211840 2890.2
1211850 2888.9
1211860 2888.5
1211870 2888.5
1211880 2889.5
1211890 2891.7
1211900 2891.0
1211910 2891.0
1211920 2889.7
1211930 2889.1
1211940 2889.1
1211950 2886.7
1211960 2883.4
1211970 2883.4
1211980 2880.5
1211990 2878.0
1212000 2878.0
1212010 2875.1
1212020 2871.8
1212030 2871.8
1212040 2868.6
1212050 2865.3
1212060 2865.3
1212070 2861.2
1212080 2856.1
1212090 2851.3
1212100 2851.3
1212110 2846.4
1212120 2841.9
1212130 2841.9
1212140 2837.9
1212150 2834.4
1212160 2834.4
1212170 2831.8
1212180 2829.1
1212190 2829.1
1212200 2826.1
1212210 2822.9
1212220 2822.9
1212230 2818.7
1212240 2811.8
1212250 2808.0
1212260 2808.0
1212270 2804.9
1212280 2802.4
1212290 2802.4
1212300 2799.5
1212310 2795.7
1212320 2795.7
1212330 2791.2
1212340 2785.9
1212350 2785.9
1212360 2779.7
1212370 2772.9
1212380 2772.9
1212390 2766.3
1212400 2759.3
1212410 2759.3
1212420 2752.4
1212430 2745.5
1212440 2738.8
1212450 2738.8
1212460 2732.5
1212470 2727.5
1212480 2727.5
1212490 2722.9
1212500 2717.8
1212510 2717.8
1212520 2711.9
1212530 2705.3
1212540 2705.3
1212550 2699.0
1212560 2693.1
1212570 2693.1
1212580 2687.1
1212590 2680.1
1212600 2680.1
1212610 2670.9
1212620 2663.5
1212630 2655.8
1212640 2655.8
1212650 2648.7
1212660 2642.1
1212670 2642.1
1212680 2636.2
1212690 2630.1
1212700 2630.1
1212710 2617.8
1212720 2610.8
1212730 2610.8
1212740 2603.6
1212750 2596.5
1212760 2596.5
1212770 2589.6
1212780 2583.3
1212790 2583.3
1212800 2576.8
1212810 2571.2
1212820 2565.2
1212830 2565.2
1212840 2558.5
1212850 2551.8
1212860 2551.8
1212870 2545.0
1212880 2538.9
1212890 2538.9
1212900 2530.8
1212910 2520.6
1212920 2520.6
1212930 2511.0
1212940 2500.4
1212950 2500.4
1212960 2492.1
1212970 2485.9
1212980 2480.7
1212990 2480.7
1213000 2474.9
1213010 2467.8
1213020 2467.8
1213030 2458.5
1213040 2449.3
1213050 2449.3
1213060 2439.9
1213070 2429.6
1213080 2429.6
1213090 2419.7
1213100 2413.0
1213110 2413.0
1213120 2407.3
1213130 2403.4
1213140 2403.4
1213150 2401.0
1213160 2399.9
1213170 2383.4
1213180 2383.4
1213190 2380.7
1213200 2372.4
1213210 2372.4
1213220 2362.2
1213230 2358.9
1213240 2358.9
1213250 2361.6
1213260 2362.3
1213270 2362.3
1213280 2355.5
1213290 2343.9
1213300 2343.9
1213310 2336.6
1213320 2331.3
1213330 2331.3
1213340 2325.8
1213350 2319.0
1213360 2311.2
1213370 2311.2
1213380 2304.2
1213390 2297.9
1213400 2297.9
1213410 2292.7
1213420 2288.2
1213430 2288.2
1213440 2284.4
1213450 2280.2
1213460 2280.2
1213470 2276.6
1213480 2273.3
1213490 2273.3
1213500 2269.4
1213510 2265.6
1213520 2265.6
1213530 2261.8
1213540 2257.8
1213550 2253.2
1213560 2253.2
1213570 2247.9
1213580 2242.4
1213590 2242.4
1213600 2237.0
1213610 2231.7
1213620 2231.7
1213630 2226.3
1213640 2218.0
1213650 2218.0
1213660 2212.4
1213670 2206.0
1213680 2206.0
1213690 2199.9
1213700 2194.3
1213710 2187.7
1213720 2187.7
1213730 2180.8
1213740 2174.5
1213750 2174.5
1213760 2170.4
1213770 2168.6
1213780 2168.6
1213790 2167.9
1213800 2167.3
1213810 2167.3
1213820 2166.4
1213830 2164.7
1213840 2164.7
1213850 2157.2
1213860 2155.9
1213870 2155.9
1213880 2164.3
1213890 2171.3
1213900 2177.3
1213910 2177.3
1213920 2183.3
1213930 2189.5
1213940 2189.5
1213950 2195.7
1213960 2203.0
1213970 2203.0
1213980 2213.7
1213990 2221.3
1214000 2221.3
1214010 2224.3
1214020 2225.7
1214030 2225.7
1214040 2230.5
1214050 2234.0
1214060 2234.0
1214070 2238.4
1214080 2242.4
1214090 2246.3
1214100 2252.3
1214110 2256.6
1214120 2261.8
1214130 2261.8
1214140 2267.8
1214150 2273.1
1214160 2273.1
1214170 2277.2
1214180 2281.3
1214190 2281.3
1214200 2290.7
1214210 2301.5
1214220 2301.5
1214230 2310.2
1214240 2315.6
1214250 2319.9
1214260 2319.9
1214270 2326.1
1214280 2332.6
1214290 2332.6
1214300 2335.6
1214310 2330.2
1214320 2330.2
1214330 2325.9
1214340 2324.9
1214350 2324.9
1214360 2334.1
1214370 2352.9
1214380 2352.9
1214390 2369.1
1214400 2391.1
1214410 2391.1
1214420 2396.1
1214430 2387.1
1214440 2385.8
1214450 2385.8
1214460 2396.5
1214470 2409.0
1214480 2409.0
1214490 2428.1
1214500 2453.4
1214510 2453.4
1214520 2469.0
1214530 2478.6
1214540 2478.6
1214550 2493.4
1214560 2510.6
1214570 2512.6
1214580 2523.3
1214590 2528.6
1214600 2528.6
1214610 2533.1
1214620 2537.8
1214630 2541.3
1214640 2541.3
1214650 2551.0
1214660 2558.5
1214670 2558.5
1214680 2563.0
1214690 2571.8
1214700 2571.8
1214710 2585.7
1214720 2598.2
1214730 2598.2
1214740 2605.6
1214750 2610.8
1214760 2610.8
1214770 2617.9
1214780 2625.3
1214790 2625.3
1214800 2633.1
1214810 2640.8
1214820 2646.7
1214830 2646.7
1214840 2651.0
1214850 2655.2
1214860 2655.2
1214870 2659.7
1214880 2664.9
1214890 2664.9
1214900 2670.7
1214910 2676.1
1214920 2676.1
1214930 2682.0
1214940 2688.0
1214950 2688.0
1214960 2694.3
1214970 2700.6
1214980 2706.3
1214990 2706.3
1215000 2712.6
1215010 2719.0
1215020 2719.0
1215030 2724.3
1215040 2732.7
1215050 2732.7
1215060 2736.9
1215070 2741.0
1215080 2741.0
1215090 2744.8
1215100 2748.1
1215110 2748.1
1215120 2750.7
1215130 2753.5
1215140 2753.5
1215150 2756.0
1215160 2757.6
1215170 2759.6
1215180 2759.6
1215190 2762.0
1215200 2765.8
1215210 2765.8
1215220 2769.2
1215230 2772.0
1215240 2772.0
1215250 2774.7
1215260 2780.1
1215270 2780.1
1215280 2784.8
1215290 2786.3
1215300 2786.3
1215310 2788.5
1215320 2790.3
1215330 2790.3
1215340 2792.0
1215350 2793.6
1215360 2794.6
1215370 2794.6
1215380 2797.6
1215390 2801.6
1215400 2801.6
1215410 2800.8
1215420 2802.3
1215430 2802.3
1215440 2812.3
1215450 2827.0
1215460 2827.0
1215470 2837.3
1215480 2844.4
1215490 2844.4
1215500 2854.2
1215510 2869.3
1215520 2869.3
1215530 2879.2
1215540 2887.4
1215550 2897.4
1215560 2897.4
1215570 2906.8
1215580 2918.0
1215590 2918.0
1215600 2925.7
1215610 2921.8
1215620 2921.8
1215630 2917.0
1215640 2916.1
1215650 2916.1
1215660 2914.2
1215670 2910.2
1215680 2910.2
1215690 2913.4
1215700 2918.3
1215710 2924.3
1215720 2924.3
1215730 2930.2
1215740 2936.3
1215750 2936.3
1215760 2945.3
1215770 2949.7
1215780 2949.7
1215790 2950.1
1215800 2954.0
1215810 2954.0
1215820 2960.4
1215830 2966.9
1215840 2966.9
1215850 2971.3
1215860 2969.3
1215870 2969.3
1215880 2962.7
1215890 2955.0
1215900 2946.3
1215910 2946.3
1215920 2938.0
1215930 2931.5
1215940 2931.5
1215950 2926.1
1215960 2922.4
1215970 2922.4
1215980 2922.4
1215990 2922.1
1216000 2922.1
1216010 2922.8
1216020 2923.5
1216030 2923.5
1216040 2924.5
1216050 2926.5
1216060 2926.5
1216070 2929.0
1216080 2931.6
1216090 2933.7
1216100 2933.7
1216110 2935.8
1216120 2937.2
1216130 2937.2
1216140 2934.5
1216150 2931.1
1216160 2931.1
1216170 2927.7
1216180 2924.1
1216190 2924.1
1216200 2919.6
1216210 2914.1
1216220 2914.1
1216230 2907.7
1216240 2901.8
1216250 2901.8
1216260 2898.7
1216270 2898.4
1216280 2899.2
1216290 2899.2
1216300 2900.2
1216310 2900.3
1216320 2900.3
1216330 2899.8
1216340 2898.3
1216350 2898.3
1216360 2896.0
1216370 2894.4
1216380 2894.4
1216390 2893.5
1216400 2890.9
1216410 2890.9
1216420 2887.5
1216430 2884.6
1216440 2881.6
1216450 2882.1
1216460 2876.0
1216470 2867.6
1216480 2867.6
1216490 2860.2
1216500 2854.9
1216510 2854.9
1216520 2850.8
1216530 2847.2
1216540 2847.2
1216550 2842.7
1216560 2841.8
1216570 2841.8
1216580 2844.4
1216590 2850.1
1216600 2850.1
1216610 2853.5
1216620 2843.9
1216630 2831.8
1216640 2831.8
1216650 2821.9
1216660 2814.2
1216670 2814.2
1216680 2807.2
1216690 2800.8
1216700 2800.8
1216710 2794.6
1216720 2789.4
1216730 2789.4
1216740 2783.7
1216750 2779.0
1216760 2779.0
1216770 2775.0
1216780 2769.7
1216790 2769.7
1216800 2764.1
1216810 2758.7
1216820 2753.9
1216830 2753.9
1216840 2749.6
1216850 2745.0
1216860 2745.0
1216870 2740.4
1216880 2736.6
1216890 2736.6
1216900 2732.3
1216910 2730.2
1216920 2732.8
1216930 2731.6
1216940 2730.5
1216950 2730.5
1216960 2728.3
1216970 2726.3
1216980 2727.4
1216990 2727.4
1217000 2730.3
1217010 2732.2
1217020 2732.2
1217030 2734.0
1217040 2734.3
1217050 2734.3
1217060 2736.1
1217070 2738.1
1217080 2738.1
1217090 2742.2
1217100 2748.2
1217110 2748.2
1217120 2754.3
1217130 2758.2
1217140 2758.2
1217150 2762.2
1217160 2765.4
1217170 2769.2
1217180 2769.2
1217190 2773.7
1217200 2778.8
1217210 2778.8
1217220 2784.7
1217230 2790.0
1217240 2790.0
1217250 2794.3
1217260 2799.2
1217270 2799.2
1217280 2804.1
1217290 2808.7
1217300 2808.7
1217310 2811.8
1217320 2815.4
1217330 2815.4
1217340 2820.8
1217350 2827.5
1217360 2834.7
1217370 2834.7
1217380 2842.6
1217390 2850.0
1217400 2850.0
1217410 2857.7
1217420 2864.9
1217430 2864.9
1217440 2868.6
1217450 2870.8
1217460 2870.8
1217470 2874.0
1217480 2876.5
1217490 2876.5
1217500 2877.9
1217510 2879.5
1217520 2879.5
1217530 2879.8
1217540 2882.1
1217550 2887.9
1217560 2887.9
1217570 2887.9
1217580 2885.9
1217590 2885.9
1217600 2890.7
1217610 2895.4
1217620 2895.4
1217630 2896.8
1217640 2899.9
1217650 2899.9
1217660 2903.7
1217670 2906.9
1217680 2906.9
1217690 2910.0
1217700 2914.0
1217710 2918.7
1217720 2918.7
1217730 2923.3
1217740 2927.2
1217750 2927.2
1217760 2930.9
1217770 2934.9
1217780 2934.9
1217790 2939.5
1217800 2943.7
1217810 2943.7
1217820 2946.9
1217830 2949.6
1217840 2949.6
1217850 2952.8
1217860 2954.6
1217870 2954.6
1217880 2957.2
1217890 2960.3
1217900 2963.7
1217910 2963.7
1217920 2967.1
1217930 2970.3
1217940 2970.3
1217950 2973.9
1217960 2978.9
1217970 2978.9
1217980 2985.2
1217990 2990.5
1218000 2990.5
1218010 2996.0
1218020 3002.6
1218030 3002.6
1218040 3009.6
1218050 3017.7
1218060 3017.7
1218070 3027.9
1218080 3037.1
1218090 3044.8
1218100 3044.8
1218110 3055.8
1218120 3067.8
1218130 3067.8
1218140 3076.6
1218150 3083.3
1218160 3083.3
1218170 3087.4
1218180 3089.5
1218190 3089.5
1218200 3092.7
1218210 3097.7
1218220 3097.7
1218230 3104.5
1218240 3115.2
1218250 3115.2
1218260 3124.8
1218270 3132.1
1218280 3139.6
1218290 3139.6
1218300 3141.1
1218310 3135.9
1218320 3135.9
1218330 3130.5
1218340 3141.5
1218350 3141.5
1218360 3147.7
1218370 3152.0
1218380 3152.0
1218390 3149.6
1218400 3156.7
1218410 3156.7
1218420 3157.8
1218430 3164.3
1218440 3171.4
1218450 3171.4
1218460 3180.1
1218470 3189.7
1218480 3189.7
1218490 3193.8
1218500 3199.0
1218510 3199.0
1218520 3205.2
1218530 3211.4
1218540 3211.4
1218550 3217.7
1218560 3223.2
1218570 3223.2
1218580 3225.8
1218590 3230.6
1218600 3230.6
1218610 3236.9
1218620 3245.9
1218630 3255.9
1218640 3255.9
1218650 3265.0
1218660 3274.9
1218670 3274.9
1218680 3282.4
1218690 3289.7
1218700 3289.7
1218710 3294.0
1218720 3297.5
1218730 3297.5
1218740 3301.8
1218750 3307.6
1218760 3307.6
1218770 3312.0
1218780 3313.1
1218790 3313.1
1218800 3315.4
1218810 3328.6
1218820 3334.9
1218830 3334.9
1218840 3341.4
1218850 3341.1
1218860 3341.1
1218870 3340.5
1218880 3344.3
1218890 3344.3
1218900 3346.5
1218910 3346.8
1218920 3346.8
1218930 3347.4
1218940 3347.0
1218950 3347.0
1218960 3344.0
1218970 3340.2
1218980 3340.2
1218990 3337.2
1219000 3335.5
1219010 3334.0
1219020 3334.0
1219030 3334.5
1219040 3338.6
1219050 3338.6
1219060 3336.8
1219070 3329.7
1219080 3329.7
1219090 3324.2
1219100 3321.6
1219110 3321.6
1219120 3316.5
1219130 3315.6
1219140 3315.6
1219150 3314.8
1219160 3311.1
1219170 3308.6
1219180 3308.6
1219190 3307.5
1219200 3310.4
1219210 3310.4
1219220 3312.1
1219230 3303.8
1219240 3303.8
1219250 3294.9
1219260 3279.7
1219270 3279.7
1219280 3284.7
1219290 3263.2
1219300 3263.2
1219310 3254.1
1219320 3255.6
1219330 3255.6
1219340 3259.5
1219350 3263.8
1219360 3263.5
1219370 3263.5
1219380 3250.7
1219390 3244.5
1219400 3244.5
1219410 3250.5
1219420 3250.4
1219430 3250.4
1219440 3240.2
1219450 3240.1
1219460 3240.1
1219470 3241.0
1219480 3241.6
1219490 3241.6
1219500 3242.2
1219510 3243.3
1219520 3243.3
1219530 3245.8
1219540 3259.3
1219550 3275.1
1219560 3275.1
1219570 3287.7
1219580 3299.0
1219590 3299.0
1219600 3307.0
1219610 3317.1
1219620 3317.1
1219630 3330.2
1219640 3334.4
1219650 3334.4
1219660 3337.1
1219670 3339.6
1219680 3339.6
1219690 3346.4
1219700 3348.9
1219710 3342.1
1219720 3342.1
1219730 3332.8
1219740 3323.9
1219750 3323.9
1219760 3302.6
1219770 3292.1
1219780 3292.1
1219790 3283.7
1219800 3278.5
1219810 3278.5
1219820 3269.7
1219830 3257.9
1219840 3257.9
1219850 3247.8
1219860 3239.4
1219870 3239.4
1219880 3228.7
1219890 3218.0
1219900 3210.2
1219910 3210.2
1219920 3203.4
1219930 3196.8
1219940 3196.8
1219950 3190.2
1219960 3183.9
1219970 3183.9
1219980 3177.8
1219990 3170.3
