1200000 3212.9
1200010 3212.8
1200020 3212.6
1200030 3212.6
1200040 3212.5
1200050 3212.3
1200060 3212.3
1200070 3212.0
1200080 3211.8
1200090 3211.8
1200100 3211.5
1200110 3211.1
1200120 3211.1
1200130 3210.8
1200140 3210.4
1200150 3210.0
1200160 3210.0
1200170 3209.6
1200180 3209.1
1200190 3209.1
1200200 3208.6
1200210 3208.1
1200220 3208.1
1200230 3207.6
1200240 3207.2
1200250 3207.2
1200260 3206.7
1200270 3206.3
1200280 3206.3
1200290 3205.8
1200300 3205.3
1200310 3205.3
1200320 3204.8
1200330 3204.3
1200340 3203.8
1200350 3203.8
1200360 3203.2
1200370 3202.7
1200380 3202.7
1200390 3202.1
1200400 3201.1
1200410 3201.1
1200420 3200.4
1200430 3199.7
1200440 3199.7
1200450 3199.1
1200460 3198.4
1200470 3198.4
1200480 3197.7
1200490 3197.1
1200500 3197.1
1200510 3196.4
1200520 3195.7
1200530 3195.0
1200540 3195.0
1200550 3194.4
1200560 3193.8
1200570 3193.8
1200580 3193.1
1200590 3192.5
1200600 3192.5
1200610 3191.9
1200620 3191.2
1200630 3191.2
1200640 3190.6
1200650 3190.0
1200660 3190.0
1200670 3189.4
1200680 3188.7
1200690 3188.7
1200700 3188.0
1200710 3187.4
1200720 3186.7
1200730 3186.7
1200740 3186.1
1200750 3185.4
1200760 3185.4
1200770 3184.7
1200780 3184.0
1200790 3184.0
1200800 3183.4
1200810 3182.6
1200820 3182.6
1200830 3181.8
1200840 3180.2
1200850 3180.2
1200860 3179.5
1200870 3178.7
1200880 3178.0
1200890 3178.0
1200900 3177.2
1200910 3176.5
1200920 3176.5
1200930 3175.8
1200940 3175.1
1200950 3175.1
1200960 3174.5
1200970 3173.8
1200980 3173.8
1200990 3173.2
1201000 3172.6
1201010 3172.6
1201020 3172.0
1201030 3171.5
1201040 3171.5
1201050 3170.9
1201060 3170.3
1201070 3169.8
1201080 3169.8
1201090 3169.2
1201100 3168.6
1201110 3168.6
1201120 3168.0
1201130 3167.3
1201140 3167.3
1201150 3166.7
1201160 3166.1
1201170 3166.1
1201180 3165.4
1201190 3164.7
1201200 3164.7
1201210 3164.1
1201220 3163.4
1201230 3163.4
1201240 3162.6
1201250 3161.9
1201260 3161.1
1201270 3161.1
1201280 3160.3
1201290 3158.6
1201300 3158.6
1201310 3157.8
1201320 3156.9
1201330 3156.9
1201340 3156.1
1201350 3155.3
1201360 3155.3
1201370 3154.4
1201380 3153.6
1201390 3153.6
1201400 3152.7
1201410 3152.0
1201420 3152.0
1201430 3151.2
1201440 3150.5
1201450 3149.7
1201460 3149.7
1201470 3149.0
1201480 3148.3
1201490 3148.3
1201500 3147.7
1201510 3147.0
1201520 3147.0
1201530 3146.4
1201540 3145.8
1201550 3145.8
1201560 3145.2
1201570 3144.5
1201580 3144.5
1201590 3143.9
1201600 3143.3
1201610 3143.3
1201620 3142.7
1201630 3142.2
1201640 3141.6
1201650 3141.6
1201660 3141.1
1201670 3140.5
1201680 3140.5
1201690 3140.0
1201700 3139.5
1201710 3139.5
1201720 3139.0
1201730 3137.1
1201740 3137.1
1201750 3136.6
1201760 3136.0
1201770 3136.0
1201780 3135.5
1201790 3135.0
1201800 3135.0
1201810 3134.4
1201820 3133.9
1201830 3133.3
1201840 3133.3
1201850 3132.8
1201860 3132.3
1201870 3132.3
1201880 3131.9
1201890 3131.6
1201900 3131.6
1201910 3131.3
1201920 3131.1
1201930 3131.1
1201940 3130.9
1201950 3130.8
1201960 3130.8
1201970 3130.8
1201980 3130.7
1201990 3130.7
1202000 3130.6
1202010 3130.4
1202020 3130.3
1202030 3130.3
1202040 3130.4
1202050 3130.7
1202060 3130.7
1202070 3130.9
1202080 3128.4
1202090 3128.4
1202100 3123.4
1202110 3124.7
1202120 3124.7
1202130 3136.7
1202140 3150.8
1202150 3150.8
1202160 3173.7
1202170 3195.1
1202180 3196.7
1202190 3196.7
1202200 3205.5
1202210 3210.8
1202220 3210.8
1202230 3218.4
1202240 3215.7
1202250 3215.7
1202260 3209.4
1202270 3202.6
1202280 3202.6
1202290 3197.1
1202300 3191.6
1202310 3191.6
1202320 3186.1
1202330 3180.9
1202340 3180.9
1202350 3175.3
1202360 3169.5
1202370 3164.0
1202380 3164.0
1202390 3158.5
1202400 3153.1
1202410 3153.1
1202420 3147.8
1202430 3142.6
1202440 3142.6
1202450 3137.7
1202460 3132.8
1202470 3132.8
1202480 3128.4
1202490 3124.6
1202500 3124.6
1202510 3120.9
1202520 3117.1
1202530 3117.1
1202540 3113.5
1202550 3110.0
1202560 3106.5
1202570 3106.5
1202580 3102.8
1202590 3099.2
1202600 3099.2
1202610 3095.4
1202620 3091.7
1202630 3093.5
1202640 3089.8
1202650 3086.2
1202660 3086.2
1202670 3082.8
1202680 3079.5
1202690 3079.5
1202700 3076.4
1202710 3073.5
1202720 3073.5
1202730 3070.8
1202740 3068.2
1202750 3065.8
1202760 3065.8
1202770 3063.3
1202780 3060.8
1202790 3060.8
1202800 3058.0
1202810 3055.3
1202820 3055.3
1202830 3052.5
1202840 3049.7
1202850 3049.7
1202860 3046.8
1202870 3043.9
1202880 3043.9
1202890 3040.9
1202900 3037.8
1202910 3037.8
1202920 3034.7
1202930 3031.6
1202940 3028.5
1202950 3028.5
1202960 3025.4
1202970 3022.4
1202980 3022.4
1202990 3019.4
1203000 3016.6
1203010 3016.6
1203020 3014.0
1203030 3011.3
1203040 3011.3
1203050 3008.9
1203060 3006.5
1203070 3006.5
1203080 3005.9
1203090 3003.8
1203100 3003.8
1203110 3001.7
1203120 2999.5
1203130 2997.3
1203140 2997.3
1203150 2995.0
1203160 2992.9
1203170 2992.9
1203180 2990.8
1203190 2988.9
1203200 2988.9
1203210 2987.1
1203220 2985.2
1203230 2985.2
1203240 2983.4
1203250 2981.7
1203260 2981.7
1203270 2980.0
1203280 2978.3
1203290 2976.7
1203300 2976.7
1203310 2975.0
1203320 2973.4
1203330 2973.4
1203340 2971.7
1203350 2970.0
1203360 2970.0
1203370 2968.3
1203380 2966.5
1203390 2966.5
1203400 2964.6
1203410 2962.6
1203420 2962.6
1203430 2960.5
1203440 2958.3
1203450 2958.3
1203460 2956.0
1203470 2953.6
1203480 2951.1
1203490 2951.1
1203500 2948.5
1203510 2945.7
1203520 2945.7
1203530 2947.0
1203540 2945.0
1203550 2945.0
1203560 2943.2
1203570 2940.2
1203580 2940.2
1203590 2936.9
1203600 2934.0
1203610 2934.0
1203620 2931.2
1203630 2928.8
1203640 2928.8
1203650 2926.5
1203660 2924.3
1203670 2922.4
1203680 2922.4
1203690 2922.2
1203700 2922.7
1203710 2922.7
1203720 2923.1
1203730 2923.5
1203740 2923.5
1203750 2924.0
1203760 2923.9
1203770 2923.9
1203780 2923.1
1203790 2921.5
1203800 2921.5
1203810 2919.7
1203820 2917.9
1203830 2917.9
1203840 2914.5
1203850 2911.4
1203860 2908.7
1203870 2908.7
1203880 2906.6
1203890 2905.0
1203900 2905.0
1203910 2904.3
1203920 2904.1
1203930 2904.1
1203940 2903.2
1203950 2902.3
1203960 2902.3
1203970 2903.9
1203980 2901.7
1203990 2901.7
1204000 2900.8
1204010 2900.4
1204020 2900.4
1204030 2899.1
1204040 2898.3
1204050 2898.2
1204060 2898.2
1204070 2897.7
1204080 2898.6
1204090 2898.6
1204100 2897.8
1204110 2895.9
1204120 2895.9
1204130 2894.6
1204140 2893.8
1204150 2893.8
1204160 2892.9
1204170 2891.9
1204180 2891.9
1204190 2890.7
1204200 2889.6
1204210 2889.6
1204220 2888.6
1204230 2886.9
1204240 2885.4
1204250 2885.4
1204260 2883.8
1204270 2882.5
1204280 2882.5
1204290 2880.9
1204300 2878.4
1204310 2878.4
1204320 2874.5
1204330 2870.8
1204340 2870.8
1204350 2868.7
1204360 2868.8
1204370 2868.8
1204380 2870.3
1204390 2872.4
1204400 2871.4
1204410 2871.4
1204420 2871.2
1204430 2869.7
1204440 2869.7
1204450 2866.4
1204460 2862.8
1204470 2862.8
1204480 2859.7
1204490 2858.4
1204500 2858.4
1204510 2859.3
1204520 2860.6
1204530 2860.6
1204540 2860.7
1204550 2860.5
1204560 2860.5
1204570 2859.8
1204580 2859.4
1204590 2858.7
1204600 2858.7
1204610 2857.6
1204620 2857.4
1204630 2857.4
1204640 2857.5
1204650 2858.6
1204660 2858.6
1204670 2861.1
1204680 2864.1
1204690 2864.1
1204700 2866.3
1204710 2867.8
1204720 2867.8
1204730 2870.1
1204740 2872.2
1204750 2872.2
1204760 2873.8
1204770 2875.8
1204780 2877.6
1204790 2877.6
1204800 2878.8
1204810 2881.4
1204820 2881.4
1204830 2884.2
1204840 2886.3
1204850 2886.3
1204860 2887.8
1204870 2887.8
1204880 2887.9
1204890 2886.0
1204900 2885.0
1204910 2885.0
1204920 2884.6
1204930 2883.5
1204940 2883.5
1204950 2881.4
1204960 2879.2
1204970 2877.7
1204980 2877.7
1204990 2876.8
1205000 2876.0
1205010 2876.0
1205020 2875.5
1205030 2875.4
1205040 2875.4
1205050 2875.0
1205060 2873.8
1205070 2873.8
1205080 2873.6
1205090 2873.6
1205100 2873.6
1205110 2874.5
1205120 2878.5
1205130 2878.5
1205140 2882.7
1205150 2888.6
1205160 2894.0
1205170 2894.0
1205180 2897.5
1205190 2902.9
1205200 2902.9
1205210 2908.9
1205220 2914.6
1205230 2914.6
1205240 2920.0
1205250 2924.9
1205260 2924.9
1205270 2931.3
1205280 2937.7
1205290 2937.7
1205300 2942.6
1205310 2946.2
1205320 2946.2
1205330 2954.4
1205340 2954.0
1205350 2952.6
1205360 2952.6
1205370 2950.1
1205380 2945.7
1205390 2945.7
1205400 2943.7
1205410 2941.8
1205420 2941.8
1205430 2939.4
1205440 2935.9
1205450 2935.9
1205460 2929.9
1205470 2924.0
1205480 2924.0
1205490 2920.5
1205500 2917.5
1205510 2915.1
1205520 2915.1
1205530 2912.9
1205540 2910.3
1205550 2910.3
1205560 2906.5
1205570 2902.4
1205580 2902.4
1205590 2899.4
1205600 2896.3
1205610 2896.3
1205620 2895.2
1205630 2893.7
1205640 2893.7
1205650 2891.8
1205660 2889.1
1205670 2889.1
1205680 2885.1
1205690 2880.4
1205700 2875.7
1205710 2875.7
1205720 2871.6
1205730 2866.7
1205740 2866.7
1205750 2862.1
1205760 2858.7
1205770 2858.7
1205780 2857.5
1205790 2853.1
1205800 2853.1
1205810 2847.9
1205820 2841.4
1205830 2841.4
1205840 2829.4
1205850 2811.5
1205860 2811.5
1205870 2799.2
1205880 2789.6
1205890 2781.8
1205900 2781.8
1205910 2776.8
1205920 2774.2
1205930 2774.2
1205940 2770.0
1205950 2765.0
1205960 2765.0
1205970 2759.7
1205980 2755.7
1205990 2755.7
1206000 2750.9
1206010 2744.8
1206020 2744.8
1206030 2740.6
1206040 2740.5
1206050 2740.5
1206060 2740.2
1206070 2739.2
1206080 2738.2
1206090 2738.2
1206100 2737.2
1206110 2735.8
1206120 2735.8
1206130 2734.6
1206140 2733.7
1206150 2733.7
1206160 2731.6
1206170 2728.8
1206180 2728.8
1206190 2727.1
1206200 2725.5
1206210 2725.5
1206220 2723.1
1206230 2720.9
1206240 2720.9
1206250 2718.1
1206260 2714.6
1206270 2710.1
1206280 2710.1
1206290 2704.7
1206300 2698.5
1206310 2698.5
1206320 2692.1
1206330 2686.7
1206340 2686.7
1206350 2682.2
1206360 2678.6
1206370 2678.6
1206380 2675.2
1206390 2671.7
1206400 2671.7
1206410 2667.4
1206420 2662.6
1206430 2662.6
1206440 2657.8
1206450 2652.9
1206460 2647.9
1206470 2647.9
1206480 2644.2
1206490 2641.6
1206500 2641.6
1206510 2639.1
1206520 2636.0
1206530 2636.0
1206540 2632.1
1206550 2627.8
1206560 2627.8
1206570 2623.7
1206580 2619.8
1206590 2619.8
1206600 2616.2
1206610 2610.9
1206620 2606.7
1206630 2606.7
1206640 2603.1
1206650 2600.1
1206660 2600.1
1206670 2596.8
1206680 2593.6
1206690 2596.2
1206700 2593.9
1206710 2592.4
1206720 2592.4
1206730 2591.2
1206740 2589.6
1206750 2589.6
1206760 2587.7
1206770 2582.2
1206780 2582.2
1206790 2576.6
1206800 2572.0
1206810 2567.8
1206820 2567.8
1206830 2564.2
1206840 2560.0
1206850 2560.0
1206860 2555.5
1206870 2551.1
1206880 2551.1
1206890 2546.9
1206900 2541.9
1206910 2541.9
1206920 2536.5
1206930 2531.5
1206940 2531.5
1206950 2526.1
1206960 2520.0
1206970 2520.0
1206980 2514.8
1206990 2510.1
1207000 2504.9
1207010 2504.9
1207020 2499.8
1207030 2495.1
1207040 2495.1
1207050 2489.8
1207060 2483.9
1207070 2483.9
1207080 2478.0
1207090 2472.9
1207100 2472.9
1207110 2468.4
1207120 2463.7
1207130 2463.7
1207140 2460.7
1207150 2455.4
1207160 2455.4
1207170 2449.4
1207180 2443.3
1207190 2436.9
1207200 2436.9
1207210 2429.7
1207220 2420.5
1207230 2420.5
1207240 2410.5
1207250 2399.6
1207260 2399.6
1207270 2388.3
1207280 2378.3
1207290 2378.3
1207300 2370.2
1207310 2362.5
1207320 2362.5
1207330 2354.4
1207340 2348.1
1207350 2348.1
1207360 2346.9
1207370 2349.9
1207380 2355.2
1207390 2355.2
1207400 2356.9
1207410 2358.2
1207420 2358.2
1207430 2360.3
1207440 2362.7
1207450 2362.7
1207460 2364.9
1207470 2367.2
1207480 2367.2
1207490 2369.4
1207500 2372.3
1207510 2372.3
1207520 2375.2
1207530 2377.9
1207540 2377.9
1207550 2379.3
1207560 2381.4
1207570 2384.4
1207580 2384.4
1207590 2387.6
1207600 2384.4
1207610 2384.4
1207620 2386.4
1207630 2388.3
1207640 2388.3
1207650 2390.8
1207660 2392.1
1207670 2392.1
1207680 2388.4
1207690 2389.1
1207700 2389.1
1207710 2396.1
1207720 2401.6
1207730 2401.6
1207740 2404.2
1207750 2405.2
1207760 2407.7
1207770 2407.7
1207780 2410.3
1207790 2416.6
1207800 2416.6
1207810 2425.9
1207820 2438.1
1207830 2438.1
1207840 2448.2
1207850 2452.8
1207860 2452.8
1207870 2456.7
1207880 2460.2
1207890 2460.2
1207900 2463.3
1207910 2466.7
1207920 2469.4
1207930 2469.4
1207940 2473.0
1207950 2477.8
1207960 2477.8
1207970 2482.4
1207980 2487.3
1207990 2487.3
1208000 2491.6
1208010 2494.5
1208020 2494.5
1208030 2496.6
1208040 2498.2
1208050 2493.1
1208060 2495.2
1208070 2496.8
1208080 2496.8
1208090 2498.1
1208100 2498.9
1208110 2499.1
1208120 2499.1
1208130 2499.9
1208140 2500.4
1208150 2500.4
1208160 2500.5
1208170 2500.5
1208180 2500.5
1208190 2500.5
1208200 2500.2
1208210 2500.2
1208220 2498.7
1208230 2495.6
1208240 2495.6
1208250 2492.2
1208260 2489.2
1208270 2489.2
1208280 2486.5
1208290 2484.4
1208300 2482.5
1208310 2482.5
1208320 2480.8
1208330 2478.7
1208340 2478.7
1208350 2477.0
1208360 2475.2
1208370 2475.2
1208380 2472.5
1208390 2469.2
1208400 2469.2
1208410 2465.7
1208420 2461.3
1208430 2461.3
1208440 2457.0
1208450 2453.6
1208460 2453.6
1208470 2449.7
1208480 2445.4
1208490 2440.0
1208500 2440.0
1208510 2426.5
1208520 2419.0
1208530 2419.0
1208540 2410.9
1208550 2403.8
1208560 2403.8
1208570 2396.3
1208580 2389.8
1208590 2389.8
1208600 2383.1
1208610 2374.6
1208620 2374.6
1208630 2368.4
1208640 2362.9
1208650 2362.9
1208660 2358.1
1208670 2356.9
1208680 2354.1
1208690 2354.1
1208700 2348.3
1208710 2339.9
1208720 2339.9
1208730 2331.0
1208740 2323.4
1208750 2323.4
1208760 2317.3
1208770 2310.8
1208780 2310.8
1208790 2304.6
1208800 2299.4
1208810 2299.4
1208820 2294.2
1208830 2288.0
1208840 2288.0
1208850 2281.9
1208860 2275.9
1208870 2269.3
1208880 2269.3
1208890 2262.4
1208900 2256.1
1208910 2256.1
1208920 2252.6
1208930 2250.3
1208940 2250.3
1208950 2246.1
1208960 2241.0
1208970 2233.5
1208980 2228.3
1208990 2223.0
1209000 2223.0
1209010 2217.1
1209020 2213.0
1209030 2210.2
1209040 2210.2
1209050 2207.9
1209060 2203.6
1209070 2203.6
1209080 2199.9
1209090 2193.9
1209100 2193.9
1209110 2186.6
1209120 2176.7
1209130 2176.7
1209140 2168.8
1209150 2160.4
1209160 2160.4
1209170 2154.5
1209180 2146.7
1209190 2146.7
1209200 2141.4
1209210 2138.1
1209220 2132.9
1209230 2132.9
1209240 2127.3
1209250 2122.9
1209260 2122.9
1209270 2119.9
1209280 2116.5
1209290 2116.5
1209300 2113.5
1209310 2110.2
1209320 2110.2
1209330 2104.4
1209340 2097.3
1209350 2097.3
1209360 2092.2
1209370 2084.8
1209380 2084.8
1209390 2080.5
1209400 2075.9
1209410 2073.2
1209420 2073.2
1209430 2090.4
1209440 2112.5
1209450 2112.5
1209460 2125.4
1209470 2130.3
1209480 2130.3
1209490 2132.9
1209500 2136.5
1209510 2136.5
1209520 2143.6
1209530 2151.3
1209540 2151.3
1209550 2155.3
1209560 2160.5
1209570 2160.5
1209580 2162.7
1209590 2162.4
1209600 2166.0
1209610 2166.0
1209620 2172.2
1209630 2176.5
1209640 2176.5
1209650 2178.1
1209660 2179.8
1209670 2179.8
1209680 2182.7
1209690 2186.2
1209700 2186.2
1209710 2189.1
1209720 2190.4
1209730 2190.4
1209740 2193.0
1209750 2197.4
1209760 2197.4
1209770 2208.9
1209780 2224.5
1209790 2236.7
1209800 2236.7
1209810 2244.6
1209820 2252.7
1209830 2252.7
1209840 2261.1
1209850 2267.3
1209860 2267.3
1209870 2273.6
1209880 2279.3
1209890 2283.1
1209900 2288.8
1209910 2296.0
1209920 2296.0
1209930 2309.0
1209940 2320.1
1209950 2320.1
1209960 2328.2
1209970 2338.1
1209980 2345.8
1209990 2345.8
1210000 2353.5
1210010 2362.8
1210020 2362.8
1210030 2375.6
1210040 2384.2
1210050 2384.2
1210060 2391.5
1210070 2399.7
1210080 2399.7
1210090 2408.5
1210100 2419.3
1210110 2419.3
1210120 2427.1
1210130 2433.6
1210140 2439.5
1210150 2439.5
1210160 2445.9
1210170 2453.0
1210180 2453.0
1210190 2463.2
1210200 2474.7
1210210 2474.7
1210220 2487.6
1210230 2500.4
1210240 2500.4
1210250 2511.9
1210260 2522.4
1210270 2522.4
1210280 2530.5
1210290 2535.7
1210300 2535.7
1210310 2543.0
1210320 2553.9
1210330 2561.7
1210340 2561.7
1210350 2573.4
1210360 2580.2
1210370 2580.2
1210380 2587.7
1210390 2594.3
1210400 2594.3
1210410 2598.4
1210420 2601.8
1210430 2601.8
1210440 2604.8
1210450 2606.2
1210460 2606.2
1210470 2608.1
1210480 2612.3
1210490 2612.3
1210500 2617.1
1210510 2621.5
1210520 2622.5
1210530 2622.5
1210540 2623.8
1210550 2622.9
1210560 2622.9
1210570 2620.4
1210580 2618.9
1210590 2618.9
1210600 2616.8
1210610 2613.6
1210620 2613.6
1210630 2611.1
1210640 2607.7
1210650 2607.7
1210660 2605.1
1210670 2601.4
1210680 2601.4
1210690 2600.2
1210700 2599.8
1210710 2598.7
1210720 2598.7
1210730 2596.9
1210740 2593.9
1210750 2593.9
1210760 2588.7
1210770 2587.9
1210780 2587.9
1210790 2588.6
1210800 2588.1
1210810 2592.3
1210820 2591.6
1210830 2589.1
1210840 2589.1
1210850 2587.4
1210860 2587.4
1210870 2587.4
1210880 2588.0
1210890 2586.7
1210900 2586.1
1210910 2586.1
1210920 2583.7
1210930 2580.2
1210940 2580.2
1210950 2577.2
1210960 2573.5
1210970 2573.5
1210980 2569.9
1210990 2567.1
1211000 2567.1
1211010 2564.9
1211020 2561.2
1211030 2561.2
1211040 2559.1
1211050 2557.2
1211060 2557.2
1211070 2553.3
1211080 2555.5
1211090 2563.2
1211100 2563.2
1211110 2570.8
1211120 2579.9
1211130 2579.9
1211140 2591.5
1211150 2602.6
1211160 2602.6
1211170 2618.7
1211180 2628.2
1211190 2628.2
1211200 2638.4
1211210 2650.6
1211220 2650.6
1211230 2660.9
1211240 2670.0
1211250 2683.2
1211260 2683.2
1211270 2698.2
1211280 2713.6
1211290 2713.6
1211300 2723.8
1211310 2731.1
1211320 2731.1
1211330 2736.3
1211340 2740.2
1211350 2740.2
1211360 2742.8
1211370 2747.2
1211380 2747.2
1211390 2751.0
1211400 2753.5
1211410 2753.5
1211420 2757.9
1211430 2762.8
1211440 2765.5
1211450 2765.5
1211460 2769.6
1211470 2772.4
1211480 2772.4
1211490 2771.9
1211500 2773.4
1211510 2773.4
1211520 2776.9
1211530 2778.3
1211540 2778.3
1211550 2779.1
1211560 2779.8
1211570 2779.8
1211580 2781.6
1211590 2784.1
1211600 2784.1
1211610 2785.2
1211620 2786.4
1211630 2789.2
1211640 2789.2
1211650 2790.0
1211660 2790.4
1211670 2790.4
1211680 2791.7
1211690 2792.8
1211700 2792.8
1211710 2794.1
1211720 2796.0
1211730 2802.3
1211740 2803.2
1211750 2804.8
1211760 2804.8
1211770 2804.9
1211780 2806.6
1211790 2806.6
1211800 2811.4
1211810 2813.4
1211820 2813.9
1211830 2813.9
1211840 2813.6
1211850 2813.5
1211860 2813.5
1211870 2813.0
1211880 2810.1
1211890 2810.1
1211900 2808.1
1211910 2809.7
1211920 2809.7
1211930 2809.6
1211940 2804.2
1211950 2804.2
1211960 2806.6
1211970 2814.0
1211980 2814.0
1211990 2819.0
1212000 2823.6
1212010 2829.4
1212020 2829.4
1212030 2833.8
1212040 2834.8
1212050 2834.8
1212060 2833.0
1212070 2827.6
1212080 2827.6
1212090 2820.8
1212100 2815.0
1212110 2815.0
1212120 2810.4
1212130 2805.8
1212140 2805.8
1212150 2802.2
1212160 2799.0
1212170 2799.0
1212180 2795.4
1212190 2791.0
1212200 2787.1
1212210 2787.1
1212220 2784.1
1212230 2781.9
1212240 2781.9
1212250 2780.3
1212260 2778.6
1212270 2778.6
1212280 2777.6
1212290 2777.6
1212300 2777.6
1212310 2779.3
1212320 2782.3
1212330 2782.3
1212340 2785.3
1212350 2789.3
1212360 2796.8
1212370 2796.8
1212380 2811.7
1212390 2824.1
1212400 2824.1
1212410 2830.1
1212420 2834.9
1212430 2834.9
1212440 2839.8
1212450 2843.2
1212460 2843.2
1212470 2846.2
1212480 2851.2
1212490 2851.2
1212500 2855.8
1212510 2858.5
1212520 2858.5
1212530 2859.9
1212540 2860.8
1212550 2859.6
1212560 2859.6
1212570 2856.8
1212580 2853.7
1212590 2853.7
1212600 2853.1
1212610 2853.0
1212620 2853.0
1212630 2852.1
1212640 2851.0
1212650 2851.0
1212660 2854.3
1212670 2851.6
1212680 2851.6
1212690 2850.7
1212700 2849.7
1212710 2849.7
1212720 2848.0
1212730 2846.9
1212740 2846.2
1212750 2846.2
1212760 2846.0
1212770 2844.7
1212780 2844.7
1212790 2843.1
1212800 2842.2
1212810 2842.2
1212820 2841.4
1212830 2840.9
1212840 2840.9
1212850 2839.2
1212860 2838.4
1212870 2838.4
1212880 2839.0
1212890 2839.2
1212900 2839.2
1212910 2838.9
1212920 2836.9
1212930 2834.5
1212940 2834.5
1212950 2831.8
1212960 2829.1
1212970 2829.1
1212980 2825.9
1212990 2821.5
1213000 2821.5
1213010 2816.7
1213020 2813.2
1213030 2813.2
1213040 2811.0
1213050 2809.1
1213060 2809.1
1213070 2807.0
1213080 2805.2
1213090 2805.2
1213100 2804.0
1213110 2802.5
1213120 2801.3
1213130 2801.3
1213140 2800.1
1213150 2798.1
1213160 2798.1
1213170 2794.6
1213180 2791.6
1213190 2791.6
1213200 2789.4
1213210 2787.0
1213220 2787.0
1213230 2783.8
1213240 2780.4
1213250 2780.4
1213260 2777.3
1213270 2774.9
1213280 2771.4
1213290 2771.4
1213300 2766.5
1213310 2761.2
1213320 2761.2
1213330 2754.2
1213340 2747.9
1213350 2747.9
1213360 2742.2
1213370 2737.9
1213380 2737.9
1213390 2734.4
1213400 2729.5
1213410 2729.5
1213420 2724.4
1213430 2721.2
1213440 2721.2
1213450 2718.7
1213460 2715.6
1213470 2711.6
1213480 2711.6
1213490 2708.2
1213500 2704.7
1213510 2704.7
1213520 2702.0
1213530 2697.7
1213540 2697.7
1213550 2693.5
1213560 2690.5
1213570 2690.5
1213580 2685.9
1213590 2680.5
1213600 2680.5
1213610 2676.5
1213620 2671.4
1213630 2671.4
1213640 2664.0
1213650 2657.8
1213660 2651.5
1213670 2651.5
1213680 2645.9
1213690 2640.9
1213700 2640.9
1213710 2635.8
1213720 2632.1
1213730 2632.1
1213740 2628.0
1213750 2621.0
1213760 2621.0
1213770 2614.4
1213780 2605.8
1213790 2605.8
1213800 2598.1
1213810 2591.6
1213820 2591.6
1213830 2584.5
1213840 2577.0
1213850 2569.9
1213860 2569.9
1213870 2563.0
1213880 2556.9
1213890 2556.9
1213900 2549.7
1213910 2541.4
1213920 2541.4
1213930 2533.7
1213940 2526.9
1213950 2526.9
1213960 2520.2
1213970 2513.0
1213980 2513.0
1213990 2505.8
1214000 2498.9
1214010 2498.9
1214020 2493.1
1214030 2487.8
1214040 2482.7
1214050 2486.2
1214060 2480.2
1214070 2474.6
1214080 2474.6
1214090 2469.1
1214100 2463.8
1214110 2463.8
1214120 2457.1
1214130 2449.0
1214140 2449.0
1214150 2439.2
1214160 2429.0
1214170 2429.0
1214180 2419.6
1214190 2410.7
1214200 2410.7
1214210 2401.8
1214220 2393.7
1214230 2386.2
1214240 2386.2
1214250 2380.1
1214260 2373.8
1214270 2373.8
1214280 2367.4
1214290 2361.8
1214300 2361.8
1214310 2357.4
1214320 2351.3
1214330 2351.3
1214340 2341.9
1214350 2329.8
1214360 2329.8
1214370 2323.1
1214380 2316.9
1214390 2309.1
1214400 2309.1
1214410 2300.9
1214420 2293.0
1214430 2293.0
1214440 2285.2
1214450 2277.6
1214460 2277.6
1214470 2270.3
1214480 2263.3
1214490 2263.3
1214500 2256.6
1214510 2249.6
1214520 2249.8
1214530 2241.7
1214540 2235.7
1214550 2235.7
1214560 2228.3
1214570 2218.8
1214580 2210.1
1214590 2210.1
1214600 2201.2
1214610 2191.9
1214620 2191.9
1214630 2184.4
1214640 2178.1
1214650 2178.1
1214660 2171.7
1214670 2165.4
1214680 2165.4
1214690 2159.1
1214700 2153.2
1214710 2153.2
1214720 2147.7
1214730 2142.8
1214740 2142.8
1214750 2138.3
1214760 2134.3
1214770 2130.1
1214780 2130.1
1214790 2126.0
1214800 2121.7
1214810 2121.7
1214820 2117.8
1214830 2114.3
1214840 2114.3
1214850 2110.8
1214860 2107.4
1214870 2107.4
1214880 2104.1
1214890 2100.9
1214900 2100.9
1214910 2097.8
1214920 2094.7
1214930 2094.7
1214940 2091.8
1214950 2089.0
1214960 2086.3
1214970 2086.3
1214980 2083.7
1214990 2081.0
1215000 2081.0
1215010 2078.3
1215020 2075.6
1215030 2075.6
1215040 2072.6
1215050 2069.2
1215060 2069.2
1215070 2064.8
1215080 2059.3
1215090 2059.3
1215100 2053.2
1215110 2047.9
1215120 2047.9
1215130 2041.4
1215140 2035.4
1215150 2027.0
1215160 2027.0
1215170 2015.0
1215180 2003.5
1215190 2003.5
1215200 2002.4
1215210 2008.7
1215220 2008.7
1215230 2021.1
1215240 2029.3
1215250 2029.3
1215260 2036.3
1215270 2046.0
1215280 2046.0
1215290 2055.1
1215300 2062.7
1215310 2062.7
1215320 2068.5
1215330 2075.2
1215340 2083.2
1215350 2083.2
1215360 2092.5
1215370 2103.8
1215380 2103.8
1215390 2117.2
1215400 2132.6
1215410 2132.6
1215420 2141.5
1215430 2147.9
1215440 2147.9
1215450 2153.5
1215460 2158.8
1215470 2158.8
1215480 2164.0
1215490 2170.7
1215500 2176.4
1215510 2176.4
1215520 2180.6
1215530 2185.3
1215540 2185.3
1215550 2190.9
1215560 2196.6
1215570 2196.6
1215580 2202.6
1215590 2207.8
1215600 2207.8
1215610 2212.1
1215620 2215.2
1215630 2215.2
1215640 2217.8
1215650 2221.8
1215660 2221.8
1215670 2228.3
1215680 2236.4
1215690 2241.5
1215700 2241.5
1215710 2246.4
1215720 2251.6
1215730 2251.6
1215740 2257.8
1215750 2263.7
1215760 2263.7
1215770 2269.6
1215780 2277.5
1215790 2277.5
1215800 2288.7
1215810 2298.0
1215820 2298.0
1215830 2306.9
1215840 2315.9
1215850 2315.9
1215860 2327.3
1215870 2342.1
1215880 2353.8
1215890 2353.8
1215900 2363.1
1215910 2369.8
1215920 2369.1
1215930 2374.7
1215940 2379.9
1215950 2379.9
1215960 2385.7
1215970 2393.3
1215980 2393.3
1215990 2401.1
1216000 2408.4
1216010 2408.4
1216020 2416.1
1216030 2422.9
1216040 2422.9
1216050 2431.3
1216060 2439.3
1216070 2445.0
1216080 2445.0
1216090 2452.0
1216100 2458.6
1216110 2458.6
1216120 2465.2
1216130 2472.6
1216140 2472.6
1216150 2483.3
1216160 2495.2
1216170 2495.2
1216180 2503.9
1216190 2512.3
1216200 2512.3
1216210 2520.5
1216220 2526.8
1216230 2526.8
1216240 2532.9
1216250 2539.9
1216260 2546.6
1216270 2546.6
1216280 2553.6
1216290 2560.3
1216300 2560.3
1216310 2565.0
1216320 2570.4
1216330 2570.4
1216340 2576.6
1216350 2582.4
1216360 2582.4
1216370 2587.6
1216380 2593.1
1216390 2594.2
1216400 2600.1
1216410 2605.8
1216420 2605.8
1216430 2611.6
1216440 2615.8
1216450 2620.0
1216460 2620.0
1216470 2624.7
1216480 2629.6
1216490 2629.6
1216500 2634.4
1216510 2638.9
1216520 2638.9
1216530 2643.9
1216540 2648.8
1216550 2648.8
1216560 2653.3
1216570 2658.2
1216580 2658.2
1216590 2662.9
1216600 2667.7
1216610 2671.2
1216620 2671.2
1216630 2675.0
1216640 2678.2
1216650 2678.2
1216660 2681.1
1216670 2685.3
1216680 2685.3
1216690 2689.9
1216700 2693.9
1216710 2693.9
1216720 2696.6
1216730 2698.7
1216740 2698.7
1216750 2701.9
1216760 2704.4
1216770 2704.4
1216780 2704.3
1216790 2701.2
1216800 2698.6
1216810 2698.6
1216820 2696.1
1216830 2693.9
1216840 2693.9
1216850 2693.9
1216860 2698.6
1216870 2701.2
1216880 2703.8
1216890 2703.4
1216900 2703.4
1216910 2704.8
1216920 2707.0
1216930 2707.0
1216940 2707.4
1216950 2708.4
1216960 2708.4
1216970 2710.1
1216980 2709.6
1216990 2705.8
1217000 2705.8
1217010 2701.2
1217020 2697.6
1217030 2697.6
1217040 2695.4
1217050 2695.2
1217060 2695.2
1217070 2697.3
1217080 2698.9
1217090 2698.9
1217100 2700.9
1217110 2703.2
1217120 2703.2
1217130 2705.0
1217140 2707.0
1217150 2707.0
1217160 2709.1
1217170 2710.0
1217180 2711.4
1217190 2711.4
1217200 2713.4
1217210 2718.5
1217220 2718.5
1217230 2721.2
1217240 2721.7
1217250 2721.7
1217260 2722.2
1217270 2725.6
1217280 2725.6
1217290 2727.6
1217300 2727.7
1217310 2727.7
1217320 2726.4
1217330 2726.0
1217340 2734.2
1217350 2736.7
1217360 2743.5
1217370 2745.9
1217380 2745.9
1217390 2747.5
1217400 2750.6
1217410 2750.6
1217420 2750.9
1217430 2749.4
1217440 2749.4
1217450 2745.3
1217460 2739.4
1217470 2739.4
1217480 2736.2
1217490 2736.3
1217500 2736.3
1217510 2736.2
1217520 2735.4
1217530 2735.4
1217540 2734.0
1217550 2735.8
1217560 2736.2
1217570 2736.2
1217580 2735.9
1217590 2736.8
1217600 2736.8
1217610 2738.5
1217620 2738.6
1217630 2738.6
1217640 2738.2
1217650 2738.9
1217660 2738.9
1217670 2741.1
1217680 2743.0
1217690 2743.0
1217700 2743.3
1217710 2743.9
1217720 2745.3
1217730 2745.3
1217740 2747.6
1217750 2749.2
1217760 2749.2
1217770 2750.7
1217780 2754.2
1217790 2754.2
1217800 2757.4
1217810 2757.3
1217820 2757.3
1217830 2759.5
1217840 2762.4
1217850 2762.4
1217860 2764.4
1217870 2764.0
1217880 2764.0
1217890 2761.4
1217900 2757.7
1217910 2753.4
1217920 2753.4
1217930 2749.7
1217940 2747.4
1217950 2747.4
1217960 2746.3
1217970 2745.1
1217980 2745.1
1217990 2743.7
1218000 2742.2
1218010 2742.2
1218020 2740.1
1218030 2737.7
1218040 2737.7
1218050 2736.2
1218060 2736.6
1218070 2736.6
1218080 2738.9
1218090 2741.7
1218100 2745.9
1218110 2745.9
1218120 2749.9
1218130 2753.8
1218140 2753.8
1218150 2758.3
1218160 2762.5
1218170 2762.5
1218180 2765.4
1218190 2768.7
1218200 2768.7
1218210 2772.0
1218220 2774.0
1218230 2774.0
1218240 2775.5
1218250 2776.5
1218260 2776.5
1218270 2777.6
1218280 2781.4
1218290 2783.4
1218300 2783.4
1218310 2786.3
1218320 2789.2
1218330 2789.2
1218340 2793.0
1218350 2796.4
1218360 2796.4
1218370 2800.1
1218380 2802.1
1218390 2802.1
1218400 2804.7
1218410 2810.0
1218420 2810.0
1218430 2817.2
1218440 2824.7
1218450 2824.7
1218460 2831.8
1218470 2837.6
1218480 2843.0
1218490 2843.0
1218500 2848.2
1218510 2854.9
1218520 2854.9
1218530 2860.7
1218540 2863.9
1218550 2863.9
1218560 2865.8
1218570 2867.2
1218580 2867.2
1218590 2868.2
1218600 2868.2
1218610 2868.2
1218620 2868.4
1218630 2869.5
1218640 2870.7
1218650 2870.7
1218660 2871.4
1218670 2873.5
1218680 2873.5
1218690 2876.1
1218700 2878.9
1218710 2878.9
1218720 2882.6
1218730 2884.6
1218740 2884.6
1218750 2885.1
1218760 2888.2
1218770 2888.2
1218780 2889.2
1218790 2890.2
1218800 2890.2
1218810 2889.7
1218820 2887.4
1218830 2885.0
1218840 2885.0
1218850 2885.0
1218860 2887.5
1218870 2887.5
1218880 2889.5
1218890 2891.4
1218900 2891.4
1218910 2892.8
1218920 2895.6
1218930 2895.6
1218940 2901.8
1218950 2906.1
1218960 2906.1
1218970 2910.5
1218980 2915.6
1218990 2915.6
1219000 2920.1
1219010 2923.9
1219020 2928.1
1219030 2928.1
1219040 2932.5
1219050 2936.5
1219060 2936.5
1219070 2940.6
1219080 2945.2
1219090 2945.2
1219100 2950.5
1219110 2956.3
1219120 2956.3
1219130 2962.4
1219140 2968.5
1219150 2968.5
1219160 2975.1
1219170 2981.9
1219180 2981.9
1219190 2988.4
1219200 2994.5
1219210 3000.0
1219220 3000.0
1219230 3001.1
1219240 3005.3
1219250 3005.3
1219260 3009.3
1219270 3012.5
1219280 3012.5
1219290 3016.1
1219300 3018.4
1219310 3018.4
1219320 3019.6
1219330 3019.7
1219340 3019.7
1219350 3020.9
1219360 3022.7
1219370 3022.7
1219380 3026.2
1219390 3029.0
1219400 3030.6
1219410 3030.6
1219420 3033.1
1219430 3037.8
1219440 3037.8
1219450 3042.8
1219460 3047.7
1219470 3047.7
1219480 3052.7
1219490 3057.8
1219500 3057.8
1219510 3062.7
1219520 3067.4
1219530 3067.4
1219540 3071.8
1219550 3076.0
1219560 3076.0
1219570 3079.7
1219580 3082.9
1219590 3086.0
1219600 3086.0
1219610 3088.4
1219620 3090.2
1219630 3090.2
1219640 3091.2
1219650 3091.0
1219660 3091.0
1219670 3091.0
1219680 3091.5
1219690 3091.5
1219700 3091.6
1219710 3087.6
1219720 3087.6
1219730 3090.6
1219740 3093.9
1219750 3097.3
1219760 3097.3
1219770 3101.7
1219780 3106.8
1219790 3106.8
1219800 3112.3
1219810 3117.7
1219820 3117.7
1219830 3122.9
1219840 3127.8
1219850 3127.8
1219860 3132.5
1219870 3136.3
1219880 3136.3
1219890 3138.3
1219900 3141.6
1219910 3141.6
1219920 3144.6
1219930 3146.6
1219940 3148.7
1219950 3148.7
1219960 3148.5
1219970 3146.3
1219980 3146.3
1219990 3143.1
