1200000 3266.0
1200010 3264.8
1200020 3263.7
1200030 3263.7
1200040 3262.6
1200050 3261.5
1200060 3261.5
1200070 3260.5
1200080 3259.5
1200090 3259.5
1200100 3258.6
1200110 3257.7
1200120 3257.7
1200130 3256.9
1200140 3256.1
1200150 3256.1
1200160 3255.4
1200170 3254.7
1200180 3254.1
1200190 3254.1
1200200 3253.6
1200210 3253.1
1200220 3253.1
1200230 3252.7
1200240 3252.3
1200250 3252.3
1200260 3251.2
1200270 3250.9
1200280 3250.9
1200290 3250.5
1200300 3250.3
1200310 3250.3
1200320 3249.9
1200330 3249.5
1200340 3249.5
1200350 3249.1
1200360 3248.7
1200370 3248.3
1200380 3248.3
1200390 3247.8
1200400 3247.4
1200410 3247.4
1200420 3246.9
1200430 3246.4
1200440 3246.4
1200450 3245.9
1200460 3245.4
1200470 3245.4
1200480 3244.8
1200490 3244.3
1200500 3244.3
1200510 3243.9
1200520 3243.5
1200530 3243.5
1200540 3243.1
1200550 3242.7
1200560 3242.4
1200570 3242.4
1200580 3242.1
1200590 3241.8
1200600 3241.8
1200610 3241.5
1200620 3241.2
1200630 3241.2
1200640 3240.9
1200650 3240.5
1200660 3240.5
1200670 3240.1
1200680 3239.7
1200690 3239.7
1200700 3239.2
1200710 3238.3
1200720 3238.3
1200730 3237.7
1200740 3237.0
1200750 3236.3
1200760 3236.3
1200770 3235.6
1200780 3234.8
1200790 3234.8
1200800 3234.0
1200810 3233.2
1200820 3233.2
1200830 3232.4
1200840 3231.6
1200850 3231.6
1200860 3230.8
1200870 3230.0
1200880 3230.0
1200890 3229.1
1200900 3228.3
1200910 3228.3
1200920 3227.5
1200930 3226.7
1200940 3225.9
1200950 3225.9
1200960 3225.3
1200970 3224.6
1200980 3224.6
1200990 3224.0
1201000 3223.4
1201010 3223.4
1201020 3222.9
1201030 3222.3
1201040 3222.3
1201050 3221.8
1201060 3221.4
1201070 3221.4
1201080 3221.0
1201090 3220.7
1201100 3220.7
1201110 3220.4
1201120 3220.2
1201130 3220.0
1201140 3220.0
1201150 3217.0
1201160 3216.9
1201170 3216.9
1201180 3216.8
1201190 3216.8
1201200 3216.8
1201210 3216.8
1201220 3216.8
1201230 3216.8
1201240 3217.0
1201250 3217.1
1201260 3217.1
1201270 3217.3
1201280 3217.5
1201290 3217.5
1201300 3217.8
1201310 3218.0
1201320 3218.3
1201330 3218.3
1201340 3218.6
1201350 3218.9
1201360 3218.9
1201370 3219.3
1201380 3219.7
1201390 3219.7
1201400 3220.2
1201410 3220.8
1201420 3220.8
1201430 3221.5
1201440 3222.4
1201450 3222.4
1201460 3223.4
1201470 3224.5
1201480 3225.8
1201490 3225.8
1201500 3227.2
1201510 3228.8
1201520 3228.8
1201530 3230.4
1201540 3232.1
1201550 3232.1
1201560 3233.9
1201570 3235.7
1201580 3235.7
1201590 3237.5
1201600 3237.1
1201610 3237.1
1201620 3238.9
1201630 3240.5
1201640 3240.5
1201650 3242.1
1201660 3243.5
1201670 3244.7
1201680 3244.7
1201690 3245.9
1201700 3246.9
1201710 3246.9
1201720 3247.9
1201730 3248.8
1201740 3248.8
1201750 3249.5
1201760 3250.0
1201770 3250.0
1201780 3250.4
1201790 3251.0
1201800 3251.0
1201810 3252.0
1201820 3256.2
1201830 3256.2
1201840 3263.9
1201850 3271.5
1201860 3280.4
1201870 3280.4
1201880 3289.2
1201890 3299.7
1201900 3299.7
1201910 3310.8
1201920 3321.4
1201930 3321.4
1201940 3329.3
1201950 3336.6
1201960 3336.6
1201970 3343.7
1201980 3347.7
1201990 3347.7
1202000 3354.2
1202010 3361.5
1202020 3361.5
1202030 3359.4
1202040 3348.4
1202050 3346.0
1202060 3346.0
1202070 3339.7
1202080 3335.8
1202090 3335.8
1202100 3334.7
1202110 3327.9
1202120 3327.9
1202130 3316.3
1202140 3311.0
1202150 3311.0
1202160 3308.2
1202170 3301.7
1202180 3301.7
1202190 3294.6
1202200 3287.8
1202210 3287.8
1202220 3282.5
1202230 3279.7
1202240 3280.2
1202250 3280.2
1202260 3282.6
1202270 3282.5
1202280 3282.5
1202290 3278.2
1202300 3273.3
1202310 3273.3
1202320 3268.8
1202330 3267.2
1202340 3267.2
1202350 3265.3
1202360 3263.8
1202370 3263.8
1202380 3260.2
1202390 3255.8
1202400 3255.8
1202410 3254.5
1202420 3253.7
1202430 3254.8
1202440 3254.8
1202450 3253.2
1202460 3252.7
1202470 3252.7
1202480 3250.1
1202490 3237.8
1202500 3237.8
1202510 3230.6
1202520 3224.1
1202530 3224.1
1202540 3223.3
1202550 3224.7
1202560 3224.7
1202570 3220.9
1202580 3211.3
1202590 3211.3
1202600 3201.1
1202610 3187.6
1202620 3177.9
1202630 3177.9
1202640 3168.8
1202650 3158.2
1202660 3158.2
1202670 3150.8
1202680 3145.1
1202690 3145.1
1202700 3138.3
1202710 3129.5
1202720 3129.5
1202730 3117.5
1202740 3104.5
1202750 3104.5
1202760 3097.0
1202770 3090.7
1202780 3083.8
1202790 3083.8
1202800 3077.8
1202810 3072.5
1202820 3072.5
1202830 3068.0
1202840 3064.9
1202850 3064.9
1202860 3062.3
1202870 3058.3
1202880 3058.3
1202890 3055.3
1202900 3051.7
1202910 3051.7
1202920 3046.8
1202930 3038.9
1202940 3050.6
1202950 3042.8
1202960 3032.9
1202970 3022.2
1202980 3022.2
1202990 3014.0
1203000 3006.1
1203010 3006.1
1203020 2996.5
1203030 2987.1
1203040 2987.1
1203050 2978.9
1203060 2971.9
1203070 2971.9
1203080 2962.6
1203090 2955.6
1203100 2955.6
1203110 2948.9
1203120 2941.8
1203130 2941.8
1203140 2936.7
1203150 2932.3
1203160 2927.9
1203170 2927.9
1203180 2922.8
1203190 2917.4
1203200 2917.4
1203210 2912.9
1203220 2909.0
1203230 2909.0
1203240 2905.4
1203250 2903.2
1203260 2903.2
1203270 2902.0
1203280 2901.0
1203290 2901.0
1203300 2899.4
1203310 2897.3
1203320 2897.3
1203330 2894.4
1203340 2891.7
1203350 2889.1
1203360 2889.1
1203370 2886.7
1203380 2884.7
1203390 2883.6
1203400 2881.8
1203410 2878.7
1203420 2878.7
1203430 2875.3
1203440 2871.7
1203450 2871.7
1203460 2868.1
1203470 2865.2
1203480 2865.2
1203490 2862.5
1203500 2859.6
1203510 2859.6
1203520 2856.7
1203530 2853.6
1203540 2850.3
1203550 2850.3
1203560 2846.9
1203570 2843.2
1203580 2843.2
1203590 2839.2
1203600 2835.1
1203610 2835.1
1203620 2830.9
1203630 2826.7
1203640 2826.7
1203650 2822.6
1203660 2819.4
1203670 2819.4
1203680 2817.1
1203690 2814.0
1203700 2814.0
1203710 2811.9
1203720 2810.3
1203730 2808.8
1203740 2808.8
1203750 2807.3
1203760 2805.9
1203770 2805.9
1203780 2804.6
1203790 2803.5
1203800 2803.5
1203810 2802.7
1203820 2801.9
1203830 2801.9
1203840 2800.5
1203850 2800.0
1203860 2800.0
1203870 2799.6
1203880 2799.1
1203890 2799.1
1203900 2798.8
1203910 2798.7
1203920 2798.8
1203930 2798.8
1203940 2798.8
1203950 2798.7
1203960 2798.7
1203970 2798.8
1203980 2798.7
1203990 2798.7
1204000 2798.6
1204010 2798.4
1204020 2798.4
1204030 2798.0
1204040 2797.3
1204050 2797.3
1204060 2796.5
1204070 2795.9
1204080 2795.9
1204090 2795.5
1204100 2795.2
1204110 2795.0
1204120 2795.0
1204130 2795.0
1204140 2794.5
1204150 2794.5
1204160 2794.0
1204170 2794.2
1204180 2794.2
1204190 2793.0
1204200 2792.6
1204210 2792.6
1204220 2792.3
1204230 2792.1
1204240 2792.1
1204250 2791.6
1204260 2791.1
1204270 2790.7
1204280 2790.7
1204290 2785.2
1204300 2784.0
1204310 2784.0
1204320 2783.0
1204330 2781.5
1204340 2781.5
1204350 2779.7
1204360 2778.0
1204370 2778.0
1204380 2776.0
1204390 2774.0
1204400 2774.0
1204410 2772.5
1204420 2771.0
1204430 2771.0
1204440 2768.7
1204450 2766.2
1204460 2763.5
1204470 2763.5
1204480 2760.6
1204490 2758.2
1204500 2758.2
1204510 2756.1
1204520 2753.9
1204530 2753.9
1204540 2751.5
1204550 2748.9
1204560 2748.9
1204570 2746.8
1204580 2744.7
1204590 2744.7
1204600 2743.0
1204610 2741.2
1204620 2741.2
1204630 2739.3
1204640 2739.1
1204650 2739.9
1204660 2739.9
1204670 2740.8
1204680 2741.2
1204690 2741.2
1204700 2741.3
1204710 2741.1
1204720 2741.1
1204730 2740.2
1204740 2739.7
1204750 2739.7
1204760 2739.1
1204770 2738.4
1204780 2738.4
1204790 2737.8
1204800 2737.4
1204810 2737.4
1204820 2737.0
1204830 2736.5
1204840 2735.5
1204850 2735.5
1204860 2734.3
1204870 2732.8
1204880 2732.8
1204890 2731.3
1204900 2730.4
1204910 2730.4
1204920 2729.4
1204930 2728.0
1204940 2728.0
1204950 2727.4
1204960 2726.9
1204970 2726.9
1204980 2726.0
1204990 2725.1
1205000 2725.1
1205010 2724.5
1205020 2723.7
1205030 2723.1
1205040 2723.1
1205050 2722.2
1205060 2721.2
1205070 2721.2
1205080 2720.4
1205090 2719.4
1205100 2719.4
1205110 2718.5
1205120 2717.6
1205130 2717.6
1205140 2716.2
1205150 2715.2
1205160 2715.2
1205170 2714.6
1205180 2714.3
1205190 2718.4
1205200 2717.4
1205210 2716.5
1205220 2715.2
1205230 2715.2
1205240 2713.8
1205250 2713.7
1205260 2713.7
1205270 2714.4
1205280 2716.1
1205290 2716.1
1205300 2717.8
1205310 2719.6
1205320 2719.6
1205330 2721.5
1205340 2724.1
1205350 2724.1
1205360 2725.7
1205370 2727.4
1205380 2727.4
1205390 2729.4
1205400 2731.2
1205410 2733.3
1205420 2733.3
1205430 2735.9
1205440 2738.3
1205450 2738.3
1205460 2740.2
1205470 2742.1
1205480 2742.1
1205490 2743.6
1205500 2744.5
1205510 2744.5
1205520 2744.4
1205530 2742.0
1205540 2742.0
1205550 2739.0
1205560 2735.1
1205570 2730.6
1205580 2730.6
1205590 2727.1
1205600 2724.6
1205610 2724.6
1205620 2722.5
1205630 2720.3
1205640 2719.9
1205650 2717.2
1205660 2714.1
1205670 2714.1
1205680 2710.5
1205690 2707.2
1205700 2707.2
1205710 2704.2
1205720 2700.6
1205730 2700.6
1205740 2695.9
1205750 2690.7
1205760 2685.6
1205770 2685.6
1205780 2680.9
1205790 2676.1
1205800 2676.1
1205810 2671.1
1205820 2665.6
1205830 2665.6
1205840 2660.7
1205850 2656.5
1205860 2656.5
1205870 2652.8
1205880 2649.8
1205890 2649.8
1205900 2645.9
1205910 2641.5
1205920 2641.5
1205930 2637.3
1205940 2633.5
1205950 2630.4
1205960 2630.4
1205970 2627.5
1205980 2624.4
1205990 2624.4
1206000 2621.7
1206010 2618.8
1206020 2618.8
1206030 2616.1
1206040 2613.4
1206050 2613.4
1206060 2610.8
1206070 2607.7
1206080 2607.7
1206090 2606.4
1206100 2602.8
1206110 2602.8
1206120 2599.4
1206130 2595.8
1206140 2591.7
1206150 2591.7
1206160 2587.6
1206170 2583.9
1206180 2583.9
1206190 2580.5
1206200 2576.8
1206210 2576.8
1206220 2572.8
1206230 2568.8
1206240 2568.8
1206250 2564.8
1206260 2560.8
1206270 2560.8
1206280 2556.8
1206290 2553.0
1206300 2553.0
1206310 2548.7
1206320 2544.2
1206330 2539.7
1206340 2539.7
1206350 2535.1
1206360 2529.9
1206370 2529.9
1206380 2525.3
1206390 2520.6
1206400 2520.6
1206410 2515.7
1206420 2511.3
1206430 2511.3
1206440 2506.4
1206450 2500.9
1206460 2500.9
1206470 2495.2
1206480 2490.3
1206490 2490.3
1206500 2486.2
1206510 2482.4
1206520 2479.2
1206530 2479.2
1206540 2477.0
1206550 2475.1
1206560 2475.1
1206570 2471.0
1206580 2468.0
1206590 2468.0
1206600 2466.7
1206610 2466.4
1206620 2466.4
1206630 2467.6
1206640 2469.3
1206650 2469.3
1206660 2471.8
1206670 2473.8
1206680 2473.8
1206690 2476.7
1206700 2479.6
1206710 2482.7
1206720 2482.7
1206730 2485.6
1206740 2489.5
1206750 2489.5
1206760 2493.8
1206770 2497.8
1206780 2497.8
1206790 2501.4
1206800 2504.2
1206810 2504.2
1206820 2507.0
1206830 2509.2
1206840 2509.2
1206850 2509.8
1206860 2509.4
1206870 2508.7
1206880 2508.7
1206890 2508.0
1206900 2507.7
1206910 2507.7
1206920 2507.8
1206930 2508.0
1206940 2508.0
1206950 2508.8
1206960 2510.0
1206970 2510.0
1206980 2511.1
1206990 2511.9
1207000 2507.6
1207010 2508.7
1207020 2509.7
1207030 2509.7
1207040 2511.2
1207050 2511.4
1207060 2510.7
1207070 2510.7
1207080 2510.0
1207090 2510.6
1207100 2510.6
1207110 2512.9
1207120 2515.8
1207130 2515.8
1207140 2518.2
1207150 2521.5
1207160 2521.5
1207170 2525.1
1207180 2529.0
1207190 2529.0
1207200 2532.2
1207210 2535.6
1207220 2535.6
1207230 2539.3
1207240 2543.2
1207250 2547.9
1207260 2547.9
1207270 2552.6
1207280 2557.7
1207290 2557.7
1207300 2562.3
1207310 2566.5
1207320 2566.5
1207330 2568.8
1207340 2570.3
1207350 2570.3
1207360 2572.2
1207370 2574.4
1207380 2574.4
1207390 2576.9
1207400 2579.6
1207410 2579.6
1207420 2582.7
1207430 2586.6
1207440 2590.1
1207450 2590.1
1207460 2588.8
1207470 2593.5
1207480 2593.5
1207490 2598.9
1207500 2603.0
1207510 2603.0
1207520 2606.3
1207530 2610.2
1207540 2610.2
1207550 2614.1
1207560 2619.4
1207570 2619.4
1207580 2625.6
1207590 2632.0
1207600 2632.0
1207610 2636.4
1207620 2640.9
1207630 2646.9
1207640 2646.9
1207650 2654.6
1207660 2661.6
1207670 2661.6
1207680 2667.2
1207690 2671.5
1207700 2671.5
1207710 2675.3
1207720 2678.5
1207730 2678.5
1207740 2682.0
1207750 2687.6
1207760 2687.6
1207770 2692.8
1207780 2694.7
1207790 2694.7
1207800 2695.1
1207810 2694.8
1207820 2695.1
1207830 2695.1
1207840 2695.6
1207850 2695.2
1207860 2695.2
1207870 2693.6
1207880 2691.4
1207890 2691.4
1207900 2689.0
1207910 2682.7
1207920 2682.7
1207930 2680.0
1207940 2677.9
1207950 2677.9
1207960 2675.3
1207970 2671.0
1207980 2671.0
1207990 2665.6
1208000 2661.0
1208010 2656.9
1208020 2656.9
1208030 2651.9
1208040 2646.0
1208050 2646.0
1208060 2641.4
1208070 2636.7
1208080 2636.7
1208090 2630.6
1208100 2625.4
1208110 2625.4
1208120 2622.1
1208130 2618.6
1208140 2618.6
1208150 2614.7
1208160 2609.4
1208170 2603.4
1208180 2603.4
1208190 2597.9
1208200 2592.5
1208210 2592.5
1208220 2588.0
1208230 2585.5
1208240 2585.5
1208250 2583.6
1208260 2581.7
1208270 2581.7
1208280 2580.2
1208290 2579.0
1208300 2579.0
1208310 2578.1
1208320 2576.6
1208330 2576.6
1208340 2574.2
1208350 2571.5
1208360 2568.7
1208370 2567.5
1208380 2564.9
1208390 2562.1
1208400 2562.1
1208410 2559.4
1208420 2556.4
1208430 2556.4
1208440 2553.3
1208450 2550.3
1208460 2550.3
1208470 2548.0
1208480 2545.7
1208490 2545.7
1208500 2543.0
1208510 2539.4
1208520 2539.4
1208530 2534.6
1208540 2529.9
1208550 2525.3
1208560 2525.3
1208570 2520.9
1208580 2517.1
1208590 2517.1
1208600 2513.6
1208610 2509.5
1208620 2509.5
1208630 2504.9
1208640 2501.7
1208650 2501.7
1208660 2499.3
1208670 2496.8
1208680 2496.8
1208690 2494.0
1208700 2491.1
1208710 2491.1
1208720 2487.9
1208730 2483.9
1208740 2480.1
1208750 2480.1
1208760 2476.2
1208770 2472.1
1208780 2472.1
1208790 2468.1
1208800 2463.9
1208810 2463.9
1208820 2460.6
1208830 2455.9
1208840 2455.9
1208850 2453.0
1208860 2450.0
1208870 2450.0
1208880 2446.9
1208890 2443.0
1208900 2443.0
1208910 2436.7
1208920 2430.5
1208930 2424.7
1208940 2424.7
1208950 2420.2
1208960 2414.7
1208970 2414.7
1208980 2410.1
1208990 2405.5
1209000 2405.5
1209010 2401.5
1209020 2398.8
1209030 2398.8
1209040 2396.1
1209050 2393.3
1209060 2393.3
1209070 2390.3
1209080 2387.3
1209090 2387.3
1209100 2384.1
1209110 2380.7
1209120 2376.3
1209130 2376.3
1209140 2370.7
1209150 2362.5
1209160 2362.5
1209170 2353.3
1209180 2346.3
1209190 2346.3
1209200 2340.0
1209210 2334.7
1209220 2334.7
1209230 2329.6
1209240 2324.2
1209250 2324.2
1209260 2318.6
1209270 2313.4
1209280 2313.4
1209290 2307.2
1209300 2302.8
1209310 2297.7
1209320 2297.7
1209330 2293.5
1209340 2290.4
1209350 2290.4
1209360 2286.0
1209370 2280.7
1209380 2280.7
1209390 2275.8
1209400 2271.2
1209410 2271.2
1209420 2266.7
1209430 2262.2
1209440 2262.2
1209450 2257.1
1209460 2251.2
1209470 2244.3
1209480 2244.3
1209490 2238.8
1209500 2233.3
1209510 2233.3
1209520 2228.1
1209530 2224.1
1209540 2224.1
1209550 2220.0
1209560 2215.9
1209570 2215.9
1209580 2210.4
1209590 2204.8
1209600 2204.8
1209610 2200.3
1209620 2195.7
1209630 2195.7
1209640 2189.0
1209650 2182.7
1209660 2174.7
1209670 2174.7
1209680 2169.4
1209690 2162.6
1209700 2162.6
1209710 2156.5
1209720 2151.0
1209730 2151.0
1209740 2145.4
1209750 2137.6
1209760 2137.6
1209770 2133.6
1209780 2130.8
1209790 2130.8
1209800 2126.5
1209810 2121.1
1209820 2121.1
1209830 2115.7
1209840 2110.9
1209850 2106.9
1209860 2106.9
1209870 2103.6
1209880 2100.7
1209890 2100.7
1209900 2098.3
1209910 2096.3
1209920 2096.3
1209930 2093.8
1209940 2090.2
1209950 2090.2
1209960 2085.5
1209970 2078.4
1209980 2078.4
1209990 2072.7
1210000 2069.5
1210010 2069.5
1210020 2065.9
1210030 2055.4
1210040 2045.2
1210050 2045.2
1210060 2045.2
1210070 2054.1
1210080 2054.1
1210090 2062.3
1210100 2067.8
1210110 2067.8
1210120 2072.1
1210130 2076.2
1210140 2076.2
1210150 2080.4
1210160 2084.0
1210170 2084.0
1210180 2087.8
1210190 2091.8
1210200 2091.8
1210210 2103.7
1210220 2109.2
1210230 2113.6
1210240 2113.6
1210250 2117.9
1210260 2121.7
1210270 2121.7
1210280 2124.9
1210290 2132.4
1210300 2132.4
1210310 2138.6
1210320 2157.5
1210330 2157.5
1210340 2172.4
1210350 2179.2
1210360 2179.2
1210370 2183.4
1210380 2185.5
1210390 2185.5
1210400 2188.4
1210410 2189.9
1210420 2194.7
1210430 2194.7
1210440 2194.3
1210450 2197.0
1210460 2197.0
1210470 2206.5
1210480 2212.2
1210490 2212.2
1210500 2215.3
1210510 2216.8
1210520 2216.8
1210530 2219.7
1210540 2225.5
1210550 2225.5
1210560 2235.2
1210570 2240.4
1210580 2240.4
1210590 2241.1
1210600 2242.4
1210610 2244.2
1210620 2244.2
1210630 2247.1
1210640 2250.9
1210650 2250.9
1210660 2255.2
1210670 2264.5
1210680 2264.5
1210690 2266.4
1210700 2266.0
1210710 2266.0
1210720 2262.9
1210730 2260.9
1210740 2260.9
1210750 2263.4
1210760 2265.5
1210770 2265.4
1210780 2265.4
1210790 2264.6
1210800 2269.1
1210810 2269.1
1210820 2272.6
1210830 2275.8
1210840 2275.8
1210850 2276.9
1210860 2272.3
1210870 2272.3
1210880 2264.7
1210890 2253.1
1210900 2253.1
1210910 2240.0
1210920 2247.1
1210930 2247.1
1210940 2268.1
1210950 2286.4
1210960 2302.1
1210970 2302.1
1210980 2311.9
1210990 2323.2
1211000 2323.2
1211010 2334.9
1211020 2343.9
1211030 2343.9
1211040 2351.4
1211050 2359.1
1211060 2359.1
1211070 2369.5
1211080 2378.4
1211090 2378.4
1211100 2386.6
1211110 2397.8
1211120 2397.8
1211130 2411.9
1211140 2417.1
1211150 2420.4
1211160 2420.4
1211170 2422.8
1211180 2425.3
1211190 2425.3
1211200 2427.0
1211210 2427.9
1211220 2427.9
1211230 2428.0
1211240 2429.6
1211250 2429.6
1211260 2432.6
1211270 2436.4
1211280 2436.4
1211290 2437.6
1211300 2437.5
1211310 2437.5
1211320 2438.2
1211330 2440.1
1211340 2442.9
1211350 2442.9
1211360 2445.0
1211370 2446.7
1211380 2446.7
1211390 2448.4
1211400 2450.0
1211410 2450.0
1211420 2451.5
1211430 2453.2
1211440 2453.2
1211450 2454.2
1211460 2455.6
1211470 2455.6
1211480 2457.5
1211490 2458.5
1211500 2458.5
1211510 2458.8
1211520 2458.1
1211530 2457.3
1211540 2457.3
1211550 2456.4
1211560 2455.5
1211570 2455.5
1211580 2454.7
1211590 2458.1
1211600 2458.1
1211610 2458.3
1211620 2458.4
1211630 2458.4
1211640 2458.6
1211650 2458.8
1211660 2458.8
1211670 2459.0
1211680 2459.0
1211690 2459.0
1211700 2458.6
1211710 2458.0
1211720 2457.9
1211730 2457.9
1211740 2458.0
1211750 2457.4
1211760 2457.4
1211770 2456.9
1211780 2456.4
1211790 2456.4
1211800 2455.2
1211810 2453.7
1211820 2453.7
1211830 2452.1
1211840 2450.8
1211850 2450.8
1211860 2449.8
1211870 2449.3
1211880 2449.3
1211890 2448.4
1211900 2447.6
1211910 2446.7
1211920 2446.7
1211930 2446.3
1211940 2445.4
1211950 2445.4
1211960 2444.0
1211970 2442.2
1211980 2442.2
1211990 2440.2
1212000 2438.9
1212010 2438.9
1212020 2437.5
1212030 2436.6
1212040 2436.6
1212050 2440.5
1212060 2439.2
1212070 2437.7
1212080 2437.7
1212090 2436.1
1212100 2434.4
1212110 2434.4
1212120 2432.1
1212130 2429.0
1212140 2429.0
1212150 2425.3
1212160 2421.5
1212170 2421.5
1212180 2416.9
1212190 2412.3
1212200 2412.3
1212210 2411.5
1212220 2413.1
1212230 2413.1
1212240 2414.8
1212250 2418.6
1212260 2421.8
1212270 2421.8
1212280 2423.3
1212290 2425.0
1212300 2425.0
1212310 2427.1
1212320 2428.7
1212330 2428.7
1212340 2430.2
1212350 2431.8
1212360 2431.8
1212370 2432.5
1212380 2433.7
1212390 2433.7
1212400 2434.2
1212410 2435.6
1212420 2435.6
1212430 2436.8
1212440 2437.8
1212450 2438.8
1212460 2438.8
1212470 2439.9
1212480 2440.9
1212490 2440.9
1212500 2441.7
1212510 2442.4
1212520 2448.6
1212530 2449.2
1212540 2450.2
1212550 2450.2
1212560 2451.7
1212570 2454.4
1212580 2454.4
1212590 2458.5
1212600 2462.4
1212610 2462.4
1212620 2466.1
1212630 2469.3
1212640 2471.4
1212650 2471.4
1212660 2473.1
1212670 2474.1
1212680 2474.1
1212690 2475.2
1212700 2476.3
1212710 2476.3
1212720 2477.2
1212730 2478.0
1212740 2478.0
1212750 2478.3
1212760 2477.9
1212770 2477.9
1212780 2477.2
1212790 2476.4
1212800 2476.4
1212810 2474.8
1212820 2472.9
1212830 2471.8
1212840 2471.8
1212850 2470.9
1212860 2469.6
1212870 2469.6
1212880 2469.2
1212890 2468.9
1212900 2468.9
1212910 2467.2
1212920 2467.0
1212930 2467.0
1212940 2468.6
1212950 2469.7
1212960 2469.7
1212970 2469.4
1212980 2475.2
1212990 2475.2
1213000 2475.2
1213010 2477.0
1213020 2479.4
1213030 2479.4
1213040 2480.5
1213050 2481.7
1213060 2481.7
1213070 2482.9
1213080 2484.3
1213090 2484.3
1213100 2485.5
1213110 2486.3
1213120 2486.3
1213130 2487.4
1213140 2488.6
1213150 2488.6
1213160 2489.1
1213170 2489.3
1213180 2489.3
1213190 2488.8
1213200 2488.1
1213210 2487.0
1213220 2487.0
1213230 2486.7
1213240 2486.9
1213250 2486.9
1213260 2486.5
1213270 2484.3
1213280 2484.3
1213290 2483.2
1213300 2481.8
1213310 2481.8
1213320 2480.4
1213330 2479.4
1213340 2479.4
1213350 2477.7
1213360 2476.4
1213370 2476.5
1213380 2476.5
1213390 2475.1
1213400 2471.8
1213410 2471.8
1213420 2470.1
1213430 2469.1
1213440 2475.0
1213450 2473.4
1213460 2471.5
1213470 2471.5
1213480 2470.6
1213490 2469.3
1213500 2469.3
1213510 2467.5
1213520 2466.0
1213530 2466.0
1213540 2464.6
1213550 2462.9
1213560 2460.8
1213570 2460.8
1213580 2459.1
1213590 2458.1
1213600 2458.1
1213610 2456.6
1213620 2454.1
1213630 2454.1
1213640 2451.9
1213650 2451.4
1213660 2451.4
1213670 2451.1
1213680 2450.1
1213690 2450.1
1213700 2452.4
1213710 2455.5
1213720 2455.5
1213730 2455.7
1213740 2456.5
1213750 2457.5
1213760 2457.5
1213770 2457.8
1213780 2456.7
1213790 2456.7
1213800 2455.2
1213810 2456.7
1213820 2456.7
1213830 2458.3
1213840 2459.8
1213850 2459.8
1213860 2460.9
1213870 2460.3
1213880 2460.3
1213890 2459.5
1213900 2457.9
1213910 2462.9
1213920 2460.1
1213930 2457.5
1213940 2454.9
1213950 2454.9
1213960 2452.3
1213970 2450.3
1213980 2450.3
1213990 2447.8
1214000 2445.7
1214010 2445.7
1214020 2444.2
1214030 2441.5
1214040 2441.5
1214050 2438.3
1214060 2435.2
1214070 2435.2
1214080 2430.6
1214090 2425.8
1214100 2425.8
1214110 2421.3
1214120 2415.7
1214130 2409.5
1214140 2409.5
1214150 2405.0
1214160 2399.4
1214170 2399.4
1214180 2393.0
1214190 2389.1
1214200 2389.1
1214210 2386.7
1214220 2381.5
1214230 2381.5
1214240 2376.0
1214250 2369.7
1214260 2369.7
1214270 2363.3
1214280 2356.8
1214290 2356.8
1214300 2349.3
1214310 2341.6
1214320 2334.0
1214330 2334.0
1214340 2326.9
1214350 2319.5
1214360 2319.5
1214370 2311.4
1214380 2305.1
1214390 2305.1
1214400 2297.2
1214410 2289.4
1214420 2289.4
1214430 2281.9
1214440 2274.6
1214450 2274.6
1214460 2267.7
1214470 2260.9
1214480 2260.9
1214490 2254.4
1214500 2245.0
1214510 2235.2
1214520 2235.2
1214530 2225.8
1214540 2218.0
1214550 2218.0
1214560 2209.7
1214570 2199.8
1214580 2199.8
1214590 2190.7
1214600 2182.1
1214610 2182.1
1214620 2174.1
1214630 2167.7
1214640 2167.7
1214650 2161.1
1214660 2154.3
1214670 2147.4
1214680 2147.4
1214690 2141.5
1214700 2136.8
1214710 2136.8
1214720 2130.8
1214730 2123.3
1214740 2123.3
1214750 2116.2
1214760 2109.5
1214770 2109.5
1214780 2102.9
1214790 2096.8
1214800 2096.8
1214810 2091.4
1214820 2086.0
1214830 2086.0
1214840 2081.4
1214850 2076.8
1214860 2071.8
1214870 2071.8
1214880 2065.9
1214890 2060.5
1214900 2060.5
1214910 2056.7
1214920 2053.8
1214930 2053.8
1214940 2050.9
1214950 2047.4
1214960 2047.4
1214970 2044.5
1214980 2042.0
1214990 2042.0
1215000 2039.2
1215010 2030.9
1215020 2030.9
1215030 2017.6
1215040 2001.6
1215050 1986.4
1215060 1986.4
1215070 1971.9
1215080 1958.3
1215090 1958.3
1215100 1957.6
1215110 1972.6
1215120 1972.6
1215130 1987.1
1215140 1994.0
1215150 1994.0
1215160 1992.5
1215170 1998.9
1215180 1998.9
1215190 2014.4
1215200 2027.4
1215210 2027.4
1215220 2032.2
1215230 2031.6
1215240 2028.3
1215250 2028.3
1215260 2023.5
1215270 2018.4
1215280 2018.4
1215290 2014.6
1215300 2016.6
1215310 2021.4
1215320 2024.1
1215330 2028.1
1215340 2028.1
1215350 2033.5
1215360 2039.3
1215370 2039.3
1215380 2045.4
1215390 2051.9
1215400 2051.9
1215410 2057.0
1215420 2061.5
1215430 2066.0
1215440 2066.0
1215450 2070.4
1215460 2074.6
1215470 2074.6
1215480 2078.6
1215490 2081.0
1215500 2081.0
1215510 2083.3
1215520 2087.0
1215530 2087.0
1215540 2092.3
1215550 2098.7
1215560 2098.7
1215570 2105.8
1215580 2113.0
1215590 2113.0
1215600 2120.0
1215610 2127.9
1215620 2136.6
1215630 2136.6
1215640 2144.1
1215650 2152.4
1215660 2152.4
1215670 2161.2
1215680 2169.6
1215690 2169.6
1215700 2178.3
1215710 2189.5
1215720 2189.5
1215730 2200.1
1215740 2208.1
1215750 2208.1
1215760 2215.4
1215770 2224.2
1215780 2231.1
1215790 2231.1
1215800 2240.7
1215810 2249.5
1215820 2249.5
1215830 2258.0
1215840 2266.4
1215850 2266.4
1215860 2273.0
1215870 2278.9
1215880 2278.9
1215890 2284.7
1215900 2291.1
1215910 2291.1
1215920 2298.3
1215930 2306.7
1215940 2306.7
1215950 2320.6
1215960 2330.4
1215970 2337.8
1215980 2337.8
1215990 2347.9
1216000 2357.8
1216010 2357.8
1216020 2362.4
1216030 2365.4
1216040 2365.4
1216050 2368.1
1216060 2371.6
1216070 2371.6
1216080 2374.3
1216090 2377.0
1216100 2377.0
1216110 2380.1
1216120 2383.5
1216130 2383.5
1216140 2386.4
1216150 2390.5
1216160 2395.5
1216170 2395.5
1216180 2399.4
1216190 2400.9
1216200 2400.9
1216210 2401.8
1216220 2404.7
1216230 2404.7
1216240 2407.6
1216250 2414.5
1216260 2414.5
1216270 2419.1
1216280 2423.9
1216290 2423.9
1216300 2429.8
1216310 2435.6
1216320 2435.6
1216330 2440.0
1216340 2444.5
1216350 2448.2
1216360 2448.2
1216370 2451.7
1216380 2454.7
1216390 2454.7
1216400 2456.6
1216410 2458.3
1216420 2458.3
1216430 2461.7
1216440 2465.2
1216450 2465.2
1216460 2468.2
1216470 2470.0
1216480 2470.0
1216490 2471.7
1216500 2473.5
1216510 2473.5
1216520 2476.4
1216530 2479.6
1216540 2482.8
1216550 2482.8
1216560 2485.4
1216570 2488.0
1216580 2488.0
1216590 2490.9
1216600 2493.8
1216610 2493.8
1216620 2495.7
1216630 2495.4
1216640 2495.4
1216650 2493.8
1216660 2492.6
1216670 2492.6
1216680 2489.7
1216690 2488.9
1216700 2488.9
1216710 2492.1
1216720 2496.8
1216730 2498.4
1216740 2498.4
1216750 2499.3
1216760 2502.3
1216770 2502.3
1216780 2506.0
1216790 2509.2
1216800 2509.2
1216810 2512.6
1216820 2516.4
1216830 2516.4
1216840 2521.1
1216850 2525.8
1216860 2525.8
1216870 2530.0
1216880 2533.9
1216890 2533.9
1216900 2538.4
1216910 2542.8
1216920 2547.8
1216930 2547.8
1216940 2552.1
1216950 2556.6
1216960 2556.6
1216970 2561.1
1216980 2565.7
1216990 2565.7
1217000 2569.3
1217010 2572.5
1217020 2572.5
1217030 2575.8
1217040 2579.2
1217050 2579.2
1217060 2582.5
1217070 2584.8
1217080 2587.4
1217090 2587.4
1217100 2590.8
1217110 2594.4
1217120 2594.4
1217130 2599.7
1217140 2605.6
1217150 2605.6
1217160 2611.0
1217170 2615.7
1217180 2615.7
1217190 2621.2
1217200 2624.0
1217210 2624.0
1217220 2629.2
1217230 2634.0
1217240 2634.0
1217250 2639.2
1217260 2645.0
1217270 2650.3
1217280 2650.3
1217290 2655.2
1217300 2660.2
1217310 2660.2
1217320 2664.9
1217330 2670.4
1217340 2670.4
1217350 2676.6
1217360 2681.8
1217370 2681.8
1217380 2685.9
1217390 2689.8
1217400 2689.8
1217410 2694.2
1217420 2699.0
1217430 2699.0
1217440 2703.6
1217450 2708.4
1217460 2714.0
1217470 2714.0
1217480 2719.2
1217490 2723.5
1217500 2723.5
1217510 2729.1
1217520 2734.4
1217530 2734.4
1217540 2739.4
1217550 2743.9
1217560 2743.9
1217570 2748.2
1217580 2752.7
1217590 2752.7
1217600 2756.7
1217610 2760.1
1217620 2760.1
1217630 2763.4
1217640 2766.2
1217650 2769.6
1217660 2769.6
1217670 2770.3
1217680 2772.0
1217690 2772.0
1217700 2774.1
1217710 2776.4
1217720 2776.4
1217730 2778.7
1217740 2781.6
1217750 2781.6
1217760 2786.0
1217770 2790.2
1217780 2790.2
1217790 2793.9
1217800 2798.1
1217810 2798.1
1217820 2803.0
1217830 2807.7
1217840 2812.2
1217850 2812.2
1217860 2813.9
1217870 2814.6
1217880 2814.6
1217890 2815.0
1217900 2814.8
1217910 2814.8
1217920 2814.7
1217930 2814.9
1217940 2814.9
1217950 2815.3
1217960 2816.6
1217970 2816.6
1217980 2817.8
1217990 2818.8
1218000 2818.8
1218010 2820.1
1218020 2821.6
1218030 2822.2
1218040 2822.2
1218050 2822.7
1218060 2824.2
1218070 2824.2
1218080 2826.1
1218090 2828.3
1218100 2828.3
1218110 2830.1
1218120 2831.4
1218130 2831.4
1218140 2834.4
1218150 2837.1
1218160 2837.1
1218170 2839.4
1218180 2840.7
1218190 2840.7
1218200 2842.2
1218210 2844.8
1218220 2847.6
1218230 2847.6
1218240 2851.0
1218250 2853.6
1218260 2853.6
1218270 2856.3
1218280 2857.3
1218290 2857.3
1218300 2861.0
1218310 2866.1
1218320 2866.1
1218330 2868.9
1218340 2870.5
1218350 2870.5
1218360 2872.1
1218370 2874.3
1218380 2876.4
1218390 2876.4
1218400 2878.7
1218410 2880.9
1218420 2880.9
1218430 2883.1
1218440 2886.0
1218450 2886.0
1218460 2889.2
1218470 2892.6
1218480 2892.6
1218490 2896.4
1218500 2900.4
1218510 2900.4
1218520 2904.7
1218530 2909.2
1218540 2909.2
1218550 2914.1
1218560 2920.1
1218570 2927.7
1218580 2927.7
1218590 2934.8
1218600 2940.9
1218610 2940.9
1218620 2945.2
1218630 2952.3
1218640 2952.3
1218650 2959.5
1218660 2966.0
1218670 2966.0
1218680 2972.7
1218690 2980.0
1218700 2980.0
1218710 2987.5
1218720 2995.3
1218730 2995.3
1218740 3003.1
1218750 3010.5
1218760 3018.0
1218770 3018.0
1218780 3027.0
1218790 3036.0
1218800 3036.0
1218810 3044.0
1218820 3052.1
1218830 3052.1
1218840 3060.5
1218850 3069.1
1218860 3069.1
1218870 3078.8
1218880 3086.1
1218890 3086.1
1218900 3093.4
1218910 3100.9
1218920 3100.9
1218930 3109.4
1218940 3116.6
1218950 3123.8
1218960 3123.8
1218970 3130.2
1218980 3136.1
1218990 3136.1
1219000 3142.0
1219010 3147.8
1219020 3147.8
1219030 3153.5
1219040 3159.2
1219050 3159.2
1219060 3166.0
1219070 3172.8
1219080 3172.8
1219090 3179.0
1219100 3185.1
1219110 3185.1
1219120 3191.4
1219130 3197.4
1219140 3203.4
1219150 3203.4
1219160 3209.4
1219170 3215.7
1219180 3215.7
1219190 3223.1
1219200 3230.8
1219210 3230.8
1219220 3238.5
1219230 3246.5
1219240 3246.5
1219250 3254.1
1219260 3262.0
1219270 3262.0
1219280 3269.2
1219290 3275.1
1219300 3275.1
1219310 3280.3
1219320 3284.5
1219330 3289.3
1219340 3289.3
1219350 3294.9
1219360 3301.0
1219370 3301.0
1219380 3307.4
1219390 3314.2
1219400 3314.2
1219410 3321.3
1219420 3328.1
1219430 3328.1
1219440 3335.5
1219450 3343.2
1219460 3343.2
1219470 3350.8
1219480 3358.7
1219490 3366.7
1219500 3366.7
1219510 3374.3
1219520 3382.0
1219530 3382.0
1219540 3389.8
1219550 3397.7
1219560 3397.7
1219570 3405.7
1219580 3413.4
1219590 3413.4
1219600 3421.2
1219610 3429.3
1219620 3429.3
1219630 3437.9
1219640 3447.2
1219650 3447.2
1219660 3456.3
1219670 3464.6
1219680 3471.9
1219690 3471.9
1219700 3474.7
1219710 3472.6
1219720 3472.6
1219730 3469.4
1219740 3466.3
1219750 3466.3
1219760 3462.1
1219770 3459.0
1219780 3459.0
1219790 3456.1
1219800 3454.2
1219810 3454.2
1219820 3454.5
1219830 3455.3
1219840 3455.3
1219850 3452.3
1219860 3453.6
1219870 3454.3
1219880 3454.3
1219890 3454.6
1219900 3457.3
1219910 3457.3
1219920 3461.2
1219930 3461.6
1219940 3461.6
1219950 3458.8
1219960 3454.3
1219970 3454.3
1219980 3447.9
1219990 3440.9
