1200000 3230.9
1200010 3239.9
1200020 3239.9
1200030 3249.7
1200040 3259.5
1200050 3259.5
1200060 3271.4
1200070 3282.7
1200080 3282.7
1200090 3293.4
1200100 3305.4
1200110 3316.0
1200120 3316.0
1200130 3325.9
1200140 3331.9
1200150 3331.9
1200160 3327.2
1200170 3322.7
1200180 3322.7
1200190 3319.1
1200200 3315.6
1200210 3315.6
1200220 3312.2
1200230 3309.8
1200240 3309.8
1200250 3308.3
1200260 3307.1
1200270 3307.1
1200280 3305.9
1200290 3304.8
1200300 3303.7
1200310 3303.7
1200320 3302.8
1200330 3302.0
1200340 3302.0
1200350 3301.2
1200360 3300.7
1200370 3300.7
1200380 3298.9
1200390 3298.5
1200400 3298.5
1200410 3298.2
1200420 3297.9
1200430 3297.9
1200440 3297.7
1200450 3297.5
1200460 3297.5
1200470 3297.3
1200480 3297.2
1200490 3297.0
1200500 3297.0
1200510 3297.0
1200520 3297.0
1200530 3297.0
1200540 3296.9
1200550 3296.9
1200560 3296.9
1200570 3296.8
1200580 3296.8
1200590 3296.8
1200600 3296.7
1200610 3296.6
1200620 3296.6
1200630 3296.5
1200640 3296.5
1200650 3296.5
1200660 3296.4
1200670 3296.4
1200680 3296.4
1200690 3296.4
1200700 3296.5
1200710 3296.7
1200720 3296.7
1200730 3296.9
1200740 3297.2
1200750 3297.2
1200760 3297.6
1200770 3298.1
1200780 3298.1
1200790 3298.6
1200800 3299.1
1200810 3299.1
1200820 3299.8
1200830 3300.0
1200840 3300.8
1200850 3300.8
1200860 3301.5
1200870 3302.3
1200880 3302.3
1200890 3303.1
1200900 3303.9
1200910 3303.9
1200920 3304.8
1200930 3305.6
1200940 3305.6
1200950 3306.5
1200960 3307.4
1200970 3307.4
1200980 3308.2
1200990 3309.1
1201000 3309.1
1201010 3309.9
1201020 3310.8
1201030 3311.7
1201040 3311.7
1201050 3312.5
1201060 3313.4
1201070 3313.4
1201080 3314.2
1201090 3315.0
1201100 3315.0
1201110 3315.9
1201120 3316.7
1201130 3316.7
1201140 3317.6
1201150 3318.5
1201160 3318.5
1201170 3319.5
1201180 3320.6
1201190 3320.6
1201200 3321.7
1201210 3323.0
1201220 3324.4
1201230 3324.4
1201240 3325.9
1201250 3327.6
1201260 3327.6
1201270 3328.7
1201280 3330.7
1201290 3330.7
1201300 3332.8
1201310 3335.2
1201320 3335.2
1201330 3338.1
1201340 3341.4
1201350 3341.4
1201360 3346.0
1201370 3346.7
1201380 3346.7
1201390 3335.4
1201400 3325.3
1201410 3314.9
1201420 3314.9
1201430 3304.2
1201440 3295.2
1201450 3295.2
1201460 3289.2
1201470 3285.2
1201480 3285.2
1201490 3281.8
1201500 3278.9
1201510 3278.9
1201520 3276.1
1201530 3273.2
1201540 3273.2
1201550 3269.9
1201560 3266.2
1201570 3266.2
1201580 3260.9
1201590 3258.9
1201600 3255.3
1201610 3255.3
1201620 3251.6
1201630 3248.1
1201640 3248.1
1201650 3244.8
1201660 3241.6
1201670 3241.6
1201680 3238.6
1201690 3235.8
1201700 3235.8
1201710 3233.2
1201720 3228.3
1201730 3228.3
1201740 3226.1
1201750 3224.0
1201760 3224.0
1201770 3221.9
1201780 3219.9
1201790 3217.9
1201800 3217.9
1201810 3215.9
1201820 3213.9
1201830 3213.9
1201840 3211.9
1201850 3209.9
1201860 3209.9
1201870 3207.9
1201880 3205.9
1201890 3205.9
1201900 3203.8
1201910 3201.8
1201920 3201.8
1201930 3199.6
1201940 3197.4
1201950 3197.4
1201960 3195.1
1201970 3192.7
1201980 3190.3
1201990 3190.3
1202000 3187.7
1202010 3185.2
1202020 3185.2
1202030 3182.6
1202040 3180.1
1202050 3180.1
1202060 3177.7
1202070 3175.5
1202080 3175.5
1202090 3173.3
1202100 3171.2
1202110 3171.2
1202120 3169.2
1202130 3167.3
1202140 3167.3
1202150 3165.4
1202160 3163.5
1202170 3163.1
1202180 3163.1
1202190 3161.3
1202200 3159.5
1202210 3159.5
1202220 3157.9
1202230 3156.3
1202240 3156.3
1202250 3154.7
1202260 3153.2
1202270 3153.2
1202280 3151.8
1202290 3150.5
1202300 3150.5
1202310 3149.0
1202320 3147.6
1202330 3147.6
1202340 3146.3
1202350 3144.7
1202360 3143.1
1202370 3143.1
1202380 3141.5
1202390 3139.8
1202400 3139.8
1202410 3138.0
1202420 3136.3
1202430 3136.3
1202440 3134.5
1202450 3132.6
1202460 3132.6
1202470 3129.7
1202480 3127.9
1202490 3127.9
1202500 3126.5
1202510 3124.0
1202520 3121.2
1202530 3121.2
1202540 3119.2
1202550 3116.8
1202560 3116.8
1202570 3114.1
1202580 3110.9
1202590 3110.9
1202600 3107.9
1202610 3105.2
1202620 3105.2
1202630 3101.8
1202640 3097.9
1202650 3097.9
1202660 3094.1
1202670 3089.9
1202680 3089.9
1202690 3085.4
1202700 3080.9
1202710 3076.5
1202720 3076.5
1202730 3071.8
1202740 3067.1
1202750 3067.1
1202760 3062.7
1202770 3058.5
1202780 3058.5
1202790 3054.6
1202800 3051.1
1202810 3051.1
1202820 3047.7
1202830 3044.6
1202840 3044.6
1202850 3041.4
1202860 3038.4
1202870 3038.4
1202880 3035.3
1202890 3032.2
1202900 3029.1
1202910 3029.1
1202920 3026.0
1202930 3022.9
1202940 3022.9
1202950 3020.0
1202960 3017.1
1202970 3017.1
1202980 3014.5
1202990 3011.9
1203000 3011.9
1203010 3009.5
1203020 3007.0
1203030 3007.0
1203040 3004.8
1203050 3002.8
1203060 3000.8
1203070 2998.8
1203080 2997.0
1203090 2995.4
1203100 2995.4
1203110 2993.9
1203120 2992.4
1203130 2992.4
1203140 2990.9
1203150 2989.4
1203160 2989.4
1203170 2988.0
1203180 2986.5
1203190 2986.5
1203200 2985.1
1203210 2983.6
1203220 2983.6
1203230 2982.0
1203240 2980.4
1203250 2980.4
1203260 2978.8
1203270 2977.1
1203280 2975.4
1203290 2975.4
1203300 2973.7
1203310 2972.0
1203320 2972.0
1203330 2970.3
1203340 2968.5
1203350 2968.5
1203360 2966.7
1203370 2964.9
1203380 2964.9
1203390 2963.2
1203400 2961.4
1203410 2961.4
1203420 2959.6
1203430 2957.9
1203440 2957.9
1203450 2956.2
1203460 2954.4
1203470 2952.9
1203480 2952.9
1203490 2951.8
1203500 2953.4
1203510 2950.4
1203520 2952.5
1203530 2953.6
1203540 2953.6
1203550 2953.9
1203560 2955.7
1203570 2955.7
1203580 2957.9
1203590 2959.0
1203600 2959.0
1203610 2959.3
1203620 2959.6
1203630 2959.6
1203640 2959.5
1203650 2960.6
1203660 2961.4
1203670 2961.4
1203680 2962.1
1203690 2961.9
1203700 2961.9
1203710 2962.7
1203720 2963.9
1203730 2963.9
1203740 2965.1
1203750 2967.9
1203760 2967.9
1203770 2969.6
1203780 2972.4
1203790 2972.4
1203800 2975.7
1203810 2977.9
1203820 2977.9
1203830 2978.9
1203840 2976.2
1203850 2969.5
1203860 2969.5
1203870 2963.4
1203880 2962.5
1203890 2962.5
1203900 2961.9
1203910 2961.5
1203920 2961.5
1203930 2963.1
1203940 2958.9
1203950 2958.9
1203960 2949.9
1203970 2943.6
1203980 2943.6
1203990 2941.3
1204000 2939.9
1204010 2939.2
1204020 2939.2
1204030 2938.9
1204040 2937.7
1204050 2937.7
1204060 2936.7
1204070 2937.5
1204080 2937.5
1204090 2941.4
1204100 2943.7
1204110 2943.7
1204120 2944.2
1204130 2943.7
1204140 2943.7
1204150 2944.1
1204160 2945.0
1204170 2945.0
1204180 2944.4
1204190 2944.0
1204200 2944.6
1204210 2944.6
1204220 2945.3
1204230 2945.4
1204240 2945.4
1204250 2944.8
1204260 2944.1
1204270 2944.1
1204280 2944.1
1204290 2943.9
1204300 2943.9
1204310 2942.7
1204320 2940.7
1204330 2940.7
1204340 2938.0
1204350 2935.1
1204360 2935.1
1204370 2931.6
1204380 2928.0
1204390 2925.3
1204400 2925.3
1204410 2921.3
1204420 2916.5
1204430 2916.5
1204440 2911.5
1204450 2906.7
1204460 2906.7
1204470 2902.8
1204480 2899.3
1204490 2899.3
1204500 2895.0
1204510 2889.7
1204520 2889.7
1204530 2884.5
1204540 2880.5
1204550 2880.5
1204560 2876.4
1204570 2869.2
1204580 2862.6
1204590 2862.6
1204600 2856.0
1204610 2849.4
1204620 2849.4
1204630 2844.7
1204640 2840.5
1204650 2840.5
1204660 2836.1
1204670 2830.6
1204680 2830.6
1204690 2825.6
1204700 2821.2
1204710 2821.2
1204720 2816.5
1204730 2812.4
1204740 2812.4
1204750 2803.8
1204760 2788.4
1204770 2777.4
1204780 2777.4
1204790 2772.1
1204800 2767.8
1204810 2767.8
1204820 2764.6
1204830 2760.8
1204840 2760.8
1204850 2756.6
1204860 2753.3
1204870 2753.3
1204880 2750.1
1204890 2748.3
1204900 2748.3
1204910 2745.0
1204920 2741.8
1204930 2741.8
1204940 2739.3
1204950 2737.0
1204960 2735.4
1204970 2735.4
1204980 2733.8
1204990 2731.2
1205000 2731.2
1205010 2729.7
1205020 2729.0
1205030 2729.0
1205040 2727.8
1205050 2725.8
1205060 2725.8
1205070 2725.2
1205080 2725.9
1205090 2725.9
1205100 2727.8
1205110 2729.7
1205120 2729.7
1205130 2725.2
1205140 2717.8
1205150 2711.4
1205160 2711.4
1205170 2704.2
1205180 2696.8
1205190 2696.8
1205200 2690.1
1205210 2683.1
1205220 2683.1
1205230 2675.8
1205240 2669.2
1205250 2669.2
1205260 2662.6
1205270 2656.4
1205280 2656.4
1205290 2650.2
1205300 2644.2
1205310 2646.2
1205320 2640.3
1205330 2635.0
1205340 2630.0
1205350 2630.0
1205360 2626.0
1205370 2623.5
1205380 2623.5
1205390 2619.5
1205400 2614.5
1205410 2614.5
1205420 2609.0
1205430 2604.3
1205440 2604.3
1205450 2600.5
1205460 2597.0
1205470 2597.0
1205480 2593.8
1205490 2590.7
1205500 2590.7
1205510 2588.0
1205520 2586.0
1205530 2584.7
1205540 2584.7
1205550 2583.3
1205560 2582.7
1205570 2582.7
1205580 2581.8
1205590 2579.2
1205600 2579.2
1205610 2574.6
1205620 2572.4
1205630 2572.4
1205640 2571.2
1205650 2571.0
1205660 2571.0
1205670 2571.7
1205680 2571.8
1205690 2572.3
1205700 2572.3
1205710 2572.6
1205720 2573.5
1205730 2573.5
1205740 2574.6
1205750 2576.3
1205760 2576.3
1205770 2575.2
1205780 2576.3
1205790 2576.3
1205800 2577.6
1205810 2579.1
1205820 2579.1
1205830 2580.6
1205840 2582.0
1205850 2582.0
1205860 2583.2
1205870 2585.0
1205880 2586.5
1205890 2586.5
1205900 2587.9
1205910 2589.6
1205920 2589.6
1205930 2591.7
1205940 2593.7
1205950 2593.7
1205960 2595.7
1205970 2597.7
1205980 2597.7
1205990 2599.5
1206000 2600.6
1206010 2600.6
1206020 2601.4
1206030 2601.4
1206040 2601.4
1206050 2604.8
1206060 2608.2
1206070 2610.2
1206080 2610.2
1206090 2612.5
1206100 2614.3
1206110 2614.3
1206120 2616.0
1206130 2618.3
1206140 2618.3
1206150 2620.0
1206160 2622.4
1206170 2622.4
1206180 2623.6
1206190 2623.5
1206200 2623.5
1206210 2625.4
1206220 2623.7
1206230 2623.7
1206240 2626.2
1206250 2627.2
1206260 2628.8
1206270 2628.8
1206280 2631.3
1206290 2633.8
1206300 2633.8
1206310 2636.7
1206320 2639.4
1206330 2639.4
1206340 2641.9
1206350 2644.2
1206360 2644.2
1206370 2646.1
1206380 2647.7
1206390 2647.7
1206400 2649.3
1206410 2650.7
1206420 2650.7
1206430 2652.3
1206440 2654.1
1206450 2656.5
1206460 2656.5
1206470 2658.8
1206480 2661.4
1206490 2661.4
1206500 2663.7
1206510 2665.8
1206520 2665.8
1206530 2667.7
1206540 2670.3
1206550 2670.3
1206560 2673.7
1206570 2677.3
1206580 2677.3
1206590 2680.9
1206600 2685.7
1206610 2685.7
1206620 2689.9
1206630 2692.9
1206640 2697.8
1206650 2697.8
1206660 2702.3
1206670 2699.9
1206680 2699.9
1206690 2702.5
1206700 2704.5
1206710 2704.5
1206720 2706.6
1206730 2709.2
1206740 2709.2
1206750 2711.9
1206760 2713.0
1206770 2713.0
1206780 2713.2
1206790 2713.7
1206800 2713.7
1206810 2714.5
1206820 2716.4
1206830 2718.5
1206840 2718.5
1206850 2720.1
1206860 2721.6
1206870 2721.6
1206880 2722.5
1206890 2723.7
1206900 2723.7
1206910 2725.0
1206920 2726.8
1206930 2726.8
1206940 2729.7
1206950 2733.3
1206960 2733.3
1206970 2737.1
1206980 2740.7
1206990 2740.7
1207000 2743.2
1207010 2746.1
1207020 2748.7
1207030 2748.7
1207040 2751.1
1207050 2752.6
1207060 2752.6
1207070 2755.1
1207080 2758.1
1207090 2758.1
1207100 2761.5
1207110 2767.9
1207120 2767.9
1207130 2768.8
1207140 2774.9
1207150 2774.9
1207160 2781.7
1207170 2785.5
1207180 2785.5
1207190 2789.2
1207200 2793.4
1207210 2797.7
1207220 2797.7
1207230 2801.4
1207240 2805.4
1207250 2805.4
1207260 2809.1
1207270 2813.0
1207280 2813.0
1207290 2816.3
1207300 2819.7
1207310 2819.7
1207320 2823.0
1207330 2826.2
1207340 2826.2
1207350 2830.4
1207360 2833.7
1207370 2836.5
1207380 2836.5
1207390 2839.6
1207400 2842.1
1207410 2842.1
1207420 2844.7
1207430 2847.6
1207440 2847.6
1207450 2850.6
1207460 2852.9
1207470 2852.9
1207480 2854.3
1207490 2855.1
1207500 2855.1
1207510 2855.1
1207520 2855.5
1207530 2855.5
1207540 2855.0
1207550 2854.8
1207560 2854.5
1207570 2854.5
1207580 2849.6
1207590 2849.1
1207600 2849.1
1207610 2848.5
1207620 2848.1
1207630 2848.1
1207640 2846.4
1207650 2843.7
1207660 2843.7
1207670 2841.4
1207680 2838.9
1207690 2838.9
1207700 2836.5
1207710 2834.2
1207720 2834.2
1207730 2831.8
1207740 2829.8
1207750 2827.7
1207760 2827.7
1207770 2825.1
1207780 2823.0
1207790 2823.0
1207800 2820.5
1207810 2817.7
1207820 2817.7
1207830 2815.4
1207840 2813.6
1207850 2813.6
1207860 2811.9
1207870 2810.0
1207880 2810.0
1207890 2807.4
1207900 2804.2
1207910 2804.2
1207920 2800.8
1207930 2797.4
1207940 2794.9
1207950 2794.9
1207960 2793.3
1207970 2793.3
1207980 2793.3
1207990 2792.8
1208000 2791.8
1208010 2791.8
1208020 2790.8
1208030 2790.1
1208040 2785.8
1208050 2784.0
1208060 2781.8
1208070 2781.8
1208080 2779.7
1208090 2777.7
1208100 2777.7
1208110 2776.4
1208120 2775.8
1208130 2774.8
1208140 2774.8
1208150 2773.4
1208160 2771.7
1208170 2771.7
1208180 2769.6
1208190 2767.3
1208200 2767.3
1208210 2765.2
1208220 2763.3
1208230 2763.3
1208240 2761.7
1208250 2760.1
1208260 2760.1
1208270 2758.3
1208280 2755.7
1208290 2755.7
1208300 2752.8
1208310 2748.4
1208320 2743.4
1208330 2743.4
1208340 2738.9
1208350 2735.1
1208360 2735.1
1208370 2731.5
1208380 2727.6
1208390 2727.6
1208400 2724.4
1208410 2721.5
1208420 2721.5
1208430 2717.5
1208440 2712.3
1208450 2712.3
1208460 2706.4
1208470 2700.0
1208480 2700.0
1208490 2692.0
1208500 2675.8
1208510 2670.1
1208520 2670.1
1208530 2664.9
1208540 2659.8
1208550 2659.8
1208560 2654.0
1208570 2647.6
1208580 2647.6
1208590 2642.3
1208600 2636.9
1208610 2636.9
1208620 2629.8
1208630 2621.8
1208640 2621.8
1208650 2615.8
1208660 2609.6
1208670 2609.6
1208680 2602.7
1208690 2595.5
1208700 2589.0
1208710 2589.0
1208720 2584.0
1208730 2579.1
1208740 2579.1
1208750 2573.3
1208760 2567.6
1208770 2567.6
1208780 2562.9
1208790 2557.4
1208800 2557.4
1208810 2551.8
1208820 2546.5
1208830 2546.5
1208840 2542.3
1208850 2538.8
1208860 2535.1
1208870 2535.1
1208880 2531.7
1208890 2528.2
1208900 2528.2
1208910 2524.5
1208920 2520.5
1208930 2520.5
1208940 2516.4
1208950 2512.6
1208960 2509.5
1208970 2506.0
1208980 2502.7
1208990 2502.7
1209000 2499.1
1209010 2496.0
1209020 2496.0
1209030 2493.0
1209040 2490.1
1209050 2486.4
1209060 2486.4
1209070 2482.3
1209080 2477.7
1209090 2477.7
1209100 2472.4
1209110 2467.7
1209120 2467.7
1209130 2462.6
1209140 2456.3
1209150 2456.3
1209160 2449.1
1209170 2442.0
1209180 2442.0
1209190 2435.5
1209200 2430.4
1209210 2430.4
1209220 2426.6
1209230 2423.7
1209240 2423.1
1209250 2423.1
1209260 2422.7
1209270 2421.5
1209280 2421.5
1209290 2420.4
1209300 2419.1
1209310 2419.1
1209320 2417.8
1209330 2416.8
1209340 2416.8
1209350 2414.8
1209360 2411.5
1209370 2411.5
1209380 2405.6
1209390 2399.3
1209400 2399.3
1209410 2395.1
1209420 2390.1
1209430 2384.4
1209440 2384.4
1209450 2377.6
1209460 2372.3
1209470 2372.3
1209480 2367.0
1209490 2360.9
1209500 2360.9
1209510 2355.2
1209520 2349.9
1209530 2349.9
1209540 2344.4
1209550 2339.6
1209560 2339.6
1209570 2334.7
1209580 2330.0
1209590 2330.0
1209600 2325.5
1209610 2321.6
1209620 2318.1
1209630 2318.1
1209640 2315.1
1209650 2311.8
1209660 2311.8
1209670 2308.1
1209680 2303.7
1209690 2303.7
1209700 2299.6
1209710 2296.0
1209720 2296.0
1209730 2291.5
1209740 2280.3
1209750 2280.3
1209760 2268.2
1209770 2273.2
1209780 2273.2
1209790 2282.0
1209800 2286.8
1209810 2288.7
1209820 2288.7
1209830 2287.8
1209840 2290.0
1209850 2290.0
1209860 2293.0
1209870 2293.2
1209880 2293.2
1209890 2296.1
1209900 2294.1
1209910 2294.1
1209920 2291.0
1209930 2287.6
1209940 2287.6
1209950 2285.2
1209960 2283.9
1209970 2283.9
1209980 2281.7
1209990 2278.6
1210000 2275.6
1210010 2275.6
1210020 2272.1
1210030 2267.5
1210040 2267.5
1210050 2262.7
1210060 2259.0
1210070 2259.0
1210080 2257.6
1210090 2256.6
1210100 2256.6
1210110 2254.5
1210120 2251.2
1210130 2251.2
1210140 2248.5
1210150 2246.6
1210160 2246.6
1210170 2244.5
1210180 2242.0
1210190 2239.0
1210200 2239.0
1210210 2235.6
1210220 2231.6
1210230 2231.6
1210240 2227.9
1210250 2225.6
1210260 2225.6
1210270 2221.7
1210280 2214.5
1210290 2214.5
1210300 2207.9
1210310 2201.9
1210320 2201.9
1210330 2187.9
1210340 2182.2
1210350 2175.6
1210360 2175.6
1210370 2169.3
1210380 2163.7
1210390 2163.7
1210400 2159.1
1210410 2155.0
1210420 2155.0
1210430 2151.1
1210440 2148.1
1210450 2148.1
1210460 2144.8
1210470 2141.3
1210480 2141.3
1210490 2139.1
1210500 2138.7
1210510 2138.7
1210520 2137.7
1210530 2135.8
1210540 2133.8
1210550 2133.8
1210560 2132.2
1210570 2128.4
1210580 2128.4
1210590 2121.6
1210600 2115.4
1210610 2115.4
1210620 2110.8
1210630 2108.1
1210640 2108.1
1210650 2105.6
1210660 2103.7
1210670 2103.7
1210680 2101.9
1210690 2099.7
1210700 2099.7
1210710 2097.4
1210720 2095.2
1210730 2093.5
1210740 2093.5
1210750 2091.9
1210760 2088.8
1210770 2088.8
1210780 2085.6
1210790 2079.0
1210800 2079.0
1210810 2076.1
1210820 2073.5
1210830 2073.5
1210840 2070.1
1210850 2067.5
1210860 2067.5
1210870 2064.5
1210880 2061.3
1210890 2061.3
1210900 2058.3
1210910 2054.8
1210920 2052.6
1210930 2052.6
1210940 2050.1
1210950 2046.3
1210960 2046.3
1210970 2040.0
1210980 2031.3
1210990 2031.3
1211000 2024.4
1211010 2022.4
1211020 2022.4
1211030 2028.1
1211040 2028.9
1211050 2028.9
1211060 2020.9
1211070 2016.1
1211080 2016.1
1211090 2013.8
1211100 2009.2
1211110 2005.1
1211120 2005.1
1211130 2003.5
1211140 2003.4
1211150 2003.4
1211160 2004.3
1211170 2005.2
1211180 2005.2
1211190 2004.0
1211200 2003.5
1211210 2003.5
1211220 2004.0
1211230 2004.9
1211240 2004.9
1211250 2008.8
1211260 2023.4
1211270 2023.4
1211280 2028.3
1211290 2029.9
1211300 2031.0
1211310 2031.0
1211320 2030.3
1211330 2030.3
1211340 2030.3
1211350 2029.6
1211360 2028.5
1211370 2028.5
1211380 2026.9
1211390 2025.2
1211400 2025.2
1211410 2026.1
1211420 2025.8
1211430 2025.8
1211440 2027.8
1211450 2028.1
1211460 2028.1
1211470 2028.5
1211480 2028.8
1211490 2027.5
1211500 2027.5
1211510 2027.7
1211520 2029.0
1211530 2029.0
1211540 2030.7
1211550 2031.0
1211560 2031.0
1211570 2031.7
1211580 2035.8
1211590 2035.8
1211600 2041.0
1211610 2045.8
1211620 2045.8
1211630 2049.3
1211640 2049.7
1211650 2049.7
1211660 2051.2
1211670 2050.9
1211680 2049.8
1211690 2049.8
1211700 2052.4
1211710 2059.4
1211720 2071.4
1211730 2075.4
1211740 2076.6
1211750 2076.6
1211760 2080.3
1211770 2084.4
1211780 2084.4
1211790 2086.8
1211800 2088.1
1211810 2088.1
1211820 2087.5
1211830 2086.5
1211840 2083.8
1211850 2083.8
1211860 2085.0
1211870 2082.9
1211880 2082.9
1211890 2080.2
1211900 2075.9
1211910 2075.9
1211920 2073.3
1211930 2071.1
1211940 2071.1
1211950 2069.4
1211960 2068.6
1211970 2068.6
1211980 2066.8
1211990 2064.5
1212000 2064.5
1212010 2062.7
1212020 2060.6
1212030 2058.7
1212040 2058.7
1212050 2056.9
1212060 2054.3
1212070 2054.3
1212080 2054.8
1212090 2054.0
1212100 2054.0
1212110 2052.6
1212120 2050.9
1212130 2050.9
1212140 2049.1
1212150 2047.5
1212160 2047.5
1212170 2045.9
1212180 2049.8
1212190 2049.8
1212200 2050.6
1212210 2051.2
1212220 2048.6
1212230 2048.6
1212240 2052.3
1212250 2056.5
1212260 2056.5
1212270 2056.9
1212280 2057.3
1212290 2057.3
1212300 2057.2
1212310 2056.4
1212320 2056.4
1212330 2055.3
1212340 2053.9
1212350 2053.9
1212360 2052.6
1212370 2052.3
1212380 2052.3
1212390 2051.6
1212400 2051.2
1212410 2051.5
1212420 2051.5
1212430 2051.7
1212440 2052.5
1212450 2052.5
1212460 2051.8
1212470 2050.2
1212480 2050.2
1212490 2048.0
1212500 2045.0
1212510 2045.0
1212520 2042.4
1212530 2041.9
1212540 2041.9
1212550 2042.5
1212560 2042.6
1212570 2042.6
1212580 2042.4
1212590 2042.6
1212600 2044.2
1212610 2044.2
1212620 2045.1
1212630 2045.6
1212640 2051.8
1212650 2052.3
1212660 2053.5
1212670 2053.5
1212680 2054.9
1212690 2053.6
1212700 2053.6
1212710 2052.4
1212720 2053.9
1212730 2053.9
1212740 2056.0
1212750 2056.7
1212760 2056.7
1212770 2056.3
1212780 2056.3
1212790 2058.2
1212800 2058.2
1212810 2060.1
1212820 2062.3
1212830 2062.3
1212840 2064.7
1212850 2066.3
1212860 2066.3
1212870 2068.6
1212880 2069.1
1212890 2069.1
1212900 2068.3
1212910 2067.4
1212920 2067.4
1212930 2066.6
1212940 2066.9
1212950 2066.9
1212960 2066.7
1212970 2066.6
1212980 2065.9
1212990 2065.9
1213000 2064.7
1213010 2063.8
1213020 2063.8
1213030 2064.0
1213040 2064.3
1213050 2064.3
1213060 2065.2
1213070 2065.9
1213080 2065.9
1213090 2066.4
1213100 2067.3
1213110 2072.1
1213120 2071.7
1213130 2070.9
1213140 2070.9
1213150 2068.8
1213160 2066.2
1213170 2064.3
1213180 2064.3
1213190 2062.6
1213200 2061.7
1213210 2061.7
1213220 2060.3
1213230 2057.9
1213240 2057.9
1213250 2055.7
1213260 2053.8
1213270 2053.8
1213280 2053.4
1213290 2054.4
1213300 2054.4
1213310 2054.6
1213320 2054.3
1213330 2053.2
1213340 2053.2
1213350 2052.4
1213360 2051.9
1213370 2051.9
1213380 2050.5
1213390 2048.3
1213400 2048.3
1213410 2047.3
1213420 2044.4
1213430 2044.4
1213440 2041.3
1213450 2040.6
1213460 2040.6
1213470 2039.2
1213480 2037.9
1213490 2037.9
1213500 2037.5
1213510 2038.5
1213520 2039.2
1213530 2039.2
1213540 2038.3
1213550 2035.0
1213560 2035.0
1213570 2047.3
1213580 2045.2
1213590 2045.2
1213600 2043.2
1213610 2043.3
1213620 2043.3
1213630 2041.2
1213640 2038.7
1213650 2038.7
1213660 2037.2
1213670 2036.1
1213680 2036.1
1213690 2035.8
1213700 2034.9
1213710 2035.0
1213720 2035.0
1213730 2035.9
1213740 2035.9
1213750 2035.9
1213760 2035.3
1213770 2036.5
1213780 2036.5
1213790 2036.3
1213800 2036.7
1213810 2036.7
1213820 2036.9
1213830 2037.8
1213840 2037.8
1213850 2038.8
1213860 2039.8
1213870 2039.8
1213880 2040.4
1213890 2040.2
1213900 2039.5
1213910 2039.5
1213920 2038.7
1213930 2037.9
1213940 2037.9
1213950 2037.3
1213960 2036.1
1213970 2036.1
1213980 2034.7
1213990 2033.5
1214000 2033.5
1214010 2033.1
1214020 2032.9
1214030 2032.9
1214040 2039.7
1214050 2039.4
1214060 2039.4
1214070 2038.8
1214080 2038.3
1214090 2038.1
1214100 2038.1
1214110 2037.5
1214120 2037.0
1214130 2037.0
1214140 2036.2
1214150 2035.6
1214160 2035.6
1214170 2035.3
1214180 2035.5
1214190 2035.5
1214200 2037.0
1214210 2039.5
1214220 2039.5
1214230 2043.7
1214240 2045.7
1214250 2045.7
1214260 2048.7
1214270 2051.6
1214280 2052.4
1214290 2052.4
1214300 2054.3
1214310 2054.2
1214320 2054.2
1214330 2052.6
1214340 2052.5
1214350 2052.5
1214360 2052.6
1214370 2053.5
1214380 2053.5
1214390 2054.1
1214400 2054.2
1214410 2054.2
1214420 2054.4
1214430 2054.7
1214440 2054.7
1214450 2054.9
1214460 2056.4
1214470 2054.7
1214480 2054.7
1214490 2050.1
1214500 2046.9
1214510 2050.3
1214520 2045.0
1214530 2042.8
1214540 2042.8
1214550 2039.7
1214560 2037.6
1214570 2037.6
1214580 2034.6
1214590 2034.1
1214600 2034.1
1214610 2031.1
1214620 2028.6
1214630 2028.6
1214640 2026.2
1214650 2025.2
1214660 2025.5
1214670 2025.5
1214680 2025.7
1214690 2025.4
1214700 2025.4
1214710 2026.0
1214720 2027.6
1214730 2027.6
1214740 2029.8
1214750 2029.2
1214760 2029.2
1214770 2027.9
1214780 2027.8
1214790 2027.8
1214800 2026.8
1214810 2025.1
1214820 2022.0
1214830 2022.0
1214840 2017.9
1214850 2014.3
1214860 2014.3
1214870 2013.0
1214880 2011.6
1214890 2011.6
1214900 2009.7
1214910 2006.8
1214920 2006.8
1214930 2004.6
1214940 2002.9
1214950 2002.9
1214960 1994.6
1214970 1980.7
1214980 1980.7
1214990 1970.8
1215000 1960.6
1215010 1950.0
1215020 1950.0
1215030 1937.9
1215040 1927.4
1215050 1927.4
1215060 1920.8
1215070 1919.3
1215080 1919.3
1215090 1919.4
1215100 1921.2
1215110 1921.2
1215120 1925.6
1215130 1933.6
1215140 1933.6
1215150 1940.5
1215160 1946.7
1215170 1946.7
1215180 1953.7
1215190 1968.8
1215200 1988.6
1215210 1988.6
1215220 2002.2
1215230 2010.4
1215240 2010.4
1215250 2021.5
1215260 2035.7
1215270 2035.7
1215280 2046.5
1215290 2052.2
1215300 2052.2
1215310 2058.7
1215320 2063.8
1215330 2063.8
1215340 2070.5
1215350 2076.2
1215360 2076.2
1215370 2080.7
1215380 2085.3
1215390 2090.0
1215400 2090.0
1215410 2095.1
1215420 2100.6
1215430 2100.6
1215440 2101.0
1215450 2106.6
1215460 2106.6
1215470 2111.7
1215480 2117.7
1215490 2117.7
1215500 2123.2
1215510 2129.2
1215520 2129.2
1215530 2133.6
1215540 2137.5
1215550 2137.5
1215560 2142.7
1215570 2149.3
1215580 2156.8
1215590 2156.8
1215600 2156.4
1215610 2159.2
1215620 2159.2
1215630 2166.9
1215640 2176.0
1215650 2176.0
1215660 2181.7
1215670 2184.1
1215680 2184.1
1215690 2186.1
1215700 2188.6
1215710 2188.6
1215720 2190.9
1215730 2194.2
1215740 2194.2
1215750 2198.1
1215760 2202.6
1215770 2209.5
1215780 2209.5
1215790 2215.4
1215800 2219.7
1215810 2219.7
1215820 2224.5
1215830 2229.8
1215840 2229.8
1215850 2235.0
1215860 2239.7
1215870 2239.7
1215880 2246.6
1215890 2253.7
1215900 2253.7
1215910 2262.0
1215920 2264.9
1215930 2264.9
1215940 2270.6
1215950 2276.0
1215960 2280.5
1215970 2280.5
1215980 2285.1
1215990 2290.2
1216000 2290.2
1216010 2295.3
1216020 2300.7
1216030 2300.7
1216040 2306.1
1216050 2311.7
1216060 2311.7
1216070 2317.3
1216080 2321.2
1216090 2321.2
1216100 2324.4
1216110 2328.5
1216120 2328.5
1216130 2332.8
1216140 2337.2
1216150 2341.6
1216160 2341.6
1216170 2345.0
1216180 2348.9
1216190 2348.9
1216200 2352.9
1216210 2357.2
1216220 2357.2
1216230 2362.2
1216240 2367.7
1216250 2367.7
1216260 2373.7
1216270 2379.4
1216280 2379.4
1216290 2384.9
1216300 2389.7
1216310 2395.2
1216320 2395.2
1216330 2401.7
1216340 2408.3
1216350 2408.3
1216360 2413.3
1216370 2418.0
1216380 2418.3
1216390 2424.1
1216400 2430.0
1216410 2430.0
1216420 2436.2
1216430 2441.8
1216440 2441.8
1216450 2449.9
1216460 2457.4
1216470 2457.4
1216480 2463.9
1216490 2470.2
1216500 2475.8
1216510 2475.8
1216520 2481.8
1216530 2487.9
1216540 2487.9
1216550 2493.2
1216560 2498.0
1216570 2498.0
1216580 2503.6
1216590 2509.9
1216600 2509.9
1216610 2516.4
1216620 2523.5
1216630 2523.5
1216640 2530.7
1216650 2537.8
1216660 2537.8
1216670 2544.7
1216680 2551.8
1216690 2558.6
1216700 2558.6
1216710 2565.2
1216720 2570.2
1216730 2570.2
1216740 2573.4
1216750 2574.6
1216760 2574.6
1216770 2574.8
1216780 2575.8
1216790 2575.8
1216800 2578.7
1216810 2581.6
1216820 2581.6
1216830 2584.4
1216840 2587.3
1216850 2587.9
1216860 2589.9
1216870 2592.6
1216880 2596.3
1216890 2596.3
1216900 2600.7
1216910 2604.6
1216920 2604.6
1216930 2608.9
1216940 2614.6
1216950 2614.6
1216960 2620.7
1216970 2626.8
1216980 2626.8
1216990 2631.5
1217000 2635.7
1217010 2635.7
1217020 2639.9
1217030 2646.0
1217040 2646.0
1217050 2652.2
1217060 2658.3
1217070 2664.6
1217080 2664.6
1217090 2670.9
1217100 2677.3
1217110 2677.3
1217120 2683.5
1217130 2688.8
1217140 2688.8
1217150 2693.3
1217160 2698.2
1217170 2698.2
1217180 2703.1
1217190 2707.7
1217200 2707.7
1217210 2712.8
1217220 2717.5
1217230 2717.5
1217240 2722.4
1217250 2727.3
1217260 2732.0
1217270 2732.0
1217280 2736.3
1217290 2739.9
1217300 2739.9
1217310 2743.4
1217320 2749.0
1217330 2747.2
1217340 2753.4
1217350 2759.9
1217360 2759.9
1217370 2764.6
1217380 2769.4
1217390 2769.4
1217400 2774.3
1217410 2779.0
1217420 2779.0
1217430 2783.3
1217440 2787.2
1217450 2789.2
1217460 2789.2
1217470 2790.8
1217480 2794.2
1217490 2794.2
1217500 2797.9
1217510 2801.1
1217520 2801.1
1217530 2804.7
1217540 2808.1
1217550 2808.1
1217560 2809.6
1217570 2809.3
1217580 2809.3
1217590 2811.3
1217600 2813.0
1217610 2813.0
1217620 2816.1
1217630 2820.7
1217640 2824.5
1217650 2824.5
1217660 2826.0
1217670 2827.4
1217680 2827.4
1217690 2827.9
1217700 2826.8
1217710 2826.8
1217720 2825.1
1217730 2826.6
1217740 2826.6
1217750 2828.4
1217760 2828.8
1217770 2828.8
1217780 2828.9
1217790 2831.9
1217800 2835.3
1217810 2835.3
1217820 2837.5
1217830 2839.1
1217840 2839.1
1217850 2839.9
1217860 2841.0
1217870 2841.0
1217880 2843.3
1217890 2846.7
1217900 2846.7
1217910 2851.5
1217920 2858.1
1217930 2858.1
1217940 2863.7
1217950 2868.5
1217960 2868.5
1217970 2874.5
1217980 2880.9
1217990 2886.9
1218000 2886.9
1218010 2892.3
1218020 2897.2
1218030 2897.2
1218040 2902.5
1218050 2907.8
1218060 2907.8
1218070 2913.8
1218080 2920.2
1218090 2920.2
1218100 2924.4
1218110 2929.6
1218120 2929.6
1218130 2935.8
1218140 2941.2
1218150 2941.2
1218160 2945.9
1218170 2949.1
1218180 2952.9
1218190 2952.9
1218200 2956.2
1218210 2957.0
1218220 2957.0
1218230 2960.1
1218240 2962.2
1218250 2962.2
1218260 2964.5
1218270 2960.7
1218280 2960.7
1218290 2965.4
1218300 2969.0
1218310 2969.0
1218320 2970.0
1218330 2972.5
1218340 2972.5
1218350 2979.7
1218360 2986.1
1218370 2987.0
1218380 2987.0
1218390 2991.1
1218400 2993.0
1218410 2993.0
1218420 3001.8
1218430 3004.4
1218440 3004.4
1218450 2996.8
1218460 3002.1
1218470 3002.1
1218480 3009.7
1218490 3015.5
1218500 3015.5
1218510 3015.8
1218520 3015.9
1218530 3015.9
1218540 3016.0
1218550 3018.8
1218560 3015.4
1218570 3015.4
1218580 3017.4
1218590 3024.1
1218600 3024.1
1218610 3031.9
1218620 3027.3
1218630 3027.3
1218640 3027.6
1218650 3031.8
1218660 3031.8
1218670 3037.2
1218680 3043.8
1218690 3043.8
1218700 3049.8
1218710 3052.1
1218720 3052.1
1218730 3056.4
1218740 3069.3
1218750 3066.5
1218760 3066.5
1218770 3073.8
1218780 3072.6
1218790 3072.6
1218800 3063.5
1218810 3064.5
1218820 3064.5
1218830 3067.1
1218840 3070.5
1218850 3070.5
1218860 3076.1
1218870 3081.7
1218880 3081.7
1218890 3085.9
1218900 3085.6
1218910 3085.6
1218920 3087.2
1218930 3092.4
1218940 3097.4
1218950 3097.4
1218960 3100.2
1218970 3104.3
1218980 3104.3
1218990 3111.0
1219000 3118.1
1219010 3118.1
1219020 3125.9
1219030 3137.9
1219040 3137.9
1219050 3162.8
1219060 3185.9
1219070 3185.9
1219080 3197.2
1219090 3193.1
1219100 3193.1
1219110 3177.1
1219120 3170.0
1219130 3164.5
1219140 3164.5
1219150 3162.0
1219160 3163.7
1219170 3163.7
1219180 3164.3
1219190 3157.7
1219200 3157.7
1219210 3148.5
1219220 3142.0
1219230 3142.0
1219240 3131.9
1219250 3124.1
1219260 3124.1
1219270 3119.4
1219280 3114.4
1219290 3109.7
1219300 3109.7
1219310 3113.8
1219320 3116.4
1219330 3116.4
1219340 3117.2
1219350 3116.9
1219360 3116.9
1219370 3108.8
1219380 3103.0
1219390 3103.0
1219400 3099.2
1219410 3098.0
1219420 3098.0
1219430 3094.6
1219440 3087.8
1219450 3087.8
1219460 3081.1
1219470 3078.7
1219480 3076.1
1219490 3076.1
1219500 3075.5
1219510 3073.7
1219520 3073.7
1219530 3072.0
1219540 3071.3
1219550 3071.3
1219560 3071.8
1219570 3072.3
1219580 3072.3
1219590 3073.5
1219600 3072.3
1219610 3072.3
1219620 3065.3
1219630 3055.5
1219640 3055.5
1219650 3041.8
1219660 3035.0
1219670 3033.1
1219680 3033.1
1219690 3029.7
1219700 3034.7
1219710 3034.7
1219720 3034.0
1219730 3035.0
1219740 3035.0
1219750 3036.0
1219760 3036.3
1219770 3036.3
1219780 3036.0
1219790 3035.6
1219800 3035.6
1219810 3035.1
1219820 3034.1
1219830 3034.1
1219840 3032.5
1219850 3030.5
1219860 3028.9
1219870 3028.9
1219880 3028.7
1219890 3029.2
1219900 3029.2
1219910 3029.9
1219920 3030.7
1219930 3030.7
1219940 3030.9
1219950 3030.7
1219960 3030.7
1219970 3030.6
1219980 3032.1
1219990 3032.1
