1200000 2926.8
1200010 2929.3
1200020 2931.5
1200030 2931.5
1200040 2934.2
1200050 2936.6
1200060 2936.6
1200070 2938.9
1200080 2941.0
1200090 2941.0
1200100 2943.1
1200110 2945.4
1200120 2945.4
1200130 2947.7
1200140 2950.3
1200150 2950.3
1200160 2952.5
1200170 2953.8
1200180 2953.8
1200190 2956.1
1200200 2958.4
1200210 2960.3
1200220 2960.3
1200230 2962.5
1200240 2964.6
1200250 2964.6
1200260 2966.5
1200270 2968.3
1200280 2968.3
1200290 2970.3
1200300 2972.0
1200310 2972.0
1200320 2973.7
1200330 2975.1
1200340 2975.1
1200350 2976.5
1200360 2977.9
1200370 2977.9
1200380 2979.5
1200390 2980.9
1200400 2982.2
1200410 2982.2
1200420 2983.3
1200430 2984.4
1200440 2984.4
1200450 2985.5
1200460 2986.4
1200470 2986.4
1200480 2987.5
1200490 2988.5
1200500 2988.5
1200510 2989.6
1200520 2990.8
1200530 2990.8
1200540 2991.9
1200550 2993.0
1200560 2993.0
1200570 2994.1
1200580 2995.3
1200590 2996.4
1200600 2996.4
1200610 2997.5
1200620 2998.7
1200630 2998.7
1200640 2999.9
1200650 3001.1
1200660 3001.1
1200670 3002.8
1200680 3004.1
1200690 3004.1
1200700 3005.9
1200710 3007.5
1200720 3007.5
1200730 3009.3
1200740 3010.9
1200750 3010.9
1200760 3012.6
1200770 3014.3
1200780 3016.5
1200790 3016.5
1200800 3018.7
1200810 3020.6
1200820 3020.6
1200830 3022.0
1200840 3022.8
1200850 3022.8
1200860 3024.3
1200870 3028.0
1200880 3028.0
1200890 3032.4
1200900 3035.2
1200910 3035.2
1200920 3038.0
1200930 3041.3
1200940 3041.3
1200950 3045.3
1200960 3050.2
1200970 3055.6
1200980 3055.6
1200990 3061.7
1201000 3067.8
1201010 3067.8
1201020 3076.0
1201030 3089.4
1201040 3089.4
1201050 3100.1
1201060 3106.1
1201070 3106.1
1201080 3114.6
1201090 3121.1
1201100 3121.1
1201110 3127.6
1201120 3134.8
1201130 3134.8
1201140 3142.9
1201150 3150.4
1201160 3158.5
1201170 3158.5
1201180 3168.6
1201190 3179.0
1201200 3179.0
1201210 3188.3
1201220 3196.3
1201230 3196.3
1201240 3203.8
1201250 3208.8
1201260 3208.8
1201270 3211.6
1201280 3216.0
1201290 3216.0
1201300 3220.6
1201310 3224.3
1201320 3224.3
1201330 3227.9
1201340 3231.2
1201350 3234.1
1201360 3234.1
1201370 3236.6
1201380 3239.0
1201390 3239.0
1201400 3241.4
1201410 3243.6
1201420 3243.6
1201430 3245.4
1201440 3247.2
1201450 3247.2
1201460 3249.1
1201470 3250.7
1201480 3250.7
1201490 3252.0
1201500 3254.2
1201510 3260.1
1201520 3262.6
1201530 3265.7
1201540 3270.0
1201550 3270.0
1201560 3277.2
1201570 3286.0
1201580 3286.0
1201590 3298.6
1201600 3314.3
1201610 3314.3
1201620 3326.7
1201630 3334.3
1201640 3334.3
1201650 3342.2
1201660 3350.5
1201670 3350.5
1201680 3360.5
1201690 3371.3
1201700 3371.3
1201710 3380.2
1201720 3388.5
1201730 3398.1
1201740 3398.1
1201750 3401.7
1201760 3396.4
1201770 3396.4
1201780 3389.7
1201790 3381.0
1201800 3381.0
1201810 3370.0
1201820 3360.6
1201830 3360.6
1201840 3352.5
1201850 3343.1
1201860 3343.1
1201870 3338.3
1201880 3334.4
1201890 3327.8
1201900 3327.8
1201910 3319.6
1201920 3311.8
1201930 3311.8
1201940 3305.0
1201950 3298.2
1201960 3306.4
1201970 3299.0
1201980 3292.4
1201990 3292.4
1202000 3287.2
1202010 3282.4
1202020 3282.4
1202030 3278.0
1202040 3274.3
1202050 3274.3
1202060 3271.7
1202070 3269.8
1202080 3268.6
1202090 3268.6
1202100 3267.8
1202110 3267.3
1202120 3267.3
1202130 3267.1
1202140 3267.0
1202150 3267.0
1202160 3266.6
1202170 3265.6
1202180 3265.6
1202190 3263.8
1202200 3261.1
1202210 3261.1
1202220 3258.0
1202230 3256.3
1202240 3256.3
1202250 3256.1
1202260 3255.7
1202270 3254.1
1202280 3254.1
1202290 3250.8
1202300 3247.0
1202310 3247.0
1202320 3243.3
1202330 3233.9
1202340 3233.9
1202350 3224.2
1202360 3218.4
1202370 3218.4
1202380 3214.4
1202390 3213.4
1202400 3219.7
1202410 3208.5
1202420 3199.4
1202430 3199.4
1202440 3191.5
1202450 3184.1
1202460 3172.5
1202470 3172.5
1202480 3164.7
1202490 3161.0
1202500 3161.0
1202510 3157.5
1202520 3153.7
1202530 3153.7
1202540 3149.6
1202550 3146.3
1202560 3146.3
1202570 3143.9
1202580 3142.3
1202590 3142.3
1202600 3141.6
1202610 3140.6
1202620 3140.6
1202630 3138.2
1202640 3135.9
1202650 3135.4
1202660 3135.4
1202670 3137.9
1202680 3141.5
1202690 3141.5
1202700 3144.2
1202710 3143.9
1202720 3143.9
1202730 3141.3
1202740 3139.7
1202750 3139.7
1202760 3134.7
1202770 3129.4
1202780 3129.4
1202790 3125.3
1202800 3121.9
1202810 3121.9
1202820 3119.9
1202830 3115.1
1202840 3107.2
1202850 3123.2
1202860 3117.5
1202870 3110.1
1202880 3110.1
1202890 3108.1
1202900 3106.2
1202910 3106.2
1202920 3103.6
1202930 3101.2
1202940 3101.2
1202950 3101.2
1202960 3104.7
1202970 3104.7
1202980 3106.0
1202990 3106.3
1203000 3106.3
1203010 3098.1
1203020 3087.6
1203030 3078.8
1203040 3078.8
1203050 3071.0
1203060 3065.8
1203070 3065.8
1203080 3061.1
1203090 3056.8
1203100 3056.8
1203110 3054.2
1203120 3054.5
1203130 3054.5
1203140 3055.7
1203150 3056.4
1203160 3056.4
1203170 3056.3
1203180 3057.1
1203190 3057.1
1203200 3058.4
1203210 3059.7
1203220 3060.9
1203230 3060.9
1203240 3062.5
1203250 3064.0
1203260 3064.0
1203270 3065.1
1203280 3065.8
1203290 3065.8
1203300 3073.5
1203310 3073.7
1203320 3073.7
1203330 3073.6
1203340 3073.1
1203350 3073.1
1203360 3072.6
1203370 3071.6
1203380 3071.6
1203390 3073.0
1203400 3078.4
1203410 3086.2
1203420 3086.2
1203430 3093.8
1203440 3098.6
1203450 3098.6
1203460 3102.1
1203470 3109.0
1203480 3109.0
1203490 3110.8
1203500 3113.0
1203510 3113.0
1203520 3117.5
1203530 3117.2
1203540 3117.2
1203550 3118.4
1203560 3123.0
1203570 3123.0
1203580 3120.9
1203590 3114.7
1203600 3108.3
1203610 3108.3
1203620 3102.4
1203630 3097.2
1203640 3097.2
1203650 3091.9
1203660 3086.0
1203670 3086.0
1203680 3080.9
1203690 3076.6
1203700 3076.6
1203710 3077.1
1203720 3077.8
1203730 3077.8
1203740 3078.4
1203750 3084.4
1203760 3084.4
1203770 3072.9
1203780 3063.7
1203790 3060.8
1203800 3060.8
1203810 3062.3
1203820 3066.6
1203830 3066.6
1203840 3061.2
1203850 3051.8
1203860 3051.8
1203870 3042.2
1203880 3032.1
1203890 3032.1
1203900 3022.9
1203910 3012.0
1203920 3012.0
1203930 2996.9
1203940 2984.2
1203950 2984.2
1203960 2973.7
1203970 2964.3
1203980 2957.3
1203990 2957.3
1204000 2950.6
1204010 2939.5
1204020 2939.5
1204030 2922.8
1204040 2906.2
1204050 2906.2
1204060 2896.3
1204070 2890.4
1204080 2890.4
1204090 2887.2
1204100 2883.8
1204110 2883.8
1204120 2879.7
1204130 2875.3
1204140 2875.3
1204150 2871.0
1204160 2866.4
1204170 2862.4
1204180 2862.4
1204190 2858.6
1204200 2857.5
1204210 2857.5
1204220 2854.4
1204230 2851.8
1204240 2851.8
1204250 2849.1
1204260 2847.2
1204270 2847.2
1204280 2845.0
1204290 2841.4
1204300 2841.4
1204310 2837.0
1204320 2833.0
1204330 2829.5
1204340 2829.5
1204350 2827.0
1204360 2825.9
1204370 2825.9
1204380 2824.8
1204390 2822.7
1204400 2822.7
1204410 2820.9
1204420 2819.7
1204430 2819.7
1204440 2818.4
1204450 2815.8
1204460 2815.8
1204470 2811.9
1204480 2807.8
1204490 2807.8
1204500 2804.6
1204510 2802.2
1204520 2800.0
1204530 2800.0
1204540 2798.0
1204550 2796.4
1204560 2796.4
1204570 2794.6
1204580 2793.2
1204590 2793.2
1204600 2791.3
1204610 2788.2
1204620 2788.2
1204630 2783.1
1204640 2777.2
1204650 2773.4
1204660 2768.9
1204670 2765.0
1204680 2765.0
1204690 2761.0
1204700 2758.5
1204710 2756.2
1204720 2756.2
1204730 2753.0
1204740 2749.4
1204750 2749.4
1204760 2744.5
1204770 2740.4
1204780 2740.4
1204790 2737.4
1204800 2735.9
1204810 2735.9
1204820 2735.7
1204830 2734.8
1204840 2734.8
1204850 2732.7
1204860 2730.6
1204870 2730.6
1204880 2727.7
1204890 2724.1
1204900 2719.9
1204910 2719.9
1204920 2714.9
1204930 2709.7
1204940 2709.7
1204950 2705.3
1204960 2700.8
1204970 2700.8
1204980 2696.9
1204990 2694.7
1205000 2694.7
1205010 2693.8
1205020 2693.8
1205030 2693.8
1205040 2693.8
1205050 2693.1
1205060 2693.1
1205070 2693.4
1205080 2692.4
1205090 2691.1
1205100 2690.7
1205110 2691.9
1205120 2692.7
1205130 2692.7
1205140 2693.6
1205150 2694.4
1205160 2694.4
1205170 2696.5
1205180 2698.5
1205190 2698.5
1205200 2702.2
1205210 2707.0
1205220 2707.0
1205230 2712.0
1205240 2717.2
1205250 2717.2
1205260 2721.7
1205270 2725.9
1205280 2731.2
1205290 2731.2
1205300 2735.6
1205310 2741.3
1205320 2741.3
1205330 2749.1
1205340 2754.0
1205350 2754.0
1205360 2757.3
1205370 2759.7
1205380 2759.7
1205390 2761.6
1205400 2762.5
1205410 2762.5
1205420 2761.4
1205430 2762.2
1205440 2762.2
1205450 2762.2
1205460 2761.4
1205470 2760.9
1205480 2760.9
1205490 2760.3
1205500 2762.0
1205510 2762.0
1205520 2767.6
1205530 2772.8
1205540 2772.8
1205550 2778.8
1205560 2786.7
1205570 2786.7
1205580 2792.1
1205590 2795.1
1205600 2795.1
1205610 2799.0
1205620 2804.6
1205630 2804.6
1205640 2810.2
1205650 2811.5
1205660 2806.2
1205670 2806.2
1205680 2805.3
1205690 2808.5
1205700 2808.5
1205710 2808.0
1205720 2807.5
1205730 2807.5
1205740 2808.2
1205750 2809.1
1205760 2809.1
1205770 2809.7
1205780 2811.5
1205790 2811.5
1205800 2816.2
1205810 2819.4
1205820 2819.4
1205830 2821.9
1205840 2824.9
1205850 2829.4
1205860 2829.4
1205870 2834.8
1205880 2839.6
1205890 2839.6
1205900 2846.7
1205910 2850.5
1205920 2850.5
1205930 2855.0
1205940 2861.3
1205950 2861.3
1205960 2866.0
1205970 2868.8
1205980 2868.8
1205990 2872.7
1206000 2876.9
1206010 2875.1
1206020 2879.7
1206030 2884.1
1206040 2885.2
1206050 2885.2
1206060 2885.9
1206070 2887.5
1206080 2887.5
1206090 2886.4
1206100 2884.0
1206110 2884.0
1206120 2883.0
1206130 2882.8
1206140 2882.8
1206150 2882.9
1206160 2883.6
1206170 2883.6
1206180 2884.8
1206190 2887.2
1206200 2887.2
1206210 2889.8
1206220 2891.9
1206230 2892.9
1206240 2892.9
1206250 2896.1
1206260 2899.1
1206270 2899.1
1206280 2902.1
1206290 2906.7
1206300 2906.7
1206310 2911.4
1206320 2915.5
1206330 2915.5
1206340 2920.6
1206350 2927.1
1206360 2927.1
1206370 2933.5
1206380 2939.7
1206390 2939.7
1206400 2948.3
1206410 2960.0
1206420 2962.7
1206430 2962.7
1206440 2962.9
1206450 2963.4
1206460 2962.3
1206470 2961.2
1206480 2958.6
1206490 2958.6
1206500 2954.3
1206510 2951.2
1206520 2951.2
1206530 2951.0
1206540 2951.4
1206550 2951.4
1206560 2953.1
1206570 2956.3
1206580 2959.8
1206590 2959.8
1206600 2963.5
1206610 2967.4
1206620 2967.4
1206630 2971.2
1206640 2975.4
1206650 2975.4
1206660 2979.7
1206670 2984.2
1206680 2984.2
1206690 2988.7
1206700 2993.7
1206710 2993.7
1206720 2999.0
1206730 3004.2
1206740 3004.2
1206750 3009.0
1206760 3014.5
1206770 3021.0
1206780 3021.0
1206790 3027.0
1206800 3032.2
1206810 3032.2
1206820 3037.3
1206830 3042.9
1206840 3042.9
1206850 3049.2
1206860 3054.7
1206870 3054.7
1206880 3060.3
1206890 3066.3
1206900 3066.3
1206910 3072.8
1206920 3079.1
1206930 3079.1
1206940 3085.9
1206950 3092.8
1206960 3099.7
1206970 3099.7
1206980 3106.3
1206990 3113.6
1207000 3113.6
1207010 3120.5
1207020 3127.6
1207030 3127.6
1207040 3135.7
1207050 3143.6
1207060 3143.6
1207070 3151.9
1207080 3160.9
1207090 3160.9
1207100 3170.8
1207110 3179.8
1207120 3179.8
1207130 3187.3
1207140 3193.3
1207150 3200.9
1207160 3200.9
1207170 3207.4
1207180 3214.2
1207190 3214.2
1207200 3221.2
1207210 3228.4
1207220 3228.4
1207230 3235.8
1207240 3242.0
1207250 3242.0
1207260 3246.7
1207270 3245.7
1207280 3245.7
1207290 3244.0
1207300 3243.0
1207310 3243.0
1207320 3241.8
1207330 3239.2
1207340 3237.1
1207350 3237.1
1207360 3234.6
1207370 3228.1
1207380 3228.1
1207390 3224.8
1207400 3221.1
1207410 3221.1
1207420 3217.0
1207430 3211.8
1207440 3211.8
1207450 3206.4
1207460 3200.5
1207470 3200.5
1207480 3194.3
1207490 3186.8
1207500 3186.8
1207510 3179.4
1207520 3171.7
1207530 3164.0
1207540 3164.0
1207550 3156.9
1207560 3148.9
1207570 3148.9
1207580 3140.9
1207590 3133.3
1207600 3133.3
1207610 3125.9
1207620 3119.2
1207630 3119.2
1207640 3112.8
1207650 3106.8
1207660 3106.8
1207670 3100.9
1207680 3095.7
1207690 3095.7
1207700 3090.8
1207710 3085.8
1207720 3081.3
1207730 3081.3
1207740 3077.0
1207750 3072.8
1207760 3072.8
1207770 3068.6
1207780 3064.3
1207790 3064.3
1207800 3059.9
1207810 3055.8
1207820 3055.8
1207830 3050.0
1207840 3046.2
1207850 3046.2
1207860 3041.4
1207870 3035.3
1207880 3035.3
1207890 3029.2
1207900 3023.1
1207910 3017.2
1207920 3017.2
1207930 3012.1
1207940 3007.1
1207950 3007.1
1207960 3003.0
1207970 2999.3
1207980 2999.3
1207990 2996.2
1208000 2995.9
1208010 2995.9
1208020 2995.4
1208030 2994.7
1208040 2994.7
1208050 2994.8
1208060 2994.7
1208070 2994.7
1208080 2994.4
1208090 2994.0
1208100 2993.7
1208110 2993.7
1208120 2993.2
1208130 2993.0
1208140 2993.0
1208150 2993.3
1208160 2993.5
1208170 2993.5
1208180 2992.3
1208190 2990.0
1208200 2990.0
1208210 2987.7
1208220 2985.4
1208230 2985.4
1208240 2983.6
1208250 2981.9
1208260 2981.9
1208270 2979.9
1208280 2974.2
1208290 2971.9
1208300 2971.9
1208310 2970.7
1208320 2970.8
1208330 2970.8
1208340 2970.7
1208350 2963.8
1208360 2963.8
1208370 2960.1
1208380 2964.1
1208390 2964.1
1208400 2968.8
1208410 2967.1
1208420 2967.1
1208430 2963.4
1208440 2958.7
1208450 2958.7
1208460 2954.1
1208470 2949.9
1208480 2946.8
1208490 2946.8
1208500 2943.7
1208510 2940.3
1208520 2940.3
1208530 2937.0
1208540 2934.2
1208550 2934.2
1208560 2937.3
1208570 2943.0
1208580 2943.0
1208590 2939.0
1208600 2934.3
1208610 2934.3
1208620 2934.0
1208630 2932.3
1208640 2932.3
1208650 2934.2
1208660 2932.1
1208670 2929.1
1208680 2929.1
1208690 2930.4
1208700 2932.8
1208710 2932.8
1208720 2937.3
1208730 2942.8
1208740 2933.4
1208750 2936.9
1208760 2935.7
1208770 2935.7
1208780 2933.5
1208790 2931.1
1208800 2931.1
1208810 2928.9
1208820 2927.9
1208830 2927.9
1208840 2927.2
1208850 2926.0
1208860 2923.4
1208870 2923.4
1208880 2919.4
1208890 2915.0
1208900 2915.0
1208910 2912.9
1208920 2909.0
1208930 2909.0
1208940 2906.9
1208950 2910.2
1208960 2910.2
1208970 2910.2
1208980 2907.7
1208990 2907.7
1209000 2905.5
1209010 2905.7
1209020 2907.6
1209030 2907.6
1209040 2910.3
1209050 2912.1
1209060 2912.1
1209070 2913.7
1209080 2915.8
1209090 2915.8
1209100 2917.4
1209110 2919.0
1209120 2919.0
1209130 2921.6
1209140 2924.8
1209150 2924.8
1209160 2926.7
1209170 2928.5
1209180 2928.5
1209190 2930.7
1209200 2925.3
1209210 2926.2
1209220 2926.2
1209230 2926.6
1209240 2926.9
1209250 2926.9
1209260 2925.4
1209270 2922.4
1209280 2922.4
1209290 2919.4
1209300 2915.8
1209310 2915.8
1209320 2910.9
1209330 2906.9
1209340 2906.9
1209350 2903.4
1209360 2900.0
1209370 2900.0
1209380 2895.0
1209390 2889.4
1209400 2884.4
1209410 2884.4
1209420 2879.3
1209430 2874.7
1209440 2874.7
1209450 2870.3
1209460 2865.7
1209470 2865.7
1209480 2860.8
1209490 2856.2
1209500 2856.2
1209510 2851.9
1209520 2848.5
1209530 2848.5
1209540 2845.6
1209550 2843.7
1209560 2843.7
1209570 2842.1
1209580 2840.2
1209590 2837.7
1209600 2837.7
1209610 2835.5
1209620 2833.0
1209630 2833.0
1209640 2829.9
1209650 2825.9
1209660 2818.0
1209670 2811.1
1209680 2804.1
1209690 2804.1
1209700 2797.8
1209710 2790.9
1209720 2790.9
1209730 2787.2
1209740 2783.7
1209750 2783.7
1209760 2780.3
1209770 2776.9
1209780 2774.1
1209790 2774.1
1209800 2771.3
1209810 2768.4
1209820 2768.4
1209830 2764.8
1209840 2761.3
1209850 2761.3
1209860 2758.2
1209870 2755.9
1209880 2755.9
1209890 2753.9
1209900 2751.3
1209910 2751.3
1209920 2748.0
1209930 2743.8
1209940 2743.8
1209950 2739.8
1209960 2735.5
1209970 2730.3
1209980 2730.3
1209990 2725.8
1210000 2721.3
1210010 2721.3
1210020 2716.2
1210030 2711.2
1210040 2711.2
1210050 2705.6
1210060 2700.2
1210070 2700.2
1210080 2695.1
1210090 2690.5
1210100 2690.5
1210110 2686.2
1210120 2677.2
1210130 2677.2
1210140 2672.8
1210150 2668.6
1210160 2664.3
1210170 2664.3
1210180 2659.7
1210190 2655.1
1210200 2655.1
1210210 2650.5
1210220 2645.8
1210230 2645.8
1210240 2641.3
1210250 2636.5
1210260 2636.5
1210270 2631.3
1210280 2626.1
1210290 2626.1
1210300 2621.6
1210310 2617.2
1210320 2617.2
1210330 2612.4
1210340 2607.4
1210350 2602.8
1210360 2602.8
1210370 2598.3
1210380 2594.3
1210390 2594.3
1210400 2591.0
1210410 2586.7
1210420 2586.7
1210430 2581.1
1210440 2575.8
1210450 2575.8
1210460 2570.2
1210470 2566.2
1210480 2566.2
1210490 2562.0
1210500 2557.4
1210510 2557.4
1210520 2552.7
1210530 2549.0
1210540 2546.6
1210550 2546.6
1210560 2544.2
1210570 2541.6
1210580 2537.5
1210590 2534.2
1210600 2529.3
1210610 2529.3
1210620 2524.9
1210630 2519.8
1210640 2519.8
1210650 2515.3
1210660 2512.5
1210670 2512.5
1210680 2511.8
1210690 2511.1
1210700 2511.1
1210710 2509.1
1210720 2505.0
1210730 2498.1
1210740 2498.1
1210750 2487.1
1210760 2471.2
1210770 2471.2
1210780 2475.4
1210790 2482.4
1210800 2482.4
1210810 2482.2
1210820 2479.9
1210830 2479.9
1210840 2477.6
1210850 2473.1
1210860 2473.1
1210870 2472.8
1210880 2477.0
1210890 2477.0
1210900 2483.4
1210910 2491.6
1210920 2500.1
1210930 2500.1
1210940 2504.7
1210950 2505.4
1210960 2505.4
1210970 2504.9
1210980 2505.2
1210990 2505.2
1211000 2505.3
1211010 2505.1
1211020 2505.1
1211030 2504.9
1211040 2497.1
1211050 2497.1
1211060 2495.0
1211070 2492.9
1211080 2492.9
1211090 2490.8
1211100 2488.4
1211110 2486.9
1211120 2486.9
1211130 2485.8
1211140 2482.9
1211150 2482.9
1211160 2478.7
1211170 2474.9
1211180 2474.9
1211190 2471.7
1211200 2468.9
1211210 2468.9
1211220 2466.1
1211230 2462.9
1211240 2462.9
1211250 2459.4
1211260 2456.0
1211270 2453.1
1211280 2453.1
1211290 2450.4
1211300 2447.6
1211310 2447.6
1211320 2444.7
1211330 2441.6
1211340 2441.6
1211350 2438.5
1211360 2435.9
1211370 2435.9
1211380 2433.1
1211390 2430.2
1211400 2430.2
1211410 2427.6
1211420 2425.7
1211430 2425.7
1211440 2423.9
1211450 2422.8
1211460 2422.2
1211470 2422.2
1211480 2421.7
1211490 2421.0
1211500 2415.7
1211510 2416.3
1211520 2416.4
1211530 2416.4
1211540 2415.8
1211550 2415.2
1211560 2415.2
1211570 2415.3
1211580 2416.0
1211590 2416.0
1211600 2415.6
1211610 2415.2
1211620 2415.2
1211630 2415.6
1211640 2415.6
1211650 2415.4
1211660 2415.4
1211670 2415.0
1211680 2414.4
1211690 2414.4
1211700 2413.5
1211710 2412.7
1211720 2412.7
1211730 2411.5
1211740 2410.3
1211750 2410.3
1211760 2408.6
1211770 2407.6
1211780 2407.6
1211790 2406.3
1211800 2404.8
1211810 2404.8
1211820 2403.3
1211830 2402.3
1211840 2400.9
1211850 2400.9
1211860 2399.7
1211870 2398.0
1211880 2398.0
1211890 2396.3
1211900 2394.8
1211910 2394.8
1211920 2392.0
1211930 2392.1
1211940 2392.1
1211950 2392.6
1211960 2385.5
1211970 2385.5
1211980 2384.7
1211990 2383.4
1212000 2383.4
1212010 2381.8
1212020 2379.4
1212030 2378.1
1212040 2378.1
1212050 2377.3
1212060 2375.6
1212070 2375.6
1212080 2373.7
1212090 2372.1
1212100 2372.1
1212110 2365.1
1212120 2346.9
1212130 2346.9
1212140 2333.5
1212150 2331.2
1212160 2331.2
1212170 2335.2
1212180 2341.7
1212190 2341.7
1212200 2349.5
1212210 2355.9
1212220 2363.6
1212230 2363.6
1212240 2368.1
1212250 2364.5
1212260 2364.5
1212270 2356.2
1212280 2348.2
1212290 2348.2
1212300 2342.6
1212310 2339.6
1212320 2339.6
1212330 2342.1
1212340 2349.3
1212350 2349.3
1212360 2357.8
1212370 2365.9
1212380 2365.9
1212390 2372.7
1212400 2378.9
1212410 2381.5
1212420 2381.5
1212430 2376.6
1212440 2377.5
1212450 2377.5
1212460 2378.0
1212470 2378.2
1212480 2378.2
1212490 2378.1
1212500 2378.1
1212510 2378.1
1212520 2378.3
1212530 2378.3
1212540 2378.3
1212550 2378.8
1212560 2379.3
1212570 2379.3
1212580 2379.6
1212590 2379.8
1212600 2379.8
1212610 2379.8
1212620 2379.7
1212630 2379.5
1212640 2379.5
1212650 2379.4
1212660 2379.2
1212670 2379.2
1212680 2379.1
1212690 2379.0
1212700 2379.0
1212710 2378.9
1212720 2378.8
1212730 2378.8
1212740 2378.6
1212750 2378.0
1212760 2378.0
1212770 2377.5
1212780 2377.2
1212790 2377.0
1212800 2377.0
1212810 2376.4
1212820 2375.9
1212830 2375.9
1212840 2374.2
1212850 2373.9
1212860 2373.9
1212870 2374.9
1212880 2373.9
1212890 2367.8
1212900 2367.6
1212910 2367.3
1212920 2367.3
1212930 2366.8
1212940 2366.3
1212950 2366.3
1212960 2366.2
1212970 2366.1
1212980 2365.4
1212990 2365.4
1213000 2364.9
1213010 2364.6
1213020 2364.6
1213030 2364.7
1213040 2363.3
1213050 2363.3
1213060 2363.2
1213070 2363.4
1213080 2363.4
1213090 2363.2
1213100 2363.0
1213110 2363.0
1213120 2363.1
1213130 2363.1
1213140 2363.1
1213150 2363.2
1213160 2364.0
1213170 2364.7
1213180 2364.7
1213190 2364.9
1213200 2365.0
1213210 2365.0
1213220 2365.1
1213230 2365.4
1213240 2365.4
1213250 2365.8
1213260 2366.5
1213270 2366.5
1213280 2366.5
1213290 2366.3
1213300 2366.3
1213310 2366.0
1213320 2365.0
1213330 2363.4
1213340 2363.4
1213350 2355.1
1213360 2352.4
1213370 2352.4
1213380 2349.0
1213390 2345.6
1213400 2345.6
1213410 2342.1
1213420 2338.4
1213430 2338.4
1213440 2334.0
1213450 2328.3
1213460 2328.3
1213470 2323.6
1213480 2320.5
1213490 2320.5
1213500 2318.2
1213510 2311.9
1213520 2303.9
1213530 2303.9
1213540 2299.6
1213550 2297.4
1213560 2297.4
1213570 2294.1
1213580 2289.5
1213590 2289.5
1213600 2288.0
1213610 2289.6
1213620 2289.6
1213630 2289.9
1213640 2288.2
1213650 2288.2
1213660 2287.8
1213670 2287.3
1213680 2287.3
1213690 2284.3
1213700 2283.0
1213710 2287.5
1213720 2287.5
1213730 2290.0
1213740 2288.1
1213750 2288.1
1213760 2285.1
1213770 2282.0
1213780 2282.0
1213790 2279.0
1213800 2276.5
1213810 2276.5
1213820 2270.3
1213830 2268.1
1213840 2268.1
1213850 2265.8
1213860 2263.7
1213870 2263.7
1213880 2261.6
1213890 2259.5
1213900 2257.4
1213910 2257.4
1213920 2255.6
1213930 2253.7
1213940 2253.7
1213950 2251.3
1213960 2248.2
1213970 2248.2
1213980 2244.1
1213990 2239.6
1214000 2239.6
1214010 2236.2
1214020 2233.9
1214030 2233.9
1214040 2231.1
1214050 2228.4
1214060 2228.4
1214070 2225.2
1214080 2221.8
1214090 2218.0
1214100 2218.0
1214110 2211.3
1214120 2205.6
1214130 2205.6
1214140 2201.1
1214150 2195.9
1214160 2195.9
1214170 2190.4
1214180 2185.5
1214190 2185.5
1214200 2180.5
1214210 2175.8
1214220 2175.8
1214230 2172.3
1214240 2166.8
1214250 2166.8
1214260 2161.3
1214270 2157.3
1214280 2151.9
1214290 2144.2
1214300 2135.9
1214310 2129.3
1214320 2129.3
1214330 2124.1
1214340 2118.2
1214350 2118.2
1214360 2113.7
1214370 2111.9
1214380 2111.9
1214390 2109.4
1214400 2106.2
1214410 2106.2
1214420 2101.5
1214430 2094.8
1214440 2094.8
1214450 2090.1
1214460 2086.7
1214470 2082.8
1214480 2082.8
1214490 2078.4
1214500 2074.7
1214510 2074.7
1214520 2071.1
1214530 2067.2
1214540 2067.2
1214550 2063.4
1214560 2059.4
1214570 2059.4
1214580 2055.2
1214590 2050.3
1214600 2050.3
1214610 2045.9
1214620 2042.4
1214630 2042.4
1214640 2038.6
1214650 2034.7
1214660 2031.0
1214670 2031.0
1214680 2026.5
1214690 2020.9
1214700 2020.9
1214710 2014.9
1214720 2009.8
1214730 2009.8
1214740 2005.8
1214750 1997.0
1214760 1997.0
1214770 1991.7
1214780 1985.8
1214790 1985.8
1214800 1980.4
1214810 1975.4
1214820 1975.4
1214830 1970.0
1214840 1964.4
1214850 1958.7
1214860 1958.7
1214870 1952.9
1214880 1947.2
1214890 1947.2
1214900 1941.8
1214910 1935.6
1214920 1935.6
1214930 1927.7
1214940 1922.7
1214950 1922.7
1214960 1918.5
1214970 1913.6
1214980 1913.6
1214990 1908.9
1215000 1904.8
1215010 1904.8
1215020 1901.1
1215030 1897.2
1215040 1895.5
1215050 1895.5
1215060 1894.0
1215070 1894.1
1215080 1894.1
1215090 1893.4
1215100 1892.2
1215110 1892.2
1215120 1892.1
1215130 1892.6
1215140 1892.6
1215150 1892.7
1215160 1892.7
1215170 1892.7
1215180 1893.3
1215190 1893.7
1215200 1893.7
1215210 1890.8
1215220 1886.0
1215230 1885.2
1215240 1885.2
1215250 1882.4
1215260 1877.1
1215270 1877.1
1215280 1872.4
1215290 1872.2
1215300 1872.2
1215310 1876.9
1215320 1885.8
1215330 1885.8
1215340 1891.8
1215350 1894.2
1215360 1894.2
1215370 1896.2
1215380 1897.7
1215390 1897.7
1215400 1898.3
1215410 1900.3
1215420 1902.2
1215430 1902.2
1215440 1905.6
1215450 1910.4
1215460 1910.4
1215470 1915.5
1215480 1920.0
1215490 1920.0
1215500 1921.9
1215510 1924.5
1215520 1924.5
1215530 1928.6
1215540 1931.8
1215550 1931.8
1215560 1936.1
1215570 1940.4
1215580 1945.9
1215590 1945.9
1215600 1954.3
1215610 1965.9
1215620 1965.9
1215630 1976.9
1215640 1982.3
1215650 1982.3
1215660 1989.0
1215670 1999.5
1215680 1999.5
1215690 2011.2
1215700 2018.6
1215710 2018.6
1215720 2022.2
1215730 2024.6
1215740 2024.6
1215750 2028.0
1215760 2032.2
1215770 2038.0
1215780 2038.0
1215790 2046.1
1215800 2058.9
1215810 2058.9
1215820 2069.8
1215830 2079.0
1215840 2079.0
1215850 2085.1
1215860 2091.4
1215870 2091.4
1215880 2096.7
1215890 2101.6
1215900 2101.6
1215910 2107.4
1215920 2112.6
1215930 2112.6
1215940 2116.5
1215950 2120.3
1215960 2124.8
1215970 2124.8
1215980 2129.2
1215990 2135.7
1216000 2135.7
1216010 2150.4
1216020 2158.9
1216030 2158.9
1216040 2162.5
1216050 2172.3
1216060 2172.3
1216070 2181.1
1216080 2188.4
1216090 2188.4
1216100 2196.2
1216110 2204.7
1216120 2204.7
1216130 2205.1
1216140 2204.1
1216150 2214.2
1216160 2219.3
1216170 2236.2
1216180 2248.6
1216190 2248.6
1216200 2255.3
1216210 2258.7
1216220 2258.7
1216230 2263.9
1216240 2268.1
1216250 2268.1
1216260 2270.1
1216270 2276.3
1216280 2276.3
1216290 2282.3
1216300 2290.7
1216310 2290.7
1216320 2297.4
1216330 2305.6
1216340 2313.4
1216350 2313.4
1216360 2320.2
1216370 2329.3
1216380 2329.3
1216390 2337.2
1216400 2341.7
1216410 2341.7
1216420 2345.3
1216430 2347.8
1216440 2347.8
1216450 2349.2
1216460 2352.2
1216470 2352.2
1216480 2353.7
1216490 2353.2
1216500 2353.2
1216510 2353.5
1216520 2354.1
1216530 2355.0
1216540 2355.0
1216550 2356.9
1216560 2358.5
1216570 2358.5
1216580 2360.9
1216590 2364.0
1216600 2364.0
1216610 2367.1
1216620 2366.9
1216630 2370.8
1216640 2370.0
1216650 2372.1
1216660 2372.1
1216670 2376.5
1216680 2381.6
1216690 2381.6
1216700 2385.6
1216710 2387.9
1216720 2389.7
1216730 2389.7
1216740 2391.6
1216750 2393.6
1216760 2393.6
1216770 2395.8
1216780 2398.2
1216790 2398.2
1216800 2400.0
1216810 2403.0
1216820 2403.0
1216830 2407.0
1216840 2410.0
1216850 2410.0
1216860 2412.1
1216870 2414.1
1216880 2414.1
1216890 2412.9
1216900 2412.9
1216910 2416.4
1216920 2416.4
1216930 2421.3
1216940 2428.6
1216950 2428.6
1216960 2439.0
1216970 2451.2
1216980 2451.2
1216990 2458.1
1217000 2466.2
1217010 2466.2
1217020 2475.8
1217030 2480.7
1217040 2480.7
1217050 2483.4
1217060 2483.8
1217070 2483.8
1217080 2484.7
1217090 2488.9
1217100 2494.9
1217110 2499.7
1217120 2505.0
1217130 2508.1
1217140 2508.1
1217150 2512.5
1217160 2516.1
1217170 2516.1
1217180 2516.4
1217190 2514.3
1217200 2514.3
1217210 2513.9
1217220 2515.4
1217230 2515.4
1217240 2518.1
1217250 2525.1
1217260 2525.1
1217270 2533.4
1217280 2539.6
1217290 2543.7
1217300 2543.7
1217310 2549.6
1217320 2554.0
1217330 2554.0
1217340 2557.5
1217350 2560.8
1217360 2560.8
1217370 2563.5
1217380 2563.6
1217390 2563.6
1217400 2564.8
1217410 2567.9
1217420 2567.9
1217430 2565.6
1217440 2559.9
1217450 2559.9
1217460 2563.2
1217470 2564.9
1217480 2565.2
1217490 2565.2
1217500 2565.1
1217510 2565.1
1217520 2565.1
1217530 2565.3
1217540 2566.2
1217550 2566.2
1217560 2566.5
1217570 2567.5
1217580 2573.6
1217590 2575.8
1217600 2577.8
1217610 2577.8
1217620 2579.0
1217630 2580.0
1217640 2578.8
1217650 2578.8
1217660 2575.9
1217670 2572.3
1217680 2572.3
1217690 2569.0
1217700 2566.9
1217710 2566.9
1217720 2564.5
1217730 2560.6
1217740 2560.6
1217750 2554.7
1217760 2547.8
1217770 2547.8
1217780 2545.9
1217790 2545.9
1217800 2545.9
1217810 2545.8
1217820 2545.2
1217830 2544.0
1217840 2544.0
1217850 2543.1
1217860 2541.5
1217870 2541.5
1217880 2541.6
1217890 2542.9
1217900 2542.9
1217910 2544.4
1217920 2545.0
1217930 2545.0
1217940 2546.0
1217950 2547.1
1217960 2547.1
1217970 2547.6
1217980 2547.9
1217990 2547.9
1218000 2548.0
1218010 2547.7
1218020 2547.0
1218030 2547.0
1218040 2546.5
1218050 2550.2
1218060 2550.2
1218070 2551.6
1218080 2553.3
1218090 2553.3
1218100 2555.2
1218110 2557.2
1218120 2557.2
1218130 2560.2
1218140 2564.4
1218150 2564.4
1218160 2570.0
1218170 2576.4
1218180 2576.4
1218190 2580.3
1218200 2580.7
1218210 2581.5
1218220 2581.5
1218230 2582.7
1218240 2582.7
1218250 2582.7
1218260 2582.4
1218270 2583.2
1218280 2583.2
1218290 2585.8
1218300 2587.5
1218310 2587.5
1218320 2588.8
1218330 2590.2
1218340 2590.2
1218350 2592.3
1218360 2593.5
1218370 2593.5
1218380 2593.7
1218390 2594.1
1218400 2594.6
1218410 2594.6
1218420 2594.2
1218430 2594.1
1218440 2594.1
1218450 2594.8
1218460 2596.3
1218470 2596.3
1218480 2598.0
1218490 2599.8
1218500 2599.8
1218510 2601.8
1218520 2603.6
1218530 2606.9
1218540 2608.9
1218550 2610.5
1218560 2610.5
1218570 2611.7
1218580 2612.7
1218590 2614.3
1218600 2614.3
1218610 2616.0
1218620 2618.3
1218630 2618.3
1218640 2621.5
1218650 2625.5
1218660 2625.5
1218670 2629.7
1218680 2634.5
1218690 2634.5
1218700 2638.7
1218710 2642.5
1218720 2642.5
1218730 2646.5
1218740 2650.3
1218750 2650.3
1218760 2653.2
1218770 2656.1
1218780 2659.5
1218790 2659.5
1218800 2662.5
1218810 2664.1
1218820 2664.1
1218830 2664.4
1218840 2663.3
1218850 2663.3
1218860 2662.8
1218870 2664.4
1218880 2664.4
1218890 2667.0
1218900 2669.8
1218910 2669.8
1218920 2672.5
1218930 2674.6
1218940 2674.6
1218950 2676.8
1218960 2679.7
1218970 2682.6
1218980 2682.6
1218990 2685.7
1219000 2688.0
1219010 2688.0
1219020 2691.0
1219030 2694.0
1219040 2694.0
1219050 2696.8
1219060 2701.0
1219070 2701.0
1219080 2705.2
1219090 2708.3
1219100 2708.3
1219110 2711.4
1219120 2715.1
1219130 2715.1
1219140 2719.0
1219150 2723.9
1219160 2729.1
1219170 2729.1
1219180 2734.0
1219190 2739.0
1219200 2739.0
1219210 2744.1
1219220 2750.3
1219230 2750.3
1219240 2756.0
1219250 2760.7
1219260 2760.7
1219270 2762.4
1219280 2761.3
1219290 2761.3
1219300 2761.2
1219310 2761.3
1219320 2761.3
1219330 2761.9
1219340 2762.5
1219350 2763.5
1219360 2763.5
1219370 2765.9
1219380 2768.8
1219390 2768.8
1219400 2771.5
1219410 2774.1
1219420 2774.1
1219430 2777.2
1219440 2780.4
1219450 2780.4
1219460 2783.8
1219470 2786.9
1219480 2787.8
1219490 2790.7
1219500 2793.3
1219510 2793.3
1219520 2795.6
1219530 2797.7
1219540 2800.5
1219550 2800.5
1219560 2804.0
1219570 2808.5
1219580 2808.5
1219590 2814.2
1219600 2820.0
1219610 2820.0
1219620 2827.1
1219630 2835.0
1219640 2835.0
1219650 2841.7
1219660 2845.4
1219670 2845.4
1219680 2847.4
1219690 2848.6
1219700 2848.0
1219710 2848.0
1219720 2846.3
1219730 2844.5
1219740 2844.5
1219750 2843.9
1219760 2843.9
1219770 2843.9
1219780 2844.1
1219790 2845.5
1219800 2845.5
1219810 2849.2
1219820 2854.2
1219830 2854.2
1219840 2859.5
1219850 2865.6
1219860 2865.6
1219870 2872.4
1219880 2879.1
1219890 2885.4
1219900 2885.4
1219910 2892.5
1219920 2900.5
1219930 2900.5
1219940 2908.1
1219950 2920.4
1219960 2920.4
1219970 2928.6
1219980 2937.5
1219990 2937.5
