1200000 2956.3
1200010 2975.9
1200020 2984.9
1200030 2984.9
1200040 3014.0
1200050 3041.1
1200060 3041.1
1200070 3057.7
1200080 3058.5
1200090 3057.2
1200100 3057.2
1200110 3056.2
1200120 3054.0
1200130 3054.0
1200140 3060.8
1200150 3073.4
1200160 3073.4
1200170 3084.1
1200180 3096.3
1200190 3096.3
1200200 3106.3
1200210 3113.9
1200220 3113.9
1200230 3121.2
1200240 3129.7
1200250 3129.7
1200260 3136.6
1200270 3148.9
1200280 3158.6
1200290 3158.6
1200300 3167.0
1200310 3180.8
1200320 3180.8
1200330 3190.3
1200340 3197.3
1200350 3197.3
1200360 3204.9
1200370 3210.6
1200380 3210.6
1200390 3218.1
1200400 3226.3
1200410 3226.3
1200420 3233.8
1200430 3226.8
1200440 3226.8
1200450 3215.4
1200460 3202.7
1200470 3196.5
1200480 3196.5
1200490 3196.9
1200500 3195.4
1200510 3195.4
1200520 3193.7
1200530 3191.9
1200540 3191.9
1200550 3190.4
1200560 3189.1
1200570 3189.1
1200580 3187.8
1200590 3186.5
1200600 3186.5
1200610 3185.4
1200620 3184.3
1200630 3184.3
1200640 3183.0
1200650 3181.8
1200660 3180.6
1200670 3180.6
1200680 3179.5
1200690 3178.5
1200700 3178.5
1200710 3177.8
1200720 3177.3
1200730 3177.3
1200740 3177.0
1200750 3176.8
1200760 3176.8
1200770 3176.8
1200780 3176.9
1200790 3176.9
1200800 3177.1
1200810 3177.4
1200820 3177.4
1200830 3177.8
1200840 3178.5
1200850 3179.7
1200860 3179.7
1200870 3179.1
1200880 3181.4
1200890 3181.4
1200900 3183.2
1200910 3186.6
1200920 3186.6
1200930 3189.3
1200940 3191.6
1200950 3191.6
1200960 3195.3
1200970 3199.4
1200980 3199.4
1200990 3203.9
1201000 3208.5
1201010 3208.5
1201020 3214.5
1201030 3226.7
1201040 3239.1
1201050 3239.1
1201060 3246.3
1201070 3251.3
1201080 3251.3
1201090 3257.4
1201100 3263.3
1201110 3263.3
1201120 3273.2
1201130 3279.8
1201140 3279.8
1201150 3286.8
1201160 3290.3
1201170 3290.3
1201180 3287.9
1201190 3288.7
1201200 3288.7
1201210 3292.7
1201220 3295.7
1201230 3303.6
1201240 3303.6
1201250 3316.9
1201260 3324.1
1201270 3324.1
1201280 3318.8
1201290 3312.7
1201300 3312.7
1201310 3310.5
1201320 3304.4
1201330 3304.4
1201340 3300.8
1201350 3297.8
1201360 3297.8
1201370 3294.9
1201380 3292.2
1201390 3292.2
1201400 3289.4
1201410 3286.5
1201420 3283.5
1201430 3283.5
1201440 3280.4
1201450 3277.2
1201460 3277.2
1201470 3273.9
1201480 3270.3
1201490 3270.3
1201500 3266.5
1201510 3262.5
1201520 3262.5
1201530 3258.5
1201540 3254.3
1201550 3254.3
1201560 3250.3
1201570 3246.2
1201580 3246.2
1201590 3242.6
1201600 3238.9
1201610 3235.2
1201620 3235.2
1201630 3231.7
1201640 3228.1
1201650 3228.1
1201660 3224.6
1201670 3221.1
1201680 3221.1
1201690 3217.9
1201700 3214.7
1201710 3214.7
1201720 3211.7
1201730 3208.9
1201740 3208.9
1201750 3206.3
1201760 3203.6
1201770 3203.6
1201780 3201.4
1201790 3199.3
1201800 3197.3
1201810 3197.3
1201820 3195.4
1201830 3193.7
1201840 3193.7
1201850 3191.9
1201860 3190.2
1201870 3190.2
1201880 3188.6
1201890 3187.0
1201900 3187.0
1201910 3185.4
1201920 3183.8
1201930 3183.8
1201940 3182.3
1201950 3180.8
1201960 3180.8
1201970 3179.3
1201980 3177.8
1201990 3176.2
1202000 3176.2
1202010 3174.7
1202020 3173.1
1202030 3173.1
1202040 3171.5
1202050 3169.9
1202060 3169.9
1202070 3168.2
1202080 3166.5
1202090 3166.5
1202100 3164.9
1202110 3163.2
1202120 3163.2
1202130 3161.6
1202140 3159.9
1202150 3159.9
1202160 3158.3
1202170 3156.6
1202180 3154.9
1202190 3154.9
1202200 3153.2
1202210 3150.1
1202220 3150.1
1202230 3148.3
1202240 3146.4
1202250 3146.4
1202260 3144.4
1202270 3142.5
1202280 3142.5
1202290 3140.4
1202300 3138.2
1202310 3138.2
1202320 3136.2
1202330 3134.3
1202340 3134.3
1202350 3132.2
1202360 3129.8
1202370 3127.7
1202380 3127.7
1202390 3125.6
1202400 3123.5
1202410 3123.5
1202420 3121.4
1202430 3119.3
1202440 3119.3
1202450 3117.4
1202460 3115.7
1202470 3115.7
1202480 3114.2
1202490 3113.5
1202500 3113.5
1202510 3113.6
1202520 3113.2
1202530 3113.2
1202540 3111.5
1202550 3109.3
1202560 3105.9
1202570 3105.9
1202580 3104.6
1202590 3103.9
1202600 3103.9
1202610 3100.9
1202620 3099.1
1202630 3099.1
1202640 3099.4
1202650 3094.0
1202660 3094.0
1202670 3091.3
1202680 3088.6
1202690 3088.6
1202700 3086.2
1202710 3084.3
1202720 3084.3
1202730 3084.4
1202740 3083.1
1202750 3081.3
1202760 3081.3
1202770 3079.2
1202780 3076.0
1202790 3076.0
1202800 3070.1
1202810 3064.8
1202820 3064.8
1202830 3060.4
1202840 3056.4
1202850 3056.4
1202860 3055.2
1202870 3053.9
1202880 3053.9
1202890 3051.0
1202900 3047.2
1202910 3047.2
1202920 3044.2
1202930 3042.9
1202940 3039.0
1202950 3039.0
1202960 3033.8
1202970 3028.1
1202980 3028.1
1202990 3024.4
1203000 3030.0
1203010 3030.0
1203020 3035.6
1203030 3038.2
1203040 3038.2
1203050 3039.7
1203060 3036.9
1203070 3036.9
1203080 3032.8
1203090 3029.2
1203100 3021.5
1203110 3017.4
1203120 3012.8
1203130 3008.2
1203140 3008.2
1203150 3003.7
1203160 3000.5
1203170 3000.5
1203180 2998.1
1203190 2995.5
1203200 2995.5
1203210 2990.5
1203220 2986.0
1203230 2986.0
1203240 2984.1
1203250 2981.3
1203260 2981.3
1203270 2977.2
1203280 2971.8
1203290 2971.8
1203300 2964.4
1203310 2958.2
1203320 2951.6
1203330 2951.6
1203340 2946.2
1203350 2942.8
1203360 2942.8
1203370 2941.0
1203380 2938.9
1203390 2938.9
1203400 2936.3
1203410 2935.2
1203420 2935.2
1203430 2934.6
1203440 2935.0
1203450 2935.0
1203460 2938.3
1203470 2940.7
1203480 2940.7
1203490 2943.6
1203500 2946.4
1203510 2948.4
1203520 2948.4
1203530 2949.5
1203540 2949.8
1203550 2946.0
1203560 2945.8
1203570 2944.3
1203580 2944.3
1203590 2940.9
1203600 2936.6
1203610 2936.6
1203620 2932.0
1203630 2928.0
1203640 2928.0
1203650 2925.3
1203660 2923.1
1203670 2921.4
1203680 2921.4
1203690 2919.5
1203700 2917.2
1203710 2917.2
1203720 2915.5
1203730 2913.6
1203740 2913.6
1203750 2912.3
1203760 2912.2
1203770 2912.2
1203780 2912.0
1203790 2911.2
1203800 2911.2
1203810 2909.1
1203820 2907.3
1203830 2907.3
1203840 2909.2
1203850 2911.8
1203860 2912.9
1203870 2912.9
1203880 2912.7
1203890 2913.0
1203900 2913.0
1203910 2917.2
1203920 2922.4
1203930 2922.4
1203940 2928.9
1203950 2935.9
1203960 2935.9
1203970 2939.5
1203980 2939.0
1203990 2939.0
1204000 2935.1
1204010 2931.6
1204020 2931.6
1204030 2929.0
1204040 2928.3
1204050 2929.2
1204060 2929.2
1204070 2930.4
1204080 2929.5
1204090 2929.5
1204100 2927.9
1204110 2926.2
1204120 2926.2
1204130 2924.8
1204140 2923.3
1204150 2923.3
1204160 2922.0
1204170 2920.2
1204180 2920.2
1204190 2917.0
1204200 2914.0
1204210 2914.0
1204220 2911.6
1204230 2909.3
1204240 2908.2
1204250 2908.2
1204260 2906.9
1204270 2905.0
1204280 2905.0
1204290 2902.0
1204300 2900.6
1204310 2900.6
1204320 2901.3
1204330 2900.9
1204340 2900.9
1204350 2898.5
1204360 2895.5
1204370 2895.5
1204380 2893.5
1204390 2893.4
1204400 2893.4
1204410 2893.5
1204420 2892.1
1204430 2889.4
1204440 2889.4
1204450 2884.3
1204460 2879.6
1204470 2879.6
1204480 2876.6
1204490 2875.3
1204500 2875.3
1204510 2873.9
1204520 2872.4
1204530 2872.4
1204540 2871.2
1204550 2870.6
1204560 2870.6
1204570 2870.4
1204580 2870.5
1204590 2870.5
1204600 2870.6
1204610 2870.8
1204620 2870.9
1204630 2870.9
1204640 2872.0
1204650 2876.7
1204660 2876.7
1204670 2883.8
1204680 2890.6
1204690 2890.6
1204700 2898.9
1204710 2916.9
1204720 2916.9
1204730 2924.9
1204740 2925.4
1204750 2925.4
1204760 2923.5
1204770 2921.2
1204780 2921.2
1204790 2922.6
1204800 2925.4
1204810 2928.2
1204820 2928.2
1204830 2930.4
1204840 2932.1
1204850 2932.1
1204860 2933.2
1204870 2933.8
1204880 2933.8
1204890 2934.2
1204900 2933.4
1204910 2933.4
1204920 2933.0
1204930 2932.6
1204940 2932.6
1204950 2931.9
1204960 2931.0
1204970 2931.0
1204980 2930.1
1204990 2929.2
1205000 2928.5
1205010 2928.5
1205020 2927.8
1205030 2927.0
1205040 2927.0
1205050 2926.5
1205060 2926.1
1205070 2926.1
1205080 2925.7
1205090 2925.4
1205100 2925.4
1205110 2925.2
1205120 2925.2
1205130 2925.2
1205140 2925.3
1205150 2925.6
1205160 2925.6
1205170 2926.1
1205180 2926.8
1205190 2927.7
1205200 2927.7
1205210 2928.8
1205220 2930.0
1205230 2930.0
1205240 2931.2
1205250 2932.4
1205260 2932.4
1205270 2933.7
1205280 2934.9
1205290 2934.9
1205300 2935.9
1205310 2936.7
1205320 2936.7
1205330 2937.5
1205340 2938.1
1205350 2935.5
1205360 2936.1
1205370 2936.5
1205380 2937.2
1205390 2937.2
1205400 2937.9
1205410 2938.8
1205420 2938.8
1205430 2939.6
1205440 2941.0
1205450 2941.0
1205460 2942.3
1205470 2943.7
1205480 2943.7
1205490 2945.1
1205500 2946.6
1205510 2946.6
1205520 2948.3
1205530 2950.4
1205540 2950.4
1205550 2952.7
1205560 2955.0
1205570 2957.1
1205580 2957.1
1205590 2959.2
1205600 2961.3
1205610 2961.3
1205620 2963.2
1205630 2965.1
1205640 2965.1
1205650 2967.2
1205660 2969.1
1205670 2969.1
1205680 2970.9
1205690 2972.5
1205700 2972.5
1205710 2973.8
1205720 2975.0
1205730 2975.0
1205740 2975.7
1205750 2976.1
1205760 2977.5
1205770 2977.5
1205780 2979.4
1205790 2983.0
1205800 2983.0
1205810 2989.7
1205820 2992.2
1205830 2992.2
1205840 2990.8
1205850 2995.4
1205860 2995.4
1205870 3005.2
1205880 3011.5
1205890 3011.5
1205900 3015.0
1205910 3018.1
1205920 3018.1
1205930 3020.7
1205940 3022.5
1205950 3024.5
1205960 3024.5
1205970 3026.5
1205980 3027.8
1205990 3027.8
1206000 3028.4
1206010 3029.4
1206020 3029.4
1206030 3030.7
1206040 3031.8
1206050 3031.8
1206060 3033.2
1206070 3035.0
1206080 3035.0
1206090 3036.9
1206100 3039.9
1206110 3039.9
1206120 3043.2
1206130 3045.9
1206140 3048.3
1206150 3048.3
1206160 3050.3
1206170 3051.9
1206180 3051.9
1206190 3053.2
1206200 3054.0
1206210 3054.0
1206220 3054.6
1206230 3055.0
1206240 3055.0
1206250 3055.2
1206260 3054.1
1206270 3054.1
1206280 3054.5
1206290 3055.7
1206300 3055.7
1206310 3057.6
1206320 3059.9
1206330 3062.5
1206340 3062.5
1206350 3065.4
1206360 3068.3
1206370 3068.3
1206380 3071.3
1206390 3073.8
1206400 3073.8
1206410 3076.5
1206420 3082.2
1206430 3082.2
1206440 3088.0
1206450 3093.0
1206460 3093.0
1206470 3096.2
1206480 3100.5
1206490 3100.5
1206500 3105.3
1206510 3109.8
1206520 3115.5
1206530 3115.5
1206540 3120.7
1206550 3125.9
1206560 3125.9
1206570 3130.5
1206580 3135.1
1206590 3135.1
1206600 3138.0
1206610 3140.8
1206620 3140.8
1206630 3143.8
1206640 3145.3
1206650 3145.3
1206660 3145.4
1206670 3146.5
1206680 3146.5
1206690 3147.2
1206700 3146.8
1206710 3150.4
1206720 3150.4
1206730 3150.5
1206740 3151.8
1206750 3151.8
1206760 3153.8
1206770 3157.0
1206780 3157.0
1206790 3161.8
1206800 3165.2
1206810 3165.2
1206820 3168.2
1206830 3171.1
1206840 3171.1
1206850 3174.5
1206860 3178.9
1206870 3178.9
1206880 3183.7
1206890 3188.5
1206900 3194.1
1206910 3194.1
1206920 3201.9
1206930 3209.0
1206940 3209.0
1206950 3213.8
1206960 3216.7
1206970 3216.7
1206980 3218.5
1206990 3219.1
1207000 3219.1
1207010 3219.5
1207020 3221.4
1207030 3221.4
1207040 3225.2
1207050 3230.4
1207060 3230.4
1207070 3236.4
1207080 3242.6
1207090 3248.2
1207100 3248.2
1207110 3254.2
1207120 3261.4
1207130 3261.4
1207140 3269.5
1207150 3277.8
1207160 3277.8
1207170 3283.1
1207180 3290.7
1207190 3290.7
1207200 3298.5
1207210 3306.5
1207220 3306.5
1207230 3317.2
1207240 3329.5
1207250 3329.5
1207260 3338.0
1207270 3347.0
1207280 3353.8
1207290 3353.8
1207300 3359.4
1207310 3369.2
1207320 3369.2
1207330 3381.1
1207340 3389.6
1207350 3389.6
1207360 3396.4
1207370 3397.4
1207380 3397.4
1207390 3386.6
1207400 3371.3
1207410 3371.3
1207420 3358.7
1207430 3350.2
1207440 3350.2
1207450 3341.6
1207460 3331.5
1207470 3323.8
1207480 3323.8
1207490 3319.0
1207500 3317.7
1207510 3317.7
1207520 3317.7
1207530 3318.0
1207540 3318.0
1207550 3317.9
1207560 3317.4
1207570 3317.4
1207580 3316.6
1207590 3315.6
1207600 3315.6
1207610 3314.4
1207620 3313.1
1207630 3310.2
1207640 3309.0
1207650 3307.7
1207660 3306.4
1207670 3306.4
1207680 3305.1
1207690 3303.5
1207700 3303.5
1207710 3301.8
1207720 3300.3
1207730 3300.3
1207740 3299.1
1207750 3297.4
1207760 3297.4
1207770 3295.4
1207780 3293.4
1207790 3293.4
1207800 3291.3
1207810 3289.7
1207820 3289.7
1207830 3288.4
1207840 3288.0
1207850 3289.5
1207860 3289.5
1207870 3293.0
1207880 3299.3
1207890 3299.3
1207900 3302.8
1207910 3304.9
1207920 3304.9
1207930 3304.0
1207940 3304.8
1207950 3304.8
1207960 3306.9
1207970 3310.7
1207980 3310.7
1207990 3314.6
1208000 3318.5
1208010 3318.5
1208020 3322.7
1208030 3326.0
1208040 3328.4
1208050 3328.4
1208060 3331.1
1208070 3334.4
1208080 3327.9
1208090 3331.1
1208100 3335.4
1208110 3335.4
1208120 3339.9
1208130 3346.5
1208140 3346.5
1208150 3352.1
1208160 3357.1
1208170 3357.1
1208180 3362.5
1208190 3367.5
1208200 3367.5
1208210 3371.0
1208220 3374.2
1208230 3372.9
1208240 3372.9
1208250 3365.6
1208260 3355.8
1208270 3355.8
1208280 3346.3
1208290 3339.2
1208300 3339.2
1208310 3331.1
1208320 3321.4
1208330 3321.4
1208340 3313.6
1208350 3306.9
1208360 3306.9
1208370 3300.0
1208380 3292.9
1208390 3292.9
1208400 3285.6
1208410 3277.9
1208420 3270.9
1208430 3270.9
1208440 3265.1
1208450 3259.4
1208460 3259.4
1208470 3253.8
1208480 3248.6
1208490 3248.6
1208500 3242.8
1208510 3238.6
1208520 3238.6
1208530 3236.5
1208540 3226.5
1208550 3226.5
1208560 3225.4
1208570 3223.2
1208580 3221.0
1208590 3221.0
1208600 3218.2
1208610 3215.5
1208620 3215.5
1208630 3214.5
1208640 3212.4
1208650 3212.4
1208660 3210.6
1208670 3208.9
1208680 3208.9
1208690 3204.6
1208700 3196.3
1208710 3196.3
1208720 3189.2
1208730 3181.3
1208740 3181.3
1208750 3173.8
1208760 3168.6
1208770 3162.5
1208780 3162.5
1208790 3156.6
1208800 3151.6
1208810 3151.6
1208820 3146.9
1208830 3142.6
1208840 3142.6
1208850 3136.8
1208860 3132.5
1208870 3132.5
1208880 3131.0
1208890 3129.4
1208900 3129.4
1208910 3125.7
1208920 3119.4
1208930 3119.4
1208940 3110.9
1208950 3101.7
1208960 3092.9
1208970 3092.9
1208980 3086.7
1208990 3080.2
1209000 3088.6
1209010 3085.0
1209020 3080.9
1209030 3080.9
1209040 3072.1
1209050 3061.9
1209060 3061.9
1209070 3052.0
1209080 3043.6
1209090 3043.6
1209100 3035.8
1209110 3028.3
1209120 3028.3
1209130 3022.6
1209140 3017.9
1209150 3015.4
1209160 3015.4
1209170 3016.8
1209180 3017.6
1209190 3017.6
1209200 3016.6
1209210 3014.3
1209220 3014.3
1209230 3012.5
1209240 3009.4
1209250 3009.4
1209260 3003.6
1209270 2996.8
1209280 2996.8
1209290 2989.9
1209300 2984.1
1209310 2984.1
1209320 2982.5
1209330 2980.6
1209340 2977.3
1209350 2977.3
1209360 2971.7
1209370 2966.2
1209380 2966.2
1209390 2961.9
1209400 2957.9
1209410 2957.9
1209420 2954.0
1209430 2951.5
1209440 2951.5
1209450 2949.3
1209460 2948.2
1209470 2948.2
1209480 2944.8
1209490 2941.1
1209500 2941.1
1209510 2936.4
1209520 2932.0
1209530 2928.5
1209540 2928.5
1209550 2926.2
1209560 2925.0
1209570 2925.0
1209580 2923.9
1209590 2923.1
1209600 2923.1
1209610 2923.9
1209620 2925.1
1209630 2925.1
1209640 2923.9
1209650 2919.1
1209660 2919.1
1209670 2915.4
1209680 2913.4
1209690 2913.4
1209700 2912.8
1209710 2912.4
1209720 2914.4
1209730 2914.4
1209740 2917.5
1209750 2916.1
1209760 2916.1
1209770 2911.7
1209780 2907.4
1209790 2907.4
1209800 2904.1
1209810 2900.9
1209820 2900.9
1209830 2898.3
1209840 2895.8
1209850 2895.8
1209860 2891.7
1209870 2888.6
1209880 2888.6
1209890 2886.8
1209900 2887.0
1209910 2885.7
1209920 2885.7
1209930 2888.5
1209940 2889.4
1209950 2889.4
1209960 2888.1
1209970 2885.6
1209980 2885.6
1209990 2881.6
1210000 2877.1
1210010 2877.1
1210020 2873.3
1210030 2869.9
1210040 2869.9
1210050 2866.6
1210060 2864.2
1210070 2864.2
1210080 2863.0
1210090 2863.2
1210100 2865.3
1210110 2865.3
1210120 2869.2
1210130 2873.1
1210140 2873.1
1210150 2876.7
1210160 2879.6
1210170 2879.6
1210180 2881.5
1210190 2882.9
1210200 2882.9
1210210 2884.5
1210220 2886.5
1210230 2886.5
1210240 2890.5
1210250 2895.6
1210260 2895.6
1210270 2900.8
1210280 2906.4
1210290 2910.9
1210300 2910.9
1210310 2907.5
1210320 2900.7
1210330 2900.7
1210340 2893.8
1210350 2886.9
1210360 2886.9
1210370 2879.1
1210380 2874.5
1210390 2874.5
1210400 2871.6
1210410 2870.8
1210420 2870.8
1210430 2871.9
1210440 2875.1
1210450 2875.1
1210460 2879.7
1210470 2884.3
1210480 2889.6
1210490 2889.6
1210500 2896.6
1210510 2904.0
1210520 2904.0
1210530 2910.4
1210540 2916.0
1210550 2916.0
1210560 2920.6
1210570 2925.4
1210580 2925.4
1210590 2929.8
1210600 2932.1
1210610 2932.1
1210620 2932.7
1210630 2933.2
1210640 2933.2
1210650 2933.7
1210660 2936.1
1210670 2939.2
1210680 2939.2
1210690 2941.7
1210700 2945.1
1210710 2945.1
1210720 2947.9
1210730 2950.2
1210740 2950.2
1210750 2953.6
1210760 2960.4
1210770 2960.4
1210780 2968.3
1210790 2973.2
1210800 2973.2
1210810 2977.6
1210820 2983.5
1210830 2983.5
1210840 2984.3
1210850 2987.4
1210860 2994.4
1210870 2994.4
1210880 3000.1
1210890 2999.5
1210900 2999.5
1210910 2994.8
1210920 2988.3
1210930 2988.3
1210940 2980.8
1210950 2972.3
1210960 2972.3
1210970 2965.1
1210980 2958.7
1210990 2958.7
1211000 2951.1
1211010 2943.6
1211020 2943.6
1211030 2936.0
1211040 2928.8
1211050 2922.1
1211060 2922.1
1211070 2915.0
1211080 2908.2
1211090 2908.2
1211100 2901.2
1211110 2893.8
1211120 2893.8
1211130 2886.3
1211140 2879.0
1211150 2879.0
1211160 2873.1
1211170 2868.3
1211180 2868.3
1211190 2863.4
1211200 2859.3
1211210 2859.3
1211220 2855.5
1211230 2851.3
1211240 2847.5
1211250 2847.5
1211260 2843.3
1211270 2837.9
1211280 2837.9
1211290 2832.2
1211300 2824.1
1211310 2824.1
1211320 2818.1
1211330 2811.2
1211340 2811.2
1211350 2805.0
1211360 2797.4
1211370 2797.4
1211380 2791.8
1211390 2787.0
1211400 2787.0
1211410 2780.4
1211420 2775.7
1211430 2768.2
1211440 2768.2
1211450 2760.6
1211460 2748.1
1211470 2748.1
1211480 2736.6
1211490 2728.6
1211500 2728.6
1211510 2719.7
1211520 2707.1
1211530 2707.1
1211540 2700.1
1211550 2696.7
1211560 2696.7
1211570 2696.4
1211580 2695.6
1211590 2695.6
1211600 2694.5
1211610 2692.5
1211620 2688.4
1211630 2688.4
1211640 2684.3
1211650 2681.6
1211660 2681.6
1211670 2678.2
1211680 2674.7
1211690 2674.7
1211700 2672.3
1211710 2670.3
1211720 2670.3
1211730 2668.6
1211740 2668.0
1211750 2668.0
1211760 2664.9
1211770 2664.1
1211780 2664.1
1211790 2664.1
1211800 2664.9
1211810 2666.4
1211820 2666.4
1211830 2667.4
1211840 2668.0
1211850 2668.0
1211860 2670.2
1211870 2673.9
1211880 2673.9
1211890 2678.5
1211900 2683.9
1211910 2683.9
1211920 2688.5
1211930 2694.4
1211940 2694.4
1211950 2700.0
1211960 2704.7
1211970 2704.7
1211980 2709.7
1211990 2713.4
1212000 2716.2
1212010 2716.2
1212020 2719.5
1212030 2724.0
1212040 2724.0
1212050 2727.9
1212060 2731.9
1212070 2731.9
1212080 2736.3
1212090 2739.3
1212100 2739.3
1212110 2737.0
1212120 2733.9
1212130 2733.9
1212140 2731.3
1212150 2730.0
1212160 2730.0
1212170 2732.5
1212180 2738.4
1212190 2743.9
1212200 2743.9
1212210 2749.5
1212220 2755.1
1212230 2755.1
1212240 2765.2
1212250 2770.9
1212260 2770.9
1212270 2775.4
1212280 2779.7
1212290 2779.7
1212300 2781.3
1212310 2782.9
1212320 2782.9
1212330 2788.5
1212340 2793.2
1212350 2793.2
1212360 2796.2
1212370 2800.4
1212380 2803.3
1212390 2803.3
1212400 2807.2
1212410 2813.7
1212420 2813.7
1212430 2816.7
1212440 2818.8
1212450 2818.8
1212460 2820.9
1212470 2822.3
1212480 2822.3
1212490 2824.5
1212500 2827.4
1212510 2827.4
1212520 2827.0
1212530 2827.2
1212540 2827.2
1212550 2826.9
1212560 2824.8
1212570 2821.6
1212580 2821.6
1212590 2819.1
1212600 2817.9
1212610 2817.9
1212620 2816.5
1212630 2813.8
1212640 2813.8
1212650 2809.4
1212660 2805.3
1212670 2805.3
1212680 2802.1
1212690 2795.9
1212700 2795.9
1212710 2795.2
1212720 2794.0
1212730 2792.3
1212740 2792.3
1212750 2789.7
1212760 2786.5
1212770 2786.5
1212780 2783.5
1212790 2781.6
1212800 2781.6
1212810 2779.4
1212820 2775.5
1212830 2775.5
1212840 2768.3
1212850 2761.5
1212860 2761.5
1212870 2755.3
1212880 2749.1
1212890 2749.1
1212900 2743.9
1212910 2738.1
1212920 2732.1
1212930 2732.1
1212940 2727.7
1212950 2725.5
1212960 2725.5
1212970 2724.4
1212980 2725.2
1212990 2725.2
1213000 2722.7
1213010 2717.6
1213020 2717.6
1213030 2710.5
1213040 2702.3
1213050 2702.3
1213060 2694.8
1213070 2687.7
1213080 2687.7
1213090 2682.3
1213100 2678.4
1213110 2674.4
1213120 2674.4
1213130 2669.8
1213140 2665.8
1213150 2661.2
1213160 2658.2
1213170 2654.7
1213180 2654.7
1213190 2650.9
1213200 2648.0
1213210 2648.0
1213220 2647.4
1213230 2646.1
1213240 2646.1
1213250 2645.8
1213260 2644.3
1213270 2644.3
1213280 2642.1
1213290 2639.9
1213300 2637.7
1213310 2637.7
1213320 2634.1
1213330 2628.0
1213340 2628.0
1213350 2622.3
1213360 2616.9
1213370 2616.9
1213380 2612.9
1213390 2611.1
1213400 2611.1
1213410 2608.8
1213420 2605.4
1213430 2605.4
1213440 2602.8
1213450 2600.8
1213460 2600.8
1213470 2598.5
1213480 2595.2
1213490 2591.9
1213500 2591.9
1213510 2589.4
1213520 2587.3
1213530 2587.3
1213540 2587.3
1213550 2590.0
1213560 2590.0
1213570 2591.4
1213580 2591.8
1213590 2591.8
1213600 2590.7
1213610 2588.0
1213620 2586.2
1213630 2583.0
1213640 2579.2
1213650 2579.2
1213660 2575.4
1213670 2571.6
1213680 2570.2
1213690 2570.2
1213700 2569.3
1213710 2569.2
1213720 2569.2
1213730 2566.4
1213740 2561.3
1213750 2561.3
1213760 2555.8
1213770 2549.5
1213780 2549.5
1213790 2542.2
1213800 2535.5
1213810 2535.5
1213820 2529.4
1213830 2523.3
1213840 2523.3
1213850 2518.2
1213860 2513.8
1213870 2509.1
1213880 2509.1
1213890 2504.2
1213900 2500.2
1213910 2500.2
1213920 2497.8
1213930 2495.5
1213940 2495.5
1213950 2493.7
1213960 2493.3
1213970 2493.3
1213980 2491.0
1213990 2486.1
1214000 2486.1
1214010 2480.9
1214020 2476.0
1214030 2476.0
1214040 2471.4
1214050 2467.0
1214060 2460.8
1214070 2460.8
1214080 2449.7
1214090 2443.1
1214100 2443.1
1214110 2436.8
1214120 2430.1
1214130 2430.1
1214140 2423.0
1214150 2416.0
1214160 2416.0
1214170 2409.8
1214180 2403.8
1214190 2403.8
1214200 2397.9
1214210 2392.6
1214220 2392.6
1214230 2386.9
1214240 2380.9
1214250 2374.9
1214260 2374.9
1214270 2369.4
1214280 2366.1
1214290 2366.1
1214300 2363.3
1214310 2359.0
1214320 2359.0
1214330 2354.3
1214340 2348.3
1214350 2348.3
1214360 2341.4
1214370 2334.0
1214380 2334.0
1214390 2327.3
1214400 2321.0
1214410 2321.0
1214420 2315.5
1214430 2309.0
1214440 2305.1
1214450 2305.1
1214460 2305.0
1214470 2303.2
1214480 2303.2
1214490 2300.3
1214500 2296.8
1214510 2296.8
1214520 2291.6
1214530 2287.3
1214540 2287.3
1214550 2277.8
1214560 2275.2
1214570 2275.2
1214580 2273.4
1214590 2270.3
1214600 2270.3
1214610 2265.0
1214620 2259.4
1214630 2253.4
1214640 2253.4
1214650 2250.7
1214660 2248.3
1214670 2248.3
1214680 2241.9
1214690 2234.3
1214700 2234.3
1214710 2226.8
1214720 2219.8
1214730 2219.8
1214740 2215.5
1214750 2212.5
1214760 2212.5
1214770 2208.8
1214780 2202.8
1214790 2202.8
1214800 2193.6
1214810 2184.4
1214820 2179.3
1214830 2179.3
1214840 2174.7
1214850 2170.5
1214860 2170.5
1214870 2168.2
1214880 2166.1
1214890 2166.1
1214900 2163.3
1214910 2160.9
1214920 2160.9
1214930 2158.8
1214940 2157.2
1214950 2157.2
1214960 2154.8
1214970 2151.8
1214980 2151.8
1214990 2148.8
1215000 2146.2
1215010 2145.1
1215020 2138.9
1215030 2138.2
1215040 2136.2
1215050 2136.2
1215060 2133.9
1215070 2131.1
1215080 2131.1
1215090 2129.3
1215100 2124.7
1215110 2124.7
1215120 2121.9
1215130 2117.8
1215140 2117.8
1215150 2108.4
1215160 2102.5
1215170 2102.5
1215180 2091.7
1215190 2084.5
1215200 2079.7
1215210 2079.7
1215220 2075.3
1215230 2067.9
1215240 2067.9
1215250 2061.6
1215260 2058.6
1215270 2058.6
1215280 2055.9
1215290 2052.2
1215300 2052.2
1215310 2052.1
1215320 2057.5
1215330 2057.5
1215340 2059.2
1215350 2058.9
1215360 2058.9
1215370 2059.9
1215380 2059.7
1215390 2058.4
1215400 2058.4
1215410 2056.8
1215420 2055.2
1215430 2055.2
1215440 2054.2
1215450 2052.9
1215460 2052.9
1215470 2050.4
1215480 2047.9
1215490 2044.4
1215500 2042.4
1215510 2040.4
1215520 2040.4
1215530 2041.5
1215540 2042.5
1215550 2042.5
1215560 2041.9
1215570 2041.3
1215580 2039.7
1215590 2039.7
1215600 2037.3
1215610 2033.0
1215620 2033.0
1215630 2029.4
1215640 2027.8
1215650 2027.8
1215660 2027.7
1215670 2027.7
1215680 2027.7
1215690 2028.4
1215700 2027.4
1215710 2027.4
1215720 2024.5
1215730 2022.6
1215740 2022.6
1215750 2019.3
1215760 2013.5
1215770 2008.4
1215780 2008.4
1215790 2004.7
1215800 2002.0
1215810 2002.0
1215820 1998.8
1215830 1995.0
1215840 1995.0
1215850 1989.9
1215860 1984.8
1215870 1984.8
1215880 1983.9
1215890 1979.0
1215900 1979.0
1215910 1973.1
1215920 1968.9
1215930 1968.9
1215940 1965.7
1215950 1962.0
1215960 1949.1
1215970 1949.1
1215980 1944.4
1215990 1939.3
1216000 1939.3
1216010 1932.4
1216020 1930.1
1216030 1930.1
1216040 1927.8
1216050 1922.7
1216060 1922.7
1216070 1916.4
1216080 1908.5
1216090 1908.5
1216100 1901.1
1216110 1899.7
1216120 1899.7
1216130 1898.9
1216140 1895.4
1216150 1891.9
1216160 1891.9
1216170 1886.9
1216180 1877.0
1216190 1877.0
1216200 1870.6
1216210 1869.0
1216220 1869.0
1216230 1865.4
1216240 1862.1
1216250 1862.1
1216260 1859.6
1216270 1856.6
1216280 1856.6
1216290 1856.1
1216300 1854.3
1216310 1854.3
1216320 1850.1
1216330 1847.2
1216340 1845.6
1216350 1845.6
1216360 1844.9
1216370 1846.4
1216380 1846.4
1216390 1850.3
1216400 1853.7
1216410 1853.7
1216420 1852.8
1216430 1863.3
1216440 1863.3
1216450 1867.1
1216460 1868.4
1216470 1868.4
1216480 1868.7
1216490 1868.9
1216500 1868.9
1216510 1869.2
1216520 1871.1
1216530 1872.9
1216540 1872.9
1216550 1874.3
1216560 1876.1
1216570 1876.1
1216580 1876.7
1216590 1876.1
1216600 1876.1
1216610 1874.7
1216620 1877.1
1216630 1877.1
1216640 1884.7
1216650 1892.5
1216660 1892.5
1216670 1900.7
1216680 1908.3
1216690 1911.9
1216700 1911.9
1216710 1914.4
1216720 1915.6
1216730 1915.6
1216740 1917.6
1216750 1919.9
1216760 1919.9
1216770 1922.7
1216780 1924.3
1216790 1924.3
1216800 1925.5
1216810 1928.1
1216820 1928.1
1216830 1933.2
1216840 1939.6
1216850 1939.6
1216860 1945.5
1216870 1951.1
1216880 1957.3
1216890 1957.3
1216900 1968.5
1216910 1976.0
1216920 1976.0
1216930 1985.1
1216940 2002.7
1216950 2002.7
1216960 2022.7
1216970 2036.9
1216980 2036.9
1216990 2051.2
1217000 2059.8
1217010 2059.8
1217020 2062.0
1217030 2062.4
1217040 2062.4
1217050 2064.2
1217060 2070.3
1217070 2086.3
1217080 2086.3
1217090 2102.0
1217100 2116.0
1217110 2116.0
1217120 2122.6
1217130 2128.4
1217140 2128.4
1217150 2131.4
1217160 2133.1
1217170 2133.1
1217180 2141.7
1217190 2152.8
1217200 2152.8
1217210 2158.5
1217220 2164.1
1217230 2164.1
1217240 2167.1
1217250 2169.4
1217260 2172.3
1217270 2172.3
1217280 2172.2
1217290 2173.8
1217300 2173.8
1217310 2179.7
1217320 2190.1
1217330 2190.1
1217340 2196.9
1217350 2203.2
1217360 2203.2
1217370 2213.9
1217380 2222.8
1217390 2222.8
1217400 2227.7
1217410 2228.4
1217420 2228.4
1217430 2229.6
1217440 2233.0
1217450 2239.9
1217460 2239.9
1217470 2250.8
1217480 2258.7
1217490 2258.7
1217500 2267.0
1217510 2276.6
1217520 2276.6
1217530 2283.4
1217540 2287.9
1217550 2287.9
1217560 2292.0
1217570 2298.4
1217580 2298.4
1217590 2305.2
1217600 2307.7
1217610 2307.7
1217620 2307.8
1217630 2307.7
1217640 2314.1
1217650 2314.1
1217660 2324.6
1217670 2332.2
1217680 2332.2
1217690 2338.6
1217700 2346.1
1217710 2346.1
1217720 2355.2
1217730 2366.5
1217740 2366.5
1217750 2374.9
1217760 2380.9
1217770 2380.9
1217780 2388.9
1217790 2395.3
1217800 2395.3
1217810 2400.4
1217820 2407.9
1217830 2414.2
1217840 2414.2
1217850 2426.0
1217860 2430.8
1217870 2430.8
1217880 2433.0
1217890 2435.2
1217900 2435.2
1217910 2438.8
1217920 2442.1
1217930 2442.1
1217940 2445.6
1217950 2450.3
1217960 2450.3
1217970 2456.2
1217980 2461.5
1217990 2461.5
1218000 2464.3
1218010 2465.5
1218020 2467.5
1218030 2467.5
1218040 2471.6
1218050 2474.8
1218060 2474.8
1218070 2477.7
1218080 2482.4
1218090 2482.4
1218100 2489.6
1218110 2497.5
1218120 2497.5
1218130 2503.4
1218140 2507.6
1218150 2507.6
1218160 2510.6
1218170 2511.3
1218180 2511.3
1218190 2511.6
1218200 2514.2
1218210 2519.3
1218220 2519.3
1218230 2526.7
1218240 2537.9
1218250 2537.9
1218260 2546.3
1218270 2554.8
1218280 2554.8
1218290 2560.5
1218300 2565.2
1218310 2565.2
1218320 2573.5
1218330 2579.3
1218340 2579.3
1218350 2586.7
1218360 2594.5
1218370 2594.5
1218380 2599.3
1218390 2603.2
1218400 2607.7
1218410 2607.7
1218420 2613.0
1218430 2618.6
1218440 2618.6
1218450 2625.2
1218460 2631.9
1218470 2631.9
1218480 2637.8
1218490 2643.8
1218500 2643.8
1218510 2651.9
1218520 2659.4
1218530 2659.4
1218540 2663.5
1218550 2666.6
1218560 2666.6
1218570 2669.0
1218580 2672.8
1218590 2677.3
1218600 2677.3
1218610 2683.4
1218620 2689.6
1218630 2689.6
1218640 2694.5
1218650 2699.5
1218660 2699.5
1218670 2705.1
1218680 2709.9
1218690 2709.9
1218700 2716.0
1218710 2722.6
1218720 2722.6
1218730 2728.8
1218740 2733.8
1218750 2733.8
1218760 2738.2
1218770 2747.8
1218780 2756.3
1218790 2763.2
1218800 2770.9
1218810 2778.0
1218820 2778.0
1218830 2780.5
1218840 2778.5
1218850 2778.5
1218860 2781.4
1218870 2789.8
1218880 2789.8
1218890 2798.4
1218900 2808.1
1218910 2808.1
1218920 2821.0
1218930 2827.1
1218940 2827.1
1218950 2833.5
1218960 2834.6
1218970 2833.6
1218980 2833.6
1218990 2830.5
1219000 2829.6
1219010 2829.6
1219020 2839.5
1219030 2845.9
1219040 2845.9
1219050 2850.2
1219060 2854.6
1219070 2854.6
1219080 2858.4
1219090 2867.2
1219100 2867.2
1219110 2867.0
1219120 2861.4
1219130 2861.4
1219140 2857.4
1219150 2852.9
1219160 2847.9
1219170 2847.9
1219180 2843.5
1219190 2841.6
1219200 2841.6
1219210 2841.0
1219220 2839.9
1219230 2839.9
1219240 2839.3
1219250 2840.2
1219260 2840.2
1219270 2846.2
1219280 2849.9
1219290 2849.9
1219300 2853.6
1219310 2857.5
1219320 2857.5
1219330 2862.3
1219340 2867.9
1219350 2874.7
1219360 2874.7
1219370 2881.0
1219380 2887.1
1219390 2887.1
1219400 2893.6
1219410 2899.8
1219420 2899.8
1219430 2905.4
1219440 2912.1
1219450 2912.1
1219460 2921.1
1219470 2932.0
1219480 2932.0
1219490 2942.6
1219500 2950.7
1219510 2950.7
1219520 2957.8
1219530 2965.5
1219540 2974.1
1219550 2974.1
1219560 2982.3
1219570 2988.9
1219580 2988.9
1219590 2987.7
1219600 2983.5
1219610 2983.5
1219620 2983.0
1219630 2989.7
1219640 2989.7
1219650 3000.9
1219660 3010.8
1219670 3010.8
1219680 3014.8
1219690 3013.0
1219700 3013.0
1219710 3007.5
1219720 3002.2
1219730 2999.6
1219740 2999.6
1219750 3008.4
1219760 3011.8
1219770 3011.8
1219780 3010.5
1219790 3005.1
1219800 3005.1
1219810 2999.6
1219820 2995.5
1219830 2995.5
1219840 2991.9
1219850 2988.0
1219860 2988.0
1219870 2984.0
1219880 2980.3
1219890 2980.3
1219900 2977.6
1219910 2975.4
1219920 2974.3
1219930 2974.3
1219940 2973.6
1219950 2972.5
1219960 2972.5
1219970 2972.7
1219980 2973.4
1219990 2973.4
