1200000 3035.3
1200010 3035.3
1200020 3031.0
1200030 3027.3
1200040 3024.2
1200050 3024.2
1200060 3021.9
1200070 3019.4
1200080 3019.4
1200090 3017.0
1200100 3014.4
1200110 3014.4
1200120 3011.7
1200130 3008.9
1200140 3008.9
1200150 3005.8
1200160 3002.8
1200170 3007.4
1200180 3004.6
1200190 3001.6
1200200 3001.6
1200210 2998.7
1200220 2995.7
1200230 2992.7
1200240 2992.7
1200250 2989.7
1200260 2986.7
1200270 2986.7
1200280 2983.8
1200290 2980.9
1200300 2980.9
1200310 2978.8
1200320 2976.8
1200330 2976.8
1200340 2973.5
1200350 2971.7
1200360 2971.7
1200370 2970.9
1200380 2969.9
1200390 2969.9
1200400 2968.1
1200410 2965.4
1200420 2962.2
1200430 2962.2
1200440 2960.6
1200450 2961.7
1200460 2961.7
1200470 2963.6
1200480 2965.3
1200490 2965.3
1200500 2966.8
1200510 2967.3
1200520 2967.3
1200530 2967.3
1200540 2968.2
1200550 2968.2
1200560 2969.6
1200570 2971.2
1200580 2971.2
1200590 2972.9
1200600 2974.2
1200610 2980.8
1200620 2980.8
1200630 2980.9
1200640 2980.8
1200650 2980.8
1200660 2980.4
1200670 2980.0
1200680 2980.0
1200690 2979.8
1200700 2979.8
1200710 2979.8
1200720 2979.6
1200730 2979.3
1200740 2979.3
1200750 2980.4
1200760 2980.9
1200770 2980.9
1200780 2981.2
1200790 2981.2
1200800 2981.0
1200810 2981.0
1200820 2981.1
1200830 2981.2
1200840 2981.2
1200850 2981.3
1200860 2981.3
1200870 2981.3
1200880 2980.8
1200890 2981.2
1200900 2981.2
1200910 2981.2
1200920 2979.9
1200930 2979.9
1200940 2982.7
1200950 2985.1
1200960 2985.1
1200970 2987.2
1200980 2990.7
1200990 2998.5
1201000 2998.5
1201010 3011.8
1201020 3024.4
1201030 3024.4
1201040 3034.5
1201050 3046.4
1201060 3054.7
1201070 3065.9
1201080 3078.8
1201090 3078.8
1201100 3088.3
1201110 3087.3
1201120 3087.3
1201130 3083.2
1201140 3079.6
1201150 3079.6
1201160 3077.3
1201170 3075.9
1201180 3075.0
1201190 3075.0
1201200 3074.4
1201210 3074.1
1201220 3074.1
1201230 3073.9
1201240 3073.4
1201250 3073.4
1201260 3072.4
1201270 3071.2
1201280 3071.2
1201290 3069.9
1201300 3068.5
1201310 3068.5
1201320 3066.9
1201330 3065.2
1201340 3065.2
1201350 3063.4
1201360 3061.4
1201370 3059.5
1201380 3059.5
1201390 3057.4
1201400 3055.3
1201410 3055.3
1201420 3052.6
1201430 3050.5
1201440 3050.5
1201450 3048.1
1201460 3045.4
1201470 3045.4
1201480 3042.5
1201490 3038.9
1201500 3038.9
1201510 3037.9
1201520 3034.5
1201530 3034.5
1201540 3030.3
1201550 3025.8
1201560 3020.6
1201570 3020.6
1201580 3015.1
1201590 3008.9
1201600 3008.9
1201610 3002.2
1201620 2995.5
1201630 2995.5
1201640 2989.6
1201650 2985.0
1201660 2985.0
1201670 2981.5
1201680 2978.8
1201690 2978.8
1201700 2976.6
1201710 2975.1
1201720 2975.1
1201730 2973.8
1201740 2972.5
1201750 2971.4
1201760 2971.4
1201770 2970.5
1201780 2969.5
1201790 2969.5
1201800 2968.4
1201810 2967.1
1201820 2967.1
1201830 2965.8
1201840 2964.7
1201850 2964.7
1201860 2963.7
1201870 2963.4
1201880 2963.4
1201890 2963.2
1201900 2962.6
1201910 2962.6
1201920 2962.1
1201930 2961.4
1201940 2960.8
1201950 2962.2
1201960 2961.3
1201970 2960.7
1201980 2960.7
1201990 2959.8
1202000 2958.4
1202010 2958.4
1202020 2956.8
1202030 2955.9
1202040 2955.9
1202050 2955.7
1202060 2955.9
1202070 2955.9
1202080 2956.0
1202090 2955.1
1202100 2955.1
1202110 2955.3
1202120 2955.8
1202130 2955.9
1202140 2955.9
1202150 2955.5
1202160 2953.9
1202170 2953.9
1202180 2951.5
1202190 2950.1
1202200 2950.1
1202210 2947.5
1202220 2944.8
1202230 2944.8
1202240 2942.6
1202250 2940.5
1202260 2940.5
1202270 2939.4
1202280 2938.8
1202290 2938.8
1202300 2939.2
1202310 2940.3
1202320 2942.3
1202330 2942.3
1202340 2946.0
1202350 2950.5
1202360 2950.5
1202370 2954.5
1202380 2958.4
1202390 2958.4
1202400 2969.1
1202410 2971.7
1202420 2971.7
1202430 2973.2
1202440 2975.3
1202450 2975.3
1202460 2976.5
1202470 2976.9
1202480 2976.9
1202490 2976.2
1202500 2975.6
1202510 2974.5
1202520 2974.5
1202530 2974.2
1202540 2973.7
1202550 2973.7
1202560 2972.0
1202570 2969.5
1202580 2969.5
1202590 2967.4
1202600 2964.6
1202610 2964.6
1202620 2963.0
1202630 2961.4
1202640 2961.4
1202650 2960.0
1202660 2960.7
1202670 2960.7
1202680 2961.0
1202690 2962.5
1202700 2964.8
1202710 2964.8
1202720 2967.5
1202730 2970.1
1202740 2970.1
1202750 2972.6
1202760 2974.8
1202770 2974.8
1202780 2978.4
1202790 2983.6
1202800 2983.6
1202810 2987.6
1202820 2990.8
1202830 2990.8
1202840 2993.3
1202850 3003.3
1202860 3003.3
1202870 3007.2
1202880 3012.3
1202890 3018.1
1202900 3018.1
1202910 3021.6
1202920 3024.6
1202930 3024.6
1202940 3028.1
1202950 3033.4
1202960 3033.4
1202970 3036.5
1202980 3040.3
1202990 3040.3
1203000 3042.5
1203010 3042.2
1203020 3042.2
1203030 3042.8
1203040 3044.9
1203050 3044.9
1203060 3050.5
1203070 3057.2
1203080 3059.7
1203090 3059.7
1203100 3060.0
1203110 3059.7
1203120 3059.7
1203130 3059.6
1203140 3059.7
1203150 3059.7
1203160 3059.9
1203170 3060.2
1203180 3060.2
1203190 3060.7
1203200 3061.3
1203210 3061.3
1203220 3062.0
1203230 3062.9
1203240 3062.9
1203250 3063.9
1203260 3065.3
1203270 3065.3
1203280 3066.9
1203290 3068.4
1203300 3073.8
1203310 3073.8
1203320 3074.7
1203330 3075.6
1203340 3075.6
1203350 3076.4
1203360 3076.9
1203370 3076.9
1203380 3077.2
1203390 3077.2
1203400 3077.2
1203410 3076.9
1203420 3076.5
1203430 3076.5
1203440 3076.2
1203450 3076.0
1203460 3076.0
1203470 3075.8
1203480 3075.4
1203490 3075.0
1203500 3075.0
1203510 3074.5
1203520 3073.9
1203530 3073.9
1203540 3073.2
1203550 3072.4
1203560 3072.4
1203570 3071.5
1203580 3070.5
1203590 3070.5
1203600 3069.5
1203610 3068.6
1203620 3068.6
1203630 3067.8
1203640 3067.1
1203650 3067.1
1203660 3066.5
1203670 3065.9
1203680 3065.4
1203690 3065.4
1203700 3064.9
1203710 3064.0
1203720 3064.0
1203730 3063.7
1203740 3063.5
1203750 3064.1
1203760 3064.1
1203770 3064.0
1203780 3064.0
1203790 3063.9
1203800 3063.6
1203810 3063.6
1203820 3063.4
1203830 3063.3
1203840 3063.3
1203850 3063.6
1203860 3064.2
1203870 3064.9
1203880 3064.9
1203890 3065.3
1203900 3065.2
1203910 3065.2
1203920 3065.1
1203930 3065.3
1203940 3065.3
1203950 3066.1
1203960 3067.3
1203970 3067.3
1203980 3068.7
1203990 3070.0
1204000 3070.0
1204010 3071.4
1204020 3072.8
1204030 3072.8
1204040 3074.3
1204050 3075.9
1204060 3077.5
1204070 3077.5
1204080 3079.4
1204090 3081.2
1204100 3081.2
1204110 3082.9
1204120 3084.3
1204130 3084.3
1204140 3085.5
1204150 3086.4
1204160 3086.4
1204170 3086.7
1204180 3084.6
1204190 3084.6
1204200 3089.5
1204210 3090.0
1204220 3090.0
1204230 3091.2
1204240 3091.9
1204250 3092.4
1204260 3092.4
1204270 3093.2
1204280 3093.5
1204290 3093.5
1204300 3094.6
1204310 3093.8
1204320 3093.8
1204330 3093.1
1204340 3091.9
1204350 3091.9
1204360 3090.9
1204370 3090.4
1204380 3090.4
1204390 3092.8
1204400 3097.8
1204410 3097.8
1204420 3102.0
1204430 3110.7
1204440 3122.0
1204450 3122.0
1204460 3127.7
1204470 3131.3
1204480 3131.3
1204490 3135.2
1204500 3140.3
1204510 3140.3
1204520 3147.4
1204530 3155.4
1204540 3155.4
1204550 3164.5
1204560 3173.1
1204570 3173.1
1204580 3177.1
1204590 3177.4
1204600 3177.4
1204610 3176.6
1204620 3176.9
1204630 3178.0
1204640 3178.0
1204650 3184.5
1204660 3185.5
1204670 3185.5
1204680 3186.6
1204690 3187.8
1204700 3187.8
1204710 3189.1
1204720 3190.5
1204730 3190.5
1204740 3191.1
1204750 3190.8
1204760 3190.8
1204770 3190.6
1204780 3190.4
1204790 3190.4
1204800 3189.7
1204810 3187.7
1204820 3185.4
1204830 3185.4
1204840 3186.6
1204850 3188.1
1204860 3188.1
1204870 3189.0
1204880 3189.3
1204890 3189.3
1204900 3190.3
1204910 3191.1
1204920 3191.1
1204930 3192.0
1204940 3193.2
1204950 3193.2
1204960 3194.5
1204970 3196.2
1204980 3196.2
1204990 3198.1
1205000 3199.7
1205010 3200.9
1205020 3200.9
1205030 3202.2
1205040 3203.8
1205050 3203.8
1205060 3206.0
1205070 3208.6
1205080 3208.6
1205090 3211.6
1205100 3224.8
1205110 3224.8
1205120 3229.1
1205130 3233.2
1205140 3233.2
1205150 3237.0
1205160 3240.7
1205170 3240.7
1205180 3244.3
1205190 3247.9
1205200 3251.5
1205210 3251.5
1205220 3255.3
1205230 3259.3
1205240 3259.3
1205250 3263.6
1205260 3267.9
1205270 3267.9
1205280 3272.3
1205290 3277.1
1205300 3277.1
1205310 3282.0
1205320 3287.0
1205330 3287.0
1205340 3291.8
1205350 3296.4
1205360 3296.4
1205370 3300.8
1205380 3305.0
1205390 3308.6
1205400 3308.6
1205410 3311.8
1205420 3314.6
1205430 3314.6
1205440 3317.0
1205450 3319.2
1205460 3319.2
1205470 3321.4
1205480 3323.5
1205490 3323.5
1205500 3325.5
1205510 3327.5
1205520 3327.5
1205530 3329.4
1205540 3331.4
1205550 3336.5
1205560 3338.3
1205570 3340.2
1205580 3342.2
1205590 3342.2
1205600 3344.7
1205610 3347.7
1205620 3347.7
1205630 3350.7
1205640 3353.2
1205650 3353.2
1205660 3356.0
1205670 3359.6
1205680 3359.6
1205690 3362.4
1205700 3363.9
1205710 3363.9
1205720 3364.3
1205730 3361.2
1205740 3361.2
1205750 3355.8
1205760 3351.7
1205770 3348.9
1205780 3348.9
1205790 3346.8
1205800 3345.6
1205810 3345.6
1205820 3343.6
1205830 3343.2
1205840 3343.2
1205850 3342.7
1205860 3341.2
1205870 3341.2
1205880 3338.2
1205890 3336.8
1205900 3336.8
1205910 3336.8
1205920 3337.1
1205930 3337.1
1205940 3335.5
1205950 3335.5
1205960 3336.8
1205970 3336.8
1205980 3341.5
1205990 3347.9
1206000 3347.9
1206010 3338.8
1206020 3343.9
1206030 3343.9
1206040 3349.2
1206050 3353.9
1206060 3353.9
1206070 3355.3
1206080 3354.8
1206090 3354.8
1206100 3353.7
1206110 3353.2
1206120 3353.2
1206130 3353.3
1206140 3354.4
1206150 3355.2
1206160 3355.2
1206170 3356.5
1206180 3359.0
1206190 3359.0
1206200 3361.0
1206210 3357.4
1206220 3357.4
1206230 3351.3
1206240 3342.3
1206250 3342.3
1206260 3338.7
1206270 3337.5
1206280 3337.5
1206290 3336.3
1206300 3332.6
1206310 3332.6
1206320 3324.9
1206330 3320.1
1206340 3317.4
1206350 3317.4
1206360 3314.6
1206370 3308.1
1206380 3308.1
1206390 3300.4
1206400 3294.6
1206410 3294.6
1206420 3290.4
1206430 3287.5
1206440 3287.5
1206450 3285.6
1206460 3288.5
1206470 3288.5
1206480 3287.7
1206490 3287.2
1206500 3287.2
1206510 3287.0
1206520 3286.7
1206530 3286.7
1206540 3286.6
1206550 3286.7
1206560 3287.3
1206570 3287.3
1206580 3287.8
1206590 3288.1
1206600 3288.1
1206610 3287.9
1206620 3288.0
1206630 3288.0
1206640 3289.0
1206650 3291.4
1206660 3291.4
1206670 3294.2
1206680 3299.2
1206690 3299.2
1206700 3308.1
1206710 3315.7
1206720 3315.7
1206730 3324.0
1206740 3333.8
1206750 3343.1
1206760 3343.1
1206770 3352.9
1206780 3361.6
1206790 3361.6
1206800 3370.6
1206810 3379.6
1206820 3379.6
1206830 3388.5
1206840 3397.9
1206850 3397.9
1206860 3403.3
1206870 3405.4
1206880 3405.4
1206890 3406.2
1206900 3404.6
1206910 3404.6
1206920 3403.0
1206930 3401.9
1206940 3401.2
1206950 3401.2
1206960 3399.5
1206970 3399.1
1206980 3399.1
1206990 3399.3
1207000 3398.9
1207010 3398.9
1207020 3398.6
1207030 3398.3
1207040 3398.3
1207050 3397.6
1207060 3397.0
1207070 3397.0
1207080 3396.3
1207090 3395.6
1207100 3395.6
1207110 3394.9
1207120 3394.2
1207130 3393.4
1207140 3393.4
1207150 3392.6
1207160 3391.7
1207170 3391.7
1207180 3390.6
1207190 3389.4
1207200 3389.4
1207210 3388.1
1207220 3386.6
1207230 3386.6
1207240 3384.9
1207250 3383.3
1207260 3383.3
1207270 3381.6
1207280 3380.0
1207290 3380.0
1207300 3378.5
1207310 3377.1
1207320 3375.7
1207330 3375.7
1207340 3374.4
1207350 3373.1
1207360 3373.1
1207370 3372.9
1207380 3371.7
1207390 3371.7
1207400 3370.7
1207410 3369.6
1207420 3369.6
1207430 3368.5
1207440 3367.6
1207450 3367.6
1207460 3366.6
1207470 3365.8
1207480 3365.8
1207490 3364.9
1207500 3364.2
1207510 3363.4
1207520 3363.4
1207530 3362.8
1207540 3362.2
1207550 3362.2
1207560 3361.7
1207570 3361.2
1207580 3361.2
1207590 3360.7
1207600 3360.2
1207610 3360.2
1207620 3359.7
1207630 3359.2
1207640 3359.2
1207650 3358.9
1207660 3358.6
1207670 3358.6
1207680 3358.3
1207690 3358.3
1207700 3358.3
1207710 3358.3
1207720 3358.4
1207730 3358.6
1207740 3358.6
1207750 3358.8
1207760 3359.0
1207770 3359.0
1207780 3359.2
1207790 3359.3
1207800 3359.3
1207810 3359.4
1207820 3359.4
1207830 3360.8
1207840 3360.8
1207850 3360.8
1207860 3360.8
1207870 3360.6
1207880 3360.3
1207890 3359.9
1207900 3359.9
1207910 3359.4
1207920 3358.8
1207930 3358.8
1207940 3358.1
1207950 3357.4
1207960 3357.4
1207970 3356.4
1207980 3355.3
1207990 3355.3
1208000 3354.0
1208010 3352.3
1208020 3352.3
1208030 3350.4
1208040 3348.3
1208050 3348.3
1208060 3346.0
1208070 3343.5
1208080 3341.4
1208090 3341.4
1208100 3339.7
1208110 3338.3
1208120 3338.3
1208130 3337.6
1208140 3337.9
1208150 3337.9
1208160 3339.6
1208170 3341.8
1208180 3341.8
1208190 3343.3
1208200 3343.9
1208210 3343.9
1208220 3344.3
1208230 3344.5
1208240 3344.5
1208250 3344.2
1208260 3343.8
1208270 3343.3
1208280 3347.8
1208290 3347.0
1208300 3346.6
1208310 3346.6
1208320 3346.9
1208330 3347.6
1208340 3347.6
1208350 3348.5
1208360 3349.9
1208370 3349.9
1208380 3352.1
1208390 3354.5
1208400 3354.5
1208410 3354.3
1208420 3355.0
1208430 3355.0
1208440 3358.9
1208450 3361.3
1208460 3360.7
1208470 3360.7
1208480 3358.3
1208490 3358.8
1208500 3358.8
1208510 3357.9
1208520 3353.4
1208530 3353.4
1208540 3353.2
1208550 3351.6
1208560 3351.6
1208570 3347.4
1208580 3351.2
1208590 3351.2
1208600 3346.2
1208610 3346.2
1208620 3346.2
1208630 3345.9
1208640 3340.6
1208650 3338.5
1208660 3338.5
1208670 3334.4
1208680 3330.8
1208690 3330.8
1208700 3329.4
1208710 3328.6
1208720 3328.6
1208730 3328.5
1208740 3333.8
1208750 3333.8
1208760 3332.6
1208770 3331.3
1208780 3331.3
1208790 3329.7
1208800 3328.1
1208810 3328.1
1208820 3328.8
1208830 3330.4
1208840 3333.3
1208850 3333.3
1208860 3336.1
1208870 3339.4
1208880 3339.4
1208890 3343.6
1208900 3348.0
1208910 3348.0
1208920 3351.9
1208930 3355.5
1208940 3355.5
1208950 3359.4
1208960 3364.2
1208970 3364.2
1208980 3371.6
1208990 3381.3
1209000 3381.3
1209010 3387.5
1209020 3391.5
1209030 3393.8
1209040 3393.8
1209050 3395.1
1209060 3396.9
1209070 3396.9
1209080 3396.1
1209090 3394.6
1209100 3394.6
1209110 3396.3
1209120 3396.7
1209130 3396.7
1209140 3396.5
1209150 3398.2
1209160 3398.2
1209170 3399.6
1209180 3398.7
1209190 3398.7
1209200 3405.6
1209210 3407.2
1209220 3408.5
1209230 3408.5
1209240 3409.9
1209250 3411.2
1209260 3411.2
1209270 3412.0
1209280 3412.4
1209290 3412.4
1209300 3413.0
1209310 3414.1
1209320 3414.1
1209330 3416.1
1209340 3418.8
1209350 3418.8
1209360 3421.7
1209370 3424.9
1209380 3424.9
1209390 3429.2
1209400 3434.5
1209410 3441.2
1209420 3441.2
1209430 3448.1
1209440 3456.7
1209450 3456.7
1209460 3468.5
1209470 3477.1
1209480 3477.1
1209490 3481.1
1209500 3478.2
1209510 3478.2
1209520 3476.6
1209530 3475.8
1209540 3475.8
1209550 3473.6
1209560 3471.3
1209570 3471.3
1209580 3469.8
1209590 3468.4
1209600 3466.7
1209610 3466.7
1209620 3466.1
1209630 3465.4
1209640 3465.4
1209650 3465.0
1209660 3468.9
1209670 3468.9
1209680 3469.0
1209690 3469.4
1209700 3469.4
1209710 3469.8
1209720 3470.3
1209730 3470.3
1209740 3470.8
1209750 3471.4
1209760 3471.4
1209770 3472.0
1209780 3472.7
1209790 3473.4
1209800 3473.4
1209810 3474.2
1209820 3475.0
1209830 3475.0
1209840 3475.8
1209850 3476.6
1209860 3476.6
1209870 3477.5
1209880 3478.4
1209890 3478.4
1209900 3479.4
1209910 3480.3
1209920 3480.3
1209930 3481.3
1209940 3482.2
1209950 3482.2
1209960 3482.8
1209970 3482.5
1209980 3482.5
1209990 3479.0
1210000 3478.8
1210010 3481.9
1210020 3481.9
1210030 3487.5
1210040 3489.7
1210050 3489.7
1210060 3490.6
1210070 3491.0
1210080 3491.0
1210090 3490.4
1210100 3490.4
1210110 3490.4
1210120 3495.7
1210130 3495.0
1210140 3495.0
1210150 3494.4
1210160 3494.2
1210170 3494.2
1210180 3494.3
1210190 3494.6
1210200 3494.8
1210210 3494.8
1210220 3495.2
1210230 3495.6
1210240 3495.6
1210250 3496.3
1210260 3497.3
1210270 3497.3
1210280 3499.9
1210290 3502.4
1210300 3502.4
1210310 3507.4
1210320 3515.3
1210330 3515.3
1210340 3519.6
1210350 3520.7
1210360 3520.7
1210370 3521.2
1210380 3521.0
1210390 3520.2
1210400 3520.2
1210410 3518.3
1210420 3515.5
1210430 3515.5
1210440 3512.9
1210450 3510.9
1210460 3510.9
1210470 3509.9
1210480 3509.1
1210490 3509.1
1210500 3508.7
1210510 3508.8
1210520 3508.8
1210530 3509.1
1210540 3509.6
1210550 3509.6
1210560 3510.3
1210570 3511.1
1210580 3514.3
1210590 3514.3
1210600 3515.4
1210610 3516.8
1210620 3516.8
1210630 3518.2
1210640 3519.8
1210650 3519.8
1210660 3521.6
1210670 3523.5
1210680 3523.5
1210690 3525.5
1210700 3524.3
1210710 3524.3
1210720 3514.6
1210730 3503.1
1210740 3503.1
1210750 3492.9
1210760 3485.0
1210770 3476.7
1210780 3476.7
1210790 3469.9
1210800 3463.5
1210810 3463.5
1210820 3457.4
1210830 3450.5
1210840 3450.5
1210850 3443.2
1210860 3435.3
1210870 3435.3
1210880 3428.0
1210890 3420.3
1210900 3420.3
1210910 3412.0
1210920 3403.0
1210930 3403.0
1210940 3397.6
1210950 3392.0
1210960 3386.6
1210970 3386.6
1210980 3381.8
1210990 3377.9
1211000 3377.9
1211010 3374.1
1211020 3370.3
1211030 3370.3
1211040 3368.2
1211050 3363.8
1211060 3363.8
1211070 3359.4
1211080 3354.8
1211090 3354.8
1211100 3350.1
1211110 3345.2
1211120 3345.2
1211130 3340.3
1211140 3335.5
1211150 3330.4
1211160 3330.4
1211170 3325.2
1211180 3319.9
1211190 3319.9
1211200 3314.3
1211210 3308.6
1211220 3308.6
1211230 3303.0
1211240 3297.7
1211250 3297.7
1211260 3292.6
1211270 3287.7
1211280 3287.7
1211290 3283.1
1211300 3279.0
1211310 3279.0
1211320 3275.6
1211330 3272.9
1211340 3270.7
1211350 3270.7
1211360 3269.0
1211370 3267.5
1211380 3267.5
1211390 3266.1
1211400 3264.9
1211410 3264.9
1211420 3263.8
1211430 3262.7
1211440 3262.7
1211450 3261.7
1211460 3260.7
1211470 3260.7
1211480 3259.7
1211490 3258.8
1211500 3258.1
1211510 3257.2
1211520 3256.2
1211530 3255.3
1211540 3255.3
1211550 3254.3
1211560 3253.3
1211570 3253.3
1211580 3252.2
1211590 3251.2
1211600 3251.2
1211610 3250.2
1211620 3249.1
1211630 3249.1
1211640 3248.1
1211650 3247.1
1211660 3247.1
1211670 3246.1
1211680 3245.0
1211690 3245.0
1211700 3243.7
1211710 3242.1
1211720 3240.4
1211730 3240.4
1211740 3238.6
1211750 3237.4
1211760 3237.4
1211770 3236.2
1211780 3234.6
1211790 3234.6
1211800 3232.8
1211810 3230.6
1211820 3230.6
1211830 3228.3
1211840 3226.0
1211850 3226.0
1211860 3223.5
1211870 3220.9
1211880 3220.9
1211890 3218.2
1211900 3215.5
1211910 3212.6
1211920 3212.6
1211930 3210.1
1211940 3207.7
1211950 3207.7
1211960 3205.5
1211970 3204.5
1211980 3204.5
1211990 3202.7
1212000 3201.2
1212010 3201.2
1212020 3200.0
1212030 3199.1
1212040 3199.1
1212050 3198.4
1212060 3197.8
1212070 3197.8
1212080 3197.3
1212090 3196.9
1212100 3196.7
1212110 3196.7
1212120 3196.5
1212130 3196.2
1212140 3196.2
1212150 3195.9
1212160 3195.5
1212170 3195.5
1212180 3195.1
1212190 3194.7
1212200 3194.7
1212210 3194.3
1212220 3193.8
1212230 3193.8
1212240 3193.3
1212250 3192.6
1212260 3192.6
1212270 3192.0
1212280 3191.4
1212290 3190.8
1212300 3190.8
1212310 3190.2
1212320 3189.8
1212330 3189.8
1212340 3189.3
1212350 3188.9
1212360 3188.9
1212370 3188.5
1212380 3188.1
1212390 3188.1
1212400 3187.7
1212410 3187.4
1212420 3187.4
1212430 3188.3
1212440 3188.0
1212450 3188.0
1212460 3187.8
1212470 3187.6
1212480 3187.4
1212490 3187.4
1212500 3187.2
1212510 3187.0
1212520 3187.0
1212530 3186.8
1212540 3186.6
1212550 3186.6
1212560 3186.4
1212570 3186.2
1212580 3186.2
1212590 3186.0
1212600 3185.7
1212610 3185.7
1212620 3185.4
1212630 3185.1
1212640 3185.1
1212650 3184.6
1212660 3183.7
1212670 3182.0
1212680 3182.0
1212690 3179.5
1212700 3177.3
1212710 3177.3
1212720 3174.7
1212730 3172.9
1212740 3172.9
1212750 3172.7
1212760 3171.2
1212770 3171.2
1212780 3170.0
1212790 3169.5
1212800 3169.5
1212810 3169.1
1212820 3168.3
1212830 3168.3
1212840 3168.5
1212850 3167.5
1212860 3164.4
1212870 3164.4
1212880 3162.3
1212890 3172.2
1212900 3172.2
1212910 3171.3
1212920 3170.7
1212930 3170.7
1212940 3170.5
1212950 3170.5
1212960 3170.5
1212970 3170.8
1212980 3172.5
1212990 3172.5
1213000 3175.5
1213010 3178.3
1213020 3178.3
1213030 3180.8
1213040 3183.4
1213050 3185.1
1213060 3185.1
1213070 3187.3
1213080 3188.8
1213090 3188.8
1213100 3190.9
1213110 3193.5
1213120 3193.5
1213130 3196.1
1213140 3198.6
1213150 3198.6
1213160 3201.9
1213170 3200.6
1213180 3200.6
1213190 3194.0
1213200 3191.5
1213210 3191.5
1213220 3196.7
1213230 3205.3
1213240 3213.5
1213250 3213.5
1213260 3219.3
1213270 3222.7
1213280 3222.7
1213290 3225.8
1213300 3229.6
1213310 3229.6
1213320 3232.5
1213330 3235.0
1213340 3235.0
1213350 3235.4
1213360 3246.3
1213370 3246.3
1213380 3249.7
1213390 3256.9
1213400 3256.9
1213410 3257.5
1213420 3249.7
1213430 3241.0
1213440 3241.0
1213450 3231.8
1213460 3227.9
1213470 3227.9
1213480 3226.0
1213490 3225.0
1213500 3225.0
1213510 3224.5
1213520 3224.0
1213530 3224.0
1213540 3223.7
1213550 3222.4
1213560 3222.4
1213570 3216.2
1213580 3211.9
1213590 3211.9
1213600 3213.1
1213610 3216.5
1213620 3217.0
1213630 3217.0
1213640 3216.8
1213650 3216.7
1213660 3216.7
1213670 3216.8
1213680 3217.0
1213690 3217.0
1213700 3217.6
1213710 3218.7
1213720 3218.7
1213730 3221.0
1213740 3224.8
1213750 3224.8
1213760 3230.3
1213770 3237.1
1213780 3237.1
1213790 3241.2
1213800 3245.0
1213810 3245.0
1213820 3254.1
1213830 3267.4
1213840 3273.3
1213850 3273.3
1213860 3277.8
1213870 3283.6
1213880 3283.6
1213890 3288.6
1213900 3292.1
1213910 3292.1
1213920 3298.2
1213930 3310.0
1213940 3310.0
1213950 3327.5
1213960 3343.3
1213970 3343.3
1213980 3357.0
1213990 3370.5
1214000 3370.5
1214010 3382.3
1214020 3386.3
1214030 3387.0
1214040 3387.0
1214050 3385.0
1214060 3381.3
1214070 3381.3
1214080 3376.8
1214090 3370.1
1214100 3370.1
1214110 3362.4
1214120 3355.8
1214130 3355.8
1214140 3351.4
1214150 3346.6
1214160 3346.6
1214170 3339.0
1214180 3331.4
1214190 3331.4
1214200 3326.6
1214210 3321.3
1214220 3315.2
1214230 3315.2
1214240 3310.3
1214250 3307.0
1214260 3307.0
1214270 3303.7
1214280 3300.2
1214290 3297.3
1214300 3293.1
1214310 3285.2
1214320 3285.2
1214330 3278.5
1214340 3270.6
1214350 3270.6
1214360 3264.0
1214370 3259.3
1214380 3259.3
1214390 3255.5
1214400 3251.0
1214410 3246.4
1214420 3246.4
1214430 3241.6
1214440 3237.1
1214450 3237.1
1214460 3233.6
1214470 3229.5
1214480 3229.5
1214490 3227.2
1214500 3225.5
1214510 3225.5
1214520 3223.7
1214530 3221.2
1214540 3221.2
1214550 3218.9
1214560 3216.7
1214570 3216.7
1214580 3213.3
1214590 3210.0
1214600 3207.3
1214610 3207.3
1214620 3205.4
1214630 3203.2
1214640 3203.2
1214650 3201.5
1214660 3200.4
1214670 3200.4
1214680 3199.1
1214690 3197.7
1214700 3197.7
1214710 3196.4
1214720 3195.4
1214730 3195.4
1214740 3193.9
1214750 3192.3
1214760 3186.6
1214770 3185.0
1214780 3183.3
1214790 3181.8
1214800 3181.8
1214810 3181.1
1214820 3181.3
1214830 3181.3
1214840 3183.0
1214850 3185.6
1214860 3185.6
1214870 3188.8
1214880 3191.9
1214890 3191.9
1214900 3198.9
1214910 3199.1
1214920 3199.1
1214930 3196.2
1214940 3191.3
1214950 3191.3
1214960 3186.9
1214970 3184.8
1214980 3182.9
1214990 3182.9
1215000 3180.6
1215010 3178.2
1215020 3178.2
1215030 3176.1
1215040 3175.0
1215050 3175.0
1215060 3174.5
1215070 3168.8
1215080 3168.8
1215090 3160.9
1215100 3156.5
1215110 3156.5
1215120 3156.2
1215130 3163.4
1215140 3163.4
1215150 3175.8
1215160 3184.2
1215170 3186.2
1215180 3186.2
1215190 3175.0
1215200 3169.5
1215210 3169.5
1215220 3164.6
1215230 3162.0
1215240 3162.0
1215250 3153.5
1215260 3144.2
1215270 3144.2
1215280 3135.3
1215290 3129.8
1215300 3129.8
1215310 3122.8
1215320 3114.2
1215330 3114.2
1215340 3108.3
1215350 3105.2
1215360 3102.2
1215370 3102.2
1215380 3100.0
1215390 3087.0
1215400 3087.0
1215410 3078.1
1215420 3068.7
1215430 3068.7
1215440 3061.1
1215450 3054.5
1215460 3054.5
1215470 3048.1
1215480 3042.9
1215490 3042.9
1215500 3033.5
1215510 3034.1
1215520 3034.1
1215530 3037.1
1215540 3040.2
1215550 3037.5
1215560 3037.5
1215570 3033.7
1215580 3031.2
1215590 3031.2
1215600 3034.4
1215610 3033.9
1215620 3033.9
1215630 3028.4
1215640 3023.3
1215650 3023.3
1215660 3018.6
1215670 3017.5
1215680 3017.5
1215690 3017.6
1215700 3025.1
1215710 3025.1
1215720 3025.9
1215730 3031.2
1215740 3033.3
1215750 3033.3
1215760 3034.6
1215770 3033.2
1215780 3033.2
1215790 3031.2
1215800 3028.9
1215810 3028.9
1215820 3025.3
1215830 3022.5
1215840 3022.5
1215850 3015.8
1215860 3006.7
1215870 3006.7
1215880 2998.7
1215890 2993.7
1215900 2993.7
1215910 2991.8
1215920 2991.9
1215930 2988.8
1215940 2988.8
1215950 2984.0
1215960 2982.4
1215970 2982.4
1215980 2976.7
1215990 2971.7
1216000 2971.7
1216010 2965.3
1216020 2959.3
1216030 2959.3
1216040 2957.6
1216050 2957.5
1216060 2957.5
1216070 2957.8
1216080 2955.0
1216090 2955.0
1216100 2949.8
1216110 2944.0
1216120 2946.8
1216130 2946.8
1216140 2949.7
1216150 2945.3
1216160 2945.3
1216170 2952.5
1216180 2944.0
1216190 2944.0
1216200 2935.9
1216210 2933.3
1216220 2933.3
1216230 2932.8
1216240 2936.0
1216250 2936.0
1216260 2938.9
1216270 2943.3
1216280 2943.3
1216290 2949.6
1216300 2945.8
1216310 2940.5
1216320 2940.5
1216330 2937.7
1216340 2938.2
1216350 2938.2
1216360 2945.4
1216370 2951.3
1216380 2951.3
1216390 2951.5
1216400 2950.2
1216410 2950.2
1216420 2954.6
1216430 2960.4
1216440 2960.4
1216450 2967.0
1216460 2969.0
1216470 2969.0
1216480 2970.3
1216490 2970.2
1216500 2965.9
1216510 2965.9
1216520 2960.1
1216530 2953.6
1216540 2953.6
1216550 2946.4
1216560 2943.1
1216570 2943.1
1216580 2939.8
1216590 2933.3
1216600 2933.3
1216610 2924.3
1216620 2919.8
1216630 2919.8
1216640 2907.8
1216650 2899.8
1216660 2899.8
1216670 2889.4
1216680 2879.7
1216690 2869.2
1216700 2869.2
1216710 2858.3
1216720 2852.1
1216730 2852.1
1216740 2849.4
1216750 2842.0
1216760 2842.0
1216770 2835.1
1216780 2829.3
1216790 2829.3
1216800 2819.7
1216810 2812.8
1216820 2812.8
1216830 2811.7
1216840 2807.6
1216850 2807.6
1216860 2802.3
1216870 2792.3
1216880 2778.8
1216890 2778.8
1216900 2771.5
1216910 2766.4
1216920 2766.4
1216930 2761.1
1216940 2757.9
1216950 2757.9
1216960 2754.2
1216970 2749.2
1216980 2749.2
1216990 2743.1
1217000 2736.1
1217010 2736.1
1217020 2730.2
1217030 2727.5
1217040 2727.5
1217050 2723.4
1217060 2718.4
1217070 2713.6
1217080 2713.6
1217090 2709.1
1217100 2703.9
1217110 2702.4
1217120 2696.5
1217130 2691.3
1217140 2691.3
1217150 2686.5
1217160 2682.1
1217170 2682.1
1217180 2677.9
1217190 2674.3
1217200 2674.3
1217210 2670.3
1217220 2665.2
1217230 2665.2
1217240 2658.5
1217250 2650.1
1217260 2644.3
1217270 2644.3
1217280 2638.4
1217290 2631.2
1217300 2631.2
1217310 2624.3
1217320 2620.0
1217330 2620.0
1217340 2616.9
1217350 2613.5
1217360 2613.5
1217370 2610.2
1217380 2604.8
1217390 2604.8
1217400 2598.6
1217410 2592.7
1217420 2592.7
1217430 2587.7
1217440 2582.6
1217450 2577.8
1217460 2577.8
1217470 2572.5
1217480 2569.2
1217490 2569.2
1217500 2566.4
1217510 2563.0
1217520 2563.0
1217530 2559.9
1217540 2555.4
1217550 2555.4
1217560 2550.5
1217570 2544.2
1217580 2544.2
1217590 2533.9
1217600 2526.3
1217610 2526.3
1217620 2518.6
1217630 2511.9
1217640 2505.5
1217650 2505.5
1217660 2496.6
1217670 2488.9
1217680 2488.9
1217690 2481.5
1217700 2473.4
1217710 2473.4
1217720 2463.6
1217730 2453.9
1217740 2453.9
1217750 2444.6
1217760 2435.4
1217770 2435.4
1217780 2426.6
1217790 2417.4
1217800 2417.4
1217810 2409.4
1217820 2401.8
1217830 2394.3
1217840 2394.3
1217850 2385.6
1217860 2377.1
1217870 2377.1
1217880 2368.2
1217890 2358.2
1217900 2358.2
1217910 2340.6
1217920 2315.7
1217930 2315.7
1217940 2304.7
1217950 2302.6
1217960 2302.6
1217970 2304.3
1217980 2299.3
1217990 2299.3
1218000 2308.1
1218010 2312.9
1218020 2306.3
1218030 2306.3
1218040 2298.2
1218050 2290.9
1218060 2290.6
1218070 2284.0
1218080 2275.8
1218090 2275.8
1218100 2265.2
1218110 2251.9
1218120 2251.9
1218130 2244.2
1218140 2237.9
1218150 2237.9
1218160 2230.1
1218170 2215.4
1218180 2215.4
1218190 2195.2
1218200 2178.7
1218210 2159.8
1218220 2159.8
1218230 2144.4
1218240 2136.8
1218250 2136.8
1218260 2131.4
1218270 2125.5
1218280 2125.5
1218290 2120.0
1218300 2114.7
1218310 2114.7
1218320 2109.8
1218330 2104.2
1218340 2104.2
1218350 2098.0
1218360 2093.1
1218370 2093.1
1218380 2085.3
1218390 2078.9
1218400 2078.9
1218410 2070.8
1218420 2058.5
1218430 2044.3
1218440 2044.3
1218450 2035.6
1218460 2028.2
1218470 2028.2
1218480 2020.8
1218490 2018.3
1218500 2018.3
1218510 2009.8
1218520 1996.6
1218530 1989.5
1218540 1978.2
1218550 1969.4
1218560 1969.4
1218570 1962.8
1218580 1958.0
1218590 1958.0
1218600 1954.2
1218610 1949.9
1218620 1943.8
1218630 1943.8
1218640 1937.1
1218650 1931.6
1218660 1931.6
1218670 1925.8
1218680 1920.6
1218690 1920.6
1218700 1916.1
1218710 1911.3
1218720 1911.3
1218730 1906.4
1218740 1902.2
1218750 1902.2
1218760 1898.0
1218770 1893.1
1218780 1893.1
1218790 1887.5
1218800 1882.4
1218810 1877.1
1218820 1877.1
1218830 1871.6
1218840 1866.1
1218850 1866.1
1218860 1862.0
1218870 1856.9
1218880 1856.9
1218890 1849.1
1218900 1841.1
1218910 1841.1
1218920 1834.1
1218930 1826.9
1218940 1826.9
1218950 1822.4
1218960 1819.6
1218970 1819.6
1218980 1816.5
1218990 1813.5
1219000 1810.9
1219010 1811.6
1219020 1810.5
1219030 1805.9
1219040 1805.9
1219050 1802.7
1219060 1799.2
1219070 1799.2
1219080 1795.1
1219090 1791.0
1219100 1791.0
1219110 1787.4
1219120 1781.4
1219130 1781.4
1219140 1774.0
1219150 1771.0
1219160 1771.0
1219170 1767.8
1219180 1763.9
1219190 1758.0
1219200 1758.0
1219210 1749.5
1219220 1748.5
1219230 1748.5
1219240 1751.8
1219250 1757.5
1219260 1757.5
1219270 1761.1
1219280 1764.5
1219290 1764.5
1219300 1767.7
1219310 1770.5
1219320 1770.5
1219330 1772.7
1219340 1774.8
1219350 1774.8
1219360 1777.5
1219370 1780.5
1219380 1783.4
1219390 1783.4
1219400 1785.9
1219410 1788.2
1219420 1788.2
1219430 1790.7
1219440 1793.3
1219450 1793.3
1219460 1796.0
1219470 1798.2
1219480 1800.1
1219490 1802.5
1219500 1805.4
1219510 1805.4
1219520 1808.2
1219530 1811.5
1219540 1811.5
1219550 1816.5
1219560 1820.3
1219570 1823.3
1219580 1823.3
1219590 1826.2
1219600 1830.2
1219610 1830.2
1219620 1833.5
1219630 1836.1
1219640 1836.1
1219650 1840.0
1219660 1842.1
1219670 1842.1
1219680 1842.3
1219690 1845.2
1219700 1845.2
1219710 1851.2
1219720 1855.2
1219730 1855.2
1219740 1858.2
1219750 1860.4
1219760 1863.4
1219770 1863.4
1219780 1867.1
1219790 1871.3
1219800 1871.3
1219810 1874.7
1219820 1876.7
1219830 1876.7
1219840 1879.9
1219850 1884.1
1219860 1884.1
1219870 1885.8
1219880 1883.7
1219890 1883.7
1219900 1888.2
1219910 1896.8
1219920 1896.8
1219930 1906.7
1219940 1915.9
1219950 1923.8
1219960 1925.4
1219970 1933.1
1219980 1941.2
1219990 1941.2
