1200000 3087.0
1200010 3083.3
1200020 3080.0
1200030 3080.0
1200040 3076.5
1200050 3072.3
1200060 3072.3
1200070 3066.9
1200080 3060.8
1200090 3060.8
1200100 3055.5
1200110 3050.7
1200120 3046.2
1200130 3046.2
1200140 3042.8
1200150 3040.9
1200160 3040.9
1200170 3039.7
1200180 3039.8
1200190 3039.8
1200200 3040.9
1200210 3041.1
1200220 3041.1
1200230 3042.7
1200240 3047.9
1200250 3047.9
1200260 3047.4
1200270 3038.7
1200280 3038.7
1200290 3021.2
1200300 3004.1
1200310 2984.1
1200320 2984.1
1200330 2976.0
1200340 2959.7
1200350 2959.7
1200360 2946.6
1200370 2936.2
1200380 2936.2
1200390 2931.0
1200400 2926.4
1200410 2926.4
1200420 2920.5
1200430 2914.2
1200440 2914.2
1200450 2908.3
1200460 2903.2
1200470 2903.2
1200480 2898.8
1200490 2894.9
1200500 2894.9
1200510 2891.8
1200520 2890.2
1200530 2887.9
1200540 2887.9
1200550 2884.7
1200560 2881.6
1200570 2881.6
1200580 2880.1
1200590 2880.4
1200600 2880.4
1200610 2880.8
1200620 2879.2
1200630 2879.2
1200640 2875.0
1200650 2868.7
1200660 2868.7
1200670 2861.9
1200680 2855.1
1200690 2855.1
1200700 2848.5
1200710 2841.9
1200720 2835.7
1200730 2835.7
1200740 2829.9
1200750 2824.8
1200760 2824.8
1200770 2821.0
1200780 2813.9
1200790 2813.9
1200800 2810.2
1200810 2805.9
1200820 2805.9
1200830 2801.8
1200840 2799.6
1200850 2799.6
1200860 2797.0
1200870 2790.1
1200880 2790.1
1200890 2782.3
1200900 2774.9
1200910 2768.4
1200920 2768.4
1200930 2763.5
1200940 2760.8
1200950 2760.8
1200960 2759.5
1200970 2759.3
1200980 2759.3
1200990 2759.1
1201000 2758.1
1201010 2758.1
1201020 2756.6
1201030 2753.9
1201040 2753.9
1201050 2749.6
1201060 2745.0
1201070 2745.0
1201080 2741.5
1201090 2737.3
1201100 2732.1
1201110 2732.1
1201120 2730.7
1201130 2731.6
1201140 2731.6
1201150 2733.1
1201160 2734.7
1201170 2734.7
1201180 2735.6
1201190 2736.2
1201200 2736.2
1201210 2737.4
1201220 2735.7
1201230 2735.7
1201240 2738.0
1201250 2739.3
1201260 2739.3
1201270 2739.8
1201280 2739.5
1201290 2738.5
1201300 2738.5
1201310 2737.5
1201320 2737.8
1201330 2737.8
1201340 2739.1
1201350 2739.4
1201360 2739.4
1201370 2739.7
1201380 2742.8
1201390 2742.8
1201400 2745.4
1201410 2742.3
1201420 2742.3
1201430 2740.9
1201440 2739.9
1201450 2739.9
1201460 2736.8
1201470 2732.8
1201480 2727.3
1201490 2727.3
1201500 2720.6
1201510 2712.1
1201520 2712.1
1201530 2699.7
1201540 2689.7
1201550 2689.7
1201560 2682.8
1201570 2676.7
1201580 2676.7
1201590 2670.5
1201600 2665.2
1201610 2665.2
1201620 2660.2
1201630 2654.6
1201640 2654.6
1201650 2650.4
1201660 2648.3
1201670 2644.1
1201680 2644.1
1201690 2641.8
1201700 2640.5
1201710 2640.5
1201720 2639.1
1201730 2638.1
1201740 2638.1
1201750 2637.2
1201760 2637.3
1201770 2637.3
1201780 2637.7
1201790 2638.8
1201800 2638.8
1201810 2640.8
1201820 2644.4
1201830 2644.4
1201840 2648.6
1201850 2650.1
1201860 2648.1
1201870 2648.1
1201880 2644.5
1201890 2641.4
1201900 2641.4
1201910 2639.8
1201920 2638.1
1201930 2638.1
1201940 2634.9
1201950 2631.0
1201960 2631.0
1201970 2626.8
1201980 2622.3
1201990 2622.3
1202000 2618.0
1202010 2613.7
1202020 2613.7
1202030 2609.7
1202040 2606.0
1202050 2602.3
1202060 2602.3
1202070 2598.7
1202080 2595.2
1202090 2595.2
1202100 2591.8
1202110 2589.1
1202120 2586.1
1202130 2583.8
1202140 2581.3
1202150 2581.3
1202160 2578.9
1202170 2576.2
1202180 2576.2
1202190 2573.0
1202200 2569.6
1202210 2569.6
1202220 2566.2
1202230 2562.3
1202240 2562.3
1202250 2558.2
1202260 2554.2
1202270 2550.3
1202280 2550.3
1202290 2547.3
1202300 2544.6
1202310 2544.6
1202320 2541.3
1202330 2538.6
1202340 2538.6
1202350 2536.6
1202360 2534.6
1202370 2534.6
1202380 2532.2
1202390 2529.9
1202400 2529.9
1202410 2527.6
1202420 2525.3
1202430 2525.3
1202440 2523.1
1202450 2520.6
1202460 2518.3
1202470 2518.3
1202480 2516.5
1202490 2514.5
1202500 2514.5
1202510 2512.4
1202520 2510.3
1202530 2510.3
1202540 2508.8
1202550 2507.8
1202560 2506.3
1202570 2505.1
1202580 2503.4
1202590 2503.4
1202600 2502.0
1202610 2500.9
1202620 2500.9
1202630 2499.7
1202640 2498.8
1202650 2497.7
1202660 2497.7
1202670 2496.6
1202680 2495.7
1202690 2495.7
1202700 2494.7
1202710 2494.1
1202720 2494.1
1202730 2493.6
1202740 2492.9
1202750 2492.9
1202760 2492.0
1202770 2490.8
1202780 2490.8
1202790 2491.0
1202800 2491.7
1202810 2491.7
1202820 2492.4
1202830 2492.6
1202840 2492.9
1202850 2492.9
1202860 2492.7
1202870 2492.4
1202880 2492.4
1202890 2491.7
1202900 2491.4
1202910 2491.4
1202920 2491.2
1202930 2491.7
1202940 2491.7
1202950 2492.6
1202960 2494.6
1202970 2494.6
1202980 2497.9
1202990 2501.4
1203000 2501.4
1203010 2511.5
1203020 2516.7
1203030 2521.3
1203040 2521.3
1203050 2526.1
1203060 2530.0
1203070 2530.0
1203080 2531.6
1203090 2532.7
1203100 2532.7
1203110 2533.8
1203120 2532.6
1203130 2532.6
1203140 2531.8
1203150 2531.8
1203160 2531.8
1203170 2531.9
1203180 2532.4
1203190 2532.4
1203200 2534.8
1203210 2536.9
1203220 2539.3
1203230 2539.3
1203240 2541.4
1203250 2543.6
1203260 2543.6
1203270 2546.0
1203280 2547.6
1203290 2547.6
1203300 2549.1
1203310 2549.9
1203320 2549.9
1203330 2550.2
1203340 2550.9
1203350 2550.9
1203360 2552.8
1203370 2555.7
1203380 2555.7
1203390 2559.9
1203400 2565.3
1203410 2570.5
1203420 2570.5
1203430 2574.6
1203440 2578.7
1203450 2578.7
1203460 2588.4
1203470 2592.7
1203480 2592.7
1203490 2598.3
1203500 2602.9
1203510 2602.9
1203520 2606.9
1203530 2610.7
1203540 2610.7
1203550 2614.1
1203560 2617.9
1203570 2617.9
1203580 2621.5
1203590 2624.9
1203600 2627.7
1203610 2627.7
1203620 2630.1
1203630 2633.9
1203640 2633.9
1203650 2639.0
1203660 2644.9
1203670 2644.9
1203680 2650.6
1203690 2656.6
1203700 2656.6
1203710 2661.3
1203720 2664.2
1203730 2664.2
1203740 2666.4
1203750 2671.5
1203760 2671.5
1203770 2677.6
1203780 2681.6
1203790 2681.6
1203800 2685.1
1203810 2687.5
1203820 2688.6
1203830 2688.6
1203840 2690.7
1203850 2694.4
1203860 2694.4
1203870 2700.4
1203880 2708.9
1203890 2708.9
1203900 2718.5
1203910 2736.9
1203920 2736.9
1203930 2742.2
1203940 2747.4
1203950 2747.4
1203960 2751.1
1203970 2753.9
1203980 2753.9
1203990 2757.8
1204000 2765.3
1204010 2773.9
1204020 2773.9
1204030 2774.1
1204040 2779.4
1204050 2779.4
1204060 2783.5
1204070 2783.4
1204080 2783.4
1204090 2785.3
1204100 2790.2
1204110 2790.2
1204120 2793.7
1204130 2795.1
1204140 2795.1
1204150 2798.0
1204160 2798.5
1204170 2798.5
1204180 2796.9
1204190 2791.9
1204200 2785.2
1204210 2785.2
1204220 2779.3
1204230 2771.0
1204240 2771.0
1204250 2759.9
1204260 2748.9
1204270 2748.9
1204280 2736.0
1204290 2726.4
1204300 2726.4
1204310 2719.9
1204320 2712.7
1204330 2712.7
1204340 2704.2
1204350 2695.2
1204360 2699.7
1204370 2692.6
1204380 2688.2
1204390 2681.3
1204400 2681.3
1204410 2673.7
1204420 2666.3
1204430 2666.3
1204440 2658.1
1204450 2649.1
1204460 2649.1
1204470 2643.3
1204480 2637.7
1204490 2637.7
1204500 2631.2
1204510 2624.6
1204520 2624.6
1204530 2618.3
1204540 2613.0
1204550 2613.0
1204560 2608.2
1204570 2604.4
1204580 2602.3
1204590 2602.3
1204600 2601.6
1204610 2603.0
1204620 2603.0
1204630 2604.5
1204640 2602.4
1204650 2602.4
1204660 2597.8
1204670 2594.3
1204680 2594.3
1204690 2592.0
1204700 2591.2
1204710 2591.2
1204720 2589.1
1204730 2584.1
1204740 2584.1
1204750 2579.3
1204760 2577.1
1204770 2572.0
1204780 2572.0
1204790 2564.2
1204800 2554.5
1204810 2558.9
1204820 2551.7
1204830 2544.8
1204840 2544.8
1204850 2538.0
1204860 2532.4
1204870 2532.4
1204880 2530.7
1204890 2534.5
1204900 2534.5
1204910 2533.8
1204920 2531.1
1204930 2531.1
1204940 2526.7
1204950 2524.5
1204960 2526.0
1204970 2526.0
1204980 2529.9
1204990 2534.2
1205000 2534.2
1205010 2537.9
1205020 2541.7
1205030 2541.7
1205040 2544.8
1205050 2545.1
1205060 2545.1
1205070 2545.9
1205080 2548.1
1205090 2548.1
1205100 2550.2
1205110 2551.6
1205120 2551.6
1205130 2550.9
1205140 2551.0
1205150 2549.2
1205160 2549.2
1205170 2548.2
1205180 2548.4
1205190 2548.4
1205200 2549.6
1205210 2551.0
1205220 2551.0
1205230 2551.6
1205240 2552.4
1205250 2552.4
1205260 2553.9
1205270 2557.1
1205280 2557.1
1205290 2558.7
1205300 2558.8
1205310 2558.8
1205320 2558.1
1205330 2557.9
1205340 2557.7
1205350 2557.7
1205360 2557.7
1205370 2557.8
1205380 2557.8
1205390 2557.7
1205400 2557.8
1205410 2557.8
1205420 2558.4
1205430 2559.0
1205440 2559.0
1205450 2560.2
1205460 2561.6
1205470 2561.6
1205480 2563.0
1205490 2563.7
1205500 2563.7
1205510 2564.1
1205520 2564.5
1205530 2564.5
1205540 2564.8
1205550 2565.1
1205560 2566.3
1205570 2566.3
1205580 2567.7
1205590 2569.7
1205600 2569.7
1205610 2571.6
1205620 2572.8
1205630 2572.8
1205640 2573.6
1205650 2573.9
1205660 2573.9
1205670 2574.0
1205680 2575.0
1205690 2575.0
1205700 2576.6
1205710 2578.0
1205720 2579.9
1205730 2580.8
1205740 2581.5
1205750 2581.4
1205760 2581.4
1205770 2581.3
1205780 2582.3
1205790 2582.3
1205800 2583.2
1205810 2583.1
1205820 2583.1
1205830 2582.4
1205840 2582.3
1205850 2582.3
1205860 2582.1
1205870 2580.2
1205880 2580.2
1205890 2580.5
1205900 2582.2
1205910 2582.2
1205920 2585.6
1205930 2589.2
1205940 2592.5
1205950 2592.5
1205960 2599.0
1205970 2606.4
1205980 2606.4
1205990 2612.7
1206000 2618.0
1206010 2618.0
1206020 2621.1
1206030 2624.6
1206040 2624.6
1206050 2627.3
1206060 2631.9
1206070 2631.9
1206080 2639.1
1206090 2647.6
1206100 2647.6
1206110 2659.7
1206120 2671.5
1206130 2676.6
1206140 2676.6
1206150 2681.1
1206160 2683.5
1206170 2684.0
1206180 2686.3
1206190 2690.7
1206200 2690.7
1206210 2696.6
1206220 2702.0
1206230 2702.0
1206240 2707.0
1206250 2711.9
1206260 2711.9
1206270 2714.8
1206280 2715.9
1206290 2715.9
1206300 2717.6
1206310 2718.7
1206320 2719.8
1206330 2719.8
1206340 2721.6
1206350 2723.9
1206360 2723.9
1206370 2729.4
1206380 2736.4
1206390 2736.4
1206400 2740.8
1206410 2747.1
1206420 2747.1
1206430 2754.9
1206440 2760.5
1206450 2760.5
1206460 2762.0
1206470 2762.8
1206480 2762.8
1206490 2767.9
1206500 2776.8
1206510 2780.1
1206520 2780.1
1206530 2781.3
1206540 2783.0
1206550 2783.0
1206560 2786.6
1206570 2788.9
1206580 2788.9
1206590 2792.0
1206600 2796.0
1206610 2796.0
1206620 2797.7
1206630 2796.8
1206640 2796.8
1206650 2798.1
1206660 2799.1
1206670 2799.1
1206680 2798.9
1206690 2803.2
1206700 2801.7
1206710 2801.7
1206720 2806.6
1206730 2807.6
1206740 2807.6
1206750 2807.8
1206760 2809.3
1206770 2809.3
1206780 2809.5
1206790 2811.6
1206800 2811.6
1206810 2813.0
1206820 2814.8
1206830 2814.8
1206840 2816.5
1206850 2818.2
1206860 2818.2
1206870 2820.0
1206880 2821.7
1206890 2823.4
1206900 2823.4
1206910 2825.4
1206920 2827.2
1206930 2827.2
1206940 2828.2
1206950 2829.9
1206960 2829.9
1206970 2831.5
1206980 2832.7
1206990 2832.7
1207000 2834.3
1207010 2835.7
1207020 2835.7
1207030 2837.2
1207040 2838.7
1207050 2838.7
1207060 2840.3
1207070 2841.8
1207080 2842.3
1207090 2843.8
1207100 2845.4
1207110 2847.1
1207120 2847.1
1207130 2848.8
1207140 2850.4
1207150 2850.4
1207160 2852.0
1207170 2853.6
1207180 2853.6
1207190 2855.1
1207200 2856.6
1207210 2856.6
1207220 2858.0
1207230 2859.4
1207240 2859.4
1207250 2860.9
1207260 2862.4
1207270 2862.4
1207280 2863.8
1207290 2865.2
1207300 2866.6
1207310 2866.6
1207320 2868.1
1207330 2869.7
1207340 2869.7
1207350 2871.3
1207360 2872.8
1207370 2872.8
1207380 2874.5
1207390 2876.2
1207400 2876.2
1207410 2878.0
1207420 2880.0
1207430 2880.0
1207440 2881.8
1207450 2883.6
1207460 2883.6
1207470 2885.3
1207480 2887.3
1207490 2889.1
1207500 2889.1
1207510 2891.0
1207520 2893.0
1207530 2893.0
1207540 2894.3
1207550 2896.2
1207560 2896.2
1207570 2898.0
1207580 2899.6
1207590 2899.6
1207600 2901.0
1207610 2902.5
1207620 2902.5
1207630 2904.0
1207640 2905.4
1207650 2905.4
1207660 2906.8
1207670 2907.9
1207680 2909.4
1207690 2909.4
1207700 2910.1
1207710 2911.9
1207720 2911.9
1207730 2913.0
1207740 2914.2
1207750 2914.2
1207760 2915.1
1207770 2916.4
1207780 2916.4
1207790 2917.3
1207800 2918.6
1207810 2918.6
1207820 2919.5
1207830 2920.7
1207840 2920.7
1207850 2921.6
1207860 2922.7
1207870 2923.5
1207880 2923.5
1207890 2924.4
1207900 2925.3
1207910 2925.3
1207920 2926.0
1207930 2926.9
1207940 2926.9
1207950 2927.8
1207960 2928.7
1207970 2928.7
1207980 2929.8
1207990 2930.9
1208000 2929.4
1208010 2930.5
1208020 2931.7
1208030 2931.7
1208040 2932.9
1208050 2934.1
1208060 2935.3
1208070 2935.3
1208080 2936.6
1208090 2937.8
1208100 2937.8
1208110 2939.0
1208120 2940.2
1208130 2940.2
1208140 2941.3
1208150 2942.5
1208160 2942.5
1208170 2943.5
1208180 2944.5
1208190 2944.5
1208200 2945.5
1208210 2946.3
1208220 2946.3
1208230 2947.0
1208240 2947.4
1208250 2947.3
1208260 2947.3
1208270 2945.2
1208280 2944.4
1208290 2944.4
1208300 2947.3
1208310 2949.2
1208320 2949.2
1208330 2950.7
1208340 2952.2
1208350 2952.2
1208360 2953.7
1208370 2955.1
1208380 2955.1
1208390 2956.4
1208400 2957.7
1208410 2957.7
1208420 2958.8
1208430 2959.8
1208440 2960.6
1208450 2960.2
1208460 2960.9
1208470 2961.5
1208480 2961.5
1208490 2961.9
1208500 2962.4
1208510 2962.4
1208520 2962.8
1208530 2963.3
1208540 2963.3
1208550 2963.9
1208560 2964.4
1208570 2964.4
1208580 2965.0
1208590 2965.6
1208600 2965.6
1208610 2966.0
1208620 2966.4
1208630 2966.9
1208640 2966.9
1208650 2967.7
1208660 2968.7
1208670 2968.7
1208680 2969.6
1208690 2970.5
1208700 2970.5
1208710 2971.3
1208720 2972.1
1208730 2972.1
1208740 2972.7
1208750 2973.4
1208760 2973.4
1208770 2974.0
1208780 2974.5
1208790 2974.5
1208800 2975.1
1208810 2976.0
1208820 2976.0
1208830 2977.2
1208840 2978.6
1208850 2980.0
1208860 2980.0
1208870 2981.2
1208880 2982.5
1208890 2982.5
1208900 2983.9
1208910 2987.4
1208920 2987.4
1208930 2989.2
1208940 2991.0
1208950 2991.0
1208960 2992.6
1208970 2994.7
1208980 2994.7
1208990 2997.2
1209000 3000.0
1209010 3000.0
1209020 3002.7
1209030 3005.4
1209040 3008.3
1209050 3008.3
1209060 3011.2
1209070 3014.0
1209080 3014.0
1209090 3016.7
1209100 3019.3
1209110 3019.3
1209120 3021.8
1209130 3024.5
1209140 3024.5
1209150 3027.2
1209160 3029.5
1209170 3029.5
1209180 3031.7
1209190 3034.0
1209200 3034.0
1209210 3036.5
1209220 3038.4
1209230 3040.6
1209240 3040.6
1209250 3042.7
1209260 3044.9
1209270 3044.9
1209280 3046.4
1209290 3048.8
1209300 3048.8
1209310 3051.0
1209320 3052.5
1209330 3052.5
1209340 3053.6
1209350 3054.8
1209360 3054.8
1209370 3056.9
1209380 3059.1
1209390 3059.1
1209400 3061.0
1209410 3062.4
1209420 3063.9
1209430 3063.9
1209440 3065.8
1209450 3066.9
1209460 3066.9
1209470 3067.4
1209480 3068.2
1209490 3068.2
1209500 3069.0
1209510 3069.5
1209520 3069.5
1209530 3070.2
1209540 3070.9
1209550 3070.9
1209560 3071.4
1209570 3071.5
1209580 3071.5
1209590 3071.9
1209600 3072.4
1209610 3073.3
1209620 3073.3
1209630 3074.2
1209640 3075.0
1209650 3075.0
1209660 3075.7
1209670 3076.3
1209680 3076.3
1209690 3076.8
1209700 3077.4
1209710 3077.4
1209720 3078.2
1209730 3078.8
1209740 3078.8
1209750 3079.1
1209760 3080.6
1209770 3080.6
1209780 3081.8
1209790 3082.5
1209800 3083.9
1209810 3083.9
1209820 3085.4
1209830 3086.5
1209840 3086.5
1209850 3086.4
1209860 3086.8
1209870 3086.8
1209880 3088.6
1209890 3092.3
1209900 3092.3
1209910 3098.8
1209920 3105.3
1209930 3105.3
1209940 3110.5
1209950 3115.2
1209960 3115.2
1209970 3120.4
1209980 3125.2
1209990 3129.4
1210000 3129.4
1210010 3134.3
1210020 3140.8
1210030 3140.8
1210040 3146.3
1210050 3154.3
1210060 3154.3
1210070 3162.8
1210080 3170.0
1210090 3170.0
1210100 3176.8
1210110 3182.9
1210120 3182.9
1210130 3190.3
1210140 3196.3
1210150 3196.3
1210160 3201.9
1210170 3208.9
1210180 3216.4
1210190 3216.4
1210200 3224.7
1210210 3233.0
1210220 3233.0
1210230 3241.4
1210240 3249.8
1210250 3249.8
1210260 3257.9
1210270 3266.1
1210280 3266.1
1210290 3274.9
1210300 3284.0
1210310 3284.0
1210320 3294.0
1210330 3305.1
1210340 3305.1
1210350 3316.0
1210360 3326.3
1210370 3336.0
1210380 3336.0
1210390 3343.7
1210400 3351.7
1210410 3351.7
1210420 3359.3
1210430 3367.0
1210440 3367.0
1210450 3374.2
1210460 3377.8
1210470 3377.8
1210480 3377.0
1210490 3373.3
1210500 3373.3
1210510 3368.4
1210520 3364.1
1210530 3364.1
1210540 3361.1
1210550 3358.3
1210560 3358.3
1210570 3353.7
1210580 3348.7
1210590 3344.8
1210600 3344.8
1210610 3342.1
1210620 3340.3
1210630 3340.3
1210640 3338.7
1210650 3335.9
1210660 3335.9
1210670 3332.4
1210680 3328.9
1210690 3328.9
1210700 3326.0
1210710 3323.1
1210720 3323.1
1210730 3321.0
1210740 3319.3
1210750 3320.4
1210760 3319.0
1210770 3317.6
1210780 3315.6
1210790 3315.6
1210800 3313.7
1210810 3312.3
1210820 3312.3
1210830 3311.6
1210840 3310.9
1210850 3310.9
1210860 3311.1
1210870 3311.6
1210880 3311.6
1210890 3311.1
1210900 3309.5
1210910 3309.5
1210920 3307.1
1210930 3304.2
1210940 3304.2
1210950 3302.1
1210960 3300.3
1210970 3297.7
1210980 3297.7
1210990 3295.0
1211000 3292.2
1211010 3292.2
1211020 3290.0
1211030 3288.1
1211040 3288.1
1211050 3286.4
1211060 3284.5
1211070 3284.5
1211080 3282.8
1211090 3281.3
1211100 3281.3
1211110 3279.8
1211120 3278.2
1211130 3278.2
1211140 3276.5
1211150 3274.6
1211160 3272.7
1211170 3272.7
1211180 3271.0
1211190 3269.7
1211200 3269.7
1211210 3266.3
1211220 3264.1
1211230 3264.1
1211240 3261.2
1211250 3258.2
1211260 3258.2
1211270 3255.0
1211280 3251.6
1211290 3251.6
1211300 3248.4
1211310 3244.8
1211320 3244.8
1211330 3241.3
1211340 3237.8
1211350 3234.4
1211360 3234.4
1211370 3231.2
1211380 3228.0
1211390 3228.0
1211400 3224.8
1211410 3221.5
1211420 3221.5
1211430 3218.3
1211440 3215.0
1211450 3215.0
1211460 3211.7
1211470 3208.3
1211480 3208.3
1211490 3204.8
1211500 3201.3
1211510 3201.3
1211520 3198.0
1211530 3194.7
1211540 3191.6
1211550 3191.6
1211560 3188.5
1211570 3185.7
1211580 3185.7
1211590 3183.1
1211600 3180.8
1211610 3180.8
1211620 3178.7
1211630 3176.8
1211640 3176.8
1211650 3175.0
1211660 3173.6
1211670 3172.3
1211680 3171.2
1211690 3170.3
1211700 3170.3
1211710 3169.4
1211720 3168.6
1211730 3168.0
1211740 3168.0
1211750 3167.3
1211760 3166.7
1211770 3166.7
1211780 3166.1
1211790 3165.5
1211800 3165.5
1211810 3164.9
1211820 3164.3
1211830 3164.3
1211840 3163.8
1211850 3163.1
1211860 3163.1
1211870 3162.4
1211880 3161.7
1211890 3161.7
1211900 3161.1
1211910 3160.4
1211920 3159.7
1211930 3159.7
1211940 3159.0
1211950 3158.4
1211960 3158.4
1211970 3157.7
1211980 3157.0
1211990 3157.0
1212000 3156.3
1212010 3155.7
1212020 3155.7
1212030 3155.1
1212040 3154.4
1212050 3154.4
1212060 3153.7
1212070 3153.0
1212080 3153.0
1212090 3152.4
1212100 3151.6
1212110 3150.9
1212120 3150.9
1212130 3150.1
1212140 3148.6
1212150 3148.6
1212160 3147.8
1212170 3146.9
1212180 3146.9
1212190 3145.8
1212200 3144.9
1212210 3144.9
1212220 3143.7
1212230 3142.6
1212240 3142.6
1212250 3141.3
1212260 3140.0
1212270 3140.0
1212280 3138.5
1212290 3136.8
1212300 3136.8
1212310 3135.1
1212320 3133.3
1212330 3130.0
1212340 3130.0
1212350 3129.1
1212360 3126.7
1212370 3126.7
1212380 3124.3
1212390 3121.9
1212400 3121.9
1212410 3118.8
1212420 3115.0
1212430 3115.0
1212440 3113.3
1212450 3110.5
1212460 3110.5
1212470 3107.2
1212480 3103.7
1212490 3103.7
1212500 3100.0
1212510 3095.8
1212520 3091.4
1212530 3091.4
1212540 3086.6
1212550 3081.7
1212560 3081.7
1212570 3077.2
1212580 3073.1
1212590 3073.1
1212600 3072.8
1212610 3069.6
1212620 3069.6
1212630 3066.6
1212640 3063.9
1212650 3063.9
1212660 3061.2
1212670 3058.6
1212680 3058.6
1212690 3056.0
1212700 3053.3
1212710 3050.6
1212720 3050.6
1212730 3048.0
1212740 3045.2
1212750 3045.2
1212760 3042.1
1212770 3038.4
1212780 3038.4
1212790 3034.2
1212800 3029.6
1212810 3029.6
1212820 3024.8
1212830 3020.1
1212840 3020.1
1212850 3015.9
1212860 3012.2
1212870 3012.2
1212880 3009.3
1212890 3007.1
1212900 3005.6
1212910 3005.6
1212920 3004.7
1212930 3004.2
1212940 3004.2
1212950 3004.0
1212960 3003.8
1212970 3003.8
1212980 3003.4
1212990 3003.1
1213000 3003.1
1213010 3003.0
1213020 3003.2
1213030 3003.2
1213040 3003.4
1213050 3004.1
1213060 3004.1
1213070 3006.4
1213080 3007.9
1213090 3009.4
1213100 3009.4
1213110 3011.0
1213120 3012.6
1213130 3012.6
1213140 3014.1
1213150 3015.3
1213160 3015.3
1213170 3016.2
1213180 3017.8
1213190 3017.8
1213200 3018.5
1213210 3019.2
1213220 3019.2
1213230 3020.0
1213240 3020.3
1213250 3020.3
1213260 3020.6
1213270 3021.2
1213280 3021.4
1213290 3021.4
1213300 3021.5
1213310 3021.5
1213320 3021.5
1213330 3021.3
1213340 3021.1
1213350 3021.1
1213360 3021.0
1213370 3021.1
1213380 3021.1
1213390 3022.3
1213400 3022.3
1213410 3022.3
1213420 3021.8
1213430 3021.1
1213440 3021.1
1213450 3020.2
1213460 3019.2
1213470 3018.2
1213480 3018.2
1213490 3017.2
1213500 3016.4
1213510 3016.4
1213520 3015.5
1213530 3015.2
1213540 3015.2
1213550 3014.1
1213560 3013.2
1213570 3013.2
1213580 3012.4
1213590 3011.7
1213600 3011.7
1213610 3011.1
1213620 3010.4
1213630 3010.4
1213640 3010.0
1213650 3009.6
1213660 3009.2
1213670 3009.2
1213680 3008.7
1213690 3008.1
1213700 3008.1
1213710 3007.6
1213720 3007.3
1213730 3007.3
1213740 3007.0
1213750 3006.9
1213760 3006.9
1213770 3006.8
1213780 3006.7
1213790 3006.7
1213800 3006.5
1213810 3006.2
1213820 3006.2
1213830 3006.0
1213840 3005.9
1213850 3005.7
1213860 3005.7
1213870 3005.4
1213880 3005.3
1213890 3005.3
1213900 3005.1
1213910 3005.0
1213920 3005.0
1213930 3004.8
1213940 3004.6
1213950 3004.6
1213960 3004.5
1213970 3004.4
1213980 3004.4
1213990 3004.4
1214000 3005.5
1214010 3005.5
1214020 3005.4
1214030 3005.5
1214040 3005.5
1214050 3005.5
1214060 3005.4
1214070 3005.4
1214080 3005.4
1214090 3005.5
1214100 3005.5
1214110 3005.5
1214120 3005.6
1214130 3005.7
1214140 3005.7
1214150 3005.9
1214160 3006.1
1214170 3006.1
1214180 3006.3
1214190 3006.6
1214200 3006.6
1214210 3006.8
1214220 3007.2
1214230 3007.2
1214240 3007.6
1214250 3008.0
1214260 3008.5
1214270 3008.5
1214280 3009.0
1214290 3009.6
1214300 3009.6
1214310 3010.1
1214320 3010.6
1214330 3010.6
1214340 3011.1
1214350 3011.7
1214360 3011.7
1214370 3012.5
1214380 3013.5
1214390 3013.5
1214400 3014.6
1214410 3015.4
1214420 3015.4
1214430 3016.4
1214440 3018.0
1214450 3020.4
1214460 3020.4
1214470 3027.1
1214480 3032.6
1214490 3032.6
1214500 3041.0
1214510 3055.9
1214520 3055.9
1214530 3068.2
1214540 3078.6
1214550 3078.6
1214560 3092.1
1214570 3109.2
1214580 3109.2
1214590 3125.5
1214600 3135.8
1214610 3135.8
1214620 3133.0
1214630 3130.4
1214640 3128.6
1214650 3128.6
1214660 3124.3
1214670 3113.6
1214680 3113.6
1214690 3098.2
1214700 3086.2
1214710 3086.2
1214720 3075.2
1214730 3052.0
1214740 3052.0
1214750 3037.8
1214760 3029.6
1214770 3029.6
1214780 3022.4
1214790 3016.0
1214800 3016.0
1214810 3009.1
1214820 3003.9
1214830 2999.6
1214840 2999.6
1214850 2994.9
1214860 2989.4
1214870 2989.4
1214880 2984.1
1214890 2978.6
1214900 2978.6
1214910 2971.0
1214920 2963.3
1214930 2961.3
1214940 2954.0
1214950 2947.0
1214960 2947.0
1214970 2940.1
1214980 2933.1
1214990 2933.1
1215000 2927.0
1215010 2923.4
1215020 2918.9
1215030 2918.9
1215040 2914.2
1215050 2909.7
1215060 2909.7
1215070 2905.3
1215080 2900.8
1215090 2900.8
1215100 2896.4
1215110 2892.7
1215120 2892.7
1215130 2889.0
1215140 2885.6
1215150 2885.6
1215160 2882.7
1215170 2880.2
1215180 2880.2
1215190 2877.8
1215200 2875.8
1215210 2874.0
1215220 2874.0
1215230 2873.1
1215240 2872.6
1215250 2872.6
1215260 2871.8
1215270 2871.0
1215280 2871.0
1215290 2869.6
1215300 2868.3
1215310 2868.3
1215320 2866.9
1215330 2864.7
1215340 2864.7
1215350 2862.4
1215360 2859.2
1215370 2859.2
1215380 2855.9
1215390 2852.6
1215400 2853.3
1215410 2853.3
1215420 2849.3
1215430 2844.9
1215440 2844.9
1215450 2840.2
1215460 2835.5
1215470 2835.5
1215480 2831.4
1215490 2827.1
1215500 2827.1
1215510 2821.8
1215520 2815.5
1215530 2815.5
1215540 2809.1
1215550 2802.4
1215560 2802.4
1215570 2795.7
1215580 2788.8
1215590 2782.2
1215600 2782.2
1215610 2775.9
1215620 2770.1
1215630 2770.1
1215640 2764.7
1215650 2759.8
1215660 2759.8
1215670 2755.4
1215680 2751.2
1215690 2751.2
1215700 2748.1
1215710 2746.0
1215720 2746.0
1215730 2743.1
1215740 2740.2
1215750 2740.2
1215760 2738.2
1215770 2736.5
1215780 2735.1
1215790 2735.1
1215800 2733.2
1215810 2729.9
1215820 2729.9
1215830 2727.2
1215840 2724.0
1215850 2724.0
1215860 2721.8
1215870 2714.4
1215880 2714.4
1215890 2710.5
1215900 2706.6
1215910 2706.6
1215920 2704.7
1215930 2705.2
1215940 2705.2
1215950 2705.9
1215960 2707.0
1215970 2707.0
1215980 2707.9
1215990 2709.5
1216000 2711.5
1216010 2711.5
1216020 2712.4
1216030 2712.5
1216040 2712.5
1216050 2712.4
1216060 2712.5
1216070 2712.5
1216080 2712.5
1216090 2712.3
1216100 2712.3
1216110 2712.2
1216120 2711.1
1216130 2711.1
1216140 2709.7
1216150 2708.4
1216160 2708.4
1216170 2706.8
1216180 2704.1
1216190 2701.3
1216200 2701.3
1216210 2698.5
1216220 2696.2
1216230 2696.2
1216240 2694.0
1216250 2693.0
1216260 2693.0
1216270 2692.3
1216280 2693.0
1216290 2693.0
1216300 2695.8
1216310 2697.6
1216320 2697.6
1216330 2698.6
1216340 2694.4
1216350 2694.4
1216360 2695.2
1216370 2695.7
1216380 2697.0
1216390 2697.0
1216400 2701.3
1216410 2704.0
1216420 2704.0
1216430 2705.1
1216440 2704.2
1216450 2704.2
1216460 2702.1
1216470 2701.3
1216480 2701.3
1216490 2703.0
1216500 2706.0
1216510 2706.0
1216520 2707.5
1216530 2708.4
1216540 2708.4
1216550 2710.0
1216560 2714.4
1216570 2718.8
1216580 2718.8
1216590 2721.7
1216600 2721.1
1216610 2721.1
1216620 2720.2
1216630 2719.8
1216640 2719.8
1216650 2721.6
1216660 2723.3
1216670 2723.3
1216680 2724.8
1216690 2726.3
1216700 2726.3
1216710 2724.0
1216720 2722.3
1216730 2722.3
1216740 2722.9
1216750 2722.2
1216760 2719.3
1216770 2719.3
1216780 2720.0
1216790 2722.2
1216800 2722.2
1216810 2719.2
1216820 2707.9
1216830 2707.9
1216840 2700.5
1216850 2698.5
1216860 2698.5
1216870 2697.5
1216880 2698.3
1216890 2698.3
1216900 2704.0
1216910 2704.6
1216920 2704.6
1216930 2701.5
1216940 2701.7
1216950 2703.8
1216960 2703.8
1216970 2705.4
1216980 2706.1
1216990 2706.1
1217000 2707.3
1217010 2709.0
1217020 2709.0
1217030 2712.9
1217040 2716.1
1217050 2716.1
1217060 2715.4
1217070 2713.6
1217080 2713.6
1217090 2709.8
1217100 2705.3
1217110 2705.3
1217120 2700.3
1217130 2694.9
1217140 2691.2
1217150 2691.2
1217160 2688.0
1217170 2684.7
1217180 2684.7
1217190 2684.2
1217200 2685.5
1217210 2685.5
1217220 2686.4
1217230 2687.9
1217240 2687.9
1217250 2689.6
1217260 2691.0
1217270 2691.0
1217280 2691.8
1217290 2685.3
1217300 2685.3
1217310 2685.3
1217320 2686.1
1217330 2688.0
1217340 2688.0
1217350 2690.0
1217360 2692.2
1217370 2692.2
1217380 2693.7
1217390 2697.0
1217400 2697.0
1217410 2701.3
1217420 2703.9
1217430 2703.9
1217440 2705.3
1217450 2706.0
1217460 2706.0
1217470 2706.3
1217480 2706.3
1217490 2706.3
1217500 2706.4
1217510 2706.0
1217520 2705.1
1217530 2705.1
1217540 2704.6
1217550 2704.1
1217560 2704.1
1217570 2703.6
1217580 2702.7
1217590 2702.7
1217600 2701.4
1217610 2699.6
1217620 2699.6
1217630 2698.5
1217640 2697.5
1217650 2697.5
1217660 2696.6
1217670 2695.1
1217680 2695.1
1217690 2692.7
1217700 2690.8
1217710 2689.2
1217720 2689.2
1217730 2687.6
1217740 2686.0
1217750 2686.0
1217760 2682.5
1217770 2681.3
1217780 2681.3
1217790 2679.7
1217800 2676.7
1217810 2676.7
1217820 2669.8
1217830 2661.5
1217840 2661.5
1217850 2655.6
1217860 2654.2
1217870 2654.2
1217880 2651.8
1217890 2646.4
1217900 2641.4
1217910 2641.4
1217920 2635.0
1217930 2624.8
1217940 2624.8
1217950 2615.8
1217960 2606.8
1217970 2606.8
1217980 2596.8
1217990 2590.8
1218000 2590.8
1218010 2585.7
1218020 2576.3
1218030 2576.3
1218040 2567.4
1218050 2560.2
1218060 2560.2
1218070 2554.3
1218080 2548.5
1218090 2548.5
1218100 2542.2
1218110 2536.0
1218120 2530.5
1218130 2530.5
1218140 2525.3
1218150 2520.1
1218160 2520.1
1218170 2514.6
1218180 2509.1
1218190 2509.1
1218200 2504.1
1218210 2498.7
1218220 2498.7
1218230 2493.2
1218240 2483.6
1218250 2483.6
1218260 2479.0
1218270 2474.5
1218280 2474.5
1218290 2469.6
1218300 2464.6
1218310 2459.9
1218320 2459.9
1218330 2455.1
1218340 2450.3
1218350 2450.3
1218360 2445.3
1218370 2440.3
1218380 2440.3
1218390 2434.7
1218400 2429.2
1218410 2429.2
1218420 2423.8
1218430 2419.3
1218440 2419.3
1218450 2414.6
1218460 2409.3
1218470 2409.3
1218480 2403.9
1218490 2397.5
1218500 2390.6
1218510 2390.6
1218520 2384.4
1218530 2378.6
1218540 2378.6
1218550 2373.1
1218560 2366.9
1218570 2366.9
1218580 2359.5
1218590 2351.9
1218600 2351.9
1218610 2344.9
1218620 2337.9
1218630 2337.9
1218640 2331.5
1218650 2325.5
1218660 2325.5
1218670 2319.3
1218680 2312.5
1218690 2305.9
1218700 2305.9
1218710 2295.8
1218720 2287.7
1218730 2287.7
1218740 2279.8
1218750 2272.3
1218760 2272.3
1218770 2267.2
1218780 2264.7
1218790 2264.7
1218800 2262.4
1218810 2260.3
1218820 2260.3
1218830 2257.4
1218840 2253.7
1218850 2253.7
1218860 2249.7
1218870 2246.7
1218880 2244.0
1218890 2244.0
1218900 2238.0
1218910 2229.6
1218920 2229.6
1218930 2220.7
1218940 2211.9
1218950 2211.9
1218960 2203.5
1218970 2195.2
1218980 2195.2
1218990 2187.0
1219000 2179.9
1219010 2179.9
1219020 2174.4
1219030 2170.6
1219040 2170.6
1219050 2167.5
1219060 2166.8
1219070 2166.0
1219080 2166.0
1219090 2161.6
1219100 2154.7
1219110 2154.7
1219120 2147.8
1219130 2141.2
1219140 2141.2
1219150 2135.6
1219160 2131.1
1219170 2131.1
1219180 2126.8
1219190 2120.5
1219200 2120.5
1219210 2116.8
1219220 2113.2
1219230 2113.2
1219240 2107.9
1219250 2102.4
1219260 2096.5
1219270 2096.5
1219280 2090.2
1219290 2083.3
1219300 2083.3
1219310 2075.6
1219320 2067.8
1219330 2067.8
1219340 2060.4
1219350 2052.0
1219360 2052.0
1219370 2044.3
1219380 2038.2
1219390 2038.2
1219400 2032.7
1219410 2027.7
1219420 2027.7
1219430 2022.6
1219440 2018.2
1219450 2014.3
1219460 2014.3
1219470 2010.3
1219480 2007.3
1219490 2007.3
1219500 2005.7
1219510 2003.6
1219520 2003.6
1219530 2000.0
1219540 1995.3
1219550 1995.3
1219560 1991.8
1219570 1987.8
1219580 1987.8
1219590 1983.8
1219600 1980.6
1219610 1980.6
1219620 1978.5
1219630 1975.0
1219640 1970.6
1219650 1970.6
1219660 1958.8
1219670 1953.8
1219680 1953.8
1219690 1948.2
1219700 1944.5
1219710 1944.5
1219720 1942.6
1219730 1940.4
1219740 1940.4
1219750 1937.2
1219760 1934.0
1219770 1934.0
1219780 1930.5
1219790 1926.1
1219800 1926.1
1219810 1920.3
1219820 1915.4
1219830 1912.3
1219840 1912.3
1219850 1909.0
1219860 1904.3
1219870 1904.3
1219880 1899.2
1219890 1894.7
1219900 1894.7
1219910 1889.9
1219920 1884.7
1219930 1884.7
1219940 1879.6
1219950 1874.2
1219960 1874.2
1219970 1869.1
1219980 1865.2
1219990 1865.2
