1200000 3117.1
1200010 3121.8
1200020 3121.8
1200030 3126.3
1200040 3130.8
1200050 3130.8
1200060 3135.3
1200070 3139.7
1200080 3139.7
1200090 3144.1
1200100 3148.5
1200110 3148.5
1200120 3152.8
1200130 3157.1
1200140 3161.4
1200150 3161.4
1200160 3165.6
1200170 3169.9
1200180 3169.9
1200190 3174.0
1200200 3178.1
1200210 3178.1
1200220 3182.2
1200230 3186.1
1200240 3186.1
1200250 3190.1
1200260 3194.0
1200270 3194.0
1200280 3197.7
1200290 3201.5
1200300 3201.5
1200310 3205.2
1200320 3208.7
1200330 3212.3
1200340 3212.3
1200350 3215.8
1200360 3219.2
1200370 3219.2
1200380 3221.0
1200390 3224.2
1200400 3224.2
1200410 3227.6
1200420 3231.0
1200430 3231.0
1200440 3234.7
1200450 3238.2
1200460 3238.2
1200470 3241.6
1200480 3247.1
1200490 3247.1
1200500 3253.0
1200510 3259.1
1200520 3267.6
1200530 3267.6
1200540 3280.5
1200550 3289.3
1200560 3289.3
1200570 3300.0
1200580 3308.2
1200590 3308.2
1200600 3316.5
1200610 3327.0
1200620 3327.0
1200630 3335.6
1200640 3343.8
1200650 3343.8
1200660 3353.0
1200670 3359.7
1200680 3359.7
1200690 3364.5
1200700 3357.7
1200710 3357.7
1200720 3346.2
1200730 3338.2
1200740 3330.0
1200750 3330.0
1200760 3321.7
1200770 3315.2
1200780 3315.2
1200790 3309.9
1200800 3305.3
1200810 3305.3
1200820 3300.3
1200830 3296.8
1200840 3296.8
1200850 3294.2
1200860 3292.8
1200870 3292.8
1200880 3291.5
1200890 3289.5
1200900 3289.5
1200910 3286.5
1200920 3282.7
1200930 3278.6
1200940 3278.6
1200950 3274.4
1200960 3270.3
1200970 3270.3
1200980 3266.5
1200990 3262.7
1201000 3262.7
1201010 3259.0
1201020 3254.8
1201030 3254.8
1201040 3250.0
1201050 3244.6
1201060 3244.6
1201070 3238.6
1201080 3232.8
1201090 3232.8
1201100 3226.0
1201110 3218.6
1201120 3210.4
1201130 3210.4
1201140 3200.1
1201150 3189.6
1201160 3189.6
1201170 3181.6
1201180 3171.5
1201190 3171.5
1201200 3162.8
1201210 3156.0
1201220 3156.0
1201230 3149.9
1201240 3144.1
1201250 3144.1
1201260 3138.8
1201270 3131.5
1201280 3131.5
1201290 3125.0
1201300 3119.7
1201310 3115.5
1201320 3115.5
1201330 3112.5
1201340 3111.1
1201350 3111.1
1201360 3110.3
1201370 3109.5
1201380 3109.5
1201390 3109.0
1201400 3107.8
1201410 3107.8
1201420 3106.2
1201430 3104.9
1201440 3104.9
1201450 3104.2
1201460 3103.9
1201470 3103.9
1201480 3103.7
1201490 3103.3
1201500 3101.9
1201510 3101.9
1201520 3099.6
1201530 3098.0
1201540 3098.0
1201550 3095.8
1201560 3092.3
1201570 3092.3
1201580 3086.9
1201590 3080.5
1201600 3080.5
1201610 3074.4
1201620 3068.8
1201630 3068.8
1201640 3064.6
1201650 3063.1
1201660 3063.1
1201670 3064.0
1201680 3067.0
1201690 3067.0
1201700 3068.2
1201710 3066.4
1201720 3070.9
1201730 3070.9
1201740 3073.1
1201750 3072.7
1201760 3072.7
1201770 3071.7
1201780 3071.6
1201790 3071.6
1201800 3076.0
1201810 3079.0
1201820 3079.0
1201830 3073.5
1201840 3069.3
1201850 3069.3
1201860 3067.1
1201870 3069.7
1201880 3069.7
1201890 3072.4
1201900 3075.9
1201910 3079.2
1201920 3079.2
1201930 3082.5
1201940 3087.1
1201950 3087.1
1201960 3091.5
1201970 3096.8
1201980 3096.8
1201990 3099.1
1202000 3096.7
1202010 3096.7
1202020 3103.0
1202030 3111.5
1202040 3111.5
1202050 3109.0
1202060 3101.8
1202070 3101.8
1202080 3098.9
1202090 3098.1
1202100 3101.2
1202110 3101.2
1202120 3102.9
1202130 3102.1
1202140 3102.1
1202150 3102.2
1202160 3096.3
1202170 3096.3
1202180 3099.6
1202190 3102.8
1202200 3102.8
1202210 3106.5
1202220 3107.8
1202230 3107.8
1202240 3100.9
1202250 3097.4
1202260 3097.4
1202270 3092.4
1202280 3087.9
1202290 3080.3
1202300 3080.3
1202310 3073.2
1202320 3069.4
1202330 3069.4
1202340 3068.1
1202350 3067.6
1202360 3067.6
1202370 3063.9
1202380 3056.6
1202390 3056.6
1202400 3047.2
1202410 3032.3
1202420 3032.3
1202430 3019.4
1202440 3009.7
1202450 3009.7
1202460 3000.5
1202470 2993.2
1202480 2993.2
1202490 2993.2
1202500 2992.3
1202510 2990.4
1202520 2990.4
1202530 2989.2
1202540 2989.2
1202550 2989.2
1202560 2987.0
1202570 2983.7
1202580 2983.7
1202590 2983.5
1202600 2984.5
1202610 2991.8
1202620 2994.3
1202630 2999.0
1202640 2999.0
1202650 3003.5
1202660 3009.4
1202670 3016.5
1202680 3016.5
1202690 3016.5
1202700 3015.2
1202710 3015.2
1202720 3018.9
1202730 3024.2
1202740 3024.2
1202750 3021.0
1202760 3012.5
1202770 3012.5
1202780 3003.1
1202790 2994.0
1202800 2994.0
1202810 2985.4
1202820 2977.7
1202830 2977.7
1202840 2971.2
1202850 2963.7
1202860 2963.7
1202870 2956.7
1202880 2950.8
1202890 2944.6
1202900 2944.6
1202910 2938.8
1202920 2935.7
1202930 2935.7
1202940 2933.7
1202950 2930.0
1202960 2930.0
1202970 2920.3
1202980 2906.6
1202990 2906.6
1203000 2895.3
1203010 2881.4
1203020 2881.4
1203030 2864.9
1203040 2854.7
1203050 2854.7
1203060 2842.6
1203070 2837.2
1203080 2832.4
1203090 2832.4
1203100 2828.5
1203110 2825.7
1203120 2825.7
1203130 2825.3
1203140 2827.3
1203150 2827.3
1203160 2831.0
1203170 2829.2
1203180 2829.2
1203190 2823.0
1203200 2817.8
1203210 2817.8
1203220 2814.9
1203230 2810.4
1203240 2810.4
1203250 2805.3
1203260 2798.5
1203270 2790.6
1203280 2790.6
1203290 2784.3
1203300 2777.3
1203310 2777.3
1203320 2761.6
1203330 2747.0
1203340 2747.0
1203350 2726.5
1203360 2704.6
1203370 2704.6
1203380 2692.3
1203390 2683.9
1203400 2683.9
1203410 2675.4
1203420 2665.8
1203430 2665.8
1203440 2656.7
1203450 2648.8
1203460 2641.1
1203470 2641.1
1203480 2633.2
1203490 2626.8
1203500 2626.8
1203510 2628.3
1203520 2620.3
1203530 2620.3
1203540 2610.5
1203550 2597.8
1203560 2597.8
1203570 2585.6
1203580 2579.9
1203590 2579.9
1203600 2576.0
1203610 2573.3
1203620 2573.3
1203630 2569.6
1203640 2563.9
1203650 2558.4
1203660 2558.4
1203670 2554.4
1203680 2551.6
1203690 2551.6
1203700 2549.6
1203710 2549.3
1203720 2549.3
1203730 2549.1
1203740 2548.5
1203750 2548.5
1203760 2546.9
1203770 2544.7
1203780 2544.7
1203790 2541.5
1203800 2537.7
1203810 2537.7
1203820 2534.3
1203830 2531.7
1203840 2531.7
1203850 2528.2
1203860 2527.2
1203870 2525.3
1203880 2525.3
1203890 2523.3
1203900 2520.4
1203910 2520.4
1203920 2515.6
1203930 2514.1
1203940 2514.1
1203950 2513.5
1203960 2509.9
1203970 2509.9
1203980 2508.1
1203990 2505.8
1204000 2505.8
1204010 2499.8
1204020 2494.9
1204030 2494.9
1204040 2493.0
1204050 2489.0
1204060 2484.7
1204070 2484.7
1204080 2479.8
1204090 2472.1
1204100 2472.1
1204110 2468.4
1204120 2468.6
1204130 2468.6
1204140 2469.8
1204150 2472.2
1204160 2472.2
1204170 2471.9
1204180 2467.1
1204190 2467.1
1204200 2466.1
1204210 2468.4
1204220 2468.4
1204230 2466.5
1204240 2463.6
1204250 2455.2
1204260 2455.2
1204270 2449.2
1204280 2444.7
1204290 2444.7
1204300 2440.1
1204310 2435.9
1204320 2435.9
1204330 2431.6
1204340 2427.0
1204350 2427.0
1204360 2421.3
1204370 2417.0
1204380 2417.0
1204390 2409.1
1204400 2395.5
1204410 2387.3
1204420 2373.9
1204430 2366.0
1204440 2352.6
1204450 2352.6
1204460 2340.5
1204470 2331.2
1204480 2331.2
1204490 2322.6
1204500 2314.3
1204510 2314.3
1204520 2306.4
1204530 2298.6
1204540 2298.6
1204550 2290.9
1204560 2282.9
1204570 2282.9
1204580 2275.6
1204590 2268.7
1204600 2268.7
1204610 2262.4
1204620 2255.7
1204630 2248.5
1204640 2248.5
1204650 2241.4
1204660 2233.7
1204670 2233.7
1204680 2225.8
1204690 2217.6
1204700 2217.6
1204710 2209.9
1204720 2202.4
1204730 2202.4
1204740 2194.5
1204750 2187.4
1204760 2187.4
1204770 2181.0
1204780 2173.5
1204790 2173.5
1204800 2168.4
1204810 2166.8
1204820 2166.9
1204830 2166.9
1204840 2167.2
1204850 2166.8
1204860 2167.3
1204870 2168.0
1204880 2170.7
1204890 2170.7
1204900 2175.9
1204910 2180.1
1204920 2180.1
1204930 2182.6
1204940 2184.2
1204950 2184.2
1204960 2185.8
1204970 2190.5
1204980 2190.5
1204990 2192.0
1205000 2185.8
1205010 2185.8
1205020 2180.0
1205030 2172.3
1205040 2165.0
1205050 2165.0
1205060 2157.9
1205070 2151.3
1205080 2151.3
1205090 2144.9
1205100 2138.7
1205110 2138.7
1205120 2132.6
1205130 2127.0
1205140 2127.0
1205150 2122.1
1205160 2117.7
1205170 2117.7
1205180 2113.8
1205190 2111.2
1205200 2111.2
1205210 2109.0
1205220 2106.3
1205230 2103.4
1205240 2103.4
1205250 2098.4
1205260 2092.3
1205270 2092.3
1205280 2090.3
1205290 2089.4
1205300 2089.4
1205310 2091.3
1205320 2092.8
1205330 2092.8
1205340 2094.3
1205350 2096.1
1205360 2096.1
1205370 2097.2
1205380 2097.8
1205390 2097.8
1205400 2098.8
1205410 2100.8
1205420 2103.7
1205430 2103.7
1205440 2106.4
1205450 2109.7
1205460 2109.7
1205470 2113.1
1205480 2116.8
1205490 2116.8
1205500 2120.9
1205510 2124.9
1205520 2124.9
1205530 2129.7
1205540 2136.3
1205550 2136.3
1205560 2143.2
1205570 2149.3
1205580 2149.3
1205590 2156.4
1205600 2165.3
1205610 2173.0
1205620 2173.0
1205630 2180.9
1205640 2191.7
1205650 2191.7
1205660 2203.0
1205670 2212.2
1205680 2212.2
1205690 2220.2
1205700 2229.3
1205710 2229.3
1205720 2236.1
1205730 2244.2
1205740 2244.2
1205750 2252.0
1205760 2259.6
1205770 2259.1
1205780 2270.8
1205790 2281.7
1205800 2289.5
1205810 2289.5
1205820 2303.2
1205830 2320.5
1205840 2320.5
1205850 2331.5
1205860 2335.5
1205870 2335.5
1205880 2340.0
1205890 2344.5
1205900 2344.5
1205910 2350.0
1205920 2356.9
1205930 2356.9
1205940 2368.1
1205950 2380.3
1205960 2380.3
1205970 2390.9
1205980 2398.3
1205990 2398.3
1206000 2404.9
1206010 2410.7
1206020 2419.8
1206030 2419.8
1206040 2429.0
1206050 2433.5
1206060 2433.5
1206070 2438.1
1206080 2437.6
1206090 2437.6
1206100 2444.5
1206110 2454.1
1206120 2454.1
1206130 2459.1
1206140 2471.5
1206150 2471.5
1206160 2481.0
1206170 2487.5
1206180 2487.5
1206190 2490.5
1206200 2496.6
1206210 2496.2
1206220 2512.1
1206230 2518.7
1206240 2530.5
1206250 2530.5
1206260 2536.0
1206270 2540.9
1206280 2540.9
1206290 2546.0
1206300 2550.3
1206310 2550.3
1206320 2553.4
1206330 2555.5
1206340 2555.5
1206350 2557.1
1206360 2559.4
1206370 2559.4
1206380 2560.8
1206390 2564.2
1206400 2568.6
1206410 2568.6
1206420 2571.1
1206430 2573.8
1206440 2573.8
1206450 2576.3
1206460 2578.8
1206470 2578.8
1206480 2578.9
1206490 2581.7
1206500 2581.7
1206510 2587.1
1206520 2593.6
1206530 2593.6
1206540 2598.6
1206550 2601.9
1206560 2601.9
1206570 2604.4
1206580 2605.5
1206590 2608.6
1206600 2608.6
1206610 2614.6
1206620 2620.0
1206630 2620.0
1206640 2625.2
1206650 2629.0
1206660 2629.0
1206670 2632.7
1206680 2641.9
1206690 2641.9
1206700 2646.7
1206710 2653.3
1206720 2653.3
1206730 2660.1
1206740 2667.9
1206750 2667.9
1206760 2675.0
1206770 2680.5
1206780 2683.9
1206790 2683.9
1206800 2688.4
1206810 2693.8
1206820 2693.8
1206830 2699.8
1206840 2706.4
1206850 2706.4
1206860 2711.6
1206870 2713.0
1206880 2713.0
1206890 2713.1
1206900 2713.6
1206910 2713.6
1206920 2716.4
1206930 2720.4
1206940 2720.4
1206950 2723.9
1206960 2727.0
1206970 2730.1
1206980 2730.1
1206990 2732.9
1207000 2735.6
1207010 2735.6
1207020 2738.5
1207030 2741.3
1207040 2741.3
1207050 2743.7
1207060 2745.9
1207070 2745.9
1207080 2748.3
1207090 2750.3
1207100 2750.3
1207110 2751.7
1207120 2752.9
1207130 2756.6
1207140 2758.2
1207150 2760.2
1207160 2760.2
1207170 2762.4
1207180 2765.1
1207190 2768.1
1207200 2768.1
1207210 2770.4
1207220 2772.6
1207230 2772.6
1207240 2776.0
1207250 2780.1
1207260 2780.1
1207270 2784.9
1207280 2791.0
1207290 2791.0
1207300 2796.3
1207310 2800.5
1207320 2800.5
1207330 2804.4
1207340 2808.1
1207350 2808.1
1207360 2811.8
1207370 2815.7
1207380 2819.8
1207390 2819.8
1207400 2823.9
1207410 2828.0
1207420 2828.0
1207430 2832.3
1207440 2836.5
1207450 2836.5
1207460 2840.6
1207470 2844.5
1207480 2844.5
1207490 2848.2
1207500 2851.8
1207510 2851.8
1207520 2854.9
1207530 2857.6
1207540 2857.6
1207550 2860.1
1207560 2863.1
1207570 2867.7
1207580 2867.7
1207590 2877.0
1207600 2884.8
1207610 2884.8
1207620 2891.7
1207630 2902.0
1207640 2902.0
1207650 2912.9
1207660 2923.0
1207670 2923.0
1207680 2937.3
1207690 2947.4
1207700 2947.4
1207710 2954.7
1207720 2956.1
1207730 2956.1
1207740 2959.9
1207750 2967.8
1207760 2977.8
1207770 2977.8
1207780 2988.0
1207790 2999.5
1207800 2999.5
1207810 3008.4
1207820 3015.8
1207830 3015.8
1207840 3025.6
1207850 3035.7
1207860 3035.7
1207870 3043.1
1207880 3049.1
1207890 3049.1
1207900 3054.2
1207910 3059.1
1207920 3059.1
1207930 3066.2
1207940 3073.2
1207950 3078.8
1207960 3078.8
1207970 3082.3
1207980 3081.7
1207990 3081.7
1208000 3084.5
1208010 3089.9
1208020 3089.9
1208030 3094.5
1208040 3105.3
1208050 3105.3
1208060 3109.9
1208070 3118.5
1208080 3118.5
1208090 3126.6
1208100 3128.7
1208110 3128.7
1208120 3135.1
1208130 3145.1
1208140 3154.2
1208150 3154.2
1208160 3159.3
1208170 3163.6
1208180 3163.6
1208190 3168.6
1208200 3174.5
1208210 3174.5
1208220 3181.4
1208230 3188.5
1208240 3188.5
1208250 3194.1
1208260 3200.4
1208270 3200.4
1208280 3207.8
1208290 3216.5
1208300 3216.5
1208310 3229.5
1208320 3243.3
1208330 3243.3
1208340 3252.9
1208350 3261.5
1208360 3268.7
1208370 3268.7
1208380 3277.8
1208390 3285.7
1208400 3285.7
1208410 3291.8
1208420 3297.0
1208430 3297.0
1208440 3305.3
1208450 3315.1
1208460 3315.1
1208470 3323.3
1208480 3328.7
1208490 3328.7
1208500 3345.6
1208510 3353.9
1208520 3353.9
1208530 3364.1
1208540 3373.8
1208550 3378.1
1208560 3378.1
1208570 3373.7
1208580 3368.0
1208590 3368.0
1208600 3362.4
1208610 3356.7
1208620 3356.7
1208630 3351.2
1208640 3346.4
1208650 3346.4
1208660 3342.4
1208670 3340.5
1208680 3340.5
1208690 3340.1
1208700 3339.8
1208710 3339.8
1208720 3338.4
1208730 3336.4
1208740 3334.5
1208750 3334.5
1208760 3332.7
1208770 3330.8
1208780 3330.8
1208790 3328.4
1208800 3325.4
1208810 3325.4
1208820 3321.8
1208830 3318.1
1208840 3318.1
1208850 3314.5
1208860 3310.8
1208870 3310.8
1208880 3307.0
1208890 3303.1
1208900 3303.1
1208910 3299.3
1208920 3295.7
1208930 3292.2
1208940 3292.2
1208950 3288.7
1208960 3288.7
1208970 3288.7
1208980 3284.4
1208990 3281.4
1209000 3281.4
1209010 3278.0
1209020 3273.9
1209030 3273.9
1209040 3269.3
1209050 3264.7
1209060 3264.7
1209070 3260.1
1209080 3255.9
1209090 3255.9
1209100 3252.3
1209110 3249.5
1209120 3246.8
1209130 3246.8
1209140 3244.2
1209150 3242.0
1209160 3242.0
1209170 3239.9
1209180 3238.0
1209190 3238.0
1209200 3236.2
1209210 3234.6
1209220 3234.6
1209230 3233.2
1209240 3231.9
1209250 3231.9
1209260 3230.9
1209270 3230.1
1209280 3230.1
1209290 3229.3
1209300 3228.7
1209310 3228.0
1209320 3228.0
1209330 3227.8
1209340 3227.7
1209350 3227.7
1209360 3227.7
1209370 3228.9
1209380 3228.9
1209390 3230.3
1209400 3231.7
1209410 3231.7
1209420 3237.5
1209430 3239.3
1209440 3239.3
1209450 3241.6
1209460 3244.2
1209470 3244.2
1209480 3246.7
1209490 3249.1
1209500 3249.1
1209510 3250.1
1209520 3250.2
1209530 3249.5
1209540 3249.5
1209550 3248.1
1209560 3245.9
1209570 3245.9
1209580 3242.7
1209590 3238.7
1209600 3238.7
1209610 3234.3
1209620 3229.7
1209630 3229.7
1209640 3225.0
1209650 3220.2
1209660 3220.2
1209670 3215.3
1209680 3210.0
1209690 3210.0
1209700 3204.6
1209710 3197.5
1209720 3192.4
1209730 3192.4
1209740 3189.6
1209750 3185.4
1209760 3185.4
1209770 3180.9
1209780 3176.2
1209790 3176.2
1209800 3172.2
1209810 3167.8
1209820 3167.8
1209830 3160.7
1209840 3152.3
1209850 3152.3
1209860 3145.2
1209870 3140.4
1209880 3147.6
1209890 3143.0
1209900 3137.4
1209910 3132.0
1209920 3132.0
1209930 3127.1
1209940 3122.9
1209950 3122.9
1209960 3117.8
1209970 3110.4
1209980 3110.4
1209990 3102.9
1210000 3089.8
1210010 3089.8
1210020 3071.6
1210030 3056.3
1210040 3056.3
1210050 3042.2
1210060 3031.8
1210070 3031.8
1210080 3025.2
1210090 3018.8
1210100 3013.2
1210110 3013.2
1210120 3009.7
1210130 3007.0
1210140 3007.0
1210150 3004.7
1210160 3002.3
1210170 3002.3
1210180 3000.4
1210190 2998.7
1210200 2998.7
1210210 2997.1
1210220 2995.6
1210230 2995.6
1210240 2994.3
1210250 2992.8
1210260 2992.8
1210270 2992.2
1210280 2991.6
1210290 2989.3
1210300 2989.3
1210310 2987.6
1210320 2986.2
1210330 2986.2
1210340 2987.3
1210350 2985.9
1210360 2985.9
1210370 2984.6
1210380 2983.0
1210390 2983.0
1210400 2981.3
1210410 2979.7
1210420 2979.7
1210430 2978.1
1210440 2976.5
1210450 2976.5
1210460 2974.8
1210470 2972.9
1210480 2972.9
1210490 2970.8
1210500 2968.6
1210510 2966.1
1210520 2966.1
1210530 2963.4
1210540 2961.2
1210550 2961.2
1210560 2958.9
1210570 2956.9
1210580 2956.9
1210590 2956.1
1210600 2954.6
1210610 2954.6
1210620 2950.7
1210630 2945.1
1210640 2945.1
1210650 2940.8
1210660 2937.1
1210670 2937.1
1210680 2931.1
1210690 2924.0
1210700 2917.0
1210710 2917.0
1210720 2911.7
1210730 2909.1
1210740 2909.1
1210750 2906.3
1210760 2904.5
1210770 2904.5
1210780 2903.4
1210790 2902.8
1210800 2908.6
1210810 2905.7
1210820 2902.4
1210830 2902.4
1210840 2899.5
1210850 2896.5
1210860 2896.5
1210870 2893.7
1210880 2891.4
1210890 2888.1
1210900 2888.1
1210910 2884.4
1210920 2882.7
1210930 2882.7
1210940 2881.7
1210950 2881.1
1210960 2881.1
1210970 2880.6
1210980 2880.4
1210990 2880.4
1211000 2880.5
1211010 2881.0
1211020 2881.0
1211030 2881.9
1211040 2883.5
1211050 2883.5
1211060 2886.0
1211070 2888.0
1211080 2888.4
1211090 2888.4
1211100 2886.7
1211110 2883.5
1211120 2883.5
1211130 2881.4
1211140 2880.3
1211150 2880.3
1211160 2880.5
1211170 2881.2
1211180 2881.2
1211190 2881.7
1211200 2882.2
1211210 2882.2
1211220 2882.9
1211230 2884.4
1211240 2884.4
1211250 2890.0
1211260 2895.2
1211270 2897.1
1211280 2897.1
1211290 2899.3
1211300 2901.5
1211310 2901.5
1211320 2902.5
1211330 2903.7
1211340 2903.7
1211350 2901.9
1211360 2897.2
1211370 2897.2
1211380 2898.3
1211390 2901.8
1211400 2901.8
1211410 2906.7
1211420 2907.2
1211430 2907.2
1211440 2906.3
1211450 2906.6
1211460 2903.3
1211470 2903.3
1211480 2895.3
1211490 2888.2
1211500 2888.2
1211510 2880.0
1211520 2872.5
1211530 2872.5
1211540 2866.2
1211550 2861.4
1211560 2861.4
1211570 2859.1
1211580 2856.3
1211590 2856.3
1211600 2855.1
1211610 2856.0
1211620 2856.0
1211630 2856.3
1211640 2855.9
1211650 2855.9
1211660 2855.1
1211670 2854.2
1211680 2853.3
1211690 2853.3
1211700 2852.3
1211710 2851.3
1211720 2851.3
1211730 2855.0
1211740 2853.6
1211750 2853.6
1211760 2852.2
1211770 2850.9
1211780 2850.9
1211790 2849.7
1211800 2848.3
1211810 2848.3
1211820 2846.9
1211830 2845.2
1211840 2845.2
1211850 2843.6
1211860 2842.0
1211870 2840.2
1211880 2840.2
1211890 2838.2
1211900 2835.9
1211910 2835.9
1211920 2833.6
1211930 2831.3
1211940 2831.3
1211950 2829.0
1211960 2826.7
1211970 2826.7
1211980 2824.5
1211990 2822.5
1212000 2822.5
1212010 2820.7
1212020 2819.0
1212030 2819.0
1212040 2817.3
1212050 2815.8
1212060 2814.1
1212070 2814.1
1212080 2812.3
1212090 2810.6
1212100 2810.6
1212110 2808.8
1212120 2807.0
1212130 2807.0
1212140 2805.0
1212150 2802.9
1212160 2802.9
1212170 2800.6
1212180 2798.1
1212190 2800.2
1212200 2797.9
1212210 2796.6
1212220 2796.6
1212230 2797.0
1212240 2796.4
1212250 2794.1
1212260 2794.1
1212270 2791.4
1212280 2788.3
1212290 2788.3
1212300 2786.6
1212310 2786.6
1212320 2786.6
1212330 2786.8
1212340 2785.8
1212350 2785.8
1212360 2784.5
1212370 2783.3
1212380 2783.3
1212390 2782.7
1212400 2782.9
1212410 2782.9
1212420 2780.8
1212430 2777.1
1212440 2773.7
1212450 2773.7
1212460 2770.5
1212470 2767.2
1212480 2767.2
1212490 2762.9
1212500 2759.2
1212510 2759.2
1212520 2756.8
1212530 2755.5
1212540 2755.5
1212550 2754.0
1212560 2750.6
1212570 2750.6
1212580 2745.3
1212590 2739.7
1212600 2739.7
1212610 2734.7
1212620 2730.2
1212630 2728.8
1212640 2728.8
1212650 2730.3
1212660 2731.5
1212670 2731.5
1212680 2733.0
1212690 2734.6
1212700 2734.6
1212710 2736.2
1212720 2738.0
1212730 2738.0
1212740 2739.8
1212750 2741.5
1212760 2741.5
1212770 2743.3
1212780 2745.0
1212790 2745.0
1212800 2746.5
1212810 2747.8
1212820 2747.8
1212830 2749.1
1212840 2750.2
1212850 2750.8
1212860 2750.8
1212870 2752.0
1212880 2753.1
1212890 2753.1
1212900 2754.0
1212910 2755.2
1212920 2755.2
1212930 2756.4
1212940 2757.4
1212950 2757.4
1212960 2758.1
1212970 2758.7
1212980 2758.7
1212990 2759.2
1213000 2759.7
1213010 2759.7
1213020 2760.2
1213030 2760.9
1213040 2761.7
1213050 2761.7
1213060 2762.7
1213070 2764.0
1213080 2764.0
1213090 2765.5
1213100 2767.1
1213110 2767.1
1213120 2770.4
1213130 2771.9
1213140 2771.9
1213150 2773.0
1213160 2773.9
1213170 2773.9
1213180 2774.3
1213190 2774.3
1213200 2774.3
1213210 2773.8
1213220 2773.1
1213230 2772.7
1213240 2772.7
1213250 2772.7
1213260 2772.7
1213270 2772.7
1213280 2773.1
1213290 2773.5
1213300 2773.5
1213310 2774.2
1213320 2775.5
1213330 2775.5
1213340 2777.4
1213350 2780.1
1213360 2780.1
1213370 2783.0
1213380 2786.1
1213390 2786.1
1213400 2788.9
1213410 2791.5
1213420 2793.8
1213430 2793.8
1213440 2795.7
1213450 2797.2
1213460 2797.2
1213470 2798.3
1213480 2799.1
1213490 2799.1
1213500 2799.6
1213510 2800.0
1213520 2800.0
1213530 2800.4
1213540 2801.0
1213550 2801.0
1213560 2801.5
1213570 2801.8
1213580 2801.8
1213590 2802.9
1213600 2802.8
1213610 2802.3
1213620 2802.3
1213630 2801.9
1213640 2801.7
1213650 2801.7
1213660 2801.7
1213670 2801.8
1213680 2801.8
1213690 2801.9
1213700 2802.1
1213710 2802.1
1213720 2802.5
1213730 2803.1
1213740 2803.1
1213750 2803.9
1213760 2804.7
1213770 2804.7
1213780 2805.6
1213790 2806.7
1213800 2807.9
1213810 2807.9
1213820 2809.2
1213830 2810.4
1213840 2810.4
1213850 2811.6
1213860 2812.7
1213870 2812.7
1213880 2813.7
1213890 2814.6
1213900 2814.6
1213910 2815.5
1213920 2816.3
1213930 2816.3
1213940 2817.2
1213950 2818.0
1213960 2818.0
1213970 2819.0
1213980 2819.9
1213990 2819.9
1214000 2820.8
1214010 2821.6
1214020 2822.2
1214030 2822.2
1214040 2822.8
1214050 2824.6
1214060 2824.6
1214070 2825.2
1214080 2825.8
1214090 2825.8
1214100 2826.4
1214110 2826.8
1214120 2826.8
1214130 2827.2
1214140 2827.7
1214150 2827.7
1214160 2828.3
1214170 2829.0
1214180 2829.0
1214190 2829.8
1214200 2830.9
1214210 2832.3
1214220 2832.3
1214230 2834.2
1214240 2837.1
1214250 2837.1
1214260 2839.5
1214270 2841.2
1214280 2841.2
1214290 2843.2
1214300 2844.8
1214310 2844.8
1214320 2845.8
1214330 2847.0
1214340 2847.0
1214350 2849.3
1214360 2852.4
1214370 2852.4
1214380 2855.9
1214390 2859.2
1214400 2862.7
1214410 2862.7
1214420 2865.9
1214430 2869.1
1214440 2869.1
1214450 2872.2
1214460 2875.6
1214470 2875.6
1214480 2879.2
1214490 2882.7
1214500 2882.7
1214510 2885.9
1214520 2887.4
1214530 2887.4
1214540 2890.6
1214550 2893.5
1214560 2893.5
1214570 2895.7
1214580 2897.5
1214590 2899.0
1214600 2899.0
1214610 2901.4
1214620 2904.7
1214630 2904.7
1214640 2909.0
1214650 2914.5
1214660 2914.5
1214670 2921.6
1214680 2930.2
1214690 2930.2
1214700 2939.0
1214710 2943.4
1214720 2943.4
1214730 2944.3
1214740 2945.6
1214750 2945.6
1214760 2947.6
1214770 2949.2
1214780 2950.4
1214790 2950.4
1214800 2951.9
1214810 2954.5
1214820 2954.5
1214830 2958.0
1214840 2960.6
1214850 2960.6
1214860 2963.2
1214870 2966.8
1214880 2966.8
1214890 2970.4
1214900 2973.9
1214910 2973.9
1214920 2977.4
1214930 2980.9
1214940 2980.9
1214950 2984.4
1214960 2987.9
1214970 2991.2
1214980 2991.2
1214990 2994.4
1215000 2997.3
1215010 2997.3
1215020 3000.0
1215030 3002.5
1215040 3002.5
1215050 3005.0
1215060 3007.6
1215070 3007.6
1215080 3010.1
1215090 3012.8
1215100 3012.8
1215110 3015.6
1215120 3018.5
1215130 3018.5
1215140 3021.7
1215150 3025.0
1215160 3025.0
1215170 3028.4
1215180 3031.7
1215190 3035.0
1215200 3035.0
1215210 3038.4
1215220 3041.6
1215230 3041.6
1215240 3045.2
1215250 3049.2
1215260 3049.2
1215270 3053.2
1215280 3057.1
1215290 3057.1
1215300 3060.7
1215310 3065.1
1215320 3065.1
1215330 3070.4
1215340 3075.8
1215350 3075.8
1215360 3083.2
1215370 3099.7
1215380 3112.0
1215390 3112.0
1215400 3122.6
1215410 3135.0
1215420 3135.0
1215430 3150.8
1215440 3164.9
1215450 3164.9
1215460 3183.2
1215470 3204.4
1215480 3204.4
1215490 3222.7
1215500 3232.2
1215510 3232.2
1215520 3247.8
1215530 3261.0
1215540 3261.0
1215550 3271.8
1215560 3285.4
1215570 3294.5
1215580 3294.5
1215590 3287.7
1215600 3273.0
1215610 3273.0
1215620 3262.5
1215630 3254.3
1215640 3254.3
1215650 3247.1
1215660 3240.4
1215670 3240.4
1215680 3234.3
1215690 3228.6
1215700 3228.6
1215710 3224.0
1215720 3219.2
1215730 3219.2
1215740 3214.1
1215750 3210.3
1215760 3206.1
1215770 3206.1
1215780 3202.2
1215790 3200.4
1215800 3200.4
1215810 3199.2
1215820 3196.9
1215830 3196.9
1215840 3195.7
1215850 3194.7
1215860 3194.7
1215870 3192.9
1215880 3190.8
1215890 3190.8
1215900 3188.2
1215910 3184.7
1215920 3184.7
1215930 3192.3
1215940 3190.3
1215950 3184.5
1215960 3184.5
1215970 3177.1
1215980 3169.7
1215990 3169.7
1216000 3164.2
1216010 3159.6
1216020 3159.6
1216030 3155.1
1216040 3150.5
1216050 3150.5
1216060 3146.0
1216070 3141.4
1216080 3141.4
1216090 3136.6
1216100 3131.5
1216110 3131.5
1216120 3126.3
1216130 3120.8
1216140 3115.2
1216150 3115.2
1216160 3109.6
1216170 3104.3
1216180 3104.3
1216190 3098.8
1216200 3092.6
1216210 3092.6
1216220 3086.6
1216230 3080.7
1216240 3080.7
1216250 3074.9
1216260 3069.3
1216270 3069.3
1216280 3064.0
1216290 3059.4
1216300 3059.4
1216310 3055.2
1216320 3052.0
1216330 3052.0
1216340 3050.0
1216350 3048.2
1216360 3046.8
1216370 3046.8
1216380 3045.3
1216390 3044.1
1216400 3044.2
1216410 3043.1
1216420 3042.1
1216430 3042.1
1216440 3041.0
1216450 3039.9
1216460 3039.9
1216470 3038.9
1216480 3037.9
1216490 3037.9
1216500 3036.9
1216510 3035.9
1216520 3035.9
1216530 3034.8
1216540 3033.8
1216550 3032.7
1216560 3032.7
1216570 3031.5
1216580 3030.3
1216590 3030.3
1216600 3029.0
1216610 3027.7
1216620 3027.7
1216630 3026.1
1216640 3024.5
1216650 3024.5
1216660 3022.7
1216670 3020.6
1216680 3020.6
1216690 3018.5
1216700 3016.2
1216710 3016.2
1216720 3013.8
1216730 3011.3
1216740 3008.8
1216750 3008.8
1216760 3006.3
1216770 3003.7
1216780 3003.7
1216790 3001.1
1216800 2998.4
1216810 2998.4
1216820 2995.9
1216830 2993.5
1216840 2993.5
1216850 2991.4
1216860 2989.6
1216870 2989.1
1216880 2987.5
1216890 2986.0
1216900 2986.0
1216910 2984.4
1216920 2982.6
1216930 2980.5
1216940 2980.5
1216950 2978.2
1216960 2975.5
1216970 2975.5
1216980 2972.7
1216990 2969.7
1217000 2969.7
1217010 2966.8
1217020 2964.1
1217030 2964.1
1217040 2961.3
1217050 2958.5
1217060 2958.5
1217070 2955.4
1217080 2952.0
1217090 2952.0
1217100 2948.9
1217110 2947.5
1217120 2945.2
1217130 2945.2
1217140 2942.1
1217150 2938.8
1217160 2938.8
1217170 2936.7
1217180 2934.0
1217190 2934.0
1217200 2929.2
1217210 2924.3
1217220 2924.3
1217230 2920.4
1217240 2916.7
1217250 2916.7
1217260 2912.6
1217270 2909.2
1217280 2909.2
1217290 2906.1
1217300 2903.4
1217310 2900.6
1217320 2900.6
1217330 2897.8
1217340 2892.7
1217350 2892.7
1217360 2889.1
1217370 2884.8
1217380 2884.8
1217390 2879.5
1217400 2873.6
1217410 2873.6
1217420 2868.6
1217430 2864.2
1217440 2864.2
1217450 2859.7
1217460 2854.8
1217470 2854.8
1217480 2849.6
1217490 2843.8
1217500 2837.8
1217510 2837.8
1217520 2831.9
1217530 2824.3
1217540 2824.3
1217550 2816.6
1217560 2810.6
1217570 2810.6
1217580 2805.5
1217590 2801.3
1217600 2801.3
1217610 2798.8
1217620 2796.8
1217630 2796.8
1217640 2796.0
1217650 2796.7
1217660 2796.7
1217670 2797.4
1217680 2798.4
1217690 2798.4
1217700 2798.7
1217710 2798.6
1217720 2798.4
1217730 2798.4
1217740 2798.7
1217750 2799.0
1217760 2799.0
1217770 2799.3
1217780 2799.1
1217790 2799.1
1217800 2798.8
1217810 2798.3
1217820 2791.3
1217830 2790.9
1217840 2790.9
1217850 2790.9
1217860 2791.0
1217870 2791.1
1217880 2791.1
1217890 2791.7
1217900 2792.9
1217910 2794.4
1217920 2794.4
1217930 2795.9
1217940 2797.1
1217950 2797.1
1217960 2797.5
1217970 2794.5
1217980 2794.5
1217990 2788.8
1218000 2782.7
1218010 2782.7
1218020 2776.8
1218030 2771.0
1218040 2771.0
1218050 2765.2
1218060 2760.0
1218070 2760.0
1218080 2755.6
1218090 2751.4
1218100 2748.0
1218110 2748.0
1218120 2745.4
1218130 2743.6
1218140 2743.6
1218150 2741.9
1218160 2740.4
1218170 2740.4
1218180 2739.4
1218190 2739.1
1218200 2739.1
1218210 2739.6
1218220 2741.1
1218230 2741.1
1218240 2743.2
1218250 2745.5
1218260 2745.5
1218270 2747.9
1218280 2751.5
1218290 2747.3
1218300 2747.3
1218310 2746.6
1218320 2745.4
1218330 2745.4
1218340 2744.4
1218350 2745.0
1218360 2745.0
1218370 2747.4
1218380 2747.0
1218390 2747.0
1218400 2744.8
1218410 2740.5
1218420 2740.5
1218430 2736.6
1218440 2733.0
1218450 2733.0
1218460 2731.0
1218470 2729.3
1218480 2727.1
1218490 2727.1
1218500 2724.9
1218510 2721.4
1218520 2721.4
1218530 2715.7
1218540 2710.5
1218550 2710.5
1218560 2706.1
1218570 2701.5
1218580 2701.5
1218590 2696.1
1218600 2691.1
1218610 2691.1
1218620 2686.8
1218630 2682.1
1218640 2682.1
1218650 2679.0
1218660 2677.9
1218670 2676.1
1218680 2676.1
1218690 2670.8
1218700 2666.6
1218710 2666.6
1218720 2664.4
1218730 2661.8
1218740 2661.8
1218750 2663.6
1218760 2667.7
1218770 2662.4
1218780 2664.8
1218790 2667.5
1218800 2667.5
1218810 2670.9
1218820 2671.0
1218830 2671.0
1218840 2670.5
1218850 2671.1
1218860 2671.1
1218870 2668.5
1218880 2666.5
1218890 2663.8
1218900 2663.8
1218910 2660.5
1218920 2658.0
1218930 2658.0
1218940 2656.0
1218950 2653.8
1218960 2653.8
1218970 2651.5
1218980 2648.5
1218990 2648.5
1219000 2642.7
1219010 2636.5
1219020 2636.5
1219030 2631.7
1219040 2627.4
1219050 2627.4
1219060 2619.3
1219070 2610.9
1219080 2604.1
1219090 2604.1
1219100 2599.3
1219110 2594.5
1219120 2594.5
1219130 2590.2
1219140 2585.1
1219150 2585.1
1219160 2579.5
1219170 2577.1
1219180 2577.1
1219190 2576.2
1219200 2575.3
1219210 2575.3
1219220 2574.4
1219230 2574.9
1219240 2568.9
1219250 2569.3
1219260 2570.4
1219270 2572.4
1219280 2572.4
1219290 2576.2
1219300 2578.1
1219310 2578.1
1219320 2578.0
1219330 2576.4
1219340 2576.4
1219350 2573.5
1219360 2568.6
1219370 2568.6
1219380 2563.6
1219390 2559.4
1219400 2559.4
1219410 2555.8
1219420 2551.9
1219430 2551.9
1219440 2548.4
1219450 2546.2
1219460 2543.6
1219470 2543.6
1219480 2541.5
1219490 2539.4
1219500 2539.4
1219510 2536.7
1219520 2535.5
1219530 2535.5
1219540 2534.2
1219550 2531.9
1219560 2531.9
1219570 2529.1
1219580 2525.4
1219590 2525.4
1219600 2523.3
1219610 2522.2
1219620 2522.2
1219630 2520.9
1219640 2519.0
1219650 2516.9
1219660 2516.9
1219670 2514.3
1219680 2512.5
1219690 2512.5
1219700 2513.4
1219710 2515.8
1219720 2509.7
1219730 2510.9
1219740 2511.3
1219750 2511.3
1219760 2510.6
1219770 2510.3
1219780 2510.3
1219790 2510.1
1219800 2510.4
1219810 2510.4
1219820 2510.9
1219830 2510.6
1219840 2509.1
1219850 2509.1
1219860 2507.3
1219870 2506.0
1219880 2506.0
1219890 2505.0
1219900 2503.5
1219910 2503.5
1219920 2502.4
1219930 2501.3
1219940 2501.3
1219950 2501.4
1219960 2501.7
1219970 2501.7
1219980 2503.0
1219990 2504.5
