1200000 3080.4
1200010 3086.1
1200020 3092.1
1200030 3092.1
1200040 3107.7
1200050 3116.5
1200060 3116.5
1200070 3122.5
1200080 3128.7
1200090 3128.7
1200100 3132.9
1200110 3135.3
1200120 3143.2
1200130 3143.2
1200140 3153.0
1200150 3163.1
1200160 3163.1
1200170 3172.1
1200180 3181.0
1200190 3181.0
1200200 3189.5
1200210 3198.6
1200220 3198.6
1200230 3205.1
1200240 3208.6
1200250 3208.6
1200260 3209.9
1200270 3211.4
1200280 3211.4
1200290 3212.2
1200300 3213.1
1200310 3213.9
1200320 3213.9
1200330 3214.6
1200340 3215.8
1200350 3215.8
1200360 3217.2
1200370 3218.0
1200380 3218.0
1200390 3218.4
1200400 3218.4
1200410 3218.4
1200420 3217.3
1200430 3214.7
1200440 3214.7
1200450 3209.3
1200460 3204.4
1200470 3204.4
1200480 3201.3
1200490 3208.3
1200500 3208.9
1200510 3208.9
1200520 3209.5
1200530 3211.7
1200540 3211.7
1200550 3214.4
1200560 3216.9
1200570 3216.9
1200580 3219.8
1200590 3223.7
1200600 3223.7
1200610 3227.9
1200620 3233.1
1200630 3233.1
1200640 3239.2
1200650 3247.6
1200660 3247.6
1200670 3256.9
1200680 3263.8
1200690 3263.8
1200700 3265.2
1200710 3257.7
1200720 3247.4
1200730 3247.4
1200740 3238.2
1200750 3229.8
1200760 3229.8
1200770 3221.8
1200780 3213.2
1200790 3213.2
1200800 3204.2
1200810 3193.7
1200820 3193.7
1200830 3183.1
1200840 3176.9
1200850 3176.9
1200860 3171.1
1200870 3166.1
1200880 3166.1
1200890 3162.2
1200900 3158.9
1200910 3155.5
1200920 3155.5
1200930 3154.5
1200940 3151.6
1200950 3151.6
1200960 3148.8
1200970 3146.5
1200980 3146.5
1200990 3144.4
1201000 3142.0
1201010 3142.0
1201020 3139.5
1201030 3136.9
1201040 3136.9
1201050 3134.3
1201060 3131.8
1201070 3131.8
1201080 3129.5
1201090 3127.3
1201100 3125.4
1201110 3125.4
1201120 3123.5
1201130 3121.6
1201140 3121.6
1201150 3119.6
1201160 3117.6
1201170 3117.6
1201180 3115.7
1201190 3113.7
1201200 3113.7
1201210 3111.5
1201220 3109.3
1201230 3109.3
1201240 3106.9
1201250 3104.4
1201260 3104.4
1201270 3101.9
1201280 3099.4
1201290 3097.0
1201300 3097.0
1201310 3094.7
1201320 3092.5
1201330 3092.5
1201340 3090.5
1201350 3088.6
1201360 3088.6
1201370 3086.8
1201380 3087.4
1201390 3087.4
1201400 3085.4
1201410 3083.1
1201420 3083.1
1201430 3080.7
1201440 3078.2
1201450 3078.2
1201460 3075.2
1201470 3071.8
1201480 3068.0
1201490 3068.0
1201500 3063.6
1201510 3058.5
1201520 3058.5
1201530 3053.0
1201540 3047.7
1201550 3047.7
1201560 3042.6
1201570 3037.7
1201580 3037.7
1201590 3033.1
1201600 3028.7
1201610 3028.7
1201620 3024.6
1201630 3020.8
1201640 3020.8
1201650 3017.0
1201660 3013.3
1201670 3013.3
1201680 3009.8
1201690 3006.4
1201700 3002.8
1201710 3002.8
1201720 2999.3
1201730 2995.3
1201740 2995.3
1201750 2991.2
1201760 2986.2
1201770 2986.2
1201780 2979.8
1201790 2974.8
1201800 2974.8
1201810 2967.7
1201820 2958.1
1201830 2958.1
1201840 2949.3
1201850 2941.6
1201860 2941.6
1201870 2932.1
1201880 2920.4
1201890 2912.7
1201900 2912.7
1201910 2906.5
1201920 2902.6
1201930 2902.6
1201940 2896.8
1201950 2889.6
1201960 2889.6
1201970 2880.8
1201980 2869.2
1201990 2869.2
1202000 2853.1
1202010 2844.2
1202020 2844.2
1202030 2837.0
1202040 2830.7
1202050 2830.7
1202060 2826.2
1202070 2821.0
1202080 2815.5
1202090 2815.5
1202100 2810.3
1202110 2806.6
1202120 2806.6
1202130 2803.7
1202140 2800.4
1202150 2800.4
1202160 2799.1
1202170 2798.8
1202180 2798.8
1202190 2798.3
1202200 2798.0
1202210 2798.0
1202220 2798.2
1202230 2798.9
1202240 2798.9
1202250 2799.3
1202260 2799.3
1202270 2799.6
1202280 2799.6
1202290 2798.5
1202300 2797.4
1202310 2797.4
1202320 2796.2
1202330 2794.7
1202340 2794.7
1202350 2792.8
1202360 2791.2
1202370 2791.2
1202380 2790.1
1202390 2787.9
1202400 2787.9
1202410 2785.7
1202420 2783.1
1202430 2783.1
1202440 2780.6
1202450 2778.0
1202460 2776.1
1202470 2776.1
1202480 2774.4
1202490 2772.8
1202500 2772.8
1202510 2771.3
1202520 2770.0
1202530 2770.0
1202540 2768.8
1202550 2767.7
1202560 2767.7
1202570 2766.7
1202580 2765.5
1202590 2765.5
1202600 2764.5
1202610 2763.5
1202620 2763.5
1202630 2762.4
1202640 2761.3
1202650 2761.3
1202660 2760.7
1202670 2760.2
1202680 2759.8
1202690 2759.8
1202700 2759.3
1202710 2758.5
1202720 2757.4
1202730 2757.3
1202740 2757.4
1202750 2757.4
1202760 2758.5
1202770 2760.9
1202780 2760.9
1202790 2763.6
1202800 2765.3
1202810 2765.3
1202820 2767.2
1202830 2770.9
1202840 2770.9
1202850 2772.1
1202860 2772.2
1202870 2772.3
1202880 2772.3
1202890 2772.2
1202900 2771.4
1202910 2771.4
1202920 2771.0
1202930 2769.8
1202940 2769.8
1202950 2767.4
1202960 2764.0
1202970 2764.0
1202980 2763.2
1202990 2764.1
1203000 2764.1
1203010 2764.9
1203020 2764.3
1203030 2764.3
1203040 2762.2
1203050 2758.7
1203060 2754.4
1203070 2754.4
1203080 2750.8
1203090 2748.4
1203100 2748.4
1203110 2745.6
1203120 2743.1
1203130 2743.1
1203140 2740.4
1203150 2736.4
1203160 2736.4
1203170 2737.3
1203180 2733.5
1203190 2733.5
1203200 2727.5
1203210 2721.6
1203220 2721.6
1203230 2717.4
1203240 2711.4
1203250 2700.4
1203260 2700.4
1203270 2694.3
1203280 2690.3
1203290 2690.3
1203300 2684.5
1203310 2677.9
1203320 2677.9
1203330 2672.5
1203340 2669.3
1203350 2669.3
1203360 2667.0
1203370 2664.6
1203380 2664.6
1203390 2662.1
1203400 2659.0
1203410 2659.0
1203420 2656.6
1203430 2654.4
1203440 2654.4
1203450 2652.2
1203460 2650.0
1203470 2648.1
1203480 2648.1
1203490 2646.6
1203500 2645.3
1203510 2645.3
1203520 2643.7
1203530 2641.3
1203540 2641.3
1203550 2639.5
1203560 2638.6
1203570 2638.6
1203580 2638.0
1203590 2636.6
1203600 2636.6
1203610 2635.7
1203620 2631.6
1203630 2631.6
1203640 2631.1
1203650 2630.4
1203660 2630.0
1203670 2630.0
1203680 2629.7
1203690 2629.7
1203700 2629.7
1203710 2630.0
1203720 2629.8
1203730 2629.8
1203740 2629.1
1203750 2629.0
1203760 2629.0
1203770 2630.4
1203780 2632.8
1203790 2632.8
1203800 2635.2
1203810 2636.8
1203820 2636.8
1203830 2636.6
1203840 2635.9
1203850 2635.0
1203860 2635.0
1203870 2635.1
1203880 2635.7
1203890 2635.7
1203900 2635.1
1203910 2633.3
1203920 2633.3
1203930 2631.5
1203940 2628.7
1203950 2628.7
1203960 2625.4
1203970 2621.5
1203980 2621.5
1203990 2617.0
1204000 2612.5
1204010 2612.5
1204020 2608.8
1204030 2604.7
1204040 2599.7
1204050 2599.7
1204060 2593.7
1204070 2586.0
1204080 2586.0
1204090 2580.2
1204100 2574.4
1204110 2574.4
1204120 2569.0
1204130 2563.6
1204140 2563.6
1204150 2558.5
1204160 2552.9
1204170 2552.9
1204180 2546.8
1204190 2540.3
1204200 2540.3
1204210 2534.6
1204220 2529.4
1204230 2524.5
1204240 2524.5
1204250 2520.2
1204260 2516.4
1204270 2516.4
1204280 2512.3
1204290 2508.2
1204300 2508.2
1204310 2504.1
1204320 2500.0
1204330 2500.0
1204340 2495.6
1204350 2491.0
1204360 2491.0
1204370 2486.0
1204380 2480.2
1204390 2480.2
1204400 2474.5
1204410 2469.4
1204420 2469.4
1204430 2464.7
1204440 2461.2
1204450 2458.2
1204460 2458.2
1204470 2452.9
1204480 2446.1
1204490 2446.1
1204500 2438.5
1204510 2423.4
1204520 2417.6
1204530 2410.0
1204540 2404.2
1204550 2404.2
1204560 2396.5
1204570 2390.6
1204580 2390.6
1204590 2384.9
1204600 2380.9
1204610 2380.9
1204620 2377.6
1204630 2372.1
1204640 2364.7
1204650 2364.7
1204660 2357.0
1204670 2349.0
1204680 2349.0
1204690 2340.9
1204700 2332.5
1204710 2332.5
1204720 2324.1
1204730 2315.6
1204740 2315.6
1204750 2307.4
1204760 2300.0
1204770 2300.0
1204780 2292.6
1204790 2283.6
1204800 2283.6
1204810 2274.0
1204820 2265.7
1204830 2257.7
1204840 2257.7
1204850 2250.3
1204860 2242.3
1204870 2242.3
1204880 2233.6
1204890 2225.0
1204900 2225.0
1204910 2216.4
1204920 2208.6
1204930 2208.6
1204940 2202.0
1204950 2194.8
1204960 2194.8
1204970 2186.1
1204980 2179.8
1204990 2179.8
1205000 2173.1
1205010 2165.8
1205020 2159.0
1205030 2159.0
1205040 2153.0
1205050 2147.1
1205060 2147.1
1205070 2142.1
1205080 2136.2
1205090 2136.2
1205100 2130.0
1205110 2123.7
1205120 2123.7
1205130 2118.4
1205140 2114.3
1205150 2114.3
1205160 2113.0
1205170 2107.5
1205180 2107.5
1205190 2099.9
1205200 2092.2
1205210 2085.3
1205220 2085.3
1205230 2079.5
1205240 2074.1
1205250 2074.1
1205260 2070.0
1205270 2064.8
1205280 2064.8
1205290 2059.8
1205300 2056.2
1205310 2056.2
1205320 2053.2
1205330 2050.9
1205340 2050.9
1205350 2049.0
1205360 2047.2
1205370 2047.2
1205380 2046.0
1205390 2044.8
1205400 2044.8
1205410 2044.0
1205420 2042.7
1205430 2039.5
1205440 2039.5
1205450 2038.7
1205460 2037.8
1205470 2037.8
1205480 2035.6
1205490 2032.8
1205500 2032.8
1205510 2033.4
1205520 2034.5
1205530 2034.5
1205540 2035.2
1205550 2036.7
1205560 2036.7
1205570 2037.4
1205580 2038.1
1205590 2038.1
1205600 2038.8
1205610 2039.8
1205620 2041.0
1205630 2041.0
1205640 2041.9
1205650 2043.1
1205660 2043.1
1205670 2044.3
1205680 2045.5
1205690 2045.5
1205700 2047.0
1205710 2048.8
1205720 2048.8
1205730 2050.9
1205740 2053.3
1205750 2053.3
1205760 2055.6
1205770 2058.1
1205780 2058.1
1205790 2060.8
1205800 2063.8
1205810 2067.0
1205820 2067.0
1205830 2070.1
1205840 2073.5
1205850 2073.5
1205860 2078.0
1205870 2083.2
1205880 2083.8
1205890 2088.8
1205900 2094.1
1205910 2094.1
1205920 2099.2
1205930 2103.6
1205940 2103.6
1205950 2107.4
1205960 2110.8
1205970 2110.8
1205980 2114.9
1205990 2120.3
1206000 2125.9
1206010 2125.9
1206020 2130.1
1206030 2134.0
1206040 2134.0
1206050 2138.2
1206060 2142.7
1206070 2142.7
1206080 2147.2
1206090 2152.0
1206100 2152.0
1206110 2157.3
1206120 2162.7
1206130 2162.7
1206140 2168.0
1206150 2173.2
1206160 2173.2
1206170 2178.6
1206180 2183.8
1206190 2189.4
1206200 2189.4
1206210 2195.0
1206220 2200.5
1206230 2200.5
1206240 2206.1
1206250 2211.8
1206260 2211.8
1206270 2217.8
1206280 2223.3
1206290 2223.3
1206300 2228.8
1206310 2234.0
1206320 2234.0
1206330 2241.1
1206340 2246.0
1206350 2246.0
1206360 2251.6
1206370 2258.5
1206380 2258.5
1206390 2267.2
1206400 2270.0
1206410 2271.2
1206420 2271.2
1206430 2276.1
1206440 2282.4
1206450 2282.4
1206460 2289.0
1206470 2295.5
1206480 2295.5
1206490 2302.7
1206500 2315.2
1206510 2315.2
1206520 2327.3
1206530 2336.8
1206540 2336.8
1206550 2338.4
1206560 2344.6
1206570 2344.6
1206580 2355.2
1206590 2373.6
1206600 2380.8
1206610 2380.8
1206620 2395.4
1206630 2409.5
1206640 2409.5
1206650 2410.7
1206660 2414.5
1206670 2414.5
1206680 2426.6
1206690 2437.4
1206700 2437.4
1206710 2451.6
1206720 2453.6
1206730 2453.6
1206740 2454.4
1206750 2451.8
1206760 2451.8
1206770 2453.2
1206780 2457.8
1206790 2460.7
1206800 2460.7
1206810 2469.9
1206820 2476.7
1206830 2476.7
1206840 2483.7
1206850 2491.0
1206860 2491.0
1206870 2498.3
1206880 2505.8
1206890 2505.8
1206900 2512.7
1206910 2519.1
1206920 2519.1
1206930 2526.4
1206940 2533.7
1206950 2533.7
1206960 2540.7
1206970 2547.5
1206980 2556.1
1206990 2556.1
1207000 2564.0
1207010 2572.0
1207020 2572.0
1207030 2579.8
1207040 2585.9
1207050 2585.9
1207060 2593.4
1207070 2601.3
1207080 2601.3
1207090 2609.0
1207100 2617.3
1207110 2617.3
1207120 2624.5
1207130 2631.4
1207140 2631.4
1207150 2639.0
1207160 2646.8
1207170 2646.8
1207180 2654.0
1207190 2659.5
1207200 2663.3
1207210 2663.3
1207220 2668.6
1207230 2676.2
1207240 2675.2
1207250 2684.9
1207260 2694.1
1207270 2694.1
1207280 2701.9
1207290 2708.1
1207300 2708.1
1207310 2714.0
1207320 2721.8
1207330 2721.8
1207340 2731.0
1207350 2738.6
1207360 2738.6
1207370 2747.6
1207380 2755.8
1207390 2762.1
1207400 2762.1
1207410 2772.0
1207420 2778.8
1207430 2778.8
1207440 2785.9
1207450 2794.9
1207460 2794.9
1207470 2802.5
1207480 2808.0
1207490 2808.0
1207500 2812.3
1207510 2818.6
1207520 2818.6
1207530 2826.2
1207540 2834.6
1207550 2834.6
1207560 2841.9
1207570 2846.9
1207580 2851.0
1207590 2851.0
1207600 2854.2
1207610 2861.1
1207620 2861.1
1207630 2871.2
1207640 2879.4
1207650 2879.4
1207660 2884.5
1207670 2893.4
1207680 2893.4
1207690 2906.3
1207700 2914.1
1207710 2914.1
1207720 2925.7
1207730 2937.0
1207740 2937.0
1207750 2944.9
1207760 2952.5
1207770 2960.8
1207780 2960.8
1207790 2980.8
1207800 2998.6
1207810 2998.6
1207820 3003.0
1207830 3011.7
1207840 3011.7
1207850 3030.6
1207860 3039.0
1207870 3039.0
1207880 3052.6
1207890 3069.4
1207900 3069.4
1207910 3082.0
1207920 3091.5
1207930 3091.5
1207940 3099.6
1207950 3107.8
1207960 3116.8
1207970 3116.8
1207980 3127.1
1207990 3141.8
1208000 3141.8
1208010 3154.5
1208020 3164.7
1208030 3164.7
1208040 3176.8
1208050 3189.5
1208060 3189.5
1208070 3199.9
1208080 3205.6
1208090 3205.6
1208100 3213.2
1208110 3224.1
1208120 3224.1
1208130 3232.7
1208140 3233.6
1208150 3233.6
1208160 3237.4
1208170 3231.4
1208180 3227.4
1208190 3227.4
1208200 3224.8
1208210 3220.5
1208220 3220.5
1208230 3216.8
1208240 3211.0
1208250 3211.0
1208260 3213.8
1208270 3220.6
1208280 3220.6
1208290 3217.4
1208300 3222.1
1208310 3222.1
1208320 3224.0
1208330 3229.9
1208340 3229.9
1208350 3245.0
1208360 3249.4
1208370 3249.6
1208380 3249.6
1208390 3240.3
1208400 3235.1
1208410 3235.1
1208420 3230.8
1208430 3225.1
1208440 3225.1
1208450 3221.9
1208460 3219.2
1208470 3219.2
1208480 3215.9
1208490 3212.6
1208500 3212.6
1208510 3209.4
1208520 3206.3
1208530 3206.3
1208540 3203.5
1208550 3200.8
1208560 3198.0
1208570 3198.0
1208580 3195.3
1208590 3192.4
1208600 3192.4
1208610 3190.9
1208620 3188.3
1208630 3188.3
1208640 3185.8
1208650 3183.2
1208660 3183.2
1208670 3180.8
1208680 3178.4
1208690 3178.4
1208700 3176.0
1208710 3173.8
1208720 3173.8
1208730 3171.7
1208740 3169.7
1208750 3168.0
1208760 3168.0
1208770 3166.3
1208780 3164.3
1208790 3164.3
1208800 3162.3
1208810 3160.3
1208820 3160.3
1208830 3158.3
1208840 3156.1
1208850 3156.1
1208860 3153.8
1208870 3151.4
1208880 3151.4
1208890 3148.9
1208900 3146.4
1208910 3146.4
1208920 3143.6
1208930 3140.8
1208940 3137.7
1208950 3137.7
1208960 3134.6
1208970 3131.3
1208980 3131.3
1208990 3127.9
1209000 3124.4
1209010 3124.4
1209020 3120.8
1209030 3117.0
1209040 3117.0
1209050 3113.1
1209060 3109.1
1209070 3110.7
1209080 3106.2
1209090 3100.8
1209100 3100.8
1209110 3095.9
1209120 3090.3
1209130 3090.3
1209140 3085.0
1209150 3079.5
1209160 3073.8
1209170 3073.8
1209180 3068.0
1209190 3062.5
1209200 3062.5
1209210 3057.7
1209220 3053.5
1209230 3053.5
1209240 3050.0
1209250 3047.3
1209260 3047.3
1209270 3044.9
1209280 3043.0
1209290 3043.0
1209300 3041.3
1209310 3039.9
1209320 3039.9
1209330 3038.7
1209340 3037.8
1209350 3037.3
1209360 3037.3
1209370 3036.9
1209380 3037.0
1209390 3037.0
1209400 3036.5
1209410 3035.1
1209420 3035.1
1209430 3034.1
1209440 3032.7
1209450 3032.7
1209460 3031.8
1209470 3031.8
1209480 3031.8
1209490 3031.6
1209500 3031.3
1209510 3031.3
1209520 3030.8
1209530 3031.4
1209540 3030.7
1209550 3030.7
1209560 3030.0
1209570 3029.2
1209580 3029.2
1209590 3028.5
1209600 3027.8
1209610 3027.8
1209620 3027.0
1209630 3026.3
1209640 3026.3
1209650 3025.7
1209660 3025.0
1209670 3025.0
1209680 3024.1
1209690 3023.3
1209700 3023.3
1209710 3022.6
1209720 3021.8
1209730 3021.1
1209740 3021.1
1209750 3020.0
1209760 3018.7
1209770 3018.7
1209780 3017.5
1209790 3016.4
1209800 3016.4
1209810 3015.3
1209820 3014.0
1209830 3014.0
1209840 3012.7
1209850 3011.5
1209860 3011.5
1209870 3010.3
1209880 3009.1
1209890 3009.1
1209900 3007.9
1209910 3006.9
1209920 3005.7
1209930 3005.7
1209940 3004.6
1209950 3003.6
1209960 3003.6
1209970 3002.5
1209980 3001.4
1209990 3001.4
1210000 3000.3
1210010 2999.3
1210020 2999.3
1210030 2998.3
1210040 2997.4
1210050 2997.4
1210060 2996.6
1210070 2995.7
1210080 2995.7
1210090 2994.7
1210100 2993.7
1210110 2993.7
1210120 2992.6
1210130 2991.5
1210140 2990.4
1210150 2990.4
1210160 2989.3
1210170 2988.5
1210180 2988.5
1210190 2987.2
1210200 2985.5
1210210 2985.5
1210220 2983.7
1210230 2981.7
1210240 2981.7
1210250 2979.5
1210260 2976.9
1210270 2976.9
1210280 2974.3
1210290 2971.5
1210300 2971.5
1210310 2968.5
1210320 2965.7
1210330 2962.9
1210340 2962.9
1210350 2960.0
1210360 2957.0
1210370 2957.0
1210380 2954.0
1210390 2950.9
1210400 2950.9
1210410 2947.5
1210420 2944.0
1210430 2944.0
1210440 2940.2
1210450 2936.1
1210460 2936.1
1210470 2932.0
1210480 2927.6
1210490 2927.6
1210500 2922.8
1210510 2917.6
1210520 2912.5
1210530 2912.5
1210540 2907.3
1210550 2902.5
1210560 2902.5
1210570 2897.0
1210580 2893.5
1210590 2893.5
1210600 2890.9
1210610 2888.3
1210620 2888.3
1210630 2884.2
1210640 2879.1
1210650 2879.1
1210660 2873.6
1210670 2870.8
1210680 2870.8
1210690 2867.7
1210700 2863.0
1210710 2860.2
1210720 2860.2
1210730 2858.8
1210740 2855.9
1210750 2855.9
1210760 2849.9
1210770 2841.7
1210780 2841.7
1210790 2834.0
1210800 2827.4
1210810 2827.4
1210820 2822.8
1210830 2818.6
1210840 2818.6
1210850 2815.2
1210860 2812.1
1210870 2812.1
1210880 2809.6
1210890 2807.8
1210900 2807.0
1210910 2807.7
1210920 2806.6
1210930 2806.3
1210940 2806.3
1210950 2806.3
1210960 2806.4
1210970 2806.4
1210980 2806.7
1210990 2807.4
1211000 2807.4
1211010 2808.1
1211020 2809.0
1211030 2809.0
1211040 2809.8
1211050 2810.1
1211060 2810.1
1211070 2810.2
1211080 2810.1
1211090 2810.1
1211100 2810.0
1211110 2808.9
1211120 2807.3
1211130 2807.3
1211140 2805.4
1211150 2804.5
1211160 2804.5
1211170 2804.6
1211180 2802.4
1211190 2802.4
1211200 2799.7
1211210 2796.9
1211220 2796.9
1211230 2792.9
1211240 2788.4
1211250 2788.4
1211260 2783.9
1211270 2781.0
1211280 2781.0
1211290 2778.6
1211300 2776.3
1211310 2772.8
1211320 2772.8
1211330 2768.5
1211340 2764.9
1211350 2764.9
1211360 2763.9
1211370 2765.6
1211380 2759.5
1211390 2759.2
1211400 2757.1
1211410 2757.1
1211420 2754.2
1211430 2751.4
1211440 2751.4
1211450 2748.9
1211460 2746.0
1211470 2746.0
1211480 2744.0
1211490 2743.0
1211500 2742.3
1211510 2742.3
1211520 2742.1
1211530 2742.0
1211540 2742.0
1211550 2742.0
1211560 2741.8
1211570 2741.8
1211580 2741.4
1211590 2741.0
1211600 2741.0
1211610 2741.1
1211620 2740.9
1211630 2740.9
1211640 2740.6
1211650 2740.2
1211660 2740.2
1211670 2739.5
1211680 2739.0
1211690 2738.6
1211700 2738.6
1211710 2738.1
1211720 2737.4
1211730 2737.4
1211740 2736.3
1211750 2735.3
1211760 2735.3
1211770 2734.8
1211780 2734.2
1211790 2734.2
1211800 2733.4
1211810 2732.6
1211820 2732.6
1211830 2731.9
1211840 2730.2
1211850 2730.2
1211860 2729.7
1211870 2729.2
1211880 2728.2
1211890 2728.2
1211900 2726.6
1211910 2724.7
1211920 2724.7
1211930 2723.8
1211940 2723.5
1211950 2723.5
1211960 2722.6
1211970 2721.7
1211980 2721.7
1211990 2720.7
1212000 2719.8
1212010 2719.8
1212020 2718.8
1212030 2717.5
1212040 2717.5
1212050 2716.2
1212060 2714.9
1212070 2714.9
1212080 2713.4
1212090 2712.0
1212100 2710.2
1212110 2710.2
1212120 2708.2
1212130 2706.1
1212140 2706.1
1212150 2702.9
1212160 2699.2
1212170 2699.2
1212180 2695.6
1212190 2690.0
1212200 2690.0
1212210 2684.8
1212220 2683.4
1212230 2683.4
1212240 2683.1
1212250 2682.8
1212260 2682.8
1212270 2682.4
1212280 2681.2
1212290 2676.1
1212300 2674.4
1212310 2672.7
1212320 2670.8
1212330 2670.8
1212340 2667.7
1212350 2664.9
1212360 2664.9
1212370 2662.2
1212380 2659.0
1212390 2659.0
1212400 2658.1
1212410 2657.2
1212420 2657.2
1212430 2658.0
1212440 2660.9
1212450 2660.9
1212460 2662.4
1212470 2663.6
1212480 2667.4
1212490 2667.4
1212500 2670.2
1212510 2673.1
1212520 2673.1
1212530 2676.2
1212540 2678.5
1212550 2678.5
1212560 2679.3
1212570 2678.9
1212580 2678.9
1212590 2678.6
1212600 2679.4
1212610 2679.4
1212620 2681.0
1212630 2683.1
1212640 2683.1
1212650 2685.3
1212660 2687.2
1212670 2689.0
1212680 2689.0
1212690 2690.6
1212700 2691.9
1212710 2691.9
1212720 2693.0
1212730 2694.0
1212740 2694.0
1212750 2694.8
1212760 2695.4
1212770 2696.6
1212780 2697.0
1212790 2697.3
1212800 2697.3
1212810 2697.9
1212820 2698.5
1212830 2698.5
1212840 2698.4
1212850 2698.1
1212860 2697.9
1212870 2697.9
1212880 2697.3
1212890 2697.4
1212900 2697.4
1212910 2696.8
1212920 2695.3
1212930 2695.3
1212940 2695.5
1212950 2695.3
1212960 2695.3
1212970 2694.9
1212980 2694.7
1212990 2694.7
1213000 2694.4
1213010 2694.1
1213020 2694.1
1213030 2694.1
1213040 2694.0
1213050 2694.0
1213060 2693.7
1213070 2693.0
1213080 2692.2
1213090 2692.2
1213100 2691.0
1213110 2689.8
1213120 2689.8
1213130 2688.7
1213140 2687.7
1213150 2687.7
1213160 2686.5
1213170 2685.2
1213180 2685.2
1213190 2684.1
1213200 2682.6
1213210 2682.6
1213220 2681.2
1213230 2680.8
1213240 2680.8
1213250 2679.5
1213260 2678.7
1213270 2677.9
1213280 2677.9
1213290 2677.4
1213300 2677.0
1213310 2677.0
1213320 2676.8
1213330 2676.7
1213340 2676.7
1213350 2676.5
1213360 2676.4
1213370 2676.4
1213380 2676.2
1213390 2676.0
1213400 2676.0
1213410 2675.7
1213420 2675.5
1213430 2675.5
1213440 2675.3
1213450 2675.1
1213460 2674.9
1213470 2674.9
1213480 2674.5
1213490 2674.0
1213500 2674.0
1213510 2674.3
1213520 2675.8
1213530 2675.8
1213540 2678.8
1213550 2681.8
1213560 2681.8
1213570 2685.7
1213580 2687.8
1213590 2687.8
1213600 2693.3
1213610 2715.8
1213620 2715.8
1213630 2736.7
1213640 2749.9
1213650 2763.2
1213660 2763.2
1213670 2773.0
1213680 2784.1
1213690 2784.1
1213700 2804.7
1213710 2818.4
1213720 2818.4
1213730 2826.6
1213740 2831.2
1213750 2831.2
1213760 2834.8
1213770 2840.3
1213780 2840.3
1213790 2848.7
1213800 2858.3
1213810 2858.3
1213820 2866.5
1213830 2866.2
1213840 2868.7
1213850 2868.7
1213860 2873.3
1213870 2870.4
1213880 2870.4
1213890 2882.0
1213900 2899.8
1213910 2899.8
1213920 2923.9
1213930 2935.7
1213940 2935.7
1213950 2932.8
1213960 2926.4
1213970 2926.4
1213980 2924.9
1213990 2936.4
1214000 2936.4
1214010 2952.7
1214020 2956.8
1214030 2956.8
1214040 2951.5
1214050 2947.7
1214060 2944.1
1214070 2944.1
1214080 2948.7
1214090 2956.5
1214100 2956.5
1214110 2961.4
1214120 2972.9
1214130 2972.9
1214140 2985.9
1214150 2999.6
1214160 2999.6
1214170 3026.8
1214180 3036.2
1214190 3036.2
1214200 3047.0
1214210 3060.4
1214220 3060.4
1214230 3073.4
1214240 3084.3
1214250 3094.9
1214260 3094.9
1214270 3105.4
1214280 3113.5
1214290 3113.5
1214300 3120.1
1214310 3130.4
1214320 3130.4
1214330 3139.0
1214340 3144.2
1214350 3144.2
1214360 3152.1
1214370 3162.9
1214380 3162.9
1214390 3171.9
1214400 3178.4
1214410 3178.4
1214420 3189.8
1214430 3205.7
1214440 3217.8
1214450 3217.8
1214460 3220.0
1214470 3220.3
1214480 3220.3
1214490 3220.3
1214500 3220.2
1214510 3220.2
1214520 3219.4
1214530 3217.7
1214540 3217.7
1214550 3215.6
1214560 3213.8
1214570 3213.8
1214580 3212.7
1214590 3212.4
1214600 3212.4
1214610 3212.9
1214620 3214.4
1214630 3216.7
1214640 3225.4
1214650 3225.9
1214660 3225.0
1214670 3225.0
1214680 3222.8
1214690 3219.7
1214700 3219.7
1214710 3215.6
1214720 3210.8
1214730 3210.8
1214740 3203.3
1214750 3197.8
1214760 3197.8
1214770 3192.1
1214780 3186.9
1214790 3186.9
1214800 3182.1
1214810 3178.4
1214820 3171.5
1214830 3171.5
1214840 3163.7
1214850 3157.3
1214860 3157.3
1214870 3152.1
1214880 3147.8
1214890 3147.8
1214900 3144.5
1214910 3141.9
1214920 3141.9
1214930 3139.7
1214940 3137.8
1214950 3137.8
1214960 3135.9
1214970 3134.0
1214980 3134.0
1214990 3132.2
1215000 3130.4
1215010 3130.4
1215020 3128.7
1215030 3127.1
1215040 3125.9
1215050 3125.9
1215060 3124.8
1215070 3123.9
1215080 3123.9
1215090 3123.0
1215100 3122.8
1215110 3122.8
1215120 3121.5
1215130 3120.2
1215140 3120.2
1215150 3118.8
1215160 3117.3
1215170 3117.3
1215180 3115.6
1215190 3114.0
1215200 3114.0
1215210 3112.7
1215220 3112.0
1215230 3111.9
1215240 3111.9
1215250 3112.0
1215260 3112.2
1215270 3112.2
1215280 3112.4
1215290 3112.2
1215300 3112.2
1215310 3111.8
1215320 3111.4
1215330 3111.4
1215340 3111.4
1215350 3111.3
1215360 3111.3
1215370 3111.6
1215380 3112.5
1215390 3112.5
1215400 3114.2
1215410 3117.0
1215420 3120.9
1215430 3120.9
1215440 3131.1
1215450 3143.6
1215460 3143.6
1215470 3156.6
1215480 3162.9
1215490 3162.9
1215500 3176.2
1215510 3192.0
1215520 3192.0
1215530 3204.5
1215540 3219.9
1215550 3219.9
1215560 3239.5
1215570 3248.5
1215580 3248.5
1215590 3246.6
1215600 3244.2
1215610 3243.3
1215620 3243.3
1215630 3242.1
1215640 3242.3
1215650 3242.3
1215660 3241.3
1215670 3236.2
1215680 3236.2
1215690 3231.9
1215700 3230.2
1215710 3230.2
1215720 3228.5
1215730 3226.6
1215740 3226.6
1215750 3224.7
1215760 3222.9
1215770 3222.9
1215780 3221.2
1215790 3219.7
1215800 3218.3
1215810 3218.3
1215820 3217.0
1215830 3215.6
1215840 3215.6
1215850 3214.2
1215860 3212.6
1215870 3212.6
1215880 3210.9
1215890 3209.1
1215900 3209.1
1215910 3207.2
1215920 3205.3
1215930 3205.3
1215940 3203.3
1215950 3201.3
1215960 3201.3
1215970 3199.2
1215980 3197.2
1215990 3197.2
1216000 3195.1
1216010 3193.0
1216020 3191.2
1216030 3191.2
1216040 3188.6
1216050 3187.1
1216060 3187.1
1216070 3185.0
1216080 3183.2
1216090 3183.2
1216100 3181.5
1216110 3179.9
1216120 3179.9
1216130 3178.3
1216140 3176.9
1216150 3176.9
1216160 3175.5
1216170 3174.5
1216180 3174.5
1216190 3174.1
1216200 3174.3
1216210 3174.1
1216220 3174.1
1216230 3173.3
1216240 3172.7
1216250 3172.7
1216260 3172.2
1216270 3172.1
1216280 3172.1
1216290 3172.5
1216300 3171.5
1216310 3171.5
1216320 3169.9
1216330 3168.2
1216340 3168.2
1216350 3166.8
1216360 3165.2
1216370 3165.2
1216380 3164.2
1216390 3163.1
1216400 3164.5
1216410 3164.5
1216420 3167.0
1216430 3164.8
1216440 3164.8
1216450 3157.1
1216460 3149.1
1216470 3149.1
1216480 3143.7
1216490 3139.1
1216500 3139.1
1216510 3134.6
1216520 3129.3
1216530 3129.3
1216540 3124.1
1216550 3119.7
1216560 3119.7
1216570 3115.5
1216580 3111.7
1216590 3108.2
1216600 3108.2
1216610 3105.2
1216620 3102.5
1216630 3102.5
1216640 3100.3
1216650 3098.4
1216660 3098.4
1216670 3096.6
1216680 3094.9
1216690 3094.9
1216700 3093.2
1216710 3091.8
1216720 3091.8
1216730 3090.6
1216740 3089.1
1216750 3089.1
1216760 3086.8
1216770 3084.9
1216780 3083.0
1216790 3083.0
1216800 3080.6
1216810 3078.1
1216820 3078.1
1216830 3074.1
1216840 3070.1
1216850 3070.1
1216860 3065.3
1216870 3059.9
1216880 3059.9
1216890 3055.2
1216900 3051.0
1216910 3051.0
1216920 3047.6
1216930 3044.9
1216940 3044.9
1216950 3043.1
1216960 3041.4
1216970 3041.4
1216980 3038.8
1216990 3035.4
1217000 3029.5
1217010 3029.5
1217020 3024.1
1217030 3015.8
1217040 3015.8
1217050 3007.6
1217060 3001.5
1217070 3001.5
1217080 2998.0
1217090 2995.2
1217100 2995.2
1217110 2992.5
1217120 2989.5
1217130 2989.5
1217140 2986.9
1217150 2984.3
1217160 2984.3
1217170 2981.4
1217180 2980.6
1217190 2978.8
1217200 2978.8
1217210 2976.5
1217220 2973.9
1217230 2973.9
1217240 2971.0
1217250 2968.3
1217260 2968.3
1217270 2964.6
1217280 2960.7
1217290 2960.7
1217300 2956.5
1217310 2952.6
1217320 2952.6
1217330 2948.7
1217340 2945.2
1217350 2945.2
1217360 2940.2
1217370 2934.0
1217380 2924.1
1217390 2924.1
1217400 2912.9
1217410 2904.2
1217420 2904.2
1217430 2900.1
1217440 2899.3
1217450 2899.3
1217460 2896.8
1217470 2894.9
1217480 2894.9
1217490 2893.1
1217500 2891.0
1217510 2891.0
1217520 2888.4
1217530 2886.1
1217540 2886.1
1217550 2883.7
1217560 2881.3
1217570 2878.9
1217580 2878.9
1217590 2876.6
1217600 2874.6
1217610 2874.6
1217620 2872.9
1217630 2871.2
1217640 2871.2
1217650 2869.9
1217660 2869.1
1217670 2869.1
1217680 2868.7
1217690 2868.4
1217700 2868.4
1217710 2867.7
1217720 2866.8
1217730 2866.8
1217740 2865.8
1217750 2864.6
1217760 2863.7
1217770 2863.7
1217780 2863.2
1217790 2862.2
1217800 2862.2
1217810 2861.3
1217820 2860.5
1217830 2860.5
1217840 2859.9
1217850 2859.1
1217860 2859.1
1217870 2858.0
1217880 2856.7
1217890 2856.7
1217900 2855.5
1217910 2854.2
1217920 2854.2
1217930 2854.5
1217940 2853.0
1217950 2853.0
1217960 2851.8
1217970 2850.8
1217980 2850.1
1217990 2850.1
1218000 2849.2
1218010 2848.0
1218020 2848.0
1218030 2846.8
1218040 2845.8
1218050 2845.8
1218060 2844.6
1218070 2843.6
1218080 2843.6
1218090 2842.9
1218100 2842.3
1218110 2842.3
1218120 2841.4
1218130 2840.0
1218140 2840.0
1218150 2839.0
1218160 2838.2
1218170 2836.9
1218180 2836.9
1218190 2835.3
1218200 2833.8
1218210 2833.8
1218220 2832.2
1218230 2830.1
1218240 2830.1
1218250 2828.2
1218260 2825.5
1218270 2825.5
1218280 2822.2
1218290 2819.1
1218300 2819.1
1218310 2815.6
1218320 2811.3
1218330 2811.3
1218340 2808.0
1218350 2805.8
1218360 2803.9
1218370 2803.9
1218380 2802.0
1218390 2799.6
1218400 2799.6
1218410 2796.2
1218420 2792.8
1218430 2792.8
1218440 2790.5
1218450 2788.6
1218460 2788.6
1218470 2786.9
1218480 2785.9
1218490 2785.9
1218500 2785.4
1218510 2784.4
1218520 2784.4
1218530 2783.2
1218540 2782.5
1218550 2782.0
1218560 2782.0
1218570 2781.4
1218580 2780.3
1218590 2780.3
1218600 2780.4
1218610 2782.4
1218620 2782.4
1218630 2784.0
1218640 2784.1
1218650 2784.1
1218660 2784.0
1218670 2783.8
1218680 2783.8
1218690 2783.7
1218700 2783.6
1218710 2783.6
1218720 2783.5
1218730 2783.4
1218740 2783.2
1218750 2783.2
1218760 2782.9
1218770 2784.0
1218780 2784.0
1218790 2785.3
1218800 2785.9
1218810 2785.9
1218820 2786.0
1218830 2786.5
1218840 2786.5
1218850 2786.9
1218860 2785.6
1218870 2785.6
1218880 2781.7
1218890 2780.2
1218900 2780.2
1218910 2778.1
1218920 2776.4
1218930 2776.4
1218940 2775.0
1218950 2775.0
1218960 2775.6
1218970 2775.6
1218980 2774.6
1218990 2771.9
1219000 2771.9
1219010 2770.1
1219020 2767.7
1219030 2767.7
1219040 2765.2
1219050 2762.7
1219060 2762.7
1219070 2760.3
1219080 2757.2
1219090 2757.2
1219100 2756.4
1219110 2754.9
1219120 2754.9
1219130 2751.8
1219140 2748.5
1219150 2745.7
1219160 2745.7
1219170 2744.7
1219180 2742.9
1219190 2742.9
1219200 2738.5
1219210 2734.0
1219220 2734.0
1219230 2730.1
1219240 2725.8
1219250 2725.8
1219260 2722.6
1219270 2720.7
1219280 2720.7
1219290 2720.8
1219300 2719.0
1219310 2719.0
1219320 2715.3
1219330 2710.7
1219340 2706.0
1219350 2706.0
1219360 2699.0
1219370 2695.1
1219380 2695.1
1219390 2694.3
1219400 2691.2
1219410 2691.2
1219420 2685.7
1219430 2680.1
1219440 2680.1
1219450 2669.7
1219460 2652.0
1219470 2652.0
1219480 2638.7
1219490 2627.5
1219500 2627.5
1219510 2615.6
1219520 2613.7
1219530 2613.8
1219540 2613.8
1219550 2613.7
1219560 2613.6
1219570 2613.6
1219580 2613.5
1219590 2613.3
1219600 2613.3
1219610 2613.3
1219620 2613.3
1219630 2613.3
1219640 2613.2
1219650 2614.1
1219660 2614.1
1219670 2613.5
1219680 2612.5
1219690 2612.5
1219700 2611.8
1219710 2611.5
1219720 2612.9
1219730 2612.9
1219740 2615.1
1219750 2615.9
1219760 2615.9
1219770 2616.4
1219780 2616.4
1219790 2616.4
1219800 2616.1
1219810 2615.3
1219820 2615.3
1219830 2615.5
1219840 2612.1
1219850 2612.1
1219860 2611.7
1219870 2612.8
1219880 2612.8
1219890 2618.9
1219900 2626.6
1219910 2629.4
1219920 2629.4
1219930 2630.4
1219940 2628.9
1219950 2628.9
1219960 2624.7
1219970 2622.8
1219980 2622.8
1219990 2621.7
