1200000 2898.3
1200010 2900.8
1200020 2905.7
1200030 2914.4
1200040 2923.3
1200050 2931.5
1200060 2931.5
1200070 2938.5
1200080 2942.1
1200090 2942.1
1200100 2947.1
1200110 2956.0
1200120 2963.7
1200130 2963.7
1200140 2974.3
1200150 2985.3
1200160 2985.3
1200170 2990.4
1200180 2995.9
1200190 2995.9
1200200 3000.3
1200210 3001.2
1200220 3001.2
1200230 3000.7
1200240 2993.3
1200250 2993.3
1200260 2985.0
1200270 2977.0
1200280 2977.0
1200290 2967.4
1200300 2960.3
1200310 2952.4
1200320 2952.4
1200330 2949.4
1200340 2949.1
1200350 2949.1
1200360 2948.5
1200370 2946.7
1200380 2946.7
1200390 2945.7
1200400 2945.8
1200410 2945.8
1200420 2946.4
1200430 2947.1
1200440 2947.1
1200450 2947.8
1200460 2951.0
1200470 2951.0
1200480 2960.9
1200490 2964.7
1200500 2964.7
1200510 2968.0
1200520 2969.6
1200530 2970.0
1200540 2970.0
1200550 2970.7
1200560 2971.7
1200570 2971.7
1200580 2973.5
1200590 2976.2
1200600 2976.2
1200610 2978.9
1200620 2981.6
1200630 2981.6
1200640 2987.1
1200650 2997.1
1200660 2997.1
1200670 3006.2
1200680 3011.9
1200690 3011.9
1200700 3021.9
1200710 3030.8
1200720 3039.6
1200730 3039.6
1200740 3048.6
1200750 3058.3
1200760 3058.3
1200770 3068.0
1200780 3076.1
1200790 3076.1
1200800 3083.8
1200810 3090.2
1200820 3090.2
1200830 3096.8
1200840 3101.2
1200850 3101.2
1200860 3107.1
1200870 3112.0
1200880 3112.0
1200890 3116.5
1200900 3121.8
1200910 3127.6
1200920 3136.7
1200930 3143.4
1200940 3150.6
1200950 3150.6
1200960 3161.8
1200970 3166.2
1200980 3166.2
1200990 3159.7
1201000 3152.9
1201010 3152.9
1201020 3148.2
1201030 3146.4
1201040 3146.4
1201050 3145.8
1201060 3145.9
1201070 3145.9
1201080 3147.6
1201090 3152.2
1201100 3159.7
1201110 3159.7
1201120 3164.5
1201130 3167.4
1201140 3167.4
1201150 3166.6
1201160 3163.8
1201170 3163.8
1201180 3155.0
1201190 3144.2
1201200 3144.2
1201210 3138.5
1201220 3134.3
1201230 3134.3
1201240 3131.3
1201250 3128.6
1201260 3128.6
1201270 3123.6
1201280 3111.2
1201290 3111.2
1201300 3099.4
1201310 3089.5
1201320 3079.7
1201330 3079.7
1201340 3075.1
1201350 3070.5
1201360 3070.5
1201370 3065.9
1201380 3063.9
1201390 3063.9
1201400 3061.7
1201410 3059.2
1201420 3059.2
1201430 3056.7
1201440 3054.2
1201450 3054.2
1201460 3051.7
1201470 3049.1
1201480 3049.1
1201490 3046.7
1201500 3044.7
1201510 3042.8
1201520 3042.8
1201530 3040.9
1201540 3038.7
1201550 3038.7
1201560 3036.4
1201570 3033.8
1201580 3033.8
1201590 3031.1
1201600 3028.2
1201610 3028.2
1201620 3025.0
1201630 3021.2
1201640 3021.2
1201650 3016.7
1201660 3011.3
1201670 3011.3
1201680 3006.2
1201690 3002.6
1201700 3000.8
1201710 3000.8
1201720 3001.0
1201730 3002.5
1201740 3002.5
1201750 3002.8
1201760 3001.3
1201770 3001.3
1201780 2999.4
1201790 2998.0
1201800 2998.0
1201810 2999.1
1201820 2995.1
1201830 2995.1
1201840 2995.2
1201850 2992.4
1201860 2992.4
1201870 2987.4
1201880 2986.0
1201890 2987.5
1201900 2987.5
1201910 2989.3
1201920 2992.3
1201930 2992.3
1201940 2996.9
1201950 2999.4
1201960 2999.4
1201970 2987.9
1201980 2974.3
1201990 2974.3
1202000 2965.3
1202010 2959.0
1202020 2959.0
1202030 2947.8
1202040 2933.7
1202050 2933.7
1202060 2921.3
1202070 2911.4
1202080 2902.6
1202090 2902.6
1202100 2889.7
1202110 2878.9
1202120 2878.9
1202130 2876.0
1202140 2874.7
1202150 2874.7
1202160 2872.3
1202170 2869.1
1202180 2869.1
1202190 2865.6
1202200 2862.1
1202210 2862.1
1202220 2858.2
1202230 2854.5
1202240 2854.5
1202250 2851.0
1202260 2842.9
1202270 2842.9
1202280 2841.5
1202290 2840.2
1202300 2838.2
1202310 2838.2
1202320 2836.5
1202330 2834.5
1202340 2834.5
1202350 2832.3
1202360 2829.7
1202370 2829.7
1202380 2826.7
1202390 2824.8
1202400 2824.8
1202410 2826.5
1202420 2829.3
1202430 2829.3
1202440 2833.3
1202450 2837.9
1202460 2837.9
1202470 2841.5
1202480 2845.1
1202490 2849.6
1202500 2849.6
1202510 2853.9
1202520 2854.1
1202530 2854.1
1202540 2849.3
1202550 2845.0
1202560 2845.0
1202570 2844.5
1202580 2846.2
1202590 2846.2
1202600 2848.8
1202610 2848.8
1202620 2848.8
1202630 2850.3
1202640 2852.6
1202650 2852.6
1202660 2853.7
1202670 2853.2
1202680 2857.4
1202690 2857.4
1202700 2860.7
1202710 2847.0
1202720 2847.0
1202730 2846.4
1202740 2845.8
1202750 2845.8
1202760 2845.2
1202770 2843.6
1202780 2843.6
1202790 2839.5
1202800 2832.1
1202810 2832.1
1202820 2822.7
1202830 2808.7
1202840 2808.7
1202850 2795.2
1202860 2787.8
1202870 2781.8
1202880 2781.8
1202890 2778.8
1202900 2773.6
1202910 2773.6
1202920 2761.7
1202930 2753.5
1202940 2753.5
1202950 2752.6
1202960 2749.3
1202970 2749.3
1202980 2746.0
1202990 2743.6
1203000 2743.6
1203010 2741.6
1203020 2740.8
1203030 2740.8
1203040 2740.5
1203050 2740.1
1203060 2740.1
1203070 2738.6
1203080 2735.4
1203090 2732.3
1203100 2732.3
1203110 2730.3
1203120 2727.7
1203130 2727.7
1203140 2725.4
1203150 2724.4
1203160 2716.9
1203170 2716.5
1203180 2714.7
1203190 2714.7
1203200 2712.5
1203210 2711.3
1203220 2711.3
1203230 2709.9
1203240 2707.3
1203250 2707.3
1203260 2703.6
1203270 2698.7
1203280 2694.0
1203290 2694.0
1203300 2689.9
1203310 2686.0
1203320 2686.0
1203330 2682.7
1203340 2679.4
1203350 2679.4
1203360 2676.8
1203370 2674.1
1203380 2674.1
1203390 2672.0
1203400 2670.4
1203410 2670.4
1203420 2668.5
1203430 2666.5
1203440 2666.5
1203450 2664.5
1203460 2663.7
1203470 2662.6
1203480 2662.6
1203490 2661.9
1203500 2662.5
1203510 2662.5
1203520 2662.2
1203530 2662.3
1203540 2662.3
1203550 2663.6
1203560 2664.7
1203570 2664.7
1203580 2666.3
1203590 2668.2
1203600 2668.2
1203610 2663.1
1203620 2665.0
1203630 2665.0
1203640 2667.1
1203650 2669.2
1203660 2671.3
1203670 2671.3
1203680 2674.8
1203690 2679.1
1203700 2679.1
1203710 2681.6
1203720 2683.7
1203730 2683.7
1203740 2685.4
1203750 2684.0
1203760 2684.0
1203770 2680.1
1203780 2674.8
1203790 2674.8
1203800 2667.6
1203810 2660.7
1203820 2660.7
1203830 2655.1
1203840 2649.2
1203850 2642.5
1203860 2642.5
1203870 2630.9
1203880 2619.0
1203890 2619.0
1203900 2609.6
1203910 2593.0
1203920 2593.0
1203930 2578.7
1203940 2570.1
1203950 2570.1
1203960 2563.3
1203970 2557.2
1203980 2557.2
1203990 2551.9
1204000 2546.6
1204010 2546.6
1204020 2542.1
1204030 2538.2
1204040 2538.2
1204050 2534.5
1204060 2530.9
1204070 2526.1
1204080 2526.1
1204090 2521.5
1204100 2516.7
1204110 2516.7
1204120 2511.9
1204130 2507.8
1204140 2507.8
1204150 2501.7
1204160 2496.2
1204170 2496.2
1204180 2490.5
1204190 2485.4
1204200 2485.4
1204210 2481.3
1204220 2478.1
1204230 2478.1
1204240 2475.9
1204250 2474.4
1204260 2471.3
1204270 2471.3
1204280 2465.9
1204290 2458.3
1204300 2458.3
1204310 2452.8
1204320 2449.6
1204330 2449.6
1204340 2446.7
1204350 2444.4
1204360 2444.4
1204370 2442.8
1204380 2440.9
1204390 2440.9
1204400 2437.8
1204410 2434.7
1204420 2434.7
1204430 2432.1
1204440 2430.2
1204450 2427.8
1204460 2427.8
1204470 2425.0
1204480 2422.1
1204490 2422.1
1204500 2419.7
1204510 2414.1
1204520 2414.1
1204530 2413.7
1204540 2413.1
1204550 2413.1
1204560 2412.1
1204570 2411.0
1204580 2411.0
1204590 2409.4
1204600 2407.8
1204610 2407.8
1204620 2406.5
1204630 2407.1
1204640 2408.1
1204650 2408.1
1204660 2406.9
1204670 2404.7
1204680 2404.7
1204690 2401.3
1204700 2395.9
1204710 2395.9
1204720 2390.5
1204730 2382.2
1204740 2382.2
1204750 2372.2
1204760 2365.3
1204770 2365.3
1204780 2358.7
1204790 2351.1
1204800 2351.1
1204810 2344.4
1204820 2338.2
1204830 2338.2
1204840 2332.7
1204850 2328.8
1204860 2325.6
1204870 2325.6
1204880 2320.4
1204890 2313.6
1204900 2313.6
1204910 2306.7
1204920 2300.1
1204930 2300.1
1204940 2294.1
1204950 2288.5
1204960 2283.0
1204970 2277.9
1204980 2272.0
1204990 2272.0
1205000 2266.2
1205010 2260.9
1205020 2260.9
1205030 2256.7
1205040 2251.5
1205050 2246.7
1205060 2246.7
1205070 2242.0
1205080 2237.5
1205090 2237.5
1205100 2233.3
1205110 2227.8
1205120 2227.8
1205130 2220.5
1205140 2213.2
1205150 2213.2
1205160 2206.8
1205170 2200.4
1205180 2200.4
1205190 2192.3
1205200 2183.7
1205210 2183.7
1205220 2176.4
1205230 2170.5
1205240 2165.5
1205250 2165.5
1205260 2161.3
1205270 2155.7
1205280 2155.7
1205290 2148.3
1205300 2141.6
1205310 2141.6
1205320 2134.9
1205330 2127.7
1205340 2127.7
1205350 2120.6
1205360 2113.4
1205370 2113.4
1205380 2105.5
1205390 2095.6
1205400 2095.6
1205410 2084.1
1205420 2069.4
1205430 2060.9
1205440 2060.9
1205450 2053.4
1205460 2046.5
1205470 2046.5
1205480 2039.8
1205490 2033.7
1205500 2033.7
1205510 2028.9
1205520 2024.3
1205530 2024.3
1205540 2019.6
1205550 2015.8
1205560 2015.8
1205570 2014.7
1205580 2015.1
1205590 2015.1
1205600 2015.4
1205610 2015.7
1205620 2017.4
1205630 2017.4
1205640 2018.1
1205650 2018.9
1205660 2018.9
1205670 2019.6
1205680 2019.8
1205690 2019.8
1205700 2020.8
1205710 2021.6
1205720 2021.6
1205730 2023.1
1205740 2024.3
1205750 2024.3
1205760 2025.6
1205770 2027.1
1205780 2027.1
1205790 2028.5
1205800 2029.5
1205810 2029.5
1205820 2030.7
1205830 2032.7
1205840 2034.6
1205850 2034.6
1205860 2037.7
1205870 2041.9
1205880 2041.9
1205890 2044.2
1205900 2045.6
1205910 2045.6
1205920 2047.2
1205930 2049.6
1205940 2049.6
1205950 2053.3
1205960 2056.0
1205970 2056.0
1205980 2057.5
1205990 2060.8
1206000 2060.8
1206010 2061.9
1206020 2064.0
1206030 2067.3
1206040 2067.3
1206050 2071.1
1206060 2075.3
1206070 2075.3
1206080 2079.8
1206090 2083.1
1206100 2083.1
1206110 2085.7
1206120 2090.2
1206130 2090.2
1206140 2094.5
1206150 2098.7
1206160 2098.7
1206170 2103.2
1206180 2107.9
1206190 2107.9
1206200 2111.8
1206210 2116.1
1206220 2120.6
1206230 2120.6
1206240 2124.7
1206250 2128.4
1206260 2128.4
1206270 2133.2
1206280 2138.5
1206290 2138.5
1206300 2144.0
1206310 2149.6
1206320 2149.6
1206330 2153.5
1206340 2158.2
1206350 2158.2
1206360 2163.3
1206370 2168.5
1206380 2168.5
1206390 2173.4
1206400 2178.7
1206410 2184.5
1206420 2184.5
1206430 2189.9
1206440 2195.4
1206450 2195.4
1206460 2201.9
1206470 2209.3
1206480 2209.3
1206490 2216.4
1206500 2222.6
1206510 2222.6
1206520 2236.7
1206530 2247.8
1206540 2247.8
1206550 2251.6
1206560 2255.9
1206570 2255.9
1206580 2264.2
1206590 2283.1
1206600 2283.1
1206610 2293.8
1206620 2298.6
1206630 2312.2
1206640 2312.2
1206650 2335.9
1206660 2357.5
1206670 2357.5
1206680 2366.8
1206690 2374.2
1206700 2374.2
1206710 2392.0
1206720 2404.5
1206730 2404.5
1206740 2412.7
1206750 2423.9
1206760 2423.9
1206770 2434.4
1206780 2445.4
1206790 2445.4
1206800 2451.3
1206810 2456.8
1206820 2462.1
1206830 2462.1
1206840 2469.5
1206850 2477.0
1206860 2477.0
1206870 2482.4
1206880 2487.3
1206890 2487.3
1206900 2490.2
1206910 2494.1
1206920 2494.1
1206930 2500.3
1206940 2506.4
1206950 2506.4
1206960 2511.3
1206970 2515.0
1206980 2515.0
1206990 2518.4
1207000 2521.4
1207010 2524.6
1207020 2524.6
1207030 2527.8
1207040 2532.2
1207050 2532.2
1207060 2536.6
1207070 2540.6
1207080 2540.6
1207090 2544.5
1207100 2548.9
1207110 2548.9
1207120 2554.4
1207130 2559.7
1207140 2559.7
1207150 2565.7
1207160 2572.1
1207170 2572.1
1207180 2578.5
1207190 2584.5
1207200 2589.9
1207210 2589.9
1207220 2593.9
1207230 2602.8
1207240 2607.3
1207250 2625.0
1207260 2642.8
1207270 2642.8
1207280 2654.0
1207290 2665.3
1207300 2665.3
1207310 2679.1
1207320 2691.6
1207330 2691.6
1207340 2703.7
1207350 2711.7
1207360 2711.7
1207370 2720.1
1207380 2731.3
1207390 2742.3
1207400 2742.3
1207410 2755.8
1207420 2766.0
1207430 2766.0
1207440 2774.5
1207450 2782.1
1207460 2782.1
1207470 2789.7
1207480 2797.2
1207490 2797.2
1207500 2804.5
1207510 2812.4
1207520 2812.4
1207530 2819.8
1207540 2828.2
1207550 2828.2
1207560 2837.3
1207570 2846.8
1207580 2846.8
1207590 2855.5
1207600 2860.5
1207610 2865.6
1207620 2865.6
1207630 2871.8
1207640 2878.1
1207650 2878.1
1207660 2884.3
1207670 2891.1
1207680 2891.1
1207690 2897.8
1207700 2905.9
1207710 2905.9
1207720 2913.9
1207730 2921.9
1207740 2921.9
1207750 2929.2
1207760 2936.2
1207770 2936.2
1207780 2943.8
1207790 2950.4
1207800 2946.1
1207810 2946.1
1207820 2937.9
1207830 2930.3
1207840 2930.3
1207850 2919.7
1207860 2911.7
1207870 2911.7
1207880 2910.2
1207890 2915.5
1207900 2915.5
1207910 2916.0
1207920 2912.2
1207930 2912.2
1207940 2918.0
1207950 2925.5
1207960 2925.5
1207970 2933.1
1207980 2940.6
1207990 2949.3
1208000 2949.3
1208010 2956.3
1208020 2957.9
1208030 2957.9
1208040 2952.1
1208050 2943.8
1208060 2943.8
1208070 2941.0
1208080 2938.0
1208090 2938.0
1208100 2934.8
1208110 2932.9
1208120 2932.9
1208130 2931.2
1208140 2927.4
1208150 2940.5
1208160 2932.3
1208170 2926.5
1208180 2935.2
1208190 2935.2
1208200 2937.4
1208210 2932.3
1208220 2932.3
1208230 2926.8
1208240 2922.8
1208250 2922.8
1208260 2918.8
1208270 2919.4
1208280 2919.4
1208290 2931.1
1208300 2942.7
1208310 2942.7
1208320 2957.1
1208330 2969.5
1208340 2969.5
1208350 2982.4
1208360 2992.9
1208370 2992.9
1208380 2999.8
1208390 3009.1
1208400 3014.4
1208410 3014.4
1208420 3020.2
1208430 3029.0
1208440 3029.0
1208450 3038.7
1208460 3060.1
1208470 3060.1
1208480 3083.5
1208490 3096.7
1208500 3096.7
1208510 3104.8
1208520 3110.9
1208530 3110.9
1208540 3112.3
1208550 3108.3
1208560 3108.3
1208570 3107.8
1208580 3113.7
1208590 3121.2
1208600 3121.2
1208610 3135.2
1208620 3138.9
1208630 3138.9
1208640 3143.8
1208650 3146.4
1208660 3146.4
1208670 3142.1
1208680 3137.1
1208690 3137.1
1208700 3145.5
1208710 3162.7
1208720 3162.7
1208730 3174.2
1208740 3184.5
1208750 3184.5
1208760 3191.4
1208770 3193.9
1208780 3196.5
1208790 3196.5
1208800 3200.4
1208810 3197.3
1208820 3197.3
1208830 3190.1
1208840 3185.5
1208850 3185.5
1208860 3183.0
1208870 3178.3
1208880 3178.3
1208890 3171.0
1208900 3164.6
1208910 3164.6
1208920 3157.0
1208930 3150.8
1208940 3150.8
1208950 3145.3
1208960 3140.9
1208970 3135.6
1208980 3135.6
1208990 3128.8
1209000 3123.6
1209010 3123.6
1209020 3119.7
1209030 3116.9
1209040 3116.9
1209050 3113.7
1209060 3109.8
1209070 3104.3
1209080 3101.8
1209090 3099.1
1209100 3099.1
1209110 3096.2
1209120 3093.6
1209130 3093.6
1209140 3091.2
1209150 3088.9
1209160 3086.8
1209170 3086.8
1209180 3085.0
1209190 3083.3
1209200 3083.3
1209210 3081.5
1209220 3079.7
1209230 3079.7
1209240 3077.9
1209250 3076.1
1209260 3076.1
1209270 3073.4
1209280 3071.3
1209290 3071.3
1209300 3069.0
1209310 3068.1
1209320 3068.1
1209330 3066.3
1209340 3064.5
1209350 3064.5
1209360 3062.9
1209370 3063.2
1209380 3065.2
1209390 3065.2
1209400 3066.3
1209410 3066.8
1209420 3066.8
1209430 3066.2
1209440 3063.9
1209450 3063.9
1209460 3059.7
1209470 3054.6
1209480 3054.6
1209490 3050.1
1209500 3046.0
1209510 3046.0
1209520 3044.4
1209530 3033.5
1209540 3033.5
1209550 3033.4
1209560 3033.8
1209570 3035.3
1209580 3035.3
1209590 3037.4
1209600 3037.1
1209610 3037.1
1209620 3039.3
1209630 3039.0
1209640 3039.0
1209650 3037.6
1209660 3039.5
1209670 3039.5
1209680 3041.7
1209690 3040.5
1209700 3040.5
1209710 3037.9
1209720 3031.5
1209730 3031.5
1209740 3020.2
1209750 3005.3
1209760 2993.7
1209770 2993.7
1209780 2988.5
1209790 2985.0
1209800 2985.0
1209810 2982.3
1209820 2980.9
1209830 2980.9
1209840 2979.3
1209850 2977.2
1209860 2977.2
1209870 2975.1
1209880 2973.2
1209890 2973.2
1209900 2971.4
1209910 2969.4
1209920 2969.4
1209930 2967.5
1209940 2966.1
1209950 2964.7
1209960 2964.7
1209970 2963.5
1209980 2962.6
1209990 2963.8
1210000 2962.8
1210010 2961.9
1210020 2961.9
1210030 2961.1
1210040 2960.0
1210050 2960.0
1210060 2958.8
1210070 2957.6
1210080 2957.6
1210090 2956.5
1210100 2955.7
1210110 2955.7
1210120 2954.9
1210130 2953.9
1210140 2953.9
1210150 2953.0
1210160 2952.6
1210170 2952.4
1210180 2952.4
1210190 2951.0
1210200 2949.8
1210210 2949.8
1210220 2948.9
1210230 2947.8
1210240 2947.8
1210250 2946.7
1210260 2945.5
1210270 2945.5
1210280 2944.2
1210290 2942.8
1210300 2942.8
1210310 2941.4
1210320 2940.0
1210330 2940.0
1210340 2938.7
1210350 2937.1
1210360 2935.3
1210370 2935.3
1210380 2933.6
1210390 2931.8
1210400 2931.8
1210410 2929.8
1210420 2927.9
1210430 2927.9
1210440 2925.9
1210450 2924.8
1210460 2924.8
1210470 2922.6
1210480 2920.3
1210490 2920.3
1210500 2918.1
1210510 2916.1
1210520 2916.1
1210530 2914.0
1210540 2912.1
1210550 2910.0
1210560 2910.0
1210570 2907.9
1210580 2905.6
1210590 2905.6
1210600 2902.9
1210610 2900.1
1210620 2900.1
1210630 2897.1
1210640 2894.0
1210650 2894.0
1210660 2890.6
1210670 2887.1
1210680 2887.1
1210690 2883.6
1210700 2880.4
1210710 2880.4
1210720 2877.8
1210730 2876.9
1210740 2877.2
1210750 2877.2
1210760 2877.6
1210770 2877.7
1210780 2877.7
1210790 2877.3
1210800 2877.7
1210810 2877.7
1210820 2878.2
1210830 2878.2
1210840 2878.2
1210850 2875.4
1210860 2873.1
1210870 2873.1
1210880 2869.4
1210890 2864.7
1210900 2864.7
1210910 2861.5
1210920 2855.6
1210930 2849.5
1210940 2849.5
1210950 2846.9
1210960 2845.9
1210970 2845.9
1210980 2842.8
1210990 2839.3
1211000 2839.3
1211010 2838.3
1211020 2837.7
1211030 2837.7
1211040 2835.7
1211050 2834.9
1211060 2834.9
1211070 2831.5
1211080 2828.7
1211090 2828.7
1211100 2827.9
1211110 2827.3
1211120 2827.3
1211130 2827.3
1211140 2827.8
1211150 2828.9
1211160 2828.9
1211170 2830.0
1211180 2831.4
1211190 2831.4
1211200 2831.5
1211210 2830.9
1211220 2830.9
1211230 2829.9
1211240 2828.8
1211250 2828.8
1211260 2827.3
1211270 2823.7
1211280 2823.7
1211290 2819.4
1211300 2816.6
1211310 2816.6
1211320 2814.6
1211330 2813.1
1211340 2812.4
1211350 2812.4
1211360 2812.7
1211370 2809.3
1211380 2809.3
1211390 2809.6
1211400 2810.2
1211410 2810.2
1211420 2811.9
1211430 2814.0
1211440 2814.0
1211450 2816.1
1211460 2815.7
1211470 2815.7
1211480 2817.1
1211490 2820.2
1211500 2820.2
1211510 2820.4
1211520 2822.2
1211530 2822.0
1211540 2822.0
1211550 2820.9
1211560 2820.9
1211570 2820.9
1211580 2820.7
1211590 2819.6
1211600 2819.6
1211610 2819.4
1211620 2818.4
1211630 2818.4
1211640 2815.8
1211650 2813.1
1211660 2813.1
1211670 2812.0
1211680 2811.2
1211690 2811.2
1211700 2810.5
1211710 2808.9
1211720 2803.3
1211730 2803.3
1211740 2797.7
1211750 2790.6
1211760 2790.6
1211770 2783.1
1211780 2777.1
1211790 2777.1
1211800 2772.1
1211810 2768.2
1211820 2768.2
1211830 2761.0
1211840 2760.7
1211850 2760.7
1211860 2763.9
1211870 2769.1
1211880 2769.1
1211890 2769.4
1211900 2764.7
1211910 2758.6
1211920 2758.6
1211930 2757.5
1211940 2758.1
1211950 2758.1
1211960 2759.8
1211970 2762.7
1211980 2762.7
1211990 2765.0
1212000 2765.1
1212010 2765.1
1212020 2764.4
1212030 2760.8
1212040 2760.8
1212050 2760.4
1212060 2760.4
1212070 2760.4
1212080 2759.2
1212090 2755.8
1212100 2755.8
1212110 2753.5
1212120 2752.9
1212130 2754.1
1212140 2754.1
1212150 2755.4
1212160 2755.2
1212170 2755.2
1212180 2756.3
1212190 2757.6
1212200 2757.6
1212210 2756.6
1212220 2756.7
1212230 2756.7
1212240 2757.7
1212250 2757.4
1212260 2757.4
1212270 2757.8
1212280 2759.2
1212290 2759.2
1212300 2755.2
1212310 2757.2
1212320 2757.3
1212330 2757.3
1212340 2755.9
1212350 2754.7
1212360 2754.7
1212370 2753.1
1212380 2752.5
1212390 2752.5
1212400 2752.3
1212410 2750.9
1212420 2750.9
1212430 2749.5
1212440 2748.8
1212450 2748.8
1212460 2742.7
1212470 2737.7
1212480 2737.7
1212490 2734.1
1212500 2729.3
1212510 2723.8
1212520 2723.8
1212530 2717.0
1212540 2710.0
1212550 2710.0
1212560 2704.5
1212570 2696.0
1212580 2696.0
1212590 2691.0
1212600 2687.9
1212610 2687.9
1212620 2684.0
1212630 2681.5
1212640 2681.5
1212650 2679.9
1212660 2675.5
1212670 2675.5
1212680 2669.7
1212690 2663.6
1212700 2656.3
1212710 2656.3
1212720 2647.9
1212730 2646.0
1212740 2646.0
1212750 2645.3
1212760 2647.9
1212770 2647.9
1212780 2648.1
1212790 2649.1
1212800 2649.1
1212810 2649.9
1212820 2649.1
1212830 2649.1
1212840 2646.9
1212850 2644.3
1212860 2644.3
1212870 2642.8
1212880 2641.6
1212890 2641.6
1212900 2640.5
1212910 2639.6
1212920 2638.9
1212930 2638.9
1212940 2638.4
1212950 2637.7
1212960 2637.7
1212970 2636.8
1212980 2635.9
1212990 2635.9
1213000 2635.1
1213010 2634.5
1213020 2634.5
1213030 2634.0
1213040 2633.7
1213050 2633.7
1213060 2633.6
1213070 2633.7
1213080 2633.7
1213090 2633.7
1213100 2633.8
1213110 2633.7
1213120 2633.7
1213130 2633.5
1213140 2633.2
1213150 2633.2
1213160 2632.8
1213170 2632.4
1213180 2632.4
1213190 2631.8
1213200 2631.1
1213210 2631.1
1213220 2630.6
1213230 2631.4
1213240 2631.4
1213250 2630.9
1213260 2630.6
1213270 2630.6
1213280 2630.6
1213290 2630.7
1213300 2630.9
1213310 2630.9
1213320 2631.2
1213330 2631.9
1213340 2631.9
1213350 2632.7
1213360 2633.6
1213370 2633.6
1213380 2634.5
1213390 2635.5
1213400 2635.5
1213410 2636.3
1213420 2636.9
1213430 2636.9
1213440 2637.3
1213450 2637.5
1213460 2637.5
1213470 2637.7
1213480 2637.7
1213490 2637.4
1213500 2637.4
1213510 2636.9
1213520 2636.1
1213530 2636.1
1213540 2635.2
1213550 2634.4
1213560 2634.4
1213570 2633.5
1213580 2632.9
1213590 2632.9
1213600 2632.6
1213610 2632.3
1213620 2632.3
1213630 2632.3
1213640 2632.2
1213650 2632.2
1213660 2632.4
1213670 2632.1
1213680 2633.3
1213690 2634.5
1213700 2638.2
1213710 2643.6
1213720 2643.6
1213730 2648.1
1213740 2648.6
1213750 2648.6
1213760 2646.7
1213770 2646.3
1213780 2646.3
1213790 2646.7
1213800 2650.7
1213810 2650.7
1213820 2657.3
1213830 2662.3
1213840 2662.3
1213850 2666.0
1213860 2670.0
1213870 2670.0
1213880 2675.0
1213890 2680.3
1213900 2685.8
1213910 2685.8
1213920 2690.9
1213930 2695.9
1213940 2695.9
1213950 2700.4
1213960 2704.5
1213970 2704.5
1213980 2709.6
1213990 2714.7
1214000 2714.7
1214010 2727.5
1214020 2733.0
1214030 2733.0
1214040 2740.7
1214050 2753.6
1214060 2753.6
1214070 2763.2
1214080 2776.5
1214090 2790.8
1214100 2790.8
1214110 2803.7
1214120 2812.8
1214130 2812.8
1214140 2818.8
1214150 2825.9
1214160 2831.8
1214170 2845.4
1214180 2860.8
1214190 2860.8
1214200 2874.8
1214210 2886.4
1214220 2886.4
1214230 2902.0
1214240 2915.3
1214250 2915.3
1214260 2928.9
1214270 2940.3
1214280 2947.6
1214290 2947.6
1214300 2953.5
1214310 2960.7
1214320 2960.7
1214330 2973.6
1214340 2993.2
1214350 2993.2
1214360 3011.3
1214370 3026.2
1214380 3026.2
1214390 3042.6
1214400 3056.1
1214410 3056.1
1214420 3064.0
1214430 3067.6
1214440 3067.6
1214450 3071.5
1214460 3075.8
1214470 3074.8
1214480 3074.8
1214490 3070.2
1214500 3068.5
1214510 3068.5
1214520 3074.3
1214530 3083.8
1214540 3083.8
1214550 3087.0
1214560 3085.5
1214570 3085.5
1214580 3090.6
1214590 3098.0
1214600 3098.0
1214610 3097.9
1214620 3095.1
1214630 3097.8
1214640 3096.9
1214650 3097.1
1214660 3097.1
1214670 3097.6
1214680 3098.0
1214690 3097.8
1214700 3097.8
1214710 3096.5
1214720 3094.9
1214730 3094.9
1214740 3093.5
1214750 3091.5
1214760 3091.5
1214770 3089.0
1214780 3086.4
1214790 3086.4
1214800 3082.8
1214810 3078.8
1214820 3078.8
1214830 3076.7
1214840 3075.2
1214850 3075.2
1214860 3075.5
1214870 3075.0
1214880 3072.9
1214890 3072.9
1214900 3071.6
1214910 3071.6
1214920 3071.6
1214930 3071.6
1214940 3071.4
1214950 3071.4
1214960 3071.1
1214970 3071.8
1214980 3071.8
1214990 3073.3
1215000 3075.0
1215010 3075.0
1215020 3076.3
1215030 3077.0
1215040 3077.0
1215050 3076.9
1215060 3076.3
1215070 3075.2
1215080 3075.2
1215090 3074.1
1215100 3076.0
1215110 3076.0
1215120 3073.1
1215130 3069.6
1215140 3069.6
1215150 3065.0
1215160 3063.5
1215170 3063.5
1215180 3061.5
1215190 3058.7
1215200 3058.7
1215210 3058.6
1215220 3057.2
1215230 3057.2
1215240 3054.7
1215250 3051.9
1215260 3054.0
1215270 3054.0
1215280 3055.3
1215290 3055.8
1215300 3055.8
1215310 3055.9
1215320 3055.5
1215330 3055.5
1215340 3055.1
1215350 3054.7
1215360 3054.7
1215370 3054.0
1215380 3053.0
1215390 3053.0
1215400 3052.0
1215410 3051.0
1215420 3051.0
1215430 3050.5
1215440 3050.3
1215450 3050.2
1215460 3050.2
1215470 3050.4
1215480 3051.4
1215490 3051.4
1215500 3053.5
1215510 3056.0
1215520 3056.0
1215530 3063.9
1215540 3092.6
1215550 3092.6
1215560 3107.9
1215570 3139.1
1215580 3139.1
1215590 3154.9
1215600 3170.0
1215610 3170.0
1215620 3182.1
1215630 3188.8
1215640 3188.8
1215650 3192.9
1215660 3201.2
1215670 3215.0
1215680 3215.0
1215690 3224.9
1215700 3235.1
1215710 3235.1
1215720 3247.3
1215730 3265.3
1215740 3265.3
1215750 3282.6
1215760 3296.8
1215770 3296.8
1215780 3303.4
1215790 3300.9
1215800 3300.9
1215810 3298.6
1215820 3297.1
1215830 3297.1
1215840 3295.6
1215850 3293.6
1215860 3290.8
1215870 3290.8
1215880 3287.7
1215890 3284.5
1215900 3284.5
1215910 3281.0
1215920 3277.2
1215930 3277.2
1215940 3273.3
1215950 3269.9
1215960 3269.9
1215970 3264.7
1215980 3261.3
1215990 3261.3
1216000 3258.4
1216010 3255.3
1216020 3255.3
1216030 3252.5
1216040 3255.2
1216050 3252.6
1216060 3252.6
1216070 3250.3
1216080 3248.0
1216090 3248.0
1216100 3245.8
1216110 3243.7
1216120 3243.7
1216130 3241.6
1216140 3239.3
1216150 3239.3
1216160 3236.8
1216170 3234.3
1216180 3234.3
1216190 3231.7
1216200 3228.8
1216210 3228.8
1216220 3226.4
1216230 3224.1
1216240 3222.6
1216250 3222.6
1216260 3221.6
1216270 3221.2
1216280 3221.2
1216290 3221.0
1216300 3221.0
1216310 3221.0
1216320 3221.0
1216330 3221.2
1216340 3221.2
1216350 3221.5
1216360 3221.6
1216370 3221.6
1216380 3221.6
1216390 3221.8
1216400 3221.8
1216410 3225.7
1216420 3231.3
1216430 3236.9
1216440 3236.9
1216450 3245.4
1216460 3252.7
1216470 3252.7
1216480 3262.3
1216490 3270.6
1216500 3270.6
1216510 3282.6
1216520 3285.5
1216530 3285.5
1216540 3287.5
1216550 3288.6
1216560 3288.6
1216570 3289.5
1216580 3290.7
1216590 3290.7
1216600 3292.3
1216610 3292.7
1216620 3292.7
1216630 3291.7
1216640 3289.9
1216650 3288.2
1216660 3288.2
1216670 3283.3
1216680 3278.1
1216690 3278.1
1216700 3273.0
1216710 3268.9
1216720 3268.9
1216730 3263.5
1216740 3257.2
1216750 3257.2
1216760 3251.3
1216770 3246.2
1216780 3246.2
1216790 3241.9
1216800 3238.1
1216810 3238.1
1216820 3234.6
1216830 3231.3
1216840 3228.0
1216850 3228.0
1216860 3224.6
1216870 3220.8
1216880 3220.8
1216890 3217.6
1216900 3214.2
1216910 3214.2
1216920 3210.4
1216930 3206.4
1216940 3206.4
1216950 3202.1
1216960 3197.9
1216970 3197.9
1216980 3193.5
1216990 3189.4
1217000 3189.4
1217010 3185.6
1217020 3182.1
1217030 3179.1
1217040 3179.1
1217050 3176.1
1217060 3173.2
1217070 3173.2
1217080 3170.5
1217090 3167.8
1217100 3167.8
1217110 3165.3
1217120 3162.8
1217130 3162.8
1217140 3160.3
1217150 3157.9
1217160 3157.9
1217170 3156.4
1217180 3156.9
1217190 3156.9
1217200 3154.1
1217210 3145.9
1217220 3131.0
1217230 3131.0
1217240 3113.3
1217250 3093.4
1217260 3093.4
1217270 3074.6
1217280 3058.4
1217290 3058.4
1217300 3047.8
1217310 3040.6
1217320 3040.6
1217330 3035.5
1217340 3032.0
1217350 3032.0
1217360 3029.1
1217370 3025.8
1217380 3025.8
1217390 3022.2
1217400 3018.6
1217410 3015.2
1217420 3015.2
1217430 3013.6
1217440 3011.1
1217450 3004.9
1217460 3000.5
1217470 2995.5
1217480 2995.5
1217490 2991.4
1217500 2988.2
1217510 2988.2
1217520 2984.0
1217530 2979.1
1217540 2979.1
1217550 2973.5
1217560 2969.9
1217570 2969.9
1217580 2965.5
1217590 2959.9
1217600 2959.9
1217610 2954.5
1217620 2948.9
1217630 2943.8
1217640 2943.8
1217650 2939.0
1217660 2935.8
1217670 2935.8
1217680 2933.5
1217690 2931.2
1217700 2931.2
1217710 2929.1
1217720 2926.6
1217730 2926.6
1217740 2923.8
1217750 2920.9
1217760 2920.9
1217770 2917.6
1217780 2914.0
1217790 2914.0
1217800 2910.5
1217810 2907.2
1217820 2903.8
1217830 2903.8
1217840 2900.7
1217850 2898.2
1217860 2898.2
1217870 2894.9
1217880 2891.9
1217890 2891.9
1217900 2889.1
1217910 2885.6
1217920 2885.6
1217930 2878.8
1217940 2874.7
1217950 2874.7
1217960 2870.8
1217970 2867.6
1217980 2867.6
1217990 2865.3
1218000 2865.6
1218010 2865.6
1218020 2865.6
1218030 2865.7
1218040 2865.2
1218050 2865.2
1218060 2864.6
1218070 2865.2
1218080 2865.2
1218090 2865.6
1218100 2865.4
1218110 2865.4
1218120 2865.1
1218130 2864.5
1218140 2864.5
1218150 2863.6
1218160 2863.0
1218170 2863.0
1218180 2862.6
1218190 2862.4
1218200 2862.1
1218210 2862.1
1218220 2861.9
1218230 2861.2
1218240 2861.2
1218250 2859.8
1218260 2858.3
1218270 2858.3
1218280 2856.4
1218290 2854.3
1218300 2854.3
1218310 2852.6
1218320 2851.3
1218330 2851.3
1218340 2850.9
1218350 2851.6
1218360 2851.6
1218370 2853.6
1218380 2855.8
1218390 2857.8
1218400 2852.1
1218410 2854.8
1218420 2857.2
1218430 2857.2
1218440 2860.0
1218450 2863.0
1218460 2863.0
1218470 2867.4
1218480 2872.2
1218490 2872.2
1218500 2872.8
1218510 2872.9
1218520 2872.9
1218530 2872.9
1218540 2871.7
1218550 2871.7
1218560 2873.3
1218570 2875.7
1218580 2875.7
1218590 2876.7
1218600 2876.5
1218610 2875.1
1218620 2875.1
1218630 2874.8
1218640 2875.1
1218650 2875.1
1218660 2874.6
1218670 2874.0
1218680 2874.0
1218690 2874.5
1218700 2872.9
1218710 2872.9
1218720 2872.4
1218730 2871.3
1218740 2871.3
1218750 2866.3
1218760 2859.7
1218770 2859.7
1218780 2855.1
1218790 2852.6
1218800 2850.6
1218810 2850.6
1218820 2850.2
1218830 2850.0
1218840 2850.0
1218850 2849.3
1218860 2848.0
1218870 2848.0
1218880 2839.1
1218890 2835.2
1218900 2835.2
1218910 2829.5
1218920 2823.4
1218930 2823.4
1218940 2812.3
1218950 2799.2
1218960 2799.2
1218970 2785.5
1218980 2772.1
1218990 2758.6
1219000 2758.6
1219010 2749.6
1219020 2742.8
1219030 2742.8
1219040 2737.0
1219050 2731.4
1219060 2731.4
1219070 2725.5
1219080 2717.0
1219090 2717.0
1219100 2708.8
1219110 2702.1
1219120 2702.1
1219130 2695.1
1219140 2689.1
1219150 2689.1
1219160 2684.8
1219170 2682.4
1219180 2681.9
1219190 2681.9
1219200 2682.1
1219210 2680.7
1219220 2680.7
1219230 2675.5
1219240 2666.7
1219250 2666.7
1219260 2662.6
1219270 2661.2
1219280 2661.2
1219290 2661.6
1219300 2661.2
1219310 2661.2
1219320 2660.6
1219330 2660.4
1219340 2660.4
1219350 2659.4
1219360 2659.8
1219370 2660.0
1219380 2660.0
1219390 2659.8
1219400 2662.1
1219410 2662.1
1219420 2665.2
1219430 2668.0
1219440 2668.0
1219450 2668.7
1219460 2667.9
1219470 2667.9
1219480 2666.1
1219490 2666.0
1219500 2666.0
1219510 2668.4
1219520 2669.4
1219530 2669.4
1219540 2670.4
1219550 2671.1
1219560 2671.1
1219570 2671.6
1219580 2671.8
1219590 2672.9
1219600 2672.9
1219610 2674.7
1219620 2678.7
1219630 2678.7
1219640 2682.0
1219650 2683.5
1219660 2683.5
1219670 2683.9
1219680 2684.4
1219690 2684.4
1219700 2685.0
1219710 2685.7
1219720 2685.7
1219730 2686.5
1219740 2686.2
1219750 2686.2
1219760 2686.3
1219770 2685.3
1219780 2684.0
1219790 2684.0
1219800 2683.2
1219810 2683.0
1219820 2683.0
1219830 2681.4
1219840 2679.9
1219850 2679.9
1219860 2678.3
1219870 2678.0
1219880 2678.0
1219890 2679.8
1219900 2683.0
1219910 2683.0
1219920 2687.9
1219930 2694.7
1219940 2694.7
1219950 2702.9
1219960 2712.9
1219970 2717.1
1219980 2717.1
1219990 2718.6
