1200000 3097.2
1200010 3103.8
1200020 3124.2
1200030 3124.2
1200040 3131.4
1200050 3137.1
1200060 3137.1
1200070 3145.0
1200080 3151.4
1200090 3151.4
1200100 3155.3
1200110 3158.3
1200120 3158.3
1200130 3159.3
1200140 3164.9
1200150 3172.2
1200160 3172.2
1200170 3180.2
1200180 3189.5
1200190 3189.5
1200200 3195.8
1200210 3206.7
1200220 3206.7
1200230 3215.6
1200240 3218.3
1200250 3218.3
1200260 3218.4
1200270 3220.1
1200280 3220.1
1200290 3222.0
1200300 3223.7
1200310 3223.7
1200320 3225.3
1200330 3226.3
1200340 3227.4
1200350 3227.4
1200360 3228.8
1200370 3230.0
1200380 3230.0
1200390 3231.1
1200400 3232.1
1200410 3232.1
1200420 3232.6
1200430 3232.1
1200440 3232.1
1200450 3227.8
1200460 3220.6
1200470 3229.7
1200480 3226.4
1200490 3225.3
1200500 3225.3
1200510 3225.6
1200520 3226.5
1200530 3226.5
1200540 3228.1
1200550 3230.6
1200560 3233.9
1200570 3233.9
1200580 3236.8
1200590 3240.8
1200600 3240.8
1200610 3246.6
1200620 3252.9
1200630 3252.9
1200640 3260.3
1200650 3267.1
1200660 3267.1
1200670 3274.4
1200680 3280.4
1200690 3280.4
1200700 3279.3
1200710 3270.0
1200720 3270.0
1200730 3255.2
1200740 3239.9
1200750 3227.5
1200760 3227.5
1200770 3218.5
1200780 3210.0
1200790 3210.0
1200800 3202.1
1200810 3194.5
1200820 3194.5
1200830 3187.6
1200840 3181.6
1200850 3181.6
1200860 3175.3
1200870 3171.1
1200880 3171.1
1200890 3167.0
1200900 3163.4
1200910 3165.9
1200920 3162.6
1200930 3159.7
1200940 3157.0
1200950 3157.0
1200960 3154.6
1200970 3152.7
1200980 3152.7
1200990 3150.9
1201000 3148.6
1201010 3148.6
1201020 3146.0
1201030 3143.2
1201040 3143.2
1201050 3140.6
1201060 3137.8
1201070 3137.8
1201080 3135.2
1201090 3132.7
1201100 3132.7
1201110 3130.5
1201120 3128.4
1201130 3126.5
1201140 3126.5
1201150 3124.6
1201160 3122.8
1201170 3122.8
1201180 3121.0
1201190 3119.0
1201200 3119.0
1201210 3116.9
1201220 3114.8
1201230 3114.8
1201240 3112.4
1201250 3110.0
1201260 3110.0
1201270 3107.5
1201280 3105.0
1201290 3105.0
1201300 3102.5
1201310 3100.1
1201320 3097.8
1201330 3097.8
1201340 3095.8
1201350 3093.8
1201360 3096.8
1201370 3094.8
1201380 3092.7
1201390 3092.7
1201400 3090.4
1201410 3088.1
1201420 3088.1
1201430 3085.7
1201440 3083.2
1201450 3083.2
1201460 3080.3
1201470 3076.5
1201480 3076.5
1201490 3072.4
1201500 3067.8
1201510 3067.8
1201520 3062.7
1201530 3057.5
1201540 3052.4
1201550 3052.4
1201560 3047.1
1201570 3042.0
1201580 3042.0
1201590 3037.8
1201600 3033.3
1201610 3033.3
1201620 3029.0
1201630 3024.4
1201640 3024.4
1201650 3019.9
1201660 3016.1
1201670 3016.1
1201680 3012.3
1201690 3008.2
1201700 3008.2
1201710 3004.2
1201720 3000.0
1201730 2994.9
1201740 2994.9
1201750 2989.5
1201760 2983.6
1201770 2983.6
1201780 2977.4
1201790 2970.5
1201800 2967.9
1201810 2960.3
1201820 2952.4
1201830 2952.4
1201840 2944.8
1201850 2937.3
1201860 2937.3
1201870 2929.2
1201880 2919.4
1201890 2919.4
1201900 2913.0
1201910 2908.0
1201920 2902.5
1201930 2902.5
1201940 2897.0
1201950 2890.6
1201960 2890.6
1201970 2880.7
1201980 2869.7
1201990 2869.7
1202000 2857.6
1202010 2849.7
1202020 2849.7
1202030 2844.8
1202040 2840.9
1202050 2840.9
1202060 2834.2
1202070 2827.8
1202080 2827.8
1202090 2822.8
1202100 2817.4
1202110 2812.7
1202120 2812.7
1202130 2809.1
1202140 2807.0
1202150 2807.0
1202160 2805.2
1202170 2803.8
1202180 2803.8
1202190 2802.2
1202200 2800.6
1202210 2800.6
1202220 2800.3
1202230 2800.6
1202240 2800.6
1202250 2802.6
1202260 2802.0
1202270 2802.0
1202280 2801.3
1202290 2800.5
1202300 2800.5
1202310 2799.4
1202320 2798.4
1202330 2797.0
1202340 2797.0
1202350 2794.0
1202360 2791.1
1202370 2791.1
1202380 2789.0
1202390 2787.1
1202400 2787.1
1202410 2785.3
1202420 2783.6
1202430 2783.6
1202440 2781.7
1202450 2780.0
1202460 2780.0
1202470 2778.3
1202480 2776.9
1202490 2776.9
1202500 2775.5
1202510 2773.9
1202520 2772.4
1202530 2772.4
1202540 2770.7
1202550 2769.3
1202560 2769.3
1202570 2767.8
1202580 2766.3
1202590 2766.3
1202600 2764.9
1202610 2763.5
1202620 2763.5
1202630 2762.4
1202640 2761.5
1202650 2761.5
1202660 2760.8
1202670 2759.9
1202680 2759.9
1202690 2758.6
1202700 2757.3
1202710 2756.3
1202720 2756.3
1202730 2756.2
1202740 2755.9
1202750 2755.9
1202760 2756.2
1202770 2757.2
1202780 2757.2
1202790 2759.5
1202800 2762.4
1202810 2762.4
1202820 2764.8
1202830 2765.8
1202840 2765.8
1202850 2767.4
1202860 2769.7
1202870 2769.7
1202880 2771.2
1202890 2772.1
1202900 2772.7
1202910 2772.7
1202920 2773.7
1202930 2773.0
1202940 2773.0
1202950 2771.6
1202960 2767.8
1202970 2767.8
1202980 2763.8
1202990 2760.8
1203000 2760.8
1203010 2759.0
1203020 2757.9
1203030 2757.9
1203040 2756.9
1203050 2755.4
1203060 2755.4
1203070 2754.7
1203080 2753.8
1203090 2751.6
1203100 2751.6
1203110 2748.8
1203120 2745.8
1203130 2745.8
1203140 2743.3
1203150 2740.4
1203160 2740.4
1203170 2739.3
1203180 2738.2
1203190 2738.2
1203200 2736.3
1203210 2733.6
1203220 2733.6
1203230 2730.5
1203240 2726.6
1203250 2726.6
1203260 2721.5
1203270 2715.7
1203280 2715.7
1203290 2710.0
1203300 2705.8
1203310 2701.0
1203320 2701.0
1203330 2692.9
1203340 2683.0
1203350 2683.0
1203360 2676.9
1203370 2674.5
1203380 2674.5
1203390 2670.9
1203400 2667.6
1203410 2667.6
1203420 2665.2
1203430 2663.1
1203440 2663.1
1203450 2660.0
1203460 2656.9
1203470 2656.9
1203480 2654.4
1203490 2652.6
1203500 2650.5
1203510 2650.5
1203520 2648.0
1203530 2645.4
1203540 2645.4
1203550 2641.9
1203560 2639.9
1203570 2639.9
1203580 2637.1
1203590 2634.2
1203600 2636.1
1203610 2632.1
1203620 2630.6
1203630 2630.6
1203640 2630.1
1203650 2629.2
1203660 2629.2
1203670 2628.5
1203680 2628.0
1203690 2627.6
1203700 2627.6
1203710 2627.2
1203720 2626.7
1203730 2626.7
1203740 2626.2
1203750 2625.9
1203760 2625.9
1203770 2625.7
1203780 2625.9
1203790 2625.9
1203800 2627.3
1203810 2630.1
1203820 2630.1
1203830 2633.0
1203840 2634.7
1203850 2634.7
1203860 2635.2
1203870 2636.2
1203880 2636.0
1203890 2636.0
1203900 2633.6
1203910 2630.6
1203920 2630.6
1203930 2627.2
1203940 2624.0
1203950 2624.0
1203960 2621.0
1203970 2617.9
1203980 2617.9
1203990 2613.9
1204000 2607.6
1204010 2607.6
1204020 2602.1
1204030 2597.2
1204040 2597.2
1204050 2586.2
1204060 2581.5
1204070 2577.3
1204080 2577.3
1204090 2573.0
1204100 2567.8
1204110 2567.8
1204120 2562.4
1204130 2558.1
1204140 2558.1
1204150 2554.0
1204160 2550.2
1204170 2550.2
1204180 2546.3
1204190 2541.1
1204200 2541.1
1204210 2534.9
1204220 2527.7
1204230 2527.7
1204240 2521.0
1204250 2515.5
1204260 2515.5
1204270 2511.0
1204280 2506.8
1204290 2503.2
1204300 2503.2
1204310 2499.8
1204320 2495.7
1204330 2495.7
1204340 2491.6
1204350 2486.8
1204360 2486.8
1204370 2481.3
1204380 2475.5
1204390 2475.5
1204400 2470.5
1204410 2467.2
1204420 2467.2
1204430 2464.3
1204440 2459.5
1204450 2459.5
1204460 2449.9
1204470 2440.4
1204480 2432.3
1204490 2432.3
1204500 2419.5
1204510 2410.9
1204520 2410.9
1204530 2404.4
1204540 2398.7
1204550 2398.7
1204560 2393.3
1204570 2388.0
1204580 2388.0
1204590 2382.7
1204600 2377.6
1204610 2377.6
1204620 2371.7
1204630 2364.4
1204640 2364.4
1204650 2356.6
1204660 2349.9
1204670 2343.7
1204680 2343.7
1204690 2337.5
1204700 2331.1
1204710 2331.1
1204720 2323.8
1204730 2315.7
1204740 2315.7
1204750 2307.2
1204760 2298.8
1204770 2298.8
1204780 2289.9
1204790 2281.3
1204800 2281.3
1204810 2272.9
1204820 2263.9
1204830 2263.9
1204840 2255.8
1204850 2248.5
1204860 2241.8
1204870 2241.8
1204880 2234.8
1204890 2225.9
1204900 2225.9
1204910 2218.3
1204920 2208.8
1204930 2208.8
1204940 2201.1
1204950 2195.2
1204960 2195.2
1204970 2187.7
1204980 2180.4
1204990 2180.4
1205000 2172.7
1205010 2164.3
1205020 2164.3
1205030 2156.9
1205040 2150.0
1205050 2150.0
1205060 2143.0
1205070 2136.9
1205080 2131.4
1205090 2131.4
1205100 2125.8
1205110 2120.6
1205120 2120.6
1205130 2117.6
1205140 2116.3
1205150 2116.3
1205160 2110.8
1205170 2103.8
1205180 2103.8
1205190 2097.2
1205200 2090.3
1205210 2090.3
1205220 2083.2
1205230 2076.2
1205240 2076.2
1205250 2070.8
1205260 2066.0
1205270 2061.8
1205280 2061.8
1205290 2058.5
1205300 2055.9
1205310 2055.9
1205320 2054.0
1205330 2052.2
1205340 2052.2
1205350 2050.7
1205360 2049.0
1205370 2049.0
1205380 2047.4
1205390 2046.4
1205400 2046.8
1205410 2045.4
1205420 2043.2
1205430 2043.2
1205440 2041.7
1205450 2041.1
1205460 2040.6
1205470 2040.6
1205480 2040.1
1205490 2036.5
1205500 2036.5
1205510 2034.4
1205520 2035.2
1205530 2035.2
1205540 2037.8
1205550 2039.5
1205560 2039.5
1205570 2039.9
1205580 2040.8
1205590 2040.8
1205600 2041.0
1205610 2042.0
1205620 2042.0
1205630 2042.8
1205640 2043.9
1205650 2044.8
1205660 2044.8
1205670 2045.9
1205680 2047.1
1205690 2047.1
1205700 2048.4
1205710 2049.8
1205720 2049.8
1205730 2051.8
1205740 2054.0
1205750 2054.0
1205760 2056.4
1205770 2059.1
1205780 2059.1
1205790 2062.1
1205800 2065.0
1205810 2065.0
1205820 2067.6
1205830 2070.3
1205840 2074.0
1205850 2074.0
1205860 2077.9
1205870 2083.8
1205880 2083.8
1205890 2088.9
1205900 2093.6
1205910 2093.6
1205920 2098.6
1205930 2102.3
1205940 2102.3
1205950 2106.4
1205960 2110.9
1205970 2110.9
1205980 2115.9
1205990 2120.5
1206000 2120.5
1206010 2124.9
1206020 2129.3
1206030 2129.3
1206040 2134.0
1206050 2138.3
1206060 2142.8
1206070 2142.8
1206080 2147.8
1206090 2152.5
1206100 2152.5
1206110 2157.0
1206120 2161.5
1206130 2161.5
1206140 2166.1
1206150 2172.1
1206160 2172.1
1206170 2180.0
1206180 2188.2
1206190 2188.2
1206200 2196.3
1206210 2204.9
1206220 2204.9
1206230 2213.2
1206240 2219.9
1206250 2221.2
1206260 2221.2
1206270 2223.7
1206280 2230.8
1206290 2230.8
1206300 2233.2
1206310 2257.2
1206320 2257.2
1206330 2254.8
1206340 2254.3
1206350 2254.3
1206360 2259.1
1206370 2264.3
1206380 2264.3
1206390 2274.8
1206400 2292.7
1206410 2292.7
1206420 2295.9
1206430 2298.3
1206440 2296.0
1206450 2296.0
1206460 2295.7
1206470 2297.8
1206480 2297.8
1206490 2301.9
1206500 2307.2
1206510 2307.2
1206520 2313.5
1206530 2320.5
1206540 2320.5
1206550 2327.4
1206560 2334.4
1206570 2334.4
1206580 2341.6
1206590 2349.0
1206600 2349.0
1206610 2358.0
1206620 2365.9
1206630 2372.0
1206640 2372.0
1206650 2380.2
1206660 2391.2
1206670 2391.2
1206680 2411.4
1206690 2428.3
1206700 2428.3
1206710 2431.0
1206720 2427.8
1206730 2427.8
1206740 2430.7
1206750 2435.0
1206760 2435.0
1206770 2437.6
1206780 2445.4
1206790 2445.4
1206800 2454.8
1206810 2464.2
1206820 2471.4
1206830 2471.4
1206840 2478.8
1206850 2486.9
1206860 2486.9
1206870 2494.7
1206880 2501.8
1206890 2501.8
1206900 2509.3
1206910 2516.8
1206920 2516.8
1206930 2524.7
1206940 2531.6
1206950 2531.6
1206960 2537.8
1206970 2544.0
1206980 2544.0
1206990 2552.2
1207000 2559.6
1207010 2559.6
1207020 2566.2
1207030 2573.8
1207040 2580.1
1207050 2580.1
1207060 2587.4
1207070 2595.0
1207080 2595.0
1207090 2601.4
1207100 2609.5
1207110 2609.5
1207120 2617.2
1207130 2624.8
1207140 2624.8
1207150 2632.0
1207160 2639.9
1207170 2639.9
1207180 2647.9
1207190 2653.1
1207200 2653.1
1207210 2658.1
1207220 2662.1
1207230 2673.9
1207240 2673.9
1207250 2682.6
1207260 2689.1
1207270 2689.1
1207280 2694.7
1207290 2701.6
1207300 2701.6
1207310 2709.6
1207320 2717.3
1207330 2717.3
1207340 2726.2
1207350 2735.2
1207360 2735.2
1207370 2743.2
1207380 2750.4
1207390 2750.4
1207400 2757.9
1207410 2766.3
1207420 2776.4
1207430 2776.4
1207440 2784.9
1207450 2793.9
1207460 2793.9
1207470 2803.5
1207480 2812.0
1207490 2812.0
1207500 2819.6
1207510 2826.0
1207520 2826.0
1207530 2832.4
1207540 2838.3
1207550 2838.3
1207560 2844.3
1207570 2850.7
1207580 2850.7
1207590 2857.7
1207600 2864.2
1207610 2870.8
1207620 2870.8
1207630 2883.0
1207640 2895.6
1207650 2895.6
1207660 2904.9
1207670 2907.7
1207680 2917.4
1207690 2926.2
1207700 2928.7
1207710 2928.7
1207720 2928.4
1207730 2933.9
1207740 2933.9
1207750 2940.4
1207760 2948.0
1207770 2948.0
1207780 2967.4
1207790 3000.6
1207800 3016.5
1207810 3016.5
1207820 3023.8
1207830 3032.3
1207840 3032.3
1207850 3041.4
1207860 3048.8
1207870 3048.8
1207880 3056.1
1207890 3063.5
1207900 3063.5
1207910 3071.1
1207920 3078.8
1207930 3078.8
1207940 3087.5
1207950 3096.9
1207960 3096.9
1207970 3108.0
1207980 3120.8
1207990 3120.8
1208000 3133.7
1208010 3145.1
1208020 3157.2
1208030 3157.2
1208040 3168.9
1208050 3180.3
1208060 3180.3
1208070 3187.8
1208080 3197.4
1208090 3197.4
1208100 3208.6
1208110 3218.9
1208120 3218.9
1208130 3229.9
1208140 3233.8
1208150 3233.8
1208160 3243.0
1208170 3250.0
1208180 3250.0
1208190 3251.1
1208200 3247.2
1208210 3243.5
1208220 3243.5
1208230 3238.0
1208240 3231.9
1208250 3231.9
1208260 3236.9
1208270 3246.1
1208280 3246.1
1208290 3243.5
1208300 3251.1
1208310 3251.1
1208320 3249.2
1208330 3257.3
1208340 3257.3
1208350 3268.3
1208360 3258.4
1208370 3258.4
1208380 3249.4
1208390 3241.4
1208400 3236.6
1208410 3236.6
1208420 3230.7
1208430 3224.7
1208440 3224.7
1208450 3222.0
1208460 3219.7
1208470 3219.7
1208480 3216.9
1208490 3214.0
1208500 3214.0
1208510 3211.1
1208520 3208.3
1208530 3208.3
1208540 3205.3
1208550 3202.5
1208560 3202.5
1208570 3199.8
1208580 3197.2
1208590 3196.0
1208600 3196.0
1208610 3193.2
1208620 3190.5
1208630 3190.5
1208640 3187.9
1208650 3185.4
1208660 3185.4
1208670 3183.1
1208680 3180.6
1208690 3180.6
1208700 3178.5
1208710 3176.6
1208720 3176.6
1208730 3174.6
1208740 3172.7
1208750 3172.7
1208760 3171.2
1208770 3169.6
1208780 3167.7
1208790 3167.7
1208800 3165.8
1208810 3163.8
1208820 3163.8
1208830 3161.7
1208840 3159.5
1208850 3159.5
1208860 3157.3
1208870 3154.9
1208880 3154.9
1208890 3152.4
1208900 3149.7
1208910 3149.7
1208920 3146.9
1208930 3143.9
1208940 3143.9
1208950 3140.8
1208960 3137.5
1208970 3137.5
1208980 3134.1
1208990 3130.7
1209000 3127.3
1209010 3127.3
1209020 3123.9
1209030 3121.2
1209040 3121.2
1209050 3121.9
1209060 3114.2
1209070 3114.2
1209080 3106.8
1209090 3100.6
1209100 3100.6
1209110 3095.7
1209120 3091.9
1209130 3091.9
1209140 3087.1
1209150 3079.8
1209160 3079.8
1209170 3071.6
1209180 3064.4
1209190 3058.1
1209200 3058.1
1209210 3053.0
1209220 3049.5
1209230 3049.5
1209240 3046.9
1209250 3045.0
1209260 3045.0
1209270 3043.5
1209280 3042.5
1209290 3042.5
1209300 3041.6
1209310 3040.8
1209320 3040.8
1209330 3040.1
1209340 3039.6
1209350 3039.6
1209360 3038.9
1209370 3038.1
1209380 3037.6
1209390 3037.6
1209400 3037.1
1209410 3036.2
1209420 3036.2
1209430 3035.6
1209440 3034.4
1209450 3034.4
1209460 3033.8
1209470 3033.6
1209480 3033.6
1209490 3033.3
1209500 3033.0
1209510 3034.0
1209520 3033.5
1209530 3033.1
1209540 3033.1
1209550 3032.4
1209560 3031.8
1209570 3031.0
1209580 3031.0
1209590 3030.2
1209600 3029.5
1209610 3029.5
1209620 3028.8
1209630 3028.0
1209640 3028.0
1209650 3027.3
1209660 3026.4
1209670 3026.4
1209680 3025.5
1209690 3024.7
1209700 3024.7
1209710 3024.0
1209720 3023.1
1209730 3023.1
1209740 3022.2
1209750 3020.9
1209760 3019.6
1209770 3019.6
1209780 3018.4
1209790 3017.3
1209800 3017.3
1209810 3016.0
1209820 3014.6
1209830 3014.6
1209840 3013.3
1209850 3012.0
1209860 3012.0
1209870 3010.7
1209880 3009.4
1209890 3009.4
1209900 3008.2
1209910 3007.0
1209920 3007.0
1209930 3005.8
1209940 3004.7
1209950 3004.7
1209960 3003.5
1209970 3002.3
1209980 3001.3
1209990 3001.3
1210000 3000.4
1210010 2999.4
1210020 2999.4
1210030 2998.4
1210040 2997.4
1210050 2997.4
1210060 2996.5
1210070 2995.6
1210080 2995.6
1210090 2994.7
1210100 2993.8
1210110 2993.8
1210120 2992.8
1210130 2991.9
1210140 2991.9
1210150 2991.3
1210160 2990.6
1210170 2989.4
1210180 2989.4
1210190 2988.1
1210200 2986.4
1210210 2986.4
1210220 2985.0
1210230 2983.3
1210240 2983.3
1210250 2981.3
1210260 2978.9
1210270 2978.9
1210280 2976.3
1210290 2973.4
1210300 2973.4
1210310 2970.4
1210320 2967.2
1210330 2967.2
1210340 2963.9
1210350 2960.6
1210360 2957.4
1210370 2957.4
1210380 2954.0
1210390 2950.5
1210400 2950.5
1210410 2947.0
1210420 2943.4
1210430 2943.1
1210440 2939.2
1210450 2935.1
1210460 2935.1
1210470 2930.8
1210480 2926.2
1210490 2926.2
1210500 2921.9
1210510 2918.2
1210520 2918.2
1210530 2913.6
1210540 2910.2
1210550 2906.2
1210560 2906.2
1210570 2900.4
1210580 2895.2
1210590 2895.2
1210600 2891.9
1210610 2889.7
1210620 2889.7
1210630 2886.7
1210640 2883.6
1210650 2883.6
1210660 2877.1
1210670 2869.2
1210680 2869.2
1210690 2864.0
1210700 2860.0
1210710 2860.0
1210720 2855.7
1210730 2851.8
1210740 2848.1
1210750 2848.1
1210760 2843.7
1210770 2840.4
1210780 2840.4
1210790 2837.1
1210800 2833.0
1210810 2833.0
1210820 2829.1
1210830 2824.1
1210840 2824.1
1210850 2819.5
1210860 2816.5
1210870 2816.5
1210880 2813.8
1210890 2812.2
1210900 2812.2
1210910 2810.6
1210920 2809.1
1210930 2809.1
1210940 2807.8
1210950 2806.8
1210960 2806.3
1210970 2806.3
1210980 2806.2
1210990 2806.1
1211000 2806.1
1211010 2805.9
1211020 2805.8
1211030 2805.8
1211040 2805.8
1211050 2805.8
1211060 2805.8
1211070 2805.8
1211080 2805.6
1211090 2805.6
1211100 2805.3
1211110 2804.7
1211120 2804.7
1211130 2803.7
1211140 2802.1
1211150 2800.6
1211160 2800.6
1211170 2798.6
1211180 2795.9
1211190 2795.9
1211200 2793.0
1211210 2790.2
1211220 2790.2
1211230 2787.5
1211240 2785.3
1211250 2785.3
1211260 2782.9
1211270 2779.3
1211280 2779.3
1211290 2776.3
1211300 2774.0
1211310 2774.0
1211320 2771.5
1211330 2768.8
1211340 2766.3
1211350 2766.3
1211360 2765.4
1211370 2763.4
1211380 2763.4
1211390 2761.3
1211400 2759.1
1211410 2759.1
1211420 2756.8
1211430 2754.3
1211440 2754.3
1211450 2752.3
1211460 2751.1
1211470 2751.1
1211480 2750.2
1211490 2749.6
1211500 2749.6
1211510 2749.2
1211520 2749.0
1211530 2748.6
1211540 2748.6
1211550 2748.1
1211560 2747.6
1211570 2747.6
1211580 2746.9
1211590 2746.5
1211600 2746.5
1211610 2746.9
1211620 2746.9
1211630 2746.9
1211640 2746.8
1211650 2746.1
1211660 2746.1
1211670 2745.9
1211680 2745.4
1211690 2745.4
1211700 2744.5
1211710 2743.4
1211720 2742.2
1211730 2742.2
1211740 2740.9
1211750 2739.3
1211760 2739.3
1211770 2736.2
1211780 2734.5
1211790 2734.5
1211800 2733.7
1211810 2732.6
1211820 2732.4
1211830 2731.1
1211840 2730.1
1211850 2730.1
1211860 2730.0
1211870 2730.3
1211880 2730.3
1211890 2729.4
1211900 2727.9
1211910 2727.9
1211920 2726.0
1211930 2725.1
1211940 2725.3
1211950 2725.3
1211960 2725.7
1211970 2725.3
1211980 2725.3
1211990 2724.7
1212000 2723.9
1212010 2723.9
1212020 2722.9
1212030 2721.8
1212040 2721.8
1212050 2720.5
1212060 2719.0
1212070 2719.0
1212080 2717.4
1212090 2715.4
1212100 2715.4
1212110 2713.4
1212120 2711.0
1212130 2708.0
1212140 2708.0
1212150 2704.1
1212160 2699.5
1212170 2699.5
1212180 2695.4
1212190 2690.4
1212200 2690.4
1212210 2685.5
1212220 2684.2
1212230 2684.2
1212240 2682.8
1212250 2682.2
1212260 2682.2
1212270 2681.2
1212280 2675.3
1212290 2675.3
1212300 2673.3
1212310 2671.1
1212320 2668.7
1212330 2668.7
1212340 2666.4
1212350 2664.1
1212360 2664.1
1212370 2660.9
1212380 2656.2
1212390 2656.2
1212400 2655.0
1212410 2654.1
1212420 2654.1
1212430 2657.0
1212440 2664.8
1212450 2664.8
1212460 2667.0
1212470 2669.4
1212480 2669.4
1212490 2672.2
1212500 2673.7
1212510 2676.1
1212520 2676.1
1212530 2679.6
1212540 2681.6
1212550 2681.6
1212560 2682.4
1212570 2682.9
1212580 2682.9
1212590 2683.1
1212600 2683.6
1212610 2683.6
1212620 2684.6
1212630 2685.9
1212640 2685.9
1212650 2687.6
1212660 2689.3
1212670 2689.3
1212680 2691.2
1212690 2692.9
1212700 2694.3
1212710 2694.3
1212720 2695.4
1212730 2696.5
1212740 2696.5
1212750 2698.7
1212760 2699.1
1212770 2699.1
1212780 2699.3
1212790 2699.7
1212800 2699.7
1212810 2700.2
1212820 2701.0
1212830 2701.0
1212840 2701.0
1212850 2700.7
1212860 2700.7
1212870 2700.4
1212880 2700.5
1212890 2700.5
1212900 2699.7
1212910 2699.6
1212920 2698.6
1212930 2698.6
1212940 2698.1
1212950 2697.9
1212960 2697.9
1212970 2697.9
1212980 2697.5
1212990 2697.5
1213000 2697.4
1213010 2697.1
1213020 2697.1
1213030 2697.1
1213040 2697.0
1213050 2697.0
1213060 2696.5
1213070 2695.8
1213080 2695.8
1213090 2695.0
1213100 2693.9
1213110 2692.6
1213120 2692.6
1213130 2691.3
1213140 2690.3
1213150 2690.3
1213160 2689.1
1213170 2687.8
1213180 2687.8
1213190 2686.4
1213200 2684.8
1213210 2685.9
1213220 2684.2
1213230 2682.6
1213240 2682.6
1213250 2681.3
1213260 2680.3
1213270 2680.3
1213280 2679.5
1213290 2678.8
1213300 2678.4
1213310 2678.4
1213320 2677.8
1213330 2677.8
1213340 2677.8
1213350 2677.9
1213360 2677.9
1213370 2677.9
1213380 2677.7
1213390 2677.4
1213400 2677.4
1213410 2677.2
1213420 2677.1
1213430 2677.1
1213440 2677.0
1213450 2676.9
1213460 2676.9
1213470 2676.7
1213480 2676.6
1213490 2676.7
1213500 2676.7
1213510 2677.7
1213520 2680.5
1213530 2680.5
1213540 2685.6
1213550 2688.8
1213560 2688.8
1213570 2692.5
1213580 2699.2
1213590 2699.2
1213600 2718.5
1213610 2732.0
1213620 2732.0
1213630 2743.6
1213640 2754.6
1213650 2754.6
1213660 2765.7
1213670 2775.8
1213680 2774.9
1213690 2782.7
1213700 2792.0
1213710 2805.1
1213720 2805.1
1213730 2815.5
1213740 2822.6
1213750 2822.6
1213760 2829.6
1213770 2834.8
1213780 2834.8
1213790 2841.8
1213800 2853.6
1213810 2853.6
1213820 2864.0
1213830 2871.2
1213840 2871.2
1213850 2878.8
1213860 2887.1
1213870 2887.1
1213880 2898.5
1213890 2905.9
1213900 2914.7
1213910 2914.7
1213920 2923.6
1213930 2930.8
1213940 2930.8
1213950 2939.2
1213960 2947.7
1213970 2947.7
1213980 2951.5
1213990 2957.5
1214000 2957.5
1214010 2969.6
1214020 2979.1
1214030 2979.1
1214040 2977.3
1214050 2971.4
1214060 2971.4
1214070 2967.5
1214080 2967.3
1214090 2976.3
1214100 2976.3
1214110 2982.6
1214120 2993.8
1214130 2993.8
1214140 3013.6
1214150 3031.7
1214160 3031.7
1214170 3043.4
1214180 3053.0
1214190 3053.0
1214200 3066.0
1214210 3080.3
1214220 3080.3
1214230 3092.2
1214240 3101.4
1214250 3101.4
1214260 3109.9
1214270 3117.9
1214280 3128.6
1214290 3128.6
1214300 3139.3
1214310 3142.4
1214320 3142.4
1214330 3149.7
1214340 3161.4
1214350 3161.4
1214360 3170.2
1214370 3177.0
1214380 3177.0
1214390 3186.6
1214400 3194.8
1214410 3194.8
1214420 3201.4
1214430 3210.0
1214440 3210.0
1214450 3220.2
1214460 3227.1
1214470 3229.1
1214480 3229.1
1214490 3230.6
1214500 3231.5
1214510 3231.5
1214520 3231.8
1214530 3231.7
1214540 3231.7
1214550 3231.0
1214560 3230.1
1214570 3230.1
1214580 3229.5
1214590 3229.4
1214600 3229.4
1214610 3236.5
1214620 3237.1
1214630 3237.1
1214640 3238.0
1214650 3238.8
1214660 3238.4
1214670 3238.4
1214680 3236.4
1214690 3233.0
1214700 3233.0
1214710 3228.3
1214720 3222.3
1214730 3222.3
1214740 3214.4
1214750 3205.1
1214760 3205.1
1214770 3198.9
1214780 3193.1
1214790 3193.1
1214800 3186.9
1214810 3179.7
1214820 3179.7
1214830 3173.2
1214840 3166.0
1214850 3166.0
1214860 3160.2
1214870 3155.4
1214880 3151.5
1214890 3151.5
1214900 3148.4
1214910 3145.6
1214920 3145.6
1214930 3143.2
1214940 3141.1
1214950 3141.1
1214960 3139.1
1214970 3137.1
1214980 3137.1
1214990 3135.0
1215000 3133.1
1215010 3133.1
1215020 3131.5
1215030 3130.0
1215040 3130.0
1215050 3128.6
1215060 3127.2
1215070 3126.0
1215080 3127.0
1215090 3125.6
1215100 3124.1
1215110 3124.1
1215120 3122.6
1215130 3120.8
1215140 3120.8
1215150 3118.8
1215160 3116.9
1215170 3116.9
1215180 3115.2
1215190 3113.7
1215200 3113.7
1215210 3113.0
1215220 3113.4
1215230 3113.4
1215240 3114.1
1215250 3115.0
1215260 3115.8
1215270 3115.8
1215280 3116.4
1215290 3116.6
1215300 3116.6
1215310 3116.6
1215320 3116.7
1215330 3116.7
1215340 3116.7
1215350 3116.7
1215360 3116.7
1215370 3117.3
1215380 3118.5
1215390 3118.5
1215400 3120.8
1215410 3125.1
1215420 3125.1
1215430 3134.0
1215440 3148.6
1215450 3159.0
1215460 3159.0
1215470 3171.5
1215480 3181.7
1215490 3181.7
1215500 3187.6
1215510 3198.9
1215520 3198.9
1215530 3212.6
1215540 3228.7
1215550 3235.1
1215560 3240.8
1215570 3237.2
1215580 3237.2
1215590 3234.9
1215600 3234.3
1215610 3234.3
1215620 3233.2
1215630 3231.7
1215640 3231.1
1215650 3231.1
1215660 3228.9
1215670 3226.9
1215680 3226.9
1215690 3224.8
1215700 3222.8
1215710 3222.8
1215720 3221.0
1215730 3219.3
1215740 3219.3
1215750 3217.6
1215760 3216.0
1215770 3216.0
1215780 3214.4
1215790 3212.8
1215800 3212.8
1215810 3211.2
1215820 3209.7
1215830 3209.7
1215840 3208.1
1215850 3206.4
1215860 3204.9
1215870 3204.9
1215880 3202.9
1215890 3200.7
1215900 3200.7
1215910 3198.9
1215920 3197.1
1215930 3197.1
1215940 3195.0
1215950 3192.9
1215960 3192.9
1215970 3190.9
1215980 3188.9
1215990 3188.9
1216000 3187.3
1216010 3186.7
1216020 3183.8
1216030 3181.8
1216040 3179.6
1216050 3177.5
1216060 3177.5
1216070 3175.8
1216080 3174.2
1216090 3174.2
1216100 3172.6
1216110 3171.1
1216120 3171.1
1216130 3169.9
1216140 3168.7
1216150 3168.7
1216160 3168.2
1216170 3167.9
1216180 3167.9
1216190 3168.0
1216200 3168.2
1216210 3168.2
1216220 3167.7
1216230 3167.2
1216240 3167.1
1216250 3167.1
1216260 3166.9
1216270 3166.3
1216280 3166.3
1216290 3166.1
1216300 3164.0
1216310 3164.0
1216320 3161.0
1216330 3159.3
1216340 3159.3
1216350 3158.4
1216360 3158.2
1216370 3158.2
1216380 3158.2
1216390 3157.8
1216400 3157.8
1216410 3157.5
1216420 3157.6
1216430 3154.8
1216440 3154.8
1216450 3150.4
1216460 3145.3
1216470 3145.3
1216480 3140.3
1216490 3132.6
1216500 3132.6
1216510 3129.1
1216520 3125.2
1216530 3125.2
1216540 3120.0
1216550 3114.9
1216560 3114.9
1216570 3111.0
1216580 3107.5
1216590 3107.5
1216600 3104.3
1216610 3101.5
1216620 3100.2
1216630 3100.2
1216640 3098.3
1216650 3096.1
1216660 3096.1
1216670 3094.8
1216680 3093.3
1216690 3093.3
1216700 3091.5
1216710 3090.2
1216720 3090.2
1216730 3088.2
1216740 3086.4
1216750 3086.4
1216760 3084.7
1216770 3083.1
1216780 3083.1
1216790 3081.4
1216800 3079.2
1216810 3079.2
1216820 3076.9
1216830 3074.5
1216840 3072.2
1216850 3072.2
1216860 3067.9
1216870 3066.1
1216880 3066.1
1216890 3064.8
1216900 3061.5
1216910 3061.5
1216920 3057.0
1216930 3052.5
1216940 3052.5
1216950 3048.4
1216960 3045.7
1216970 3045.7
1216980 3041.3
1216990 3036.1
1217000 3036.1
1217010 3029.5
1217020 3023.9
1217030 3018.9
1217040 3018.9
1217050 3013.6
1217060 3006.6
1217070 3006.6
1217080 3000.9
1217090 2996.9
1217100 2996.9
1217110 2994.4
1217120 2991.6
1217130 2991.6
1217140 2988.0
1217150 2985.1
1217160 2985.1
1217170 2983.6
1217180 2981.6
1217190 2981.6
1217200 2979.2
1217210 2976.6
1217220 2974.1
1217230 2974.1
1217240 2971.4
1217250 2968.1
1217260 2968.1
1217270 2964.7
1217280 2961.4
1217290 2961.4
1217300 2957.7
1217310 2953.4
1217320 2953.4
1217330 2948.9
1217340 2945.0
1217350 2945.0
1217360 2939.2
1217370 2931.8
1217380 2931.8
1217390 2923.2
1217400 2914.8
1217410 2907.8
1217420 2907.8
1217430 2901.2
1217440 2898.7
1217450 2898.7
1217460 2896.8
1217470 2895.4
1217480 2895.4
1217490 2894.0
1217500 2892.2
1217510 2892.2
1217520 2890.3
1217530 2888.3
1217540 2888.3
1217550 2886.3
1217560 2884.4
1217570 2884.4
1217580 2882.5
1217590 2880.6
1217600 2879.0
1217610 2879.0
1217620 2877.7
1217630 2876.6
1217640 2876.6
1217650 2875.6
1217660 2874.8
1217670 2874.8
1217680 2874.1
1217690 2873.8
1217700 2873.8
1217710 2873.8
1217720 2873.7
1217730 2873.7
1217740 2873.3
1217750 2872.3
1217760 2872.3
1217770 2871.3
1217780 2870.2
1217790 2870.2
1217800 2868.6
1217810 2866.9
1217820 2865.6
1217830 2865.6
1217840 2864.3
1217850 2862.9
1217860 2862.9
1217870 2861.3
1217880 2859.5
1217890 2859.5
1217900 2858.1
1217910 2858.0
1217920 2858.0
1217930 2856.4
1217940 2854.7
1217950 2854.7
1217960 2853.5
1217970 2853.1
1217980 2853.1
1217990 2852.8
1218000 2852.2
1218010 2851.4
1218020 2851.4
1218030 2850.5
1218040 2849.6
1218050 2849.6
1218060 2848.5
1218070 2847.3
1218080 2847.3
1218090 2846.0
1218100 2844.8
1218110 2844.8
1218120 2843.2
1218130 2841.4
1218140 2841.4
1218150 2839.4
1218160 2837.5
1218170 2837.5
1218180 2835.8
1218190 2834.3
1218200 2833.1
1218210 2833.1
1218220 2832.3
1218230 2831.2
1218240 2831.2
1218250 2829.7
1218260 2827.5
1218270 2827.5
1218280 2825.1
1218290 2822.4
1218300 2822.4
1218310 2819.6
1218320 2816.4
1218330 2816.4
1218340 2813.2
1218350 2809.7
1218360 2809.7
1218370 2805.9
1218380 2802.7
1218390 2802.5
1218400 2802.5
1218410 2799.6
1218420 2796.9
1218430 2796.9
1218440 2794.8
1218450 2792.7
1218460 2792.7
1218470 2790.4
1218480 2787.9
1218490 2787.9
1218500 2785.9
1218510 2784.9
1218520 2784.9
1218530 2784.4
1218540 2784.4
1218550 2784.4
1218560 2784.1
1218570 2781.6
1218580 2778.0
1218590 2778.0
1218600 2777.0
1218610 2777.0
1218620 2777.0
1218630 2777.2
1218640 2778.0
1218650 2778.0
1218660 2780.1
1218670 2782.3
1218680 2782.3
1218690 2783.0
1218700 2783.0
1218710 2783.0
1218720 2782.9
1218730 2782.8
1218740 2782.8
1218750 2782.7
1218760 2782.7
1218770 2782.7
1218780 2783.1
1218790 2783.6
1218800 2784.3
1218810 2784.3
1218820 2784.6
1218830 2784.0
1218840 2784.0
1218850 2782.7
1218860 2778.2
1218870 2778.2
1218880 2777.2
1218890 2776.2
1218900 2776.2
1218910 2774.8
1218920 2772.8
1218930 2772.8
1218940 2771.2
1218950 2770.1
1218960 2770.1
1218970 2769.7
1218980 2769.1
1218990 2766.7
1219000 2766.7
1219010 2764.3
1219020 2762.0
1219030 2762.0
1219040 2760.2
1219050 2757.5
1219060 2757.5
1219070 2755.3
1219080 2752.6
1219090 2752.6
1219100 2749.0
1219110 2746.0
1219120 2746.0
1219130 2744.1
1219140 2742.9
1219150 2742.9
1219160 2739.9
1219170 2735.8
1219180 2732.3
1219190 2732.3
1219200 2728.7
1219210 2724.7
1219220 2724.7
1219230 2721.1
1219240 2717.4
1219250 2717.4
1219260 2713.8
1219270 2710.2
1219280 2710.2
1219290 2706.5
1219300 2704.0
1219310 2704.0
1219320 2702.6
1219330 2703.0
1219340 2692.4
1219350 2688.4
1219360 2682.4
1219370 2679.4
1219380 2679.4
1219390 2679.0
1219400 2681.9
1219410 2681.9
1219420 2680.5
1219430 2676.9
1219440 2676.9
1219450 2672.8
1219460 2667.2
1219470 2667.2
1219480 2656.5
1219490 2638.1
1219500 2638.1
1219510 2624.4
1219520 2615.1
1219530 2615.1
1219540 2614.7
1219550 2615.1
1219560 2614.6
1219570 2614.6
1219580 2614.2
1219590 2613.9
1219600 2613.9
1219610 2613.9
1219620 2616.6
1219630 2616.6
1219640 2621.7
1219650 2625.9
1219660 2625.9
1219670 2627.2
1219680 2625.2
1219690 2625.2
1219700 2619.7
1219710 2616.8
1219720 2616.8
1219730 2614.1
1219740 2611.6
1219750 2611.6
1219760 2611.0
1219770 2611.0
1219780 2610.8
1219790 2610.8
1219800 2610.8
1219810 2610.7
1219820 2610.4
1219830 2610.4
1219840 2610.4
1219850 2610.4
1219860 2610.4
1219870 2610.3
1219880 2610.3
1219890 2611.9
1219900 2620.7
1219910 2620.7
1219920 2626.4
1219930 2627.2
1219940 2627.2
1219950 2626.1
1219960 2623.5
1219970 2620.3
1219980 2620.3
1219990 2617.7
