1200000 2759.7
1200010 2759.9
1200020 2760.8
1200030 2760.8
1200040 2763.0
1200050 2765.4
1200060 2765.4
1200070 2768.9
1200080 2772.7
1200090 2772.7
1200100 2776.5
1200110 2780.5
1200120 2780.5
1200130 2784.0
1200140 2789.9
1200150 2797.5
1200160 2797.5
1200170 2803.7
1200180 2808.7
1200190 2808.7
1200200 2811.6
1200210 2814.5
1200220 2814.5
1200230 2819.0
1200240 2819.7
1200250 2819.7
1200260 2820.2
1200270 2821.9
1200280 2821.9
1200290 2825.5
1200300 2830.0
1200310 2834.2
1200320 2839.3
1200330 2844.8
1200340 2844.8
1200350 2849.9
1200360 2854.2
1200370 2856.6
1200380 2856.6
1200390 2857.5
1200400 2856.6
1200410 2856.6
1200420 2854.6
1200430 2854.3
1200440 2854.3
1200450 2855.3
1200460 2856.7
1200470 2856.7
1200480 2858.1
1200490 2859.0
1200500 2859.0
1200510 2860.3
1200520 2862.0
1200530 2862.0
1200540 2862.8
1200550 2864.4
1200560 2866.8
1200570 2866.8
1200580 2873.6
1200590 2886.4
1200600 2886.4
1200610 2901.0
1200620 2925.1
1200630 2925.1
1200640 2944.3
1200650 2953.5
1200660 2953.5
1200670 2960.8
1200680 2968.8
1200690 2968.8
1200700 2975.3
1200710 2979.1
1200720 2979.1
1200730 2981.3
1200740 2983.5
1200750 2984.8
1200760 2984.8
1200770 2991.6
1200780 2997.6
1200790 2997.6
1200800 3002.2
1200810 3006.2
1200820 3006.2
1200830 3011.1
1200840 3016.3
1200850 3016.3
1200860 3021.9
1200870 3027.3
1200880 3027.3
1200890 3032.8
1200900 3038.1
1200910 3038.1
1200920 3043.7
1200930 3049.4
1200940 3055.9
1200950 3055.9
1200960 3063.3
1200970 3072.8
1200980 3072.8
1200990 3083.5
1201000 3095.0
1201010 3095.0
1201020 3101.3
1201030 3108.8
1201040 3108.8
1201050 3120.9
1201060 3132.0
1201070 3132.0
1201080 3139.5
1201090 3147.8
1201100 3147.8
1201110 3157.2
1201120 3165.2
1201130 3173.2
1201140 3173.2
1201150 3181.6
1201160 3191.8
1201170 3191.8
1201180 3203.0
1201190 3215.9
1201200 3220.9
1201210 3231.9
1201220 3225.8
1201230 3225.8
1201240 3214.5
1201250 3204.9
1201260 3204.9
1201270 3198.9
1201280 3192.9
1201290 3192.9
1201300 3188.5
1201310 3187.5
1201320 3187.5
1201330 3187.5
1201340 3185.5
1201350 3181.5
1201360 3181.5
1201370 3176.2
1201380 3171.7
1201390 3171.7
1201400 3168.1
1201410 3168.1
1201420 3168.1
1201430 3166.5
1201440 3164.2
1201450 3164.2
1201460 3164.3
1201470 3166.3
1201480 3166.3
1201490 3170.0
1201500 3176.6
1201510 3176.6
1201520 3184.1
1201530 3189.6
1201540 3199.6
1201550 3199.6
1201560 3209.5
1201570 3219.7
1201580 3219.7
1201590 3227.9
1201600 3225.8
1201610 3225.8
1201620 3224.2
1201630 3231.1
1201640 3231.1
1201650 3223.0
1201660 3234.5
1201670 3234.5
1201680 3235.2
1201690 3232.7
1201700 3232.7
1201710 3229.5
1201720 3225.7
1201730 3221.3
1201740 3221.3
1201750 3216.5
1201760 3211.7
1201770 3211.7
1201780 3207.8
1201790 3204.5
1201800 3204.5
1201810 3199.5
1201820 3187.0
1201830 3187.0
1201840 3181.9
1201850 3182.3
1201860 3182.3
1201870 3173.2
1201880 3154.8
1201890 3154.8
1201900 3143.1
1201910 3139.3
1201920 3141.1
1201930 3141.1
1201940 3142.6
1201950 3139.6
1201960 3139.6
1201970 3124.0
1201980 3110.9
1201990 3110.9
1202000 3108.3
1202010 3110.4
1202020 3110.4
1202030 3098.3
1202040 3091.7
1202050 3091.7
1202060 3090.3
1202070 3090.9
1202080 3090.9
1202090 3075.6
1202100 3078.0
1202110 3078.0
1202120 3075.9
1202130 3070.8
1202140 3064.8
1202150 3064.8
1202160 3061.6
1202170 3070.3
1202180 3070.3
1202190 3074.3
1202200 3072.0
1202210 3072.0
1202220 3067.6
1202230 3059.4
1202240 3059.4
1202250 3050.2
1202260 3040.3
1202270 3040.3
1202280 3030.9
1202290 3021.7
1202300 3021.7
1202310 3012.8
1202320 3001.0
1202330 2987.8
1202340 2987.8
1202350 2977.7
1202360 2968.7
1202370 2968.7
1202380 2959.8
1202390 2948.5
1202400 2948.5
1202410 2936.3
1202420 2924.6
1202430 2924.6
1202440 2914.9
1202450 2907.4
1202460 2907.4
1202470 2900.4
1202480 2894.4
1202490 2894.4
1202500 2888.5
1202510 2880.6
1202520 2873.1
1202530 2873.1
1202540 2863.4
1202550 2856.1
1202560 2856.1
1202570 2849.8
1202580 2844.2
1202590 2844.2
1202600 2837.4
1202610 2831.2
1202620 2831.2
1202630 2825.1
1202640 2819.2
1202650 2819.2
1202660 2813.9
1202670 2809.0
1202680 2809.0
1202690 2804.9
1202700 2801.1
1202710 2798.3
1202720 2798.3
1202730 2795.6
1202740 2791.7
1202750 2791.7
1202760 2788.6
1202770 2784.3
1202780 2784.3
1202790 2781.6
1202800 2778.8
1202810 2778.8
1202820 2775.5
1202830 2774.9
1202840 2774.9
1202850 2773.9
1202860 2772.6
1202870 2772.6
1202880 2770.7
1202890 2769.8
1202900 2769.8
1202910 2769.2
1202920 2768.4
1202930 2767.3
1202940 2767.3
1202950 2766.4
1202960 2765.8
1202970 2765.8
1202980 2765.7
1202990 2766.9
1203000 2766.9
1203010 2767.3
1203020 2765.7
1203030 2765.7
1203040 2764.4
1203050 2764.0
1203060 2764.0
1203070 2764.0
1203080 2762.0
1203090 2762.0
1203100 2759.4
1203110 2758.1
1203120 2757.9
1203130 2757.9
1203140 2757.8
1203150 2756.9
1203160 2756.9
1203170 2755.5
1203180 2751.9
1203190 2751.9
1203200 2747.9
1203210 2745.5
1203220 2745.5
1203230 2742.4
1203240 2735.6
1203250 2735.6
1203260 2724.4
1203270 2715.2
1203280 2715.2
1203290 2706.5
1203300 2698.9
1203310 2694.4
1203320 2694.4
1203330 2691.5
1203340 2687.9
1203350 2687.9
1203360 2684.5
1203370 2682.4
1203380 2682.4
1203390 2680.8
1203400 2679.3
1203410 2679.3
1203420 2677.5
1203430 2676.4
1203440 2676.2
1203450 2675.2
1203460 2674.1
1203470 2674.1
1203480 2673.6
1203490 2674.0
1203500 2674.4
1203510 2674.4
1203520 2675.1
1203530 2676.2
1203540 2676.2
1203550 2677.5
1203560 2679.5
1203570 2679.5
1203580 2682.2
1203590 2684.2
1203600 2684.2
1203610 2685.3
1203620 2687.3
1203630 2687.3
1203640 2689.9
1203650 2692.3
1203660 2692.3
1203670 2694.9
1203680 2696.9
1203690 2696.9
1203700 2697.8
1203710 2696.5
1203720 2695.0
1203730 2695.0
1203740 2693.7
1203750 2692.1
1203760 2692.1
1203770 2691.1
1203780 2688.8
1203790 2688.8
1203800 2685.2
1203810 2680.1
1203820 2680.1
1203830 2672.6
1203840 2664.5
1203850 2664.5
1203860 2657.6
1203870 2652.4
1203880 2652.4
1203890 2640.5
1203900 2637.1
1203910 2630.6
1203920 2630.6
1203930 2622.2
1203940 2612.8
1203950 2612.8
1203960 2605.1
1203970 2601.0
1203980 2601.0
1203990 2599.4
1204000 2597.7
1204010 2597.7
1204020 2596.8
1204030 2595.3
1204040 2595.3
1204050 2592.1
1204060 2588.8
1204070 2588.8
1204080 2585.3
1204090 2583.0
1204100 2582.1
1204110 2582.1
1204120 2580.2
1204130 2577.6
1204140 2577.6
1204150 2574.8
1204160 2572.8
1204170 2572.8
1204180 2571.2
1204190 2569.3
1204200 2569.3
1204210 2567.4
1204220 2565.5
1204230 2565.5
1204240 2563.3
1204250 2561.1
1204260 2561.1
1204270 2559.4
1204280 2557.2
1204290 2554.7
1204300 2554.7
1204310 2551.3
1204320 2547.1
1204330 2547.1
1204340 2544.6
1204350 2544.2
1204360 2544.2
1204370 2542.1
1204380 2538.5
1204390 2538.5
1204400 2534.0
1204410 2528.7
1204420 2528.7
1204430 2523.5
1204440 2520.1
1204450 2520.1
1204460 2518.7
1204470 2515.3
1204480 2515.3
1204490 2511.9
1204500 2509.2
1204510 2506.7
1204520 2506.7
1204530 2503.8
1204540 2501.5
1204550 2501.5
1204560 2498.5
1204570 2494.5
1204580 2494.5
1204590 2490.9
1204600 2488.1
1204610 2488.1
1204620 2484.0
1204630 2480.3
1204640 2480.3
1204650 2477.4
1204660 2469.9
1204670 2469.9
1204680 2462.1
1204690 2455.8
1204700 2449.3
1204710 2449.3
1204720 2442.3
1204730 2436.5
1204740 2436.5
1204750 2432.8
1204760 2429.5
1204770 2429.5
1204780 2425.7
1204790 2421.3
1204800 2421.3
1204810 2419.8
1204820 2416.2
1204830 2416.2
1204840 2410.8
1204850 2403.8
1204860 2403.8
1204870 2397.0
1204880 2391.9
1204890 2387.0
1204900 2387.0
1204910 2382.8
1204920 2379.2
1204930 2379.2
1204940 2375.8
1204950 2372.6
1204960 2372.6
1204970 2369.4
1204980 2366.2
1204990 2366.2
1205000 2361.6
1205010 2357.4
1205020 2357.4
1205030 2354.8
1205040 2352.2
1205050 2352.2
1205060 2349.3
1205070 2346.6
1205080 2344.5
1205090 2344.5
1205100 2339.7
1205110 2331.1
1205120 2331.1
1205130 2321.3
1205140 2311.9
1205150 2311.9
1205160 2303.2
1205170 2296.2
1205180 2296.2
1205190 2289.3
1205200 2282.6
1205210 2282.6
1205220 2275.4
1205230 2267.8
1205240 2267.8
1205250 2256.9
1205260 2249.0
1205270 2249.0
1205280 2242.3
1205290 2236.0
1205300 2231.1
1205310 2231.1
1205320 2225.9
1205330 2219.4
1205340 2219.4
1205350 2212.6
1205360 2205.5
1205370 2205.5
1205380 2197.5
1205390 2190.1
1205400 2190.1
1205410 2183.2
1205420 2176.4
1205430 2176.4
1205440 2169.3
1205450 2161.7
1205460 2161.7
1205470 2153.0
1205480 2143.3
1205490 2133.5
1205500 2133.5
1205510 2126.4
1205520 2120.7
1205530 2120.7
1205540 2115.4
1205550 2109.9
1205560 2109.9
1205570 2103.7
1205580 2095.6
1205590 2095.6
1205600 2087.7
1205610 2080.7
1205620 2080.7
1205630 2074.0
1205640 2068.3
1205650 2068.3
1205660 2063.3
1205670 2058.5
1205680 2053.2
1205690 2053.2
1205700 2043.5
1205710 2038.0
1205720 2038.0
1205730 2031.3
1205740 2026.1
1205750 2026.1
1205760 2021.2
1205770 2016.0
1205780 2016.0
1205790 2010.3
1205800 2005.1
1205810 2005.1
1205820 2002.0
1205830 2001.7
1205840 2001.7
1205850 2001.4
1205860 2001.2
1205870 2003.1
1205880 2003.1
1205890 2004.4
1205900 2005.6
1205910 2005.6
1205920 2007.0
1205930 2008.3
1205940 2008.3
1205950 2009.2
1205960 2010.4
1205970 2010.4
1205980 2011.4
1205990 2012.4
1206000 2012.4
1206010 2013.3
1206020 2014.8
1206030 2014.8
1206040 2016.7
1206050 2019.4
1206060 2021.0
1206070 2021.0
1206080 2022.3
1206090 2023.6
1206100 2023.6
1206110 2025.6
1206120 2027.8
1206130 2027.8
1206140 2030.2
1206150 2034.8
1206160 2034.8
1206170 2038.0
1206180 2041.6
1206190 2041.6
1206200 2043.5
1206210 2045.5
1206220 2045.5
1206230 2046.4
1206240 2048.7
1206250 2048.7
1206260 2050.1
1206270 2051.8
1206280 2054.6
1206290 2054.6
1206300 2055.8
1206310 2057.8
1206320 2057.8
1206330 2059.0
1206340 2060.5
1206350 2060.5
1206360 2061.4
1206370 2062.2
1206380 2062.2
1206390 2061.6
1206400 2062.6
1206410 2062.6
1206420 2062.7
1206430 2064.5
1206440 2064.5
1206450 2067.0
1206460 2070.3
1206470 2074.1
1206480 2074.1
1206490 2077.4
1206500 2084.0
1206510 2084.0
1206520 2092.3
1206530 2099.7
1206540 2099.7
1206550 2105.7
1206560 2111.0
1206570 2111.0
1206580 2117.4
1206590 2124.8
1206600 2124.8
1206610 2139.5
1206620 2148.1
1206630 2148.1
1206640 2154.9
1206650 2161.9
1206660 2168.9
1206670 2168.9
1206680 2176.7
1206690 2185.0
1206700 2185.0
1206710 2193.4
1206720 2200.7
1206730 2200.7
1206740 2208.2
1206750 2215.9
1206760 2215.9
1206770 2224.5
1206780 2237.0
1206790 2237.0
1206800 2245.8
1206810 2253.9
1206820 2253.9
1206830 2260.7
1206840 2268.1
1206850 2275.0
1206860 2275.0
1206870 2281.5
1206880 2287.8
1206890 2287.8
1206900 2293.7
1206910 2299.1
1206920 2299.1
1206930 2306.0
1206940 2313.7
1206950 2313.7
1206960 2322.3
1206970 2330.8
1206980 2330.8
1206990 2339.3
1207000 2351.5
1207010 2351.5
1207020 2369.1
1207030 2386.3
1207040 2386.3
1207050 2400.7
1207060 2424.5
1207070 2425.4
1207080 2425.4
1207090 2418.5
1207100 2429.2
1207110 2429.2
1207120 2442.2
1207130 2445.9
1207140 2445.9
1207150 2445.6
1207160 2451.3
1207170 2451.3
1207180 2457.0
1207190 2463.1
1207200 2463.1
1207210 2465.3
1207220 2467.7
1207230 2467.7
1207240 2469.6
1207250 2475.2
1207260 2490.7
1207270 2490.7
1207280 2503.1
1207290 2508.3
1207300 2508.3
1207310 2522.0
1207320 2531.4
1207330 2531.4
1207340 2534.1
1207350 2537.0
1207360 2537.0
1207370 2539.8
1207380 2542.8
1207390 2542.8
1207400 2545.5
1207410 2546.5
1207420 2546.5
1207430 2547.2
1207440 2547.4
1207450 2545.6
1207460 2545.6
1207470 2541.3
1207480 2537.3
1207490 2537.3
1207500 2534.6
1207510 2534.5
1207520 2542.4
1207530 2544.9
1207540 2548.1
1207550 2548.1
1207560 2549.6
1207570 2551.1
1207580 2551.1
1207590 2553.1
1207600 2558.0
1207610 2558.0
1207620 2568.9
1207630 2581.3
1207640 2592.0
1207650 2592.0
1207660 2603.3
1207670 2614.4
1207680 2614.4
1207690 2619.9
1207700 2626.6
1207710 2626.6
1207720 2631.8
1207730 2638.0
1207740 2638.0
1207750 2646.2
1207760 2648.5
1207770 2648.5
1207780 2655.2
1207790 2664.9
1207800 2664.9
1207810 2665.9
1207820 2659.4
1207830 2659.4
1207840 2655.4
1207850 2650.0
1207860 2645.0
1207870 2645.0
1207880 2639.7
1207890 2635.2
1207900 2635.2
1207910 2635.3
1207920 2634.8
1207930 2634.8
1207940 2633.6
1207950 2632.7
1207960 2632.7
1207970 2632.1
1207980 2640.5
1207990 2640.5
1208000 2642.1
1208010 2641.7
1208020 2641.7
1208030 2641.3
1208040 2641.7
1208050 2642.9
1208060 2642.9
1208070 2645.8
1208080 2648.7
1208090 2648.7
1208100 2652.9
1208110 2658.9
1208120 2658.9
1208130 2663.5
1208140 2674.0
1208150 2674.0
1208160 2694.2
1208170 2710.2
1208180 2710.2
1208190 2721.7
1208200 2730.2
1208210 2730.2
1208220 2735.8
1208230 2738.4
1208240 2761.7
1208250 2761.7
1208260 2784.0
1208270 2800.0
1208280 2800.0
1208290 2814.6
1208300 2820.4
1208310 2820.4
1208320 2825.2
1208330 2826.7
1208340 2826.7
1208350 2823.9
1208360 2823.4
1208370 2823.4
1208380 2825.5
1208390 2830.3
1208400 2830.3
1208410 2834.4
1208420 2842.3
1208430 2858.2
1208440 2858.2
1208450 2860.3
1208460 2862.3
1208470 2862.3
1208480 2854.3
1208490 2853.3
1208500 2853.3
1208510 2858.5
1208520 2869.7
1208530 2869.7
1208540 2887.2
1208550 2895.8
1208560 2895.8
1208570 2898.6
1208580 2900.0
1208590 2900.0
1208600 2902.0
1208610 2906.0
1208620 2910.5
1208630 2910.5
1208640 2915.7
1208650 2919.8
1208660 2919.8
1208670 2922.9
1208680 2927.7
1208690 2927.7
1208700 2930.7
1208710 2934.5
1208720 2934.5
1208730 2936.9
1208740 2938.5
1208750 2938.5
1208760 2940.5
1208770 2944.2
1208780 2944.2
1208790 2943.9
1208800 2946.9
1208810 2946.9
1208820 2954.0
1208830 2960.1
1208840 2963.3
1208850 2963.3
1208860 2966.4
1208870 2967.9
1208880 2967.9
1208890 2974.6
1208900 2974.2
1208910 2974.2
1208920 2971.8
1208930 2971.3
1208940 2971.3
1208950 2975.4
1208960 2979.2
1208970 2979.2
1208980 2980.4
1208990 2981.7
1209000 2981.7
1209010 2983.1
1209020 2986.6
1209030 2993.5
1209040 2993.5
1209050 3001.4
1209060 3009.0
1209070 3009.0
1209080 3017.2
1209090 3027.0
1209100 3027.0
1209110 3035.8
1209120 3045.1
1209130 3045.1
1209140 3050.5
1209150 3051.8
1209160 3051.8
1209170 3053.5
1209180 3056.2
1209190 3056.2
1209200 3061.7
1209210 3065.1
1209220 3065.4
1209230 3065.4
1209240 3065.6
1209250 3067.0
1209260 3067.0
1209270 3072.0
1209280 3077.9
1209290 3077.9
1209300 3082.9
1209310 3086.1
1209320 3086.1
1209330 3087.5
1209340 3090.0
1209350 3099.9
1209360 3102.3
1209370 3109.7
1209380 3109.7
1209390 3120.4
1209400 3132.1
1209410 3146.5
1209420 3146.5
1209430 3152.0
1209440 3152.6
1209450 3152.6
1209460 3151.2
1209470 3149.5
1209480 3149.5
1209490 3147.4
1209500 3144.7
1209510 3144.7
1209520 3142.8
1209530 3141.5
1209540 3141.5
1209550 3140.4
1209560 3138.5
1209570 3138.5
1209580 3136.3
1209590 3134.4
1209600 3134.4
1209610 3132.6
1209620 3132.1
1209630 3131.6
1209640 3131.6
1209650 3130.2
1209660 3123.5
1209670 3123.5
1209680 3113.5
1209690 3102.5
1209700 3102.5
1209710 3093.4
1209720 3090.5
1209730 3090.5
1209740 3085.6
1209750 3078.6
1209760 3078.6
1209770 3071.5
1209780 3064.9
1209790 3064.9
1209800 3059.1
1209810 3050.8
1209820 3046.0
1209830 3046.0
1209840 3042.7
1209850 3039.3
1209860 3039.3
1209870 3035.9
1209880 3032.8
1209890 3032.8
1209900 3028.5
1209910 3025.8
1209920 3025.8
1209930 3019.4
1209940 3005.2
1209950 3005.2
1209960 2987.6
1209970 2973.0
1209980 2973.0
1209990 2962.7
1210000 2955.5
1210010 2948.4
1210020 2948.4
1210030 2941.7
1210040 2936.9
1210050 2936.9
1210060 2933.8
1210070 2931.4
1210080 2931.4
1210090 2929.6
1210100 2927.9
1210110 2927.9
1210120 2926.0
1210130 2923.6
1210140 2923.6
1210150 2921.1
1210160 2919.0
1210170 2919.0
1210180 2917.3
1210190 2915.1
1210200 2912.9
1210210 2912.9
1210220 2910.7
1210230 2908.3
1210240 2908.3
1210250 2905.9
1210260 2903.4
1210270 2904.0
1210280 2901.6
1210290 2899.3
1210300 2899.3
1210310 2897.1
1210320 2895.0
1210330 2895.0
1210340 2892.7
1210350 2890.4
1210360 2890.4
1210370 2888.2
1210380 2886.1
1210390 2886.1
1210400 2884.3
1210410 2882.8
1210420 2882.3
1210430 2882.3
1210440 2883.6
1210450 2885.0
1210460 2885.0
1210470 2885.8
1210480 2886.1
1210490 2886.1
1210500 2886.3
1210510 2886.4
1210520 2886.4
1210530 2886.0
1210540 2884.8
1210550 2884.8
1210560 2883.3
1210570 2881.7
1210580 2881.7
1210590 2880.3
1210600 2879.7
1210610 2879.3
1210620 2879.3
1210630 2878.7
1210640 2878.1
1210650 2878.1
1210660 2877.4
1210670 2876.9
1210680 2876.9
1210690 2875.9
1210700 2875.1
1210710 2875.1
1210720 2873.9
1210730 2869.3
1210740 2869.3
1210750 2867.5
1210760 2865.2
1210770 2865.2
1210780 2863.1
1210790 2862.7
1210800 2865.7
1210810 2865.7
1210820 2870.2
1210830 2870.8
1210840 2870.8
1210850 2870.6
1210860 2870.1
1210870 2870.1
1210880 2869.4
1210890 2870.1
1210900 2870.1
1210910 2869.9
1210920 2869.0
1210930 2869.0
1210940 2870.0
1210950 2872.4
1210960 2872.4
1210970 2874.0
1210980 2874.4
1210990 2875.0
1211000 2875.0
1211010 2875.8
1211020 2875.1
1211030 2875.1
1211040 2874.1
1211050 2872.8
1211060 2872.8
1211070 2873.1
1211080 2874.1
1211090 2874.1
1211100 2874.1
1211110 2873.5
1211120 2873.5
1211130 2872.5
1211140 2869.9
1211150 2869.9
1211160 2865.8
1211170 2863.5
1211180 2860.0
1211190 2860.0
1211200 2854.4
1211210 2853.7
1211220 2853.7
1211230 2854.5
1211240 2857.4
1211250 2857.4
1211260 2859.5
1211270 2861.9
1211280 2861.9
1211290 2867.3
1211300 2878.3
1211310 2878.3
1211320 2883.1
1211330 2885.8
1211340 2885.8
1211350 2886.7
1211360 2887.1
1211370 2887.1
1211380 2894.0
1211390 2903.0
1211400 2905.5
1211410 2905.5
1211420 2906.0
1211430 2905.7
1211440 2905.7
1211450 2905.6
1211460 2908.3
1211470 2908.3
1211480 2911.7
1211490 2910.1
1211500 2910.1
1211510 2907.4
1211520 2906.7
1211530 2906.7
1211540 2907.6
1211550 2911.1
1211560 2911.1
1211570 2912.2
1211580 2912.9
1211590 2911.3
1211600 2911.3
1211610 2907.6
1211620 2901.9
1211630 2901.9
1211640 2898.8
1211650 2898.5
1211660 2895.1
1211670 2890.8
1211680 2879.5
1211690 2879.5
1211700 2873.9
1211710 2872.1
1211720 2872.1
1211730 2870.7
1211740 2869.0
1211750 2869.0
1211760 2867.3
1211770 2866.6
1211780 2866.5
1211790 2866.5
1211800 2860.7
1211810 2857.7
1211820 2857.7
1211830 2857.9
1211840 2859.5
1211850 2859.5
1211860 2869.5
1211870 2882.8
1211880 2882.8
1211890 2885.2
1211900 2886.5
1211910 2886.5
1211920 2891.2
1211930 2892.5
1211940 2892.5
1211950 2894.2
1211960 2897.5
1211970 2902.6
1211980 2902.6
1211990 2904.4
1212000 2906.5
1212010 2906.5
1212020 2906.7
1212030 2908.2
1212040 2908.2
1212050 2909.0
1212060 2909.6
1212070 2909.6
1212080 2912.1
1212090 2915.5
1212100 2915.5
1212110 2918.6
1212120 2914.0
1212130 2914.0
1212140 2917.2
1212150 2920.2
1212160 2920.2
1212170 2921.4
1212180 2920.6
1212190 2919.7
1212200 2919.7
1212210 2915.8
1212220 2909.6
1212230 2909.6
1212240 2904.1
1212250 2899.3
1212260 2899.3
1212270 2894.7
1212280 2891.2
1212290 2891.2
1212300 2888.4
1212310 2885.5
1212320 2885.5
1212330 2882.7
1212340 2879.1
1212350 2879.1
1212360 2876.5
1212370 2874.0
1212380 2870.9
1212390 2870.9
1212400 2867.4
1212410 2864.7
1212420 2864.7
1212430 2862.8
1212440 2860.4
1212450 2860.4
1212460 2855.8
1212470 2850.8
1212480 2850.8
1212490 2846.6
1212500 2843.9
1212510 2843.9
1212520 2841.4
1212530 2837.2
1212540 2837.2
1212550 2832.9
1212560 2829.5
1212570 2826.0
1212580 2826.0
1212590 2813.8
1212600 2807.2
1212610 2807.2
1212620 2801.8
1212630 2795.9
1212640 2795.9
1212650 2790.1
1212660 2784.0
1212670 2784.0
1212680 2779.5
1212690 2775.7
1212700 2775.7
1212710 2771.7
1212720 2761.0
1212730 2761.0
1212740 2744.7
1212750 2731.5
1212760 2724.8
1212770 2724.8
1212780 2719.0
1212790 2711.7
1212800 2711.7
1212810 2704.5
1212820 2697.2
1212830 2697.2
1212840 2689.3
1212850 2681.7
1212860 2681.7
1212870 2675.3
1212880 2669.3
1212890 2669.3
1212900 2663.7
1212910 2658.4
1212920 2658.4
1212930 2653.9
1212940 2650.9
1212950 2650.9
1212960 2648.4
1212970 2646.6
1212980 2645.2
1212990 2645.2
1213000 2644.4
1213010 2641.7
1213020 2641.7
1213030 2635.4
1213040 2624.9
1213050 2621.9
1213060 2612.2
1213070 2611.1
1213080 2611.1
1213090 2609.8
1213100 2607.4
1213110 2607.4
1213120 2604.2
1213130 2600.6
1213140 2600.6
1213150 2598.7
1213160 2597.3
1213170 2596.7
1213180 2596.7
1213190 2596.0
1213200 2595.3
1213210 2595.3
1213220 2594.4
1213230 2593.5
1213240 2593.5
1213250 2592.9
1213260 2592.6
1213270 2592.6
1213280 2592.6
1213290 2592.7
1213300 2592.7
1213310 2593.0
1213320 2593.3
1213330 2593.3
1213340 2593.4
1213350 2593.3
1213360 2593.5
1213370 2593.5
1213380 2593.8
1213390 2594.3
1213400 2594.3
1213410 2594.5
1213420 2594.7
1213430 2594.7
1213440 2594.8
1213450 2594.7
1213460 2594.7
1213470 2594.8
1213480 2595.1
1213490 2595.1
1213500 2595.2
1213510 2595.6
1213520 2598.5
1213530 2598.9
1213540 2598.4
1213550 2597.3
1213560 2597.3
1213570 2597.6
1213580 2597.7
1213590 2597.7
1213600 2597.9
1213610 2597.7
1213620 2597.7
1213630 2597.3
1213640 2596.9
1213650 2596.9
1213660 2596.3
1213670 2595.6
1213680 2595.6
1213690 2595.1
1213700 2594.6
1213710 2594.6
1213720 2594.5
1213730 2595.2
1213740 2596.5
1213750 2596.5
1213760 2599.1
1213770 2602.3
1213780 2602.3
1213790 2605.2
1213800 2609.1
1213810 2609.1
1213820 2614.2
1213830 2618.6
1213840 2618.6
1213850 2622.7
1213860 2627.0
1213870 2627.0
1213880 2630.5
1213890 2632.4
1213900 2632.4
1213910 2630.7
1213920 2628.7
1213930 2628.7
1213940 2626.3
1213950 2626.3
1213960 2627.3
1213970 2627.3
1213980 2629.8
1213990 2631.6
1214000 2631.6
1214010 2635.9
1214020 2642.9
1214030 2642.9
1214040 2649.2
1214050 2653.3
1214060 2653.3
1214070 2656.7
1214080 2660.1
1214090 2660.1
1214100 2661.7
1214110 2665.0
1214120 2665.0
1214130 2669.5
1214140 2674.4
1214150 2679.5
1214160 2679.5
1214170 2682.9
1214180 2685.3
1214190 2685.3
1214200 2688.4
1214210 2692.0
1214220 2692.0
1214230 2696.4
1214240 2701.8
1214250 2701.8
1214260 2708.1
1214270 2715.5
1214280 2715.5
1214290 2723.6
1214300 2731.9
1214310 2731.9
1214320 2740.0
1214330 2746.9
1214340 2752.2
1214350 2752.2
1214360 2759.6
1214370 2777.4
1214380 2777.4
1214390 2788.7
1214400 2799.5
1214410 2799.5
1214420 2812.2
1214430 2826.3
1214440 2826.3
1214450 2849.7
1214460 2844.3
1214470 2844.3
1214480 2835.0
1214490 2824.6
1214500 2824.6
1214510 2822.0
1214520 2834.9
1214530 2864.4
1214540 2864.4
1214550 2894.1
1214560 2901.4
1214570 2901.4
1214580 2904.2
1214590 2935.6
1214600 2935.6
1214610 2970.7
1214620 2988.6
1214630 2988.6
1214640 3002.9
1214650 3004.0
1214660 3004.0
1214670 2999.6
1214680 2994.8
1214690 2994.8
1214700 2987.3
1214710 2976.1
1214720 2976.1
1214730 2967.0
1214740 2961.7
1214750 2957.7
1214760 2957.7
1214770 2955.7
1214780 2955.5
1214790 2955.5
1214800 2954.9
1214810 2953.5
1214820 2953.5
1214830 2952.4
1214840 2951.4
1214850 2951.4
1214860 2950.7
1214870 2950.0
1214880 2950.0
1214890 2949.1
1214900 2948.4
1214910 2948.4
1214920 2952.4
1214930 2951.8
1214940 2951.2
1214950 2951.2
1214960 2950.5
1214970 2950.0
1214980 2950.0
1214990 2949.8
1215000 2949.2
1215010 2949.2
1215020 2948.9
1215030 2949.3
1215040 2949.3
1215050 2949.8
1215060 2950.5
1215070 2950.5
1215080 2950.8
1215090 2949.4
1215100 2949.4
1215110 2948.1
1215120 2949.6
1215130 2951.5
1215140 2951.5
1215150 2952.9
1215160 2953.9
1215170 2953.9
1215180 2956.0
1215190 2958.1
1215200 2958.1
1215210 2960.6
1215220 2963.4
1215230 2963.4
1215240 2966.5
1215250 2968.5
1215260 2968.5
1215270 2969.5
1215280 2971.1
1215290 2971.1
1215300 2973.7
1215310 2975.4
1215320 2977.6
1215330 2977.6
1215340 2977.7
1215350 2977.2
1215360 2977.2
1215370 2978.5
1215380 2979.7
1215390 2982.9
1215400 2983.9
1215410 2983.6
1215420 2983.6
1215430 2986.4
1215440 2988.9
1215450 2988.9
1215460 2990.6
1215470 2992.2
1215480 2992.2
1215490 2993.4
1215500 2994.4
1215510 2995.1
1215520 2995.1
1215530 2995.6
1215540 2996.6
1215550 2996.6
1215560 2998.3
1215570 2999.3
1215580 2999.3
1215590 2999.5
1215600 2998.5
1215610 2998.5
1215620 2997.5
1215630 2998.3
1215640 2998.3
1215650 2998.5
1215660 2998.4
1215670 2998.4
1215680 2998.3
1215690 2998.8
1215700 2998.8
1215710 3000.5
1215720 3003.5
1215730 3006.9
1215740 3006.9
1215750 3018.1
1215760 3052.7
1215770 3052.7
1215780 3082.8
1215790 3101.2
1215800 3101.2
1215810 3103.3
1215820 3101.2
1215830 3101.2
1215840 3101.0
1215850 3100.5
1215860 3106.4
1215870 3106.4
1215880 3106.7
1215890 3106.7
1215900 3107.4
1215910 3108.6
1215920 3110.1
1215930 3110.1
1215940 3111.7
1215950 3114.0
1215960 3114.0
1215970 3116.8
1215980 3119.8
1215990 3119.8
1216000 3122.7
1216010 3125.3
1216020 3125.3
1216030 3127.9
1216040 3131.2
1216050 3131.2
1216060 3134.5
1216070 3136.3
1216080 3136.3
1216090 3136.5
1216100 3135.7
1216110 3136.0
1216120 3136.0
1216130 3136.5
1216140 3136.7
1216150 3136.7
1216160 3136.7
1216170 3136.6
1216180 3136.6
1216190 3136.7
1216200 3137.0
1216210 3137.0
1216220 3137.1
1216230 3136.8
1216240 3136.8
1216250 3136.9
1216260 3137.2
1216270 3137.2
1216280 3137.1
1216290 3136.5
1216300 3135.8
1216310 3135.8
1216320 3135.4
1216330 3137.3
1216340 3137.3
1216350 3137.2
1216360 3136.4
1216370 3136.4
1216380 3136.0
1216390 3135.3
1216400 3135.3
1216410 3133.9
1216420 3132.3
1216430 3132.3
1216440 3131.1
1216450 3129.6
1216460 3129.6
1216470 3127.4
1216480 3125.0
1216490 3125.0
1216500 3122.5
1216510 3119.9
1216520 3117.5
1216530 3117.5
1216540 3115.2
1216550 3112.5
1216560 3112.5
1216570 3110.3
1216580 3107.3
1216590 3107.3
1216600 3104.6
1216610 3101.3
1216620 3101.3
1216630 3097.9
1216640 3094.8
1216650 3094.8
1216660 3092.6
1216670 3091.3
1216680 3091.3
1216690 3091.3
1216700 3091.8
1216710 3093.0
1216720 3093.0
1216730 3094.9
1216740 3097.0
1216750 3097.0
1216760 3099.0
1216770 3100.4
1216780 3100.4
1216790 3101.7
1216800 3117.1
1216810 3117.1
1216820 3124.0
1216830 3130.0
1216840 3130.0
1216850 3134.0
1216860 3134.0
1216870 3134.0
1216880 3134.3
1216890 3140.0
1216900 3151.6
1216910 3151.6
1216920 3160.6
1216930 3167.2
1216940 3167.2
1216950 3174.9
1216960 3183.9
1216970 3183.9
1216980 3189.5
1216990 3187.5
1217000 3187.5
1217010 3184.1
1217020 3180.3
1217030 3180.3
1217040 3177.2
1217050 3174.7
1217060 3174.7
1217070 3172.0
1217080 3169.5
1217090 3166.8
1217100 3166.8
1217110 3164.2
1217120 3161.7
1217130 3161.7
1217140 3159.2
1217150 3156.8
1217160 3156.8
1217170 3155.0
1217180 3154.2
1217190 3154.2
1217200 3153.3
1217210 3151.8
1217220 3151.8
1217230 3149.1
1217240 3145.0
1217250 3145.0
1217260 3139.9
1217270 3134.3
1217280 3128.4
1217290 3128.4
1217300 3122.3
1217310 3116.4
1217320 3116.4
1217330 3110.4
1217340 3104.3
1217350 3104.3
1217360 3097.1
1217370 3088.1
1217380 3088.1
1217390 3076.8
1217400 3069.1
1217410 3069.1
1217420 3063.9
1217430 3058.1
1217440 3058.1
1217450 3051.3
1217460 3045.5
1217470 3045.5
1217480 3040.0
1217490 3035.6
1217500 3031.5
1217510 3031.5
1217520 3026.3
1217530 3020.7
1217540 3020.7
1217550 3016.2
1217560 3012.1
1217570 3012.1
1217580 3009.4
1217590 3006.7
1217600 3006.7
1217610 3002.3
1217620 2997.4
1217630 2997.4
1217640 2995.8
1217650 2993.9
1217660 2993.9
1217670 2992.9
1217680 2993.0
1217690 2990.6
1217700 2990.6
1217710 2987.1
1217720 2981.2
1217730 2981.2
1217740 2976.7
1217750 2975.3
1217760 2975.3
1217770 2972.6
1217780 2969.6
1217790 2969.6
1217800 2966.3
1217810 2962.8
1217820 2962.8
1217830 2961.6
1217840 2960.8
1217850 2960.8
1217860 2961.5
1217870 2963.0
1217880 2965.0
1217890 2965.0
1217900 2966.6
1217910 2968.0
1217920 2968.0
1217930 2969.3
1217940 2969.2
1217950 2969.2
1217960 2968.8
1217970 2969.1
1217980 2969.1
1217990 2971.1
1218000 2973.5
1218010 2973.5
1218020 2976.3
1218030 2978.9
1218040 2978.9
1218050 2982.6
1218060 2992.4
1218070 2998.3
1218080 2998.3
1218090 3001.1
1218100 3002.4
1218110 3002.4
1218120 3001.2
1218130 2998.0
1218140 2998.0
1218150 2993.0
1218160 2986.3
1218170 2986.3
1218180 2978.4
1218190 2972.0
1218200 2972.0
1218210 2967.5
1218220 2964.4
1218230 2964.4
1218240 2961.5
1218250 2961.2
1218260 2961.2
1218270 2958.6
1218280 2956.7
1218290 2955.6
1218300 2955.6
1218310 2952.7
1218320 2950.0
1218330 2950.0
1218340 2947.0
1218350 2943.8
1218360 2943.8
1218370 2941.9
1218380 2940.3
1218390 2940.3
1218400 2937.8
1218410 2934.6
1218420 2934.6
1218430 2931.9
1218440 2930.2
1218450 2930.2
1218460 2929.0
1218470 2928.7
1218480 2927.0
1218490 2927.0
1218500 2925.7
1218510 2924.5
1218520 2924.5
1218530 2923.9
1218540 2923.9
1218550 2923.9
1218560 2924.4
1218570 2925.6
1218580 2925.6
1218590 2926.4
1218600 2925.2
1218610 2925.2
1218620 2921.6
1218630 2917.3
1218640 2917.3
1218650 2913.9
1218660 2909.9
1218670 2905.9
1218680 2905.9
1218690 2901.7
1218700 2894.5
1218710 2894.5
1218720 2888.9
1218730 2884.3
1218740 2884.3
1218750 2880.3
1218760 2875.8
1218770 2875.8
1218780 2870.6
1218790 2869.3
1218800 2869.3
1218810 2869.1
1218820 2868.8
1218830 2868.8
1218840 2868.0
1218850 2867.5
1218860 2866.6
1218870 2866.6
1218880 2864.4
1218890 2861.3
1218900 2861.3
1218910 2857.5
1218920 2855.1
1218930 2855.1
1218940 2852.2
1218950 2851.2
1218960 2851.2
1218970 2855.1
1218980 2856.1
1218990 2856.1
1219000 2850.6
1219010 2839.8
1219020 2839.8
1219030 2826.7
1219040 2818.0
1219050 2818.0
1219060 2818.0
1219070 2814.4
1219080 2805.3
1219090 2805.3
1219100 2796.8
1219110 2793.5
1219120 2793.5
1219130 2791.5
1219140 2789.9
1219150 2789.9
1219160 2788.7
1219170 2779.7
1219180 2779.7
1219190 2777.6
1219200 2775.7
1219210 2775.7
1219220 2774.1
1219230 2773.3
1219240 2773.3
1219250 2771.6
1219260 2769.6
1219270 2768.4
1219280 2768.4
1219290 2766.9
1219300 2764.8
1219310 2764.8
1219320 2762.3
1219330 2759.5
1219340 2759.5
1219350 2758.1
1219360 2756.9
1219370 2756.9
1219380 2756.5
1219390 2757.4
1219400 2757.4
1219410 2764.5
1219420 2771.0
1219430 2771.0
1219440 2775.8
1219450 2777.8
1219460 2776.6
1219470 2776.6
1219480 2775.6
1219490 2777.1
1219500 2777.1
1219510 2780.4
1219520 2785.0
1219530 2785.0
1219540 2789.2
1219550 2790.9
1219560 2790.9
1219570 2790.1
1219580 2788.0
1219590 2788.0
1219600 2784.4
1219610 2780.3
1219620 2780.3
1219630 2778.2
1219640 2777.7
1219650 2771.2
1219660 2771.2
1219670 2771.4
1219680 2768.8
1219690 2768.8
1219700 2766.7
1219710 2765.3
1219720 2765.3
1219730 2765.6
1219740 2766.4
1219750 2766.4
1219760 2767.1
1219770 2768.3
1219780 2768.3
1219790 2768.2
1219800 2767.6
1219810 2767.6
1219820 2768.5
1219830 2771.4
1219840 2773.4
1219850 2773.4
1219860 2776.4
1219870 2779.5
1219880 2779.5
1219890 2782.8
1219900 2784.9
1219910 2784.9
1219920 2786.3
1219930 2789.3
1219940 2789.3
1219950 2788.8
1219960 2787.2
1219970 2787.2
1219980 2784.9
1219990 2782.6
