1200000 2886.8
1200010 2886.8
1200020 2892.7
1200030 2900.0
1200040 2900.0
1200050 2911.3
1200060 2930.2
1200070 2946.5
1200080 2946.5
1200090 2954.5
1200100 2961.3
1200110 2961.3
1200120 2969.6
1200130 2980.5
1200140 2980.5
1200150 2989.0
1200160 2993.7
1200170 2993.7
1200180 2997.4
1200190 3006.3
1200200 3006.3
1200210 3009.7
1200220 3013.5
1200230 3013.5
1200240 3018.0
1200250 3029.0
1200260 3040.6
1200270 3040.6
1200280 3048.9
1200290 3056.9
1200300 3056.9
1200310 3064.6
1200320 3072.8
1200330 3072.8
1200340 3077.2
1200350 3080.3
1200360 3080.3
1200370 3089.1
1200380 3101.3
1200390 3109.1
1200400 3122.2
1200410 3129.4
1200420 3129.4
1200430 3130.0
1200440 3131.9
1200450 3131.9
1200460 3139.5
1200470 3149.9
1200480 3160.2
1200490 3160.2
1200500 3166.5
1200510 3167.7
1200520 3167.7
1200530 3163.8
1200540 3150.6
1200550 3150.6
1200560 3140.8
1200570 3132.1
1200580 3132.1
1200590 3122.8
1200600 3115.2
1200610 3115.2
1200620 3109.4
1200630 3104.7
1200640 3104.7
1200650 3099.5
1200660 3094.2
1200670 3089.5
1200680 3089.5
1200690 3085.8
1200700 3082.6
1200710 3082.6
1200720 3079.7
1200730 3077.1
1200740 3077.1
1200750 3074.7
1200760 3072.5
1200770 3072.5
1200780 3070.5
1200790 3068.5
1200800 3068.5
1200810 3066.8
1200820 3065.2
1200830 3064.0
1200840 3062.4
1200850 3060.8
1200860 3060.8
1200870 3059.2
1200880 3057.6
1200890 3056.0
1200900 3056.0
1200910 3054.5
1200920 3053.0
1200930 3053.0
1200940 3051.6
1200950 3050.4
1200960 3050.4
1200970 3049.1
1200980 3047.9
1200990 3047.9
1201000 3046.7
1201010 3045.5
1201020 3045.5
1201030 3044.4
1201040 3043.3
1201050 3043.3
1201060 3042.2
1201070 3041.0
1201080 3039.8
1201090 3039.8
1201100 3038.6
1201110 3037.4
1201120 3037.4
1201130 3036.1
1201140 3034.8
1201150 3034.8
1201160 3033.5
1201170 3032.2
1201180 3032.2
1201190 3030.8
1201200 3029.5
1201210 3029.5
1201220 3028.4
1201230 3027.2
1201240 3027.2
1201250 3026.2
1201260 3025.1
1201270 3024.0
1201280 3022.6
1201290 3021.5
1201300 3020.4
1201310 3020.4
1201320 3019.3
1201330 3018.2
1201340 3018.2
1201350 3016.8
1201360 3015.3
1201370 3015.3
1201380 3013.9
1201390 3014.8
1201400 3014.8
1201410 3016.9
1201420 3018.3
1201430 3018.3
1201440 3020.5
1201450 3022.2
1201460 3022.2
1201470 3022.4
1201480 3023.9
1201490 3025.6
1201500 3025.6
1201510 3026.9
1201520 3028.0
1201530 3028.0
1201540 3030.5
1201550 3030.9
1201560 3030.9
1201570 3028.5
1201580 3027.0
1201590 3027.0
1201600 3025.6
1201610 3025.0
1201620 3025.0
1201630 3027.8
1201640 3031.4
1201650 3031.4
1201660 3034.7
1201670 3034.9
1201680 3036.0
1201690 3036.0
1201700 3035.7
1201710 3036.5
1201720 3036.5
1201730 3034.7
1201740 3037.3
1201750 3037.3
1201760 3039.0
1201770 3040.9
1201780 3040.9
1201790 3042.6
1201800 3044.0
1201810 3044.0
1201820 3044.0
1201830 3043.6
1201840 3043.6
1201850 3044.0
1201860 3044.7
1201870 3044.4
1201880 3044.4
1201890 3046.0
1201900 3049.9
1201910 3049.9
1201920 3052.1
1201930 3052.3
1201940 3052.3
1201950 3050.4
1201960 3049.6
1201970 3049.6
1201980 3050.2
1201990 3049.9
1202000 3049.9
1202010 3050.7
1202020 3051.5
1202030 3051.5
1202040 3053.8
1202050 3059.0
1202060 3059.0
1202070 3064.5
1202080 3072.2
1202090 3081.8
1202100 3081.8
1202110 3090.8
1202120 3099.9
1202130 3099.9
1202140 3107.3
1202150 3111.2
1202160 3111.2
1202170 3112.2
1202180 3120.1
1202190 3120.1
1202200 3126.8
1202210 3131.2
1202220 3131.2
1202230 3134.0
1202240 3135.3
1202250 3135.3
1202260 3131.6
1202270 3126.4
1202280 3120.9
1202290 3120.9
1202300 3115.3
1202310 3107.7
1202320 3107.7
1202330 3101.2
1202340 3097.8
1202350 3097.8
1202360 3095.2
1202370 3093.6
1202380 3093.6
1202390 3092.7
1202400 3091.8
1202410 3091.8
1202420 3091.7
1202430 3092.8
1202440 3092.8
1202450 3094.4
1202460 3096.6
1202470 3099.3
1202480 3099.3
1202490 3099.8
1202500 3100.5
1202510 3100.5
1202520 3102.5
1202530 3104.9
1202540 3104.9
1202550 3105.0
1202560 3102.2
1202570 3102.2
1202580 3098.1
1202590 3094.2
1202600 3094.2
1202610 3089.5
1202620 3082.3
1202630 3082.3
1202640 3077.7
1202650 3072.3
1202660 3072.3
1202670 3065.1
1202680 3057.5
1202690 3049.1
1202700 3049.1
1202710 3039.1
1202720 3030.2
1202730 3030.2
1202740 3021.4
1202750 3012.8
1202760 3012.8
1202770 3004.9
1202780 2998.2
1202790 2998.2
1202800 2992.6
1202810 2987.2
1202820 2987.2
1202830 2983.5
1202840 2979.8
1202850 2979.8
1202860 2975.0
1202870 2968.6
1202880 2962.8
1202890 2962.8
1202900 2962.0
1202910 2959.5
1202920 2959.5
1202930 2956.0
1202940 2951.1
1202950 2951.1
1202960 2946.7
1202970 2942.2
1202980 2942.2
1202990 2937.7
1203000 2931.8
1203010 2931.8
1203020 2927.3
1203030 2919.7
1203040 2919.7
1203050 2913.0
1203060 2910.1
1203070 2897.8
1203080 2895.1
1203090 2893.9
1203100 2893.1
1203110 2893.1
1203120 2892.2
1203130 2893.2
1203140 2893.2
1203150 2895.2
1203160 2894.6
1203170 2894.6
1203180 2887.8
1203190 2883.5
1203200 2883.5
1203210 2873.2
1203220 2864.6
1203230 2864.6
1203240 2860.7
1203250 2857.6
1203260 2857.6
1203270 2854.3
1203280 2850.4
1203290 2845.1
1203300 2845.1
1203310 2837.4
1203320 2827.2
1203330 2827.2
1203340 2816.0
1203350 2806.0
1203360 2806.0
1203370 2797.1
1203380 2787.7
1203390 2787.7
1203400 2777.7
1203410 2763.2
1203420 2763.2
1203430 2750.4
1203440 2741.1
1203450 2741.1
1203460 2731.8
1203470 2720.7
1203480 2711.5
1203490 2711.5
1203500 2697.9
1203510 2688.0
1203520 2689.7
1203530 2681.4
1203540 2673.4
1203550 2673.4
1203560 2665.3
1203570 2657.5
1203580 2657.5
1203590 2650.4
1203600 2643.6
1203610 2643.6
1203620 2637.1
1203630 2631.0
1203640 2631.0
1203650 2624.9
1203660 2619.1
1203670 2619.1
1203680 2613.5
1203690 2608.2
1203700 2603.6
1203710 2603.6
1203720 2599.0
1203730 2595.3
1203740 2595.3
1203750 2592.1
1203760 2589.6
1203770 2589.6
1203780 2588.0
1203790 2585.8
1203800 2585.8
1203810 2584.3
1203820 2581.9
1203830 2581.9
1203840 2580.0
1203850 2577.5
1203860 2577.5
1203870 2575.4
1203880 2572.9
1203890 2570.2
1203900 2570.2
1203910 2567.4
1203920 2564.1
1203930 2564.1
1203940 2561.1
1203950 2557.5
1203960 2557.5
1203970 2551.6
1203980 2545.8
1203990 2545.8
1204000 2541.9
1204010 2538.6
1204020 2538.6
1204030 2534.6
1204040 2531.4
1204050 2531.4
1204060 2530.0
1204070 2528.6
1204080 2527.0
1204090 2527.0
1204100 2525.0
1204110 2523.2
1204120 2523.2
1204130 2521.8
1204140 2520.4
1204150 2520.4
1204160 2519.1
1204170 2517.9
1204180 2517.9
1204190 2516.9
1204200 2515.6
1204210 2515.6
1204220 2514.5
1204230 2513.8
1204240 2513.8
1204250 2513.4
1204260 2513.3
1204270 2513.3
1204280 2513.3
1204290 2514.0
1204300 2514.5
1204310 2514.5
1204320 2513.9
1204330 2513.1
1204340 2513.1
1204350 2513.2
1204360 2514.2
1204370 2514.2
1204380 2515.5
1204390 2516.2
1204400 2516.2
1204410 2516.4
1204420 2517.9
1204430 2517.9
1204440 2517.1
1204450 2517.1
1204460 2517.1
1204470 2517.4
1204480 2517.8
1204490 2518.4
1204500 2518.4
1204510 2519.4
1204520 2521.3
1204530 2521.3
1204540 2525.2
1204550 2528.0
1204560 2528.0
1204570 2531.8
1204580 2536.5
1204590 2536.5
1204600 2540.0
1204610 2542.0
1204620 2542.0
1204630 2543.4
1204640 2543.2
1204650 2543.2
1204660 2543.9
1204670 2547.1
1204680 2547.1
1204690 2549.8
1204700 2549.0
1204710 2546.8
1204720 2546.8
1204730 2545.5
1204740 2547.0
1204750 2547.0
1204760 2551.9
1204770 2554.7
1204780 2554.7
1204790 2556.7
1204800 2557.4
1204810 2557.4
1204820 2557.7
1204830 2557.5
1204840 2557.5
1204850 2559.2
1204860 2561.2
1204870 2561.2
1204880 2566.4
1204890 2569.5
1204900 2571.8
1204910 2571.8
1204920 2574.7
1204930 2578.5
1204940 2578.5
1204950 2582.5
1204960 2586.8
1204970 2586.8
1204980 2591.0
1204990 2595.1
1205000 2595.1
1205010 2599.2
1205020 2603.4
1205030 2603.4
1205040 2607.4
1205050 2611.2
1205060 2611.2
1205070 2614.8
1205080 2617.6
1205090 2620.1
1205100 2620.1
1205110 2623.3
1205120 2626.5
1205130 2626.5
1205140 2631.1
1205150 2637.2
1205160 2637.2
1205170 2643.9
1205180 2650.6
1205190 2650.6
1205200 2657.7
1205210 2665.0
1205220 2665.0
1205230 2672.1
1205240 2678.9
1205250 2678.9
1205260 2688.0
1205270 2700.7
1205280 2700.7
1205290 2711.8
1205300 2722.6
1205310 2729.3
1205320 2729.3
1205330 2749.9
1205340 2756.0
1205350 2756.0
1205360 2757.8
1205370 2757.2
1205380 2757.2
1205390 2758.6
1205400 2763.6
1205410 2763.6
1205420 2769.9
1205430 2775.6
1205440 2775.6
1205450 2779.9
1205460 2783.9
1205470 2783.9
1205480 2788.6
1205490 2794.5
1205500 2799.7
1205510 2799.7
1205520 2803.2
1205530 2808.7
1205540 2808.7
1205550 2813.9
1205560 2816.6
1205570 2816.6
1205580 2818.0
1205590 2818.1
1205600 2818.1
1205610 2816.2
1205620 2812.7
1205630 2812.7
1205640 2812.2
1205650 2812.9
1205660 2812.9
1205670 2807.5
1205680 2802.7
1205690 2798.0
1205700 2798.0
1205710 2793.3
1205720 2788.6
1205730 2788.6
1205740 2785.7
1205750 2785.9
1205760 2785.9
1205770 2785.8
1205780 2781.5
1205790 2781.5
1205800 2781.4
1205810 2780.4
1205820 2780.4
1205830 2778.1
1205840 2774.8
1205850 2774.8
1205860 2770.9
1205870 2767.1
1205880 2767.1
1205890 2763.1
1205900 2758.3
1205910 2755.3
1205920 2755.3
1205930 2753.2
1205940 2751.8
1205950 2751.8
1205960 2749.7
1205970 2747.0
1205980 2747.0
1205990 2744.6
1206000 2743.4
1206010 2743.4
1206020 2741.1
1206030 2738.0
1206040 2738.0
1206050 2734.6
1206060 2731.1
1206070 2731.1
1206080 2727.0
1206090 2724.4
1206100 2722.7
1206110 2722.7
1206120 2722.1
1206130 2719.8
1206140 2719.8
1206150 2716.9
1206160 2714.3
1206170 2714.3
1206180 2712.2
1206190 2709.8
1206200 2709.8
1206210 2706.1
1206220 2702.6
1206230 2702.6
1206240 2695.1
1206250 2690.7
1206260 2690.7
1206270 2687.2
1206280 2684.7
1206290 2684.7
1206300 2682.4
1206310 2680.7
1206320 2678.6
1206330 2678.6
1206340 2676.7
1206350 2676.5
1206360 2676.5
1206370 2676.9
1206380 2676.8
1206390 2676.8
1206400 2676.4
1206410 2675.9
1206420 2675.9
1206430 2674.9
1206440 2673.1
1206450 2673.1
1206460 2670.9
1206470 2669.0
1206480 2669.0
1206490 2666.1
1206500 2662.1
1206510 2657.3
1206520 2657.3
1206530 2650.8
1206540 2642.7
1206550 2642.7
1206560 2634.6
1206570 2627.2
1206580 2627.2
1206590 2620.6
1206600 2614.3
1206610 2614.3
1206620 2608.6
1206630 2603.7
1206640 2603.7
1206650 2598.5
1206660 2592.5
1206670 2592.5
1206680 2586.9
1206690 2578.3
1206700 2573.6
1206710 2573.6
1206720 2569.7
1206730 2566.1
1206740 2566.1
1206750 2562.7
1206760 2559.7
1206770 2559.7
1206780 2556.9
1206790 2552.5
1206800 2552.5
1206810 2547.5
1206820 2543.9
1206830 2543.9
1206840 2541.9
1206850 2538.6
1206860 2538.6
1206870 2535.0
1206880 2530.2
1206890 2530.2
1206900 2525.8
1206910 2522.5
1206920 2519.5
1206930 2519.5
1206940 2515.8
1206950 2511.9
1206960 2511.9
1206970 2507.4
1206980 2502.0
1206990 2502.0
1207000 2496.3
1207010 2488.6
1207020 2488.6
1207030 2482.8
1207040 2477.3
1207050 2477.3
1207060 2469.9
1207070 2460.0
1207080 2460.0
1207090 2452.1
1207100 2446.4
1207110 2439.7
1207120 2439.7
1207130 2431.9
1207140 2424.9
1207150 2416.0
1207160 2411.0
1207170 2406.9
1207180 2406.9
1207190 2402.1
1207200 2397.5
1207210 2397.5
1207220 2392.6
1207230 2387.7
1207240 2387.7
1207250 2383.0
1207260 2377.9
1207270 2377.9
1207280 2373.3
1207290 2368.3
1207300 2361.5
1207310 2361.5
1207320 2355.0
1207330 2348.9
1207340 2348.9
1207350 2343.4
1207360 2337.5
1207370 2337.5
1207380 2330.0
1207390 2321.9
1207400 2321.9
1207410 2314.0
1207420 2307.3
1207430 2307.3
1207440 2302.0
1207450 2296.4
1207460 2296.4
1207470 2290.6
1207480 2285.8
1207490 2285.8
1207500 2281.4
1207510 2276.8
1207520 2272.4
1207530 2272.4
1207540 2269.4
1207550 2269.9
1207560 2269.9
1207570 2271.3
1207580 2270.7
1207590 2270.7
1207600 2263.3
1207610 2259.9
1207620 2259.9
1207630 2255.7
1207640 2252.0
1207650 2252.0
1207660 2248.1
1207670 2245.0
1207680 2245.0
1207690 2243.7
1207700 2240.3
1207710 2235.7
1207720 2235.7
1207730 2231.7
1207740 2228.3
1207750 2228.3
1207760 2223.1
1207770 2216.1
1207780 2216.1
1207790 2208.9
1207800 2201.8
1207810 2201.8
1207820 2194.5
1207830 2187.2
1207840 2187.2
1207850 2180.9
1207860 2175.3
1207870 2175.3
1207880 2169.0
1207890 2161.1
1207900 2152.5
1207910 2152.5
1207920 2144.3
1207930 2135.7
1207940 2135.7
1207950 2126.8
1207960 2118.9
1207970 2118.9
1207980 2110.9
1207990 2103.1
1208000 2103.1
1208010 2096.5
1208020 2090.8
1208030 2090.8
1208040 2084.8
1208050 2078.7
1208060 2073.8
1208070 2067.7
1208080 2061.7
1208090 2061.7
1208100 2055.8
1208110 2050.0
1208120 2044.7
1208130 2044.7
1208140 2039.6
1208150 2034.1
1208160 2034.1
1208170 2028.1
1208180 2022.3
1208190 2022.3
1208200 2016.7
1208210 2011.1
1208220 2011.1
1208230 2006.2
1208240 2001.7
1208250 2001.7
1208260 1996.7
1208270 1991.6
1208280 1991.6
1208290 1987.5
1208300 1983.5
1208310 1980.2
1208320 1980.2
1208330 1976.7
1208340 1973.0
1208350 1973.0
1208360 1969.4
1208370 1966.0
1208380 1966.0
1208390 1963.1
1208400 1960.4
1208410 1960.4
1208420 1957.6
1208430 1955.4
1208440 1955.4
1208450 1953.0
1208460 1950.5
1208470 1950.5
1208480 1947.5
1208490 1943.5
1208500 1943.5
1208510 1940.5
1208520 1937.6
1208530 1934.8
1208540 1934.8
1208550 1931.9
1208560 1929.1
1208570 1929.1
1208580 1926.4
1208590 1923.3
1208600 1923.3
1208610 1918.8
1208620 1915.1
1208630 1915.1
1208640 1913.7
1208650 1911.3
1208660 1911.3
1208670 1905.5
1208680 1899.8
1208690 1899.8
1208700 1894.7
1208710 1889.7
1208720 1884.6
1208730 1884.6
1208740 1880.0
1208750 1875.7
1208760 1875.7
1208770 1871.2
1208780 1865.9
1208790 1865.9
1208800 1859.6
1208810 1853.2
1208820 1853.2
1208830 1847.4
1208840 1843.3
1208850 1843.3
1208860 1839.5
1208870 1834.9
1208880 1834.9
1208890 1829.1
1208900 1823.9
1208910 1821.5
1208920 1821.5
1208930 1819.3
1208940 1816.7
1208950 1816.7
1208960 1814.4
1208970 1811.8
1208980 1809.8
1208990 1808.1
1209000 1806.0
1209010 1806.0
1209020 1802.8
1209030 1799.9
1209040 1799.9
1209050 1799.6
1209060 1799.6
1209070 1799.6
1209080 1800.7
1209090 1802.6
1209100 1802.6
1209110 1802.6
1209120 1801.5
1209130 1801.5
1209140 1801.5
1209150 1801.4
1209160 1801.4
1209170 1801.4
1209180 1801.4
1209190 1801.7
1209200 1801.7
1209210 1802.8
1209220 1804.1
1209230 1804.1
1209240 1805.3
1209250 1807.1
1209260 1807.1
1209270 1809.3
1209280 1810.9
1209290 1810.9
1209300 1810.5
1209310 1811.0
1209320 1813.3
1209330 1813.3
1209340 1816.0
1209350 1819.0
1209360 1819.0
1209370 1822.1
1209380 1826.2
1209390 1826.2
1209400 1826.9
1209410 1828.3
1209420 1828.3
1209430 1829.3
1209440 1835.4
1209450 1835.4
1209460 1836.4
1209470 1837.3
1209480 1837.3
1209490 1838.6
1209500 1843.6
1209510 1849.5
1209520 1849.5
1209530 1855.5
1209540 1860.9
1209550 1860.9
1209560 1864.5
1209570 1867.1
1209580 1867.1
1209590 1870.4
1209600 1874.4
1209610 1874.4
1209620 1877.8
1209630 1880.3
1209640 1880.3
1209650 1882.0
1209660 1881.3
1209670 1881.3
1209680 1878.2
1209690 1876.6
1209700 1876.6
1209710 1877.3
1209720 1879.2
1209730 1879.9
1209740 1879.9
1209750 1879.1
1209760 1879.2
1209770 1879.2
1209780 1880.4
1209790 1881.2
1209800 1881.2
1209810 1881.5
1209820 1883.6
1209830 1883.6
1209840 1887.3
1209850 1892.1
1209860 1892.1
1209870 1898.2
1209880 1902.3
1209890 1902.3
1209900 1912.2
1209910 1918.1
1209920 1920.6
1209930 1920.6
1209940 1923.8
1209950 1927.3
1209960 1927.3
1209970 1930.0
1209980 1931.8
1209990 1931.8
1210000 1934.9
1210010 1938.3
1210020 1938.3
1210030 1939.8
1210040 1941.1
1210050 1941.1
1210060 1944.0
1210070 1947.4
1210080 1947.4
1210090 1950.2
1210100 1953.2
1210110 1955.4
1210120 1955.4
1210130 1960.6
1210140 1965.5
1210150 1965.5
1210160 1971.1
1210170 1977.7
1210180 1977.7
1210190 1984.5
1210200 1991.1
1210210 1991.1
1210220 1995.5
1210230 1997.4
1210240 1997.4
1210250 2000.7
1210260 2005.6
1210270 2005.6
1210280 2007.9
1210290 2007.3
1210300 2007.3
1210310 2005.4
1210320 2001.5
1210330 1996.3
1210340 1996.3
1210350 1993.2
1210360 1997.7
1210370 1997.7
1210380 1994.1
1210390 1989.5
1210400 1989.5
1210410 1986.5
1210420 1981.8
1210430 1981.8
1210440 1975.6
1210450 1968.3
1210460 1968.3
1210470 1961.5
1210480 1958.8
1210490 1958.8
1210500 1959.7
1210510 1958.7
1210520 1956.0
1210530 1956.0
1210540 1951.2
1210550 1943.9
1210560 1943.9
1210570 1937.2
1210580 1930.9
1210590 1930.9
1210600 1923.5
1210610 1917.6
1210620 1917.6
1210630 1914.0
1210640 1910.1
1210650 1910.1
1210660 1904.4
1210670 1899.5
1210680 1899.5
1210690 1895.5
1210700 1891.1
1210710 1886.9
1210720 1886.9
1210730 1882.7
1210740 1877.7
1210750 1877.7
1210760 1873.0
1210770 1868.4
1210780 1868.4
1210790 1864.5
1210800 1857.9
1210810 1857.9
1210820 1857.2
1210830 1854.0
1210840 1854.0
1210850 1851.5
1210860 1849.7
1210870 1849.7
1210880 1848.5
1210890 1847.2
1210900 1847.2
1210910 1845.7
1210920 1843.4
1210930 1841.7
1210940 1841.7
1210950 1840.7
1210960 1839.9
1210970 1839.9
1210980 1839.1
1210990 1837.0
1211000 1837.0
1211010 1833.5
1211020 1829.7
1211030 1829.7
1211040 1826.0
1211050 1822.0
1211060 1822.0
1211070 1819.6
1211080 1816.5
1211090 1816.5
1211100 1813.4
1211110 1811.7
1211120 1810.1
1211130 1810.1
1211140 1808.0
1211150 1806.5
1211160 1806.5
1211170 1805.0
1211180 1801.7
1211190 1801.7
1211200 1799.6
1211210 1795.9
1211220 1795.9
1211230 1790.1
1211240 1783.9
1211250 1783.9
1211260 1782.2
1211270 1780.8
1211280 1784.3
1211290 1783.3
1211300 1781.7
1211310 1781.7
1211320 1781.2
1211330 1783.2
1211340 1784.7
1211350 1784.7
1211360 1786.1
1211370 1787.9
1211380 1787.9
1211390 1790.3
1211400 1792.7
1211410 1792.7
1211420 1797.2
1211430 1801.7
1211440 1801.7
1211450 1806.3
1211460 1811.1
1211470 1811.1
1211480 1815.7
1211490 1819.1
1211500 1819.1
1211510 1822.7
1211520 1825.7
1211530 1828.6
1211540 1828.6
1211550 1831.5
1211560 1834.4
1211570 1834.4
1211580 1837.0
1211590 1839.8
1211600 1839.8
1211610 1843.4
1211620 1847.2
1211630 1847.2
1211640 1850.4
1211650 1852.9
1211660 1852.9
1211670 1855.2
1211680 1858.2
1211690 1858.2
1211700 1861.4
1211710 1865.5
1211720 1870.5
1211730 1870.5
1211740 1875.5
1211750 1879.6
1211760 1879.6
1211770 1883.4
1211780 1887.0
1211790 1887.0
1211800 1892.3
1211810 1898.9
1211820 1898.9
1211830 1905.9
1211840 1912.6
1211850 1912.6
1211860 1919.9
1211870 1926.7
1211880 1926.7
1211890 1933.4
1211900 1941.6
1211910 1941.6
1211920 1950.6
1211930 1958.8
1211940 1966.5
1211950 1966.5
1211960 1973.0
1211970 1978.4
1211980 1978.4
1211990 1983.5
1212000 1987.0
1212010 1987.0
1212020 1988.0
1212030 1993.6
1212040 1993.6
1212050 2001.2
1212060 2007.4
1212070 2007.4
1212080 2012.6
1212090 2017.7
1212100 2017.7
1212110 2021.2
1212120 2021.5
1212130 2024.8
1212140 2024.8
1212150 2031.1
1212160 2036.1
1212170 2036.1
1212180 2039.0
1212190 2043.8
1212200 2043.8
1212210 2043.8
1212220 2049.3
1212230 2049.3
1212240 2053.9
1212250 2058.9
1212260 2058.9
1212270 2064.3
1212280 2069.9
1212290 2069.9
1212300 2075.9
1212310 2082.8
1212320 2089.8
1212330 2089.8
1212340 2096.1
1212350 2103.2
1212360 2103.2
1212370 2108.5
1212380 2114.0
1212390 2114.0
1212400 2120.8
1212410 2127.0
1212420 2127.0
1212430 2134.8
1212440 2143.8
1212450 2143.8
1212460 2152.7
1212470 2161.2
1212480 2161.2
1212490 2168.8
1212500 2176.9
1212510 2176.9
1212520 2185.6
1212530 2191.9
1212540 2196.3
1212550 2196.3
1212560 2201.9
1212570 2207.2
1212580 2207.2
1212590 2210.0
1212600 2213.2
1212610 2213.2
1212620 2219.2
1212630 2226.5
1212640 2226.5
1212650 2232.9
1212660 2233.0
1212670 2233.0
1212680 2227.8
1212690 2230.0
1212700 2230.0
1212710 2234.0
1212720 2236.3
1212730 2233.6
1212740 2233.6
1212750 2233.2
1212760 2235.7
1212770 2235.7
1212780 2240.5
1212790 2248.1
1212800 2248.1
1212810 2256.9
1212820 2266.9
1212830 2266.9
1212840 2276.2
1212850 2284.2
1212860 2284.2
1212870 2291.1
1212880 2298.2
1212890 2298.2
1212900 2305.9
1212910 2314.1
1212920 2321.7
1212930 2321.7
1212940 2327.7
1212950 2333.9
1212960 2333.9
1212970 2340.5
1212980 2347.6
1212990 2347.6
1213000 2355.6
1213010 2364.0
1213020 2364.0
1213030 2372.7
1213040 2382.0
1213050 2382.0
1213060 2391.2
1213070 2400.4
1213080 2400.4
1213090 2410.6
1213100 2419.4
1213110 2419.4
1213120 2427.3
1213130 2435.6
1213140 2448.4
1213150 2448.4
1213160 2457.4
1213170 2463.4
1213180 2463.4
1213190 2467.8
1213200 2472.9
1213210 2472.9
1213220 2482.5
1213230 2489.8
1213240 2489.8
1213250 2496.2
1213260 2503.5
1213270 2503.5
1213280 2510.7
1213290 2518.7
1213300 2518.7
1213310 2523.4
1213320 2525.9
1213330 2530.0
1213340 2530.0
1213350 2535.4
1213360 2540.1
1213370 2540.1
1213380 2545.1
1213390 2550.8
1213400 2550.8
1213410 2553.9
1213420 2558.4
1213430 2558.4
1213440 2563.6
1213450 2568.9
1213460 2568.9
1213470 2574.2
1213480 2579.3
1213490 2579.3
1213500 2585.3
1213510 2593.1
1213520 2593.1
1213530 2603.5
1213540 2612.8
1213550 2618.7
1213560 2618.7
1213570 2625.6
1213580 2632.7
1213590 2632.7
1213600 2639.6
1213610 2652.3
1213620 2652.3
1213630 2661.1
1213640 2668.0
1213650 2668.0
1213660 2673.5
1213670 2679.8
1213680 2679.8
1213690 2685.6
1213700 2691.4
1213710 2691.4
1213720 2697.1
1213730 2703.3
1213740 2709.4
1213750 2709.4
1213760 2718.9
1213770 2726.0
1213780 2726.0
1213790 2732.6
1213800 2739.5
1213810 2739.5
1213820 2747.0
1213830 2754.2
1213840 2754.2
1213850 2761.5
1213860 2768.8
1213870 2768.8
1213880 2776.6
1213890 2784.2
1213900 2784.2
1213910 2792.3
1213920 2800.9
1213930 2809.6
1213940 2809.6
1213950 2818.2
1213960 2827.5
1213970 2827.5
1213980 2836.1
1213990 2843.9
1214000 2843.9
1214010 2849.9
1214020 2854.5
1214030 2854.5
1214040 2859.7
1214050 2864.9
1214060 2864.9
1214070 2869.8
1214080 2870.1
1214090 2870.1
1214100 2873.0
1214110 2875.2
1214120 2875.2
1214130 2876.4
1214140 2875.9
1214150 2878.7
1214160 2878.7
1214170 2882.5
1214180 2885.0
1214190 2885.0
1214200 2886.2
1214210 2887.5
1214220 2887.5
1214230 2888.6
1214240 2890.8
1214250 2890.8
1214260 2893.6
1214270 2896.4
1214280 2896.4
1214290 2900.4
1214300 2906.4
1214310 2906.4
1214320 2912.9
1214330 2920.1
1214340 2926.6
1214350 2926.6
1214360 2932.5
1214370 2936.7
1214380 2936.7
1214390 2938.9
1214400 2940.2
1214410 2940.2
1214420 2938.9
1214430 2938.5
1214440 2938.5
1214450 2943.4
1214460 2955.9
1214470 2955.9
1214480 2964.8
1214490 2967.6
1214500 2967.6
1214510 2969.6
1214520 2977.2
1214530 2982.3
1214540 2974.5
1214550 2981.0
1214560 2987.2
1214570 2987.2
1214580 2993.9
1214590 3002.8
1214600 3002.8
1214610 3010.8
1214620 3019.0
1214630 3019.0
1214640 3025.6
1214650 3025.9
1214660 3025.9
1214670 3017.4
1214680 3009.7
1214690 3009.7
1214700 3002.7
1214710 2996.8
1214720 2996.8
1214730 2994.3
1214740 2988.5
1214750 2979.2
1214760 2979.2
1214770 2971.0
1214780 2964.1
1214790 2964.1
1214800 2957.7
1214810 2950.9
1214820 2950.9
1214830 2943.6
1214840 2940.7
1214850 2940.7
1214860 2938.5
1214870 2935.7
1214880 2935.7
1214890 2932.7
1214900 2930.0
1214910 2930.0
1214920 2927.4
1214930 2924.6
1214940 2920.9
1214950 2920.9
1214960 2915.9
1214970 2910.6
1214980 2910.6
1214990 2904.0
1215000 2897.1
1215010 2898.7
1215020 2894.5
1215030 2891.6
1215040 2891.6
1215050 2889.5
1215060 2887.7
1215070 2887.7
1215080 2885.5
1215090 2883.6
1215100 2883.6
1215110 2880.0
1215120 2876.6
1215130 2873.4
1215140 2873.4
1215150 2866.4
1215160 2857.5
1215170 2857.5
1215180 2849.0
1215190 2842.4
1215200 2842.4
1215210 2839.7
1215220 2838.9
1215230 2838.9
1215240 2837.6
1215250 2835.9
1215260 2835.9
1215270 2833.2
1215280 2829.1
1215290 2829.1
1215300 2823.5
1215310 2812.7
1215320 2812.7
1215330 2792.7
1215340 2781.7
1215350 2774.6
1215360 2774.6
1215370 2767.2
1215380 2758.2
1215390 2758.2
1215400 2749.7
1215410 2742.9
1215420 2742.9
1215430 2736.9
1215440 2730.3
1215450 2730.3
1215460 2723.2
1215470 2716.4
1215480 2722.4
1215490 2716.4
1215500 2710.1
1215510 2710.1
1215520 2704.5
1215530 2699.9
1215540 2695.5
1215550 2695.5
1215560 2691.2
1215570 2687.7
1215580 2687.7
1215590 2683.0
1215600 2678.0
1215610 2678.0
1215620 2674.3
1215630 2671.1
1215640 2671.1
1215650 2669.0
1215660 2667.8
1215670 2667.8
1215680 2666.4
1215690 2665.7
1215700 2665.7
1215710 2666.0
1215720 2667.3
1215730 2668.5
1215740 2668.5
1215750 2669.7
1215760 2672.1
1215770 2672.1
1215780 2675.1
1215790 2676.9
1215800 2676.9
1215810 2678.2
1215820 2679.7
1215830 2679.7
1215840 2679.3
1215850 2678.2
1215860 2678.2
1215870 2678.5
1215880 2680.2
1215890 2680.2
1215900 2680.9
1215910 2680.8
1215920 2680.8
1215930 2680.3
1215940 2680.4
1215950 2682.5
1215960 2682.5
1215970 2682.9
1215980 2684.1
1215990 2684.1
1216000 2685.0
1216010 2685.1
1216020 2685.1
1216030 2684.9
1216040 2684.1
1216050 2684.1
1216060 2684.4
1216070 2685.2
1216080 2685.2
1216090 2687.4
1216100 2690.1
1216110 2690.1
1216120 2692.6
1216130 2694.8
1216140 2696.5
1216150 2696.5
1216160 2697.5
1216170 2698.0
1216180 2698.0
1216190 2698.3
1216200 2698.6
1216210 2698.6
1216220 2699.4
1216230 2700.2
1216240 2700.2
1216250 2700.5
1216260 2699.9
1216270 2699.9
1216280 2698.8
1216290 2697.6
1216300 2697.6
1216310 2697.2
1216320 2699.7
1216330 2699.7
1216340 2703.7
1216350 2707.4
1216360 2712.0
1216370 2712.0
1216380 2715.9
1216390 2719.0
1216400 2719.0
1216410 2721.6
1216420 2724.7
1216430 2724.7
1216440 2724.6
1216450 2720.7
1216460 2720.7
1216470 2716.0
1216480 2718.7
1216490 2718.7
1216500 2724.9
1216510 2731.4
1216520 2731.4
1216530 2738.0
1216540 2744.3
1216550 2748.8
1216560 2748.8
1216570 2751.7
1216580 2754.9
1216590 2754.9
1216600 2758.9
1216610 2762.4
1216620 2762.4
1216630 2764.6
1216640 2766.2
1216650 2766.2
1216660 2767.7
1216670 2769.8
1216680 2769.8
1216690 2771.9
1216700 2774.3
1216710 2774.3
1216720 2776.7
1216730 2777.1
1216740 2777.1
1216750 2777.1
1216760 2776.9
1216770 2778.6
1216780 2778.6
1216790 2781.6
1216800 2785.3
1216810 2785.3
1216820 2788.2
1216830 2791.1
1216840 2791.1
1216850 2795.8
1216860 2801.5
1216870 2801.5
1216880 2807.5
1216890 2813.4
1216900 2813.4
1216910 2819.7
1216920 2827.4
1216930 2827.4
1216940 2835.9
1216950 2847.0
1216960 2856.4
1216970 2856.4
1216980 2864.9
1216990 2877.8
1217000 2877.8
1217010 2894.5
1217020 2905.4
1217030 2905.4
1217040 2920.0
1217050 2934.3
1217060 2934.3
1217070 2947.6
1217080 2957.8
1217090 2957.8
1217100 2961.5
1217110 2954.3
1217120 2954.3
1217130 2946.4
1217140 2936.9
1217150 2928.0
1217160 2928.0
1217170 2921.2
1217180 2914.7
1217190 2914.7
1217200 2906.6
1217210 2898.2
1217220 2898.2
1217230 2890.5
1217240 2882.4
1217250 2882.4
1217260 2871.7
1217270 2860.4
1217280 2860.4
1217290 2849.9
1217300 2841.0
1217310 2841.0
1217320 2834.1
1217330 2828.5
1217340 2824.0
1217350 2824.0
1217360 2820.2
1217370 2813.7
1217380 2813.7
1217390 2811.1
1217400 2808.8
1217410 2808.8
1217420 2807.8
1217430 2806.3
1217440 2806.3
1217450 2803.7
1217460 2800.9
1217470 2800.9
1217480 2798.2
1217490 2794.4
1217500 2794.4
1217510 2791.9
1217520 2792.3
1217530 2792.3
1217540 2795.4
1217550 2799.1
1217560 2802.0
1217570 2802.0
1217580 2805.4
1217590 2807.6
1217600 2807.6
1217610 2804.9
1217620 2800.0
1217630 2800.0
1217640 2796.9
1217650 2793.5
1217660 2793.5
1217670 2785.7
1217680 2775.7
1217690 2775.7
1217700 2768.1
1217710 2761.7
1217720 2761.7
1217730 2752.9
1217740 2742.3
1217750 2733.8
1217760 2733.8
1217770 2726.3
1217780 2719.4
1217790 2719.4
1217800 2712.6
1217810 2706.1
1217820 2706.1
1217830 2699.9
1217840 2691.7
1217850 2691.7
1217860 2686.6
1217870 2682.3
1217880 2682.3
1217890 2678.4
1217900 2674.5
1217910 2674.5
1217920 2670.9
1217930 2668.2
1217940 2665.8
1217950 2665.8
1217960 2661.8
1217970 2657.2
1217980 2657.2
1217990 2653.3
1218000 2650.3
1218010 2650.3
1218020 2646.7
1218030 2643.7
1218040 2643.7
1218050 2639.7
1218060 2636.1
1218070 2636.1
1218080 2633.4
1218090 2631.2
1218100 2631.2
1218110 2629.1
1218120 2626.2
1218130 2626.2
1218140 2623.6
1218150 2619.6
1218160 2615.4
1218170 2615.4
1218180 2612.0
1218190 2606.8
1218200 2606.8
1218210 2600.4
1218220 2592.8
1218230 2592.8
1218240 2585.4
1218250 2579.1
1218260 2579.1
1218270 2572.7
1218280 2567.1
1218290 2567.1
1218300 2563.1
1218310 2560.1
1218320 2557.6
1218330 2555.0
1218340 2552.4
1218350 2549.9
1218360 2549.9
1218370 2547.7
1218380 2546.2
1218390 2546.2
1218400 2544.6
1218410 2542.8
1218420 2542.8
1218430 2541.2
1218440 2540.0
1218450 2540.0
1218460 2538.5
1218470 2536.7
1218480 2536.7
1218490 2533.5
1218500 2531.2
1218510 2531.2
1218520 2526.9
1218530 2522.4
1218540 2520.2
1218550 2520.2
1218560 2518.6
1218570 2516.7
1218580 2516.7
1218590 2516.1
1218600 2514.5
1218610 2514.5
1218620 2509.9
1218630 2504.8
1218640 2504.8
1218650 2500.4
1218660 2497.3
1218670 2497.3
1218680 2495.6
1218690 2493.7
1218700 2493.7
1218710 2490.4
1218720 2486.2
1218730 2486.2
1218740 2481.8
1218750 2478.4
1218760 2475.1
1218770 2475.1
1218780 2471.8
1218790 2465.7
1218800 2465.7
1218810 2461.3
1218820 2460.2
1218830 2460.2
1218840 2458.6
1218850 2455.1
1218860 2455.1
1218870 2450.1
1218880 2444.9
1218890 2444.9
1218900 2438.6
1218910 2432.8
1218920 2432.8
1218930 2429.3
1218940 2425.4
1218950 2420.9
1218960 2420.9
1218970 2416.9
1218980 2412.8
1218990 2412.8
1219000 2407.9
1219010 2402.2
1219020 2402.2
1219030 2396.8
1219040 2391.0
1219050 2391.0
1219060 2385.1
1219070 2379.8
1219080 2379.8
1219090 2374.1
1219100 2369.1
1219110 2369.1
1219120 2367.8
1219130 2363.7
1219140 2363.7
1219150 2358.6
1219160 2353.9
1219170 2349.3
1219180 2349.3
1219190 2345.0
1219200 2340.5
1219210 2340.5
1219220 2336.8
1219230 2332.3
1219240 2332.3
1219250 2326.9
1219260 2322.1
1219270 2317.1
1219280 2310.9
1219290 2304.9
1219300 2304.9
1219310 2300.2
1219320 2296.3
1219330 2296.3
1219340 2290.4
1219350 2284.5
1219360 2279.1
1219370 2279.1
1219380 2274.4
1219390 2269.8
1219400 2269.8
1219410 2265.0
1219420 2259.7
1219430 2259.7
1219440 2254.2
1219450 2248.4
1219460 2248.4
1219470 2243.4
1219480 2240.0
1219490 2240.0
1219500 2237.2
1219510 2236.2
1219520 2236.2
1219530 2236.1
1219540 2236.0
1219550 2236.0
1219560 2236.0
1219570 2236.2
1219580 2236.3
1219590 2236.3
1219600 2236.2
1219610 2236.5
1219620 2236.5
1219630 2237.8
1219640 2239.5
1219650 2239.5
1219660 2240.5
1219670 2241.2
1219680 2241.2
1219690 2242.3
1219700 2242.6
1219710 2242.6
1219720 2242.9
1219730 2243.9
1219740 2247.3
1219750 2248.7
1219760 2250.2
1219770 2252.5
1219780 2252.5
1219790 2255.0
1219800 2257.0
1219810 2257.0
1219820 2259.1
1219830 2260.3
1219840 2260.3
1219850 2261.4
1219860 2261.3
1219870 2261.3
1219880 2261.7
1219890 2262.8
1219900 2262.8
1219910 2263.1
1219920 2263.0
1219930 2263.0
1219940 2264.3
1219950 2264.8
1219960 2266.2
1219970 2266.2
1219980 2269.7
1219990 2273.3
