1200000 2886.8
1200010 2886.8
1200020 2892.7
1200030 2900.0
1200040 2900.0
1200050 2911.3
1200060 2930.2
1200070 2946.5
1200080 2946.5
1200090 2962.1
1200100 2968.2
1200110 2968.2
1200120 2974.7
1200130 2982.3
1200140 2982.3
1200150 2994.0
1200160 3004.4
1200170 3004.4
1200180 3009.4
1200190 3015.7
1200200 3015.7
1200210 3020.4
1200220 3024.4
1200230 3024.4
1200240 3028.3
1200250 3037.7
1200260 3037.7
1200270 3051.3
1200280 3057.8
1200290 3066.3
1200300 3066.3
1200310 3074.6
1200320 3079.5
1200330 3079.5
1200340 3085.6
1200350 3090.1
1200360 3090.1
1200370 3095.0
1200380 3109.1
1200390 3109.1
1200400 3122.2
1200410 3129.4
1200420 3129.4
1200430 3130.0
1200440 3131.9
1200450 3131.9
1200460 3139.5
1200470 3149.9
1200480 3160.2
1200490 3160.2
1200500 3166.5
1200510 3167.7
1200520 3167.7
1200530 3160.6
1200540 3146.1
1200550 3146.1
1200560 3136.7
1200570 3128.9
1200580 3128.9
1200590 3119.6
1200600 3113.8
1200610 3113.8
1200620 3108.6
1200630 3103.8
1200640 3103.8
1200650 3098.7
1200660 3093.4
1200670 3093.4
1200680 3088.8
1200690 3085.1
1200700 3081.8
1200710 3081.8
1200720 3078.9
1200730 3076.3
1200740 3076.3
1200750 3073.9
1200760 3071.7
1200770 3071.7
1200780 3069.6
1200790 3067.6
1200800 3067.6
1200810 3065.7
1200820 3064.0
1200830 3064.0
1200840 3062.4
1200850 3060.8
1200860 3060.8
1200870 3059.2
1200880 3057.6
1200890 3056.0
1200900 3056.0
1200910 3054.5
1200920 3053.0
1200930 3053.0
1200940 3051.6
1200950 3050.4
1200960 3050.4
1200970 3049.1
1200980 3046.2
1200990 3046.2
1201000 3045.1
1201010 3043.9
1201020 3043.9
1201030 3042.7
1201040 3041.6
1201050 3041.6
1201060 3040.5
1201070 3039.4
1201080 3038.2
1201090 3038.2
1201100 3037.1
1201110 3035.8
1201120 3035.8
1201130 3034.5
1201140 3033.3
1201150 3033.3
1201160 3032.0
1201170 3030.6
1201180 3030.6
1201190 3029.3
1201200 3028.0
1201210 3028.0
1201220 3026.9
1201230 3025.8
1201240 3025.8
1201250 3024.8
1201260 3023.8
1201270 3023.8
1201280 3022.6
1201290 3021.5
1201300 3020.4
1201310 3020.4
1201320 3019.3
1201330 3018.2
1201340 3018.2
1201350 3016.8
1201360 3015.3
1201370 3015.3
1201380 3013.9
1201390 3014.8
1201400 3014.8
1201410 3016.9
1201420 3015.5
1201430 3015.5
1201440 3017.5
1201450 3019.4
1201460 3019.4
1201470 3020.6
1201480 3021.2
1201490 3022.4
1201500 3022.4
1201510 3022.7
1201520 3022.7
1201530 3022.7
1201540 3022.7
1201550 3022.7
1201560 3022.7
1201570 3020.5
1201580 3018.5
1201590 3018.5
1201600 3017.9
1201610 3018.8
1201620 3018.8
1201630 3021.4
1201640 3023.8
1201650 3023.8
1201660 3028.1
1201670 3030.4
1201680 3032.6
1201690 3032.6
1201700 3033.4
1201710 3033.1
1201720 3033.1
1201730 3034.7
1201740 3037.3
1201750 3037.3
1201760 3039.0
1201770 3040.9
1201780 3040.9
1201790 3042.6
1201800 3044.0
1201810 3044.0
1201820 3044.0
1201830 3043.6
1201840 3043.6
1201850 3044.0
1201860 3044.7
1201870 3038.2
1201880 3038.3
1201890 3039.2
1201900 3042.7
1201910 3042.7
1201920 3046.7
1201930 3048.2
1201940 3048.2
1201950 3047.3
1201960 3046.0
1201970 3046.0
1201980 3046.4
1201990 3046.7
1202000 3046.7
1202010 3048.0
1202020 3049.2
1202030 3049.2
1202040 3051.6
1202050 3056.4
1202060 3056.4
1202070 3059.8
1202080 3065.9
1202090 3074.7
1202100 3074.7
1202110 3083.0
1202120 3091.2
1202130 3091.2
1202140 3098.1
1202150 3104.7
1202160 3104.7
1202170 3112.2
1202180 3120.1
1202190 3120.1
1202200 3126.8
1202210 3131.2
1202220 3131.2
1202230 3134.0
1202240 3135.3
1202250 3135.3
1202260 3131.6
1202270 3126.4
1202280 3126.4
1202290 3120.9
1202300 3115.3
1202310 3107.7
1202320 3118.1
1202330 3113.4
1202340 3110.7
1202350 3110.7
1202360 3107.5
1202370 3106.1
1202380 3106.1
1202390 3103.9
1202400 3103.1
1202410 3103.1
1202420 3104.2
1202430 3105.0
1202440 3105.0
1202450 3106.1
1202460 3106.3
1202470 3106.3
1202480 3110.4
1202490 3113.0
1202500 3112.7
1202510 3112.7
1202520 3112.9
1202530 3111.6
1202540 3111.6
1202550 3107.3
1202560 3102.5
1202570 3102.5
1202580 3096.6
1202590 3091.5
1202600 3091.5
1202610 3087.2
1202620 3082.3
1202630 3082.3
1202640 3077.7
1202650 3072.3
1202660 3072.3
1202670 3065.1
1202680 3057.5
1202690 3049.1
1202700 3049.1
1202710 3039.1
1202720 3030.2
1202730 3030.2
1202740 3021.4
1202750 3012.8
1202760 3012.8
1202770 3003.9
1202780 2995.6
1202790 2995.6
1202800 2988.3
1202810 2982.7
1202820 2982.7
1202830 2979.7
1202840 2976.9
1202850 2976.9
1202860 2972.7
1202870 2963.8
1202880 2963.8
1202890 2954.6
1202900 2952.7
1202910 2948.1
1202920 2948.1
1202930 2942.5
1202940 2937.4
1202950 2937.4
1202960 2934.4
1202970 2929.3
1202980 2929.3
1202990 2926.7
1203000 2920.9
1203010 2920.9
1203020 2917.0
1203030 2911.0
1203040 2911.0
1203050 2901.4
1203060 2897.8
1203070 2897.8
1203080 2895.1
1203090 2893.9
1203100 2893.1
1203110 2893.1
1203120 2892.2
1203130 2893.2
1203140 2893.2
1203150 2895.2
1203160 2894.6
1203170 2894.6
1203180 2887.8
1203190 2883.5
1203200 2883.5
1203210 2873.2
1203220 2872.2
1203230 2872.2
1203240 2868.8
1203250 2864.9
1203260 2864.9
1203270 2861.3
1203280 2857.3
1203290 2852.7
1203300 2852.7
1203310 2844.7
1203320 2833.7
1203330 2833.7
1203340 2824.1
1203350 2813.3
1203360 2813.3
1203370 2804.7
1203380 2793.8
1203390 2793.8
1203400 2780.7
1203410 2767.0
1203420 2767.0
1203430 2753.9
1203440 2741.9
1203450 2741.9
1203460 2728.1
1203470 2716.1
1203480 2716.1
1203490 2706.9
1203500 2697.8
1203510 2689.7
1203520 2689.7
1203530 2681.4
1203540 2673.4
1203550 2673.4
1203560 2665.3
1203570 2657.5
1203580 2657.5
1203590 2650.4
1203600 2643.6
1203610 2643.6
1203620 2637.1
1203630 2631.0
1203640 2631.0
1203650 2624.9
1203660 2619.1
1203670 2619.0
1203680 2613.4
1203690 2608.2
1203700 2603.5
1203710 2603.5
1203720 2599.1
1203730 2595.7
1203740 2595.7
1203750 2592.7
1203760 2590.7
1203770 2590.7
1203780 2589.4
1203790 2587.7
1203800 2587.7
1203810 2586.3
1203820 2584.6
1203830 2584.6
1203840 2582.1
1203850 2579.4
1203860 2579.4
1203870 2576.8
1203880 2574.5
1203890 2574.5
1203900 2571.6
1203910 2568.6
1203920 2565.0
1203930 2565.0
1203940 2561.3
1203950 2557.1
1203960 2557.1
1203970 2551.6
1203980 2545.8
1203990 2545.8
1204000 2541.9
1204010 2538.6
1204020 2538.6
1204030 2534.6
1204040 2531.4
1204050 2531.4
1204060 2530.0
1204070 2528.6
1204080 2528.6
1204090 2527.0
1204100 2525.0
1204110 2523.2
1204120 2526.3
1204130 2524.4
1204140 2522.3
1204150 2522.3
1204160 2520.1
1204170 2519.5
1204180 2519.5
1204190 2518.5
1204200 2517.1
1204210 2517.1
1204220 2515.9
1204230 2515.6
1204240 2515.6
1204250 2515.7
1204260 2515.4
1204270 2515.4
1204280 2514.9
1204290 2515.2
1204300 2516.1
1204310 2516.1
1204320 2516.3
1204330 2516.0
1204340 2516.0
1204350 2517.2
1204360 2517.2
1204370 2517.2
1204380 2517.2
1204390 2517.6
1204400 2517.6
1204410 2518.1
1204420 2517.9
1204430 2517.9
1204440 2517.1
1204450 2517.1
1204460 2517.1
1204470 2517.4
1204480 2517.8
1204490 2517.8
1204500 2518.4
1204510 2519.4
1204520 2521.3
1204530 2521.3
1204540 2525.2
1204550 2528.0
1204560 2528.0
1204570 2536.5
1204580 2541.5
1204590 2541.5
1204600 2543.3
1204610 2544.9
1204620 2544.9
1204630 2547.2
1204640 2549.4
1204650 2549.4
1204660 2550.2
1204670 2553.1
1204680 2553.1
1204690 2554.6
1204700 2554.1
1204710 2551.2
1204720 2551.2
1204730 2549.1
1204740 2551.0
1204750 2551.0
1204760 2554.7
1204770 2557.1
1204780 2557.1
1204790 2557.7
1204800 2558.0
1204810 2558.0
1204820 2559.2
1204830 2558.8
1204840 2558.8
1204850 2559.9
1204860 2563.0
1204870 2563.0
1204880 2566.4
1204890 2569.5
1204900 2571.8
1204910 2571.8
1204920 2574.7
1204930 2578.5
1204940 2578.5
1204950 2582.5
1204960 2586.8
1204970 2586.8
1204980 2591.0
1204990 2595.1
1205000 2595.1
1205010 2599.2
1205020 2606.5
1205030 2606.5
1205040 2610.9
1205050 2615.1
1205060 2615.1
1205070 2619.2
1205080 2622.8
1205090 2622.8
1205100 2625.8
1205110 2628.5
1205120 2631.3
1205130 2631.3
1205140 2634.4
1205150 2638.6
1205160 2638.6
1205170 2644.5
1205180 2651.0
1205190 2651.0
1205200 2657.9
1205210 2666.3
1205220 2666.3
1205230 2675.7
1205240 2686.0
1205250 2686.0
1205260 2694.4
1205270 2707.1
1205280 2707.1
1205290 2725.2
1205300 2734.1
1205310 2742.0
1205320 2742.0
1205330 2749.9
1205340 2756.0
1205350 2756.0
1205360 2757.8
1205370 2757.2
1205380 2757.2
1205390 2758.6
1205400 2763.6
1205410 2763.6
1205420 2769.9
1205430 2775.6
1205440 2775.6
1205450 2779.9
1205460 2783.9
1205470 2791.4
1205480 2795.3
1205490 2801.1
1205500 2803.1
1205510 2803.1
1205520 2807.2
1205530 2811.5
1205540 2811.5
1205550 2817.0
1205560 2819.3
1205570 2819.3
1205580 2818.2
1205590 2818.9
1205600 2818.9
1205610 2817.0
1205620 2813.9
1205630 2813.9
1205640 2812.9
1205650 2809.6
1205660 2809.6
1205670 2804.2
1205680 2799.7
1205690 2799.7
1205700 2796.1
1205710 2791.6
1205720 2788.2
1205730 2788.2
1205740 2786.7
1205750 2785.9
1205760 2785.9
1205770 2783.5
1205780 2781.5
1205790 2781.5
1205800 2781.4
1205810 2780.4
1205820 2780.4
1205830 2778.1
1205840 2774.8
1205850 2774.8
1205860 2770.9
1205870 2767.1
1205880 2767.1
1205890 2763.1
1205900 2758.3
1205910 2755.3
1205920 2755.3
1205930 2746.2
1205940 2744.4
1205950 2744.4
1205960 2742.6
1205970 2741.0
1205980 2741.0
1205990 2738.4
1206000 2736.7
1206010 2736.7
1206020 2734.8
1206030 2732.0
1206040 2732.0
1206050 2729.2
1206060 2726.6
1206070 2726.6
1206080 2724.6
1206090 2722.8
1206100 2722.8
1206110 2720.6
1206120 2718.4
1206130 2715.6
1206140 2715.6
1206150 2713.0
1206160 2710.6
1206170 2710.6
1206180 2708.7
1206190 2705.4
1206200 2705.4
1206210 2702.0
1206220 2698.9
1206230 2698.9
1206240 2695.1
1206250 2690.7
1206260 2690.7
1206270 2687.2
1206280 2684.7
1206290 2684.7
1206300 2682.4
1206310 2680.7
1206320 2678.6
1206330 2678.6
1206340 2676.7
1206350 2676.5
1206360 2676.5
1206370 2676.9
1206380 2671.7
1206390 2671.7
1206400 2671.1
1206410 2670.7
1206420 2670.7
1206430 2669.5
1206440 2668.1
1206450 2668.1
1206460 2666.8
1206470 2665.0
1206480 2665.0
1206490 2662.7
1206500 2659.1
1206510 2654.5
1206520 2654.5
1206530 2648.7
1206540 2641.4
1206550 2641.4
1206560 2633.2
1206570 2625.5
1206580 2625.5
1206590 2618.6
1206600 2612.1
1206610 2612.1
1206620 2606.3
1206630 2601.0
1206640 2601.0
1206650 2595.4
1206660 2589.0
1206670 2589.0
1206680 2583.6
1206690 2578.3
1206700 2578.3
1206710 2573.6
1206720 2569.7
1206730 2566.1
1206740 2566.1
1206750 2562.7
1206760 2559.7
1206770 2559.7
1206780 2556.9
1206790 2552.5
1206800 2552.5
1206810 2547.5
1206820 2543.9
1206830 2543.9
1206840 2535.5
1206850 2533.2
1206860 2533.2
1206870 2530.5
1206880 2525.9
1206890 2525.9
1206900 2521.5
1206910 2518.5
1206920 2515.3
1206930 2515.3
1206940 2512.1
1206950 2508.3
1206960 2508.3
1206970 2503.0
1206980 2496.5
1206990 2496.5
1207000 2490.2
1207010 2484.0
1207020 2484.0
1207030 2479.0
1207040 2473.9
1207050 2473.9
1207060 2466.3
1207070 2456.9
1207080 2456.9
1207090 2447.9
1207100 2439.3
1207110 2430.3
1207120 2430.3
1207130 2422.7
1207140 2416.0
1207150 2416.0
1207160 2411.0
1207170 2406.9
1207180 2406.9
1207190 2402.1
1207200 2397.5
1207210 2397.5
1207220 2392.6
1207230 2387.7
1207240 2387.7
1207250 2383.0
1207260 2377.9
1207270 2377.9
1207280 2373.3
1207290 2364.3
1207300 2364.3
1207310 2358.2
1207320 2351.3
1207330 2345.1
1207340 2345.1
1207350 2338.4
1207360 2331.2
1207370 2331.2
1207380 2324.1
1207390 2317.3
1207400 2317.3
1207410 2310.1
1207420 2302.4
1207430 2302.4
1207440 2295.2
1207450 2289.6
1207460 2289.6
1207470 2284.9
1207480 2280.9
1207490 2280.9
1207500 2277.2
1207510 2273.1
1207520 2268.5
1207530 2268.5
1207540 2263.8
1207550 2262.3
1207560 2262.3
1207570 2263.2
1207580 2263.5
1207590 2263.5
1207600 2263.3
1207610 2259.9
1207620 2259.9
1207630 2255.7
1207640 2252.0
1207650 2252.0
1207660 2248.1
1207670 2245.0
1207680 2245.0
1207690 2243.7
1207700 2240.3
1207710 2235.7
1207720 2235.7
1207730 2231.7
1207740 2228.3
1207750 2223.0
1207760 2217.8
1207770 2210.6
1207780 2210.6
1207790 2203.8
1207800 2197.3
1207810 2197.3
1207820 2190.5
1207830 2183.5
1207840 2183.5
1207850 2177.2
1207860 2171.6
1207870 2171.6
1207880 2165.9
1207890 2159.2
1207900 2159.2
1207910 2151.4
1207920 2143.3
1207930 2133.1
1207940 2133.1
1207950 2122.6
1207960 2113.2
1207970 2113.2
1207980 2105.2
1207990 2099.0
1208000 2099.0
1208010 2092.8
1208020 2086.3
1208030 2086.3
1208040 2080.1
1208050 2073.8
1208060 2073.8
1208070 2067.7
1208080 2061.7
1208090 2061.7
1208100 2055.8
1208110 2050.0
1208120 2044.7
1208130 2044.7
1208140 2039.6
1208150 2034.1
1208160 2034.1
1208170 2028.1
1208180 2022.3
1208190 2022.3
1208200 2016.7
1208210 2008.6
1208220 2008.6
1208230 2003.9
1208240 1999.3
1208250 1999.3
1208260 1994.8
1208270 1990.6
1208280 1990.6
1208290 1986.9
1208300 1982.7
1208310 1982.7
1208320 1979.2
1208330 1975.6
1208340 1971.9
1208350 1971.9
1208360 1968.3
1208370 1965.2
1208380 1965.2
1208390 1962.4
1208400 1959.3
1208410 1959.3
1208420 1956.1
1208430 1953.7
1208440 1953.7
1208450 1951.6
1208460 1948.7
1208470 1948.7
1208480 1945.4
1208490 1942.3
1208500 1942.3
1208510 1939.8
1208520 1937.6
1208530 1934.8
1208540 1934.8
1208550 1931.9
1208560 1929.1
1208570 1929.1
1208580 1926.4
1208590 1923.3
1208600 1923.3
1208610 1918.8
1208620 1915.1
1208630 1915.1
1208640 1913.7
1208650 1911.3
1208660 1911.3
1208670 1903.4
1208680 1899.4
1208690 1899.4
1208700 1893.6
1208710 1887.8
1208720 1882.9
1208730 1882.9
1208740 1878.0
1208750 1873.3
1208760 1873.3
1208770 1868.8
1208780 1864.4
1208790 1864.4
1208800 1858.8
1208810 1852.2
1208820 1852.2
1208830 1845.3
1208840 1840.2
1208850 1840.2
1208860 1836.1
1208870 1831.7
1208880 1831.7
1208890 1826.6
1208900 1821.4
1208910 1821.4
1208920 1819.3
1208930 1817.9
1208940 1815.6
1208950 1815.6
1208960 1812.5
1208970 1809.8
1208980 1809.8
1208990 1808.1
1209000 1806.0
1209010 1806.0
1209020 1802.8
1209030 1799.9
1209040 1799.9
1209050 1799.6
1209060 1799.6
1209070 1799.6
1209080 1800.7
1209090 1802.6
1209100 1802.6
1209110 1802.6
1209120 1801.5
1209130 1804.3
1209140 1804.3
1209150 1804.1
1209160 1804.0
1209170 1804.0
1209180 1804.2
1209190 1806.0
1209200 1806.0
1209210 1809.3
1209220 1812.1
1209230 1812.1
1209240 1813.2
1209250 1815.0
1209260 1815.0
1209270 1815.2
1209280 1815.5
1209290 1815.5
1209300 1815.7
1209310 1817.6
1209320 1819.7
1209330 1819.7
1209340 1821.2
1209350 1826.2
1209360 1826.2
1209370 1827.9
1209380 1831.1
1209390 1831.1
1209400 1832.5
1209410 1833.7
1209420 1833.7
1209430 1834.6
1209440 1835.4
1209450 1835.4
1209460 1836.4
1209470 1837.3
1209480 1837.3
1209490 1838.6
1209500 1843.6
1209510 1843.6
1209520 1849.5
1209530 1855.5
1209540 1860.9
1209550 1860.9
1209560 1864.5
1209570 1867.1
1209580 1867.1
1209590 1874.9
1209600 1877.2
1209610 1877.2
1209620 1880.2
1209630 1882.8
1209640 1882.8
1209650 1884.9
1209660 1886.4
1209670 1886.4
1209680 1885.5
1209690 1882.7
1209700 1882.7
1209710 1882.0
1209720 1882.9
1209730 1884.0
1209740 1884.0
1209750 1884.7
1209760 1885.4
1209770 1885.4
1209780 1885.3
1209790 1885.3
1209800 1885.3
1209810 1885.8
1209820 1888.2
1209830 1888.2
1209840 1892.5
1209850 1897.3
1209860 1897.3
1209870 1902.3
1209880 1906.6
1209890 1906.6
1209900 1912.2
1209910 1918.1
1209920 1920.6
1209930 1920.6
1209940 1923.8
1209950 1927.3
1209960 1927.3
1209970 1930.0
1209980 1931.8
1209990 1931.8
1210000 1934.9
1210010 1938.3
1210020 1938.3
1210030 1939.8
1210040 1941.1
1210050 1948.1
1210060 1950.5
1210070 1953.7
1210080 1953.7
1210090 1956.3
1210100 1959.2
1210110 1959.2
1210120 1961.6
1210130 1965.9
1210140 1971.4
1210150 1971.4
1210160 1976.7
1210170 1982.6
1210180 1982.6
1210190 1989.1
1210200 1995.0
1210210 1995.0
1210220 2000.8
1210230 2003.9
1210240 2003.9
1210250 2007.1
1210260 2010.8
1210270 2010.8
1210280 2013.5
1210290 2012.9
1210300 2012.9
1210310 2010.3
1210320 2005.6
1210330 2001.2
1210340 2001.2
1210350 1999.0
1210360 1997.7
1210370 1997.7
1210380 1994.1
1210390 1989.5
1210400 1989.5
1210410 1986.5
1210420 1981.8
1210430 1981.8
1210440 1975.6
1210450 1968.3
1210460 1968.3
1210470 1961.5
1210480 1958.8
1210490 1958.8
1210500 1959.7
1210510 1964.8
1210520 1964.8
1210530 1962.5
1210540 1958.6
1210550 1953.9
1210560 1953.9
1210570 1944.8
1210580 1937.3
1210590 1937.3
1210600 1929.8
1210610 1924.5
1210620 1924.5
1210630 1921.0
1210640 1915.2
1210650 1915.2
1210660 1911.2
1210670 1906.6
1210680 1906.6
1210690 1902.2
1210700 1898.5
1210710 1898.5
1210720 1893.8
1210730 1888.7
1210740 1883.6
1210750 1883.6
1210760 1878.6
1210770 1874.6
1210780 1874.6
1210790 1870.6
1210800 1864.2
1210810 1864.2
1210820 1857.2
1210830 1854.0
1210840 1854.0
1210850 1851.5
1210860 1849.7
1210870 1849.7
1210880 1848.5
1210890 1847.2
1210900 1847.2
1210910 1845.7
1210920 1843.4
1210930 1841.7
1210940 1841.7
1210950 1840.7
1210960 1839.9
1210970 1848.7
1210980 1847.0
1210990 1844.7
1211000 1844.7
1211010 1841.1
1211020 1836.5
1211030 1836.5
1211040 1832.5
1211050 1829.7
1211060 1829.7
1211070 1826.6
1211080 1823.2
1211090 1823.2
1211100 1820.5
1211110 1818.5
1211120 1818.5
1211130 1815.7
1211140 1813.0
1211150 1811.0
1211160 1811.0
1211170 1809.0
1211180 1806.6
1211190 1806.6
1211200 1803.8
1211210 1800.7
1211220 1800.7
1211230 1796.2
1211240 1789.6
1211250 1789.6
1211260 1785.4
1211270 1784.3
1211280 1784.3
1211290 1783.3
1211300 1781.7
1211310 1781.7
1211320 1781.2
1211330 1783.2
1211340 1784.7
1211350 1784.7
1211360 1786.1
1211370 1787.9
1211380 1787.9
1211390 1790.3
1211400 1792.7
1211410 1792.7
1211420 1797.2
1211430 1799.3
1211440 1799.3
1211450 1804.4
1211460 1809.1
1211470 1809.1
1211480 1813.6
1211490 1817.5
1211500 1817.5
1211510 1821.5
1211520 1824.8
1211530 1827.9
1211540 1827.9
1211550 1830.6
1211560 1833.3
1211570 1833.3
1211580 1836.1
1211590 1839.2
1211600 1839.2
1211610 1842.8
1211620 1846.1
1211630 1846.1
1211640 1848.8
1211650 1851.1
1211660 1851.1
1211670 1853.5
1211680 1857.1
1211690 1857.1
1211700 1860.7
1211710 1865.0
1211720 1865.0
1211730 1869.9
1211740 1874.5
1211750 1879.6
1211760 1879.6
1211770 1883.4
1211780 1887.0
1211790 1887.0
1211800 1892.3
1211810 1898.9
1211820 1898.9
1211830 1905.9
1211840 1912.6
1211850 1912.6
1211860 1919.9
1211870 1926.7
1211880 1926.7
1211890 1933.4
1211900 1938.3
1211910 1938.3
1211920 1946.1
1211930 1953.6
1211940 1960.7
1211950 1960.7
1211960 1966.9
1211970 1972.5
1211980 1972.5
1211990 1976.7
1212000 1978.3
1212010 1978.3
1212020 1979.4
1212030 1988.2
1212040 1988.2
1212050 1997.9
1212060 2004.3
1212070 2004.3
1212080 2008.7
1212090 2012.5
1212100 2012.5
1212110 2014.6
1212120 2015.3
1212130 2017.9
1212140 2017.9
1212150 2022.5
1212160 2028.0
1212170 2028.0
1212180 2031.4
1212190 2037.5
1212200 2037.5
1212210 2043.8
1212220 2049.3
1212230 2049.3
1212240 2053.9
1212250 2058.9
1212260 2058.9
1212270 2064.3
1212280 2069.9
1212290 2069.9
1212300 2075.9
1212310 2082.8
1212320 2082.8
1212330 2089.8
1212340 2096.1
1212350 2103.2
1212360 2097.3
1212370 2103.1
1212380 2109.2
1212390 2109.2
1212400 2116.1
1212410 2122.6
1212420 2122.6
1212430 2129.0
1212440 2137.9
1212450 2137.9
1212460 2148.8
1212470 2158.5
1212480 2158.5
1212490 2165.7
1212500 2171.7
1212510 2171.7
1212520 2177.3
1212530 2184.0
1212540 2190.0
1212550 2190.0
1212560 2196.4
1212570 2200.6
1212580 2200.6
1212590 2202.5
1212600 2208.1
1212610 2208.1
1212620 2215.7
1212630 2223.0
1212640 2223.0
1212650 2228.0
1212660 2227.0
1212670 2227.0
1212680 2227.8
1212690 2230.0
1212700 2230.0
1212710 2234.0
1212720 2236.3
1212730 2236.3
1212740 2233.6
1212750 2233.2
1212760 2235.7
1212770 2235.7
1212780 2240.5
1212790 2248.1
1212800 2248.1
1212810 2256.9
1212820 2267.3
1212830 2267.3
1212840 2275.0
1212850 2282.8
1212860 2282.8
1212870 2291.2
1212880 2299.6
1212890 2299.6
1212900 2307.7
1212910 2315.4
1212920 2315.4
1212930 2322.5
1212940 2328.5
1212950 2335.0
1212960 2335.0
1212970 2341.9
1212980 2348.4
1212990 2348.4
1213000 2355.6
1213010 2363.9
1213020 2363.9
1213030 2372.6
1213040 2380.6
1213050 2380.6
1213060 2390.2
1213070 2400.5
1213080 2400.5
1213090 2410.6
1213100 2419.9
1213110 2419.9
1213120 2429.9
1213130 2439.6
1213140 2448.4
1213150 2448.4
1213160 2457.4
1213170 2463.4
1213180 2463.4
1213190 2467.8
1213200 2472.9
1213210 2472.9
1213220 2482.5
1213230 2489.8
1213240 2489.8
1213250 2496.2
1213260 2503.5
1213270 2503.5
1213280 2510.7
1213290 2524.8
1213300 2524.8
1213310 2532.1
1213320 2535.8
1213330 2535.8
1213340 2538.1
1213350 2541.4
1213360 2546.4
1213370 2546.4
1213380 2551.7
1213390 2557.3
1213400 2557.3
1213410 2561.5
1213420 2566.3
1213430 2566.3
1213440 2571.6
1213450 2575.8
1213460 2575.8
1213470 2580.7
1213480 2584.3
1213490 2584.3
1213500 2589.0
1213510 2597.0
1213520 2597.0
1213530 2608.2
1213540 2617.1
1213550 2623.8
1213560 2623.8
1213570 2630.5
1213580 2637.7
1213590 2637.7
1213600 2643.7
1213610 2652.3
1213620 2652.3
1213630 2661.1
1213640 2668.0
1213650 2668.0
1213660 2673.5
1213670 2679.8
1213680 2679.8
1213690 2685.6
1213700 2691.4
1213710 2691.4
1213720 2697.1
1213730 2703.3
1213740 2709.4
1213750 2709.4
1213760 2721.6
1213770 2730.0
1213780 2730.0
1213790 2737.7
1213800 2744.1
1213810 2744.1
1213820 2750.1
1213830 2756.8
1213840 2756.8
1213850 2764.2
1213860 2771.9
1213870 2771.9
1213880 2779.4
1213890 2786.6
1213900 2786.6
1213910 2794.2
1213920 2802.7
1213930 2802.7
1213940 2811.1
1213950 2818.7
1213960 2826.7
1213970 2826.7
1213980 2835.0
1213990 2843.6
1214000 2843.6
1214010 2850.9
1214020 2855.1
1214030 2855.1
1214040 2858.5
1214050 2862.3
1214060 2862.3
1214070 2866.7
1214080 2870.1
1214090 2870.1
1214100 2873.0
1214110 2875.2
1214120 2875.2
1214130 2876.4
1214140 2875.9
1214150 2878.7
1214160 2878.7
1214170 2882.5
1214180 2885.0
1214190 2885.0
1214200 2886.2
1214210 2887.5
1214220 2882.2
1214230 2883.9
1214240 2887.1
1214250 2887.1
1214260 2890.1
1214270 2892.1
1214280 2892.1
1214290 2895.5
1214300 2901.1
1214310 2901.1
1214320 2907.8
1214330 2914.9
1214340 2921.1
1214350 2921.1
1214360 2925.9
1214370 2928.0
1214380 2928.0
1214390 2929.5
1214400 2931.4
1214410 2931.4
1214420 2929.7
1214430 2931.3
1214440 2931.3
1214450 2938.6
1214460 2949.5
1214470 2949.5
1214480 2955.1
1214490 2958.2
1214500 2958.2
1214510 2962.8
1214520 2969.1
1214530 2969.1
1214540 2974.5
1214550 2981.0
1214560 2987.2
1214570 2987.2
1214580 2993.9
1214590 3002.8
1214600 3002.8
1214610 3010.8
1214620 3019.0
1214630 3019.0
1214640 3025.6
1214650 3025.9
1214660 3025.9
1214670 3017.4
1214680 3009.7
1214690 3017.6
1214700 3013.4
1214710 3006.8
1214720 3006.8
1214730 3006.1
1214740 3004.5
1214750 2995.1
1214760 2995.1
1214770 2981.6
1214780 2971.3
1214790 2971.3
1214800 2963.3
1214810 2956.5
1214820 2956.5
1214830 2950.7
1214840 2947.3
1214850 2947.3
1214860 2944.5
1214870 2940.8
1214880 2940.8
1214890 2937.3
1214900 2934.1
1214910 2934.1
1214920 2931.5
1214930 2928.7
1214940 2924.0
1214950 2924.0
1214960 2918.0
1214970 2912.0
1214980 2912.0
1214990 2904.8
1215000 2898.7
1215010 2898.7
1215020 2894.5
1215030 2891.6
1215040 2891.6
1215050 2889.5
1215060 2887.7
1215070 2887.7
1215080 2885.5
1215090 2883.6
1215100 2883.6
1215110 2880.0
1215120 2876.6
1215130 2876.6
1215140 2873.4
1215150 2866.4
1215160 2853.4
1215170 2853.4
1215180 2845.8
1215190 2839.5
1215200 2839.5
1215210 2836.5
1215220 2835.7
1215230 2835.7
1215240 2834.4
1215250 2832.4
1215260 2832.4
1215270 2829.7
1215280 2823.7
1215290 2823.7
1215300 2815.0
1215310 2808.7
1215320 2808.7
1215330 2792.4
1215340 2782.3
1215350 2775.1
1215360 2775.1
1215370 2768.3
1215380 2760.5
1215390 2760.5
1215400 2751.7
1215410 2744.2
1215420 2744.2
1215430 2738.7
1215440 2733.4
1215450 2733.4
1215460 2728.3
1215470 2722.4
1215480 2722.4
1215490 2716.4
1215500 2710.1
1215510 2710.1
1215520 2704.5
1215530 2699.9
1215540 2699.9
1215550 2695.5
1215560 2691.2
1215570 2687.7
1215580 2687.7
1215590 2683.0
1215600 2678.0
1215610 2678.0
1215620 2674.3
1215630 2672.9
1215640 2672.9
1215650 2670.7
1215660 2668.8
1215670 2668.8
1215680 2667.1
1215690 2666.4
1215700 2666.4
1215710 2666.9
1215720 2668.3
1215730 2668.3
1215740 2670.1
1215750 2671.1
1215760 2672.8
1215770 2672.8
1215780 2675.0
1215790 2677.0
1215800 2677.0
1215810 2678.6
1215820 2680.4
1215830 2680.4
1215840 2680.2
1215850 2679.0
1215860 2679.0
1215870 2678.7
1215880 2680.5
1215890 2680.5
1215900 2681.3
1215910 2681.9
1215920 2681.9
1215930 2682.2
1215940 2682.4
1215950 2682.5
1215960 2682.5
1215970 2682.9
1215980 2684.1
1215990 2684.1
1216000 2685.0
1216010 2685.1
1216020 2685.1
1216030 2684.9
1216040 2684.1
1216050 2684.1
1216060 2684.4
1216070 2685.2
1216080 2685.2
1216090 2687.4
1216100 2691.9
1216110 2691.9
1216120 2694.4
1216130 2696.8
1216140 2696.8
1216150 2698.5
1216160 2699.6
1216170 2700.1
1216180 2700.1
1216190 2700.5
1216200 2700.5
1216210 2700.5
1216220 2700.9
1216230 2701.5
1216240 2701.5
1216250 2701.9
1216260 2701.2
1216270 2701.2
1216280 2699.9
1216290 2698.9
1216300 2698.9
1216310 2698.6
1216320 2700.6
1216330 2700.6
1216340 2705.3
1216350 2708.5
1216360 2712.9
1216370 2712.9
1216380 2717.0
1216390 2720.5
1216400 2720.5
1216410 2723.6
1216420 2724.7
1216430 2724.7
1216440 2724.6
1216450 2720.7
1216460 2720.7
1216470 2716.0
1216480 2718.7
1216490 2718.7
1216500 2724.9
1216510 2731.4
1216520 2731.4
1216530 2738.0
1216540 2744.3
1216550 2748.8
1216560 2748.8
1216570 2756.6
1216580 2759.5
1216590 2759.5
1216600 2762.6
1216610 2765.8
1216620 2765.8
1216630 2767.9
1216640 2767.8
1216650 2767.8
1216660 2767.0
1216670 2768.2
1216680 2768.2
1216690 2770.3
1216700 2773.1
1216710 2773.1
1216720 2775.5
1216730 2777.2
1216740 2777.2
1216750 2778.0
1216760 2778.4
1216770 2779.3
1216780 2779.3
1216790 2781.1
1216800 2784.4
1216810 2784.4
1216820 2788.5
1216830 2791.5
1216840 2791.5
1216850 2795.1
1216860 2800.3
1216870 2800.3
1216880 2806.8
1216890 2813.4
1216900 2813.4
1216910 2819.7
1216920 2827.4
1216930 2827.4
1216940 2835.9
1216950 2847.0
1216960 2856.4
1216970 2856.4
1216980 2864.9
1216990 2877.8
1217000 2877.8
1217010 2894.5
1217020 2905.4
1217030 2905.4
1217040 2920.0
1217050 2936.8
1217060 2936.8
1217070 2949.1
1217080 2959.1
1217090 2959.1
1217100 2960.8
1217110 2953.6
1217120 2953.6
1217130 2946.0
1217140 2937.4
1217150 2929.1
1217160 2929.1
1217170 2920.9
1217180 2913.0
1217190 2913.0
1217200 2904.6
1217210 2895.8
1217220 2895.8
1217230 2887.1
1217240 2879.5
1217250 2879.5
1217260 2871.7
1217270 2860.6
1217280 2860.6
1217290 2849.2
1217300 2839.8
1217310 2839.8
1217320 2831.8
1217330 2824.8
1217340 2824.8
1217350 2819.1
1217360 2815.9
1217370 2813.7
1217380 2813.7
1217390 2811.1
1217400 2808.8
1217410 2808.8
1217420 2807.8
1217430 2806.3
1217440 2806.3
1217450 2803.7
1217460 2800.9
1217470 2800.9
1217480 2798.2
1217490 2794.4
1217500 2794.4
1217510 2791.9
1217520 2785.8
1217530 2785.8
1217540 2787.9
1217550 2792.8
1217560 2796.1
1217570 2796.1
1217580 2798.7
1217590 2802.0
1217600 2802.0
1217610 2802.0
1217620 2795.7
1217630 2795.7
1217640 2787.8
1217650 2780.5
1217660 2780.5
1217670 2773.0
1217680 2764.6
1217690 2764.6
1217700 2758.5
1217710 2752.7
1217720 2752.7
1217730 2747.9
1217740 2741.2
1217750 2732.7
1217760 2732.7
1217770 2725.3
1217780 2718.3
1217790 2718.3
1217800 2712.0
1217810 2705.2
1217820 2705.2
1217830 2698.1
1217840 2691.7
1217850 2691.7
1217860 2686.6
1217870 2682.3
1217880 2682.3
1217890 2678.4
1217900 2674.5
1217910 2674.5
1217920 2670.9
1217930 2668.2
1217940 2668.2
1217950 2665.8
1217960 2661.8
1217970 2657.2
1217980 2657.2
1217990 2649.7
1218000 2646.1
1218010 2646.1
1218020 2642.6
1218030 2640.5
1218040 2640.5
1218050 2637.3
1218060 2633.2
1218070 2633.2
1218080 2630.3
1218090 2627.5
1218100 2627.5
1218110 2625.2
1218120 2622.9
1218130 2622.9
1218140 2619.3
1218150 2614.4
1218160 2611.8
1218170 2611.8
1218180 2609.4
1218190 2605.4
1218200 2605.4
1218210 2600.3
1218220 2594.0
1218230 2594.0
1218240 2587.1
1218250 2580.1
1218260 2580.1
1218270 2573.0
1218280 2566.7
1218290 2566.7
1218300 2561.6
1218310 2557.6
1218320 2557.6
1218330 2555.0
1218340 2552.4
1218350 2552.4
1218360 2549.9
1218370 2547.7
1218380 2546.2
1218390 2546.2
1218400 2544.6
1218410 2542.8
1218420 2542.8
1218430 2541.2
1218440 2540.0
1218450 2540.0
1218460 2538.5
1218470 2531.2
1218480 2531.2
1218490 2528.5
1218500 2524.8
1218510 2524.8
1218520 2520.5
1218530 2517.8
1218540 2517.8
1218550 2515.9
1218560 2512.9
1218570 2510.3
1218580 2510.3
1218590 2510.2
1218600 2508.0
1218610 2508.0
1218620 2503.4
1218630 2499.8
1218640 2499.8
1218650 2497.4
1218660 2494.6
1218670 2494.6
1218680 2491.9
1218690 2489.2
1218700 2489.2
1218710 2485.6
1218720 2481.5
1218730 2481.5
1218740 2478.0
1218750 2474.1
1218760 2470.8
1218770 2470.8
1218780 2469.5
1218790 2465.7
1218800 2465.7
1218810 2461.3
1218820 2460.2
1218830 2460.2
1218840 2458.6
1218850 2455.1
1218860 2455.1
1218870 2450.1
1218880 2444.9
1218890 2444.9
1218900 2438.6
1218910 2432.8
1218920 2432.8
1218930 2429.3
1218940 2419.0
1218950 2419.0
1218960 2414.0
1218970 2410.1
1218980 2406.7
1218990 2406.7
1219000 2402.7
1219010 2397.9
1219020 2397.9
1219030 2392.5
1219040 2386.9
1219050 2386.9
1219060 2381.3
1219070 2375.6
1219080 2375.6
1219090 2369.7
1219100 2367.0
1219110 2367.0
1219120 2363.4
1219130 2358.5
1219140 2358.5
1219150 2354.0
1219160 2348.8
1219170 2343.6
1219180 2343.6
1219190 2339.0
1219200 2334.5
1219210 2334.5
1219220 2330.4
1219230 2326.5
1219240 2326.5
1219250 2321.8
1219260 2317.1
1219270 2317.1
1219280 2310.9
1219290 2304.9
1219300 2304.9
1219310 2300.2
1219320 2296.3
1219330 2296.3
1219340 2290.4
1219350 2284.5
1219360 2279.1
1219370 2279.1
1219380 2274.4
1219390 2269.8
1219400 2269.8
1219410 2265.0
1219420 2255.5
1219430 2255.5
1219440 2250.2
1219450 2244.7
1219460 2244.7
1219470 2239.7
1219480 2236.8
1219490 2236.8
1219500 2236.1
1219510 2236.1
1219520 2236.1
1219530 2236.0
1219540 2236.2
1219550 2236.2
1219560 2236.5
1219570 2236.7
1219580 2236.8
1219590 2236.8
1219600 2236.8
1219610 2237.5
1219620 2237.5
1219630 2240.2
1219640 2242.1
1219650 2242.1
1219660 2243.4
1219670 2244.4
1219680 2244.4
1219690 2245.5
1219700 2246.0
1219710 2246.0
1219720 2246.3
1219730 2247.3
1219740 2247.3
1219750 2248.7
1219760 2250.2
1219770 2252.5
1219780 2252.5
1219790 2255.0
1219800 2257.0
1219810 2257.0
1219820 2259.1
1219830 2260.3
1219840 2260.3
1219850 2261.4
1219860 2261.3
1219870 2261.3
1219880 2261.7
1219890 2262.8
1219900 2268.5
1219910 2268.7
1219920 2268.5
1219930 2268.5
1219940 2269.6
1219950 2270.3
1219960 2271.5
1219970 2271.5
1219980 2275.5
1219990 2279.5
