1200000 3090.5
1200010 3090.5
1200020 3092.2
1200030 3095.7
1200040 3095.7
1200050 3103.3
1200060 3113.1
1200070 3123.2
1200080 3123.2
1200090 3132.3
1200100 3140.6
1200110 3140.6
1200120 3148.7
1200130 3156.3
1200140 3156.3
1200150 3163.7
1200160 3170.5
1200170 3170.5
1200180 3177.4
1200190 3183.9
1200200 3183.9
1200210 3188.9
1200220 3194.2
1200230 3194.2
1200240 3194.3
1200250 3187.2
1200260 3180.4
1200270 3180.4
1200280 3176.7
1200290 3169.0
1200300 3169.0
1200310 3156.5
1200320 3148.7
1200330 3148.7
1200340 3143.0
1200350 3137.6
1200360 3137.6
1200370 3130.6
1200380 3124.1
1200390 3124.1
1200400 3120.5
1200410 3118.5
1200420 3118.5
1200430 3117.5
1200440 3117.6
1200450 3117.6
1200460 3119.5
1200470 3123.3
1200480 3129.7
1200490 3129.7
1200500 3136.2
1200510 3143.0
1200520 3143.0
1200530 3151.0
1200540 3161.0
1200550 3161.0
1200560 3171.4
1200570 3178.4
1200580 3178.4
1200590 3177.5
1200600 3176.4
1200610 3176.4
1200620 3177.1
1200630 3180.4
1200640 3180.4
1200650 3182.8
1200660 3192.1
1200670 3201.9
1200680 3201.9
1200690 3206.1
1200700 3205.4
1200710 3205.4
1200720 3202.2
1200730 3199.6
1200740 3199.6
1200750 3207.0
1200760 3213.0
1200770 3213.0
1200780 3219.7
1200790 3219.3
1200800 3219.3
1200810 3215.6
1200820 3211.2
1200830 3211.2
1200840 3205.4
1200850 3200.3
1200860 3200.3
1200870 3198.2
1200880 3196.8
1200890 3196.2
1200900 3196.2
1200910 3194.3
1200920 3189.7
1200930 3189.7
1200940 3187.0
1200950 3185.4
1200960 3185.4
1200970 3185.0
1200980 3185.1
1200990 3185.1
1201000 3185.0
1201010 3185.1
1201020 3185.1
1201030 3186.3
1201040 3188.6
1201050 3188.6
1201060 3190.6
1201070 3193.2
1201080 3203.7
1201090 3203.7
1201100 3198.6
1201110 3202.8
1201120 3202.8
1201130 3219.7
1201140 3232.8
1201150 3232.8
1201160 3235.5
1201170 3242.8
1201180 3242.8
1201190 3256.6
1201200 3268.3
1201210 3268.3
1201220 3271.9
1201230 3271.3
1201240 3271.3
1201250 3274.5
1201260 3277.7
1201270 3277.7
1201280 3281.4
1201290 3284.1
1201300 3286.6
1201310 3286.6
1201320 3288.9
1201330 3291.1
1201340 3291.1
1201350 3293.3
1201360 3295.8
1201370 3295.8
1201380 3298.7
1201390 3302.9
1201400 3302.9
1201410 3308.0
1201420 3313.8
1201430 3313.8
1201440 3319.9
1201450 3326.0
1201460 3326.0
1201470 3331.8
1201480 3337.4
1201490 3337.4
1201500 3343.0
1201510 3349.2
1201520 3357.0
1201530 3357.0
1201540 3370.1
1201550 3379.5
1201560 3379.5
1201570 3389.8
1201580 3402.4
1201590 3402.4
1201600 3417.2
1201610 3432.2
1201620 3432.2
1201630 3447.7
1201640 3459.3
1201650 3459.3
1201660 3469.3
1201670 3482.5
1201680 3482.5
1201690 3498.0
1201700 3499.3
1201710 3490.3
1201720 3490.3
1201730 3480.4
1201740 3470.7
1201750 3470.7
1201760 3457.6
1201770 3448.0
1201780 3448.0
1201790 3441.8
1201800 3444.3
1201810 3444.3
1201820 3443.4
1201830 3442.1
1201840 3442.1
1201850 3434.4
1201860 3420.3
1201870 3420.3
1201880 3407.6
1201890 3402.6
1201900 3402.6
1201910 3401.9
1201920 3397.1
1201930 3387.0
1201940 3387.0
1201950 3373.0
1201960 3360.7
1201970 3360.7
1201980 3349.5
1201990 3335.0
1202000 3335.0
1202010 3323.4
1202020 3312.8
1202030 3312.8
1202040 3304.0
1202050 3294.5
1202060 3294.5
1202070 3285.0
1202080 3275.0
1202090 3275.0
1202100 3263.1
1202110 3252.5
1202120 3241.8
1202130 3241.8
1202140 3231.4
1202150 3222.8
1202160 3222.8
1202170 3214.8
1202180 3207.3
1202190 3207.3
1202200 3203.2
1202210 3200.4
1202220 3200.4
1202230 3194.3
1202240 3186.2
1202250 3186.2
1202260 3176.3
1202270 3167.5
1202280 3167.5
1202290 3158.2
1202300 3145.6
1202310 3145.6
1202320 3135.1
1202330 3128.1
1202340 3117.8
1202350 3117.8
1202360 3116.2
1202370 3109.9
1202380 3109.9
1202390 3105.5
1202400 3104.2
1202410 3104.2
1202420 3098.5
1202430 3093.8
1202440 3079.2
1202450 3073.2
1202460 3054.1
1202470 3054.1
1202480 3021.2
1202490 2995.0
1202500 2995.0
1202510 2977.7
1202520 2969.8
1202530 2962.6
1202540 2962.6
1202550 2954.0
1202560 2941.7
1202570 2941.7
1202580 2927.1
1202590 2911.3
1202600 2911.3
1202610 2896.3
1202620 2877.3
1202630 2877.3
1202640 2862.0
1202650 2839.9
1202660 2839.9
1202670 2823.8
1202680 2812.6
1202690 2812.6
1202700 2804.4
1202710 2798.6
1202720 2798.6
1202730 2793.0
1202740 2788.3
1202750 2784.1
1202760 2784.1
1202770 2780.1
1202780 2776.1
1202790 2776.1
1202800 2770.9
1202810 2766.8
1202820 2766.8
1202830 2763.2
1202840 2759.2
1202850 2759.2
1202860 2755.2
1202870 2751.5
1202880 2751.5
1202890 2750.2
1202900 2746.0
1202910 2746.0
1202920 2742.4
1202930 2738.7
1202940 2738.7
1202950 2734.7
1202960 2730.8
1202970 2727.0
1202980 2727.0
1202990 2724.2
1203000 2721.5
1203010 2721.5
1203020 2718.5
1203030 2716.0
1203040 2716.0
1203050 2714.0
1203060 2712.3
1203070 2712.3
1203080 2710.5
1203090 2708.3
1203100 2708.3
1203110 2706.7
1203120 2705.8
1203130 2705.8
1203140 2705.9
1203150 2706.4
1203160 2706.4
1203170 2706.4
1203180 2706.2
1203190 2704.8
1203200 2704.8
1203210 2703.1
1203220 2702.0
1203230 2702.0
1203240 2701.2
1203250 2700.1
1203260 2700.1
1203270 2698.7
1203280 2697.6
1203290 2697.6
1203300 2697.0
1203310 2696.3
1203320 2696.3
1203330 2696.8
1203340 2698.5
1203350 2698.5
1203360 2698.1
1203370 2696.7
1203380 2696.6
1203390 2696.6
1203400 2697.4
1203410 2699.0
1203420 2699.0
1203430 2699.2
1203440 2697.2
1203450 2697.2
1203460 2695.1
1203470 2692.7
1203480 2692.7
1203490 2689.0
1203500 2685.3
1203510 2685.3
1203520 2677.3
1203530 2671.7
1203540 2671.7
1203550 2665.9
1203560 2659.2
1203570 2657.2
1203580 2657.2
1203590 2655.4
1203600 2655.8
1203610 2655.8
1203620 2656.1
1203630 2656.3
1203640 2656.3
1203650 2656.5
1203660 2656.3
1203670 2656.3
1203680 2655.5
1203690 2654.8
1203700 2654.8
1203710 2653.1
1203720 2650.6
1203730 2650.6
1203740 2648.2
1203750 2645.3
1203760 2645.3
1203770 2642.2
1203780 2639.4
1203790 2641.3
1203800 2641.3
1203810 2639.0
1203820 2637.1
1203830 2637.1
1203840 2634.0
1203850 2631.3
1203860 2631.3
1203870 2628.6
1203880 2625.9
1203890 2625.9
1203900 2622.8
1203910 2620.1
1203920 2620.1
1203930 2617.1
1203940 2612.8
1203950 2612.8
1203960 2611.3
1203970 2609.1
1203980 2608.1
1203990 2608.1
1204000 2606.3
1204010 2604.3
1204020 2604.3
1204030 2601.9
1204040 2598.6
1204050 2598.6
1204060 2594.9
1204070 2591.6
1204080 2591.6
1204090 2588.3
1204100 2585.2
1204110 2585.2
1204120 2581.9
1204130 2578.6
1204140 2578.6
1204150 2575.3
1204160 2572.1
1204170 2572.1
1204180 2568.9
1204190 2565.8
1204200 2562.6
1204210 2562.6
1204220 2559.5
1204230 2556.8
1204240 2559.3
1204250 2556.5
1204260 2553.0
1204270 2553.0
1204280 2549.0
1204290 2546.2
1204300 2546.2
1204310 2545.4
1204320 2543.5
1204330 2543.5
1204340 2541.2
1204350 2538.4
1204360 2538.4
1204370 2535.3
1204380 2531.9
1204390 2528.1
1204400 2528.1
1204410 2524.7
1204420 2521.5
1204430 2521.5
1204440 2518.5
1204450 2515.8
1204460 2515.8
1204470 2512.5
1204480 2509.6
1204490 2509.6
1204500 2507.5
1204510 2506.3
1204520 2506.3
1204530 2504.9
1204540 2502.7
1204550 2502.7
1204560 2500.6
1204570 2497.5
1204580 2497.5
1204590 2494.6
1204600 2492.3
1204610 2489.9
1204620 2489.9
1204630 2488.1
1204640 2487.7
1204650 2487.7
1204660 2487.5
1204670 2485.7
1204680 2485.7
1204690 2483.9
1204700 2483.5
1204710 2483.5
1204720 2483.3
1204730 2482.8
1204740 2482.8
1204750 2482.3
1204760 2482.6
1204770 2482.6
1204780 2484.3
1204790 2486.3
1204800 2486.3
1204810 2487.4
1204820 2487.1
1204830 2485.3
1204840 2485.3
1204850 2482.6
1204860 2479.8
1204870 2479.8
1204880 2477.2
1204890 2475.2
1204900 2475.2
1204910 2474.5
1204920 2474.7
1204930 2474.7
1204940 2475.2
1204950 2473.7
1204960 2473.7
1204970 2470.0
1204980 2469.7
1204990 2469.7
1205000 2469.6
1205010 2469.7
1205020 2469.7
1205030 2469.7
1205040 2470.0
1205050 2471.5
1205060 2471.5
1205070 2474.0
1205080 2476.2
1205090 2476.2
1205100 2478.9
1205110 2482.1
1205120 2482.1
1205130 2484.7
1205140 2485.9
1205150 2479.0
1205160 2481.0
1205170 2481.7
1205180 2481.7
1205190 2481.1
1205200 2481.2
1205210 2481.2
1205220 2481.4
1205230 2481.7
1205240 2481.2
1205250 2481.2
1205260 2482.0
1205270 2483.6
1205280 2483.6
1205290 2484.8
1205300 2485.6
1205310 2485.6
1205320 2486.4
1205330 2485.3
1205340 2485.3
1205350 2483.5
1205360 2481.7
1205370 2481.7
1205380 2480.1
1205390 2480.3
1205400 2480.3
1205410 2481.0
1205420 2480.0
1205430 2477.6
1205440 2477.6
1205450 2473.1
1205460 2467.7
1205470 2467.7
1205480 2464.3
1205490 2462.6
1205500 2462.6
1205510 2460.9
1205520 2459.3
1205530 2459.3
1205540 2457.1
1205550 2453.5
1205560 2453.5
1205570 2449.4
1205580 2446.5
1205590 2446.5
1205600 2441.4
1205610 2438.0
1205620 2438.0
1205630 2434.6
1205640 2431.0
1205650 2427.2
1205660 2427.2
1205670 2422.8
1205680 2417.0
1205690 2417.0
1205700 2410.2
1205710 2404.5
1205720 2404.5
1205730 2399.3
1205740 2395.7
1205750 2395.7
1205760 2391.6
1205770 2386.0
1205780 2386.0
1205790 2375.8
1205800 2363.6
1205810 2363.6
1205820 2354.5
1205830 2348.2
1205840 2342.7
1205850 2342.7
1205860 2336.4
1205870 2331.1
1205880 2331.1
1205890 2326.8
1205900 2321.1
1205910 2321.1
1205920 2315.9
1205930 2311.4
1205940 2311.4
1205950 2306.8
1205960 2302.8
1205970 2302.8
1205980 2299.5
1205990 2296.5
1206000 2296.5
1206010 2293.7
1206020 2289.9
1206030 2289.9
1206040 2285.4
1206050 2273.9
1206060 2269.0
1206070 2269.0
1206080 2264.7
1206090 2260.9
1206100 2260.9
1206110 2257.7
1206120 2256.1
1206130 2256.1
1206140 2253.6
1206150 2250.2
1206160 2250.2
1206170 2246.5
1206180 2242.6
1206190 2242.6
1206200 2238.8
1206210 2234.9
1206220 2234.9
1206230 2231.1
1206240 2227.3
1206250 2224.0
1206260 2224.0
1206270 2221.0
1206280 2218.7
1206290 2218.7
1206300 2217.9
1206310 2217.0
1206320 2217.0
1206330 2215.4
1206340 2214.7
1206350 2214.7
1206360 2213.6
1206370 2211.6
1206380 2211.6
1206390 2209.0
1206400 2206.2
1206410 2206.2
1206420 2204.2
1206430 2202.8
1206440 2202.8
1206450 2201.6
1206460 2201.0
1206470 2201.8
1206480 2201.8
1206490 2203.0
1206500 2204.1
1206510 2200.5
1206520 2201.2
1206530 2202.6
1206540 2202.6
1206550 2203.5
1206560 2203.5
1206570 2203.5
1206580 2203.4
1206590 2203.3
1206600 2203.3
1206610 2202.2
1206620 2201.0
1206630 2201.0
1206640 2199.4
1206650 2197.3
1206660 2197.3
1206670 2195.7
1206680 2193.1
1206690 2190.4
1206700 2190.4
1206710 2188.4
1206720 2186.5
1206730 2186.5
1206740 2184.9
1206750 2183.9
1206760 2183.9
1206770 2184.4
1206780 2184.9
1206790 2184.9
1206800 2185.9
1206810 2184.3
1206820 2184.3
1206830 2181.9
1206840 2180.3
1206850 2180.3
1206860 2181.0
1206870 2182.5
1206880 2183.4
1206890 2183.4
1206900 2183.4
1206910 2184.2
1206920 2184.2
1206930 2185.1
1206940 2183.0
1206950 2183.0
1206960 2179.4
1206970 2173.3
1206980 2173.3
1206990 2172.9
1207000 2171.9
1207010 2171.9
1207020 2170.1
1207030 2168.1
1207040 2168.1
1207050 2166.5
1207060 2165.3
1207070 2165.3
1207080 2164.5
1207090 2163.9
1207100 2163.3
1207110 2163.3
1207120 2162.1
1207130 2161.9
1207140 2161.9
1207150 2162.1
1207160 2161.2
1207170 2161.2
1207180 2159.3
1207190 2156.4
1207200 2156.4
1207210 2152.7
1207220 2148.5
1207230 2148.5
1207240 2145.1
1207250 2143.5
1207260 2143.5
1207270 2141.6
1207280 2139.3
1207290 2140.3
1207300 2140.3
1207310 2140.3
1207320 2138.6
1207330 2138.6
1207340 2136.0
1207350 2134.6
1207360 2134.6
1207370 2133.9
1207380 2133.6
1207390 2133.6
1207400 2133.3
1207410 2131.8
1207420 2126.7
1207430 2125.1
1207440 2123.0
1207450 2123.0
1207460 2120.9
1207470 2120.6
1207480 2120.6
1207490 2121.8
1207500 2123.6
1207510 2124.8
1207520 2124.8
1207530 2125.4
1207540 2126.0
1207550 2126.0
1207560 2124.9
1207570 2123.3
1207580 2123.3
1207590 2121.6
1207600 2119.3
1207610 2119.3
1207620 2116.7
1207630 2114.7
1207640 2114.7
1207650 2113.3
1207660 2111.7
1207670 2111.7
1207680 2109.4
1207690 2106.9
1207700 2104.0
1207710 2104.0
1207720 2101.2
1207730 2098.9
1207740 2098.9
1207750 2096.6
1207760 2094.2
1207770 2094.2
1207780 2091.6
1207790 2088.9
1207800 2088.9
1207810 2086.2
1207820 2083.6
1207830 2083.6
1207840 2081.1
1207850 2079.5
1207860 2079.5
1207870 2078.2
1207880 2074.8
1207890 2074.8
1207900 2072.5
1207910 2069.7
1207920 2066.9
1207930 2066.9
1207940 2065.2
1207950 2063.3
1207960 2063.3
1207970 2060.4
1207980 2056.8
1207990 2056.8
1208000 2053.4
1208010 2050.6
1208020 2050.6
1208030 2048.2
1208040 2045.6
1208050 2045.6
1208060 2043.1
1208070 2040.9
1208080 2040.9
1208090 2038.8
1208100 2037.0
1208110 2035.4
1208120 2035.4
1208130 2033.4
1208140 2031.3
1208150 2031.3
1208160 2029.1
1208170 2026.6
1208180 2026.6
1208190 2023.8
1208200 2020.8
1208210 2020.8
1208220 2017.7
1208230 2014.6
1208240 2014.6
1208250 2012.0
1208260 2009.8
1208270 2009.8
1208280 2007.2
1208290 2004.4
1208300 2004.4
1208310 2001.6
1208320 1998.3
1208330 1994.0
1208340 1993.1
1208350 1988.0
1208360 1983.6
1208370 1983.6
1208380 1980.1
1208390 1976.0
1208400 1976.0
1208410 1972.3
1208420 1968.8
1208430 1968.8
1208440 1965.4
1208450 1960.6
1208460 1960.6
1208470 1957.1
1208480 1953.8
1208490 1953.8
1208500 1950.3
1208510 1946.2
1208520 1946.2
1208530 1942.6
1208540 1939.7
1208550 1937.0
1208560 1937.0
1208570 1933.2
1208580 1929.8
1208590 1929.8
1208600 1925.8
1208610 1921.8
1208620 1921.8
1208630 1918.5
1208640 1914.5
1208650 1914.5
1208660 1910.1
1208670 1905.8
1208680 1905.8
1208690 1901.6
1208700 1896.8
1208710 1896.8
1208720 1891.7
1208730 1885.6
1208740 1879.9
1208750 1879.9
1208760 1873.9
1208770 1867.4
1208780 1867.4
1208790 1863.5
1208800 1866.5
1208810 1866.5
1208820 1863.0
1208830 1858.0
1208840 1858.0
1208850 1852.5
1208860 1846.5
1208870 1846.5
1208880 1840.3
1208890 1834.0
1208900 1834.0
1208910 1829.9
1208920 1826.7
1208930 1826.7
1208940 1823.2
1208950 1819.9
1208960 1818.0
1208970 1818.0
1208980 1816.8
1208990 1812.4
1209000 1812.4
1209010 1808.1
1209020 1802.7
1209030 1802.7
1209040 1799.0
1209050 1792.0
1209060 1792.0
1209070 1783.4
1209080 1776.1
1209090 1776.1
1209100 1768.5
1209110 1760.9
1209120 1760.9
1209130 1754.7
1209140 1750.3
1209150 1747.8
1209160 1747.8
1209170 1744.3
1209180 1738.9
1209190 1738.9
1209200 1733.2
1209210 1726.9
1209220 1726.9
1209230 1720.6
1209240 1716.0
1209250 1720.6
1209260 1715.3
1209270 1708.4
1209280 1708.4
1209290 1701.8
1209300 1695.1
1209310 1695.1
1209320 1687.5
1209330 1681.5
1209340 1681.5
1209350 1678.6
1209360 1672.8
1209370 1666.1
1209380 1666.1
1209390 1658.3
1209400 1650.0
1209410 1650.0
1209420 1642.2
1209430 1637.6
1209440 1637.6
1209450 1631.1
1209460 1625.1
1209470 1625.1
1209480 1620.8
1209490 1617.4
1209500 1617.4
1209510 1614.4
1209520 1611.8
1209530 1611.8
1209540 1609.7
1209550 1607.9
1209560 1606.3
1209570 1606.3
1209580 1604.8
1209590 1603.6
1209600 1603.6
1209610 1602.9
1209620 1602.1
1209630 1602.1
1209640 1601.2
1209650 1600.0
1209660 1600.0
1209670 1598.8
1209680 1597.8
1209690 1597.8
1209700 1596.8
1209710 1596.4
1209720 1596.8
1209730 1598.1
1209740 1599.0
1209750 1599.0
1209760 1599.8
1209770 1600.5
1209780 1601.1
1209790 1601.1
1209800 1601.7
1209810 1602.3
1209820 1602.3
1209830 1603.1
1209840 1604.0
1209850 1604.0
1209860 1605.0
1209870 1606.0
1209880 1606.0
1209890 1606.7
1209900 1607.6
1209910 1607.6
1209920 1608.5
1209930 1609.4
1209940 1609.4
1209950 1610.3
1209960 1611.3
1209970 1612.5
1209980 1612.5
1209990 1613.8
1210000 1615.3
1210010 1615.3
1210020 1617.3
1210030 1619.4
1210040 1619.4
1210050 1621.7
1210060 1624.0
1210070 1624.0
1210080 1626.0
1210090 1627.2
1210100 1627.2
1210110 1627.3
1210120 1627.9
1210130 1627.9
1210140 1630.0
1210150 1631.8
1210160 1631.8
1210170 1634.2
1210180 1638.0
1210190 1641.6
1210200 1641.6
1210210 1643.2
1210220 1645.9
1210230 1645.9
1210240 1652.8
1210250 1660.1
1210260 1660.1
1210270 1667.1
1210280 1673.9
1210290 1673.9
1210300 1680.9
1210310 1688.2
1210320 1688.2
1210330 1695.4
1210340 1702.8
1210350 1702.8
1210360 1709.7
1210370 1716.5
1210380 1723.6
1210390 1723.6
1210400 1730.9
1210410 1738.0
1210420 1738.0
1210430 1744.9
1210440 1751.3
1210450 1751.3
1210460 1756.9
1210470 1762.3
1210480 1762.3
1210490 1768.0
1210500 1774.7
1210510 1774.7
1210520 1781.6
1210530 1788.1
1210540 1788.1
1210550 1794.9
1210560 1801.8
1210570 1801.8
1210580 1808.4
1210590 1815.1
1210600 1821.9
1210610 1821.9
1210620 1828.8
1210630 1835.6
1210640 1834.5
1210650 1841.2
1210660 1848.7
1210670 1848.7
1210680 1855.8
1210690 1863.4
1210700 1863.4
1210710 1870.9
1210720 1878.7
1210730 1878.7
1210740 1886.7
1210750 1894.5
1210760 1894.5
1210770 1902.3
1210780 1909.9
1210790 1909.9
1210800 1917.2
1210810 1925.4
1210820 1933.3
1210830 1933.3
1210840 1940.9
1210850 1949.2
1210860 1949.2
1210870 1966.5
1210880 1979.6
1210890 1979.6
1210900 1988.6
1210910 1998.8
1210920 1998.8
1210930 2009.5
1210940 2027.7
1210950 2027.7
1210960 2042.2
1210970 2048.3
1210980 2048.3
1210990 2046.4
1211000 2048.5
1211010 2056.8
1211020 2056.8
1211030 2092.4
1211040 2115.9
1211050 2115.9
1211060 2142.4
1211070 2167.6
1211080 2167.6
1211090 2175.5
1211100 2177.1
1211110 2177.1
1211120 2181.4
1211130 2193.4
1211140 2193.4
1211150 2206.0
1211160 2213.4
1211170 2213.4
1211180 2220.3
1211190 2226.1
1211200 2226.1
1211210 2232.3
1211220 2239.2
1211230 2251.4
1211240 2251.4
1211250 2263.6
1211260 2270.1
1211270 2270.1
1211280 2276.3
1211290 2283.7
1211300 2283.7
1211310 2293.0
1211320 2302.0
1211330 2302.0
1211340 2310.7
1211350 2317.8
1211360 2317.8
1211370 2323.4
1211380 2328.0
1211390 2328.0
1211400 2333.4
1211410 2339.3
1211420 2345.2
1211430 2345.2
1211440 2350.9
1211450 2356.3
1211460 2356.3
1211470 2365.0
1211480 2373.4
1211490 2373.4
1211500 2381.4
1211510 2389.0
1211520 2389.0
1211530 2395.7
1211540 2401.0
1211550 2401.0
1211560 2409.3
1211570 2414.2
1211580 2414.2
1211590 2420.3
1211600 2424.2
1211610 2424.2
1211620 2432.3
1211630 2441.1
1211640 2442.8
1211650 2442.8
1211660 2442.0
1211670 2442.2
1211680 2442.2
1211690 2440.9
1211700 2440.1
1211710 2440.1
1211720 2438.9
1211730 2441.7
1211740 2441.7
1211750 2446.7
1211760 2447.3
1211770 2447.3
1211780 2448.7
1211790 2455.8
1211800 2455.8
1211810 2461.0
1211820 2461.6
1211830 2463.7
1211840 2463.7
1211850 2465.3
1211860 2470.2
1211870 2470.2
1211880 2460.4
1211890 2455.9
1211900 2455.9
1211910 2457.5
1211920 2449.0
1211930 2449.0
1211940 2447.6
1211950 2446.2
1211960 2446.2
1211970 2441.3
1211980 2432.4
1211990 2432.4
1212000 2427.6
1212010 2421.6
1212020 2421.6
1212030 2432.5
1212040 2434.3
1212050 2436.4
1212060 2436.4
1212070 2438.6
1212080 2443.3
1212090 2443.3
1212100 2458.0
1212110 2471.8
1212120 2471.8
1212130 2472.3
1212140 2469.8
1212150 2469.8
1212160 2461.8
1212170 2449.4
1212180 2449.4
1212190 2442.7
1212200 2443.7
1212210 2443.7
1212220 2445.6
1212230 2446.7
1212240 2453.1
1212250 2453.1
1212260 2464.6
1212270 2473.0
1212280 2473.0
1212290 2479.2
1212300 2486.4
1212310 2486.4
1212320 2490.7
1212330 2494.7
1212340 2494.7
1212350 2497.8
1212360 2503.0
1212370 2503.0
1212380 2509.3
1212390 2514.6
1212400 2514.6
1212410 2518.4
1212420 2522.6
1212430 2522.6
1212440 2525.0
1212450 2527.7
1212460 2530.9
1212470 2530.9
1212480 2527.8
1212490 2542.6
1212500 2542.6
1212510 2542.0
1212520 2542.6
1212530 2542.6
1212540 2545.9
1212550 2548.8
1212560 2548.8
1212570 2547.3
1212580 2544.3
1212590 2544.3
1212600 2540.1
1212610 2534.9
1212620 2534.9
1212630 2533.3
1212640 2535.7
1212650 2535.7
1212660 2537.6
1212670 2537.9
1212680 2538.5
1212690 2538.5
1212700 2544.0
1212710 2548.3
1212720 2548.3
1212730 2551.5
1212740 2553.8
1212750 2553.8
1212760 2555.5
1212770 2557.2
1212780 2557.2
1212790 2558.9
1212800 2560.8
1212810 2560.8
1212820 2562.5
1212830 2564.3
1212840 2564.3
1212850 2567.4
1212860 2573.3
1212870 2580.9
1212880 2580.9
1212890 2587.3
1212900 2586.2
1212910 2586.2
1212920 2580.6
1212930 2574.1
1212940 2574.1
1212950 2569.1
1212960 2571.6
1212970 2571.6
1212980 2567.4
1212990 2562.2
1213000 2562.2
1213010 2557.7
1213020 2554.6
1213030 2554.6
1213040 2553.3
1213050 2553.6
1213060 2553.6
1213070 2553.5
1213080 2554.8
1213090 2554.5
1213100 2554.5
1213110 2554.5
1213120 2558.7
1213130 2558.7
1213140 2563.5
1213150 2566.9
1213160 2566.9
1213170 2569.9
1213180 2572.1
1213190 2572.1
1213200 2574.3
1213210 2577.1
1213220 2577.1
1213230 2578.3
1213240 2580.8
1213250 2580.8
1213260 2585.5
1213270 2588.9
1213280 2590.6
1213290 2590.6
1213300 2592.1
1213310 2593.5
1213320 2593.5
1213330 2595.2
1213340 2597.5
1213350 2597.5
1213360 2600.1
1213370 2603.0
1213380 2603.0
1213390 2606.5
1213400 2611.3
1213410 2611.3
1213420 2614.9
1213430 2620.8
1213440 2620.8
1213450 2621.7
1213460 2621.0
1213470 2621.0
1213480 2620.9
1213490 2620.9
1213500 2623.1
1213510 2623.1
1213520 2627.1
1213530 2629.3
1213540 2629.3
1213550 2630.8
1213560 2633.5
1213570 2633.5
1213580 2636.1
1213590 2638.6
1213600 2638.6
1213610 2640.2
1213620 2642.5
1213630 2642.5
1213640 2645.9
1213650 2648.7
1213660 2648.7
1213670 2650.7
1213680 2652.3
1213690 2654.3
1213700 2654.3
1213710 2656.6
1213720 2659.4
1213730 2659.4
1213740 2663.2
1213750 2667.8
1213760 2667.8
1213770 2672.5
1213780 2677.2
1213790 2677.2
1213800 2681.3
1213810 2685.4
1213820 2685.4
1213830 2689.5
1213840 2693.9
1213850 2693.9
1213860 2699.1
1213870 2704.5
1213880 2704.5
1213890 2705.3
1213900 2711.2
1213910 2717.3
1213920 2717.3
1213930 2723.3
1213940 2728.6
1213950 2728.6
1213960 2733.1
1213970 2736.8
1213980 2736.8
1213990 2740.5
1214000 2745.8
1214010 2745.8
1214020 2750.4
1214030 2754.9
1214040 2754.9
1214050 2760.2
1214060 2766.0
1214070 2766.0
1214080 2772.2
1214090 2777.9
1214100 2783.4
1214110 2783.4
1214120 2790.2
1214130 2801.1
1214140 2801.1
1214150 2812.7
1214160 2825.0
1214170 2825.0
1214180 2836.7
1214190 2852.2
1214200 2852.2
1214210 2866.1
1214220 2879.0
1214230 2879.0
1214240 2895.6
1214250 2911.8
1214260 2911.8
1214270 2920.5
1214280 2930.3
1214290 2930.3
1214300 2940.3
1214310 2951.2
1214320 2961.8
1214330 2961.8
1214340 2969.1
1214350 2975.4
1214360 2969.8
1214370 2978.6
1214380 2976.3
1214390 2976.3
1214400 2966.2
1214410 2958.3
1214420 2958.3
1214430 2951.4
1214440 2940.1
1214450 2940.1
1214460 2925.5
1214470 2912.8
1214480 2912.8
1214490 2897.5
1214500 2886.2
1214510 2886.2
1214520 2874.1
1214530 2867.5
1214540 2862.2
1214550 2862.2
1214560 2858.4
1214570 2854.5
1214580 2854.5
1214590 2849.9
1214600 2845.5
1214610 2845.5
1214620 2841.6
1214630 2838.2
1214640 2838.2
1214650 2835.0
1214660 2831.0
1214670 2831.0
1214680 2826.7
1214690 2822.8
1214700 2822.8
1214710 2819.5
1214720 2816.3
1214730 2813.1
1214740 2813.1
1214750 2810.2
1214760 2807.9
1214770 2807.9
1214780 2806.3
1214790 2804.7
1214800 2804.7
1214810 2802.7
1214820 2800.3
1214830 2797.0
1214840 2794.6
1214850 2792.4
1214860 2792.4
1214870 2789.7
1214880 2787.2
1214890 2787.2
1214900 2784.9
1214910 2782.9
1214920 2782.9
1214930 2781.6
1214940 2780.7
1214950 2779.2
1214960 2779.2
1214970 2777.2
1214980 2775.3
1214990 2775.3
1215000 2773.5
1215010 2772.2
1215020 2772.2
1215030 2770.6
1215040 2768.5
1215050 2768.5
1215060 2766.1
1215070 2764.0
1215080 2764.0
1215090 2762.1
1215100 2760.2
1215110 2760.2
1215120 2758.6
1215130 2757.6
1215140 2756.9
1215150 2756.9
1215160 2756.3
1215170 2756.0
1215180 2756.0
1215190 2756.2
1215200 2755.9
1215210 2755.9
1215220 2754.7
1215230 2752.6
1215240 2752.6
1215250 2749.7
1215260 2746.5
1215270 2746.5
1215280 2743.3
1215290 2740.8
1215300 2740.2
1215310 2740.0
1215320 2740.2
1215330 2740.2
1215340 2740.1
1215350 2739.3
1215360 2736.2
1215370 2736.2
1215380 2731.3
1215390 2726.3
1215400 2726.3
1215410 2721.9
1215420 2717.4
1215430 2717.4
1215440 2712.6
1215450 2708.4
1215460 2708.4
1215470 2704.9
1215480 2701.1
1215490 2701.1
1215500 2697.1
1215510 2694.3
1215520 2694.3
1215530 2691.1
1215540 2688.4
1215550 2686.4
1215560 2686.4
1215570 2686.0
1215580 2685.2
1215590 2685.2
1215600 2683.4
1215610 2681.1
1215620 2681.1
1215630 2680.0
1215640 2679.0
1215650 2679.0
1215660 2677.1
1215670 2672.6
1215680 2672.6
1215690 2665.3
1215700 2658.7
1215710 2658.7
1215720 2653.3
1215730 2651.0
1215740 2651.0
1215750 2649.8
1215760 2648.1
1215770 2646.8
1215780 2646.8
1215790 2643.9
1215800 2640.9
1215810 2640.9
1215820 2638.1
1215830 2635.4
1215840 2635.4
1215850 2633.9
1215860 2633.0
1215870 2633.0
1215880 2632.2
1215890 2631.4
1215900 2631.4
1215910 2631.0
1215920 2631.0
1215930 2631.0
1215940 2631.5
1215950 2632.8
1215960 2632.9
1215970 2632.9
1215980 2632.5
1215990 2633.0
1216000 2633.0
1216010 2633.8
1216020 2635.1
1216030 2635.1
1216040 2636.6
1216050 2637.7
1216060 2637.7
1216070 2638.7
1216080 2640.6
1216090 2640.6
1216100 2642.8
1216110 2646.5
1216120 2646.5
1216130 2649.1
1216140 2650.1
1216150 2650.1
1216160 2650.9
1216170 2651.4
1216180 2653.0
1216190 2653.0
1216200 2655.0
1216210 2657.2
1216220 2657.2
1216230 2660.1
1216240 2657.5
1216250 2657.5
1216260 2659.1
1216270 2659.5
1216280 2659.5
1216290 2659.0
1216300 2657.8
1216310 2657.8
1216320 2656.0
1216330 2654.7
1216340 2654.7
1216350 2654.1
1216360 2654.2
1216370 2654.2
1216380 2654.2
1216390 2652.8
1216400 2650.7
1216410 2650.7
1216420 2649.3
1216430 2649.3
1216440 2649.3
1216450 2650.6
1216460 2651.1
1216470 2651.1
1216480 2650.7
1216490 2650.4
1216500 2650.4
1216510 2650.0
1216520 2648.6
1216530 2648.6
1216540 2645.4
1216550 2641.3
1216560 2641.3
1216570 2637.3
1216580 2633.7
1216590 2630.1
1216600 2630.1
1216610 2626.8
1216620 2624.0
1216630 2624.0
1216640 2621.0
1216650 2618.0
1216660 2618.0
1216670 2615.0
1216680 2612.2
1216690 2612.2
1216700 2610.1
1216710 2607.7
1216720 2607.7
1216730 2605.9
1216740 2606.1
1216750 2606.1
1216760 2609.0
1216770 2610.7
1216780 2610.7
1216790 2608.8
1216800 2606.3
1216810 2607.0
1216820 2607.0
1216830 2607.6
1216840 2607.8
1216850 2607.8
1216860 2609.0
1216870 2608.6
1216880 2608.6
1216890 2607.7
1216900 2607.5
1216910 2607.5
1216920 2607.6
1216930 2607.9
1216940 2607.9
1216950 2608.5
1216960 2609.3
1216970 2609.3
1216980 2609.7
1216990 2610.0
1217000 2610.6
1217010 2610.6
1217020 2613.3
1217030 2614.9
1217040 2614.9
1217050 2615.9
1217060 2616.5
1217070 2616.5
1217080 2617.5
1217090 2617.8
1217100 2617.8
1217110 2617.0
1217120 2617.7
1217130 2617.7
1217140 2619.1
1217150 2620.2
1217160 2620.2
1217170 2620.6
1217180 2621.4
1217190 2619.2
1217200 2620.0
1217210 2619.5
1217220 2618.3
1217230 2618.3
1217240 2618.1
1217250 2620.1
1217260 2620.1
1217270 2623.7
1217280 2628.6
1217290 2628.6
1217300 2634.8
1217310 2640.3
1217320 2640.3
1217330 2642.7
1217340 2645.3
1217350 2645.3
1217360 2650.1
1217370 2653.2
1217380 2653.2
1217390 2655.3
1217400 2660.6
1217410 2664.7
1217420 2664.7
1217430 2666.0
1217440 2664.5
1217450 2664.5
1217460 2665.8
1217470 2669.0
1217480 2669.0
1217490 2672.0
1217500 2675.1
1217510 2675.1
1217520 2678.8
1217530 2680.8
1217540 2680.8
1217550 2681.5
1217560 2684.2
1217570 2684.2
1217580 2686.5
1217590 2687.3
1217600 2687.3
1217610 2689.7
1217620 2693.4
1217630 2696.8
1217640 2696.8
1217650 2701.0
1217660 2691.9
1217670 2691.9
1217680 2686.5
1217690 2679.3
1217700 2679.3
1217710 2672.0
1217720 2665.9
1217730 2665.9
1217740 2662.2
1217750 2661.2
1217760 2661.2
1217770 2660.2
1217780 2653.4
1217790 2653.4
1217800 2639.9
1217810 2631.3
1217820 2627.4
1217830 2627.4
1217840 2626.1
1217850 2623.2
1217860 2623.2
1217870 2621.4
1217880 2622.8
1217890 2622.8
1217900 2624.1
1217910 2621.7
1217920 2621.7
1217930 2617.4
1217940 2614.9
1217950 2614.9
1217960 2609.8
1217970 2603.1
1217980 2603.1
1217990 2600.0
1218000 2598.3
1218010 2598.3
1218020 2595.0
1218030 2591.2
1218040 2588.8
1218050 2588.8
1218060 2583.7
1218070 2582.9
1218080 2582.9
1218090 2577.6
1218100 2569.1
1218110 2569.1
1218120 2563.0
1218130 2551.8
1218140 2551.8
1218150 2542.3
1218160 2525.7
1218170 2525.7
1218180 2510.0
1218190 2494.2
1218200 2494.2
1218210 2482.5
1218220 2471.2
1218230 2459.3
1218240 2459.3
1218250 2452.8
1218260 2446.7
1218270 2446.7
1218280 2439.1
1218290 2430.3
1218300 2430.3
1218310 2422.1
1218320 2414.5
1218330 2414.5
1218340 2406.8
1218350 2399.2
1218360 2399.2
1218370 2391.9
1218380 2384.3
1218390 2384.3
1218400 2376.5
1218410 2367.5
1218420 2367.5
1218430 2358.2
1218440 2349.6
1218450 2341.8
1218460 2341.8
1218470 2334.3
1218480 2327.8
1218490 2327.8
1218500 2321.6
1218510 2315.3
1218520 2315.3
1218530 2308.9
1218540 2302.6
1218550 2302.6
1218560 2294.6
1218570 2285.7
1218580 2285.7
1218590 2274.4
1218600 2259.1
1218610 2259.8
1218620 2246.6
1218630 2238.5
1218640 2233.0
1218650 2233.0
1218660 2227.9
1218670 2223.4
1218680 2223.4
1218690 2216.2
1218700 2207.5
1218710 2207.5
1218720 2197.5
1218730 2187.6
1218740 2187.6
1218750 2181.7
1218760 2176.7
1218770 2176.7
1218780 2172.1
1218790 2166.8
1218800 2166.8
1218810 2160.2
1218820 2152.8
1218830 2152.8
1218840 2145.3
1218850 2138.1
1218860 2130.8
1218870 2130.8
1218880 2123.4
1218890 2117.3
1218900 2117.3
1218910 2112.5
1218920 2107.9
1218930 2107.9
1218940 2103.0
1218950 2098.5
1218960 2098.5
1218970 2094.0
1218980 2089.8
1218990 2089.8
1219000 2085.2
1219010 2080.2
1219020 2080.2
1219030 2074.4
1219040 2067.4
1219050 2067.4
1219060 2062.2
1219070 2061.1
1219080 2058.3
1219090 2058.3
1219100 2057.7
1219110 2056.4
1219120 2056.4
1219130 2056.2
1219140 2058.1
1219150 2058.1
1219160 2059.9
1219170 2061.1
1219180 2061.1
1219190 2062.5
1219200 2065.1
1219210 2065.1
1219220 2068.0
1219230 2071.6
1219240 2071.6
1219250 2074.6
1219260 2077.3
1219270 2080.1
1219280 2080.1
1219290 2082.7
1219300 2086.0
1219310 2086.0
1219320 2088.9
1219330 2091.9
1219340 2091.9
1219350 2096.0
1219360 2099.2
1219370 2099.2
1219380 2102.0
1219390 2105.3
1219400 2105.3
1219410 2108.6
1219420 2111.8
1219430 2111.8
1219440 2115.7
1219450 2119.9
1219460 2119.9
1219470 2124.3
1219480 2129.0
1219490 2134.4
1219500 2134.4
1219510 2140.4
1219520 2146.5
1219530 2146.5
1219540 2152.8
1219550 2159.3
1219560 2159.5
1219570 2166.4
1219580 2173.2
1219590 2173.2
1219600 2180.1
1219610 2187.1
1219620 2187.1
1219630 2194.0
1219640 2200.9
1219650 2200.9
1219660 2207.8
1219670 2214.7
1219680 2221.7
1219690 2221.7
1219700 2229.6
1219710 2238.5
1219720 2238.5
1219730 2248.0
1219740 2257.9
1219750 2257.9
1219760 2266.3
1219770 2275.3
1219780 2275.3
1219790 2283.7
1219800 2290.1
1219810 2290.1
1219820 2295.6
1219830 2302.8
1219840 2302.8
1219850 2310.1
1219860 2318.5
1219870 2318.5
1219880 2326.7
1219890 2338.0
1219900 2344.8
1219910 2344.8
1219920 2351.8
1219930 2361.3
1219940 2361.3
1219950 2370.3
1219960 2377.7
1219970 2377.7
1219980 2386.5
1219990 2393.8
