1200000 2559.2
1200010 2559.3
1200020 2559.3
1200030 2560.2
1200040 2561.4
1200050 2565.6
1200060 2565.6
1200070 2572.7
1200080 2578.0
1200090 2578.0
1200100 2581.0
1200110 2583.2
1200120 2583.2
1200130 2585.1
1200140 2586.1
1200150 2586.1
1200160 2586.1
1200170 2586.9
1200180 2586.9
1200190 2589.2
1200200 2591.5
1200210 2591.5
1200220 2594.0
1200230 2596.3
1200240 2596.3
1200250 2599.7
1200260 2602.9
1200270 2606.4
1200280 2606.4
1200290 2609.5
1200300 2612.2
1200310 2612.2
1200320 2614.8
1200330 2618.0
1200340 2618.0
1200350 2622.0
1200360 2626.7
1200370 2626.7
1200380 2631.3
1200390 2636.1
1200400 2636.1
1200410 2640.7
1200420 2645.6
1200430 2645.6
1200440 2650.2
1200450 2654.9
1200460 2654.9
1200470 2660.0
1200480 2665.0
1200490 2670.3
1200500 2670.3
1200510 2675.6
1200520 2681.0
1200530 2681.0
1200540 2686.5
1200550 2692.1
1200560 2692.1
1200570 2697.8
1200580 2703.5
1200590 2703.5
1200600 2709.3
1200610 2715.1
1200620 2715.1
1200630 2721.0
1200640 2727.7
1200650 2727.7
1200660 2733.7
1200670 2739.7
1200680 2745.9
1200690 2745.9
1200700 2752.3
1200710 2758.3
1200720 2758.3
1200730 2764.4
1200740 2770.6
1200750 2770.6
1200760 2776.8
1200770 2783.0
1200780 2783.0
1200790 2789.5
1200800 2796.3
1200810 2796.3
1200820 2803.6
1200830 2810.8
1200840 2810.8
1200850 2818.1
1200860 2825.7
1200870 2825.7
1200880 2833.4
1200890 2841.0
1200900 2848.6
1200910 2848.6
1200920 2855.9
1200930 2863.8
1200940 2863.8
1200950 2874.8
1200960 2884.4
1200970 2884.4
1200980 2898.9
1200990 2917.2
1201000 2917.2
1201010 2927.0
1201020 2936.6
1201030 2936.6
1201040 2933.8
1201050 2929.9
1201060 2929.9
1201070 2925.8
1201080 2921.3
1201090 2914.6
1201100 2910.8
1201110 2906.9
1201120 2904.0
1201130 2904.0
1201140 2902.9
1201150 2903.9
1201160 2903.9
1201170 2905.4
1201180 2907.6
1201190 2907.6
1201200 2909.8
1201210 2912.7
1201220 2912.7
1201230 2916.0
1201240 2919.2
1201250 2919.2
1201260 2923.0
1201270 2927.7
1201280 2927.7
1201290 2933.0
1201300 2937.6
1201310 2941.4
1201320 2941.4
1201330 2945.9
1201340 2950.9
1201350 2950.9
1201360 2955.6
1201370 2961.3
1201380 2961.3
1201390 2974.4
1201400 2990.6
1201410 2990.6
1201420 3004.3
1201430 3009.8
1201440 3009.8
1201450 3014.0
1201460 3019.6
1201470 3019.6
1201480 3029.6
1201490 3040.3
1201500 3040.3
1201510 3049.8
1201520 3058.9
1201530 3070.5
1201540 3070.5
1201550 3081.9
1201560 3090.6
1201570 3090.6
1201580 3096.7
1201590 3104.3
1201600 3104.3
1201610 3114.7
1201620 3126.8
1201630 3126.8
1201640 3144.4
1201650 3164.0
1201660 3164.0
1201670 3178.6
1201680 3191.8
1201690 3191.8
1201700 3205.5
1201710 3221.2
1201720 3221.2
1201730 3234.2
1201740 3237.4
1201750 3231.1
1201760 3231.1
1201770 3224.1
1201780 3214.8
1201790 3214.8
1201800 3201.5
1201810 3192.6
1201820 3192.6
1201830 3186.0
1201840 3180.4
1201850 3180.4
1201860 3172.8
1201870 3163.6
1201880 3163.6
1201890 3156.1
1201900 3151.2
1201910 3151.2
1201920 3146.3
1201930 3141.3
1201940 3137.3
1201950 3137.3
1201960 3133.9
1201970 3131.0
1201980 3125.9
1201990 3123.2
1202000 3120.7
1202010 3120.7
1202020 3118.5
1202030 3116.8
1202040 3116.8
1202050 3115.7
1202060 3115.4
1202070 3115.4
1202080 3116.4
1202090 3118.5
1202100 3118.5
1202110 3121.6
1202120 3125.7
1202130 3125.7
1202140 3131.9
1202150 3140.3
1202160 3151.8
1202170 3151.8
1202180 3160.3
1202190 3166.6
1202200 3166.6
1202210 3172.6
1202220 3176.5
1202230 3176.5
1202240 3180.1
1202250 3184.1
1202260 3184.1
1202270 3189.6
1202280 3198.8
1202290 3198.8
1202300 3213.8
1202310 3227.0
1202320 3227.0
1202330 3230.3
1202340 3234.6
1202350 3245.9
1202360 3245.9
1202370 3262.9
1202380 3279.4
1202390 3279.4
1202400 3289.8
1202410 3306.0
1202420 3306.0
1202430 3300.1
1202440 3313.9
1202450 3313.9
1202460 3327.2
1202470 3344.0
1202480 3344.0
1202490 3356.3
1202500 3353.0
1202510 3353.0
1202520 3347.8
1202530 3343.3
1202540 3343.3
1202550 3340.1
1202560 3336.6
1202570 3344.2
1202580 3344.2
1202590 3352.9
1202600 3357.0
1202610 3357.0
1202620 3352.9
1202630 3347.6
1202640 3347.6
1202650 3350.6
1202660 3352.6
1202670 3352.6
1202680 3356.0
1202690 3363.4
1202700 3363.4
1202710 3372.6
1202720 3379.0
1202730 3379.0
1202740 3387.0
1202750 3386.5
1202760 3386.5
1202770 3381.5
1202780 3386.6
1202790 3391.7
1202800 3391.7
1202810 3392.9
1202820 3395.6
1202830 3395.6
1202840 3405.0
1202850 3403.3
1202860 3403.3
1202870 3397.7
1202880 3387.2
1202890 3387.2
1202900 3378.1
1202910 3371.3
1202920 3371.3
1202930 3365.0
1202940 3340.2
1202950 3340.2
1202960 3326.5
1202970 3304.5
1202980 3289.2
1202990 3289.2
1203000 3282.7
1203010 3272.4
1203020 3272.4
1203030 3258.2
1203040 3249.3
1203050 3249.3
1203060 3241.5
1203070 3233.8
1203080 3233.8
1203090 3224.8
1203100 3215.6
1203110 3215.6
1203120 3206.7
1203130 3199.3
1203140 3199.3
1203150 3184.6
1203160 3161.6
1203170 3161.6
1203180 3153.4
1203190 3145.5
1203200 3138.0
1203210 3138.0
1203220 3131.8
1203230 3123.7
1203240 3123.7
1203250 3113.6
1203260 3103.5
1203270 3103.5
1203280 3094.4
1203290 3087.7
1203300 3087.7
1203310 3078.6
1203320 3068.5
1203330 3062.1
1203340 3056.3
1203350 3050.9
1203360 3050.9
1203370 3045.3
1203380 3040.8
1203390 3040.8
1203400 3037.0
1203410 3032.8
1203420 3026.9
1203430 3026.9
1203440 3019.3
1203450 3009.7
1203460 3009.7
1203470 3000.7
1203480 2991.8
1203490 2991.8
1203500 2982.2
1203510 2974.9
1203520 2974.9
1203530 2966.4
1203540 2963.8
1203550 2963.8
1203560 2972.1
1203570 2969.1
1203580 2969.1
1203590 2965.2
1203600 2965.8
1203610 2966.8
1203620 2966.8
1203630 2967.2
1203640 2967.3
1203650 2967.3
1203660 2966.8
1203670 2965.8
1203680 2965.8
1203690 2966.1
1203700 2969.7
1203710 2969.7
1203720 2974.0
1203730 2970.1
1203740 2970.1
1203750 2963.3
1203760 2956.1
1203770 2956.1
1203780 2947.7
1203790 2939.9
1203800 2939.9
1203810 2929.6
1203820 2916.4
1203830 2902.5
1203840 2902.5
1203850 2886.8
1203860 2866.6
1203870 2866.6
1203880 2843.0
1203890 2830.4
1203900 2830.4
1203910 2823.3
1203920 2816.5
1203930 2816.5
1203940 2811.0
1203950 2806.8
1203960 2806.8
1203970 2803.8
1203980 2801.3
1203990 2801.3
1204000 2798.6
1204010 2796.2
1204020 2796.2
1204030 2793.8
1204040 2791.5
1204050 2789.6
1204060 2789.6
1204070 2788.2
1204080 2787.2
1204090 2787.2
1204100 2786.0
1204110 2784.6
1204120 2784.6
1204130 2783.5
1204140 2782.4
1204150 2782.4
1204160 2781.5
1204170 2781.2
1204180 2781.2
1204190 2781.7
1204200 2782.9
1204210 2782.9
1204220 2782.9
1204230 2775.9
1204240 2772.0
1204250 2772.0
1204260 2766.7
1204270 2762.5
1204280 2762.5
1204290 2761.5
1204300 2761.7
1204310 2761.7
1204320 2763.1
1204330 2761.3
1204340 2761.3
1204350 2756.3
1204360 2750.0
1204370 2750.0
1204380 2741.6
1204390 2731.1
1204400 2731.1
1204410 2713.1
1204420 2701.1
1204430 2701.1
1204440 2695.7
1204450 2690.9
1204460 2686.1
1204470 2686.1
1204480 2681.6
1204490 2677.6
1204500 2677.6
1204510 2673.7
1204520 2669.0
1204530 2669.0
1204540 2665.2
1204550 2661.4
1204560 2661.4
1204570 2657.4
1204580 2653.3
1204590 2653.3
1204600 2650.3
1204610 2648.7
1204620 2648.7
1204630 2646.9
1204640 2645.0
1204650 2643.0
1204660 2643.0
1204670 2641.4
1204680 2638.9
1204690 2638.9
1204700 2637.2
1204710 2635.6
1204720 2635.6
1204730 2633.6
1204740 2631.3
1204750 2631.3
1204760 2629.1
1204770 2626.9
1204780 2626.9
1204790 2624.8
1204800 2622.7
1204810 2622.7
1204820 2620.6
1204830 2618.9
1204840 2618.9
1204850 2617.4
1204860 2616.0
1204870 2614.5
1204880 2614.5
1204890 2613.0
1204900 2611.4
1204910 2611.4
1204920 2609.9
1204930 2608.6
1204940 2608.6
1204950 2607.8
1204960 2607.7
1204970 2607.7
1204980 2607.1
1204990 2607.2
1205000 2607.2
1205010 2605.6
1205020 2603.6
1205030 2603.6
1205040 2601.8
1205050 2600.7
1205060 2600.7
1205070 2599.3
1205080 2597.8
1205090 2596.4
1205100 2596.4
1205110 2595.1
1205120 2593.7
1205130 2593.7
1205140 2592.9
1205150 2592.2
1205160 2592.2
1205170 2591.4
1205180 2590.4
1205190 2590.4
1205200 2588.8
1205210 2586.6
1205220 2586.6
1205230 2583.9
1205240 2580.8
1205250 2580.8
1205260 2577.4
1205270 2573.5
1205280 2569.3
1205290 2569.3
1205300 2565.9
1205310 2563.8
1205320 2563.8
1205330 2563.0
1205340 2562.7
1205350 2562.7
1205360 2562.4
1205370 2562.3
1205380 2562.3
1205390 2561.8
1205400 2561.4
1205410 2561.4
1205420 2561.5
1205430 2560.3
1205440 2560.3
1205450 2558.3
1205460 2556.2
1205470 2556.2
1205480 2554.1
1205490 2551.5
1205500 2548.8
1205510 2548.8
1205520 2546.8
1205530 2546.7
1205540 2546.7
1205550 2544.3
1205560 2538.7
1205570 2538.7
1205580 2531.9
1205590 2528.0
1205600 2528.0
1205610 2520.9
1205620 2514.1
1205630 2514.1
1205640 2507.6
1205650 2502.2
1205660 2502.2
1205670 2498.0
1205680 2494.6
1205690 2494.6
1205700 2491.6
1205710 2487.4
1205720 2481.0
1205730 2481.0
1205740 2473.5
1205750 2465.9
1205760 2465.9
1205770 2459.1
1205780 2452.4
1205790 2452.4
1205800 2446.1
1205810 2439.6
1205820 2439.6
1205830 2432.5
1205840 2427.3
1205850 2427.3
1205860 2422.4
1205870 2418.3
1205880 2418.3
1205890 2414.4
1205900 2411.6
1205910 2409.0
1205920 2409.0
1205930 2405.8
1205940 2402.0
1205950 2402.0
1205960 2399.3
1205970 2398.2
1205980 2398.2
1205990 2397.0
1206000 2395.6
1206010 2395.6
1206020 2393.1
1206030 2387.5
1206040 2389.0
1206050 2384.8
1206060 2381.1
1206070 2381.1
1206080 2373.8
1206090 2365.1
1206100 2365.1
1206110 2357.3
1206120 2353.6
1206130 2351.3
1206140 2351.3
1206150 2350.3
1206160 2348.7
1206170 2348.7
1206180 2346.9
1206190 2345.9
1206200 2345.9
1206210 2347.0
1206220 2348.5
1206230 2348.5
1206240 2346.6
1206250 2342.9
1206260 2342.9
1206270 2338.6
1206280 2335.0
1206290 2335.0
1206300 2333.2
1206310 2332.5
1206320 2332.5
1206330 2331.4
1206340 2331.2
1206350 2332.1
1206360 2332.1
1206370 2332.7
1206380 2332.9
1206390 2332.9
1206400 2334.8
1206410 2335.4
1206420 2335.4
1206430 2333.7
1206440 2332.8
1206450 2332.8
1206460 2331.7
1206470 2330.0
1206480 2330.0
1206490 2330.0
1206500 2330.5
1206510 2330.5
1206520 2330.0
1206530 2329.9
1206540 2330.1
1206550 2330.1
1206560 2330.4
1206570 2330.2
1206580 2330.2
1206590 2329.4
1206600 2328.7
1206610 2328.7
1206620 2328.3
1206630 2328.3
1206640 2328.3
1206650 2328.5
1206660 2328.5
1206670 2328.5
1206680 2328.6
1206690 2329.0
1206700 2329.0
1206710 2329.1
1206720 2329.1
1206730 2329.1
1206740 2329.0
1206750 2328.8
1206760 2328.4
1206770 2328.4
1206780 2327.9
1206790 2327.4
1206800 2327.4
1206810 2326.8
1206820 2325.8
1206830 2325.8
1206840 2324.4
1206850 2322.9
1206860 2322.9
1206870 2322.2
1206880 2321.3
1206890 2321.3
1206900 2320.6
1206910 2319.9
1206920 2319.9
1206930 2319.2
1206940 2317.9
1206950 2315.2
1206960 2315.2
1206970 2311.6
1206980 2307.6
1206990 2307.6
1207000 2304.6
1207010 2301.1
1207020 2301.1
1207030 2296.8
1207040 2292.3
1207050 2292.3
1207060 2288.1
1207070 2283.4
1207080 2283.4
1207090 2278.8
1207100 2274.5
1207110 2274.5
1207120 2270.1
1207130 2266.8
1207140 2266.8
1207150 2264.2
1207160 2260.9
1207170 2257.1
1207180 2257.1
1207190 2252.2
1207200 2246.6
1207210 2246.6
1207220 2241.0
1207230 2236.4
1207240 2236.4
1207250 2231.4
1207260 2227.5
1207270 2227.5
1207280 2223.7
1207290 2219.8
1207300 2219.8
1207310 2215.9
1207320 2211.6
1207330 2211.6
1207340 2207.8
1207350 2204.6
1207360 2204.6
1207370 2202.0
1207380 2199.3
1207390 2196.4
1207400 2196.4
1207410 2194.2
1207420 2193.3
1207430 2193.3
1207440 2193.3
1207450 2190.8
1207460 2190.8
1207470 2188.6
1207480 2188.6
1207490 2188.6
1207500 2187.9
1207510 2187.2
1207520 2187.2
1207530 2186.9
1207540 2186.0
1207550 2186.0
1207560 2185.6
1207570 2185.6
1207580 2184.8
1207590 2184.8
1207600 2183.9
1207610 2183.2
1207620 2183.2
1207630 2182.2
1207640 2181.7
1207650 2181.7
1207660 2181.5
1207670 2180.9
1207680 2180.9
1207690 2180.0
1207700 2179.1
1207710 2179.1
1207720 2177.9
1207730 2176.7
1207740 2176.7
1207750 2175.6
1207760 2174.5
1207770 2174.5
1207780 2173.5
1207790 2171.5
1207800 2169.5
1207810 2169.5
1207820 2167.6
1207830 2166.3
1207840 2166.3
1207850 2165.4
1207860 2164.6
1207870 2165.7
1207880 2164.3
1207890 2163.4
1207900 2163.4
1207910 2162.5
1207920 2161.4
1207930 2161.4
1207940 2160.0
1207950 2159.2
1207960 2159.2
1207970 2159.5
1207980 2160.6
1207990 2160.6
1208000 2161.1
1208010 2159.7
1208020 2157.9
1208030 2157.9
1208040 2155.1
1208050 2152.4
1208060 2152.4
1208070 2150.3
1208080 2148.3
1208090 2148.3
1208100 2145.6
1208110 2144.7
1208120 2144.7
1208130 2145.2
1208140 2147.3
1208150 2147.3
1208160 2149.3
1208170 2150.2
1208180 2150.2
1208190 2149.9
1208200 2149.9
1208210 2149.6
1208220 2149.6
1208230 2149.7
1208240 2149.4
1208250 2149.4
1208260 2147.5
1208270 2143.2
1208280 2143.2
1208290 2135.2
1208300 2127.7
1208310 2127.7
1208320 2116.9
1208330 2120.2
1208340 2120.2
1208350 2117.3
1208360 2110.1
1208370 2110.1
1208380 2092.4
1208390 2075.7
1208400 2075.7
1208410 2066.2
1208420 2059.7
1208430 2051.8
1208440 2051.8
1208450 2042.3
1208460 2034.4
1208470 2034.4
1208480 2027.3
1208490 2020.8
1208500 2020.8
1208510 2014.0
1208520 2002.0
1208530 2002.0
1208540 1991.7
1208550 1984.6
1208560 1984.6
1208570 1976.6
1208580 1969.1
1208590 1969.1
1208600 1961.9
1208610 1953.8
1208620 1953.8
1208630 1945.6
1208640 1936.3
1208650 1928.2
1208660 1928.2
1208670 1920.5
1208680 1911.4
1208690 1911.4
1208700 1901.3
1208710 1892.3
1208720 1892.3
1208730 1884.3
1208740 1875.8
1208750 1875.8
1208760 1868.0
1208770 1860.7
1208780 1860.7
1208790 1859.6
1208800 1853.5
1208810 1853.5
1208820 1845.1
1208830 1833.5
1208840 1822.2
1208850 1822.2
1208860 1810.9
1208870 1802.5
1208880 1802.5
1208890 1795.3
1208900 1788.5
1208910 1788.5
1208920 1780.9
1208930 1773.6
1208940 1773.6
1208950 1767.5
1208960 1758.6
1208970 1758.6
1208980 1746.2
1208990 1736.7
1209000 1736.7
1209010 1728.6
1209020 1720.8
1209030 1720.8
1209040 1712.4
1209050 1703.4
1209060 1694.6
1209070 1694.6
1209080 1686.6
1209090 1675.7
1209100 1675.7
1209110 1667.0
1209120 1659.2
1209130 1659.2
1209140 1647.3
1209150 1629.3
1209160 1629.3
1209170 1621.0
1209180 1614.2
1209190 1614.2
1209200 1607.2
1209210 1599.2
1209220 1599.2
1209230 1591.7
1209240 1586.7
1209250 1581.0
1209260 1581.0
1209270 1576.6
1209280 1572.8
1209290 1572.8
1209300 1568.5
1209310 1563.9
1209320 1563.9
1209330 1559.3
1209340 1554.8
1209350 1554.8
1209360 1550.8
1209370 1548.1
1209380 1548.1
1209390 1546.1
1209400 1544.5
1209410 1544.5
1209420 1542.4
1209430 1541.1
1209440 1541.1
1209450 1540.1
1209460 1539.3
1209470 1538.7
1209480 1538.7
1209490 1538.0
1209500 1536.7
1209510 1536.7
1209520 1534.5
1209530 1532.6
1209540 1532.6
1209550 1531.5
1209560 1530.4
1209570 1530.4
1209580 1529.7
1209590 1529.4
1209600 1529.4
1209610 1528.8
1209620 1528.1
1209630 1528.1
1209640 1526.0
1209650 1526.4
1209660 1526.4
1209670 1528.4
1209680 1531.2
1209690 1535.1
1209700 1535.1
1209710 1542.0
1209720 1545.3
1209730 1545.3
1209740 1547.8
1209750 1550.2
1209760 1550.2
1209770 1552.8
1209780 1555.5
1209790 1555.5
1209800 1558.9
1209810 1562.9
1209820 1562.9
1209830 1566.9
1209840 1570.2
1209850 1570.2
1209860 1573.5
1209870 1577.2
1209880 1582.0
1209890 1582.0
1209900 1587.6
1209910 1594.0
1209920 1594.0
1209930 1600.8
1209940 1608.1
1209950 1608.1
1209960 1616.1
1209970 1623.9
1209980 1623.9
1209990 1632.3
1210000 1644.7
1210010 1644.7
1210020 1655.7
1210030 1662.8
1210040 1662.8
1210050 1669.0
1210060 1675.6
1210070 1675.6
1210080 1684.3
1210090 1694.5
1210100 1702.2
1210110 1702.2
1210120 1712.6
1210130 1724.3
1210140 1724.3
1210150 1734.4
1210160 1742.9
1210170 1745.6
1210180 1759.4
1210190 1769.8
1210200 1769.8
1210210 1779.1
1210220 1786.0
1210230 1786.0
1210240 1792.2
1210250 1800.8
1210260 1800.8
1210270 1811.2
1210280 1822.6
1210290 1822.6
1210300 1833.4
1210310 1841.3
1210320 1846.9
1210330 1846.9
1210340 1852.3
1210350 1857.2
1210360 1857.2
1210370 1863.9
1210380 1866.9
1210390 1866.9
1210400 1869.5
1210410 1874.8
1210420 1874.8
1210430 1884.1
1210440 1897.2
1210450 1897.2
1210460 1912.0
1210470 1922.6
1210480 1922.6
1210490 1931.6
1210500 1942.4
1210510 1951.6
1210520 1951.6
1210530 1957.2
1210540 1964.7
1210550 1964.7
1210560 1975.0
1210570 1989.0
1210580 1989.0
1210590 2012.1
1210600 2030.4
1210610 2030.4
1210620 2039.4
1210630 2047.1
1210640 2047.1
1210650 2053.3
1210660 2058.6
1210670 2058.6
1210680 2064.5
1210690 2071.1
1210700 2071.1
1210710 2076.8
1210720 2081.6
1210730 2086.3
1210740 2086.3
1210750 2091.8
1210760 2100.8
1210770 2100.8
1210780 2109.7
1210790 2117.5
1210800 2117.5
1210810 2124.2
1210820 2129.6
1210830 2129.6
1210840 2135.5
1210850 2142.3
1210860 2142.3
1210870 2149.7
1210880 2158.5
1210890 2158.5
1210900 2168.9
1210910 2177.3
1210920 2177.3
1210930 2182.2
1210940 2189.3
1210950 2196.8
1210960 2196.8
1210970 2200.4
1210980 2203.4
1210990 2203.4
1211000 2210.8
1211010 2219.3
1211020 2219.3
1211030 2228.3
1211040 2238.3
1211050 2238.3
1211060 2251.9
1211070 2266.3
1211080 2266.3
1211090 2268.5
1211100 2281.1
1211110 2281.1
1211120 2294.1
1211130 2303.9
1211140 2310.5
1211150 2310.5
1211160 2316.6
1211170 2323.7
1211180 2323.7
1211190 2332.4
1211200 2340.4
1211210 2340.4
1211220 2345.2
1211230 2346.8
1211240 2346.8
1211250 2337.0
1211260 2325.7
1211270 2325.7
1211280 2318.2
1211290 2315.4
1211300 2315.4
1211310 2312.5
1211320 2308.2
1211330 2308.2
1211340 2301.1
1211350 2295.0
1211360 2292.6
1211370 2292.6
1211380 2292.1
1211390 2292.5
1211400 2292.5
1211410 2292.9
1211420 2293.5
1211430 2293.5
1211440 2294.4
1211450 2295.9
1211460 2295.9
1211470 2297.8
1211480 2299.7
1211490 2299.7
1211500 2301.6
1211510 2303.1
1211520 2303.1
1211530 2304.4
1211540 2306.4
1211550 2315.4
1211560 2315.4
1211570 2318.5
1211580 2322.0
1211590 2322.0
1211600 2325.8
1211610 2329.5
1211620 2329.5
1211630 2332.6
1211640 2335.1
1211650 2335.1
1211660 2336.7
1211670 2337.7
1211680 2337.7
1211690 2340.5
1211700 2344.2
1211710 2344.2
1211720 2347.2
1211730 2350.6
1211740 2350.6
1211750 2354.0
1211760 2358.3
1211770 2363.3
1211780 2363.3
1211790 2367.2
1211800 2370.8
1211810 2370.8
1211820 2375.2
1211830 2379.0
1211840 2379.0
1211850 2382.3
1211860 2385.4
1211870 2385.4
1211880 2387.7
1211890 2389.4
1211900 2389.4
1211910 2390.7
1211920 2392.1
1211930 2392.1
1211940 2393.6
1211950 2395.1
1211960 2395.1
1211970 2397.1
1211980 2401.4
1211990 2405.3
1212000 2405.3
1212010 2408.9
1212020 2415.4
1212030 2415.4
1212040 2420.2
1212050 2424.3
1212060 2424.3
1212070 2428.1
1212080 2431.8
1212090 2431.8
1212100 2435.4
1212110 2439.5
1212120 2439.5
1212130 2443.2
1212140 2447.0
1212150 2447.0
1212160 2450.8
1212170 2454.4
1212180 2458.2
1212190 2458.2
1212200 2463.1
1212210 2467.3
1212220 2467.3
1212230 2471.1
1212240 2475.0
1212250 2475.0
1212260 2479.8
1212270 2483.9
1212280 2483.9
1212290 2486.9
1212300 2489.4
1212310 2489.4
1212320 2491.6
1212330 2493.7
1212340 2493.7
1212350 2495.9
1212360 2497.1
1212370 2497.1
1212380 2497.3
1212390 2496.8
1212400 2497.7
1212410 2497.7
1212420 2500.5
1212430 2504.6
1212440 2504.6
1212450 2509.1
1212460 2513.8
1212470 2513.8
1212480 2522.3
1212490 2527.5
1212500 2527.5
1212510 2532.8
1212520 2538.0
1212530 2538.0
1212540 2543.2
1212550 2548.4
1212560 2548.4
1212570 2553.1
1212580 2556.8
1212590 2556.8
1212600 2558.5
1212610 2559.4
1212620 2566.6
1212630 2566.6
1212640 2580.4
1212650 2594.5
1212660 2594.5
1212670 2604.5
1212680 2611.2
1212690 2611.2
1212700 2617.2
1212710 2618.1
1212720 2618.1
1212730 2620.5
1212740 2630.6
1212750 2630.6
1212760 2640.5
1212770 2647.7
1212780 2647.7
1212790 2664.1
1212800 2680.7
1212810 2686.6
1212820 2686.6
1212830 2692.5
1212840 2695.2
1212850 2695.2
1212860 2701.4
1212870 2711.9
1212880 2711.9
1212890 2716.6
1212900 2716.1
1212910 2716.1
1212920 2713.6
1212930 2714.7
1212940 2714.7
1212950 2732.8
1212960 2733.4
1212970 2733.4
1212980 2735.1
1212990 2742.1
1213000 2742.1
1213010 2747.3
1213020 2748.8
1213030 2753.5
1213040 2753.5
1213050 2760.1
1213060 2765.5
1213070 2765.5
1213080 2770.5
1213090 2781.2
1213100 2781.2
1213110 2785.6
1213120 2784.7
1213130 2784.7
1213140 2784.4
1213150 2786.6
1213160 2786.6
1213170 2793.3
1213180 2802.1
1213190 2802.1
1213200 2807.1
1213210 2810.9
1213220 2816.5
1213230 2816.5
1213240 2822.7
1213250 2828.3
1213260 2828.3
1213270 2834.2
1213280 2840.3
1213290 2840.3
1213300 2846.1
1213310 2852.6
1213320 2852.6
1213330 2861.0
1213340 2864.7
1213350 2864.7
1213360 2866.7
1213370 2872.5
1213380 2872.5
1213390 2883.4
1213400 2893.5
1213410 2893.5
1213420 2894.2
1213430 2901.4
1213440 2908.4
1213450 2908.4
1213460 2915.5
1213470 2922.7
1213480 2922.7
1213490 2930.0
1213500 2937.1
1213510 2937.1
1213520 2944.3
1213530 2951.5
1213540 2951.5
1213550 2958.8
1213560 2966.2
1213570 2966.2
1213580 2973.5
1213590 2980.7
1213600 2980.7
1213610 2989.0
1213620 2997.4
1213630 2997.4
1213640 3005.8
1213650 3016.9
1213660 3034.4
1213670 3034.4
1213680 3051.0
1213690 3055.6
1213700 3055.6
1213710 3058.6
1213720 3072.8
1213730 3072.8
1213740 3099.3
1213750 3116.3
1213760 3116.3
1213770 3138.1
1213780 3152.5
1213790 3152.5
1213800 3161.9
1213810 3174.2
1213820 3174.2
1213830 3187.7
1213840 3198.9
1213850 3207.8
1213860 3207.8
1213870 3217.2
1213880 3209.9
1213890 3209.9
1213900 3227.5
1213910 3246.1
1213920 3246.1
1213930 3257.2
1213940 3263.4
1213950 3263.4
1213960 3275.5
1213970 3282.2
1213980 3282.2
1213990 3281.7
1214000 3280.0
1214010 3280.0
1214020 3278.7
1214030 3275.3
1214040 3275.3
1214050 3273.0
1214060 3271.4
1214070 3271.0
1214080 3271.0
1214090 3270.8
1214100 3270.7
1214110 3270.7
1214120 3270.9
1214130 3271.4
1214140 3271.4
1214150 3272.6
1214160 3274.8
1214170 3274.8
1214180 3276.9
1214190 3278.4
1214200 3278.4
1214210 3278.9
1214220 3281.5
1214230 3281.5
1214240 3283.5
1214250 3285.8
1214260 3285.8
1214270 3287.8
1214280 3290.6
1214290 3294.2
1214300 3294.2
1214310 3299.4
1214320 3304.2
1214330 3304.2
1214340 3307.9
1214350 3308.4
1214360 3308.4
1214370 3313.7
1214380 3316.9
1214390 3316.9
1214400 3311.8
1214410 3291.4
1214420 3291.4
1214430 3280.4
1214440 3273.6
1214450 3273.6
1214460 3267.0
1214470 3261.1
1214480 3251.4
1214490 3251.4
1214500 3204.2
1214510 3159.4
1214520 3159.4
1214530 3154.4
1214540 3152.7
1214550 3152.7
1214560 3150.7
1214570 3148.9
1214580 3148.9
1214590 3146.2
1214600 3143.1
1214610 3143.1
1214620 3139.6
1214630 3135.9
1214640 3135.9
1214650 3132.4
1214660 3129.1
1214670 3129.1
1214680 3125.9
1214690 3122.9
1214700 3120.2
1214710 3120.2
1214720 3117.7
1214730 3115.5
1214740 3115.5
1214750 3113.5
1214760 3111.6
1214770 3111.6
1214780 3109.8
1214790 3108.1
1214800 3108.1
1214810 3106.5
1214820 3103.5
1214830 3103.5
1214840 3102.0
1214850 3100.5
1214860 3100.5
1214870 3099.1
1214880 3097.6
1214890 3097.6
1214900 3096.1
1214910 3094.5
1214920 3092.9
1214930 3092.9
1214940 3091.3
1214950 3089.5
1214960 3089.5
1214970 3087.7
1214980 3085.8
1214990 3085.8
1215000 3083.9
1215010 3081.9
1215020 3081.9
1215030 3080.0
1215040 3078.1
1215050 3078.1
1215060 3076.2
1215070 3074.2
1215080 3074.2
1215090 3072.4
1215100 3070.5
1215110 3068.7
1215120 3068.7
1215130 3067.0
1215140 3065.3
1215150 3065.3
1215160 3063.6
1215170 3061.8
1215180 3061.8
1215190 3060.0
1215200 3058.2
1215210 3058.2
1215220 3056.3
1215230 3054.4
1215240 3054.4
1215250 3052.5
1215260 3050.5
1215270 3050.5
1215280 3048.5
1215290 3043.3
1215300 3043.3
1215310 3041.3
1215320 3039.1
1215330 3037.0
1215340 3037.0
1215350 3034.9
1215360 3032.9
1215370 3032.9
1215380 3030.9
1215390 3028.9
1215400 3028.9
1215410 3026.8
1215420 3024.7
1215430 3024.7
1215440 3022.9
1215450 3021.6
1215460 3021.6
1215470 3020.3
1215480 3019.5
1215490 3019.5
1215500 3018.5
1215510 3018.5
1215520 3021.6
1215530 3021.6
1215540 3025.0
1215550 3025.8
1215560 3025.8
1215570 3025.4
1215580 3026.1
1215590 3026.1
1215600 3029.6
1215610 3034.4
1215620 3034.4
1215630 3037.5
1215640 3041.1
1215650 3041.1
1215660 3044.0
1215670 3045.5
1215680 3045.5
1215690 3046.6
1215700 3049.8
1215710 3049.8
1215720 3055.1
1215730 3060.0
1215740 3066.9
1215750 3066.9
1215760 3055.1
1215770 3054.6
1215780 3054.6
1215790 3054.7
1215800 3054.6
1215810 3054.6
1215820 3057.0
1215830 3062.6
1215840 3062.6
1215850 3064.4
1215860 3061.3
1215870 3061.3
1215880 3058.6
1215890 3060.5
1215900 3060.5
1215910 3064.0
1215920 3062.1
1215930 3062.1
1215940 3062.9
1215950 3062.4
1215960 3061.2
1215970 3061.2
1215980 3058.7
1215990 3054.3
1216000 3054.3
1216010 3051.0
1216020 3046.4
1216030 3046.4
1216040 3040.7
1216050 3029.2
1216060 3029.2
1216070 3016.6
1216080 3006.5
1216090 3006.5
1216100 2996.0
1216110 2988.8
1216120 2988.8
1216130 2984.3
1216140 2981.2
1216150 2975.2
1216160 2975.2
1216170 2968.6
1216180 2965.4
1216190 2965.4
1216200 2962.5
1216210 2958.8
1216220 2958.8
1216230 2963.5
1216240 2954.5
1216250 2954.5
1216260 2950.4
1216270 2947.6
1216280 2947.6
1216290 2947.6
1216300 2948.9
1216310 2948.9
1216320 2951.1
1216330 2951.5
1216340 2951.5
1216350 2949.1
1216360 2943.9
1216370 2938.9
1216380 2938.9
1216390 2935.0
1216400 2934.7
1216410 2934.7
1216420 2935.3
1216430 2936.2
1216440 2936.2
1216450 2933.4
1216460 2938.7
1216470 2938.7
1216480 2950.3
1216490 2947.3
1216500 2947.3
1216510 2941.7
1216520 2933.3
1216530 2933.3
1216540 2926.4
1216550 2920.7
1216560 2920.7
1216570 2912.7
1216580 2902.9
1216590 2893.5
1216600 2893.5
1216610 2886.4
1216620 2879.4
1216630 2879.4
1216640 2870.6
1216650 2857.8
1216660 2857.8
1216670 2844.4
1216680 2829.3
1216690 2829.3
1216700 2826.4
1216710 2815.1
1216720 2815.1
1216730 2802.6
1216740 2784.2
1216750 2784.2
1216760 2768.1
1216770 2751.6
1216780 2738.6
1216790 2738.6
1216800 2726.9
1216810 2715.3
1216820 2715.3
1216830 2703.9
1216840 2691.5
1216850 2691.5
1216860 2679.1
1216870 2670.3
1216880 2670.3
1216890 2661.5
1216900 2650.8
1216910 2650.8
1216920 2642.3
1216930 2633.6
1216940 2633.6
1216950 2619.0
1216960 2611.6
1216970 2611.6
1216980 2605.7
1216990 2599.5
1217000 2594.0
1217010 2594.0
1217020 2588.3
1217030 2583.0
1217040 2583.0
1217050 2577.9
1217060 2573.5
1217070 2573.5
1217080 2570.4
1217090 2567.7
1217100 2567.7
1217110 2567.1
1217120 2567.1
1217130 2567.1
1217140 2566.3
1217150 2564.4
1217160 2564.4
1217170 2562.1
1217180 2561.5
1217190 2559.4
1217200 2559.4
1217210 2557.1
1217220 2554.8
1217230 2554.8
1217240 2552.6
1217250 2552.8
1217260 2552.8
1217270 2551.5
1217280 2547.0
1217290 2547.0
1217300 2542.8
1217310 2539.0
1217320 2539.0
1217330 2535.8
1217340 2533.4
1217350 2533.4
1217360 2531.9
1217370 2531.5
1217380 2531.5
1217390 2531.2
1217400 2529.9
1217410 2528.3
1217420 2528.3
1217430 2528.0
1217440 2528.4
1217450 2528.4
1217460 2527.2
1217470 2524.7
1217480 2524.7
1217490 2522.3
1217500 2519.7
1217510 2519.7
1217520 2514.6
1217530 2508.6
1217540 2508.6
1217550 2502.3
1217560 2496.0
1217570 2496.0
1217580 2490.1
1217590 2484.0
1217600 2484.0
1217610 2477.7
1217620 2471.5
1217630 2465.1
1217640 2465.1
1217650 2456.5
1217660 2453.6
1217670 2453.6
1217680 2456.1
1217690 2460.3
1217700 2460.3
1217710 2463.4
1217720 2464.9
1217730 2464.9
1217740 2467.2
1217750 2469.4
1217760 2469.4
1217770 2470.7
1217780 2472.1
1217790 2472.1
1217800 2472.3
1217810 2472.8
1217820 2474.8
1217830 2474.8
1217840 2476.9
1217850 2479.4
1217860 2479.4
1217870 2481.9
1217880 2484.2
1217890 2484.2
1217900 2490.1
1217910 2495.4
1217920 2495.4
1217930 2499.9
1217940 2503.5
1217950 2503.5
1217960 2506.8
1217970 2509.1
1217980 2509.1
1217990 2509.0
1218000 2511.3
1218010 2511.3
1218020 2518.6
1218030 2525.3
1218040 2527.1
1218050 2527.1
1218060 2533.2
1218070 2536.0
1218080 2536.0
1218090 2539.4
1218100 2545.7
1218110 2545.7
1218120 2552.3
1218130 2562.4
1218140 2562.4
1218150 2570.6
1218160 2580.8
1218170 2580.8
1218180 2589.5
1218190 2598.4
1218200 2598.4
1218210 2609.0
1218220 2620.0
1218230 2620.0
1218240 2630.4
1218250 2639.4
1218260 2648.6
1218270 2648.6
1218280 2658.1
1218290 2666.8
1218300 2666.8
1218310 2678.0
1218320 2690.6
1218330 2690.6
1218340 2699.7
1218350 2698.7
1218360 2698.7
1218370 2693.5
1218380 2684.6
1218390 2684.6
1218400 2674.0
1218410 2662.1
1218420 2662.1
1218430 2651.8
1218440 2641.1
1218450 2628.4
1218460 2628.4
1218470 2619.7
1218480 2612.8
1218490 2612.8
1218500 2605.8
1218510 2596.0
1218520 2596.0
1218530 2583.8
1218540 2572.0
1218550 2572.0
1218560 2562.7
1218570 2555.9
1218580 2555.9
1218590 2550.6
1218600 2551.8
1218610 2551.8
1218620 2546.7
1218630 2542.9
1218640 2542.9
1218650 2542.8
1218660 2546.9
1218670 2547.4
1218680 2547.4
1218690 2543.5
1218700 2537.6
1218710 2537.6
1218720 2530.9
1218730 2521.3
1218740 2521.3
1218750 2510.1
1218760 2497.5
1218770 2497.5
1218780 2488.3
1218790 2478.2
1218800 2478.2
1218810 2468.1
1218820 2460.9
1218830 2460.9
1218840 2453.0
1218850 2447.6
1218860 2441.5
1218870 2441.5
1218880 2432.0
1218890 2423.7
1218900 2423.7
1218910 2417.8
1218920 2411.5
1218930 2411.5
1218940 2405.2
1218950 2400.2
1218960 2400.2
1218970 2394.3
1218980 2387.0
1218990 2387.0
1219000 2379.1
1219010 2370.8
1219020 2370.8
1219030 2364.3
1219040 2358.5
1219050 2358.5
1219060 2351.8
1219070 2345.1
1219080 2340.1
1219090 2340.1
1219100 2330.1
1219110 2320.5
1219120 2320.5
1219130 2315.3
1219140 2305.7
1219150 2305.7
1219160 2295.7
1219170 2286.0
1219180 2286.0
1219190 2275.7
1219200 2266.0
1219210 2266.0
1219220 2257.8
1219230 2253.9
1219240 2253.9
1219250 2240.5
1219260 2216.8
1219270 2216.8
1219280 2201.3
1219290 2188.6
1219300 2181.0
1219310 2181.0
1219320 2175.9
1219330 2171.1
1219340 2171.1
1219350 2165.1
1219360 2157.2
1219370 2157.2
1219380 2144.8
1219390 2133.0
1219400 2133.0
1219410 2114.8
1219420 2104.1
1219430 2104.1
1219440 2092.3
1219450 2072.8
1219460 2072.8
1219470 2062.0
1219480 2054.2
1219490 2046.4
1219500 2046.4
1219510 2038.5
1219520 2031.1
1219530 2031.1
1219540 2023.4
1219550 2015.9
1219560 2014.4
1219570 2007.1
1219580 1999.8
1219590 1999.8
1219600 1992.4
1219610 1985.1
1219620 1985.1
1219630 1978.1
1219640 1971.5
1219650 1971.5
1219660 1965.2
1219670 1958.5
1219680 1958.5
1219690 1950.9
1219700 1944.4
1219710 1937.8
1219720 1937.8
1219730 1931.5
1219740 1925.1
1219750 1925.1
1219760 1919.1
1219770 1913.3
1219780 1913.3
1219790 1907.9
1219800 1902.7
1219810 1902.7
1219820 1897.8
1219830 1893.5
1219840 1893.5
1219850 1890.2
1219860 1887.5
1219870 1887.5
1219880 1885.3
1219890 1885.2
1219900 1885.2
1219910 1886.4
1219920 1888.2
1219930 1890.5
1219940 1890.5
1219950 1893.3
1219960 1896.6
1219970 1896.6
1219980 1900.3
1219990 1904.1
