1200000 2491.4
1200010 2492.7
1200020 2496.9
1200030 2501.8
1200040 2501.8
1200050 2506.8
1200060 2512.5
1200070 2512.5
1200080 2518.8
1200090 2525.0
1200100 2525.0
1200110 2531.2
1200120 2537.2
1200130 2537.2
1200140 2543.1
1200150 2548.7
1200160 2548.7
1200170 2554.4
1200180 2561.0
1200190 2561.0
1200200 2567.6
1200210 2575.2
1200220 2575.2
1200230 2586.6
1200240 2598.1
1200250 2609.7
1200260 2609.7
1200270 2622.4
1200280 2633.8
1200290 2633.8
1200300 2640.8
1200310 2641.0
1200320 2641.0
1200330 2638.4
1200340 2637.0
1200350 2637.0
1200360 2646.1
1200370 2661.4
1200380 2661.4
1200390 2664.5
1200400 2662.0
1200410 2662.0
1200420 2672.7
1200430 2677.2
1200440 2677.2
1200450 2686.7
1200460 2700.1
1200470 2708.6
1200480 2708.6
1200490 2719.6
1200500 2729.5
1200510 2729.5
1200520 2743.0
1200530 2764.0
1200540 2764.0
1200550 2780.2
1200560 2793.3
1200570 2793.3
1200580 2806.6
1200590 2821.0
1200600 2821.0
1200610 2831.8
1200620 2840.8
1200630 2840.8
1200640 2845.5
1200650 2854.2
1200660 2862.9
1200670 2862.9
1200680 2869.8
1200690 2878.0
1200700 2878.0
1200710 2893.5
1200720 2906.9
1200730 2906.9
1200740 2919.5
1200750 2925.1
1200760 2925.1
1200770 2931.8
1200780 2939.9
1200790 2939.9
1200800 2951.8
1200810 2964.4
1200820 2964.4
1200830 2971.7
1200840 2976.7
1200850 2976.7
1200860 2979.4
1200870 2971.2
1200880 2956.4
1200890 2956.4
1200900 2945.5
1200910 2941.9
1200920 2941.9
1200930 2944.5
1200940 2945.2
1200950 2945.2
1200960 2946.3
1200970 2950.6
1200980 2950.6
1200990 2961.8
1201000 2976.3
1201010 2976.3
1201020 2991.6
1201030 3013.0
1201040 3013.0
1201050 3027.7
1201060 3031.0
1201070 3031.0
1201080 3039.4
1201090 3035.3
1201100 3035.0
1201110 3035.0
1201120 3051.6
1201130 3057.2
1201140 3057.2
1201150 3042.2
1201160 3036.7
1201170 3036.7
1201180 3043.5
1201190 3035.0
1201200 3035.0
1201210 3038.5
1201220 3056.1
1201230 3056.1
1201240 3070.5
1201250 3078.0
1201260 3078.0
1201270 3088.9
1201280 3099.9
1201290 3114.3
1201300 3114.3
1201310 3124.8
1201320 3139.3
1201330 3139.3
1201340 3152.4
1201350 3147.7
1201360 3147.7
1201370 3147.4
1201380 3152.8
1201390 3152.8
1201400 3168.6
1201410 3187.7
1201420 3187.7
1201430 3200.3
1201440 3214.6
1201450 3214.6
1201460 3229.1
1201470 3253.9
1201480 3253.9
1201490 3280.7
1201500 3297.7
1201510 3309.1
1201520 3309.1
1201530 3308.2
1201540 3308.1
1201550 3308.1
1201560 3319.5
1201570 3333.4
1201580 3333.4
1201590 3339.0
1201600 3334.3
1201610 3334.3
1201620 3323.7
1201630 3312.4
1201640 3312.4
1201650 3298.8
1201660 3286.4
1201670 3286.4
1201680 3270.3
1201690 3253.1
1201700 3253.1
1201710 3229.6
1201720 3198.6
1201730 3179.3
1201740 3179.3
1201750 3176.1
1201760 3183.7
1201770 3183.7
1201780 3174.1
1201790 3166.8
1201800 3166.8
1201810 3158.0
1201820 3143.9
1201830 3143.9
1201840 3128.4
1201850 3114.2
1201860 3114.2
1201870 3102.9
1201880 3094.5
1201890 3094.5
1201900 3087.6
1201910 3079.6
1201920 3070.6
1201930 3070.6
1201940 3060.8
1201950 3047.1
1201960 3047.1
1201970 3028.6
1201980 2999.2
1201990 2999.2
1202000 2986.6
1202010 2977.8
1202020 2977.8
1202030 2968.7
1202040 2958.1
1202050 2958.1
1202060 2947.0
1202070 2938.1
1202080 2938.1
1202090 2932.7
1202100 2926.7
1202110 2926.7
1202120 2919.8
1202130 2914.1
1202140 2909.3
1202150 2909.3
1202160 2904.9
1202170 2900.7
1202180 2900.7
1202190 2896.7
1202200 2892.9
1202210 2900.9
1202220 2897.7
1202230 2895.2
1202240 2895.2
1202250 2893.5
1202260 2892.6
1202270 2892.6
1202280 2892.6
1202290 2893.3
1202300 2893.3
1202310 2894.6
1202320 2896.4
1202330 2896.4
1202340 2898.8
1202350 2904.3
1202360 2915.7
1202370 2915.7
1202380 2924.4
1202390 2932.6
1202400 2932.6
1202410 2945.3
1202420 2954.2
1202430 2954.2
1202440 2964.2
1202450 2980.9
1202460 2980.9
1202470 2996.6
1202480 3011.1
1202490 3011.1
1202500 3008.5
1202510 3000.5
1202520 3000.5
1202530 3000.6
1202540 3018.6
1202550 3029.9
1202560 3029.9
1202570 3032.7
1202580 3032.6
1202590 3032.6
1202600 3030.8
1202610 3027.9
1202620 3027.9
1202630 3025.8
1202640 3023.8
1202650 3023.8
1202660 3034.3
1202670 3033.7
1202680 3033.7
1202690 3034.5
1202700 3032.9
1202710 3032.9
1202720 3032.8
1202730 3032.4
1202740 3032.4
1202750 3029.4
1202760 3025.9
1202770 3023.5
1202780 3023.5
1202790 3022.9
1202800 3022.8
1202810 3022.8
1202820 3021.3
1202830 3020.1
1202840 3020.1
1202850 3019.5
1202860 3020.3
1202870 3020.3
1202880 3022.5
1202890 3026.7
1202900 3026.7
1202910 3032.6
1202920 3045.9
1202930 3045.9
1202940 3064.2
1202950 3089.8
1202960 3089.8
1202970 3103.8
1202980 3111.7
1202990 3117.0
1203000 3117.0
1203010 3126.1
1203020 3148.1
1203030 3148.1
1203040 3164.6
1203050 3177.9
1203060 3177.9
1203070 3184.4
1203080 3187.5
1203090 3187.5
1203100 3192.0
1203110 3195.8
1203120 3195.8
1203130 3189.6
1203140 3183.6
1203150 3183.6
1203160 3178.8
1203170 3174.0
1203180 3169.6
1203190 3169.6
1203200 3164.3
1203210 3158.7
1203220 3158.7
1203230 3153.8
1203240 3149.3
1203250 3149.3
1203260 3144.1
1203270 3138.5
1203280 3138.5
1203290 3131.9
1203300 3117.7
1203310 3117.7
1203320 3099.8
1203330 3091.9
1203340 3091.9
1203350 3082.5
1203360 3066.1
1203370 3066.1
1203380 3062.2
1203390 3058.1
1203400 3050.9
1203410 3050.9
1203420 3036.4
1203430 3023.4
1203440 3023.4
1203450 3017.1
1203460 3013.4
1203470 3013.4
1203480 3008.1
1203490 3005.1
1203500 3005.1
1203510 3001.5
1203520 2986.1
1203530 2986.1
1203540 2976.9
1203550 2973.0
1203560 2974.4
1203570 2971.9
1203580 2969.6
1203590 2969.6
1203600 2967.5
1203610 2965.4
1203620 2963.1
1203630 2963.1
1203640 2959.8
1203650 2958.4
1203660 2958.4
1203670 2957.4
1203680 2956.0
1203690 2956.0
1203700 2954.0
1203710 2951.5
1203720 2951.5
1203730 2948.4
1203740 2944.9
1203750 2944.9
1203760 2941.5
1203770 2938.8
1203780 2938.8
1203790 2936.2
1203800 2933.1
1203810 2930.0
1203820 2930.0
1203830 2926.3
1203840 2922.2
1203850 2922.2
1203860 2919.1
1203870 2915.6
1203880 2915.6
1203890 2911.2
1203900 2906.7
1203910 2906.7
1203920 2901.1
1203930 2894.8
1203940 2894.8
1203950 2888.2
1203960 2882.3
1203970 2882.3
1203980 2877.9
1203990 2874.7
1204000 2874.7
1204010 2869.3
1204020 2867.0
1204030 2866.4
1204040 2866.4
1204050 2869.2
1204060 2873.9
1204070 2873.9
1204080 2876.9
1204090 2883.9
1204100 2883.9
1204110 2890.4
1204120 2895.1
1204130 2895.1
1204140 2898.4
1204150 2899.4
1204160 2899.4
1204170 2898.0
1204180 2896.8
1204190 2896.8
1204200 2896.3
1204210 2895.6
1204220 2895.6
1204230 2892.4
1204240 2877.3
1204250 2858.1
1204260 2858.1
1204270 2851.7
1204280 2845.9
1204290 2845.9
1204300 2840.2
1204310 2835.3
1204320 2835.3
1204330 2830.9
1204340 2826.4
1204350 2826.4
1204360 2822.6
1204370 2819.8
1204380 2819.8
1204390 2818.5
1204400 2815.6
1204410 2815.6
1204420 2809.8
1204430 2802.2
1204440 2788.8
1204450 2788.8
1204460 2777.4
1204470 2772.0
1204480 2772.0
1204490 2767.3
1204500 2760.9
1204510 2760.9
1204520 2753.9
1204530 2747.4
1204540 2747.4
1204550 2742.3
1204560 2738.2
1204570 2738.2
1204580 2734.8
1204590 2733.9
1204600 2733.9
1204610 2732.6
1204620 2728.9
1204630 2728.9
1204640 2721.2
1204650 2702.1
1204660 2681.2
1204670 2681.2
1204680 2668.7
1204690 2661.0
1204700 2661.0
1204710 2653.5
1204720 2647.6
1204730 2647.6
1204740 2642.6
1204750 2638.3
1204760 2638.3
1204770 2634.4
1204780 2630.6
1204790 2630.6
1204800 2627.6
1204810 2624.5
1204820 2624.5
1204830 2621.0
1204840 2616.8
1204850 2616.8
1204860 2612.5
1204870 2607.7
1204880 2603.0
1204890 2603.0
1204900 2596.9
1204910 2591.2
1204920 2591.2
1204930 2585.6
1204940 2581.3
1204950 2581.3
1204960 2577.3
1204970 2574.1
1204980 2574.1
1204990 2571.2
1205000 2568.0
1205010 2568.0
1205020 2564.4
1205030 2561.4
1205040 2561.4
1205050 2558.7
1205060 2555.7
1205070 2552.8
1205080 2552.8
1205090 2549.7
1205100 2546.5
1205110 2546.5
1205120 2543.6
1205130 2541.5
1205140 2541.5
1205150 2538.2
1205160 2532.4
1205170 2532.4
1205180 2527.1
1205190 2521.1
1205200 2521.1
1205210 2514.4
1205220 2508.8
1205230 2508.8
1205240 2506.1
1205250 2503.7
1205260 2503.7
1205270 2501.1
1205280 2499.0
1205290 2497.0
1205300 2497.0
1205310 2494.3
1205320 2491.5
1205330 2491.5
1205340 2490.1
1205350 2489.8
1205360 2489.8
1205370 2490.9
1205380 2490.1
1205390 2490.1
1205400 2489.7
1205410 2489.9
1205420 2489.9
1205430 2489.9
1205440 2490.0
1205450 2490.0
1205460 2490.5
1205470 2491.7
1205480 2491.7
1205490 2493.1
1205500 2494.4
1205510 2496.4
1205520 2496.4
1205530 2498.9
1205540 2500.6
1205550 2500.6
1205560 2500.1
1205570 2496.8
1205580 2496.8
1205590 2484.1
1205600 2473.7
1205610 2473.7
1205620 2469.6
1205630 2466.0
1205640 2466.0
1205650 2462.9
1205660 2460.4
1205670 2460.4
1205680 2457.8
1205690 2456.4
1205700 2457.2
1205710 2457.2
1205720 2457.3
1205730 2456.1
1205740 2456.1
1205750 2453.6
1205760 2449.8
1205770 2449.8
1205780 2446.7
1205790 2447.0
1205800 2447.0
1205810 2447.5
1205820 2441.1
1205830 2441.1
1205840 2440.9
1205850 2443.3
1205860 2443.3
1205870 2447.2
1205880 2449.3
1205890 2449.3
1205900 2447.8
1205910 2448.1
1205920 2447.3
1205930 2447.3
1205940 2447.2
1205950 2450.4
1205960 2450.4
1205970 2454.8
1205980 2457.7
1205990 2457.7
1206000 2454.9
1206010 2452.9
1206020 2452.9
1206030 2452.7
1206040 2451.2
1206050 2451.2
1206060 2449.6
1206070 2449.8
1206080 2449.8
1206090 2449.9
1206100 2450.5
1206110 2450.5
1206120 2451.6
1206130 2453.0
1206140 2454.5
1206150 2454.5
1206160 2458.5
1206170 2463.5
1206180 2463.5
1206190 2468.0
1206200 2471.0
1206210 2471.0
1206220 2472.1
1206230 2473.1
1206240 2473.1
1206250 2475.3
1206260 2477.2
1206270 2477.2
1206280 2470.3
1206290 2474.2
1206300 2474.2
1206310 2479.5
1206320 2484.5
1206330 2489.5
1206340 2489.5
1206350 2495.9
1206360 2502.4
1206370 2502.4
1206380 2508.1
1206390 2513.6
1206400 2513.6
1206410 2519.8
1206420 2523.7
1206430 2523.7
1206440 2528.5
1206450 2533.2
1206460 2533.2
1206470 2538.3
1206480 2543.8
1206490 2543.8
1206500 2548.8
1206510 2552.7
1206520 2552.7
1206530 2556.3
1206540 2559.8
1206550 2563.1
1206560 2563.1
1206570 2565.8
1206580 2567.4
1206590 2567.4
1206600 2569.1
1206610 2571.6
1206620 2571.6
1206630 2574.0
1206640 2576.9
1206650 2576.9
1206660 2580.1
1206670 2582.6
1206680 2582.6
1206690 2584.4
1206700 2586.0
1206710 2586.0
1206720 2587.6
1206730 2583.3
1206740 2583.6
1206750 2583.6
1206760 2583.4
1206770 2583.3
1206780 2583.3
1206790 2584.1
1206800 2584.6
1206810 2584.6
1206820 2584.6
1206830 2583.0
1206840 2583.0
1206850 2580.6
1206860 2578.0
1206870 2578.0
1206880 2576.4
1206890 2575.4
1206900 2575.4
1206910 2574.6
1206920 2572.9
1206930 2572.9
1206940 2570.9
1206950 2568.0
1206960 2562.7
1206970 2562.7
1206980 2555.0
1206990 2547.3
1207000 2547.3
1207010 2538.4
1207020 2531.2
1207030 2531.2
1207040 2523.6
1207050 2516.7
1207060 2516.7
1207070 2510.0
1207080 2502.1
1207090 2502.1
1207100 2491.9
1207110 2482.6
1207120 2482.6
1207130 2474.7
1207140 2467.0
1207150 2467.0
1207160 2459.3
1207170 2451.6
1207180 2444.7
1207190 2447.5
1207200 2439.6
1207210 2432.9
1207220 2432.9
1207230 2424.3
1207240 2413.1
1207250 2413.1
1207260 2405.2
1207270 2398.1
1207280 2398.1
1207290 2391.5
1207300 2385.1
1207310 2385.1
1207320 2378.7
1207330 2371.4
1207340 2371.4
1207350 2364.1
1207360 2358.5
1207370 2350.7
1207380 2350.7
1207390 2341.2
1207400 2332.4
1207410 2332.4
1207420 2325.0
1207430 2317.3
1207440 2317.3
1207450 2309.6
1207460 2302.1
1207470 2302.1
1207480 2294.9
1207490 2287.3
1207500 2287.3
1207510 2278.9
1207520 2271.3
1207530 2271.3
1207540 2262.5
1207550 2255.7
1207560 2255.7
1207570 2249.9
1207580 2243.5
1207590 2237.3
1207600 2237.3
1207610 2232.3
1207620 2228.2
1207630 2228.2
1207640 2217.7
1207650 2211.5
1207660 2211.5
1207670 2205.1
1207680 2198.2
1207690 2198.2
1207700 2191.8
1207710 2185.4
1207720 2185.4
1207730 2178.6
1207740 2171.4
1207750 2171.4
1207760 2164.7
1207770 2158.1
1207780 2158.1
1207790 2151.5
1207800 2145.3
1207810 2139.7
1207820 2139.7
1207830 2134.3
1207840 2128.6
1207850 2128.6
1207860 2123.2
1207870 2117.9
1207880 2117.9
1207890 2113.5
1207900 2108.4
1207910 2108.4
1207920 2102.3
1207930 2096.5
1207940 2096.5
1207950 2090.9
1207960 2085.1
1207970 2085.1
1207980 2079.2
1207990 2073.7
1208000 2068.4
1208010 2068.4
1208020 2062.5
1208030 2056.2
1208040 2056.2
1208050 2050.1
1208060 2044.0
1208070 2044.0
1208080 2037.3
1208090 2030.7
1208100 2029.0
1208110 2021.7
1208120 2013.5
1208130 2013.5
1208140 2006.3
1208150 2000.8
1208160 2000.8
1208170 1995.6
1208180 1990.7
1208190 1990.7
1208200 1985.6
1208210 1980.5
1208220 1975.4
1208230 1975.4
1208240 1969.7
1208250 1965.0
1208260 1965.0
1208270 1959.2
1208280 1949.1
1208290 1949.1
1208300 1940.6
1208310 1934.4
1208320 1934.4
1208330 1930.2
1208340 1927.3
1208350 1927.3
1208360 1925.6
1208370 1926.4
1208380 1926.4
1208390 1925.3
1208400 1921.3
1208410 1921.3
1208420 1915.5
1208430 1908.7
1208440 1903.8
1208450 1903.8
1208460 1898.7
1208470 1891.8
1208480 1891.8
1208490 1884.1
1208500 1877.1
1208510 1877.1
1208520 1870.5
1208530 1863.9
1208540 1863.9
1208550 1856.5
1208560 1846.4
1208570 1846.4
1208580 1839.2
1208590 1834.8
1208600 1834.8
1208610 1827.0
1208620 1819.4
1208630 1810.7
1208640 1810.7
1208650 1801.1
1208660 1792.7
1208670 1792.7
1208680 1783.5
1208690 1778.7
1208700 1778.7
1208710 1773.9
1208720 1767.2
1208730 1767.2
1208740 1759.9
1208750 1755.0
1208760 1755.0
1208770 1751.5
1208780 1746.9
1208790 1746.9
1208800 1742.6
1208810 1738.0
1208820 1738.0
1208830 1733.5
1208840 1727.9
1208850 1722.1
1208860 1722.1
1208870 1715.9
1208880 1709.2
1208890 1709.2
1208900 1702.1
1208910 1695.2
1208920 1695.2
1208930 1687.8
1208940 1679.4
1208950 1679.4
1208960 1671.2
1208970 1663.6
1208980 1663.6
1208990 1656.4
1209000 1650.6
1209010 1650.6
1209020 1646.2
1209030 1635.7
1209040 1635.7
1209050 1626.6
1209060 1619.1
1209070 1612.3
1209080 1612.3
1209090 1606.2
1209100 1600.1
1209110 1600.1
1209120 1593.3
1209130 1586.8
1209140 1586.8
1209150 1581.0
1209160 1576.5
1209170 1576.5
1209180 1572.8
1209190 1569.5
1209200 1569.5
1209210 1566.5
1209220 1563.5
1209230 1563.5
1209240 1560.3
1209250 1557.3
1209260 1554.2
1209270 1554.2
1209280 1551.1
1209290 1548.1
1209300 1548.1
1209310 1545.2
1209320 1542.4
1209330 1542.4
1209340 1539.7
1209350 1537.5
1209360 1537.5
1209370 1535.2
1209380 1532.1
1209390 1532.1
1209400 1528.7
1209410 1525.7
1209420 1525.7
1209430 1523.2
1209440 1521.1
1209450 1521.1
1209460 1518.6
1209470 1516.3
1209480 1516.1
1209490 1516.1
1209500 1515.1
1209510 1512.4
1209520 1512.4
1209530 1509.6
1209540 1507.4
1209550 1507.4
1209560 1506.3
1209570 1506.3
1209580 1506.3
1209590 1508.5
1209600 1510.7
1209610 1510.7
1209620 1511.8
1209630 1512.9
1209640 1512.9
1209650 1514.2
1209660 1516.2
1209670 1516.2
1209680 1520.8
1209690 1524.1
1209700 1526.8
1209710 1526.8
1209720 1528.5
1209730 1530.4
1209740 1530.4
1209750 1532.5
1209760 1534.9
1209770 1534.9
1209780 1537.6
1209790 1540.0
1209800 1540.0
1209810 1542.0
1209820 1545.0
1209830 1545.0
1209840 1549.0
1209850 1553.7
1209860 1553.7
1209870 1558.4
1209880 1562.8
1209890 1567.3
1209900 1567.3
1209910 1571.7
1209920 1576.6
1209930 1576.6
1209940 1581.9
1209950 1587.2
1209960 1587.2
1209970 1592.9
1209980 1599.7
1209990 1599.7
1210000 1606.4
1210010 1613.3
1210020 1613.3
1210030 1620.7
1210040 1627.6
1210050 1627.6
1210060 1634.4
1210070 1642.6
1210080 1642.6
1210090 1656.4
1210100 1666.0
1210110 1671.8
1210120 1671.8
1210130 1678.4
1210140 1686.2
1210150 1686.2
1210160 1695.1
1210170 1707.2
1210180 1707.2
1210190 1721.3
1210200 1730.5
1210210 1730.5
1210220 1737.6
1210230 1744.9
1210240 1744.9
1210250 1751.1
1210260 1757.5
1210270 1757.5
1210280 1764.5
1210290 1772.8
1210300 1772.8
1210310 1780.7
1210320 1789.2
1210330 1797.2
1210340 1797.2
1210350 1804.2
1210360 1810.4
1210370 1810.4
1210380 1816.8
1210390 1822.7
1210400 1820.7
1210410 1825.8
1210420 1831.1
1210430 1831.1
1210440 1837.0
1210450 1844.1
1210460 1844.1
1210470 1855.4
1210480 1864.3
1210490 1864.3
1210500 1871.3
1210510 1877.6
1210520 1885.3
1210530 1885.3
1210540 1894.8
1210550 1904.3
1210560 1904.3
1210570 1910.0
1210580 1915.1
1210590 1915.1
1210600 1920.5
1210610 1925.7
1210620 1925.7
1210630 1924.2
1210640 1918.6
1210650 1918.6
1210660 1919.4
1210670 1921.5
1210680 1921.5
1210690 1924.1
1210700 1926.2
1210710 1926.2
1210720 1927.4
1210730 1932.7
1210740 1939.1
1210750 1939.1
1210760 1941.4
1210770 1946.1
1210780 1946.1
1210790 1946.8
1210800 1952.1
1210810 1952.1
1210820 1956.9
1210830 1958.7
1210840 1958.7
1210850 1958.0
1210860 1980.8
1210870 1980.8
1210880 1977.0
1210890 1971.1
1210900 1971.1
1210910 1974.2
1210920 1981.4
1210930 1981.4
1210940 1988.9
1210950 1999.8
1210960 2007.6
1210970 2007.6
1210980 2010.8
1210990 2006.4
1211000 2006.4
1211010 2004.1
1211020 2003.0
1211030 2003.0
1211040 2005.6
1211050 2007.7
1211060 2007.7
1211070 2006.6
1211080 2001.4
1211090 2001.4
1211100 2002.2
1211110 2002.9
1211120 2002.9
1211130 2004.4
1211140 2007.5
1211150 2012.6
1211160 2012.6
1211170 2019.7
1211180 2031.7
1211190 2031.7
1211200 2041.6
1211210 2050.7
1211220 2050.7
1211230 2059.6
1211240 2062.8
1211250 2062.8
1211260 2070.9
1211270 2082.2
1211280 2082.2
1211290 2095.0
1211300 2106.0
1211310 2106.0
1211320 2113.0
1211330 2113.6
1211340 2113.6
1211350 2118.6
1211360 2122.6
1211370 2126.6
1211380 2126.6
1211390 2131.8
1211400 2137.8
1211410 2137.8
1211420 2142.5
1211430 2146.1
1211440 2146.1
1211450 2149.8
1211460 2155.0
1211470 2155.0
1211480 2160.4
1211490 2165.2
1211500 2165.2
1211510 2169.8
1211520 2174.4
1211530 2174.4
1211540 2178.8
1211550 2183.3
1211560 2183.3
1211570 2187.3
1211580 2191.3
1211590 2195.0
1211600 2195.0
1211610 2198.4
1211620 2201.9
1211630 2201.9
1211640 2205.3
1211650 2208.7
1211660 2208.7
1211670 2212.6
1211680 2216.8
1211690 2216.8
1211700 2221.8
1211710 2227.5
1211720 2227.5
1211730 2233.4
1211740 2239.1
1211750 2239.1
1211760 2244.8
1211770 2250.2
1211780 2255.6
1211790 2253.7
1211800 2259.7
1211810 2265.7
1211820 2265.7
1211830 2271.8
1211840 2277.9
1211850 2277.9
1211860 2284.0
1211870 2290.1
1211880 2290.1
1211890 2296.6
1211900 2303.6
1211910 2303.6
1211920 2311.2
1211930 2317.6
1211940 2317.6
1211950 2321.9
1211960 2326.3
1211970 2326.3
1211980 2332.0
1211990 2338.5
1212000 2345.9
1212010 2345.9
1212020 2354.0
1212030 2361.6
1212040 2361.6
1212050 2368.3
1212060 2374.8
1212070 2374.8
1212080 2386.0
1212090 2399.4
1212100 2399.4
1212110 2407.8
1212120 2415.2
1212130 2415.2
1212140 2422.0
1212150 2429.1
1212160 2429.1
1212170 2439.0
1212180 2453.7
1212190 2453.7
1212200 2471.8
1212210 2484.6
1212220 2490.2
1212230 2490.2
1212240 2496.0
1212250 2506.2
1212260 2506.8
1212270 2521.8
1212280 2533.8
1212290 2533.8
1212300 2544.4
1212310 2554.4
1212320 2554.4
1212330 2563.1
1212340 2568.1
1212350 2568.1
1212360 2573.6
1212370 2579.2
1212380 2579.2
1212390 2583.3
1212400 2585.8
1212410 2586.9
1212420 2586.9
1212430 2586.9
1212440 2582.7
1212450 2582.7
1212460 2575.7
1212470 2567.9
1212480 2567.9
1212490 2560.2
1212500 2555.0
1212510 2555.0
1212520 2551.7
1212530 2549.6
1212540 2549.6
1212550 2547.8
1212560 2545.3
1212570 2545.3
1212580 2538.2
1212590 2533.1
1212600 2533.1
1212610 2532.0
1212620 2533.8
1212630 2534.2
1212640 2534.2
1212650 2534.8
1212660 2536.1
1212670 2536.1
1212680 2537.4
1212690 2538.3
1212700 2538.3
1212710 2539.9
1212720 2539.2
1212730 2539.2
1212740 2541.3
1212750 2544.1
1212760 2544.1
1212770 2546.8
1212780 2550.3
1212790 2550.3
1212800 2553.9
1212810 2556.2
1212820 2558.8
1212830 2558.8
1212840 2562.2
1212850 2566.4
1212860 2566.4
1212870 2571.1
1212880 2575.7
1212890 2575.7
1212900 2580.4
1212910 2585.6
1212920 2585.6
1212930 2591.5
1212940 2597.9
1212950 2597.9
1212960 2604.7
1212970 2611.9
1212980 2611.9
1212990 2619.3
1213000 2626.4
1213010 2626.4
1213020 2634.5
1213030 2647.1
1213040 2666.3
1213050 2666.3
1213060 2685.9
1213070 2703.4
1213080 2703.4
1213090 2719.8
1213100 2733.7
1213110 2733.7
1213120 2742.4
1213130 2753.8
1213140 2753.8
1213150 2787.0
1213160 2818.9
1213170 2818.9
1213180 2833.1
1213190 2851.2
1213200 2851.2
1213210 2868.7
1213220 2886.7
1213230 2886.7
1213240 2900.5
1213250 2912.1
1213260 2911.9
1213270 2911.9
1213280 2909.1
1213290 2913.3
1213300 2913.3
1213310 2928.1
1213320 2942.2
1213330 2942.2
1213340 2956.5
1213350 2971.6
1213360 2971.6
1213370 2983.4
1213380 2994.0
1213390 2994.0
1213400 3003.0
1213410 3008.9
1213420 3008.9
1213430 3014.2
1213440 3019.8
1213450 3026.4
1213460 3026.4
1213470 3033.4
1213480 3040.8
1213490 3040.8
1213500 3044.3
1213510 3050.3
1213520 3050.3
1213530 3057.6
1213540 3064.2
1213550 3064.2
1213560 3066.9
1213570 3063.4
1213580 3063.4
1213590 3058.2
1213600 3050.7
1213610 3050.7
1213620 3051.2
1213630 3061.5
1213640 3061.5
1213650 3081.5
1213660 3080.9
1213670 3076.9
1213680 3076.9
1213690 3070.4
1213700 3068.1
1213710 3068.1
1213720 3072.4
1213730 3077.9
1213740 3077.9
1213750 3082.8
1213760 3086.1
1213770 3086.1
1213780 3090.3
1213790 3095.4
1213800 3095.4
1213810 3100.4
1213820 3103.5
1213830 3103.5
1213840 3106.0
1213850 3107.3
1213860 3107.3
1213870 3107.6
1213880 3108.3
1213890 3111.8
1213900 3111.8
1213910 3115.6
1213920 3119.4
1213930 3119.4
1213940 3124.1
1213950 3127.7
1213960 3127.7
1213970 3135.8
1213980 3145.6
1213990 3145.6
1214000 3154.8
1214010 3163.8
1214020 3163.8
1214030 3170.8
1214040 3178.3
1214050 3178.3
1214060 3185.6
1214070 3192.8
1214080 3199.9
1214090 3199.9
1214100 3206.5
1214110 3212.5
1214120 3214.7
1214130 3219.9
1214140 3223.4
1214150 3223.4
1214160 3226.5
1214170 3230.2
1214180 3230.2
1214190 3233.6
1214200 3237.0
1214210 3237.0
1214220 3240.3
1214230 3243.5
1214240 3243.5
1214250 3246.7
1214260 3249.6
1214270 3249.6
1214280 3251.9
1214290 3253.3
1214300 3253.7
1214310 3253.7
1214320 3253.8
1214330 3253.6
1214340 3253.6
1214350 3253.2
1214360 3252.8
1214370 3252.8
1214380 3252.7
1214390 3247.9
1214400 3247.9
1214410 3238.1
1214420 3231.1
1214430 3231.1
1214440 3225.6
1214450 3219.0
1214460 3219.0
1214470 3207.3
1214480 3194.2
1214490 3194.2
1214500 3182.6
1214510 3170.3
1214520 3161.1
1214530 3161.1
1214540 3153.9
1214550 3147.3
1214560 3147.3
1214570 3140.5
1214580 3133.6
1214590 3137.6
1214600 3130.1
1214610 3122.1
1214620 3122.1
1214630 3115.0
1214640 3108.2
1214650 3108.2
1214660 3102.6
1214670 3098.9
1214680 3098.9
1214690 3096.6
1214700 3095.3
1214710 3095.0
1214720 3095.0
1214730 3093.5
1214740 3090.1
1214750 3090.1
1214760 3085.8
1214770 3081.3
1214780 3081.3
1214790 3075.4
1214800 3070.4
1214810 3070.4
1214820 3064.0
1214830 3057.8
1214840 3057.8
1214850 3051.2
1214860 3044.4
1214870 3044.4
1214880 3038.5
1214890 3032.2
1214900 3032.2
1214910 3025.8
1214920 3019.7
1214930 3014.7
1214940 3014.7
1214950 3011.2
1214960 3009.6
1214970 3009.6
1214980 3008.8
1214990 3007.7
1215000 3007.7
1215010 3006.9
1215020 3006.3
1215030 3006.3
1215040 3005.3
1215050 3004.1
1215060 3004.4
1215070 3003.3
1215080 3002.1
1215090 3002.1
1215100 3000.5
1215110 2998.7
1215120 2998.7
1215130 2996.8
1215140 2994.8
1215150 2992.6
1215160 2992.6
1215170 2990.2
1215180 2987.7
1215190 2987.7
1215200 2985.3
1215210 2982.9
1215220 2982.9
1215230 2980.4
1215240 2978.0
1215250 2978.0
1215260 2975.4
1215270 2972.9
1215280 2972.9
1215290 2970.6
1215300 2968.3
1215310 2968.3
1215320 2966.2
1215330 2964.4
1215340 2962.7
1215350 2962.7
1215360 2961.0
1215370 2959.2
1215380 2959.2
1215390 2957.2
1215400 2955.1
1215410 2955.1
1215420 2952.9
1215430 2950.2
1215440 2950.2
1215450 2947.5
1215460 2944.6
1215470 2944.6
1215480 2941.3
1215490 2937.7
1215500 2937.7
1215510 2934.4
1215520 2930.7
1215530 2929.8
1215540 2926.1
1215550 2922.4
1215560 2918.9
1215570 2918.9
1215580 2915.4
1215590 2911.9
1215600 2911.9
1215610 2908.3
1215620 2904.8
1215630 2904.8
1215640 2901.4
1215650 2898.2
1215660 2898.2
1215670 2895.4
1215680 2893.2
1215690 2893.2
1215700 2891.3
1215710 2889.7
1215720 2889.7
1215730 2888.4
1215740 2887.2
1215750 2887.2
1215760 2885.9
1215770 2884.2
1215780 2882.5
1215790 2882.5
1215800 2880.6
1215810 2878.8
1215820 2878.8
1215830 2877.0
1215840 2875.3
1215850 2875.3
1215860 2873.5
1215870 2871.8
1215880 2871.8
1215890 2869.9
1215900 2868.0
1215910 2868.0
1215920 2865.9
1215930 2863.7
1215940 2863.7
1215950 2861.1
1215960 2858.3
1215970 2855.0
1215980 2855.0
1215990 2851.3
1216000 2849.0
1216010 2849.0
1216020 2844.9
1216030 2840.9
1216040 2840.9
1216050 2836.6
1216060 2832.6
1216070 2832.6
1216080 2829.0
1216090 2826.1
1216100 2826.1
1216110 2822.4
1216120 2818.9
1216130 2818.9
1216140 2815.3
1216150 2811.6
1216160 2811.6
1216170 2807.8
1216180 2804.7
1216190 2801.4
1216200 2801.4
1216210 2797.5
1216220 2793.0
1216230 2793.0
1216240 2788.4
1216250 2783.7
1216260 2783.7
1216270 2779.3
1216280 2775.2
1216290 2775.2
1216300 2770.3
1216310 2764.6
1216320 2764.6
1216330 2757.8
1216340 2750.8
1216350 2750.8
1216360 2743.3
1216370 2736.4
1216380 2736.4
1216390 2730.8
1216400 2725.1
1216410 2718.7
1216420 2718.7
1216430 2713.9
1216440 2709.3
1216450 2709.3
1216460 2701.6
1216470 2704.2
1216480 2704.2
1216490 2695.7
1216500 2691.5
1216510 2691.5
1216520 2689.6
1216530 2688.2
1216540 2688.2
1216550 2686.7
1216560 2685.1
1216570 2685.1
1216580 2685.2
1216590 2684.3
1216600 2683.3
1216610 2683.3
1216620 2682.9
1216630 2683.0
1216640 2683.0
1216650 2683.3
1216660 2681.2
1216670 2681.2
1216680 2678.8
1216690 2676.9
1216700 2676.9
1216710 2674.5
1216720 2672.1
1216730 2672.1
1216740 2669.0
1216750 2666.7
1216760 2666.7
1216770 2663.8
1216780 2660.4
1216790 2660.4
1216800 2655.9
1216810 2651.7
1216820 2648.8
1216830 2648.8
1216840 2647.3
1216850 2646.4
1216860 2646.4
1216870 2644.2
1216880 2642.4
1216890 2642.4
1216900 2642.3
1216910 2644.1
1216920 2644.1
1216930 2652.2
1216940 2662.6
1216950 2674.5
1216960 2681.9
1216970 2692.6
1216980 2692.6
1216990 2707.0
1217000 2707.1
1217010 2707.1
1217020 2704.6
1217030 2703.2
1217040 2701.0
1217050 2701.0
1217060 2698.7
1217070 2694.8
1217080 2694.8
1217090 2690.0
1217100 2684.1
1217110 2684.1
1217120 2677.4
1217130 2669.0
1217140 2669.0
1217150 2660.4
1217160 2644.7
1217170 2644.7
1217180 2614.4
1217190 2590.2
1217200 2590.2
1217210 2584.3
1217220 2578.8
1217230 2565.3
1217240 2565.3
1217250 2554.2
1217260 2545.9
1217270 2545.9
1217280 2537.9
1217290 2530.0
1217300 2530.0
1217310 2522.5
1217320 2516.5
1217330 2516.5
1217340 2511.4
1217350 2505.7
1217360 2505.7
1217370 2497.6
1217380 2486.4
1217390 2486.4
1217400 2479.3
1217410 2468.0
1217420 2465.8
1217430 2447.3
1217440 2438.8
1217450 2433.8
1217460 2433.8
1217470 2427.6
1217480 2421.6
1217490 2421.6
1217500 2415.6
1217510 2409.7
1217520 2409.7
1217530 2403.7
1217540 2397.9
1217550 2397.9
1217560 2392.1
1217570 2386.5
1217580 2386.5
1217590 2381.0
1217600 2375.8
1217610 2375.8
1217620 2371.8
1217630 2369.1
1217640 2368.6
1217650 2368.6
1217660 2368.7
1217670 2368.7
1217680 2368.7
1217690 2368.9
1217700 2366.3
1217710 2366.3
1217720 2362.5
1217730 2358.5
1217740 2358.5
1217750 2354.9
1217760 2351.6
1217770 2351.6
1217780 2349.3
1217790 2348.5
1217800 2348.5
1217810 2347.8
1217820 2345.4
1217830 2345.4
1217840 2343.3
1217850 2341.2
1217860 2341.3
1217870 2341.3
1217880 2343.0
1217890 2347.4
1217900 2347.4
1217910 2350.1
1217920 2351.1
1217930 2351.1
1217940 2351.1
1217950 2351.9
1217960 2351.9
1217970 2353.9
1217980 2356.5
1217990 2356.5
1218000 2358.6
1218010 2360.9
1218020 2360.9
1218030 2364.0
1218040 2367.5
1218050 2367.5
1218060 2370.3
1218070 2374.3
1218080 2378.7
1218090 2378.7
1218100 2380.9
1218110 2382.3
1218120 2382.3
1218130 2384.4
1218140 2386.9
1218150 2386.9
1218160 2389.1
1218170 2391.1
1218180 2391.1
1218190 2393.3
1218200 2396.3
1218210 2396.3
1218220 2398.6
1218230 2401.5
1218240 2401.5
1218250 2403.3
1218260 2403.6
1218270 2405.1
1218280 2405.1
1218290 2406.6
1218300 2407.7
1218310 2407.7
1218320 2408.4
1218330 2410.4
1218340 2410.4
1218350 2413.3
1218360 2415.4
1218370 2414.3
1218380 2413.0
1218390 2413.5
1218400 2413.5
1218410 2412.1
1218420 2406.2
1218430 2406.2
1218440 2398.9
1218450 2391.2
1218460 2391.2
1218470 2383.2
1218480 2375.1
1218490 2367.0
1218500 2367.0
1218510 2359.0
1218520 2351.8
1218530 2351.8
1218540 2345.3
1218550 2338.8
1218560 2338.8
1218570 2332.2
1218580 2325.3
1218590 2325.3
1218600 2318.4
1218610 2311.6
1218620 2311.6
1218630 2305.2
1218640 2298.4
1218650 2298.4
1218660 2291.7
1218670 2285.2
1218680 2285.2
1218690 2279.2
1218700 2273.7
1218710 2268.3
1218720 2268.3
1218730 2263.2
1218740 2258.1
1218750 2258.1
1218760 2253.5
1218770 2249.0
1218780 2249.0
1218790 2244.6
1218800 2241.1
1218810 2241.1
1218820 2238.1
1218830 2235.2
1218840 2238.2
1218850 2234.4
1218860 2230.4
1218870 2230.4
1218880 2225.7
1218890 2219.8
1218900 2211.8
1218910 2211.8
1218920 2203.0
1218930 2193.9
1218940 2193.9
1218950 2187.7
1218960 2183.5
1218970 2183.5
1218980 2179.3
1218990 2175.0
1219000 2175.0
1219010 2170.2
1219020 2163.8
1219030 2163.8
1219040 2156.9
1219050 2149.7
1219060 2149.7
1219070 2143.2
1219080 2137.1
1219090 2137.1
1219100 2131.7
1219110 2126.7
1219120 2122.1
1219130 2122.1
1219140 2117.6
1219150 2113.1
1219160 2113.1
1219170 2109.8
1219180 2107.0
1219190 2107.0
1219200 2103.0
1219210 2098.6
1219220 2098.6
1219230 2094.1
1219240 2089.5
1219250 2089.5
1219260 2085.5
1219270 2081.7
1219280 2081.7
1219290 2078.2
1219300 2074.2
1219310 2074.2
1219320 2073.4
1219330 2067.9
1219340 2062.1
1219350 2062.1
1219360 2055.5
1219370 2048.1
1219380 2048.1
1219390 2040.7
1219400 2033.0
1219410 2033.0
1219420 2025.3
1219430 2018.3
1219440 2018.3
1219450 2011.2
1219460 2001.8
1219470 2001.8
1219480 1992.5
1219490 1980.0
1219500 1980.0
1219510 1965.9
1219520 1952.1
1219530 1941.4
1219540 1941.4
1219550 1933.4
1219560 1926.5
1219570 1926.5
1219580 1920.1
1219590 1913.7
1219600 1913.7
1219610 1907.7
1219620 1902.1
1219630 1902.1
1219640 1896.8
1219650 1891.3
1219660 1891.3
1219670 1886.5
1219680 1882.5
1219690 1882.5
1219700 1878.2
1219710 1874.1
1219720 1874.1
1219730 1869.8
1219740 1866.2
1219750 1862.4
1219760 1862.4
1219770 1858.1
1219780 1853.5
1219790 1853.5
1219800 1847.6
1219810 1844.8
1219820 1844.8
1219830 1841.9
1219840 1837.8
1219850 1837.8
1219860 1833.5
1219870 1831.0
1219880 1831.0
1219890 1828.8
1219900 1826.2
1219910 1826.2
1219920 1823.9
1219930 1821.9
1219940 1821.9
1219950 1820.1
1219960 1818.3
1219970 1817.5
1219980 1817.5
1219990 1819.3
