1200000 2488.3
1200010 2488.3
1200020 2493.2
1200030 2498.3
1200040 2498.3
1200050 2503.6
1200060 2508.9
1200070 2508.9
1200080 2513.9
1200090 2518.8
1200100 2518.8
1200110 2523.9
1200120 2529.4
1200130 2533.4
1200140 2539.0
1200150 2544.6
1200160 2544.6
1200170 2550.8
1200180 2557.1
1200190 2557.1
1200200 2563.7
1200210 2574.0
1200220 2589.8
1200230 2589.8
1200240 2604.3
1200250 2615.8
1200260 2615.8
1200270 2625.7
1200280 2629.3
1200290 2629.3
1200300 2627.1
1200310 2623.3
1200320 2623.3
1200330 2624.1
1200340 2628.0
1200350 2628.0
1200360 2634.8
1200370 2645.3
1200380 2645.3
1200390 2650.4
1200400 2655.6
1200410 2655.6
1200420 2662.5
1200430 2671.0
1200440 2686.5
1200450 2686.5
1200460 2694.8
1200470 2694.5
1200480 2694.5
1200490 2704.8
1200500 2716.5
1200510 2716.5
1200520 2739.1
1200530 2759.7
1200540 2759.7
1200550 2775.2
1200560 2787.7
1200570 2787.7
1200580 2806.2
1200590 2820.2
1200600 2820.2
1200610 2830.4
1200620 2832.1
1200630 2837.0
1200640 2837.0
1200650 2845.8
1200660 2851.4
1200670 2851.4
1200680 2860.1
1200690 2865.1
1200700 2865.1
1200710 2870.8
1200720 2878.2
1200730 2878.2
1200740 2892.6
1200750 2914.3
1200760 2914.3
1200770 2923.3
1200780 2925.9
1200790 2925.9
1200800 2931.1
1200810 2941.9
1200820 2941.9
1200830 2950.8
1200840 2956.3
1200850 2960.6
1200860 2960.6
1200870 2958.2
1200880 2946.7
1200890 2946.7
1200900 2930.9
1200910 2922.3
1200920 2922.3
1200930 2921.6
1200940 2925.2
1200950 2925.2
1200960 2930.7
1200970 2940.0
1200980 2940.0
1200990 2951.8
1201000 2969.4
1201010 2969.4
1201020 2978.9
1201030 2996.9
1201040 2996.9
1201050 3007.9
1201060 3012.7
1201070 3017.8
1201080 3017.8
1201090 3012.1
1201100 3019.0
1201110 3019.0
1201120 3038.5
1201130 3041.1
1201140 3041.1
1201150 3022.9
1201160 3020.8
1201170 3020.8
1201180 3027.4
1201190 3021.1
1201200 3021.1
1201210 3027.2
1201220 3047.2
1201230 3047.2
1201240 3064.1
1201250 3075.7
1201260 3089.9
1201270 3089.9
1201280 3106.0
1201290 3108.5
1201300 3108.5
1201310 3101.9
1201320 3106.4
1201330 3106.4
1201340 3108.7
1201350 3110.2
1201360 3110.2
1201370 3109.6
1201380 3120.5
1201390 3120.5
1201400 3151.0
1201410 3176.3
1201420 3176.3
1201430 3211.4
1201440 3230.3
1201450 3230.3
1201460 3239.2
1201470 3259.5
1201480 3269.9
1201490 3269.9
1201500 3282.2
1201510 3298.5
1201520 3298.5
1201530 3297.2
1201540 3293.3
1201550 3293.3
1201560 3296.0
1201570 3305.3
1201580 3305.3
1201590 3324.7
1201600 3334.7
1201610 3334.7
1201620 3326.6
1201630 3315.3
1201640 3315.3
1201650 3304.0
1201660 3287.6
1201670 3287.6
1201680 3265.6
1201690 3246.7
1201700 3215.4
1201710 3215.4
1201720 3194.9
1201730 3172.6
1201740 3172.6
1201750 3166.9
1201760 3163.6
1201770 3163.6
1201780 3159.0
1201790 3156.4
1201800 3156.4
1201810 3152.1
1201820 3145.5
1201830 3145.5
1201840 3135.6
1201850 3125.6
1201860 3125.6
1201870 3118.1
1201880 3109.4
1201890 3101.2
1201900 3101.2
1201910 3092.7
1201920 3078.2
1201930 3078.2
1201940 3068.2
1201950 3052.2
1201960 3052.2
1201970 3032.3
1201980 3003.2
1201990 3003.2
1202000 2987.6
1202010 2976.7
1202020 2976.7
1202030 2968.7
1202040 2960.5
1202050 2960.5
1202060 2950.1
1202070 2936.9
1202080 2936.9
1202090 2926.6
1202100 2920.4
1202110 2909.1
1202120 2909.1
1202130 2905.9
1202140 2903.1
1202150 2903.1
1202160 2898.4
1202170 2893.7
1202180 2893.7
1202190 2889.2
1202200 2885.0
1202210 2885.0
1202220 2881.8
1202230 2879.6
1202240 2879.6
1202250 2877.9
1202260 2876.7
1202270 2876.7
1202280 2876.5
1202290 2876.9
1202300 2876.9
1202310 2878.1
1202320 2878.4
1202330 2877.4
1202340 2877.4
1202350 2880.9
1202360 2893.4
1202370 2908.4
1202380 2912.6
1202390 2916.4
1202400 2916.4
1202410 2923.4
1202420 2932.8
1202430 2932.8
1202440 2942.7
1202450 2954.1
1202460 2954.1
1202470 2968.3
1202480 2984.4
1202490 2984.4
1202500 2988.7
1202510 2984.0
1202520 2982.1
1202530 2982.1
1202540 2993.3
1202550 3007.1
1202560 3007.1
1202570 3014.2
1202580 3016.1
1202590 3016.1
1202600 3014.1
1202610 3013.8
1202620 3013.8
1202630 3016.3
1202640 3009.9
1202650 3009.9
1202660 3006.4
1202670 3009.2
1202680 3009.2
1202690 3015.2
1202700 3021.0
1202710 3021.0
1202720 3023.9
1202730 3024.2
1202740 3023.0
1202750 3023.0
1202760 3021.6
1202770 3017.7
1202780 3017.7
1202790 3015.0
1202800 3012.7
1202810 3012.7
1202820 3017.7
1202830 3016.5
1202840 3016.5
1202850 3015.9
1202860 3016.8
1202870 3016.8
1202880 3019.3
1202890 3023.7
1202900 3023.7
1202910 3029.4
1202920 3038.3
1202930 3038.3
1202940 3056.2
1202950 3084.0
1202960 3094.9
1202970 3094.9
1202980 3101.9
1202990 3109.8
1203000 3109.8
1203010 3127.2
1203020 3144.1
1203030 3144.1
1203040 3156.3
1203050 3160.2
1203060 3160.2
1203070 3170.8
1203080 3175.3
1203090 3175.3
1203100 3186.8
1203110 3205.4
1203120 3205.4
1203130 3207.6
1203140 3199.2
1203150 3191.9
1203160 3191.9
1203170 3184.2
1203180 3178.6
1203190 3178.6
1203200 3174.2
1203210 3169.1
1203220 3169.1
1203230 3163.5
1203240 3159.1
1203250 3159.1
1203260 3156.3
1203270 3146.4
1203280 3146.4
1203290 3139.9
1203300 3127.2
1203310 3127.2
1203320 3109.9
1203330 3101.8
1203340 3101.8
1203350 3093.0
1203360 3079.2
1203370 3074.5
1203380 3074.5
1203390 3068.7
1203400 3064.2
1203410 3064.2
1203420 3053.2
1203430 3036.2
1203440 3036.2
1203450 3029.4
1203460 3025.8
1203470 3025.8
1203480 3020.3
1203490 3014.1
1203500 3014.1
1203510 3010.5
1203520 2997.8
1203530 2997.8
1203540 2979.0
1203550 2973.3
1203560 2973.3
1203570 2970.3
1203580 2968.0
1203590 2966.1
1203600 2966.1
1203610 2963.6
1203620 2961.4
1203630 2961.4
1203640 2959.0
1203650 2956.1
1203660 2956.1
1203670 2953.8
1203680 2952.4
1203690 2952.4
1203700 2950.6
1203710 2948.1
1203720 2949.8
1203730 2947.4
1203740 2944.3
1203750 2944.3
1203760 2941.1
1203770 2938.3
1203780 2936.1
1203790 2936.1
1203800 2933.2
1203810 2930.0
1203820 2930.0
1203830 2925.9
1203840 2921.7
1203850 2921.7
1203860 2918.2
1203870 2914.7
1203880 2914.7
1203890 2910.1
1203900 2905.3
1203910 2905.3
1203920 2900.0
1203930 2894.3
1203940 2894.3
1203950 2888.5
1203960 2883.3
1203970 2883.3
1203980 2879.4
1203990 2876.7
1204000 2874.6
1204010 2874.6
1204020 2873.2
1204030 2874.3
1204040 2874.3
1204050 2877.4
1204060 2880.0
1204070 2880.0
1204080 2885.7
1204090 2899.1
1204100 2899.1
1204110 2908.9
1204120 2911.0
1204130 2911.0
1204140 2912.2
1204150 2911.6
1204160 2911.6
1204170 2903.9
1204180 2902.8
1204190 2902.8
1204200 2901.4
1204210 2900.4
1204220 2898.6
1204230 2898.6
1204240 2883.5
1204250 2862.1
1204260 2862.1
1204270 2855.3
1204280 2849.8
1204290 2849.8
1204300 2843.7
1204310 2837.6
1204320 2837.6
1204330 2831.8
1204340 2827.0
1204350 2827.0
1204360 2823.3
1204370 2821.3
1204380 2821.3
1204390 2817.3
1204400 2812.0
1204410 2806.8
1204420 2806.8
1204430 2799.5
1204440 2784.1
1204450 2784.1
1204460 2770.5
1204470 2764.0
1204480 2764.0
1204490 2758.6
1204500 2753.0
1204510 2753.0
1204520 2747.3
1204530 2741.4
1204540 2741.4
1204550 2735.2
1204560 2729.2
1204570 2729.2
1204580 2721.8
1204590 2714.0
1204600 2714.0
1204610 2704.3
1204620 2705.5
1204630 2693.2
1204640 2693.2
1204650 2682.0
1204660 2674.9
1204670 2674.9
1204680 2668.9
1204690 2661.9
1204700 2661.9
1204710 2655.4
1204720 2650.0
1204730 2650.0
1204740 2644.9
1204750 2640.3
1204760 2640.3
1204770 2636.2
1204780 2632.8
1204790 2632.8
1204800 2629.5
1204810 2625.9
1204820 2625.9
1204830 2622.3
1204840 2618.7
1204850 2614.8
1204860 2614.8
1204870 2610.2
1204880 2604.4
1204890 2604.4
1204900 2597.3
1204910 2589.7
1204920 2589.7
1204930 2583.6
1204940 2579.3
1204950 2579.3
1204960 2575.9
1204970 2572.7
1204980 2572.7
1204990 2569.2
1205000 2566.1
1205010 2566.1
1205020 2563.5
1205030 2560.6
1205040 2556.5
1205050 2556.5
1205060 2553.0
1205070 2550.2
1205080 2551.2
1205090 2548.6
1205100 2545.1
1205110 2545.1
1205120 2541.0
1205130 2535.9
1205140 2535.9
1205150 2530.5
1205160 2525.1
1205170 2525.1
1205180 2520.0
1205190 2514.4
1205200 2514.4
1205210 2509.6
1205220 2505.4
1205230 2505.4
1205240 2501.9
1205250 2499.1
1205260 2496.9
1205270 2496.9
1205280 2495.7
1205290 2494.1
1205300 2494.1
1205310 2491.6
1205320 2490.1
1205330 2490.1
1205340 2489.6
1205350 2489.5
1205360 2489.5
1205370 2489.5
1205380 2489.5
1205390 2489.5
1205400 2489.6
1205410 2490.8
1205420 2490.8
1205430 2493.5
1205440 2496.6
1205450 2496.6
1205460 2499.0
1205470 2500.4
1205480 2501.5
1205490 2501.5
1205500 2503.0
1205510 2503.1
1205520 2503.1
1205530 2501.5
1205540 2502.5
1205550 2502.5
1205560 2501.4
1205570 2495.8
1205580 2495.8
1205590 2484.0
1205600 2475.7
1205610 2475.7
1205620 2471.3
1205630 2467.2
1205640 2467.2
1205650 2464.4
1205660 2462.5
1205670 2460.4
1205680 2460.4
1205690 2458.1
1205700 2457.9
1205710 2457.9
1205720 2459.0
1205730 2459.2
1205740 2459.2
1205750 2458.4
1205760 2454.9
1205770 2454.9
1205780 2452.8
1205790 2453.2
1205800 2453.2
1205810 2453.6
1205820 2453.7
1205830 2453.7
1205840 2458.4
1205850 2466.7
1205860 2466.7
1205870 2471.0
1205880 2470.6
1205890 2466.3
1205900 2466.3
1205910 2464.4
1205920 2466.6
1205930 2466.6
1205940 2473.8
1205950 2478.1
1205960 2478.1
1205970 2477.3
1205980 2466.6
1205990 2466.6
1206000 2462.9
1206010 2461.6
1206020 2461.6
1206030 2459.9
1206040 2457.4
1206050 2457.4
1206060 2456.0
1206070 2456.8
1206080 2456.8
1206090 2456.8
1206100 2456.6
1206110 2457.2
1206120 2457.2
1206130 2458.6
1206140 2460.4
1206150 2460.4
1206160 2464.2
1206170 2469.7
1206180 2469.7
1206190 2474.4
1206200 2475.9
1206210 2475.9
1206220 2475.1
1206230 2475.5
1206240 2475.5
1206250 2478.0
1206260 2481.1
1206270 2481.1
1206280 2482.8
1206290 2484.8
1206300 2487.3
1206310 2487.3
1206320 2491.0
1206330 2496.8
1206340 2496.8
1206350 2504.7
1206360 2509.9
1206370 2509.9
1206380 2514.0
1206390 2518.8
1206400 2518.8
1206410 2523.3
1206420 2528.0
1206430 2528.0
1206440 2530.6
1206450 2535.8
1206460 2535.8
1206470 2541.5
1206480 2546.7
1206490 2546.7
1206500 2550.8
1206510 2555.0
1206520 2559.6
1206530 2559.6
1206540 2563.1
1206550 2565.4
1206560 2565.4
1206570 2567.0
1206580 2568.9
1206590 2568.9
1206600 2571.1
1206610 2573.8
1206620 2573.8
1206630 2576.9
1206640 2580.1
1206650 2580.1
1206660 2584.1
1206670 2587.0
1206680 2587.0
1206690 2589.5
1206700 2591.6
1206710 2591.6
1206720 2593.7
1206730 2596.0
1206740 2598.4
1206750 2598.4
1206760 2599.6
1206770 2599.8
1206780 2599.8
1206790 2600.4
1206800 2601.1
1206810 2601.1
1206820 2599.8
1206830 2597.6
1206840 2597.6
1206850 2596.7
1206860 2595.1
1206870 2595.1
1206880 2593.2
1206890 2592.1
1206900 2583.2
1206910 2582.0
1206920 2580.1
1206930 2577.2
1206940 2577.2
1206950 2573.2
1206960 2565.8
1206970 2565.8
1206980 2556.0
1206990 2546.8
1207000 2546.8
1207010 2537.6
1207020 2529.5
1207030 2529.5
1207040 2523.0
1207050 2516.6
1207060 2516.6
1207070 2509.6
1207080 2502.1
1207090 2502.1
1207100 2492.4
1207110 2482.9
1207120 2482.9
1207130 2474.8
1207140 2467.1
1207150 2458.4
1207160 2458.4
1207170 2450.4
1207180 2443.0
1207190 2443.0
1207200 2435.0
1207210 2427.0
1207220 2427.0
1207230 2419.2
1207240 2411.8
1207250 2411.8
1207260 2404.4
1207270 2396.9
1207280 2396.9
1207290 2388.9
1207300 2380.6
1207310 2380.6
1207320 2372.7
1207330 2365.4
1207340 2365.4
1207350 2360.7
1207360 2353.7
1207370 2346.2
1207380 2346.2
1207390 2337.2
1207400 2329.2
1207410 2329.2
1207420 2322.2
1207430 2314.8
1207440 2314.8
1207450 2306.6
1207460 2299.1
1207470 2299.1
1207480 2292.4
1207490 2285.6
1207500 2285.6
1207510 2279.5
1207520 2272.4
1207530 2272.4
1207540 2265.6
1207550 2260.5
1207560 2257.1
1207570 2257.1
1207580 2250.7
1207590 2244.4
1207600 2244.4
1207610 2238.7
1207620 2232.0
1207630 2232.0
1207640 2225.8
1207650 2219.0
1207660 2219.0
1207670 2208.7
1207680 2199.8
1207690 2199.8
1207700 2193.4
1207710 2187.5
1207720 2187.5
1207730 2179.6
1207740 2171.3
1207750 2171.3
1207760 2163.6
1207770 2157.0
1207780 2150.5
1207790 2150.5
1207800 2145.1
1207810 2139.4
1207820 2139.4
1207830 2134.4
1207840 2128.8
1207850 2128.8
1207860 2123.4
1207870 2118.0
1207880 2118.0
1207890 2112.6
1207900 2107.4
1207910 2107.4
1207920 2101.9
1207930 2096.1
1207940 2096.1
1207950 2090.4
1207960 2084.5
1207970 2084.5
1207980 2079.2
1207990 2074.1
1208000 2068.3
1208010 2068.3
1208020 2062.4
1208030 2056.8
1208040 2056.8
1208050 2051.4
1208060 2045.6
1208070 2045.6
1208080 2039.0
1208090 2032.2
1208100 2032.2
1208110 2027.3
1208120 2021.9
1208130 2021.9
1208140 2015.2
1208150 2007.5
1208160 2007.5
1208170 1999.6
1208180 1993.2
1208190 1986.9
1208200 1986.9
1208210 1979.9
1208220 1974.0
1208230 1974.0
1208240 1968.9
1208250 1963.9
1208260 1963.9
1208270 1959.4
1208280 1953.7
1208290 1953.7
1208300 1948.6
1208310 1944.8
1208320 1944.8
1208330 1942.9
1208340 1942.5
1208350 1942.5
1208360 1941.0
1208370 1937.9
1208380 1937.9
1208390 1931.6
1208400 1921.7
1208410 1912.4
1208420 1912.4
1208430 1905.9
1208440 1900.9
1208450 1900.9
1208460 1895.1
1208470 1889.9
1208480 1889.9
1208490 1884.5
1208500 1876.8
1208510 1876.8
1208520 1868.6
1208530 1861.0
1208540 1861.0
1208550 1853.4
1208560 1844.1
1208570 1844.1
1208580 1835.1
1208590 1826.5
1208600 1819.4
1208610 1819.4
1208620 1813.1
1208630 1807.8
1208640 1807.8
1208650 1801.8
1208660 1796.0
1208670 1796.0
1208680 1791.2
1208690 1786.2
1208700 1786.2
1208710 1781.4
1208720 1776.3
1208730 1773.1
1208740 1767.7
1208750 1760.9
1208760 1760.9
1208770 1755.4
1208780 1750.9
1208790 1750.9
1208800 1746.3
1208810 1741.1
1208820 1736.1
1208830 1736.1
1208840 1731.0
1208850 1724.2
1208860 1724.2
1208870 1716.9
1208880 1709.5
1208890 1709.5
1208900 1702.8
1208910 1695.0
1208920 1695.0
1208930 1687.4
1208940 1678.7
1208950 1678.7
1208960 1670.2
1208970 1662.6
1208980 1662.6
1208990 1655.1
1209000 1647.9
1209010 1647.9
1209020 1640.7
1209030 1633.4
1209040 1626.0
1209050 1626.0
1209060 1618.6
1209070 1612.0
1209080 1612.0
1209090 1606.3
1209100 1601.5
1209110 1601.5
1209120 1597.2
1209130 1592.7
1209140 1592.7
1209150 1587.7
1209160 1582.8
1209170 1582.8
1209180 1577.8
1209190 1571.3
1209200 1571.3
1209210 1567.7
1209220 1564.4
1209230 1561.3
1209240 1561.3
1209250 1558.2
1209260 1555.1
1209270 1555.1
1209280 1552.1
1209290 1549.3
1209300 1549.3
1209310 1546.5
1209320 1543.5
1209330 1543.5
1209340 1540.6
1209350 1538.0
1209360 1538.0
1209370 1535.6
1209380 1532.8
1209390 1532.8
1209400 1529.6
1209410 1526.9
1209420 1526.9
1209430 1524.1
1209440 1521.4
1209450 1519.1
1209460 1519.1
1209470 1517.6
1209480 1515.4
1209490 1515.4
1209500 1512.1
1209510 1509.8
1209520 1509.8
1209530 1508.2
1209540 1506.6
1209550 1506.6
1209560 1505.7
1209570 1507.9
1209580 1507.9
1209590 1512.4
1209600 1514.2
1209610 1514.2
1209620 1514.5
1209630 1514.4
1209640 1514.4
1209650 1514.6
1209660 1516.5
1209670 1521.3
1209680 1521.3
1209690 1524.2
1209700 1526.7
1209710 1526.7
1209720 1528.9
1209730 1531.8
1209740 1531.8
1209750 1534.4
1209760 1536.7
1209770 1536.7
1209780 1538.7
1209790 1540.7
1209800 1540.7
1209810 1542.6
1209820 1545.0
1209830 1545.0
1209840 1548.7
1209850 1552.6
1209860 1556.6
1209870 1556.6
1209880 1560.6
1209890 1564.8
1209900 1564.8
1209910 1569.0
1209920 1574.4
1209930 1574.4
1209940 1580.6
1209950 1587.2
1209960 1587.2
1209970 1594.5
1209980 1601.8
1209990 1601.8
1210000 1608.1
1210010 1614.9
1210020 1614.9
1210030 1622.7
1210040 1630.2
1210050 1630.2
1210060 1638.1
1210070 1648.9
1210080 1660.8
1210090 1660.8
1210100 1669.4
1210110 1675.3
1210120 1675.3
1210130 1683.1
1210140 1691.0
1210150 1691.0
1210160 1700.6
1210170 1713.6
1210180 1713.6
1210190 1722.3
1210200 1728.2
1210210 1728.2
1210220 1733.6
1210230 1741.2
1210240 1741.2
1210250 1749.5
1210260 1757.8
1210270 1757.8
1210280 1766.1
1210290 1775.1
1210300 1783.8
1210310 1783.8
1210320 1792.7
1210330 1799.4
1210340 1799.4
1210350 1805.8
1210360 1811.9
1210370 1811.9
1210380 1817.6
1210390 1822.8
1210400 1822.8
1210410 1828.1
1210420 1833.7
1210430 1833.7
1210440 1839.6
1210450 1846.7
1210460 1846.7
1210470 1854.4
1210480 1861.5
1210490 1868.3
1210500 1868.3
1210510 1875.3
1210520 1883.0
1210530 1883.0
1210540 1891.4
1210550 1898.6
1210560 1898.6
1210570 1907.1
1210580 1912.3
1210590 1912.3
1210600 1917.8
1210610 1918.5
1210620 1918.5
1210630 1913.1
1210640 1908.2
1210650 1908.2
1210660 1909.4
1210670 1912.8
1210680 1912.8
1210690 1914.8
1210700 1916.9
1210710 1916.6
1210720 1916.6
1210730 1919.1
1210740 1926.9
1210750 1926.9
1210760 1925.6
1210770 1927.9
1210780 1927.9
1210790 1930.7
1210800 1936.2
1210810 1936.2
1210820 1938.1
1210830 1937.3
1210840 1937.3
1210850 1937.6
1210860 1938.9
1210870 1938.9
1210880 1940.6
1210890 1942.2
1210900 1942.2
1210910 1944.6
1210920 1948.5
1210930 1953.9
1210940 1953.9
1210950 1957.8
1210960 1964.2
1210970 1964.2
1210980 1963.7
1210990 1965.4
1211000 1965.4
1211010 1971.0
1211020 1976.7
1211030 1979.4
1211040 1983.0
1211050 1985.9
1211060 1985.9
1211070 1989.6
1211080 1991.9
1211090 1991.9
1211100 1994.4
1211110 1997.7
1211120 2003.5
1211130 2003.5
1211140 2011.3
1211150 2019.7
1211160 2019.7
1211170 2029.5
1211180 2043.8
1211190 2043.8
1211200 2054.7
1211210 2061.2
1211220 2061.2
1211230 2070.1
1211240 2074.7
1211250 2074.7
1211260 2077.5
1211270 2086.2
1211280 2086.2
1211290 2097.0
1211300 2107.0
1211310 2107.0
1211320 2114.7
1211330 2121.7
1211340 2127.6
1211350 2127.6
1211360 2132.6
1211370 2137.3
1211380 2137.3
1211390 2142.3
1211400 2147.2
1211410 2147.2
1211420 2152.2
1211430 2157.1
1211440 2157.1
1211450 2161.7
1211460 2165.9
1211470 2165.9
1211480 2170.3
1211490 2170.0
1211500 2170.0
1211510 2174.4
1211520 2178.6
1211530 2178.6
1211540 2183.1
1211550 2187.5
1211560 2191.6
1211570 2191.6
1211580 2195.6
1211590 2199.5
1211600 2199.5
1211610 2203.1
1211620 2206.6
1211630 2206.6
1211640 2210.0
1211650 2213.2
1211660 2213.2
1211670 2216.6
1211680 2220.3
1211690 2220.3
1211700 2224.8
1211710 2230.4
1211720 2230.4
1211730 2236.8
1211740 2242.3
1211750 2248.1
1211760 2248.1
1211770 2253.5
1211780 2258.8
1211790 2258.8
1211800 2264.1
1211810 2269.9
1211820 2269.9
1211830 2275.8
1211840 2281.9
1211850 2281.9
1211860 2288.1
1211870 2294.6
1211880 2294.6
1211890 2301.3
1211900 2308.7
1211910 2308.7
1211920 2319.0
1211930 2327.5
1211940 2327.5
1211950 2332.1
1211960 2332.7
1211970 2338.0
1211980 2338.0
1211990 2342.8
1212000 2347.4
1212010 2347.4
1212020 2353.2
1212030 2360.5
1212040 2360.5
1212050 2368.4
1212060 2376.3
1212070 2376.3
1212080 2383.7
1212090 2393.9
1212100 2393.9
1212110 2404.2
1212120 2414.0
1212130 2414.0
1212140 2423.0
1212150 2431.3
1212160 2431.3
1212170 2441.7
1212180 2454.3
1212190 2472.0
1212200 2472.0
1212210 2483.2
1212220 2490.1
1212230 2490.1
1212240 2497.0
1212250 2504.6
1212260 2504.6
1212270 2515.1
1212280 2525.9
1212290 2525.9
1212300 2535.4
1212310 2543.4
1212320 2543.4
1212330 2548.2
1212340 2552.8
1212350 2552.8
1212360 2558.0
1212370 2563.4
1212380 2568.9
1212390 2568.9
1212400 2572.6
1212410 2578.2
1212420 2581.8
1212430 2584.0
1212440 2583.5
1212450 2583.5
1212460 2579.4
1212470 2572.7
1212480 2572.7
1212490 2565.3
1212500 2561.1
1212510 2561.1
1212520 2557.8
1212530 2554.4
1212540 2554.4
1212550 2551.9
1212560 2551.0
1212570 2551.0
1212580 2548.1
1212590 2542.7
1212600 2536.8
1212610 2536.8
1212620 2535.9
1212630 2536.9
1212640 2536.9
1212650 2536.8
1212660 2538.6
1212670 2538.6
1212680 2540.0
1212690 2540.8
1212700 2540.8
1212710 2541.8
1212720 2543.9
1212730 2543.9
1212740 2546.2
1212750 2548.8
1212760 2548.8
1212770 2551.5
1212780 2554.3
1212790 2554.3
1212800 2557.3
1212810 2560.6
1212820 2563.6
1212830 2563.6
1212840 2566.7
1212850 2569.5
1212860 2569.5
1212870 2573.3
1212880 2578.8
1212890 2577.7
1212900 2582.6
1212910 2587.2
1212920 2587.2
1212930 2592.5
1212940 2597.9
1212950 2597.9
1212960 2604.0
1212970 2610.8
1212980 2610.8
1212990 2617.9
1213000 2624.8
1213010 2633.7
1213020 2633.7
1213030 2649.2
1213040 2671.0
1213050 2671.0
1213060 2693.3
1213070 2707.8
1213080 2707.8
1213090 2724.4
1213100 2741.3
1213110 2741.3
1213120 2751.3
1213130 2765.6
1213140 2765.6
1213150 2796.3
1213160 2819.9
1213170 2819.9
1213180 2830.2
1213190 2840.7
1213200 2840.7
1213210 2857.0
1213220 2861.0
1213230 2862.2
1213240 2862.2
1213250 2872.6
1213260 2892.1
1213270 2892.1
1213280 2913.9
1213290 2926.3
1213300 2926.3
1213310 2940.8
1213320 2954.0
1213330 2954.0
1213340 2964.4
1213350 2972.9
1213360 2970.9
1213370 2986.2
1213380 2998.8
1213390 2998.8
1213400 3008.8
1213410 3016.8
1213420 3016.8
1213430 3022.2
1213440 3027.5
1213450 3034.7
1213460 3034.7
1213470 3041.0
1213480 3047.5
1213490 3047.5
1213500 3051.2
1213510 3054.2
1213520 3054.2
1213530 3056.8
1213540 3056.9
1213550 3056.9
1213560 3053.1
1213570 3047.5
1213580 3047.5
1213590 3041.6
1213600 3036.5
1213610 3036.5
1213620 3035.7
1213630 3040.0
1213640 3045.4
1213650 3045.4
1213660 3045.6
1213670 3042.9
1213680 3042.9
1213690 3044.4
1213700 3047.7
1213710 3047.7
1213720 3052.4
1213730 3058.5
1213740 3058.5
1213750 3066.8
1213760 3074.0
1213770 3074.0
1213780 3081.3
1213790 3085.1
1213800 3085.1
1213810 3089.1
1213820 3097.4
1213830 3097.4
1213840 3100.3
1213850 3100.8
1213860 3098.5
1213870 3098.5
1213880 3096.2
1213890 3100.4
1213900 3100.4
1213910 3107.6
1213920 3111.9
1213930 3111.9
1213940 3116.2
1213950 3120.3
1213960 3120.3
1213970 3135.5
1213980 3147.8
1213990 3147.8
1214000 3157.0
1214010 3165.1
1214020 3165.1
1214030 3170.8
1214040 3175.7
1214050 3175.7
1214060 3181.1
1214070 3187.5
1214080 3194.1
1214090 3194.1
1214100 3200.0
1214110 3205.7
1214120 3205.7
1214130 3211.0
1214140 3215.2
1214150 3215.2
1214160 3218.4
1214170 3221.4
1214180 3221.4
1214190 3224.9
1214200 3228.3
1214210 3228.3
1214220 3230.7
1214230 3231.8
1214240 3231.8
1214250 3232.2
1214260 3232.6
1214270 3233.6
1214280 3233.6
1214290 3244.0
1214300 3244.5
1214310 3244.5
1214320 3245.1
1214330 3245.4
1214340 3245.4
1214350 3245.7
1214360 3246.4
1214370 3246.4
1214380 3247.7
1214390 3243.2
1214400 3243.2
1214410 3231.9
1214420 3222.9
1214430 3222.9
1214440 3215.1
1214450 3207.7
1214460 3207.7
1214470 3199.1
1214480 3190.1
1214490 3178.8
1214500 3178.8
1214510 3162.2
1214520 3155.2
1214530 3155.2
1214540 3148.6
1214550 3142.5
1214560 3142.5
1214570 3136.2
1214580 3130.1
1214590 3130.1
1214600 3123.8
1214610 3117.4
1214620 3117.4
1214630 3111.3
1214640 3105.8
1214650 3105.8
1214660 3101.1
1214670 3097.2
1214680 3094.7
1214690 3094.7
1214700 3093.2
1214710 3092.7
1214720 3092.7
1214730 3091.9
1214740 3089.5
1214750 3089.5
1214760 3085.8
1214770 3081.5
1214780 3081.5
1214790 3076.1
1214800 3070.9
1214810 3070.9
1214820 3064.4
1214830 3058.4
1214840 3058.4
1214850 3051.7
1214860 3045.0
1214870 3045.0
1214880 3038.9
1214890 3032.2
1214900 3025.5
1214910 3025.5
1214920 3019.0
1214930 3013.4
1214940 3013.4
1214950 3009.5
1214960 3007.9
1214970 3007.9
1214980 3007.4
1214990 3006.5
1215000 3006.5
1215010 3005.8
1215020 3005.3
1215030 3005.3
1215040 3004.6
1215050 3003.6
1215060 3003.6
1215070 3002.5
1215080 3001.3
1215090 3001.3
1215100 2999.8
1215110 2998.2
1215120 2996.3
1215130 2996.3
1215140 2994.2
1215150 2991.9
1215160 2991.9
1215170 2989.5
1215180 2987.1
1215190 2987.1
1215200 2984.6
1215210 2982.0
1215220 2982.0
1215230 2979.7
1215240 2977.2
1215250 2977.2
1215260 2974.7
1215270 2972.3
1215280 2972.3
1215290 2970.1
1215300 2967.9
1215310 2965.9
1215320 2965.9
1215330 2964.1
1215340 2962.4
1215350 2962.4
1215360 2960.9
1215370 2959.2
1215380 2959.2
1215390 2957.3
1215400 2955.2
1215410 2955.2
1215420 2953.2
1215430 2950.7
1215440 2950.7
1215450 2948.1
1215460 2945.3
1215470 2945.3
1215480 2942.1
1215490 2938.7
1215500 2938.7
1215510 2935.3
1215520 2931.6
1215530 2927.6
1215540 2927.6
1215550 2923.8
1215560 2920.0
1215570 2920.0
1215580 2916.3
1215590 2912.5
1215600 2912.5
1215610 2908.7
1215620 2904.8
1215630 2904.8
1215640 2901.1
1215650 2897.5
1215660 2897.5
1215670 2894.2
1215680 2891.4
1215690 2891.4
1215700 2890.0
1215710 2888.2
1215720 2888.2
1215730 2886.7
1215740 2885.3
1215750 2883.9
1215760 2883.9
1215770 2882.3
1215780 2880.6
1215790 2880.6
1215800 2878.7
1215810 2876.8
1215820 2876.8
1215830 2874.9
1215840 2873.2
1215850 2873.2
1215860 2871.5
1215870 2869.7
1215880 2869.7
1215890 2867.9
1215900 2866.1
1215910 2866.1
1215920 2864.2
1215930 2862.2
1215940 2859.7
1215950 2859.7
1215960 2857.0
1215970 2853.7
1215980 2853.7
1215990 2849.8
1216000 2846.8
1216010 2846.8
1216020 2843.0
1216030 2838.5
1216040 2838.5
1216050 2833.9
1216060 2829.1
1216070 2829.1
1216080 2824.5
1216090 2820.2
1216100 2820.2
1216110 2816.1
1216120 2812.3
1216130 2812.3
1216140 2808.8
1216150 2805.2
1216160 2801.6
1216170 2804.8
1216180 2801.4
1216190 2797.9
1216200 2797.9
1216210 2794.2
1216220 2790.0
1216230 2790.0
1216240 2785.6
1216250 2781.3
1216260 2781.3
1216270 2775.9
1216280 2771.0
1216290 2771.0
1216300 2765.6
1216310 2759.0
1216320 2759.0
1216330 2752.2
1216340 2745.6
1216350 2745.6
1216360 2738.8
1216370 2731.9
1216380 2725.9
1216390 2725.9
1216400 2720.0
1216410 2713.4
1216420 2713.4
1216430 2706.7
1216440 2700.2
1216450 2700.2
1216460 2693.4
1216470 2686.9
1216480 2686.9
1216490 2682.0
1216500 2678.5
1216510 2678.5
1216520 2675.8
1216530 2673.2
1216540 2673.2
1216550 2670.7
1216560 2669.2
1216570 2668.6
1216580 2668.6
1216590 2667.8
1216600 2667.3
1216610 2667.3
1216620 2667.0
1216630 2666.6
1216640 2674.7
1216650 2673.9
1216660 2672.4
1216670 2672.4
1216680 2670.7
1216690 2668.9
1216700 2668.9
1216710 2666.8
1216720 2664.4
1216730 2664.4
1216740 2662.0
1216750 2658.8
1216760 2658.8
1216770 2657.3
1216780 2654.2
1216790 2649.9
1216800 2649.9
1216810 2645.7
1216820 2643.1
1216830 2643.1
1216840 2641.3
1216850 2640.3
1216860 2640.3
1216870 2639.6
1216880 2637.5
1216890 2637.5
1216900 2637.0
1216910 2638.0
1216920 2638.0
1216930 2642.7
1216940 2648.5
1216950 2648.5
1216960 2655.4
1216970 2668.5
1216980 2668.5
1216990 2680.9
1217000 2690.1
1217010 2688.4
1217020 2688.4
1217030 2687.1
1217040 2686.3
1217050 2686.3
1217060 2684.3
1217070 2682.0
1217080 2682.0
1217090 2679.6
1217100 2675.9
1217110 2675.9
1217120 2674.5
1217130 2668.6
1217140 2668.6
1217150 2656.7
1217160 2642.4
1217170 2642.4
1217180 2623.3
1217190 2594.6
1217200 2587.5
1217210 2587.5
1217220 2580.5
1217230 2565.2
1217240 2565.2
1217250 2555.0
1217260 2547.7
1217270 2547.7
1217280 2538.4
1217290 2528.3
1217300 2528.3
1217310 2519.6
1217320 2511.0
1217330 2511.0
1217340 2502.7
1217350 2494.6
1217360 2494.6
1217370 2486.7
1217380 2478.0
1217390 2478.0
1217400 2470.6
1217410 2463.0
1217420 2455.3
1217430 2455.3
1217440 2448.3
1217450 2441.1
1217460 2441.1
1217470 2434.0
1217480 2426.9
1217490 2426.9
1217500 2420.4
1217510 2413.9
1217520 2413.9
1217530 2407.5
1217540 2401.2
1217550 2401.2
1217560 2395.1
1217570 2389.0
1217580 2389.0
1217590 2382.4
1217600 2376.8
1217610 2376.8
1217620 2371.3
1217630 2367.1
1217640 2364.6
1217650 2364.6
1217660 2363.9
1217670 2363.0
1217680 2363.0
1217690 2363.7
1217700 2363.5
1217710 2363.5
1217720 2361.2
1217730 2358.2
1217740 2358.2
1217750 2354.7
1217760 2351.4
1217770 2351.4
1217780 2348.8
1217790 2346.7
1217800 2346.7
1217810 2345.3
1217820 2343.2
1217830 2341.7
1217840 2341.7
1217850 2339.1
1217860 2339.0
1217870 2339.0
1217880 2341.4
1217890 2344.2
1217900 2344.2
1217910 2346.3
1217920 2347.5
1217930 2347.5
1217940 2349.0
1217950 2350.4
1217960 2350.4
1217970 2351.5
1217980 2352.6
1217990 2352.6
1218000 2354.2
1218010 2358.0
1218020 2358.0
1218030 2361.5
1218040 2363.6
1218050 2365.8
1218060 2367.8
1218070 2371.1
1218080 2375.4
1218090 2375.4
1218100 2378.7
1218110 2380.6
1218120 2380.6
1218130 2383.1
1218140 2385.3
1218150 2385.3
1218160 2388.0
1218170 2390.9
1218180 2390.9
1218190 2394.1
1218200 2396.0
1218210 2396.0
1218220 2397.1
1218230 2399.4
1218240 2399.4
1218250 2400.9
1218260 2403.2
1218270 2406.0
1218280 2406.0
1218290 2408.6
1218300 2410.8
1218310 2410.8
1218320 2410.5
1218330 2412.0
1218340 2412.0
1218350 2413.7
1218360 2414.4
1218370 2414.4
1218380 2412.8
1218390 2410.4
1218400 2410.4
1218410 2407.9
1218420 2401.7
1218430 2401.7
1218440 2394.7
1218450 2387.7
1218460 2380.5
1218470 2380.5
1218480 2372.9
1218490 2364.9
1218500 2364.9
1218510 2357.1
1218520 2349.2
1218530 2349.2
1218540 2343.2
1218550 2336.2
1218560 2336.2
1218570 2329.9
1218580 2323.5
1218590 2323.5
1218600 2317.1
1218610 2310.5
1218620 2310.5
1218630 2304.0
1218640 2297.3
1218650 2297.3
1218660 2290.3
1218670 2283.4
1218680 2276.6
1218690 2276.6
1218700 2270.0
1218710 2264.2
1218720 2264.2
1218730 2259.2
1218740 2254.8
1218750 2254.8
1218760 2250.8
1218770 2247.6
1218780 2247.6
1218790 2243.8
1218800 2239.2
1218810 2239.2
1218820 2235.2
1218830 2231.5
1218840 2231.5
1218850 2227.9
1218860 2223.4
1218870 2217.7
1218880 2217.7
1218890 2210.8
1218900 2202.8
1218910 2202.8
1218920 2194.7
1218930 2186.9
1218940 2186.9
1218950 2179.6
1218960 2173.9
1218970 2173.9
1218980 2169.7
1218990 2165.1
1219000 2165.1
1219010 2160.9
1219020 2161.9
1219030 2161.9
1219040 2156.5
1219050 2150.2
1219060 2150.2
1219070 2143.8
1219080 2136.9
1219090 2130.1
1219100 2130.1
1219110 2123.5
1219120 2117.4
1219130 2117.4
1219140 2112.5
1219150 2107.9
1219160 2107.9
1219170 2103.7
1219180 2099.7
1219190 2099.7
1219200 2095.9
1219210 2092.4
1219220 2092.4
1219230 2088.9
1219240 2084.4
1219250 2084.4
1219260 2080.2
1219270 2076.4
1219280 2076.4
1219290 2072.9
1219300 2069.4
1219310 2064.7
1219320 2064.7
1219330 2059.6
1219340 2055.4
1219350 2055.4
1219360 2050.4
1219370 2044.1
1219380 2044.1
1219390 2035.8
1219400 2021.4
1219410 2021.4
1219420 2009.3
1219430 1999.5
1219440 1999.5
1219450 1991.0
1219460 1981.1
1219470 1981.1
1219480 1970.9
1219490 1972.7
1219500 1959.8
1219510 1959.8
1219520 1947.6
1219530 1938.6
1219540 1938.6
1219550 1931.1
1219560 1924.3
1219570 1924.3
1219580 1917.8
1219590 1911.9
1219600 1911.9
1219610 1906.4
1219620 1901.2
1219630 1901.2
1219640 1896.1
1219650 1891.7
1219660 1891.7
1219670 1887.7
1219680 1883.7
1219690 1883.7
1219700 1879.7
1219710 1875.5
1219720 1871.3
1219730 1871.3
1219740 1866.8
1219750 1862.4
1219760 1862.4
1219770 1857.4
1219780 1852.8
1219790 1852.8
1219800 1849.2
1219810 1845.9
1219820 1845.9
1219830 1842.4
1219840 1838.8
1219850 1838.8
1219860 1835.0
1219870 1831.0
1219880 1831.0
1219890 1827.5
1219900 1824.7
1219910 1824.7
1219920 1822.9
1219930 1821.2
1219940 1819.8
1219950 1819.8
1219960 1816.5
1219970 1815.8
1219980 1815.8
1219990 1817.5
