1200000 2019.3
1200010 2019.3
1200020 2021.4
1200030 2022.5
1200040 2022.5
1200050 2025.1
1200060 2029.4
1200070 2029.4
1200080 2033.3
1200090 2037.2
1200100 2037.2
1200110 2041.5
1200120 2045.3
1200130 2048.4
1200140 2048.4
1200150 2051.3
1200160 2054.1
1200170 2054.1
1200180 2057.3
1200190 2060.2
1200200 2056.7
1200210 2058.5
1200220 2059.4
1200230 2059.4
1200240 2060.2
1200250 2060.8
1200260 2060.8
1200270 2062.2
1200280 2064.6
1200290 2064.6
1200300 2067.7
1200310 2072.5
1200320 2076.8
1200330 2076.8
1200340 2080.7
1200350 2084.2
1200360 2084.2
1200370 2086.8
1200380 2089.3
1200390 2089.3
1200400 2091.6
1200410 2092.8
1200420 2092.8
1200430 2093.6
1200440 2093.6
1200450 2093.6
1200460 2093.1
1200470 2091.7
1200480 2091.7
1200490 2091.6
1200500 2093.1
1200510 2093.1
1200520 2092.4
1200530 2092.5
1200540 2092.8
1200550 2092.8
1200560 2093.5
1200570 2094.2
1200580 2094.2
1200590 2095.5
1200600 2097.0
1200610 2097.0
1200620 2098.2
1200630 2099.6
1200640 2099.6
1200650 2095.5
1200660 2096.0
1200670 2096.0
1200680 2095.3
1200690 2095.3
1200700 2095.3
1200710 2096.1
1200720 2096.0
1200730 2096.0
1200740 2095.3
1200750 2095.5
1200760 2095.7
1200770 2095.7
1200780 2096.3
1200790 2096.0
1200800 2096.0
1200810 2095.9
1200820 2097.5
1200830 2097.5
1200840 2100.6
1200850 2104.6
1200860 2104.6
1200870 2107.6
1200880 2110.2
1200890 2110.2
1200900 2112.5
1200910 2114.6
1200920 2114.6
1200930 2116.4
1200940 2117.6
1200950 2117.6
1200960 2118.4
1200970 2119.1
1200980 2119.8
1200990 2119.8
1201000 2122.1
1201010 2124.3
1201020 2124.3
1201030 2126.7
1201040 2128.5
1201050 2128.5
1201060 2130.0
1201070 2132.1
1201080 2132.1
1201090 2133.9
1201100 2129.8
1201110 2129.8
1201120 2130.5
1201130 2131.1
1201140 2131.1
1201150 2130.8
1201160 2131.3
1201170 2131.6
1201180 2131.6
1201190 2133.9
1201200 2136.5
1201210 2136.5
1201220 2138.6
1201230 2140.3
1201240 2140.3
1201250 2141.5
1201260 2143.8
1201270 2143.8
1201280 2145.7
1201290 2148.2
1201300 2148.2
1201310 2149.5
1201320 2150.1
1201330 2150.1
1201340 2150.1
1201350 2150.1
1201360 2150.1
1201370 2149.9
1201380 2148.3
1201390 2147.6
1201400 2147.6
1201410 2149.0
1201420 2150.8
1201430 2150.8
1201440 2152.8
1201450 2155.1
1201460 2155.1
1201470 2158.5
1201480 2163.4
1201490 2163.4
1201500 2168.0
1201510 2172.0
1201520 2172.0
1201530 2175.2
1201540 2177.6
1201550 2177.6
1201560 2181.0
1201570 2184.3
1201580 2184.3
1201590 2187.6
1201600 2191.7
1201610 2196.0
1201620 2196.0
1201630 2200.8
1201640 2206.1
1201650 2206.1
1201660 2211.4
1201670 2216.6
1201680 2216.6
1201690 2222.4
1201700 2228.7
1201710 2228.7
1201720 2235.3
1201730 2241.9
1201740 2241.9
1201750 2248.5
1201760 2255.3
1201770 2255.3
1201780 2262.1
1201790 2268.3
1201800 2268.3
1201810 2274.1
1201820 2279.6
1201830 2284.4
1201840 2284.4
1201850 2289.3
1201860 2294.5
1201870 2294.5
1201880 2300.1
1201890 2306.1
1201900 2306.1
1201910 2312.2
1201920 2318.4
1201930 2318.4
1201940 2324.8
1201950 2331.4
1201960 2331.4
1201970 2338.1
1201980 2344.6
1201990 2346.5
1202000 2353.5
1202010 2360.1
1202020 2367.3
1202030 2367.3
1202040 2375.8
1202050 2384.1
1202060 2384.1
1202070 2393.0
1202080 2402.4
1202090 2402.4
1202100 2412.8
1202110 2424.3
1202120 2424.3
1202130 2436.2
1202140 2449.3
1202150 2449.3
1202160 2465.4
1202170 2472.5
1202180 2472.5
1202190 2478.2
1202200 2485.5
1202210 2485.5
1202220 2494.1
1202230 2503.7
1202240 2516.6
1202250 2516.6
1202260 2533.0
1202270 2544.5
1202280 2544.5
1202290 2552.1
1202300 2557.1
1202310 2557.1
1202320 2560.6
1202330 2570.5
1202340 2570.5
1202350 2582.0
1202360 2590.7
1202370 2590.7
1202380 2595.1
1202390 2600.1
1202400 2600.1
1202410 2606.0
1202420 2612.2
1202430 2612.2
1202440 2624.5
1202450 2633.6
1202460 2645.4
1202470 2645.4
1202480 2654.1
1202490 2662.4
1202500 2662.4
1202510 2670.8
1202520 2679.0
1202530 2679.0
1202540 2685.4
1202550 2690.3
1202560 2690.3
1202570 2693.6
1202580 2696.5
1202590 2696.5
1202600 2698.8
1202610 2703.5
1202620 2703.5
1202630 2710.6
1202640 2719.6
1202650 2725.7
1202660 2725.7
1202670 2728.0
1202680 2730.7
1202690 2730.7
1202700 2738.9
1202710 2745.9
1202720 2745.9
1202730 2748.8
1202740 2747.6
1202750 2747.6
1202760 2746.0
1202770 2744.8
1202780 2744.8
1202790 2745.6
1202800 2742.3
1202810 2742.3
1202820 2738.9
1202830 2739.3
1202840 2739.3
1202850 2757.2
1202860 2780.0
1202870 2784.8
1202880 2784.8
1202890 2769.5
1202900 2763.8
1202910 2763.8
1202920 2762.1
1202930 2764.0
1202940 2764.0
1202950 2766.2
1202960 2765.4
1202970 2765.4
1202980 2760.7
1202990 2757.1
1203000 2757.1
1203010 2752.4
1203020 2746.2
1203030 2746.2
1203040 2742.3
1203050 2738.1
1203060 2738.1
1203070 2733.9
1203080 2729.0
1203090 2725.4
1203100 2725.4
1203110 2721.5
1203120 2718.9
1203130 2718.9
1203140 2717.3
1203150 2715.0
1203160 2715.0
1203170 2711.8
1203180 2710.5
1203190 2710.5
1203200 2711.6
1203210 2713.8
1203220 2713.8
1203230 2716.3
1203240 2720.3
1203250 2720.3
1203260 2725.4
1203270 2730.4
1203280 2730.4
1203290 2734.8
1203300 2739.4
1203310 2745.1
1203320 2745.1
1203330 2751.3
1203340 2759.4
1203350 2759.4
1203360 2766.7
1203370 2773.9
1203380 2773.9
1203390 2780.4
1203400 2788.2
1203410 2788.2
1203420 2794.3
1203430 2800.3
1203440 2800.3
1203450 2806.3
1203460 2812.4
1203470 2812.4
1203480 2819.3
1203490 2826.1
1203500 2835.7
1203510 2835.7
1203520 2852.2
1203530 2877.1
1203540 2877.1
1203550 2892.2
1203560 2899.9
1203570 2899.9
1203580 2907.3
1203590 2916.5
1203600 2916.5
1203610 2927.7
1203620 2934.6
1203630 2934.6
1203640 2940.8
1203650 2946.9
1203660 2946.9
1203670 2955.1
1203680 2964.3
1203690 2964.3
1203700 2974.8
1203710 2985.3
1203720 2995.4
1203730 2995.4
1203740 3007.4
1203750 3019.6
1203760 3019.6
1203770 3033.4
1203780 3045.0
1203790 3043.8
1203800 3036.6
1203810 3028.6
1203820 3028.6
1203830 3021.6
1203840 3008.1
1203850 3008.1
1203860 2994.8
1203870 2989.4
1203880 2989.4
1203890 2977.4
1203900 2967.3
1203910 2967.3
1203920 2967.1
1203930 2960.8
1203940 2958.7
1203950 2958.7
1203960 2961.6
1203970 2968.3
1203980 2968.3
1203990 2975.5
1204000 2978.1
1204010 2978.1
1204020 2977.7
1204030 2978.2
1204040 2978.2
1204050 2979.4
1204060 2978.9
1204070 2978.9
1204080 2975.9
1204090 2972.9
1204100 2972.9
1204110 2970.1
1204120 2969.4
1204130 2969.4
1204140 2968.8
1204150 2968.6
1204160 2971.3
1204170 2971.3
1204180 2968.4
1204190 2965.3
1204200 2965.3
1204210 2964.4
1204220 2964.4
1204230 2964.4
1204240 2957.3
1204250 2951.7
1204260 2951.7
1204270 2938.8
1204280 2931.1
1204290 2931.1
1204300 2925.3
1204310 2920.6
1204320 2920.6
1204330 2917.0
1204340 2914.0
1204350 2913.7
1204360 2913.7
1204370 2916.7
1204380 2921.8
1204390 2921.8
1204400 2927.7
1204410 2933.4
1204420 2933.4
1204430 2937.8
1204440 2942.5
1204450 2942.5
1204460 2948.6
1204470 2957.7
1204480 2957.7
1204490 2971.2
1204500 2982.7
1204510 2982.7
1204520 2996.7
1204530 3011.4
1204540 3011.4
1204550 3025.3
1204560 3031.9
1204570 3028.3
1204580 3028.3
1204590 3021.1
1204600 3012.4
1204610 3012.4
1204620 3003.8
1204630 2995.7
1204640 2995.7
1204650 2987.0
1204660 2977.3
1204670 2977.3
1204680 2967.2
1204690 2957.8
1204700 2951.5
1204710 2944.6
1204720 2940.3
1204730 2940.3
1204740 2936.1
1204750 2932.6
1204760 2932.6
1204770 2928.0
1204780 2922.2
1204790 2915.9
1204800 2915.9
1204810 2904.7
1204820 2893.6
1204830 2893.6
1204840 2886.0
1204850 2883.1
1204860 2883.1
1204870 2881.0
1204880 2878.0
1204890 2878.0
1204900 2874.9
1204910 2871.7
1204920 2871.7
1204930 2868.2
1204940 2864.3
1204950 2864.3
1204960 2861.5
1204970 2860.4
1204980 2860.4
1204990 2859.5
1205000 2858.7
1205010 2857.4
1205020 2857.4
1205030 2855.7
1205040 2854.5
1205050 2854.5
1205060 2853.5
1205070 2852.0
1205080 2852.0
1205090 2851.3
1205100 2851.9
1205110 2851.9
1205120 2852.5
1205130 2857.1
1205140 2857.1
1205150 2859.3
1205160 2865.4
1205170 2865.4
1205180 2872.0
1205190 2874.6
1205200 2874.8
1205210 2874.8
1205220 2871.4
1205230 2867.5
1205240 2867.5
1205250 2863.7
1205260 2859.3
1205270 2859.3
1205280 2856.2
1205290 2853.2
1205300 2853.2
1205310 2849.3
1205320 2845.7
1205330 2845.7
1205340 2842.4
1205350 2838.9
1205360 2838.9
1205370 2828.6
1205380 2816.0
1205390 2816.0
1205400 2806.5
1205410 2802.1
1205420 2798.1
1205430 2798.1
1205440 2791.8
1205450 2785.4
1205460 2785.4
1205470 2776.6
1205480 2768.0
1205490 2768.0
1205500 2759.5
1205510 2753.6
1205520 2753.6
1205530 2751.3
1205540 2750.4
1205550 2750.4
1205560 2748.7
1205570 2747.4
1205580 2747.4
1205590 2745.1
1205600 2737.3
1205610 2737.3
1205620 2734.7
1205630 2732.0
1205640 2729.0
1205650 2729.0
1205660 2725.8
1205670 2723.3
1205680 2723.3
1205690 2721.8
1205700 2720.1
1205710 2720.1
1205720 2718.2
1205730 2716.1
1205740 2716.1
1205750 2714.4
1205760 2713.4
1205770 2713.4
1205780 2713.4
1205790 2714.6
1205800 2714.6
1205810 2716.2
1205820 2717.9
1205830 2717.9
1205840 2718.6
1205850 2718.5
1205860 2718.4
1205870 2718.4
1205880 2718.0
1205890 2717.7
1205900 2717.7
1205910 2717.5
1205920 2717.2
1205930 2717.2
1205940 2717.0
1205950 2717.6
1205960 2717.6
1205970 2718.6
1205980 2719.0
1205990 2719.0
1206000 2720.0
1206010 2720.3
1206020 2720.3
1206030 2720.5
1206040 2720.7
1206050 2721.4
1206060 2714.2
1206070 2716.3
1206080 2724.7
1206090 2724.7
1206100 2727.7
1206110 2731.8
1206120 2731.8
1206130 2738.8
1206140 2737.2
1206150 2737.2
1206160 2733.7
1206170 2735.4
1206180 2735.4
1206190 2739.7
1206200 2742.6
1206210 2742.6
1206220 2743.9
1206230 2744.6
1206240 2744.6
1206250 2748.5
1206260 2750.5
1206270 2756.2
1206280 2756.2
1206290 2763.0
1206300 2770.0
1206310 2770.0
1206320 2779.9
1206330 2782.3
1206340 2782.3
1206350 2784.9
1206360 2791.1
1206370 2791.1
1206380 2791.5
1206390 2788.1
1206400 2788.1
1206410 2789.5
1206420 2793.9
1206430 2793.9
1206440 2797.7
1206450 2797.9
1206460 2797.9
1206470 2797.8
1206480 2798.4
1206490 2799.0
1206500 2799.0
1206510 2792.5
1206520 2793.1
1206530 2793.1
1206540 2793.5
1206550 2794.4
1206560 2794.4
1206570 2794.4
1206580 2793.8
1206590 2793.8
1206600 2792.8
1206610 2791.4
1206620 2791.4
1206630 2790.2
1206640 2788.8
1206650 2788.8
1206660 2787.1
1206670 2784.9
1206680 2784.9
1206690 2781.5
1206700 2775.3
1206710 2771.0
1206720 2771.0
1206730 2766.8
1206740 2764.5
1206750 2764.5
1206760 2761.0
1206770 2758.0
1206780 2758.0
1206790 2756.3
1206800 2754.1
1206810 2754.1
1206820 2751.8
1206830 2749.5
1206840 2749.5
1206850 2747.2
1206860 2744.5
1206870 2744.5
1206880 2742.9
1206890 2741.8
1206900 2741.0
1206910 2741.0
1206920 2740.6
1206930 2741.4
1206940 2741.4
1206950 2743.3
1206960 2743.8
1206970 2734.6
1206980 2735.7
1206990 2737.3
1207000 2737.3
1207010 2738.5
1207020 2738.3
1207030 2738.3
1207040 2737.2
1207050 2734.9
1207060 2734.9
1207070 2728.2
1207080 2723.0
1207090 2723.0
1207100 2724.6
1207110 2728.9
1207120 2729.8
1207130 2729.8
1207140 2729.7
1207150 2725.0
1207160 2725.0
1207170 2715.5
1207180 2708.4
1207190 2708.4
1207200 2701.3
1207210 2695.1
1207220 2695.1
1207230 2694.7
1207240 2689.2
1207250 2689.2
1207260 2681.7
1207270 2676.8
1207280 2676.8
1207290 2673.7
1207300 2669.3
1207310 2669.3
1207320 2657.3
1207330 2651.7
1207340 2643.9
1207350 2643.9
1207360 2633.7
1207370 2623.0
1207380 2623.0
1207390 2613.0
1207400 2603.1
1207410 2603.1
1207420 2593.5
1207430 2586.1
1207440 2586.1
1207450 2577.9
1207460 2569.7
1207470 2569.7
1207480 2562.4
1207490 2554.5
1207500 2554.5
1207510 2543.6
1207520 2530.1
1207530 2519.9
1207540 2519.9
1207550 2510.6
1207560 2502.0
1207570 2502.0
1207580 2492.3
1207590 2483.6
1207600 2483.6
1207610 2476.2
1207620 2468.9
1207630 2468.9
1207640 2462.2
1207650 2456.2
1207660 2456.2
1207670 2450.5
1207680 2444.3
1207690 2444.3
1207700 2438.7
1207710 2434.2
1207720 2434.2
1207730 2431.8
1207740 2430.0
1207750 2428.4
1207760 2428.4
1207770 2426.6
1207780 2423.4
1207790 2423.4
1207800 2418.5
1207810 2413.8
1207820 2413.8
1207830 2410.5
1207840 2407.3
1207850 2407.3
1207860 2403.2
1207870 2399.6
1207880 2401.9
1207890 2398.7
1207900 2389.3
1207910 2389.3
1207920 2377.5
1207930 2368.3
1207940 2368.3
1207950 2359.8
1207960 2350.3
1207970 2340.5
1207980 2340.5
1207990 2330.9
1208000 2314.1
1208010 2314.1
1208020 2297.3
1208030 2278.7
1208040 2278.7
1208050 2258.8
1208060 2246.6
1208070 2246.6
1208080 2239.4
1208090 2232.4
1208100 2232.4
1208110 2225.7
1208120 2220.4
1208130 2220.4
1208140 2215.7
1208150 2212.0
1208160 2212.0
1208170 2209.5
1208180 2206.9
1208190 2203.0
1208200 2203.0
1208210 2198.6
1208220 2192.2
1208230 2192.2
1208240 2185.3
1208250 2179.0
1208260 2179.0
1208270 2172.7
1208280 2166.4
1208290 2166.4
1208300 2160.8
1208310 2155.7
1208320 2155.7
1208330 2152.2
1208340 2153.3
1208350 2153.3
1208360 2146.3
1208370 2135.6
1208380 2121.2
1208390 2121.2
1208400 2103.2
1208410 2093.6
1208420 2093.6
1208430 2086.7
1208440 2080.8
1208450 2080.8
1208460 2072.4
1208470 2061.4
1208480 2061.4
1208490 2051.5
1208500 2039.6
1208510 2039.6
1208520 2026.3
1208530 2014.0
1208540 2014.0
1208550 2006.5
1208560 1996.1
1208570 1996.1
1208580 1979.7
1208590 1962.5
1208600 1953.4
1208610 1953.4
1208620 1946.2
1208630 1939.0
1208640 1939.0
1208650 1931.8
1208660 1924.5
1208670 1924.5
1208680 1917.0
1208690 1910.0
1208700 1910.0
1208710 1903.6
1208720 1895.2
1208730 1895.2
1208740 1885.4
1208750 1875.2
1208760 1875.2
1208770 1865.5
1208780 1855.9
1208790 1855.9
1208800 1844.6
1208810 1833.7
1208820 1824.6
1208830 1824.6
1208840 1816.1
1208850 1804.5
1208860 1804.5
1208870 1772.0
1208880 1751.8
1208890 1751.8
1208900 1737.1
1208910 1729.6
1208920 1729.6
1208930 1733.7
1208940 1741.1
1208950 1741.1
1208960 1736.7
1208970 1728.8
1208980 1728.8
1208990 1720.0
1209000 1708.8
1209010 1708.8
1209020 1695.5
1209030 1683.7
1209040 1673.0
1209050 1673.0
1209060 1663.3
1209070 1653.2
1209080 1653.2
1209090 1642.7
1209100 1631.3
1209110 1631.3
1209120 1615.8
1209130 1595.6
1209140 1595.6
1209150 1578.5
1209160 1568.2
1209170 1568.2
1209180 1560.1
1209190 1552.6
1209200 1552.6
1209210 1545.2
1209220 1536.1
1209230 1525.7
1209240 1525.7
1209250 1517.1
1209260 1512.0
1209270 1512.0
1209280 1504.2
1209290 1496.6
1209300 1496.6
1209310 1489.3
1209320 1483.7
1209330 1483.7
1209340 1480.9
1209350 1478.5
1209360 1478.5
1209370 1474.9
1209380 1470.3
1209390 1470.3
1209400 1463.9
1209410 1461.5
1209420 1461.5
1209430 1460.9
1209440 1461.1
1209450 1461.4
1209460 1461.4
1209470 1461.8
1209480 1462.2
1209490 1462.2
1209500 1462.4
1209510 1462.2
1209520 1462.2
1209530 1462.1
1209540 1462.1
1209550 1462.1
1209560 1462.2
1209570 1462.1
1209580 1462.1
1209590 1462.0
1209600 1461.8
1209610 1461.8
1209620 1460.3
1209630 1461.1
1209640 1461.1
1209650 1461.5
1209660 1461.1
1209670 1460.9
1209680 1460.9
1209690 1460.9
1209700 1460.8
1209710 1460.8
1209720 1461.1
1209730 1461.3
1209740 1461.3
1209750 1462.3
1209760 1464.5
1209770 1464.5
1209780 1467.2
1209790 1471.0
1209800 1471.0
1209810 1475.9
1209820 1481.3
1209830 1481.3
1209840 1487.1
1209850 1492.9
1209860 1492.9
1209870 1498.6
1209880 1504.4
1209890 1510.4
1209900 1510.4
1209910 1516.7
1209920 1523.2
1209930 1523.2
1209940 1529.5
1209950 1535.7
1209960 1535.7
1209970 1542.0
1209980 1548.0
1209990 1548.0
1210000 1552.2
1210010 1558.0
1210020 1558.0
1210030 1565.3
1210040 1572.4
1210050 1572.4
1210060 1580.5
1210070 1590.6
1210080 1603.6
1210090 1603.6
1210100 1617.9
1210110 1630.5
1210120 1630.5
1210130 1641.1
1210140 1655.8
1210150 1655.8
1210160 1665.2
1210170 1675.3
1210180 1675.8
1210190 1685.1
1210200 1695.8
1210210 1695.8
1210220 1710.2
1210230 1726.9
1210240 1726.9
1210250 1740.4
1210260 1748.0
1210270 1748.0
1210280 1760.0
1210290 1770.5
1210300 1782.0
1210310 1782.0
1210320 1795.8
1210330 1808.1
1210340 1808.1
1210350 1821.1
1210360 1832.8
1210370 1832.8
1210380 1841.4
1210390 1852.7
1210400 1852.7
1210410 1865.2
1210420 1872.0
1210430 1872.0
1210440 1878.9
1210450 1886.5
1210460 1886.5
1210470 1894.4
1210480 1901.7
1210490 1901.7
1210500 1911.2
1210510 1922.5
1210520 1933.0
1210530 1933.0
1210540 1940.9
1210550 1947.1
1210560 1947.1
1210570 1950.9
1210580 1955.8
1210590 1955.8
1210600 1962.8
1210610 1972.1
1210620 1972.1
1210630 1990.0
1210640 2005.3
1210650 2005.3
1210660 2045.4
1210670 2064.3
1210680 2064.3
1210690 2072.8
1210700 2084.5
1210710 2084.5
1210720 2096.3
1210730 2106.5
1210740 2112.9
1210750 2112.9
1210760 2111.3
1210770 2114.1
1210780 2114.1
1210790 2116.0
1210800 2119.8
1210810 2119.8
1210820 2125.6
1210830 2130.3
1210840 2130.3
1210850 2134.3
1210860 2136.4
1210870 2136.4
1210880 2138.9
1210890 2146.4
1210900 2146.4
1210910 2152.7
1210920 2156.5
1210930 2159.1
1210940 2159.1
1210950 2164.4
1210960 2169.4
1210970 2169.4
1210980 2173.7
1210990 2175.5
1211000 2175.5
1211010 2177.2
1211020 2179.5
1211030 2179.5
1211040 2185.3
1211050 2189.3
1211060 2189.3
1211070 2192.5
1211080 2197.2
1211090 2197.2
1211100 2208.0
1211110 2210.3
1211120 2210.3
1211130 2214.2
1211140 2218.4
1211150 2223.8
1211160 2223.8
1211170 2229.0
1211180 2236.5
1211190 2236.5
1211200 2242.8
1211210 2245.0
1211220 2245.0
1211230 2248.5
1211240 2258.9
1211250 2258.9
1211260 2269.5
1211270 2278.3
1211280 2278.3
1211290 2282.9
1211300 2288.5
1211310 2288.5
1211320 2294.5
1211330 2300.3
1211340 2300.3
1211350 2305.0
1211360 2310.2
1211370 2316.2
1211380 2316.2
1211390 2320.3
1211400 2326.4
1211410 2326.4
1211420 2335.3
1211430 2343.1
1211440 2343.1
1211450 2352.0
1211460 2365.4
1211470 2365.4
1211480 2392.6
1211490 2415.3
1211500 2415.3
1211510 2424.3
1211520 2431.8
1211530 2431.8
1211540 2439.5
1211550 2447.1
1211560 2455.2
1211570 2446.9
1211580 2455.6
1211590 2462.8
1211600 2462.8
1211610 2470.5
1211620 2479.1
1211630 2479.1
1211640 2486.3
1211650 2490.8
1211660 2490.8
1211670 2493.0
1211680 2493.5
1211690 2493.5
1211700 2491.4
1211710 2486.9
1211720 2486.9
1211730 2481.1
1211740 2471.2
1211750 2471.2
1211760 2450.3
1211770 2441.6
1211780 2439.2
1211790 2439.2
1211800 2438.8
1211810 2438.5
1211820 2438.5
1211830 2437.7
1211840 2433.5
1211850 2433.5
1211860 2429.3
1211870 2428.2
1211880 2428.2
1211890 2424.0
1211900 2421.1
1211910 2421.1
1211920 2417.4
1211930 2414.9
1211940 2414.9
1211950 2414.1
1211960 2411.9
1211970 2411.9
1211980 2409.4
1211990 2407.8
1212000 2407.0
1212010 2407.0
1212020 2405.9
1212030 2398.5
1212040 2398.5
1212050 2397.6
1212060 2397.3
1212070 2397.3
1212080 2397.2
1212090 2397.0
1212100 2397.0
1212110 2397.4
1212120 2398.4
1212130 2398.4
1212140 2399.8
1212150 2401.5
1212160 2401.5
1212170 2407.5
1212180 2415.7
1212190 2415.7
1212200 2423.4
1212210 2431.1
1212220 2438.8
1212230 2438.8
1212240 2445.1
1212250 2450.1
1212260 2450.1
1212270 2454.5
1212280 2458.8
1212290 2458.8
1212300 2463.1
1212310 2467.7
1212320 2467.7
1212330 2472.4
1212340 2477.5
1212350 2477.5
1212360 2481.7
1212370 2484.2
1212380 2484.2
1212390 2484.8
1212400 2483.2
1212410 2479.0
1212420 2479.0
1212430 2474.2
1212440 2469.7
1212450 2469.7
1212460 2467.1
1212470 2464.7
1212480 2464.7
1212490 2462.3
1212500 2456.0
1212510 2456.0
1212520 2454.6
1212530 2454.3
1212540 2454.3
1212550 2454.2
1212560 2454.0
1212570 2454.0
1212580 2453.9
1212590 2453.4
1212600 2453.4
1212610 2451.5
1212620 2450.7
1212630 2451.1
1212640 2451.1
1212650 2450.3
1212660 2449.7
1212670 2449.7
1212680 2452.3
1212690 2455.0
1212700 2455.0
1212710 2457.3
1212720 2460.5
1212730 2460.5
1212740 2463.2
1212750 2465.5
1212760 2465.5
1212770 2467.4
1212780 2469.3
1212790 2469.3
1212800 2471.8
1212810 2474.9
1212820 2474.9
1212830 2478.7
1212840 2482.7
1212850 2486.2
1212860 2486.2
1212870 2489.9
1212880 2494.0
1212890 2494.0
1212900 2498.4
1212910 2503.3
1212920 2503.3
1212930 2508.8
1212940 2514.1
1212950 2514.1
1212960 2518.6
1212970 2523.9
1212980 2523.9
1212990 2529.2
1213000 2531.7
1213010 2531.7
1213020 2532.1
1213030 2530.3
1213040 2530.3
1213050 2526.9
1213060 2526.3
1213070 2526.3
1213080 2526.3
1213090 2525.6
1213100 2525.2
1213110 2525.2
1213120 2525.9
1213130 2526.0
1213140 2526.0
1213150 2524.3
1213160 2521.2
1213170 2521.2
1213180 2520.9
1213190 2525.7
1213200 2525.7
1213210 2531.4
1213220 2536.0
1213230 2536.0
1213240 2538.9
1213250 2541.2
1213260 2542.7
1213270 2542.7
1213280 2544.6
1213290 2545.9
1213300 2545.9
1213310 2546.6
1213320 2547.2
1213330 2547.2
1213340 2548.1
1213350 2547.5
1213360 2547.5
1213370 2546.7
1213380 2546.9
1213390 2546.9
1213400 2547.7
1213410 2549.2
1213420 2549.2
1213430 2553.1
1213440 2558.2
1213450 2558.2
1213460 2562.7
1213470 2568.7
1213480 2574.2
1213490 2574.2
1213500 2579.8
1213510 2587.3
1213520 2587.3
1213530 2592.7
1213540 2597.5
1213550 2597.5
1213560 2602.2
1213570 2606.9
1213580 2606.9
1213590 2611.2
1213600 2617.3
1213610 2617.3
1213620 2621.8
1213630 2625.4
1213640 2625.4
1213650 2629.1
1213660 2631.9
1213670 2631.9
1213680 2634.8
1213690 2638.7
1213700 2642.5
1213710 2642.5
1213720 2646.2
1213730 2649.7
1213740 2649.7
1213750 2653.1
1213760 2656.2
1213770 2656.2
1213780 2659.4
1213790 2662.5
1213800 2662.5
1213810 2665.2
1213820 2667.9
1213830 2667.9
1213840 2670.4
1213850 2672.8
1213860 2672.8
1213870 2674.4
1213880 2674.3
1213890 2674.3
1213900 2678.8
1213910 2677.9
1213920 2678.2
1213930 2678.2
1213940 2682.0
1213950 2688.0
1213960 2688.0
1213970 2692.7
1213980 2696.4
1213990 2696.4
1214000 2700.0
1214010 2703.6
1214020 2703.6
1214030 2706.8
1214040 2709.8
1214050 2709.8
1214060 2712.8
1214070 2715.2
1214080 2715.2
1214090 2715.6
1214100 2716.7
1214110 2720.3
1214120 2720.3
1214130 2725.7
1214140 2730.2
1214150 2730.2
1214160 2733.9
1214170 2737.2
1214180 2737.2
1214190 2740.5
1214200 2743.3
1214210 2743.3
1214220 2744.9
1214230 2748.7
1214240 2748.7
1214250 2753.0
1214260 2757.6
1214270 2757.6
1214280 2761.7
1214290 2765.9
1214300 2765.9
1214310 2770.1
1214320 2774.5
1214330 2778.9
1214340 2778.9
1214350 2783.7
1214360 2788.3
1214370 2792.8
1214380 2797.8
1214390 2803.8
1214400 2803.8
1214410 2809.7
1214420 2815.8
1214430 2815.8
1214440 2821.6
1214450 2827.8
1214460 2827.8
1214470 2834.6
1214480 2841.0
1214490 2841.0
1214500 2844.7
1214510 2847.9
1214520 2847.9
1214530 2851.6
1214540 2853.9
1214550 2858.3
1214560 2858.3
1214570 2865.2
1214580 2871.5
1214590 2871.5
1214600 2877.1
1214610 2881.3
1214620 2881.3
1214630 2883.9
1214640 2884.6
1214650 2884.6
1214660 2885.1
1214670 2882.1
1214680 2882.1
1214690 2880.6
1214700 2877.4
1214710 2877.4
1214720 2875.2
1214730 2873.2
1214740 2873.0
1214750 2873.0
1214760 2872.7
1214770 2872.6
1214780 2872.6
1214790 2872.5
1214800 2874.5
1214810 2874.5
1214820 2877.3
1214830 2880.6
1214840 2886.7
1214850 2889.6
1214860 2891.7
1214870 2891.7
1214880 2894.4
1214890 2896.6
1214900 2896.6
1214910 2899.2
1214920 2902.3
1214930 2902.3
1214940 2905.6
1214950 2909.0
1214960 2911.6
1214970 2911.6
1214980 2915.8
1214990 2920.0
1215000 2920.0
1215010 2925.4
1215020 2927.9
1215030 2927.9
1215040 2930.1
1215050 2936.0
1215060 2936.0
1215070 2943.7
1215080 2954.4
1215090 2954.4
1215100 2962.5
1215110 2970.1
1215120 2970.1
1215130 2972.5
1215140 2975.0
1215150 2975.0
1215160 2980.2
1215170 2986.4
1215180 2993.9
1215190 2993.9
1215200 3004.7
1215210 3021.1
1215220 3021.1
1215230 3034.9
1215240 3039.0
1215250 3039.0
1215260 3036.1
1215270 3034.0
1215280 3034.0
1215290 3029.4
1215300 3016.5
1215310 3008.1
1215320 2996.8
1215330 2985.8
1215340 2985.8
1215350 2977.4
1215360 2970.7
1215370 2970.7
1215380 2964.9
1215390 2958.2
1215400 2953.1
1215410 2953.1
1215420 2952.3
1215430 2954.1
1215440 2954.1
1215450 2948.8
1215460 2939.7
1215470 2939.7
1215480 2932.6
1215490 2929.2
1215500 2929.2
1215510 2928.2
1215520 2927.4
1215530 2927.4
1215540 2927.3
1215550 2916.8
1215560 2916.8
1215570 2896.1
1215580 2886.8
1215590 2883.2
1215600 2883.2
1215610 2881.5
1215620 2874.2
1215630 2874.2
1215640 2864.2
1215650 2857.5
1215660 2857.5
1215670 2851.9
1215680 2846.9
1215690 2846.9
1215700 2842.3
1215710 2838.0
1215720 2838.0
1215730 2834.6
1215740 2831.9
1215750 2831.9
1215760 2829.2
1215770 2826.5
1215780 2819.0
1215790 2817.6
1215800 2819.1
1215810 2822.4
1215820 2822.4
1215830 2825.8
1215840 2828.1
1215850 2828.1
1215860 2828.6
1215870 2828.2
1215880 2828.2
1215890 2828.5
1215900 2828.9
1215910 2828.9
1215920 2828.4
1215930 2827.1
1215940 2827.1
1215950 2826.1
1215960 2824.8
1215970 2824.8
1215980 2823.3
1215990 2821.0
1216000 2821.0
1216010 2818.7
1216020 2816.4
1216030 2814.2
1216040 2814.2
1216050 2812.5
1216060 2811.0
1216070 2811.0
1216080 2810.4
1216090 2811.4
1216100 2811.4
1216110 2807.4
1216120 2796.1
1216130 2796.1
1216140 2788.5
1216150 2783.8
1216160 2783.8
1216170 2780.3
1216180 2776.9
1216190 2776.9
1216200 2773.8
1216210 2771.1
1216220 2771.1
1216230 2768.1
1216240 2765.2
1216250 2758.5
1216260 2758.5
1216270 2756.4
1216280 2754.2
1216290 2754.2
1216300 2752.1
1216310 2747.5
1216320 2747.5
1216330 2741.3
1216340 2735.1
1216350 2735.1
1216360 2729.4
1216370 2723.4
1216380 2723.4
1216390 2718.3
1216400 2714.0
1216410 2714.0
1216420 2709.5
1216430 2706.0
1216440 2702.8
1216450 2702.8
1216460 2698.4
1216470 2694.7
1216480 2694.7
1216490 2691.9
1216500 2688.6
1216510 2688.6
1216520 2685.4
1216530 2683.6
1216540 2683.6
1216550 2681.8
1216560 2679.8
1216570 2679.8
1216580 2677.5
1216590 2675.2
1216600 2675.2
1216610 2672.9
1216620 2671.1
1216630 2671.1
1216640 2669.2
1216650 2666.5
1216660 2664.7
1216670 2664.7
1216680 2663.9
1216690 2663.2
1216700 2663.2
1216710 2661.8
1216720 2659.5
1216730 2659.5
1216740 2658.2
1216750 2656.8
1216760 2656.8
1216770 2656.0
1216780 2655.2
1216790 2655.2
1216800 2654.5
1216810 2654.1
1216820 2654.1
1216830 2654.3
1216840 2654.8
1216850 2654.8
1216860 2655.8
1216870 2657.2
1216880 2658.4
1216890 2658.4
1216900 2659.5
1216910 2660.4
1216920 2660.4
1216930 2661.1
1216940 2662.7
1216950 2662.7
1216960 2664.3
1216970 2665.8
1216980 2665.8
1216990 2665.7
1217000 2665.9
1217010 2665.9
1217020 2665.1
1217030 2663.9
1217040 2663.9
1217050 2660.1
1217060 2653.4
1217070 2653.4
1217080 2646.9
1217090 2640.4
1217100 2634.0
1217110 2634.0
1217120 2628.1
1217130 2623.3
1217140 2623.3
1217150 2619.4
1217160 2615.3
1217170 2615.3
1217180 2610.7
1217190 2599.1
1217200 2599.1
1217210 2594.6
1217220 2589.4
1217230 2589.4
1217240 2583.5
1217250 2578.3
1217260 2578.3
1217270 2573.5
1217280 2568.7
1217290 2563.8
1217300 2563.8
1217310 2556.5
1217320 2548.9
1217330 2548.9
1217340 2543.9
1217350 2539.1
1217360 2539.1
1217370 2535.0
1217380 2529.0
1217390 2529.0
1217400 2518.4
1217410 2506.7
1217420 2506.7
1217430 2498.2
1217440 2489.5
1217450 2489.5
1217460 2482.0
1217470 2471.9
1217480 2471.9
1217490 2460.4
1217500 2443.5
1217510 2435.6
1217520 2435.6
1217530 2429.5
1217540 2422.7
1217550 2422.7
1217560 2410.8
1217570 2403.7
1217580 2403.7
1217590 2401.7
1217600 2398.2
1217610 2398.2
1217620 2393.3
1217630 2388.2
1217640 2388.2
1217650 2383.9
1217660 2380.3
1217670 2377.2
1217680 2372.9
1217690 2369.2
1217700 2369.2
1217710 2364.7
1217720 2360.0
1217730 2355.0
1217740 2355.0
1217750 2349.7
1217760 2345.1
1217770 2345.1
1217780 2340.5
1217790 2336.0
1217800 2336.0
1217810 2331.8
1217820 2327.7
1217830 2327.7
1217840 2323.7
1217850 2320.3
1217860 2320.3
1217870 2316.7
1217880 2313.7
1217890 2313.7
1217900 2310.7
1217910 2307.4
1217920 2305.5
1217930 2305.5
1217940 2303.8
1217950 2301.4
1217960 2301.4
1217970 2299.4
1217980 2297.4
1217990 2297.4
1218000 2295.8
1218010 2294.3
1218020 2294.3
1218030 2293.2
1218040 2292.2
1218050 2292.2
1218060 2291.9
1218070 2291.9
1218080 2291.9
1218090 2294.6
1218100 2298.0
1218110 2298.0
1218120 2301.0
1218130 2305.1
1218140 2311.1
1218150 2311.1
1218160 2315.1
1218170 2319.2
1218180 2319.2
1218190 2323.6
1218200 2328.1
1218210 2328.1
1218220 2332.9
1218230 2337.9
1218240 2337.9
1218250 2342.9
1218260 2347.7
1218270 2347.7
1218280 2352.6
1218290 2357.7
1218300 2357.7
1218310 2363.0
1218320 2368.2
1218330 2368.2
1218340 2373.4
1218350 2378.5
1218360 2384.9
1218370 2384.9
1218380 2396.0
1218390 2407.9
1218400 2407.9
1218410 2421.3
1218420 2432.1
1218430 2432.1
1218440 2442.8
1218450 2449.5
1218460 2449.5
1218470 2455.5
1218480 2466.1
1218490 2466.1
1218500 2474.7
1218510 2483.8
1218520 2483.8
1218530 2493.3
1218540 2501.0
1218550 2501.0
1218560 2509.7
1218570 2530.3
1218580 2548.1
1218590 2548.1
1218600 2560.0
1218610 2563.8
1218620 2568.2
1218630 2570.7
1218640 2573.6
1218650 2573.6
1218660 2578.6
1218670 2581.2
1218680 2581.2
1218690 2583.7
1218700 2588.2
1218710 2588.2
1218720 2593.7
1218730 2600.2
1218740 2600.2
1218750 2607.5
1218760 2613.0
1218770 2621.2
1218780 2621.2
1218790 2627.0
1218800 2633.3
1218810 2633.3
1218820 2638.0
1218830 2640.0
1218840 2640.0
1218850 2640.2
1218860 2640.3
1218870 2640.3
1218880 2640.9
1218890 2641.3
1218900 2641.3
1218910 2643.8
1218920 2647.7
1218930 2647.7
1218940 2650.5
1218950 2650.7
1218960 2650.7
1218970 2648.8
1218980 2644.5
1218990 2638.8
1219000 2638.8
1219010 2630.7
1219020 2628.9
1219030 2628.9
1219040 2630.3
1219050 2632.3
1219060 2632.3
1219070 2637.4
1219080 2642.9
1219090 2642.9
1219100 2662.8
1219110 2665.3
1219120 2665.3
1219130 2658.5
1219140 2646.3
1219150 2646.3
1219160 2635.3
1219170 2624.9
1219180 2624.9
1219190 2614.2
1219200 2603.5
1219210 2594.1
1219220 2594.1
1219230 2583.1
1219240 2574.6
1219250 2574.6
1219260 2567.0
1219270 2558.9
1219280 2558.9
1219290 2551.5
1219300 2544.4
1219310 2544.4
1219320 2537.2
1219330 2529.7
1219340 2529.7
1219350 2522.7
1219360 2516.2
1219370 2516.2
1219380 2509.4
1219390 2502.9
1219400 2502.9
1219410 2497.5
1219420 2489.5
1219430 2481.2
1219440 2481.2
1219450 2474.6
1219460 2469.9
1219470 2469.9
1219480 2463.7
1219490 2456.5
1219500 2456.5
1219510 2448.3
1219520 2440.8
1219530 2440.8
1219540 2435.1
1219550 2430.4
1219560 2430.4
1219570 2419.6
1219580 2413.9
1219590 2413.9
1219600 2404.9
1219610 2395.9
1219620 2388.8
1219630 2388.8
1219640 2382.6
1219650 2376.7
1219660 2376.7
1219670 2370.9
1219680 2364.8
1219690 2364.8
1219700 2358.6
1219710 2352.9
1219720 2352.9
1219730 2347.4
1219740 2342.3
1219750 2342.3
1219760 2337.7
1219770 2333.0
1219780 2333.0
1219790 2327.4
1219800 2321.5
1219810 2321.5
1219820 2315.9
1219830 2310.8
1219840 2305.8
1219850 2305.8
1219860 2299.8
1219870 2293.9
1219880 2293.9
1219890 2289.1
1219900 2283.9
1219910 2283.9
1219920 2277.3
1219930 2270.8
1219940 2270.8
1219950 2265.7
1219960 2260.7
1219970 2260.7
1219980 2253.9
1219990 2245.9
