1200000 2115.9
1200010 2119.7
1200020 2122.7
1200030 2122.7
1200040 2130.9
1200050 2142.0
1200060 2142.0
1200070 2149.6
1200080 2148.0
1200090 2148.0
1200100 2154.3
1200110 2155.2
1200120 2159.7
1200130 2159.7
1200140 2166.8
1200150 2171.7
1200160 2171.7
1200170 2180.0
1200180 2188.4
1200190 2188.4
1200200 2192.6
1200210 2197.3
1200220 2197.3
1200230 2202.7
1200240 2208.8
1200250 2208.8
1200260 2221.0
1200270 2224.8
1200280 2224.8
1200290 2215.6
1200300 2215.0
1200310 2215.0
1200320 2222.5
1200330 2230.7
1200340 2237.2
1200350 2237.2
1200360 2242.9
1200370 2247.5
1200380 2247.5
1200390 2247.8
1200400 2242.6
1200410 2242.6
1200420 2234.7
1200430 2229.6
1200440 2229.6
1200450 2226.1
1200460 2227.0
1200470 2227.0
1200480 2229.5
1200490 2233.4
1200500 2233.4
1200510 2237.7
1200520 2240.8
1200530 2233.7
1200540 2238.0
1200550 2246.1
1200560 2255.0
1200570 2255.0
1200580 2263.0
1200590 2270.6
1200600 2270.6
1200610 2275.2
1200620 2277.4
1200630 2277.4
1200640 2272.9
1200650 2269.0
1200660 2269.0
1200670 2276.1
1200680 2282.7
1200690 2282.7
1200700 2282.3
1200710 2280.2
1200720 2280.2
1200730 2280.2
1200740 2282.3
1200750 2282.3
1200760 2291.8
1200770 2298.0
1200780 2301.9
1200790 2301.9
1200800 2304.9
1200810 2308.7
1200820 2308.7
1200830 2313.4
1200840 2311.8
1200850 2311.8
1200860 2311.9
1200870 2315.3
1200880 2315.3
1200890 2320.4
1200900 2323.4
1200910 2323.4
1200920 2313.7
1200930 2303.0
1200940 2303.0
1200950 2296.8
1200960 2301.8
1200970 2302.1
1200980 2302.1
1200990 2308.1
1201000 2306.4
1201010 2306.4
1201020 2297.9
1201030 2281.3
1201040 2281.3
1201050 2264.0
1201060 2250.9
1201070 2250.9
1201080 2242.3
1201090 2249.4
1201100 2249.4
1201110 2249.7
1201120 2245.7
1201130 2245.7
1201140 2242.1
1201150 2239.3
1201160 2239.3
1201170 2237.8
1201180 2238.0
1201190 2239.4
1201200 2239.4
1201210 2240.5
1201220 2240.4
1201230 2240.4
1201240 2239.0
1201250 2237.6
1201260 2237.6
1201270 2237.6
1201280 2238.2
1201290 2238.2
1201300 2239.1
1201310 2239.9
1201320 2239.9
1201330 2240.1
1201340 2239.9
1201350 2239.9
1201360 2237.4
1201370 2232.9
1201380 2232.9
1201390 2230.2
1201400 2229.0
1201410 2230.4
1201420 2227.9
1201430 2233.2
1201440 2240.4
1201450 2240.4
1201460 2248.6
1201470 2255.2
1201480 2255.2
1201490 2257.6
1201500 2260.6
1201510 2260.6
1201520 2259.8
1201530 2259.6
1201540 2259.6
1201550 2261.9
1201560 2262.8
1201570 2262.8
1201580 2263.0
1201590 2262.8
1201600 2262.8
1201610 2262.8
1201620 2261.9
1201630 2262.3
1201640 2262.3
1201650 2265.3
1201660 2269.4
1201670 2269.4
1201680 2272.5
1201690 2275.2
1201700 2275.2
1201710 2277.5
1201720 2280.4
1201730 2280.4
1201740 2284.0
1201750 2288.2
1201760 2288.2
1201770 2290.3
1201780 2294.1
1201790 2294.1
1201800 2299.2
1201810 2304.9
1201820 2313.6
1201830 2313.6
1201840 2323.1
1201850 2331.6
1201860 2331.6
1201870 2326.5
1201880 2328.6
1201890 2328.6
1201900 2331.6
1201910 2335.9
1201920 2335.9
1201930 2338.8
1201940 2342.8
1201950 2342.8
1201960 2345.4
1201970 2346.9
1201980 2346.9
1201990 2347.6
1202000 2348.4
1202010 2348.4
1202020 2351.1
1202030 2354.4
1202040 2357.1
1202050 2357.1
1202060 2359.8
1202070 2362.8
1202080 2362.8
1202090 2364.6
1202100 2366.8
1202110 2366.8
1202120 2370.1
1202130 2374.7
1202140 2374.7
1202150 2380.9
1202160 2392.3
1202170 2392.3
1202180 2403.9
1202190 2409.9
1202200 2409.9
1202210 2413.4
1202220 2415.1
1202230 2415.1
1202240 2419.1
1202250 2424.3
1202260 2429.7
1202270 2429.7
1202280 2434.8
1202290 2440.1
1202300 2440.1
1202310 2445.3
1202320 2454.6
1202330 2454.6
1202340 2460.1
1202350 2465.6
1202360 2465.6
1202370 2469.9
1202380 2475.2
1202390 2475.2
1202400 2485.3
1202410 2494.3
1202420 2494.3
1202430 2504.7
1202440 2514.6
1202450 2514.6
1202460 2525.7
1202470 2544.3
1202480 2557.4
1202490 2557.4
1202500 2568.2
1202510 2590.3
1202520 2590.3
1202530 2611.9
1202540 2634.2
1202550 2634.2
1202560 2678.0
1202570 2717.7
1202580 2717.7
1202590 2737.9
1202600 2756.7
1202610 2756.7
1202620 2779.0
1202630 2794.6
1202640 2794.6
1202650 2803.1
1202660 2814.3
1202670 2824.7
1202680 2824.7
1202690 2833.6
1202700 2842.1
1202710 2842.1
1202720 2856.1
1202730 2869.9
1202740 2869.9
1202750 2884.5
1202760 2894.9
1202770 2893.2
1202780 2898.7
1202790 2897.8
1202800 2897.8
1202810 2896.4
1202820 2894.8
1202830 2894.8
1202840 2896.6
1202850 2894.4
1202860 2894.4
1202870 2887.2
1202880 2878.1
1202890 2870.4
1202900 2870.4
1202910 2863.7
1202920 2857.5
1202930 2857.5
1202940 2851.5
1202950 2844.2
1202960 2844.2
1202970 2837.7
1202980 2833.3
1202990 2833.3
1203000 2829.5
1203010 2826.4
1203020 2826.4
1203030 2824.0
1203040 2821.8
1203050 2821.8
1203060 2819.6
1203070 2816.7
1203080 2816.7
1203090 2815.8
1203100 2814.9
1203110 2813.6
1203120 2813.6
1203130 2814.4
1203140 2815.4
1203150 2815.4
1203160 2816.4
1203170 2819.2
1203180 2819.2
1203190 2822.4
1203200 2825.0
1203210 2825.0
1203220 2821.4
1203230 2824.9
1203240 2824.9
1203250 2837.5
1203260 2855.3
1203270 2855.3
1203280 2872.0
1203290 2872.3
1203300 2872.3
1203310 2874.0
1203320 2882.8
1203330 2895.0
1203340 2895.0
1203350 2907.2
1203360 2919.9
1203370 2919.9
1203380 2931.8
1203390 2940.8
1203400 2940.8
1203410 2945.5
1203420 2949.4
1203430 2949.4
1203440 2962.4
1203450 2975.9
1203460 2975.9
1203470 2983.9
1203480 2992.4
1203490 2992.4
1203500 2997.8
1203510 3002.4
1203520 3003.7
1203530 3003.7
1203540 3005.6
1203550 3006.6
1203560 3006.6
1203570 3009.1
1203580 3012.4
1203590 3012.4
1203600 3015.9
1203610 3017.1
1203620 3017.1
1203630 3017.2
1203640 3019.6
1203650 3019.6
1203660 3022.2
1203670 3014.5
1203680 3014.5
1203690 3015.3
1203700 3015.2
1203710 3015.2
1203720 3015.8
1203730 3018.6
1203740 3025.7
1203750 3025.7
1203760 3037.8
1203770 3048.5
1203780 3048.5
1203790 3061.2
1203800 3073.8
1203810 3073.8
1203820 3085.7
1203830 3099.0
1203840 3099.0
1203850 3114.1
1203860 3129.1
1203870 3129.1
1203880 3129.8
1203890 3126.7
1203900 3126.7
1203910 3124.1
1203920 3121.5
1203930 3121.5
1203940 3118.6
1203950 3116.5
1203960 3115.7
1203970 3115.7
1203980 3116.4
1203990 3118.7
1204000 3118.7
1204010 3118.9
1204020 3113.9
1204030 3113.9
1204040 3109.4
1204050 3103.1
1204060 3103.1
1204070 3095.9
1204080 3087.7
1204090 3087.7
1204100 3079.3
1204110 3073.6
1204120 3070.6
1204130 3062.4
1204140 3057.1
1204150 3057.1
1204160 3054.3
1204170 3041.2
1204180 3027.5
1204190 3027.5
1204200 3018.7
1204210 3011.5
1204220 3011.5
1204230 3006.2
1204240 3002.6
1204250 3002.6
1204260 2999.9
1204270 2998.4
1204280 2998.4
1204290 3002.5
1204300 3008.9
1204310 3008.9
1204320 3015.0
1204330 3020.6
1204340 3020.6
1204350 3025.3
1204360 3031.5
1204370 3038.8
1204380 3038.8
1204390 3052.1
1204400 3062.9
1204410 3062.9
1204420 3072.8
1204430 3080.0
1204440 3080.0
1204450 3086.3
1204460 3092.6
1204470 3092.6
1204480 3099.2
1204490 3106.6
1204500 3106.6
1204510 3113.6
1204520 3120.0
1204530 3120.0
1204540 3126.9
1204550 3135.3
1204560 3135.3
1204570 3134.5
1204580 3135.6
1204590 3134.8
1204600 3134.8
1204610 3129.6
1204620 3120.4
1204630 3120.4
1204640 3110.0
1204650 3098.1
1204660 3098.1
1204670 3085.7
1204680 3076.9
1204690 3076.9
1204700 3070.2
1204710 3064.1
1204720 3064.1
1204730 3058.3
1204740 3052.9
1204750 3052.9
1204760 3047.7
1204770 3042.8
1204780 3042.8
1204790 3038.1
1204800 3033.6
1204810 3029.3
1204820 3029.3
1204830 3025.3
1204840 3021.9
1204850 3021.9
1204860 3019.0
1204870 3016.8
1204880 3016.8
1204890 3014.6
1204900 3012.3
1204910 3012.3
1204920 3009.8
1204930 3007.0
1204940 3007.0
1204950 3004.1
1204960 3001.5
1204970 3001.5
1204980 2999.5
1204990 2998.2
1205000 2998.2
1205010 2996.8
1205020 2992.6
1205030 2989.6
1205040 2989.6
1205050 2985.4
1205060 2980.6
1205070 2980.6
1205080 2975.8
1205090 2971.3
1205100 2971.3
1205110 2967.1
1205120 2963.3
1205130 2963.3
1205140 2959.7
1205150 2956.1
1205160 2956.1
1205170 2952.4
1205180 2949.5
1205190 2949.5
1205200 2949.7
1205210 2950.9
1205220 2951.3
1205230 2951.3
1205240 2952.5
1205250 2955.1
1205260 2955.1
1205270 2958.5
1205280 2961.8
1205290 2961.8
1205300 2968.2
1205310 2972.4
1205320 2972.4
1205330 2976.8
1205340 2979.7
1205350 2979.7
1205360 2981.0
1205370 2974.8
1205380 2974.8
1205390 2966.5
1205400 2959.0
1205410 2959.0
1205420 2952.7
1205430 2948.0
1205440 2943.9
1205450 2943.9
1205460 2941.0
1205470 2939.1
1205480 2926.2
1205490 2924.2
1205500 2917.7
1205510 2917.7
1205520 2898.6
1205530 2874.8
1205540 2874.8
1205550 2860.8
1205560 2852.6
1205570 2852.6
1205580 2850.3
1205590 2856.7
1205600 2856.7
1205610 2865.0
1205620 2870.8
1205630 2870.8
1205640 2875.5
1205650 2870.9
1205660 2870.9
1205670 2870.9
1205680 2869.8
1205690 2863.8
1205700 2863.8
1205710 2855.7
1205720 2848.3
1205730 2848.3
1205740 2842.8
1205750 2843.3
1205760 2843.3
1205770 2846.9
1205780 2843.3
1205790 2843.3
1205800 2841.9
1205810 2842.8
1205820 2842.8
1205830 2841.0
1205840 2840.5
1205850 2840.5
1205860 2841.6
1205870 2841.9
1205880 2842.3
1205890 2842.3
1205900 2843.2
1205910 2844.3
1205920 2844.3
1205930 2837.8
1205940 2839.2
1205950 2839.2
1205960 2841.4
1205970 2844.2
1205980 2844.2
1205990 2847.1
1206000 2849.4
1206010 2849.4
1206020 2851.2
1206030 2852.7
1206040 2852.7
1206050 2855.1
1206060 2860.4
1206070 2869.8
1206080 2869.8
1206090 2878.5
1206100 2888.5
1206110 2888.5
1206120 2898.3
1206130 2907.2
1206140 2907.2
1206150 2913.9
1206160 2920.6
1206170 2920.6
1206180 2927.1
1206190 2933.3
1206200 2933.3
1206210 2935.7
1206220 2935.0
1206230 2935.0
1206240 2936.3
1206250 2941.0
1206260 2941.0
1206270 2938.8
1206280 2938.2
1206290 2942.3
1206300 2942.3
1206310 2943.4
1206320 2940.6
1206330 2940.6
1206340 2937.6
1206350 2933.9
1206360 2933.9
1206370 2928.0
1206380 2918.4
1206390 2913.6
1206400 2910.6
1206410 2906.8
1206420 2906.8
1206430 2895.7
1206440 2893.5
1206450 2893.5
1206460 2890.1
1206470 2886.5
1206480 2886.5
1206490 2885.0
1206500 2883.1
1206510 2879.2
1206520 2879.2
1206530 2877.7
1206540 2877.5
1206550 2877.5
1206560 2885.7
1206570 2884.8
1206580 2884.8
1206590 2873.3
1206600 2865.6
1206610 2865.6
1206620 2856.7
1206630 2846.6
1206640 2846.6
1206650 2834.4
1206660 2827.5
1206670 2827.5
1206680 2820.8
1206690 2818.8
1206700 2818.8
1206710 2813.9
1206720 2802.2
1206730 2791.3
1206740 2791.3
1206750 2779.0
1206760 2768.7
1206770 2768.7
1206780 2759.7
1206790 2740.7
1206800 2740.7
1206810 2710.2
1206820 2695.0
1206830 2695.0
1206840 2695.0
1206850 2692.4
1206860 2692.4
1206870 2691.5
1206880 2692.3
1206890 2692.3
1206900 2694.6
1206910 2697.1
1206920 2700.4
1206930 2700.4
1206940 2705.8
1206950 2708.9
1206960 2708.9
1206970 2704.2
1206980 2696.6
1206990 2696.6
1207000 2672.6
1207010 2655.3
1207020 2655.3
1207030 2643.2
1207040 2626.4
1207050 2626.4
1207060 2606.3
1207070 2587.5
1207080 2587.5
1207090 2579.1
1207100 2573.0
1207110 2573.0
1207120 2573.6
1207130 2582.8
1207140 2580.5
1207150 2580.5
1207160 2578.7
1207170 2571.2
1207180 2571.2
1207190 2562.9
1207200 2557.3
1207210 2557.3
1207220 2558.7
1207230 2553.3
1207240 2553.3
1207250 2543.8
1207260 2534.6
1207270 2534.6
1207280 2522.1
1207290 2513.4
1207300 2512.8
1207310 2501.0
1207320 2502.3
1207330 2502.3
1207340 2505.8
1207350 2503.6
1207360 2507.4
1207370 2507.4
1207380 2506.6
1207390 2502.3
1207400 2502.3
1207410 2491.9
1207420 2484.8
1207430 2484.8
1207440 2484.6
1207450 2483.2
1207460 2483.2
1207470 2479.1
1207480 2476.8
1207490 2476.8
1207500 2476.6
1207510 2482.8
1207520 2482.8
1207530 2493.2
1207540 2501.5
1207550 2501.5
1207560 2507.0
1207570 2503.6
1207580 2493.3
1207590 2493.3
1207600 2479.0
1207610 2463.6
1207620 2463.6
1207630 2450.7
1207640 2436.8
1207650 2436.8
1207660 2422.9
1207670 2411.7
1207680 2411.7
1207690 2401.3
1207700 2390.0
1207710 2390.0
1207720 2368.6
1207730 2348.0
1207740 2348.0
1207750 2335.6
1207760 2339.7
1207770 2328.0
1207780 2328.0
1207790 2321.4
1207800 2314.8
1207810 2314.8
1207820 2308.4
1207830 2304.2
1207840 2304.2
1207850 2299.8
1207860 2295.5
1207870 2295.5
1207880 2290.8
1207890 2285.3
1207900 2285.3
1207910 2279.4
1207920 2273.4
1207930 2273.4
1207940 2267.5
1207950 2261.7
1207960 2261.7
1207970 2255.8
1207980 2250.5
1207990 2245.7
1208000 2245.7
1208010 2241.4
1208020 2237.4
1208030 2237.4
1208040 2233.4
1208050 2229.2
1208060 2229.2
1208070 2226.3
1208080 2224.1
1208090 2224.1
1208100 2221.2
1208110 2216.9
1208120 2216.9
1208130 2212.5
1208140 2209.0
1208150 2209.0
1208160 2205.2
1208170 2200.4
1208180 2200.4
1208190 2193.8
1208200 2183.9
1208210 2170.0
1208220 2176.9
1208230 2170.1
1208240 2162.3
1208250 2162.3
1208260 2154.1
1208270 2143.5
1208280 2143.5
1208290 2127.7
1208300 2119.6
1208310 2119.6
1208320 2112.9
1208330 2106.7
1208340 2106.7
1208350 2101.4
1208360 2094.9
1208370 2094.9
1208380 2088.5
1208390 2082.7
1208400 2082.7
1208410 2076.3
1208420 2068.7
1208430 2057.1
1208440 2057.1
1208450 2038.4
1208460 2025.1
1208470 2025.1
1208480 2018.2
1208490 2012.1
1208500 2012.1
1208510 2006.9
1208520 2001.7
1208530 2001.7
1208540 1995.3
1208550 1988.9
1208560 1988.9
1208570 1982.9
1208580 1976.9
1208590 1976.9
1208600 1971.2
1208610 1965.6
1208620 1959.2
1208630 1959.2
1208640 1952.7
1208650 1943.7
1208660 1943.7
1208670 1934.3
1208680 1922.2
1208690 1922.2
1208700 1906.2
1208710 1898.3
1208720 1898.3
1208730 1893.9
1208740 1886.5
1208750 1886.5
1208760 1878.2
1208770 1873.0
1208780 1873.0
1208790 1871.3
1208800 1872.2
1208810 1872.2
1208820 1871.9
1208830 1868.4
1208840 1862.3
1208850 1862.3
1208860 1854.7
1208870 1848.4
1208880 1848.4
1208890 1840.1
1208900 1825.8
1208910 1825.8
1208920 1804.7
1208930 1783.8
1208940 1783.8
1208950 1769.8
1208960 1757.4
1208970 1757.4
1208980 1743.7
1208990 1730.6
1209000 1730.6
1209010 1712.7
1209020 1699.7
1209030 1699.7
1209040 1689.7
1209050 1675.0
1209060 1656.0
1209070 1656.0
1209080 1643.0
1209090 1639.1
1209100 1639.1
1209110 1630.0
1209120 1608.1
1209130 1606.8
1209140 1594.0
1209150 1582.4
1209160 1582.4
1209170 1568.5
1209180 1558.6
1209190 1558.6
1209200 1544.3
1209210 1526.4
1209220 1526.4
1209230 1517.6
1209240 1511.3
1209250 1511.3
1209260 1505.3
1209270 1499.4
1209280 1493.6
1209290 1493.6
1209300 1487.6
1209310 1482.0
1209320 1482.0
1209330 1476.1
1209340 1470.5
1209350 1470.5
1209360 1465.9
1209370 1462.0
1209380 1462.0
1209390 1459.6
1209400 1458.1
1209410 1458.1
1209420 1457.4
1209430 1457.2
1209440 1457.2
1209450 1457.2
1209460 1457.1
1209470 1457.2
1209480 1457.2
1209490 1457.4
1209500 1457.6
1209510 1457.6
1209520 1457.8
1209530 1457.8
1209540 1457.8
1209550 1457.3
1209560 1457.1
1209570 1457.1
1209580 1457.4
1209590 1458.1
1209600 1458.1
1209610 1458.6
1209620 1457.7
1209630 1457.7
1209640 1458.1
1209650 1459.1
1209660 1459.1
1209670 1460.0
1209680 1462.7
1209690 1465.8
1209700 1465.8
1209710 1468.4
1209720 1471.1
1209730 1471.1
1209740 1473.9
1209750 1476.8
1209760 1476.8
1209770 1480.1
1209780 1484.1
1209790 1484.1
1209800 1487.6
1209810 1490.8
1209820 1490.8
1209830 1494.5
1209840 1498.5
1209850 1498.5
1209860 1503.0
1209870 1507.1
1209880 1507.1
1209890 1510.4
1209900 1513.0
1209910 1515.9
1209920 1515.9
1209930 1520.0
1209940 1524.0
1209950 1524.0
1209960 1527.6
1209970 1531.4
1209980 1531.4
1209990 1535.5
1210000 1539.3
1210010 1539.3
1210020 1544.0
1210030 1550.3
1210040 1550.3
1210050 1560.2
1210060 1569.7
1210070 1569.7
1210080 1587.5
1210090 1600.2
1210100 1600.2
1210110 1609.7
1210120 1616.6
1210130 1622.5
1210140 1622.5
1210150 1637.1
1210160 1646.3
1210170 1646.3
1210180 1654.5
1210190 1665.4
1210200 1665.4
1210210 1674.9
1210220 1683.4
1210230 1683.4
1210240 1695.1
1210250 1709.0
1210260 1709.0
1210270 1720.6
1210280 1728.4
1210290 1728.4
1210300 1736.0
1210310 1746.1
1210320 1756.7
1210330 1756.7
1210340 1759.6
1210350 1759.1
1210360 1759.1
1210370 1761.1
1210380 1764.4
1210390 1764.4
1210400 1773.6
1210410 1787.8
1210420 1787.8
1210430 1797.3
1210440 1807.6
1210450 1807.6
1210460 1816.7
1210470 1826.0
1210480 1826.0
1210490 1834.2
1210500 1841.7
1210510 1841.7
1210520 1854.1
1210530 1868.8
1210540 1884.6
1210550 1884.6
1210560 1897.0
1210570 1905.2
1210580 1905.2
1210590 1911.8
1210600 1918.5
1210610 1918.5
1210620 1919.3
1210630 1920.5
1210640 1920.5
1210650 1922.2
1210660 1927.4
1210670 1927.4
1210680 1934.9
1210690 1944.7
1210700 1944.7
1210710 1955.7
1210720 1963.9
1210730 1963.9
1210740 1971.8
1210750 1979.8
1210760 1991.2
1210770 1991.2
1210780 2006.5
1210790 2017.7
1210800 2017.7
1210810 2027.6
1210820 2040.3
1210830 2040.3
1210840 2056.7
1210850 2076.2
1210860 2076.2
1210870 2105.7
1210880 2128.1
1210890 2128.1
1210900 2152.6
1210910 2177.9
1210920 2177.9
1210930 2193.2
1210940 2211.6
1210950 2211.6
1210960 2227.6
1210970 2237.6
1210980 2238.7
1210990 2238.7
1211000 2250.9
1211010 2261.6
1211020 2261.6
1211030 2269.3
1211040 2275.8
1211050 2275.8
1211060 2284.9
1211070 2300.2
1211080 2300.2
1211090 2317.6
1211100 2331.7
1211110 2331.7
1211120 2346.5
1211130 2363.7
1211140 2363.7
1211150 2385.5
1211160 2405.4
1211170 2422.9
1211180 2422.9
1211190 2440.5
1211200 2447.9
1211210 2447.9
1211220 2476.0
1211230 2495.7
1211240 2495.7
1211250 2506.8
1211260 2519.6
1211270 2519.6
1211280 2529.2
1211290 2537.5
1211300 2537.5
1211310 2553.4
1211320 2575.6
1211330 2575.6
1211340 2591.1
1211350 2613.4
1211360 2613.4
1211370 2637.8
1211380 2662.5
1211390 2679.5
1211400 2679.5
1211410 2692.2
1211420 2700.1
1211430 2700.1
1211440 2705.3
1211450 2708.2
1211460 2708.2
1211470 2710.6
1211480 2713.1
1211490 2713.1
1211500 2714.9
1211510 2716.3
1211520 2716.3
1211530 2715.8
1211540 2708.2
1211550 2708.2
1211560 2697.1
1211570 2688.2
1211580 2688.2
1211590 2680.2
1211600 2671.5
1211610 2661.9
1211620 2661.9
1211630 2653.0
1211640 2641.7
1211650 2641.7
1211660 2632.3
1211670 2627.5
1211680 2627.5
1211690 2622.2
1211700 2618.8
1211710 2618.8
1211720 2613.3
1211730 2606.1
1211740 2606.1
1211750 2596.3
1211760 2587.6
1211770 2587.6
1211780 2585.5
1211790 2583.2
1211800 2580.4
1211810 2580.4
1211820 2580.6
1211830 2582.0
1211840 2582.0
1211850 2582.6
1211860 2585.8
1211870 2585.8
1211880 2588.1
1211890 2585.7
1211900 2585.7
1211910 2574.8
1211920 2573.6
1211930 2573.6
1211940 2573.1
1211950 2574.1
1211960 2574.1
1211970 2573.6
1211980 2569.0
1211990 2569.0
1212000 2572.2
1212010 2574.6
1212020 2571.3
1212030 2571.3
1212040 2565.6
1212050 2563.8
1212060 2563.8
1212070 2559.7
1212080 2551.5
1212090 2551.5
1212100 2554.4
1212110 2547.0
1212120 2547.0
1212130 2536.4
1212140 2526.9
1212150 2526.9
1212160 2522.9
1212170 2520.2
1212180 2520.2
1212190 2516.2
1212200 2511.6
1212210 2511.6
1212220 2507.1
1212230 2503.9
1212240 2501.8
1212250 2501.8
1212260 2500.4
1212270 2499.5
1212280 2499.5
1212290 2498.9
1212300 2498.2
1212310 2498.2
1212320 2497.2
1212330 2495.7
1212340 2495.7
1212350 2494.0
1212360 2492.2
1212370 2487.4
1212380 2487.5
1212390 2488.6
1212400 2488.6
1212410 2490.0
1212420 2491.7
1212430 2491.7
1212440 2494.3
1212450 2497.6
1212460 2500.6
1212470 2500.6
1212480 2503.0
1212490 2505.0
1212500 2505.0
1212510 2507.0
1212520 2508.9
1212530 2508.9
1212540 2511.3
1212550 2513.5
1212560 2513.5
1212570 2516.0
1212580 2519.5
1212590 2519.5
1212600 2522.5
1212610 2526.0
1212620 2526.0
1212630 2529.4
1212640 2531.4
1212650 2533.3
1212660 2533.3
1212670 2534.0
1212680 2535.7
1212690 2535.7
1212700 2538.3
1212710 2540.9
1212720 2540.9
1212730 2543.3
1212740 2544.4
1212750 2544.4
1212760 2547.4
1212770 2552.2
1212780 2552.2
1212790 2557.1
1212800 2562.2
1212810 2562.2
1212820 2567.9
1212830 2573.0
1212840 2566.1
1212850 2570.9
1212860 2574.1
1212870 2575.9
1212880 2575.9
1212890 2577.4
1212900 2579.4
1212910 2579.4
1212920 2581.1
1212930 2582.4
1212940 2582.4
1212950 2584.3
1212960 2584.3
1212970 2584.3
1212980 2581.2
1212990 2577.1
1213000 2577.1
1213010 2575.2
1213020 2575.5
1213030 2575.5
1213040 2575.0
1213050 2572.8
1213060 2572.8
1213070 2571.0
1213080 2571.2
1213090 2573.2
1213100 2573.2
1213110 2573.6
1213120 2572.2
1213130 2572.2
1213140 2569.8
1213150 2567.6
1213160 2567.6
1213170 2565.9
1213180 2565.4
1213190 2565.4
1213200 2565.7
1213210 2565.5
1213220 2565.5
1213230 2565.0
1213240 2565.1
1213250 2565.1
1213260 2565.8
1213270 2565.7
1213280 2565.7
1213290 2568.1
1213300 2571.1
1213310 2575.9
1213320 2575.9
1213330 2578.5
1213340 2579.2
1213350 2579.2
1213360 2578.7
1213370 2579.7
1213380 2579.7
1213390 2580.2
1213400 2580.6
1213410 2580.6
1213420 2581.7
1213430 2582.8
1213440 2582.8
1213450 2583.3
1213460 2583.3
1213470 2583.3
1213480 2582.3
1213490 2581.4
1213500 2580.2
1213510 2580.2
1213520 2579.1
1213530 2583.6
1213540 2583.6
1213550 2590.0
1213560 2594.3
1213570 2594.3
1213580 2596.6
1213590 2597.0
1213600 2597.0
1213610 2596.4
1213620 2595.7
1213630 2595.7
1213640 2596.9
1213650 2600.2
1213660 2600.2
1213670 2603.6
1213680 2608.0
1213690 2608.0
1213700 2612.5
1213710 2616.2
1213720 2619.9
1213730 2619.9
1213740 2623.9
1213750 2627.0
1213760 2627.0
1213770 2634.1
1213780 2636.5
1213790 2636.5
1213800 2638.6
1213810 2641.6
1213820 2641.6
1213830 2644.5
1213840 2647.1
1213850 2647.1
1213860 2648.0
1213870 2647.1
1213880 2647.1
1213890 2646.4
1213900 2649.7
1213910 2649.7
1213920 2655.5
1213930 2657.5
1213940 2660.4
1213950 2660.4
1213960 2665.4
1213970 2672.0
1213980 2672.0
1213990 2679.4
1214000 2683.0
1214010 2683.0
1214020 2685.8
1214030 2690.4
1214040 2690.4
1214050 2695.3
1214060 2698.1
1214070 2698.1
1214080 2700.2
1214090 2702.7
1214100 2702.7
1214110 2704.8
1214120 2705.9
1214130 2705.9
1214140 2706.6
1214150 2707.4
1214160 2708.6
1214170 2708.6
1214180 2708.9
1214190 2708.5
1214200 2708.5
1214210 2709.3
1214220 2709.2
1214230 2709.2
1214240 2711.4
1214250 2708.2
1214260 2708.2
1214270 2705.1
1214280 2702.2
1214290 2702.2
1214300 2699.5
1214310 2697.1
1214320 2697.1
1214330 2695.6
1214340 2695.2
1214350 2696.9
1214360 2696.9
1214370 2698.6
1214380 2701.2
1214390 2701.2
1214400 2704.0
1214410 2706.3
1214420 2706.3
1214430 2709.4
1214440 2713.4
1214450 2713.4
1214460 2717.3
1214470 2721.1
1214480 2721.1
1214490 2724.8
1214500 2727.9
1214510 2727.9
1214520 2730.2
1214530 2732.3
1214540 2732.3
1214550 2734.9
1214560 2738.6
1214570 2742.6
1214580 2742.6
1214590 2747.1
1214600 2751.9
1214610 2751.9
1214620 2756.3
1214630 2760.5
1214640 2760.5
1214650 2764.5
1214660 2768.6
1214670 2768.6
1214680 2772.4
1214690 2775.9
1214700 2775.9
1214710 2778.9
1214720 2782.1
1214730 2782.1
1214740 2786.6
1214750 2791.7
1214760 2791.7
1214770 2796.9
1214780 2801.2
1214790 2805.5
1214800 2805.5
1214810 2810.3
1214820 2815.8
1214830 2815.8
1214840 2821.1
1214850 2826.6
1214860 2826.6
1214870 2833.2
1214880 2840.5
1214890 2840.5
1214900 2847.9
1214910 2855.7
1214920 2855.7
1214930 2864.0
1214940 2871.6
1214950 2871.6
1214960 2885.3
1214970 2893.2
1214980 2893.2
1214990 2900.6
1215000 2907.9
1215010 2915.7
1215020 2915.7
1215030 2923.9
1215040 2932.0
1215050 2932.0
1215060 2940.4
1215070 2947.7
1215080 2947.7
1215090 2953.8
1215100 2960.7
1215110 2960.7
1215120 2968.3
1215130 2975.3
1215140 2975.3
1215150 2980.2
1215160 2983.5
1215170 2983.5
1215180 2992.5
1215190 2994.7
1215200 2998.0
1215210 2998.0
1215220 3001.3
1215230 3001.9
1215240 3001.9
1215250 3004.0
1215260 3008.2
1215270 3008.2
1215280 3014.9
1215290 3023.7
1215300 3023.7
1215310 3031.6
1215320 3035.8
1215330 3035.8
1215340 3038.5
1215350 3039.6
1215360 3039.6
1215370 3040.6
1215380 3042.9
1215390 3042.9
1215400 3046.7
1215410 3054.2
1215420 3062.7
1215430 3062.7
1215440 3073.1
1215450 3083.0
1215460 3083.0
1215470 3089.1
1215480 3098.7
1215490 3098.7
1215500 3118.0
1215510 3120.5
1215520 3120.5
1215530 3115.7
1215540 3106.5
1215550 3106.5
1215560 3095.9
1215570 3085.2
1215580 3085.2
1215590 3071.5
1215600 3066.6
1215610 3066.6
1215620 3064.1
1215630 3070.6
1215640 3072.8
1215650 3054.1
1215660 3057.6
1215670 3039.3
1215680 3039.3
1215690 3019.8
1215700 3013.1
1215710 3013.1
1215720 3014.6
1215730 3010.1
1215740 3010.1
1215750 2994.8
1215760 2988.8
1215770 2988.8
1215780 2986.2
1215790 2984.5
1215800 2984.5
1215810 2983.7
1215820 2988.1
1215830 2988.1
1215840 2992.4
1215850 2996.9
1215860 2995.6
1215870 2995.6
1215880 2998.4
1215890 3001.8
1215900 3001.8
1215910 3006.3
1215920 3004.1
1215930 3004.1
1215940 3000.8
1215950 2998.1
1215960 2998.1
1215970 3006.0
1215980 3020.2
1215990 3020.2
1216000 3029.8
1216010 3027.0
1216020 3027.0
1216030 3023.3
1216040 3018.5
1216050 3014.6
1216060 3014.6
1216070 3010.3
1216080 3004.7
1216090 3004.7
1216100 2999.5
1216110 2993.4
1216120 2989.4
1216130 2981.5
1216140 2974.3
1216150 2974.3
1216160 2967.2
1216170 2961.0
1216180 2961.0
1216190 2954.9
1216200 2947.4
1216210 2947.4
1216220 2940.9
1216230 2933.7
1216240 2933.7
1216250 2927.2
1216260 2921.3
1216270 2916.1
1216280 2916.1
1216290 2911.6
1216300 2907.0
1216310 2907.0
1216320 2901.8
1216330 2895.6
1216340 2895.6
1216350 2891.0
1216360 2887.6
1216370 2887.6
1216380 2884.6
1216390 2879.4
1216400 2879.4
1216410 2869.8
1216420 2862.6
1216430 2862.6
1216440 2845.9
1216450 2830.5
1216460 2830.5
1216470 2841.0
1216480 2843.9
1216490 2841.1
1216500 2841.1
1216510 2835.3
1216520 2823.8
1216530 2823.8
1216540 2802.9
1216550 2779.6
1216560 2779.6
1216570 2763.7
1216580 2749.3
1216590 2739.5
1216600 2735.1
1216610 2733.1
1216620 2733.1
1216630 2731.5
1216640 2729.6
1216650 2729.6
1216660 2726.8
1216670 2723.2
1216680 2723.2
1216690 2719.0
1216700 2715.2
1216710 2713.1
1216720 2713.1
1216730 2712.0
1216740 2710.5
1216750 2710.5
1216760 2709.2
1216770 2706.9
1216780 2706.9
1216790 2703.8
1216800 2699.7
1216810 2699.7
1216820 2695.8
1216830 2692.4
1216840 2692.4
1216850 2689.6
1216860 2687.2
1216870 2687.2
1216880 2685.3
1216890 2684.1
1216900 2683.6
1216910 2683.6
1216920 2683.4
1216930 2683.0
1216940 2683.0
1216950 2683.2
1216960 2683.5
1216970 2683.5
1216980 2683.1
1216990 2682.3
1217000 2682.3
1217010 2681.4
1217020 2679.2
1217030 2679.2
1217040 2675.1
1217050 2670.1
1217060 2670.1
1217070 2659.4
1217080 2654.6
1217090 2654.6
1217100 2649.3
1217110 2644.8
1217120 2641.4
1217130 2641.4
1217140 2637.6
1217150 2632.9
1217160 2632.9
1217170 2625.8
1217180 2618.3
1217190 2618.3
1217200 2611.0
1217210 2603.6
1217220 2603.6
1217230 2596.2
1217240 2589.0
1217250 2589.0
1217260 2581.8
1217270 2574.7
1217280 2574.7
1217290 2567.7
1217300 2561.1
1217310 2561.1
1217320 2554.9
1217330 2548.7
1217340 2542.3
1217350 2542.3
1217360 2535.6
1217370 2528.8
1217380 2528.8
1217390 2522.5
1217400 2517.3
1217410 2517.3
1217420 2512.5
1217430 2508.4
1217440 2508.4
1217450 2504.2
1217460 2499.4
1217470 2499.4
1217480 2493.2
1217490 2485.8
1217500 2485.8
1217510 2478.0
1217520 2470.4
1217530 2470.4
1217540 2462.4
1217550 2454.9
1217560 2447.4
1217570 2447.4
1217580 2440.4
1217590 2432.9
1217600 2432.9
1217610 2424.1
1217620 2416.1
1217630 2416.1
1217640 2409.1
1217650 2402.2
1217660 2402.2
1217670 2395.4
1217680 2387.9
1217690 2387.9
1217700 2380.1
1217710 2373.1
1217720 2373.1
1217730 2366.3
1217740 2359.8
1217750 2353.5
1217760 2353.5
1217770 2347.1
1217780 2340.8
1217790 2340.8
1217800 2334.8
1217810 2328.8
1217820 2328.8
1217830 2322.8
1217840 2318.3
1217850 2318.3
1217860 2314.5
1217870 2310.4
1217880 2310.4
1217890 2306.1
1217900 2302.1
1217910 2302.1
1217920 2298.4
1217930 2294.4
1217940 2294.4
1217950 2290.5
1217960 2287.1
1217970 2284.0
1217980 2284.0
1217990 2280.8
1218000 2277.8
1218010 2277.5
1218020 2275.2
1218030 2272.8
1218040 2272.8
1218050 2270.4
1218060 2270.1
1218070 2270.1
1218080 2271.7
1218090 2273.6
1218100 2273.6
1218110 2275.9
1218120 2279.4
1218130 2279.4
1218140 2284.3
1218150 2286.3
1218160 2286.3
1218170 2284.6
1218180 2280.2
1218190 2278.8
1218200 2278.8
1218210 2280.2
1218220 2282.7
1218230 2282.7
1218240 2285.0
1218250 2287.7
1218260 2287.7
1218270 2287.1
1218280 2277.8
1218290 2277.8
1218300 2273.1
1218310 2269.6
1218320 2269.6
1218330 2267.7
1218340 2264.4
1218350 2264.4
1218360 2261.0
1218370 2258.8
1218380 2255.6
1218390 2255.6
1218400 2252.7
1218410 2250.2
1218420 2250.2
1218430 2248.8
1218440 2247.5
1218450 2247.5
1218460 2246.2
1218470 2247.1
1218480 2247.1
1218490 2260.6
1218500 2264.7
1218510 2264.7
1218520 2270.5
1218530 2275.1
1218540 2275.1
1218550 2280.2
1218560 2285.2
1218570 2285.2
1218580 2291.3
1218590 2296.8
1218600 2301.4
1218610 2301.4
1218620 2306.3
1218630 2311.2
1218640 2311.2
1218650 2314.7
1218660 2321.6
1218670 2321.6
1218680 2331.3
1218690 2338.6
1218700 2338.6
1218710 2344.5
1218720 2347.9
1218730 2347.9
1218740 2348.4
1218750 2348.6
1218760 2348.6
1218770 2347.2
1218780 2342.0
1218790 2342.0
1218800 2342.8
1218810 2347.5
1218820 2351.3
1218830 2351.3
1218840 2354.7
1218850 2357.6
1218860 2357.6
1218870 2362.0
1218880 2370.3
1218890 2370.3
1218900 2384.8
1218910 2395.7
1218920 2395.7
1218930 2401.8
1218940 2407.2
1218950 2407.2
1218960 2415.4
1218970 2433.0
1218980 2433.0
1218990 2462.5
1219000 2481.6
1219010 2481.6
1219020 2483.4
1219030 2481.9
1219040 2481.7
1219050 2481.7
1219060 2487.3
1219070 2491.6
1219080 2491.6
1219090 2487.5
1219100 2489.3
1219110 2489.3
1219120 2491.3
1219130 2490.6
1219140 2490.6
1219150 2492.1
1219160 2499.2
1219170 2499.2
1219180 2501.5
1219190 2501.8
1219200 2501.8
1219210 2500.9
1219220 2499.5
1219230 2500.4
1219240 2500.4
1219250 2507.3
1219260 2523.8
1219270 2523.8
1219280 2544.3
1219290 2556.2
1219300 2556.2
1219310 2564.2
1219320 2571.7
1219330 2571.7
1219340 2582.4
1219350 2587.7
1219360 2587.7
1219370 2586.3
1219380 2575.6
1219390 2575.6
1219400 2564.8
1219410 2554.7
1219420 2554.7
1219430 2543.5
1219440 2526.6
1219450 2515.3
1219460 2515.3
1219470 2505.0
1219480 2495.1
1219490 2495.1
1219500 2486.3
1219510 2478.0
1219520 2478.0
1219530 2469.7
1219540 2461.6
1219550 2461.6
1219560 2453.8
1219570 2445.9
1219580 2445.9
1219590 2438.2
1219600 2430.9
1219610 2430.9
1219620 2423.2
1219630 2415.6
1219640 2415.6
1219650 2408.2
1219660 2401.7
1219670 2395.3
1219680 2395.3
1219690 2389.0
1219700 2383.5
1219710 2383.5
1219720 2376.8
1219730 2369.4
1219740 2369.4
1219750 2362.0
1219760 2355.5
1219770 2355.5
1219780 2348.1
1219790 2341.1
1219800 2341.1
1219810 2335.4
1219820 2330.3
1219830 2330.3
1219840 2325.8
1219850 2320.9
1219860 2320.9
1219870 2315.3
1219880 2306.2
1219890 2295.0
1219900 2295.0
1219910 2284.0
1219920 2274.7
1219930 2274.7
1219940 2267.9
1219950 2260.9
1219960 2260.9
1219970 2254.6
1219980 2248.3
1219990 2248.3
