1200000 2015.9
1200010 2015.9
1200020 2016.3
1200030 2016.6
1200040 2016.6
1200050 2017.3
1200060 2019.3
1200070 2019.3
1200080 2023.1
1200090 2027.4
1200100 2027.4
1200110 2031.8
1200120 2036.1
1200130 2036.1
1200140 2040.2
1200150 2043.9
1200160 2047.5
1200170 2047.5
1200180 2050.7
1200190 2049.0
1200200 2049.0
1200210 2052.5
1200220 2054.8
1200230 2054.8
1200240 2055.4
1200250 2055.5
1200260 2055.5
1200270 2056.9
1200280 2058.4
1200290 2058.4
1200300 2060.6
1200310 2063.8
1200320 2063.8
1200330 2066.9
1200340 2070.4
1200350 2070.4
1200360 2073.4
1200370 2075.7
1200380 2078.3
1200390 2078.3
1200400 2080.2
1200410 2081.2
1200420 2081.2
1200430 2081.6
1200440 2081.3
1200450 2081.3
1200460 2080.5
1200470 2079.3
1200480 2079.3
1200490 2078.9
1200500 2080.7
1200510 2080.7
1200520 2081.4
1200530 2082.7
1200540 2082.7
1200550 2082.6
1200560 2082.3
1200570 2082.3
1200580 2083.3
1200590 2085.3
1200600 2087.6
1200610 2087.6
1200620 2089.6
1200630 2086.6
1200640 2086.6
1200650 2087.8
1200660 2087.8
1200670 2087.8
1200680 2088.0
1200690 2087.2
1200700 2087.2
1200710 2086.1
1200720 2084.6
1200730 2084.6
1200740 2083.3
1200750 2082.7
1200760 2082.7
1200770 2081.9
1200780 2081.3
1200790 2081.8
1200800 2081.8
1200810 2084.3
1200820 2087.6
1200830 2087.6
1200840 2090.4
1200850 2093.1
1200860 2093.1
1200870 2095.4
1200880 2097.5
1200890 2097.5
1200900 2099.5
1200910 2101.1
1200920 2101.1
1200930 2102.8
1200940 2104.1
1200950 2104.1
1200960 2105.5
1200970 2107.6
1200980 2107.6
1200990 2110.6
1201000 2113.2
1201010 2115.4
1201020 2115.4
1201030 2117.6
1201040 2120.0
1201050 2120.0
1201060 2121.9
1201070 2123.2
1201080 2118.8
1201090 2120.1
1201100 2121.4
1201110 2121.4
1201120 2122.6
1201130 2123.9
1201140 2123.9
1201150 2123.8
1201160 2124.6
1201170 2124.6
1201180 2126.3
1201190 2128.5
1201200 2128.5
1201210 2130.6
1201220 2132.0
1201230 2133.8
1201240 2133.8
1201250 2135.7
1201260 2137.3
1201270 2137.3
1201280 2139.0
1201290 2139.9
1201300 2139.9
1201310 2141.0
1201320 2142.4
1201330 2142.4
1201340 2141.3
1201350 2141.8
1201360 2141.8
1201370 2142.6
1201380 2143.1
1201390 2143.1
1201400 2145.0
1201410 2149.1
1201420 2153.5
1201430 2153.5
1201440 2158.5
1201450 2161.9
1201460 2161.9
1201470 2164.2
1201480 2166.5
1201490 2166.5
1201500 2168.9
1201510 2171.1
1201520 2171.1
1201530 2172.4
1201540 2175.0
1201550 2175.0
1201560 2177.7
1201570 2180.9
1201580 2180.9
1201590 2185.1
1201600 2189.8
1201610 2189.8
1201620 2195.0
1201630 2200.4
1201640 2205.8
1201650 2205.8
1201660 2211.5
1201670 2217.9
1201680 2217.9
1201690 2224.7
1201700 2231.8
1201710 2231.8
1201720 2238.6
1201730 2244.4
1201740 2244.4
1201750 2250.0
1201760 2256.5
1201770 2256.5
1201780 2262.9
1201790 2268.9
1201800 2268.9
1201810 2275.0
1201820 2280.9
1201830 2280.9
1201840 2286.2
1201850 2291.5
1201860 2297.0
1201870 2297.0
1201880 2303.0
1201890 2309.4
1201900 2309.4
1201910 2315.3
1201920 2321.1
1201930 2321.1
1201940 2327.4
1201950 2333.7
1201960 2333.7
1201970 2341.8
1201980 2348.1
1201990 2348.1
1202000 2356.1
1202010 2365.4
1202020 2365.4
1202030 2376.6
1202040 2384.0
1202050 2384.0
1202060 2391.3
1202070 2399.7
1202080 2408.9
1202090 2408.9
1202100 2417.7
1202110 2427.1
1202120 2427.1
1202130 2438.6
1202140 2448.5
1202150 2448.5
1202160 2457.6
1202170 2465.9
1202180 2465.9
1202190 2475.1
1202200 2485.1
1202210 2485.1
1202220 2495.0
1202230 2508.2
1202240 2508.2
1202250 2521.5
1202260 2533.6
1202270 2546.5
1202280 2546.5
1202290 2560.9
1202300 2576.1
1202310 2576.1
1202320 2585.5
1202330 2590.4
1202340 2590.4
1202350 2594.7
1202360 2598.5
1202370 2598.5
1202380 2604.2
1202390 2612.1
1202400 2612.1
1202410 2620.1
1202420 2632.4
1202430 2632.4
1202440 2638.4
1202450 2643.5
1202460 2643.5
1202470 2652.5
1202480 2658.9
1202490 2662.5
1202500 2662.5
1202510 2664.8
1202520 2666.5
1202530 2666.5
1202540 2668.7
1202550 2672.3
1202560 2672.3
1202570 2676.6
1202580 2680.3
1202590 2680.3
1202600 2686.0
1202610 2696.0
1202620 2696.0
1202630 2705.2
1202640 2707.8
1202650 2707.8
1202660 2707.2
1202670 2709.2
1202680 2709.2
1202690 2714.4
1202700 2719.9
1202710 2725.4
1202720 2725.4
1202730 2730.1
1202740 2729.3
1202750 2729.3
1202760 2729.3
1202770 2727.6
1202780 2727.6
1202790 2729.4
1202800 2729.5
1202810 2729.5
1202820 2725.7
1202830 2724.9
1202840 2724.9
1202850 2729.0
1202860 2736.9
1202870 2715.6
1202880 2721.9
1202890 2735.1
1202900 2735.1
1202910 2745.2
1202920 2745.3
1202930 2748.1
1202940 2748.1
1202950 2751.7
1202960 2750.0
1202970 2750.0
1202980 2744.2
1202990 2738.8
1203000 2738.8
1203010 2734.2
1203020 2731.1
1203030 2731.1
1203040 2729.0
1203050 2726.0
1203060 2726.0
1203070 2721.7
1203080 2716.5
1203090 2716.5
1203100 2711.4
1203110 2707.6
1203120 2705.9
1203130 2705.9
1203140 2704.8
1203150 2703.3
1203160 2703.3
1203170 2702.6
1203180 2703.4
1203190 2703.4
1203200 2705.8
1203210 2708.9
1203220 2708.9
1203230 2713.0
1203240 2718.3
1203250 2718.3
1203260 2724.0
1203270 2729.9
1203280 2729.9
1203290 2736.2
1203300 2742.1
1203310 2742.1
1203320 2746.9
1203330 2752.4
1203340 2757.0
1203350 2757.0
1203360 2761.1
1203370 2768.0
1203380 2768.0
1203390 2775.1
1203400 2781.9
1203410 2781.9
1203420 2787.9
1203430 2793.7
1203440 2793.7
1203450 2799.7
1203460 2805.3
1203470 2805.3
1203480 2814.6
1203490 2833.9
1203500 2833.9
1203510 2853.3
1203520 2865.2
1203530 2865.2
1203540 2876.0
1203550 2886.4
1203560 2893.2
1203570 2893.2
1203580 2898.6
1203590 2904.1
1203600 2904.1
1203610 2909.6
1203620 2915.4
1203630 2915.4
1203640 2924.0
1203650 2932.7
1203660 2932.7
1203670 2941.5
1203680 2953.0
1203690 2953.0
1203700 2970.6
1203710 3000.8
1203720 3000.8
1203730 3015.0
1203740 3032.1
1203750 3032.1
1203760 3038.1
1203770 3043.2
1203780 3032.3
1203790 3032.3
1203800 3015.9
1203810 3005.6
1203820 3005.6
1203830 2995.9
1203840 2984.4
1203850 2984.4
1203860 2972.7
1203870 2961.7
1203880 2961.7
1203890 2952.2
1203900 2945.4
1203910 2945.4
1203920 2947.4
1203930 2943.2
1203940 2943.2
1203950 2944.6
1203960 2951.2
1203970 2958.5
1203980 2958.5
1203990 2961.3
1204000 2961.3
1204010 2961.3
1204020 2961.3
1204030 2963.5
1204040 2963.5
1204050 2966.4
1204060 2966.0
1204070 2966.0
1204080 2962.6
1204090 2958.7
1204100 2958.7
1204110 2954.6
1204120 2950.6
1204130 2950.6
1204140 2947.3
1204150 2945.5
1204160 2945.5
1204170 2945.7
1204180 2947.4
1204190 2949.2
1204200 2949.2
1204210 2949.9
1204220 2944.0
1204230 2944.0
1204240 2946.8
1204250 2941.2
1204260 2941.2
1204270 2933.8
1204280 2929.2
1204290 2929.2
1204300 2924.1
1204310 2918.9
1204320 2918.9
1204330 2914.6
1204340 2910.8
1204350 2910.8
1204360 2908.4
1204370 2909.4
1204380 2909.4
1204390 2913.5
1204400 2918.4
1204410 2922.1
1204420 2922.1
1204430 2926.3
1204440 2931.2
1204450 2931.2
1204460 2937.3
1204470 2947.9
1204480 2947.9
1204490 2968.3
1204500 2984.7
1204510 2984.7
1204520 2997.0
1204530 3007.3
1204540 3007.3
1204550 3015.4
1204560 3021.7
1204570 3021.7
1204580 3017.2
1204590 3008.5
1204600 3008.5
1204610 3002.6
1204620 2995.2
1204630 2985.9
1204640 2985.9
1204650 2981.4
1204660 2971.2
1204670 2971.2
1204680 2951.9
1204690 2941.0
1204700 2941.0
1204710 2934.8
1204720 2929.5
1204730 2929.5
1204740 2925.3
1204750 2921.9
1204760 2921.9
1204770 2919.5
1204780 2916.2
1204790 2916.2
1204800 2911.2
1204810 2904.9
1204820 2892.9
1204830 2892.9
1204840 2874.5
1204850 2869.5
1204860 2869.5
1204870 2867.3
1204880 2865.0
1204890 2865.0
1204900 2862.7
1204910 2860.4
1204920 2860.4
1204930 2857.3
1204940 2853.9
1204950 2853.9
1204960 2850.7
1204970 2848.5
1204980 2848.5
1204990 2847.7
1205000 2847.1
1205010 2847.1
1205020 2845.5
1205030 2843.7
1205040 2842.3
1205050 2842.3
1205060 2841.6
1205070 2839.9
1205080 2839.9
1205090 2839.5
1205100 2839.2
1205110 2839.2
1205120 2839.1
1205130 2834.5
1205140 2834.5
1205150 2840.4
1205160 2841.5
1205170 2841.5
1205180 2845.8
1205190 2854.5
1205200 2854.5
1205210 2861.2
1205220 2861.8
1205230 2861.8
1205240 2859.8
1205250 2853.9
1205260 2849.5
1205270 2849.5
1205280 2845.4
1205290 2841.3
1205300 2841.3
1205310 2838.1
1205320 2834.6
1205330 2834.6
1205340 2830.7
1205350 2825.2
1205360 2825.2
1205370 2817.1
1205380 2806.0
1205390 2806.0
1205400 2798.1
1205410 2792.0
1205420 2792.0
1205430 2785.0
1205440 2777.5
1205450 2777.5
1205460 2770.0
1205470 2767.2
1205480 2763.8
1205490 2763.8
1205500 2758.4
1205510 2752.6
1205520 2752.6
1205530 2746.9
1205540 2742.0
1205550 2742.0
1205560 2738.2
1205570 2736.4
1205580 2731.8
1205590 2729.7
1205600 2727.2
1205610 2727.2
1205620 2725.4
1205630 2723.5
1205640 2723.5
1205650 2720.9
1205660 2718.4
1205670 2715.4
1205680 2715.4
1205690 2712.8
1205700 2711.1
1205710 2711.1
1205720 2709.2
1205730 2707.4
1205740 2707.4
1205750 2705.3
1205760 2704.5
1205770 2704.5
1205780 2704.3
1205790 2705.0
1205800 2705.0
1205810 2706.7
1205820 2708.1
1205830 2708.1
1205840 2708.4
1205850 2708.3
1205860 2708.3
1205870 2707.9
1205880 2707.3
1205890 2706.7
1205900 2706.7
1205910 2706.4
1205920 2706.0
1205930 2706.0
1205940 2705.7
1205950 2706.1
1205960 2706.1
1205970 2706.8
1205980 2707.3
1205990 2707.3
1206000 2707.9
1206010 2707.9
1206020 2707.9
1206030 2707.8
1206040 2701.0
1206050 2701.0
1206060 2700.0
1206070 2699.0
1206080 2699.0
1206090 2700.8
1206100 2704.5
1206110 2705.9
1206120 2705.9
1206130 2708.9
1206140 2713.4
1206150 2713.4
1206160 2717.6
1206170 2722.0
1206180 2722.0
1206190 2725.5
1206200 2728.5
1206210 2728.5
1206220 2729.0
1206230 2730.6
1206240 2730.6
1206250 2733.2
1206260 2734.7
1206270 2734.7
1206280 2740.4
1206290 2747.8
1206300 2756.3
1206310 2756.3
1206320 2763.3
1206330 2766.8
1206340 2766.8
1206350 2769.2
1206360 2774.2
1206370 2774.2
1206380 2773.9
1206390 2770.2
1206400 2770.2
1206410 2771.9
1206420 2777.4
1206430 2777.4
1206440 2781.0
1206450 2782.7
1206460 2782.7
1206470 2783.6
1206480 2785.1
1206490 2778.6
1206500 2778.8
1206510 2777.8
1206520 2778.1
1206530 2778.1
1206540 2780.3
1206550 2781.2
1206560 2781.2
1206570 2780.9
1206580 2780.3
1206590 2780.3
1206600 2779.6
1206610 2778.2
1206620 2778.2
1206630 2776.6
1206640 2774.7
1206650 2774.7
1206660 2771.3
1206670 2768.0
1206680 2768.0
1206690 2763.3
1206700 2759.1
1206710 2759.1
1206720 2754.6
1206730 2751.2
1206740 2747.8
1206750 2747.8
1206760 2744.6
1206770 2741.6
1206780 2741.6
1206790 2740.0
1206800 2739.1
1206810 2739.1
1206820 2737.6
1206830 2736.0
1206840 2736.0
1206850 2734.2
1206860 2732.2
1206870 2732.2
1206880 2730.2
1206890 2728.6
1206900 2728.6
1206910 2726.7
1206920 2724.6
1206930 2724.6
1206940 2723.7
1206950 2716.8
1206960 2718.3
1206970 2718.3
1206980 2718.6
1206990 2719.3
1207000 2719.3
1207010 2719.9
1207020 2718.6
1207030 2718.6
1207040 2717.8
1207050 2715.1
1207060 2715.1
1207070 2709.4
1207080 2706.2
1207090 2706.2
1207100 2703.3
1207110 2707.3
1207120 2707.3
1207130 2709.9
1207140 2713.7
1207150 2716.9
1207160 2716.9
1207170 2715.3
1207180 2707.9
1207190 2707.9
1207200 2694.0
1207210 2680.4
1207220 2680.4
1207230 2669.5
1207240 2660.3
1207250 2660.3
1207260 2654.2
1207270 2649.0
1207280 2649.0
1207290 2645.9
1207300 2641.8
1207310 2641.8
1207320 2637.0
1207330 2634.2
1207340 2634.2
1207350 2637.7
1207360 2636.6
1207370 2631.1
1207380 2631.1
1207390 2622.7
1207400 2608.6
1207410 2610.6
1207420 2601.0
1207430 2593.7
1207440 2593.7
1207450 2585.9
1207460 2574.5
1207470 2574.5
1207480 2563.9
1207490 2554.0
1207500 2554.0
1207510 2542.9
1207520 2532.1
1207530 2532.1
1207540 2521.0
1207550 2510.0
1207560 2510.0
1207570 2500.0
1207580 2492.7
1207590 2485.5
1207600 2485.5
1207610 2478.6
1207620 2472.6
1207630 2472.6
1207640 2468.0
1207650 2464.0
1207660 2464.0
1207670 2458.6
1207680 2454.0
1207690 2454.0
1207700 2451.5
1207710 2450.9
1207720 2450.9
1207730 2449.3
1207740 2448.9
1207750 2448.9
1207760 2446.5
1207770 2442.4
1207780 2442.4
1207790 2435.1
1207800 2426.9
1207810 2420.6
1207820 2420.6
1207830 2415.5
1207840 2410.4
1207850 2410.4
1207860 2405.1
1207870 2399.5
1207880 2399.5
1207890 2389.4
1207900 2378.9
1207910 2378.9
1207920 2369.7
1207930 2360.2
1207940 2360.2
1207950 2351.0
1207960 2341.6
1207970 2341.6
1207980 2333.5
1207990 2326.1
1208000 2318.2
1208010 2318.2
1208020 2300.4
1208030 2287.5
1208040 2287.5
1208050 2273.1
1208060 2260.7
1208070 2260.7
1208080 2249.6
1208090 2242.0
1208100 2242.0
1208110 2235.0
1208120 2227.4
1208130 2227.4
1208140 2219.2
1208150 2214.6
1208160 2214.6
1208170 2211.7
1208180 2209.5
1208190 2209.5
1208200 2206.3
1208210 2202.5
1208220 2197.6
1208230 2197.6
1208240 2190.3
1208250 2182.6
1208260 2182.6
1208270 2176.6
1208280 2171.7
1208290 2171.7
1208300 2167.0
1208310 2162.9
1208320 2167.3
1208330 2162.3
1208340 2157.8
1208350 2157.8
1208360 2151.9
1208370 2142.4
1208380 2142.4
1208390 2131.4
1208400 2111.1
1208410 2111.1
1208420 2094.7
1208430 2085.7
1208440 2078.4
1208450 2078.4
1208460 2070.6
1208470 2061.6
1208480 2061.6
1208490 2051.4
1208500 2039.8
1208510 2039.8
1208520 2028.2
1208530 2016.3
1208540 2016.3
1208550 2005.0
1208560 1993.0
1208570 1993.0
1208580 1977.6
1208590 1960.5
1208600 1960.5
1208610 1949.9
1208620 1941.5
1208630 1941.5
1208640 1934.1
1208650 1926.9
1208660 1919.8
1208670 1919.8
1208680 1912.7
1208690 1906.2
1208700 1906.2
1208710 1898.6
1208720 1890.4
1208730 1890.4
1208740 1882.5
1208750 1873.9
1208760 1873.9
1208770 1863.8
1208780 1850.8
1208790 1850.8
1208800 1840.4
1208810 1830.6
1208820 1830.6
1208830 1822.3
1208840 1812.8
1208850 1802.9
1208860 1802.9
1208870 1788.4
1208880 1767.3
1208890 1767.3
1208900 1743.1
1208910 1722.0
1208920 1722.0
1208930 1715.1
1208940 1715.7
1208950 1715.7
1208960 1716.6
1208970 1718.2
1208980 1718.2
1208990 1720.5
1209000 1710.4
1209010 1710.4
1209020 1692.7
1209030 1681.5
1209040 1681.5
1209050 1672.3
1209060 1662.7
1209070 1648.6
1209080 1648.6
1209090 1624.6
1209100 1611.4
1209110 1611.4
1209120 1601.6
1209130 1588.5
1209140 1588.5
1209150 1577.2
1209160 1567.8
1209170 1567.8
1209180 1559.2
1209190 1551.5
1209200 1551.5
1209210 1544.0
1209220 1535.8
1209230 1535.8
1209240 1527.6
1209250 1519.5
1209260 1519.5
1209270 1511.9
1209280 1504.3
1209290 1497.3
1209300 1497.3
1209310 1492.1
1209320 1489.9
1209330 1489.9
1209340 1487.0
1209350 1483.3
1209360 1483.3
1209370 1479.5
1209380 1474.5
1209390 1474.5
1209400 1467.6
1209410 1463.6
1209420 1463.6
1209430 1461.6
1209440 1461.6
1209450 1461.6
1209460 1461.8
1209470 1462.1
1209480 1462.6
1209490 1462.6
1209500 1462.8
1209510 1462.8
1209520 1462.8
1209530 1462.6
1209540 1462.5
1209550 1462.5
1209560 1462.6
1209570 1462.5
1209580 1462.5
1209590 1462.3
1209600 1461.9
1209610 1461.9
1209620 1460.5
1209630 1461.4
1209640 1461.4
1209650 1461.5
1209660 1461.4
1209670 1461.4
1209680 1461.3
1209690 1461.1
1209700 1461.5
1209710 1461.5
1209720 1461.7
1209730 1461.9
1209740 1461.9
1209750 1462.4
1209760 1464.0
1209770 1464.0
1209780 1467.2
1209790 1471.6
1209800 1471.6
1209810 1476.6
1209820 1482.1
1209830 1482.1
1209840 1487.9
1209850 1493.8
1209860 1493.8
1209870 1499.7
1209880 1505.8
1209890 1505.8
1209900 1511.7
1209910 1517.8
1209920 1524.0
1209930 1524.0
1209940 1530.7
1209950 1537.6
1209960 1537.6
1209970 1544.4
1209980 1551.0
1209990 1551.0
1210000 1557.7
1210010 1564.4
1210020 1564.4
1210030 1570.9
1210040 1577.0
1210050 1577.0
1210060 1581.9
1210070 1588.6
1210080 1588.6
1210090 1597.8
1210100 1607.0
1210110 1607.0
1210120 1619.3
1210130 1630.2
1210140 1640.5
1210150 1640.5
1210160 1640.7
1210170 1653.0
1210180 1653.0
1210190 1661.0
1210200 1667.5
1210210 1667.5
1210220 1676.5
1210230 1688.7
1210240 1688.7
1210250 1699.9
1210260 1711.7
1210270 1711.7
1210280 1722.4
1210290 1737.2
1210300 1737.2
1210310 1751.3
1210320 1770.9
1210330 1793.6
1210340 1793.6
1210350 1812.9
1210360 1829.8
1210370 1829.8
1210380 1844.7
1210390 1855.2
1210400 1855.2
1210410 1863.7
1210420 1871.8
1210430 1871.8
1210440 1880.1
1210450 1888.0
1210460 1888.0
1210470 1898.0
1210480 1912.8
1210490 1912.8
1210500 1925.6
1210510 1932.2
1210520 1932.2
1210530 1938.7
1210540 1946.6
1210550 1960.3
1210560 1960.3
1210570 1970.6
1210580 1973.6
1210590 1973.6
1210600 1974.0
1210610 1978.4
1210620 1984.4
1210630 1990.1
1210640 2001.2
1210650 2001.2
1210660 2021.2
1210670 2047.0
1210680 2047.0
1210690 2072.2
1210700 2086.0
1210710 2086.0
1210720 2099.6
1210730 2114.7
1210740 2114.7
1210750 2123.8
1210760 2126.8
1210770 2130.8
1210780 2130.8
1210790 2137.4
1210800 2141.6
1210810 2141.6
1210820 2142.9
1210830 2144.2
1210840 2144.2
1210850 2147.5
1210860 2149.5
1210870 2149.5
1210880 2150.1
1210890 2153.0
1210900 2153.0
1210910 2159.5
1210920 2165.9
1210930 2165.9
1210940 2171.1
1210950 2177.6
1210960 2177.6
1210970 2184.0
1210980 2188.5
1210990 2191.8
1211000 2191.8
1211010 2193.9
1211020 2195.7
1211030 2195.7
1211040 2197.4
1211050 2201.7
1211060 2201.7
1211070 2206.4
1211080 2210.6
1211090 2217.2
1211100 2222.4
1211110 2225.2
1211120 2225.2
1211130 2227.4
1211140 2231.4
1211150 2231.4
1211160 2236.4
1211170 2241.0
1211180 2246.7
1211190 2246.7
1211200 2253.6
1211210 2258.8
1211220 2258.8
1211230 2264.1
1211240 2272.9
1211250 2272.9
1211260 2283.8
1211270 2291.1
1211280 2291.1
1211290 2296.8
1211300 2301.3
1211310 2301.3
1211320 2306.6
1211330 2313.3
1211340 2313.3
1211350 2318.8
1211360 2323.8
1211370 2323.8
1211380 2329.5
1211390 2335.1
1211400 2341.4
1211410 2341.4
1211420 2346.0
1211430 2349.5
1211440 2349.5
1211450 2355.6
1211460 2363.9
1211470 2363.9
1211480 2373.9
1211490 2386.5
1211500 2386.5
1211510 2397.4
1211520 2409.8
1211530 2409.8
1211540 2423.2
1211550 2433.3
1211560 2433.3
1211570 2441.7
1211580 2449.7
1211590 2449.7
1211600 2456.4
1211610 2462.3
1211620 2467.3
1211630 2467.3
1211640 2472.1
1211650 2476.0
1211660 2476.0
1211670 2478.5
1211680 2479.3
1211690 2479.3
1211700 2477.9
1211710 2475.3
1211720 2475.3
1211730 2470.5
1211740 2455.4
1211750 2455.4
1211760 2439.4
1211770 2429.2
1211780 2429.2
1211790 2426.4
1211800 2425.2
1211810 2425.2
1211820 2424.6
1211830 2422.8
1211840 2419.7
1211850 2419.7
1211860 2414.6
1211870 2411.2
1211880 2411.2
1211890 2409.7
1211900 2408.9
1211910 2408.9
1211920 2406.5
1211930 2403.6
1211940 2403.6
1211950 2401.7
1211960 2400.4
1211970 2400.4
1211980 2398.3
1211990 2396.1
1212000 2396.1
1212010 2389.1
1212020 2388.1
1212030 2387.1
1212040 2387.1
1212050 2386.4
1212060 2386.2
1212070 2386.2
1212080 2386.7
1212090 2386.7
1212100 2386.7
1212110 2388.0
1212120 2389.4
1212130 2389.4
1212140 2392.0
1212150 2399.4
1212160 2399.4
1212170 2408.0
1212180 2418.7
1212190 2418.7
1212200 2429.2
1212210 2438.7
1212220 2438.7
1212230 2445.2
1212240 2449.5
1212250 2452.5
1212260 2452.5
1212270 2456.0
1212280 2460.2
1212290 2460.2
1212300 2464.7
1212310 2469.4
1212320 2469.4
1212330 2473.8
1212340 2478.1
1212350 2478.1
1212360 2480.7
1212370 2480.3
1212380 2480.3
1212390 2477.7
1212400 2473.9
1212410 2473.9
1212420 2469.5
1212430 2465.0
1212440 2465.0
1212450 2461.0
1212460 2458.5
1212470 2456.2
1212480 2453.4
1212490 2451.7
1212500 2452.5
1212510 2452.5
1212520 2454.1
1212530 2452.3
1212540 2452.3
1212550 2449.6
1212560 2448.9
1212570 2448.9
1212580 2448.8
1212590 2447.9
1212600 2447.9
1212610 2446.0
1212620 2444.8
1212630 2444.8
1212640 2443.9
1212650 2443.7
1212660 2443.7
1212670 2445.1
1212680 2448.7
1212690 2451.9
1212700 2451.9
1212710 2454.2
1212720 2456.5
1212730 2456.5
1212740 2459.7
1212750 2463.3
1212760 2463.3
1212770 2466.5
1212780 2469.2
1212790 2469.2
1212800 2471.7
1212810 2474.4
1212820 2474.4
1212830 2477.3
1212840 2480.8
1212850 2480.8
1212860 2484.5
1212870 2488.6
1212880 2492.5
1212890 2492.5
1212900 2497.0
1212910 2502.2
1212920 2502.2
1212930 2507.5
1212940 2512.7
1212950 2511.7
1212960 2516.7
1212970 2521.8
1212980 2521.8
1212990 2527.1
1213000 2531.0
1213010 2531.0
1213020 2532.8
1213030 2533.7
1213040 2533.7
1213050 2532.3
1213060 2531.4
1213070 2531.4
1213080 2531.2
1213090 2528.8
1213100 2527.0
1213110 2527.0
1213120 2525.0
1213130 2522.9
1213140 2522.9
1213150 2521.0
1213160 2519.1
1213170 2519.1
1213180 2517.9
1213190 2518.7
1213200 2518.7
1213210 2522.8
1213220 2528.1
1213230 2528.1
1213240 2533.4
1213250 2537.4
1213260 2537.4
1213270 2540.4
1213280 2543.7
1213290 2543.7
1213300 2546.5
1213310 2546.8
1213320 2547.7
1213330 2547.7
1213340 2548.1
1213350 2547.2
1213360 2547.2
1213370 2547.1
1213380 2547.9
1213390 2547.9
1213400 2548.7
1213410 2553.2
1213420 2553.2
1213430 2557.4
1213440 2562.4
1213450 2562.4
1213460 2568.6
1213470 2575.8
1213480 2575.8
1213490 2583.0
1213500 2594.6
1213510 2606.9
1213520 2606.9
1213530 2613.4
1213540 2616.4
1213550 2616.4
1213560 2617.9
1213570 2618.3
1213580 2618.3
1213590 2618.1
1213600 2621.4
1213610 2621.4
1213620 2626.7
1213630 2630.8
1213640 2630.8
1213650 2633.5
1213660 2636.8
1213670 2636.8
1213680 2639.4
1213690 2642.8
1213700 2642.8
1213710 2646.4
1213720 2649.6
1213730 2652.8
1213740 2652.8
1213750 2655.8
1213760 2659.0
1213770 2659.0
1213780 2662.2
1213790 2665.2
1213800 2665.2
1213810 2667.9
1213820 2670.7
1213830 2670.7
1213840 2673.4
1213850 2675.9
1213860 2675.9
1213870 2678.3
1213880 2682.0
1213890 2682.0
1213900 2684.4
1213910 2686.6
1213920 2686.6
1213930 2687.8
1213940 2687.2
1213950 2688.2
1213960 2688.2
1213970 2692.8
1213980 2698.1
1213990 2698.1
1214000 2702.5
1214010 2706.4
1214020 2706.4
1214030 2710.0
1214040 2713.3
1214050 2713.3
1214060 2716.5
1214070 2719.9
1214080 2719.9
1214090 2723.0
1214100 2725.7
1214110 2725.7
1214120 2726.8
1214130 2728.4
1214140 2728.4
1214150 2731.9
1214160 2737.5
1214170 2742.6
1214180 2742.6
1214190 2746.6
1214200 2750.7
1214210 2750.7
1214220 2754.3
1214230 2757.7
1214240 2757.7
1214250 2759.7
1214260 2763.5
1214270 2763.5
1214280 2768.3
1214290 2772.8
1214300 2772.8
1214310 2778.1
1214320 2783.1
1214330 2783.1
1214340 2787.5
1214350 2796.8
1214360 2801.5
1214370 2801.5
1214380 2806.9
1214390 2812.7
1214400 2812.7
1214410 2818.4
1214420 2825.2
1214430 2825.2
1214440 2833.3
1214450 2841.4
1214460 2841.4
1214470 2846.8
1214480 2855.8
1214490 2855.8
1214500 2863.6
1214510 2868.6
1214520 2868.6
1214530 2870.1
1214540 2871.5
1214550 2871.5
1214560 2874.5
1214570 2877.5
1214580 2881.3
1214590 2881.3
1214600 2887.9
1214610 2892.5
1214620 2892.5
1214630 2897.0
1214640 2900.0
1214650 2900.0
1214660 2901.9
1214670 2902.5
1214680 2902.5
1214690 2902.0
1214700 2899.5
1214710 2899.5
1214720 2897.2
1214730 2892.6
1214740 2892.6
1214750 2889.3
1214760 2887.6
1214770 2887.6
1214780 2886.6
1214790 2885.6
1214800 2887.7
1214810 2887.7
1214820 2898.1
1214830 2900.3
1214840 2900.3
1214850 2903.1
1214860 2905.2
1214870 2905.2
1214880 2908.4
1214890 2911.6
1214900 2911.6
1214910 2914.3
1214920 2918.1
1214930 2918.1
1214940 2921.0
1214950 2923.8
1214960 2923.8
1214970 2925.4
1214980 2927.3
1214990 2927.3
1215000 2932.0
1215010 2937.0
1215020 2942.4
1215030 2942.4
1215040 2949.6
1215050 2957.0
1215060 2957.0
1215070 2960.3
1215080 2967.0
1215090 2967.0
1215100 2975.3
1215110 2982.5
1215120 2982.5
1215130 2988.3
1215140 2990.7
1215150 2990.7
1215160 2992.7
1215170 2998.1
1215180 2998.1
1215190 3004.7
1215200 3011.5
1215210 3021.5
1215220 3021.5
1215230 3029.2
1215240 3030.5
1215250 3030.5
1215260 3023.4
1215270 3016.9
1215280 3016.9
1215290 3003.1
1215300 2995.1
1215310 2995.1
1215320 2988.0
1215330 2980.7
1215340 2980.7
1215350 2973.0
1215360 2964.4
1215370 2964.4
1215380 2955.1
1215390 2945.9
1215400 2945.9
1215410 2939.1
1215420 2935.4
1215430 2933.7
1215440 2933.7
1215450 2929.8
1215460 2925.4
1215470 2925.4
1215480 2922.4
1215490 2914.3
1215500 2914.3
1215510 2905.7
1215520 2900.6
1215530 2900.6
1215540 2897.2
1215550 2889.8
1215560 2889.8
1215570 2879.8
1215580 2872.2
1215590 2872.2
1215600 2868.9
1215610 2864.8
1215620 2864.8
1215630 2859.6
1215640 2853.5
1215650 2847.6
1215660 2847.6
1215670 2842.6
1215680 2837.3
1215690 2837.3
1215700 2832.2
1215710 2827.2
1215720 2827.2
1215730 2822.7
1215740 2819.1
1215750 2819.1
1215760 2813.0
1215770 2811.1
1215780 2811.1
1215790 2810.0
1215800 2811.6
1215810 2811.6
1215820 2813.2
1215830 2813.4
1215840 2815.7
1215850 2815.7
1215860 2816.5
1215870 2816.1
1215880 2816.1
1215890 2816.1
1215900 2815.9
1215910 2815.9
1215920 2815.1
1215930 2814.5
1215940 2814.5
1215950 2812.9
1215960 2811.6
1215970 2811.6
1215980 2809.4
1215990 2806.7
1216000 2806.7
1216010 2804.1
1216020 2801.8
1216030 2801.8
1216040 2799.0
1216050 2797.1
1216060 2795.9
1216070 2795.9
1216080 2794.3
1216090 2791.5
1216100 2791.5
1216110 2787.5
1216120 2782.9
1216130 2782.9
1216140 2778.8
1216150 2775.7
1216160 2775.7
1216170 2772.3
1216180 2768.7
1216190 2768.7
1216200 2765.2
1216210 2762.4
1216220 2762.4
1216230 2757.2
1216240 2755.1
1216250 2755.1
1216260 2752.5
1216270 2750.0
1216280 2747.1
1216290 2747.1
1216300 2743.2
1216310 2738.6
1216320 2738.6
1216330 2735.1
1216340 2731.3
1216350 2731.3
1216360 2726.4
1216370 2720.9
1216380 2720.9
1216390 2714.9
1216400 2710.3
1216410 2710.3
1216420 2706.9
1216430 2703.6
1216440 2703.6
1216450 2700.3
1216460 2697.2
1216470 2697.2
1216480 2694.3
1216490 2692.2
1216500 2690.5
1216510 2690.5
1216520 2688.4
1216530 2686.0
1216540 2686.0
1216550 2683.3
1216560 2680.1
1216570 2680.1
1216580 2676.9
1216590 2674.6
1216600 2674.6
1216610 2673.7
1216620 2672.8
1216630 2672.8
1216640 2672.1
1216650 2672.2
1216660 2672.2
1216670 2671.1
1216680 2668.4
1216690 2665.0
1216700 2665.5
1216710 2662.5
1216720 2659.3
1216730 2659.3
1216740 2657.2
1216750 2655.1
1216760 2655.1
1216770 2655.0
1216780 2655.7
1216790 2655.7
1216800 2657.1
1216810 2658.8
1216820 2658.8
1216830 2660.9
1216840 2662.3
1216850 2662.3
1216860 2662.9
1216870 2662.4
1216880 2662.4
1216890 2661.4
1216900 2661.9
1216910 2663.3
1216920 2663.3
1216930 2664.8
1216940 2667.2
1216950 2667.2
1216960 2669.4
1216970 2668.8
1216980 2668.8
1216990 2666.8
1217000 2665.0
1217010 2665.0
1217020 2662.1
1217030 2657.7
1217040 2657.7
1217050 2653.4
1217060 2650.4
1217070 2650.4
1217080 2647.5
1217090 2642.8
1217100 2642.8
1217110 2636.1
1217120 2628.8
1217130 2621.6
1217140 2621.6
1217150 2613.6
1217160 2606.3
1217170 2606.3
1217180 2599.7
1217190 2592.1
1217200 2592.1
1217210 2585.4
1217220 2579.3
1217230 2579.3
1217240 2573.7
1217250 2568.2
1217260 2568.2
1217270 2563.1
1217280 2558.6
1217290 2558.6
1217300 2554.6
1217310 2547.6
1217320 2547.6
1217330 2541.4
1217340 2537.0
1217350 2533.0
1217360 2533.0
1217370 2529.1
1217380 2522.2
1217390 2522.2
1217400 2512.6
1217410 2502.9
1217420 2502.9
1217430 2493.7
1217440 2485.3
1217450 2485.3
1217460 2477.2
1217470 2466.7
1217480 2466.7
1217490 2455.3
1217500 2433.4
1217510 2433.4
1217520 2421.0
1217530 2409.1
1217540 2401.2
1217550 2401.2
1217560 2394.2
1217570 2391.9
1217580 2391.9
1217590 2390.6
1217600 2388.6
1217610 2388.6
1217620 2386.0
1217630 2382.7
1217640 2382.7
1217650 2374.9
1217660 2372.2
1217670 2372.2
1217680 2369.1
1217690 2365.7
1217700 2365.7
1217710 2361.8
1217720 2357.8
1217730 2357.8
1217740 2353.6
1217750 2349.4
1217760 2345.6
1217770 2345.6
1217780 2341.6
1217790 2337.2
1217800 2337.2
1217810 2333.3
1217820 2329.4
1217830 2329.4
1217840 2326.0
1217850 2322.2
1217860 2322.2
1217870 2318.4
1217880 2314.9
1217890 2314.9
1217900 2312.1
1217910 2309.7
1217920 2309.7
1217930 2307.8
1217940 2305.6
1217950 2305.6
1217960 2303.0
1217970 2301.1
1217980 2299.7
1217990 2299.7
1218000 2298.2
1218010 2297.1
1218020 2297.1
1218030 2296.0
1218040 2295.4
1218050 2295.4
1218060 2296.8
1218070 2298.7
1218080 2298.7
1218090 2301.3
1218100 2303.3
1218110 2303.3
1218120 2307.9
1218130 2310.9
1218140 2310.9
1218150 2315.1
1218160 2319.1
1218170 2323.1
1218180 2323.1
1218190 2327.5
1218200 2332.1
1218210 2332.1
1218220 2337.0
1218230 2342.0
1218240 2342.0
1218250 2347.2
1218260 2352.2
1218270 2352.2
1218280 2357.2
1218290 2362.6
1218300 2362.6
1218310 2368.2
1218320 2374.0
1218330 2374.0
1218340 2379.8
1218350 2385.8
1218360 2385.8
1218370 2392.0
1218380 2398.3
1218390 2405.2
1218400 2405.2
1218410 2412.5
1218420 2420.3
1218430 2420.3
1218440 2428.7
1218450 2437.2
1218460 2437.2
1218470 2445.5
1218480 2453.8
1218490 2453.8
1218500 2462.7
1218510 2472.1
1218520 2472.1
1218530 2485.4
1218540 2503.6
1218550 2503.6
1218560 2518.9
1218570 2537.8
1218580 2537.8
1218590 2550.7
1218600 2559.0
1218610 2567.8
1218620 2567.8
1218630 2574.3
1218640 2583.6
1218650 2583.6
1218660 2593.1
1218670 2602.8
1218680 2602.8
1218690 2611.3
1218700 2615.6
1218710 2615.6
1218720 2619.7
1218730 2625.0
1218740 2625.0
1218750 2630.6
1218760 2637.1
1218770 2637.1
1218780 2644.6
1218790 2651.4
1218800 2651.4
1218810 2657.2
1218820 2661.8
1218830 2664.5
1218840 2664.5
1218850 2664.7
1218860 2663.5
1218870 2663.5
1218880 2665.2
1218890 2665.5
1218900 2665.5
1218910 2667.1
1218920 2671.6
1218930 2671.6
1218940 2676.1
1218950 2679.3
1218960 2679.3
1218970 2679.8
1218980 2677.5
1218990 2677.5
1219000 2672.4
1219010 2664.1
1219020 2660.0
1219030 2660.0
1219040 2662.2
1219050 2664.3
1219060 2664.3
1219070 2667.7
1219080 2674.9
1219090 2674.9
1219100 2666.5
1219110 2658.5
1219120 2658.5
1219130 2650.4
1219140 2642.2
1219150 2642.2
1219160 2632.3
1219170 2621.7
1219180 2621.7
1219190 2610.8
1219200 2600.1
1219210 2600.1
1219220 2590.5
1219230 2581.9
1219240 2574.0
1219250 2574.0
1219260 2566.3
1219270 2558.3
1219280 2558.3
1219290 2550.0
1219300 2542.1
1219310 2542.1
1219320 2534.1
1219330 2525.4
1219340 2525.4
1219350 2517.5
1219360 2510.5
1219370 2510.5
1219380 2503.3
1219390 2496.0
1219400 2496.0
1219410 2487.5
1219420 2479.3
1219430 2479.3
1219440 2472.3
1219450 2466.3
1219460 2460.3
1219470 2460.3
1219480 2453.9
1219490 2447.5
1219500 2447.5
1219510 2441.2
1219520 2434.9
1219530 2434.9
1219540 2428.8
1219550 2421.1
1219560 2421.1
1219570 2414.3
1219580 2407.9
1219590 2407.9
1219600 2402.0
1219610 2396.3
1219620 2396.3
1219630 2387.8
1219640 2379.6
1219650 2379.6
1219660 2373.8
1219670 2368.4
1219680 2363.0
1219690 2363.0
1219700 2357.8
1219710 2352.6
1219720 2352.6
1219730 2347.5
1219740 2342.5
1219750 2342.5
1219760 2337.5
1219770 2332.5
1219780 2332.5
1219790 2327.5
1219800 2322.7
1219810 2322.7
1219820 2317.9
1219830 2313.1
1219840 2313.1
1219850 2308.5
1219860 2303.5
1219870 2297.5
1219880 2297.5
1219890 2291.0
1219900 2285.0
1219910 2285.0
1219920 2277.5
1219930 2271.0
1219940 2271.0
1219950 2265.8
1219960 2260.0
1219970 2260.0
1219980 2253.5
1219990 2246.9
