1200000 2253.6
1200010 2258.3
1200020 2263.6
1200030 2263.6
1200040 2268.4
1200050 2270.9
1200060 2270.9
1200070 2272.9
1200080 2278.4
1200090 2278.4
1200100 2286.4
1200110 2294.6
1200120 2294.6
1200130 2302.3
1200140 2309.9
1200150 2309.9
1200160 2318.8
1200170 2329.0
1200180 2338.6
1200190 2338.6
1200200 2346.4
1200210 2352.2
1200220 2352.2
1200230 2355.5
1200240 2358.1
1200250 2358.1
1200260 2360.7
1200270 2362.8
1200280 2362.8
1200290 2366.1
1200300 2369.4
1200310 2369.4
1200320 2372.4
1200330 2377.1
1200340 2369.8
1200350 2373.6
1200360 2380.7
1200370 2390.0
1200380 2390.0
1200390 2398.5
1200400 2406.2
1200410 2406.2
1200420 2413.9
1200430 2421.0
1200440 2421.0
1200450 2427.8
1200460 2434.2
1200470 2434.2
1200480 2439.2
1200490 2445.5
1200500 2445.5
1200510 2456.5
1200520 2469.1
1200530 2469.1
1200540 2477.9
1200550 2489.4
1200560 2489.4
1200570 2495.4
1200580 2510.5
1200590 2536.0
1200600 2536.0
1200610 2542.5
1200620 2546.7
1200630 2546.7
1200640 2553.1
1200650 2560.6
1200660 2560.6
1200670 2560.7
1200680 2549.0
1200690 2549.0
1200700 2540.6
1200710 2532.6
1200720 2532.6
1200730 2520.5
1200740 2515.4
1200750 2515.4
1200760 2522.8
1200770 2526.2
1200780 2517.9
1200790 2517.8
1200800 2527.9
1200810 2544.0
1200820 2544.0
1200830 2557.7
1200840 2566.2
1200850 2566.2
1200860 2556.8
1200870 2542.8
1200880 2542.8
1200890 2534.3
1200900 2526.5
1200910 2526.5
1200920 2518.6
1200930 2510.4
1200940 2510.4
1200950 2505.3
1200960 2513.9
1200970 2513.9
1200980 2527.5
1200990 2540.5
1201000 2540.5
1201010 2545.7
1201020 2547.0
1201030 2551.4
1201040 2551.4
1201050 2565.9
1201060 2584.0
1201070 2584.0
1201080 2596.1
1201090 2606.4
1201100 2606.4
1201110 2619.8
1201120 2626.9
1201130 2626.9
1201140 2640.8
1201150 2642.6
1201160 2642.6
1201170 2635.1
1201180 2629.2
1201190 2629.2
1201200 2624.3
1201210 2620.2
1201220 2614.4
1201230 2607.3
1201240 2600.5
1201250 2588.9
1201260 2588.9
1201270 2575.6
1201280 2564.3
1201290 2564.3
1201300 2559.1
1201310 2556.7
1201320 2556.7
1201330 2555.7
1201340 2553.3
1201350 2553.3
1201360 2543.5
1201370 2526.4
1201380 2526.4
1201390 2508.4
1201400 2499.6
1201410 2499.6
1201420 2490.9
1201430 2477.9
1201440 2460.9
1201450 2460.9
1201460 2452.9
1201470 2449.1
1201480 2449.1
1201490 2445.4
1201500 2439.1
1201510 2439.1
1201520 2433.0
1201530 2426.6
1201540 2426.6
1201550 2423.8
1201560 2424.5
1201570 2424.5
1201580 2427.3
1201590 2421.6
1201600 2421.6
1201610 2410.8
1201620 2406.0
1201630 2406.0
1201640 2404.9
1201650 2404.2
1201660 2402.1
1201670 2402.1
1201680 2398.0
1201690 2401.9
1201700 2401.9
1201710 2402.7
1201720 2402.7
1201730 2402.7
1201740 2403.5
1201750 2405.5
1201760 2405.5
1201770 2407.7
1201780 2410.1
1201790 2410.1
1201800 2411.8
1201810 2411.8
1201820 2411.8
1201830 2409.4
1201840 2405.6
1201850 2405.6
1201860 2400.8
1201870 2395.9
1201880 2393.0
1201890 2393.0
1201900 2392.0
1201910 2389.2
1201920 2389.2
1201930 2384.9
1201940 2382.2
1201950 2382.2
1201960 2380.8
1201970 2380.6
1201980 2380.6
1201990 2382.2
1202000 2384.0
1202010 2384.0
1202020 2386.0
1202030 2388.4
1202040 2388.4
1202050 2390.3
1202060 2392.6
1202070 2395.3
1202080 2395.3
1202090 2397.5
1202100 2399.7
1202110 2399.7
1202120 2398.4
1202130 2401.0
1202140 2401.0
1202150 2402.8
1202160 2405.9
1202170 2405.9
1202180 2408.3
1202190 2410.8
1202200 2410.8
1202210 2413.2
1202220 2415.3
1202230 2415.3
1202240 2417.2
1202250 2419.0
1202260 2419.0
1202270 2421.3
1202280 2423.6
1202290 2425.7
1202300 2425.7
1202310 2427.8
1202320 2431.7
1202330 2431.7
1202340 2436.7
1202350 2441.6
1202360 2441.6
1202370 2446.6
1202380 2451.9
1202390 2451.9
1202400 2457.2
1202410 2465.5
1202420 2465.5
1202430 2486.8
1202440 2506.8
1202450 2506.8
1202460 2517.5
1202470 2537.3
1202480 2537.3
1202490 2551.5
1202500 2562.7
1202510 2573.0
1202520 2573.0
1202530 2585.1
1202540 2597.9
1202550 2597.9
1202560 2619.2
1202570 2636.1
1202580 2636.1
1202590 2657.2
1202600 2685.6
1202610 2685.6
1202620 2707.4
1202630 2735.1
1202640 2735.1
1202650 2746.2
1202660 2753.0
1202670 2753.0
1202680 2763.5
1202690 2796.4
1202700 2796.4
1202710 2809.9
1202720 2822.2
1202730 2832.1
1202740 2832.1
1202750 2846.4
1202760 2858.8
1202770 2858.8
1202780 2868.0
1202790 2888.3
1202800 2888.3
1202810 2896.0
1202820 2898.7
1202830 2898.7
1202840 2904.2
1202850 2929.6
1202860 2929.6
1202870 2952.8
1202880 2950.9
1202890 2950.9
1202900 2944.9
1202910 2938.4
1202920 2938.4
1202930 2932.0
1202940 2923.0
1202950 2912.8
1202960 2912.8
1202970 2909.7
1202980 2907.4
1202990 2907.4
1203000 2904.6
1203010 2902.3
1203020 2920.3
1203030 2918.5
1203040 2916.0
1203050 2916.0
1203060 2911.8
1203070 2908.4
1203080 2908.4
1203090 2905.7
1203100 2904.7
1203110 2904.7
1203120 2904.3
1203130 2903.4
1203140 2901.6
1203150 2901.6
1203160 2899.8
1203170 2899.1
1203180 2899.1
1203190 2898.8
1203200 2898.8
1203210 2898.8
1203220 2898.9
1203230 2899.4
1203240 2899.4
1203250 2900.2
1203260 2901.5
1203270 2901.5
1203280 2902.8
1203290 2904.1
1203300 2904.1
1203310 2905.7
1203320 2907.2
1203330 2907.2
1203340 2908.6
1203350 2909.6
1203360 2910.5
1203370 2910.5
1203380 2911.0
1203390 2911.5
1203400 2911.5
1203410 2912.1
1203420 2912.5
1203430 2912.5
1203440 2912.8
1203450 2913.0
1203460 2913.0
1203470 2916.5
1203480 2916.3
1203490 2916.3
1203500 2916.1
1203510 2915.9
1203520 2915.9
1203530 2915.6
1203540 2915.3
1203550 2915.3
1203560 2915.1
1203570 2915.0
1203580 2915.0
1203590 2915.0
1203600 2915.0
1203610 2915.0
1203620 2915.0
1203630 2915.2
1203640 2915.5
1203650 2915.5
1203660 2915.9
1203670 2916.8
1203680 2916.8
1203690 2917.9
1203700 2919.3
1203710 2919.3
1203720 2920.6
1203730 2921.8
1203740 2921.8
1203750 2923.2
1203760 2924.8
1203770 2924.8
1203780 2926.4
1203790 2928.0
1203800 2929.7
1203810 2929.7
1203820 2931.5
1203830 2933.3
1203840 2933.3
1203850 2935.1
1203860 2937.0
1203870 2937.0
1203880 2938.8
1203890 2940.7
1203900 2940.7
1203910 2942.6
1203920 2946.1
1203930 2946.1
1203940 2947.8
1203950 2949.5
1203960 2949.5
1203970 2951.2
1203980 2953.0
1203990 2954.7
1204000 2954.7
1204010 2956.4
1204020 2958.1
1204030 2958.1
1204040 2959.8
1204050 2961.6
1204060 2961.6
1204070 2963.4
1204080 2965.3
1204090 2965.3
1204100 2967.2
1204110 2969.1
1204120 2969.1
1204130 2971.0
1204140 2972.9
1204150 2972.9
1204160 2974.8
1204170 2976.7
1204180 2976.7
1204190 2978.5
1204200 2980.3
1204210 2982.1
1204220 2982.1
1204230 2984.0
1204240 2985.7
1204250 2985.7
1204260 2987.5
1204270 2989.2
1204280 2989.2
1204290 2991.1
1204300 2993.1
1204310 2993.1
1204320 2995.1
1204330 2997.3
1204340 2997.3
1204350 2999.5
1204360 3001.7
1204370 3001.7
1204380 3004.7
1204390 3007.3
1204400 3007.3
1204410 3010.0
1204420 3013.0
1204430 3016.0
1204440 3016.0
1204450 3019.2
1204460 3022.5
1204470 3022.5
1204480 3026.1
1204490 3029.8
1204500 3029.8
1204510 3033.7
1204520 3037.8
1204530 3037.8
1204540 3041.9
1204550 3046.7
1204560 3046.7
1204570 3053.8
1204580 3061.0
1204590 3061.0
1204600 3067.9
1204610 3075.4
1204620 3075.4
1204630 3080.3
1204640 3077.2
1204650 3069.2
1204660 3069.2
1204670 3065.4
1204680 3064.2
1204690 3064.2
1204700 3064.3
1204710 3056.3
1204720 3056.3
1204730 3047.5
1204740 3039.3
1204750 3039.3
1204760 3029.0
1204770 3018.7
1204780 3018.7
1204790 3016.1
1204800 3017.5
1204810 3017.5
1204820 3018.4
1204830 3028.7
1204840 3031.6
1204850 3031.6
1204860 3034.9
1204870 3037.1
1204880 3037.1
1204890 3039.0
1204900 3042.6
1204910 3042.6
1204920 3045.7
1204930 3047.3
1204940 3047.3
1204950 3050.1
1204960 3052.7
1204970 3052.7
1204980 3052.8
1204990 3050.8
1205000 3050.8
1205010 3050.3
1205020 3047.9
1205030 3047.9
1205040 3048.2
1205050 3044.4
1205060 3026.5
1205070 3026.5
1205080 3011.4
1205090 3002.0
1205100 3002.0
1205110 2983.4
1205120 2978.7
1205130 2978.7
1205140 2974.9
1205150 2967.4
1205160 2967.4
1205170 2949.8
1205180 2931.5
1205190 2931.5
1205200 2912.6
1205210 2908.6
1205220 2908.6
1205230 2907.9
1205240 2907.4
1205250 2907.4
1205260 2908.1
1205270 2908.3
1205280 2933.4
1205290 2933.4
1205300 2934.8
1205310 2935.5
1205320 2935.5
1205330 2935.5
1205340 2930.7
1205350 2930.7
1205360 2925.1
1205370 2921.5
1205380 2921.5
1205390 2918.0
1205400 2913.8
1205410 2913.8
1205420 2912.4
1205430 2912.4
1205440 2912.4
1205450 2909.8
1205460 2903.7
1205470 2903.7
1205480 2900.1
1205490 2902.9
1205500 2904.2
1205510 2904.2
1205520 2897.8
1205530 2887.6
1205540 2887.6
1205550 2880.3
1205560 2877.6
1205570 2877.6
1205580 2882.4
1205590 2890.8
1205600 2890.8
1205610 2899.4
1205620 2907.8
1205630 2907.8
1205640 2914.2
1205650 2919.0
1205660 2919.0
1205670 2924.0
1205680 2926.8
1205690 2926.8
1205700 2928.3
1205710 2927.1
1205720 2925.5
1205730 2925.5
1205740 2934.7
1205750 2931.2
1205760 2931.2
1205770 2932.3
1205780 2934.5
1205790 2934.5
1205800 2935.6
1205810 2938.0
1205820 2938.0
1205830 2939.9
1205840 2940.8
1205850 2940.8
1205860 2935.3
1205870 2933.6
1205880 2933.6
1205890 2932.6
1205900 2932.4
1205910 2932.3
1205920 2932.3
1205930 2930.9
1205940 2930.0
1205950 2930.0
1205960 2930.8
1205970 2923.9
1205980 2923.9
1205990 2920.8
1206000 2918.7
1206010 2918.7
1206020 2916.4
1206030 2918.1
1206040 2918.1
1206050 2909.2
1206060 2905.6
1206070 2905.6
1206080 2902.7
1206090 2899.8
1206100 2899.8
1206110 2899.3
1206120 2900.6
1206130 2903.1
1206140 2903.1
1206150 2906.3
1206160 2904.9
1206170 2904.9
1206180 2905.2
1206190 2916.7
1206200 2916.7
1206210 2921.5
1206220 2923.7
1206230 2923.7
1206240 2924.1
1206250 2924.8
1206260 2924.8
1206270 2925.9
1206280 2924.2
1206290 2924.2
1206300 2923.7
1206310 2919.7
1206320 2919.7
1206330 2914.2
1206340 2908.9
1206350 2900.7
1206360 2900.7
1206370 2894.6
1206380 2890.1
1206390 2890.1
1206400 2886.8
1206410 2879.9
1206420 2879.9
1206430 2875.5
1206440 2875.3
1206450 2875.3
1206460 2872.5
1206470 2868.6
1206480 2868.6
1206490 2863.2
1206500 2852.8
1206510 2852.8
1206520 2850.6
1206530 2845.4
1206540 2845.4
1206550 2833.0
1206560 2819.5
1206570 2806.2
1206580 2806.2
1206590 2792.5
1206600 2778.2
1206610 2778.2
1206620 2762.3
1206630 2739.1
1206640 2739.1
1206650 2720.3
1206660 2693.4
1206670 2693.4
1206680 2681.2
1206690 2671.7
1206700 2671.7
1206710 2661.0
1206720 2652.3
1206730 2652.3
1206740 2645.4
1206750 2638.7
1206760 2632.0
1206770 2632.0
1206780 2624.9
1206790 2618.1
1206800 2618.1
1206810 2611.1
1206820 2605.6
1206830 2605.6
1206840 2600.1
1206850 2588.2
1206860 2588.2
1206870 2576.1
1206880 2569.4
1206890 2569.4
1206900 2563.0
1206910 2556.6
1206920 2556.6
1206930 2550.7
1206940 2544.6
1206950 2544.6
1206960 2538.4
1206970 2532.3
1206980 2525.8
1206990 2525.8
1207000 2517.7
1207010 2510.0
1207020 2510.0
1207030 2502.6
1207040 2494.5
1207050 2494.5
1207060 2486.5
1207070 2478.5
1207080 2478.5
1207090 2470.6
1207100 2463.7
1207110 2463.7
1207120 2457.9
1207130 2457.0
1207140 2457.0
1207150 2455.1
1207160 2452.0
1207170 2452.0
1207180 2448.2
1207190 2444.3
1207200 2440.3
1207210 2440.3
1207220 2436.5
1207230 2432.0
1207240 2432.0
1207250 2426.6
1207260 2421.2
1207270 2421.2
1207280 2415.9
1207290 2410.0
1207300 2410.0
1207310 2404.1
1207320 2398.0
1207330 2398.0
1207340 2392.0
1207350 2386.2
1207360 2386.2
1207370 2380.3
1207380 2374.6
1207390 2374.6
1207400 2368.7
1207410 2362.3
1207420 2355.4
1207430 2355.4
1207440 2348.4
1207450 2341.9
1207460 2341.9
1207470 2336.5
1207480 2332.2
1207490 2332.2
1207500 2328.1
1207510 2323.5
1207520 2323.5
1207530 2317.8
1207540 2312.4
1207550 2312.4
1207560 2306.8
1207570 2300.5
1207580 2300.5
1207590 2294.7
1207600 2288.7
1207610 2283.2
1207620 2283.2
1207630 2277.9
1207640 2273.0
1207650 2273.0
1207660 2267.4
1207670 2261.4
1207680 2261.4
1207690 2255.4
1207700 2249.7
1207710 2249.7
1207720 2242.9
1207730 2236.1
1207740 2236.1
1207750 2229.5
1207760 2223.4
1207770 2223.4
1207780 2218.2
1207790 2213.9
1207800 2213.9
1207810 2209.8
1207820 2205.4
1207830 2200.5
1207840 2200.5
1207850 2195.3
1207860 2189.9
1207870 2189.9
1207880 2184.4
1207890 2179.1
1207900 2179.1
1207910 2174.1
1207920 2169.1
1207930 2169.1
1207940 2163.7
1207950 2158.5
1207960 2158.5
1207970 2153.7
1207980 2149.1
1207990 2149.1
1208000 2145.0
1208010 2140.8
1208020 2143.9
1208030 2140.1
1208040 2136.7
1208050 2133.8
1208060 2133.8
1208070 2131.4
1208080 2129.5
1208090 2129.5
1208100 2127.8
1208110 2126.1
1208120 2126.1
1208130 2123.9
1208140 2120.7
1208150 2120.7
1208160 2116.6
1208170 2111.8
1208180 2111.8
1208190 2106.4
1208200 2100.8
1208210 2100.8
1208220 2095.7
1208230 2090.0
1208240 2090.0
1208250 2084.4
1208260 2079.2
1208270 2073.7
1208280 2073.7
1208290 2068.0
1208300 2062.4
1208310 2062.4
1208320 2056.8
1208330 2050.7
1208340 2050.7
1208350 2043.9
1208360 2036.9
1208370 2036.9
1208380 2030.3
1208390 2024.6
1208400 2024.6
1208410 2019.1
1208420 2013.2
1208430 2013.2
1208440 2006.5
1208450 1999.5
1208460 1993.0
1208470 1993.0
1208480 1988.8
1208490 1985.0
1208500 1985.0
1208510 1980.7
1208520 1976.5
1208530 1976.5
1208540 1973.2
1208550 1971.1
1208560 1971.1
1208570 1969.4
1208580 1968.1
1208590 1968.1
1208600 1966.6
1208610 1964.5
1208620 1964.5
1208630 1962.8
1208640 1961.8
1208650 1961.8
1208660 1962.9
1208670 1963.9
1208680 1962.9
1208690 1962.9
1208700 1958.9
1208710 1952.4
1208720 1952.4
1208730 1943.5
1208740 1933.8
1208750 1933.8
1208760 1924.8
1208770 1911.4
1208780 1911.4
1208790 1889.3
1208800 1860.8
1208810 1860.8
1208820 1808.1
1208830 1763.1
1208840 1763.1
1208850 1745.2
1208860 1736.2
1208870 1736.2
1208880 1727.9
1208890 1718.7
1208900 1709.8
1208910 1709.8
1208920 1702.0
1208930 1696.1
1208940 1696.1
1208950 1689.7
1208960 1684.1
1208970 1684.1
1208980 1676.0
1208990 1668.4
1209000 1668.4
1209010 1659.3
1209020 1649.6
1209030 1649.6
1209040 1639.6
1209050 1630.9
1209060 1630.9
1209070 1624.6
1209080 1617.6
1209090 1617.6
1209100 1610.1
1209110 1602.9
1209120 1595.8
1209130 1595.8
1209140 1588.4
1209150 1581.2
1209160 1581.2
1209170 1574.3
1209180 1567.3
1209190 1567.3
1209200 1560.4
1209210 1553.6
1209220 1553.6
1209230 1546.7
1209240 1539.8
1209250 1539.8
1209260 1532.9
1209270 1526.1
1209280 1526.1
1209290 1519.4
1209300 1512.7
1209310 1506.1
1209320 1506.1
1209330 1499.7
1209340 1493.1
1209350 1493.1
1209360 1486.6
1209370 1480.3
1209380 1480.3
1209390 1474.1
1209400 1468.3
1209410 1468.3
1209420 1463.1
1209430 1459.2
1209440 1459.2
1209450 1456.5
1209460 1454.0
1209470 1454.0
1209480 1452.9
1209490 1452.8
1209500 1452.8
1209510 1453.0
1209520 1452.9
1209530 1452.0
1209540 1452.0
1209550 1451.9
1209560 1452.4
1209570 1452.4
1209580 1452.6
1209590 1452.6
1209600 1452.6
1209610 1452.6
1209620 1452.7
1209630 1452.7
1209640 1452.8
1209650 1452.9
1209660 1452.9
1209670 1453.0
1209680 1453.2
1209690 1453.2
1209700 1453.7
1209710 1454.0
1209720 1454.0
1209730 1454.3
1209740 1453.3
1209750 1454.5
1209760 1454.5
1209770 1456.0
1209780 1459.0
1209790 1459.0
1209800 1462.0
1209810 1466.1
1209820 1466.1
1209830 1470.2
1209840 1474.0
1209850 1474.0
1209860 1479.7
1209870 1484.5
1209880 1484.5
1209890 1489.5
1209900 1494.5
1209910 1494.5
1209920 1499.4
1209930 1505.0
1209940 1505.0
1209950 1510.6
1209960 1516.3
1209970 1522.3
1209980 1522.3
1209990 1528.6
1210000 1534.4
1210010 1534.4
1210020 1540.6
1210030 1547.2
1210040 1547.2
1210050 1554.1
1210060 1561.2
1210070 1561.2
1210080 1567.9
1210090 1575.0
1210100 1575.0
1210110 1582.1
1210120 1589.2
1210130 1589.2
1210140 1596.3
1210150 1607.0
1210160 1607.0
1210170 1618.3
1210180 1631.0
1210190 1652.2
1210200 1652.2
1210210 1668.2
1210220 1672.2
1210230 1672.2
1210240 1676.0
1210250 1695.0
1210260 1695.0
1210270 1711.6
1210280 1719.7
1210290 1719.7
1210300 1727.8
1210310 1737.0
1210320 1734.3
1210330 1749.9
1210340 1772.7
1210350 1772.7
1210360 1784.3
1210370 1793.4
1210380 1803.1
1210390 1803.1
1210400 1816.8
1210410 1836.4
1210420 1836.4
1210430 1855.8
1210440 1875.5
1210450 1875.5
1210460 1890.7
1210470 1901.5
1210480 1901.5
1210490 1914.9
1210500 1938.2
1210510 1938.2
1210520 1952.5
1210530 1959.5
1210540 1959.5
1210550 1966.3
1210560 1973.1
1210570 1973.1
1210580 1980.6
1210590 1988.2
1210600 1996.0
1210610 1996.0
1210620 2004.5
1210630 2017.2
1210640 2017.2
1210650 2039.7
1210660 2062.0
1210670 2062.0
1210680 2076.4
1210690 2087.5
1210700 2087.5
1210710 2097.8
1210720 2106.4
1210730 2106.4
1210740 2113.4
1210750 2119.4
1210760 2119.4
1210770 2126.5
1210780 2135.7
1210790 2135.7
1210800 2142.8
1210810 2150.5
1210820 2162.1
1210830 2162.1
1210840 2176.5
1210850 2183.8
1210860 2183.8
1210870 2191.4
1210880 2200.0
1210890 2200.0
1210900 2208.1
1210910 2216.2
1210920 2216.2
1210930 2228.3
1210940 2243.8
1210950 2243.8
1210960 2258.3
1210970 2271.0
1210980 2271.0
1210990 2285.7
1211000 2300.1
1211010 2300.1
1211020 2312.7
1211030 2325.1
1211040 2335.0
1211050 2335.0
1211060 2341.8
1211070 2347.4
1211080 2347.4
1211090 2355.2
1211100 2364.3
1211110 2364.3
1211120 2371.5
1211130 2379.0
1211140 2379.0
1211150 2385.0
1211160 2388.9
1211170 2388.9
1211180 2393.8
1211190 2398.8
1211200 2398.8
1211210 2402.6
1211220 2404.4
1211230 2405.8
1211240 2416.3
1211250 2416.7
1211260 2417.0
1211270 2417.0
1211280 2418.4
1211290 2422.0
1211300 2422.0
1211310 2425.6
1211320 2426.6
1211330 2426.6
1211340 2429.3
1211350 2434.8
1211360 2434.8
1211370 2439.5
1211380 2441.2
1211390 2441.2
1211400 2442.3
1211410 2443.0
1211420 2443.0
1211430 2442.8
1211440 2442.2
1211450 2442.4
1211460 2442.4
1211470 2443.6
1211480 2445.1
1211490 2445.1
1211500 2447.2
1211510 2449.8
1211520 2449.8
1211530 2451.8
1211540 2454.9
1211550 2454.9
1211560 2458.5
1211570 2460.7
1211580 2460.7
1211590 2463.7
1211600 2466.1
1211610 2466.1
1211620 2468.6
1211630 2472.5
1211640 2472.5
1211650 2477.4
1211660 2481.1
1211670 2483.6
1211680 2483.6
1211690 2486.2
1211700 2489.7
1211710 2496.3
1211720 2499.2
1211730 2501.9
1211740 2501.9
1211750 2504.9
1211760 2508.6
1211770 2508.6
1211780 2512.6
1211790 2517.0
1211800 2517.0
1211810 2523.0
1211820 2530.3
1211830 2530.3
1211840 2537.8
1211850 2544.6
1211860 2544.6
1211870 2550.4
1211880 2555.0
1211890 2558.6
1211900 2558.6
1211910 2561.3
1211920 2562.5
1211930 2562.5
1211940 2562.9
1211950 2566.7
1211960 2566.7
1211970 2575.0
1211980 2585.5
1211990 2585.5
1212000 2595.1
1212010 2598.6
1212020 2598.6
1212030 2603.9
1212040 2608.8
1212050 2608.8
1212060 2614.8
1212070 2621.4
1212080 2625.3
1212090 2625.3
1212100 2626.7
1212110 2630.4
1212120 2630.4
1212130 2633.8
1212140 2636.6
1212150 2636.6
1212160 2641.0
1212170 2655.7
1212180 2655.7
1212190 2668.9
1212200 2680.5
1212210 2680.5
1212220 2690.8
1212230 2695.5
1212240 2695.5
1212250 2702.8
1212260 2718.5
1212270 2718.5
1212280 2722.7
1212290 2712.3
1212300 2700.1
1212310 2700.1
1212320 2692.0
1212330 2685.1
1212340 2685.1
1212350 2679.0
1212360 2673.5
1212370 2673.5
1212380 2667.7
1212390 2663.2
1212400 2663.2
1212410 2660.8
1212420 2658.1
1212430 2658.1
1212440 2654.8
1212450 2651.5
1212460 2651.5
1212470 2648.8
1212480 2645.6
1212490 2645.6
1212500 2642.5
1212510 2640.1
1212520 2637.6
1212530 2637.6
1212540 2633.4
1212550 2628.1
1212560 2628.1
1212570 2624.8
1212580 2621.9
1212590 2621.9
1212600 2619.2
1212610 2617.2
1212620 2617.2
1212630 2614.2
1212640 2606.5
1212650 2606.5
1212660 2606.3
1212670 2605.4
1212680 2605.4
1212690 2603.7
1212700 2602.1
1212710 2602.1
1212720 2600.2
1212730 2598.3
1212740 2599.0
1212750 2599.0
1212760 2599.7
1212770 2601.8
1212780 2601.8
1212790 2604.5
1212800 2608.3
1212810 2608.3
1212820 2612.7
1212830 2615.9
1212840 2615.9
1212850 2618.5
1212860 2619.8
1212870 2619.8
1212880 2620.5
1212890 2621.7
1212900 2621.7
1212910 2623.5
1212920 2625.1
1212930 2625.6
1212940 2625.6
1212950 2625.6
1212960 2627.1
1212970 2627.1
1212980 2630.6
1212990 2635.8
1213000 2635.8
1213010 2641.7
1213020 2647.9
1213030 2647.9
1213040 2656.4
1213050 2668.8
1213060 2668.8
1213070 2678.2
1213080 2681.7
1213090 2681.7
1213100 2681.6
1213110 2689.0
1213120 2689.0
1213130 2698.5
1213140 2703.7
1213150 2700.4
1213160 2700.4
1213170 2697.1
1213180 2694.5
1213190 2694.5
1213200 2691.9
1213210 2688.7
1213220 2688.7
1213230 2685.8
1213240 2682.8
1213250 2682.8
1213260 2680.1
1213270 2678.1
1213280 2678.1
1213290 2675.7
1213300 2672.7
1213310 2672.7
1213320 2669.2
1213330 2665.4
1213340 2665.4
1213350 2662.4
1213360 2659.5
1213370 2656.6
1213380 2656.6
1213390 2654.7
1213400 2653.7
1213410 2653.7
1213420 2653.3
1213430 2651.0
1213440 2651.0
1213450 2646.4
1213460 2643.3
1213470 2643.3
1213480 2640.5
1213490 2637.1
1213500 2637.1
1213510 2633.1
1213520 2628.9
1213530 2628.9
1213540 2624.9
1213550 2622.2
1213560 2622.2
1213570 2617.6
1213580 2619.0
1213590 2619.6
1213600 2619.6
1213610 2618.2
1213620 2616.3
1213630 2616.3
1213640 2615.2
1213650 2614.8
1213660 2614.8
1213670 2615.5
1213680 2616.9
1213690 2616.9
1213700 2618.1
1213710 2619.4
1213720 2619.4
1213730 2620.1
1213740 2620.9
1213750 2620.9
1213760 2623.6
1213770 2627.9
1213780 2632.2
1213790 2632.2
1213800 2635.9
1213810 2639.0
1213820 2639.0
1213830 2640.8
1213840 2640.5
1213850 2640.5
1213860 2639.0
1213870 2637.7
1213880 2637.7
1213890 2637.0
1213900 2637.7
1213910 2637.7
1213920 2641.9
1213930 2646.6
1213940 2646.6
1213950 2647.5
1213960 2647.1
1213970 2647.1
1213980 2645.5
1213990 2643.2
1214000 2643.8
1214010 2643.8
1214020 2642.4
1214030 2639.8
1214040 2642.2
1214050 2641.9
1214060 2641.9
1214070 2641.9
1214080 2640.8
1214090 2638.6
1214100 2638.6
1214110 2636.6
1214120 2637.3
1214130 2637.3
1214140 2639.4
1214150 2643.2
1214160 2643.2
1214170 2645.0
1214180 2644.3
1214190 2644.3
1214200 2643.1
1214210 2641.0
1214220 2638.8
1214230 2638.8
1214240 2637.1
1214250 2635.4
1214260 2635.4
1214270 2632.7
1214280 2631.3
1214290 2631.3
1214300 2631.0
1214310 2630.9
1214320 2630.9
1214330 2629.4
1214340 2627.1
1214350 2627.1
1214360 2625.6
1214370 2625.4
1214380 2625.4
1214390 2623.7
1214400 2621.1
1214410 2621.1
1214420 2620.4
1214430 2621.7
1214440 2622.9
1214450 2622.9
1214460 2623.4
1214470 2623.3
1214480 2623.3
1214490 2622.4
1214500 2621.2
1214510 2627.9
1214520 2627.3
1214530 2628.1
1214540 2628.1
1214550 2629.1
1214560 2630.9
1214570 2630.9
1214580 2633.5
1214590 2636.8
1214600 2636.8
1214610 2640.3
1214620 2642.7
1214630 2643.7
1214640 2643.7
1214650 2645.2
1214660 2647.4
1214670 2647.4
1214680 2650.6
1214690 2654.2
1214700 2654.2
1214710 2657.3
1214720 2660.4
1214730 2660.4
1214740 2664.2
1214750 2666.9
1214760 2666.9
1214770 2669.9
1214780 2673.6
1214790 2673.6
1214800 2676.1
1214810 2679.2
1214820 2679.2
1214830 2683.2
1214840 2686.6
1214850 2690.6
1214860 2690.6
1214870 2697.8
1214880 2702.6
1214890 2702.6
1214900 2706.1
1214910 2709.2
1214920 2709.2
1214930 2712.2
1214940 2714.5
1214950 2714.5
1214960 2718.5
1214970 2721.1
1214980 2727.6
1214990 2730.7
1215000 2734.7
1215010 2734.7
1215020 2740.2
1215030 2745.6
1215040 2745.6
1215050 2750.8
1215060 2757.7
1215070 2766.0
1215080 2766.0
1215090 2772.5
1215100 2776.8
1215110 2776.8
1215120 2780.1
1215130 2782.0
1215140 2782.0
1215150 2784.6
1215160 2787.6
1215170 2787.6
1215180 2789.1
1215190 2788.3
1215200 2788.3
1215210 2788.7
1215220 2792.1
1215230 2792.1
1215240 2795.7
1215250 2795.8
1215260 2795.8
1215270 2799.1
1215280 2804.9
1215290 2811.7
1215300 2811.7
1215310 2819.3
1215320 2828.3
1215330 2828.3
1215340 2836.8
1215350 2844.9
1215360 2844.9
1215370 2853.2
1215380 2860.8
1215390 2860.8
1215400 2868.1
1215410 2876.3
1215420 2876.3
1215430 2884.1
1215440 2891.4
1215450 2890.8
1215460 2898.8
1215470 2907.6
1215480 2915.7
1215490 2915.7
1215500 2923.7
1215510 2932.0
1215520 2932.0
1215530 2939.0
1215540 2932.4
1215550 2932.4
1215560 2920.1
1215570 2914.9
1215580 2914.9
1215590 2910.0
1215600 2898.3
1215610 2898.3
1215620 2885.2
1215630 2877.4
1215640 2877.4
1215650 2879.6
1215660 2886.0
1215670 2886.0
1215680 2892.3
1215690 2895.0
1215700 2890.3
1215710 2890.3
1215720 2880.2
1215730 2863.8
1215740 2863.8
1215750 2851.6
1215760 2846.1
1215770 2846.1
1215780 2848.2
1215790 2851.9
1215800 2851.9
1215810 2851.4
1215820 2850.2
1215830 2850.2
1215840 2852.9
1215850 2859.5
1215860 2859.5
1215870 2865.1
1215880 2871.1
1215890 2871.1
1215900 2875.0
1215910 2866.0
1215920 2872.7
1215930 2872.7
1215940 2865.7
1215950 2863.1
1215960 2863.1
1215970 2865.5
1215980 2874.4
1215990 2874.4
1216000 2883.2
1216010 2883.8
1216020 2883.8
1216030 2884.1
1216040 2888.8
1216050 2888.8
1216060 2891.1
1216070 2891.3
1216080 2891.3
1216090 2885.3
1216100 2878.4
1216110 2878.4
1216120 2872.8
1216130 2880.7
1216140 2885.9
1216150 2885.9
1216160 2889.9
1216170 2886.5
1216180 2886.5
1216190 2881.2
1216200 2882.8
1216210 2882.8
1216220 2887.7
1216230 2889.0
1216240 2889.0
1216250 2885.8
1216260 2878.5
1216270 2878.5
1216280 2870.0
1216290 2860.9
1216300 2860.9
1216310 2853.5
1216320 2847.5
1216330 2841.4
1216340 2841.4
1216350 2835.2
1216360 2828.6
1216370 2828.6
1216380 2821.9
1216390 2817.1
1216400 2817.1
1216410 2809.8
1216420 2802.6
1216430 2802.6
1216440 2795.3
1216450 2788.1
1216460 2788.1
1216470 2781.7
1216480 2775.5
1216490 2775.5
1216500 2767.8
1216510 2759.4
1216520 2759.4
1216530 2752.1
1216540 2745.1
1216550 2736.9
1216560 2736.9
1216570 2729.2
1216580 2720.7
1216590 2720.7
1216600 2713.4
1216610 2705.8
1216620 2705.8
1216630 2698.4
1216640 2691.6
1216650 2691.6
1216660 2685.3
1216670 2679.1
1216680 2679.1
1216690 2673.0
1216700 2667.1
1216710 2667.1
1216720 2661.2
1216730 2655.3
1216740 2655.3
1216750 2649.6
1216760 2643.8
1216770 2637.8
1216780 2637.8
1216790 2632.0
1216800 2627.2
1216810 2627.2
1216820 2622.7
1216830 2618.2
1216840 2618.2
1216850 2613.1
1216860 2606.9
1216870 2606.9
1216880 2602.9
1216890 2598.8
1216900 2598.8
1216910 2595.1
1216920 2592.5
1216930 2592.5
1216940 2589.7
1216950 2586.5
1216960 2586.5
1216970 2583.8
1216980 2580.8
1216990 2577.6
1217000 2577.6
1217010 2575.2
1217020 2572.7
1217030 2572.7
1217040 2569.6
1217050 2564.9
1217060 2564.9
1217070 2561.5
1217080 2559.4
1217090 2559.4
1217100 2557.5
1217110 2555.6
1217120 2555.6
1217130 2551.1
1217140 2545.4
1217150 2545.4
1217160 2543.9
1217170 2546.0
1217180 2546.0
1217190 2546.5
1217200 2543.3
1217210 2541.1
1217220 2541.1
1217230 2538.2
1217240 2534.6
1217250 2534.6
1217260 2534.9
1217270 2531.4
1217280 2531.4
1217290 2528.7
1217300 2527.9
1217310 2527.9
1217320 2523.3
1217330 2514.5
1217340 2519.0
1217350 2512.3
1217360 2509.1
1217370 2509.1
1217380 2507.6
1217390 2507.4
1217400 2506.7
1217410 2506.7
1217420 2505.6
1217430 2502.7
1217440 2502.7
1217450 2496.7
1217460 2491.6
1217470 2491.6
1217480 2491.1
1217490 2486.5
1217500 2486.5
1217510 2479.8
1217520 2474.6
1217530 2474.6
1217540 2470.2
1217550 2468.4
1217560 2468.4
1217570 2466.0
1217580 2463.9
1217590 2463.9
1217600 2461.1
1217610 2455.2
1217620 2448.1
1217630 2448.1
1217640 2439.4
1217650 2430.5
1217660 2430.5
1217670 2421.6
1217680 2412.4
1217690 2412.4
1217700 2403.7
1217710 2395.3
1217720 2395.3
1217730 2387.2
1217740 2379.1
1217750 2379.1
1217760 2371.1
1217770 2363.7
1217780 2363.7
1217790 2356.7
1217800 2349.5
1217810 2349.1
1217820 2342.0
1217830 2334.6
1217840 2327.5
1217850 2327.5
1217860 2320.7
1217870 2314.5
1217880 2314.5
1217890 2308.5
1217900 2303.0
1217910 2303.0
1217920 2297.7
1217930 2292.9
1217940 2292.9
1217950 2288.0
1217960 2283.2
1217970 2283.2
1217980 2278.6
1217990 2275.6
1218000 2275.6
1218010 2275.0
1218020 2273.3
1218030 2273.3
1218040 2268.9
1218050 2265.1
1218060 2259.2
1218070 2259.2
1218080 2255.0
1218090 2253.1
1218100 2253.1
1218110 2251.5
1218120 2249.1
1218130 2249.1
1218140 2245.1
1218150 2240.5
1218160 2240.5
1218170 2234.8
1218180 2228.3
1218190 2228.3
1218200 2222.3
1218210 2216.8
1218220 2216.8
1218230 2210.4
1218240 2202.5
1218250 2194.8
1218260 2194.8
1218270 2187.7
1218280 2182.6
1218290 2188.8
1218300 2184.9
1218310 2180.6
1218320 2180.6
1218330 2174.2
1218340 2166.3
1218350 2166.3
1218360 2159.7
1218370 2151.3
1218380 2151.3
1218390 2139.9
1218400 2131.0
1218410 2131.0
1218420 2124.3
1218430 2121.5
1218440 2121.5
1218450 2121.0
1218460 2121.3
1218470 2122.1
1218480 2122.1
1218490 2123.6
1218500 2125.5
1218510 2125.5
1218520 2127.5
1218530 2129.5
1218540 2129.5
1218550 2131.3
1218560 2133.2
1218570 2133.2
1218580 2134.8
1218590 2137.1
1218600 2137.1
1218610 2138.1
1218620 2139.1
1218630 2139.1
1218640 2140.2
1218650 2141.7
1218660 2141.7
1218670 2143.0
1218680 2144.4
1218690 2146.3
1218700 2146.3
1218710 2148.5
1218720 2150.5
1218730 2150.5
1218740 2152.5
1218750 2155.0
1218760 2160.9
1218770 2163.6
1218780 2166.0
1218790 2166.0
1218800 2166.9
1218810 2167.6
1218820 2167.6
1218830 2168.0
1218840 2169.6
1218850 2169.6
1218860 2172.8
1218870 2177.2
1218880 2177.2
1218890 2181.7
1218900 2185.1
1218910 2187.0
1218920 2187.0
1218930 2193.0
1218940 2205.9
1218950 2205.9
1218960 2224.5
1218970 2242.3
1218980 2242.3
1218990 2267.1
1219000 2302.3
1219010 2302.3
1219020 2329.6
1219030 2342.6
1219040 2342.6
1219050 2351.9
1219060 2360.7
1219070 2360.7
1219080 2366.9
1219090 2370.9
1219100 2364.0
1219110 2364.0
1219120 2354.8
1219130 2353.3
1219140 2353.3
1219150 2359.1
1219160 2360.0
1219170 2360.0
1219180 2364.1
1219190 2374.6
1219200 2374.6
1219210 2377.4
1219220 2377.7
1219230 2377.7
1219240 2397.5
1219250 2402.3
1219260 2402.3
1219270 2415.1
1219280 2425.9
1219290 2425.9
1219300 2426.9
1219310 2423.2
1219320 2419.1
1219330 2419.1
1219340 2417.2
1219350 2418.1
1219360 2418.1
1219370 2420.8
1219380 2421.9
1219390 2421.9
1219400 2421.9
1219410 2422.1
1219420 2422.1
1219430 2422.2
1219440 2418.1
1219450 2418.1
1219460 2414.2
1219470 2411.2
1219480 2411.2
1219490 2405.6
1219500 2390.1
1219510 2390.1
1219520 2371.2
1219530 2358.8
1219540 2352.3
1219550 2352.3
1219560 2343.6
1219570 2335.3
1219580 2335.3
1219590 2327.0
1219600 2318.3
1219610 2318.3
1219620 2306.4
1219630 2296.5
1219640 2296.5
1219650 2289.3
1219660 2279.7
1219670 2279.7
1219680 2268.3
1219690 2260.0
1219700 2260.0
1219710 2252.8
1219720 2259.0
1219730 2259.0
1219740 2256.1
1219750 2250.2
1219760 2243.4
1219770 2243.4
1219780 2236.8
1219790 2231.3
1219800 2231.3
1219810 2224.4
1219820 2216.1
1219830 2216.1
1219840 2208.1
1219850 2201.6
1219860 2201.6
1219870 2197.6
1219880 2194.3
1219890 2194.3
1219900 2191.9
1219910 2189.8
1219920 2189.8
1219930 2187.5
1219940 2185.0
1219950 2182.3
1219960 2182.3
1219970 2179.1
1219980 2174.6
1219990 2174.6
