1200000 2214.3
1200010 2221.7
1200020 2221.7
1200030 2229.0
1200040 2235.9
1200050 2235.9
1200060 2242.9
1200070 2250.4
1200080 2250.4
1200090 2259.1
1200100 2268.3
1200110 2278.9
1200120 2278.9
1200130 2288.3
1200140 2292.8
1200150 2292.8
1200160 2296.4
1200170 2296.3
1200180 2296.3
1200190 2295.0
1200200 2294.6
1200210 2294.6
1200220 2296.8
1200230 2301.2
1200240 2301.2
1200250 2308.8
1200260 2318.6
1200270 2318.6
1200280 2326.5
1200290 2334.6
1200300 2342.9
1200310 2342.9
1200320 2350.6
1200330 2358.5
1200340 2358.5
1200350 2365.9
1200360 2372.5
1200370 2372.5
1200380 2378.6
1200390 2384.2
1200400 2384.2
1200410 2389.1
1200420 2387.1
1200430 2387.1
1200440 2388.5
1200450 2388.3
1200460 2388.3
1200470 2386.4
1200480 2386.8
1200490 2386.8
1200500 2394.7
1200510 2407.2
1200520 2409.8
1200530 2409.8
1200540 2413.3
1200550 2428.2
1200560 2428.2
1200570 2441.9
1200580 2455.0
1200590 2455.0
1200600 2471.0
1200610 2478.0
1200620 2478.0
1200630 2479.0
1200640 2480.5
1200650 2480.5
1200660 2490.6
1200670 2504.0
1200680 2504.0
1200690 2510.7
1200700 2502.1
1200710 2502.1
1200720 2492.8
1200730 2485.6
1200740 2476.0
1200750 2476.0
1200760 2465.1
1200770 2463.9
1200780 2463.9
1200790 2468.6
1200800 2475.4
1200810 2475.4
1200820 2485.0
1200830 2497.4
1200840 2497.4
1200850 2508.8
1200860 2520.9
1200870 2509.9
1200880 2519.0
1200890 2521.0
1200900 2521.0
1200910 2514.0
1200920 2503.0
1200930 2503.0
1200940 2494.2
1200950 2482.2
1200960 2460.7
1200970 2460.7
1200980 2444.6
1200990 2445.7
1201000 2445.7
1201010 2452.3
1201020 2456.7
1201030 2456.7
1201040 2460.8
1201050 2465.6
1201060 2465.6
1201070 2471.5
1201080 2476.5
1201090 2476.5
1201100 2479.3
1201110 2480.8
1201120 2480.8
1201130 2482.1
1201140 2482.9
1201150 2483.2
1201160 2483.2
1201170 2485.9
1201180 2491.1
1201190 2491.1
1201200 2491.9
1201210 2489.3
1201220 2489.3
1201230 2478.9
1201240 2474.4
1201250 2474.4
1201260 2471.2
1201270 2467.9
1201280 2467.9
1201290 2463.7
1201300 2454.0
1201310 2454.0
1201320 2433.6
1201330 2430.2
1201340 2430.2
1201350 2417.5
1201360 2411.1
1201370 2403.8
1201380 2403.8
1201390 2398.2
1201400 2395.0
1201410 2395.0
1201420 2389.6
1201430 2384.6
1201440 2384.6
1201450 2382.2
1201460 2380.1
1201470 2380.1
1201480 2378.3
1201490 2376.5
1201500 2376.5
1201510 2375.0
1201520 2373.1
1201530 2373.1
1201540 2371.6
1201550 2371.7
1201560 2371.7
1201570 2370.1
1201580 2366.1
1201590 2364.8
1201600 2364.8
1201610 2365.0
1201620 2365.0
1201630 2365.0
1201640 2368.3
1201650 2373.0
1201660 2373.0
1201670 2375.5
1201680 2375.1
1201690 2375.1
1201700 2374.4
1201710 2375.0
1201720 2375.0
1201730 2375.4
1201740 2374.7
1201750 2374.7
1201760 2368.9
1201770 2366.7
1201780 2366.7
1201790 2365.9
1201800 2366.6
1201810 2367.6
1201820 2367.6
1201830 2367.7
1201840 2367.1
1201850 2367.1
1201860 2366.2
1201870 2366.1
1201880 2366.1
1201890 2365.6
1201900 2365.1
1201910 2365.1
1201920 2364.1
1201930 2364.8
1201940 2364.8
1201950 2365.5
1201960 2366.4
1201970 2366.4
1201980 2367.6
1201990 2369.1
1202000 2370.6
1202010 2370.6
1202020 2372.5
1202030 2374.7
1202040 2374.7
1202050 2376.9
1202060 2378.4
1202070 2378.4
1202080 2379.0
1202090 2379.5
1202100 2379.5
1202110 2381.3
1202120 2383.2
1202130 2383.2
1202140 2384.0
1202150 2385.7
1202160 2385.7
1202170 2387.0
1202180 2388.2
1202190 2388.2
1202200 2389.8
1202210 2387.6
1202220 2389.2
1202230 2389.2
1202240 2391.2
1202250 2394.2
1202260 2394.2
1202270 2399.2
1202280 2405.0
1202290 2405.0
1202300 2410.8
1202310 2416.9
1202320 2416.9
1202330 2423.1
1202340 2429.3
1202350 2429.3
1202360 2435.7
1202370 2442.1
1202380 2442.1
1202390 2448.3
1202400 2454.9
1202410 2454.9
1202420 2461.5
1202430 2468.2
1202440 2474.9
1202450 2474.9
1202460 2481.9
1202470 2492.6
1202480 2492.6
1202490 2511.3
1202500 2539.6
1202510 2539.6
1202520 2569.4
1202530 2598.9
1202540 2598.9
1202550 2622.3
1202560 2633.5
1202570 2633.5
1202580 2639.8
1202590 2650.6
1202600 2650.6
1202610 2660.9
1202620 2665.8
1202630 2665.8
1202640 2676.6
1202650 2689.9
1202660 2704.2
1202670 2704.2
1202680 2716.2
1202690 2742.6
1202700 2742.6
1202710 2770.7
1202720 2793.9
1202730 2793.9
1202740 2817.2
1202750 2844.3
1202760 2844.3
1202770 2854.9
1202780 2863.0
1202790 2863.0
1202800 2869.4
1202810 2877.8
1202820 2877.8
1202830 2891.1
1202840 2902.2
1202850 2902.2
1202860 2916.8
1202870 2938.4
1202880 2955.6
1202890 2955.6
1202900 2966.1
1202910 2974.2
1202920 2974.2
1202930 2986.8
1202940 2992.3
1202950 2992.3
1202960 2991.0
1202970 2989.6
1202980 2989.6
1202990 2991.1
1203000 2995.1
1203010 2995.1
1203020 2999.4
1203030 3002.5
1203040 3002.5
1203050 3002.4
1203060 2998.4
1203070 2992.9
1203080 2992.9
1203090 2985.2
1203100 2976.5
1203110 2992.7
1203120 2989.6
1203130 2988.1
1203140 2988.1
1203150 2984.9
1203160 2980.1
1203170 2980.1
1203180 2976.1
1203190 2968.6
1203200 2968.6
1203210 2961.8
1203220 2955.5
1203230 2955.5
1203240 2952.2
1203250 2950.1
1203260 2950.1
1203270 2948.8
1203280 2948.1
1203290 2947.9
1203300 2947.9
1203310 2947.8
1203320 2947.5
1203330 2947.5
1203340 2947.1
1203350 2946.5
1203360 2946.5
1203370 2945.6
1203380 2944.6
1203390 2944.6
1203400 2943.3
1203410 2942.1
1203420 2942.1
1203430 2940.9
1203440 2940.0
1203450 2940.0
1203460 2939.0
1203470 2938.0
1203480 2938.0
1203490 2937.0
1203500 2936.1
1203510 2935.2
1203520 2935.2
1203530 2934.3
1203540 2933.4
1203550 2933.4
1203560 2935.2
1203570 2935.0
1203580 2935.0
1203590 2935.3
1203600 2936.1
1203610 2936.1
1203620 2937.2
1203630 2938.2
1203640 2938.2
1203650 2939.5
1203660 2941.0
1203670 2941.0
1203680 2942.6
1203690 2944.1
1203700 2944.1
1203710 2945.5
1203720 2946.5
1203730 2947.3
1203740 2947.3
1203750 2948.4
1203760 2949.5
1203770 2949.5
1203780 2950.5
1203790 2951.5
1203800 2951.5
1203810 2952.5
1203820 2953.7
1203830 2953.7
1203840 2954.8
1203850 2955.8
1203860 2955.8
1203870 2956.7
1203880 2957.5
1203890 2957.5
1203900 2958.3
1203910 2959.2
1203920 2960.1
1203930 2960.1
1203940 2960.9
1203950 2961.8
1203960 2961.8
1203970 2962.6
1203980 2963.5
1203990 2963.5
1204000 2964.4
1204010 2967.7
1204020 2967.7
1204030 2968.6
1204040 2969.5
1204050 2969.5
1204060 2970.4
1204070 2971.5
1204080 2971.5
1204090 2972.6
1204100 2973.8
1204110 2973.8
1204120 2975.3
1204130 2976.9
1204140 2978.6
1204150 2978.6
1204160 2980.3
1204170 2982.2
1204180 2982.2
1204190 2983.9
1204200 2985.6
1204210 2985.6
1204220 2987.3
1204230 2989.1
1204240 2989.1
1204250 2990.8
1204260 2992.7
1204270 2992.7
1204280 2994.6
1204290 2996.5
1204300 2996.5
1204310 2998.5
1204320 3000.6
1204330 3000.6
1204340 3002.7
1204350 3005.0
1204360 3007.3
1204370 3007.3
1204380 3009.8
1204390 3012.5
1204400 3012.5
1204410 3015.3
1204420 3018.2
1204430 3018.2
1204440 3020.5
1204450 3022.8
1204460 3022.8
1204470 3035.0
1204480 3045.2
1204490 3045.2
1204500 3049.3
1204510 3053.3
1204520 3053.3
1204530 3058.8
1204540 3064.6
1204550 3064.6
1204560 3069.3
1204570 3076.9
1204580 3083.3
1204590 3083.3
1204600 3086.4
1204610 3090.5
1204620 3090.5
1204630 3098.7
1204640 3108.5
1204650 3108.5
1204660 3118.7
1204670 3122.0
1204680 3122.0
1204690 3118.0
1204700 3109.9
1204710 3109.9
1204720 3098.7
1204730 3094.1
1204740 3094.1
1204750 3089.0
1204760 3082.0
1204770 3077.1
1204780 3077.1
1204790 3069.9
1204800 3065.7
1204810 3065.7
1204820 3063.4
1204830 3061.9
1204840 3061.9
1204850 3059.6
1204860 3056.8
1204870 3056.8
1204880 3054.1
1204890 3052.1
1204900 3052.1
1204910 3050.4
1204920 3045.7
1204930 3045.7
1204940 3044.0
1204950 3042.2
1204960 3042.2
1204970 3040.8
1204980 3039.2
1204990 3037.8
1205000 3037.8
1205010 3036.7
1205020 3035.9
1205030 3035.9
1205040 3035.1
1205050 3033.3
1205060 3033.3
1205070 3034.8
1205080 3038.7
1205090 3038.7
1205100 3041.6
1205110 3041.8
1205120 3041.8
1205130 3041.5
1205140 3041.9
1205150 3041.9
1205160 3046.9
1205170 3050.9
1205180 3050.9
1205190 3055.3
1205200 3060.3
1205210 3059.1
1205220 3059.1
1205230 3058.1
1205240 3053.6
1205250 3053.6
1205260 3039.9
1205270 3031.7
1205280 3031.7
1205290 3026.5
1205300 3023.2
1205310 3023.2
1205320 3024.9
1205330 3022.6
1205340 3022.6
1205350 3023.1
1205360 3025.2
1205370 3041.0
1205380 3042.9
1205390 3044.2
1205400 3044.2
1205410 3044.3
1205420 3042.9
1205430 3051.4
1205440 3051.4
1205450 3051.6
1205460 3040.0
1205470 3040.0
1205480 3034.9
1205490 3031.8
1205500 3031.8
1205510 3022.2
1205520 3011.5
1205530 3011.5
1205540 3004.9
1205550 3011.3
1205560 3011.3
1205570 3015.7
1205580 3015.3
1205590 3015.3
1205600 3018.5
1205610 3023.9
1205620 3027.0
1205630 3027.0
1205640 3033.5
1205650 3035.0
1205660 3035.0
1205670 3031.6
1205680 3026.1
1205690 3026.1
1205700 3022.8
1205710 3021.7
1205720 3021.7
1205730 3023.7
1205740 3025.6
1205750 3025.6
1205760 3027.4
1205770 3027.6
1205780 3027.6
1205790 3024.9
1205800 3025.2
1205810 3025.2
1205820 3021.3
1205830 3027.4
1205840 3024.6
1205850 3024.6
1205860 3024.4
1205870 3027.8
1205880 3027.8
1205890 3029.3
1205900 3025.3
1205910 3025.3
1205920 3019.3
1205930 3013.4
1205940 3013.4
1205950 3007.1
1205960 3005.6
1205970 3005.6
1205980 3003.4
1205990 3002.7
1206000 3002.7
1206010 3000.2
1206020 2999.5
1206030 2999.5
1206040 2998.8
1206050 2997.6
1206060 2993.8
1206070 2993.8
1206080 2984.8
1206090 2982.4
1206100 2982.4
1206110 2979.9
1206120 2977.8
1206130 2977.8
1206140 2980.0
1206150 2980.4
1206160 2980.4
1206170 2980.6
1206180 2978.7
1206190 2978.7
1206200 2976.2
1206210 2973.7
1206220 2973.7
1206230 2968.5
1206240 2963.5
1206250 2963.5
1206260 2956.0
1206270 2949.3
1206280 2945.7
1206290 2945.7
1206300 2932.9
1206310 2921.1
1206320 2921.1
1206330 2911.8
1206340 2901.2
1206350 2901.2
1206360 2883.5
1206370 2866.5
1206380 2866.5
1206390 2863.5
1206400 2868.3
1206410 2868.3
1206420 2864.5
1206430 2860.6
1206440 2860.6
1206450 2853.6
1206460 2847.4
1206470 2847.5
1206480 2847.5
1206490 2846.7
1206500 2845.0
1206510 2845.0
1206520 2834.0
1206530 2828.7
1206540 2828.7
1206550 2819.7
1206560 2802.6
1206570 2802.6
1206580 2786.8
1206590 2771.0
1206600 2771.0
1206610 2751.2
1206620 2737.1
1206630 2737.1
1206640 2728.6
1206650 2717.5
1206660 2717.5
1206670 2705.6
1206680 2700.1
1206690 2686.3
1206700 2686.3
1206710 2674.6
1206720 2667.2
1206730 2667.2
1206740 2641.8
1206750 2633.4
1206760 2633.4
1206770 2626.0
1206780 2618.9
1206790 2618.9
1206800 2611.4
1206810 2604.1
1206820 2604.1
1206830 2597.2
1206840 2590.9
1206850 2590.9
1206860 2585.2
1206870 2579.2
1206880 2579.2
1206890 2573.3
1206900 2567.1
1206910 2560.5
1206920 2560.5
1206930 2553.2
1206940 2547.0
1206950 2547.0
1206960 2541.5
1206970 2535.7
1206980 2535.7
1206990 2530.0
1207000 2524.3
1207010 2524.3
1207020 2519.4
1207030 2515.5
1207040 2515.5
1207050 2512.2
1207060 2510.3
1207070 2510.3
1207080 2508.6
1207090 2507.1
1207100 2507.1
1207110 2505.8
1207120 2502.8
1207130 2496.2
1207140 2496.2
1207150 2488.1
1207160 2480.2
1207170 2480.2
1207180 2472.4
1207190 2465.6
1207200 2465.6
1207210 2458.5
1207220 2451.4
1207230 2451.4
1207240 2444.5
1207250 2437.3
1207260 2437.3
1207270 2430.0
1207280 2422.5
1207290 2422.5
1207300 2415.1
1207310 2408.5
1207320 2402.6
1207330 2402.6
1207340 2396.7
1207350 2390.4
1207360 2390.4
1207370 2384.0
1207380 2377.6
1207390 2377.6
1207400 2371.3
1207410 2364.8
1207420 2364.8
1207430 2358.4
1207440 2352.4
1207450 2352.4
1207460 2346.8
1207470 2341.2
1207480 2341.2
1207490 2335.8
1207500 2330.4
1207510 2330.4
1207520 2325.2
1207530 2320.3
1207540 2315.3
1207550 2315.3
1207560 2310.2
1207570 2305.3
1207580 2305.3
1207590 2300.3
1207600 2295.2
1207610 2295.2
1207620 2290.3
1207630 2285.1
1207640 2285.1
1207650 2282.0
1207660 2276.7
1207670 2276.7
1207680 2271.5
1207690 2266.3
1207700 2266.3
1207710 2260.9
1207720 2255.6
1207730 2255.6
1207740 2250.1
1207750 2245.0
1207760 2239.7
1207770 2239.7
1207780 2234.3
1207790 2229.0
1207800 2229.0
1207810 2223.7
1207820 2218.4
1207830 2218.4
1207840 2213.3
1207850 2208.5
1207860 2208.5
1207870 2203.9
1207880 2199.1
1207890 2199.1
1207900 2194.2
1207910 2189.1
1207920 2189.1
1207930 2183.9
1207940 2178.1
1207950 2178.1
1207960 2171.5
1207970 2166.8
1207980 2163.8
1207990 2163.8
1208000 2160.7
1208010 2158.1
1208020 2158.1
1208030 2156.4
1208040 2155.5
1208050 2155.5
1208060 2154.8
1208070 2153.8
1208080 2153.8
1208090 2151.6
1208100 2148.4
1208110 2147.0
1208120 2143.1
1208130 2138.5
1208140 2138.5
1208150 2132.8
1208160 2126.0
1208170 2126.0
1208180 2119.0
1208190 2112.8
1208200 2106.7
1208210 2106.7
1208220 2101.6
1208230 2094.0
1208240 2094.0
1208250 2087.0
1208260 2080.9
1208270 2080.9
1208280 2074.7
1208290 2068.8
1208300 2068.8
1208310 2063.3
1208320 2057.8
1208330 2057.8
1208340 2051.3
1208350 2044.1
1208360 2044.1
1208370 2037.3
1208380 2031.2
1208390 2025.1
1208400 2025.1
1208410 2020.4
1208420 2016.4
1208430 2016.4
1208440 2010.9
1208450 2004.2
1208460 2004.2
1208470 1996.9
1208480 1990.0
1208490 1990.0
1208500 1983.6
1208510 1979.0
1208520 1979.0
1208530 1974.5
1208540 1970.7
1208550 1970.7
1208560 1968.6
1208570 1967.4
1208580 1967.4
1208590 1964.8
1208600 1962.3
1208610 1959.4
1208620 1959.4
1208630 1957.1
1208640 1955.8
1208650 1955.8
1208660 1953.3
1208670 1950.6
1208680 1950.6
1208690 1949.5
1208700 1948.3
1208710 1948.3
1208720 1942.3
1208730 1929.4
1208740 1929.4
1208750 1914.4
1208760 1890.6
1208770 1890.6
1208780 1841.1
1208790 1806.7
1208800 1806.7
1208810 1797.8
1208820 1784.7
1208830 1776.6
1208840 1776.6
1208850 1776.0
1208860 1776.7
1208870 1776.7
1208880 1777.9
1208890 1779.2
1208900 1779.2
1208910 1769.5
1208920 1752.1
1208930 1752.1
1208940 1731.2
1208950 1708.4
1208960 1708.4
1208970 1695.4
1208980 1681.8
1208990 1681.8
1209000 1669.7
1209010 1658.9
1209020 1658.9
1209030 1658.3
1209040 1645.9
1209050 1627.7
1209060 1627.7
1209070 1617.1
1209080 1610.9
1209090 1610.9
1209100 1605.7
1209110 1599.1
1209120 1599.1
1209130 1590.0
1209140 1580.5
1209150 1580.5
1209160 1564.2
1209170 1555.5
1209180 1555.5
1209190 1550.5
1209200 1544.7
1209210 1544.7
1209220 1539.1
1209230 1533.2
1209240 1527.1
1209250 1527.1
1209260 1521.3
1209270 1515.6
1209280 1515.6
1209290 1509.8
1209300 1504.5
1209310 1504.5
1209320 1499.4
1209330 1494.4
1209340 1494.4
1209350 1489.3
1209360 1484.3
1209370 1484.3
1209380 1479.5
1209390 1474.7
1209400 1474.7
1209410 1470.7
1209420 1466.6
1209430 1466.6
1209440 1462.2
1209450 1458.6
1209460 1455.8
1209470 1455.8
1209480 1455.0
1209490 1454.8
1209500 1454.8
1209510 1454.5
1209520 1454.3
1209530 1454.3
1209540 1453.9
1209550 1453.7
1209560 1453.7
1209570 1453.5
1209580 1453.4
1209590 1453.4
1209600 1453.5
1209610 1453.5
1209620 1453.5
1209630 1453.7
1209640 1453.8
1209650 1453.8
1209660 1453.9
1209670 1454.1
1209680 1454.5
1209690 1454.5
1209700 1454.9
1209710 1455.2
1209720 1455.2
1209730 1454.3
1209740 1455.0
1209750 1455.0
1209760 1456.5
1209770 1458.1
1209780 1458.1
1209790 1460.3
1209800 1463.1
1209810 1463.1
1209820 1466.9
1209830 1471.9
1209840 1471.9
1209850 1477.2
1209860 1482.4
1209870 1482.4
1209880 1487.5
1209890 1493.2
1209900 1499.4
1209910 1499.4
1209920 1505.1
1209930 1511.2
1209940 1511.2
1209950 1518.5
1209960 1525.6
1209970 1525.6
1209980 1532.4
1209990 1538.9
1210000 1538.9
1210010 1546.4
1210020 1553.6
1210030 1553.6
1210040 1560.6
1210050 1567.3
1210060 1567.3
1210070 1574.1
1210080 1581.5
1210090 1588.7
1210100 1588.7
1210110 1596.1
1210120 1604.1
1210130 1604.1
1210140 1611.4
1210150 1621.2
1210160 1621.2
1210170 1632.6
1210180 1642.0
1210190 1642.0
1210200 1655.5
1210210 1668.9
1210220 1668.9
1210230 1682.9
1210240 1695.6
1210250 1695.6
1210260 1704.1
1210270 1712.7
1210280 1712.7
1210290 1721.0
1210300 1729.9
1210310 1738.9
1210320 1738.9
1210330 1747.4
1210340 1762.9
1210350 1762.9
1210360 1781.3
1210370 1790.9
1210380 1790.9
1210390 1802.8
1210400 1812.5
1210410 1812.0
1210420 1822.7
1210430 1837.1
1210440 1837.1
1210450 1853.1
1210460 1862.6
1210470 1862.6
1210480 1879.5
1210490 1901.9
1210500 1901.9
1210510 1930.4
1210520 1944.6
1210530 1959.4
1210540 1959.4
1210550 1971.1
1210560 1979.9
1210570 1979.9
1210580 1989.2
1210590 1995.6
1210600 1995.6
1210610 2002.3
1210620 2028.2
1210630 2028.2
1210640 2049.4
1210650 2056.6
1210660 2056.6
1210670 2066.4
1210680 2078.4
1210690 2078.4
1210700 2093.4
1210710 2105.3
1210720 2105.3
1210730 2117.6
1210740 2127.3
1210750 2136.7
1210760 2136.7
1210770 2144.2
1210780 2151.9
1210790 2151.9
1210800 2158.5
1210810 2165.0
1210820 2165.0
1210830 2173.4
1210840 2181.6
1210850 2181.6
1210860 2189.0
1210870 2199.0
1210880 2199.0
1210890 2206.3
1210900 2213.9
1210910 2213.9
1210920 2222.0
1210930 2230.5
1210940 2239.7
1210950 2239.7
1210960 2251.6
1210970 2265.3
1210980 2265.3
1210990 2275.3
1211000 2286.3
1211010 2286.3
1211020 2303.7
1211030 2319.5
1211040 2319.5
1211050 2333.6
1211060 2348.2
1211070 2348.2
1211080 2361.1
1211090 2371.7
1211100 2371.7
1211110 2383.0
1211120 2396.9
1211130 2396.9
1211140 2411.3
1211150 2426.6
1211160 2442.9
1211170 2442.9
1211180 2452.6
1211190 2458.1
1211200 2458.1
1211210 2464.5
1211220 2472.3
1211230 2472.3
1211240 2482.3
1211250 2486.8
1211260 2486.8
1211270 2487.3
1211280 2487.7
1211290 2487.7
1211300 2488.0
1211310 2490.0
1211320 2490.0
1211330 2501.7
1211340 2501.8
1211350 2501.8
1211360 2500.3
1211370 2500.1
1211380 2499.6
1211390 2499.6
1211400 2498.3
1211410 2499.8
1211420 2499.8
1211430 2502.8
1211440 2504.7
1211450 2504.7
1211460 2505.0
1211470 2505.5
1211480 2505.5
1211490 2506.8
1211500 2508.3
1211510 2508.3
1211520 2508.8
1211530 2510.0
1211540 2510.0
1211550 2511.2
1211560 2511.8
1211570 2511.8
1211580 2515.6
1211590 2519.7
1211600 2523.0
1211610 2523.0
1211620 2523.7
1211630 2527.7
1211640 2527.7
1211650 2530.6
1211660 2533.2
1211670 2533.2
1211680 2537.5
1211690 2541.3
1211700 2541.3
1211710 2545.8
1211720 2549.3
1211730 2549.3
1211740 2552.2
1211750 2556.2
1211760 2556.2
1211770 2559.0
1211780 2563.3
1211790 2564.7
1211800 2573.6
1211810 2578.3
1211820 2586.0
1211830 2586.0
1211840 2594.4
1211850 2599.3
1211860 2599.3
1211870 2605.1
1211880 2609.9
1211890 2609.9
1211900 2612.2
1211910 2614.2
1211920 2614.2
1211930 2618.3
1211940 2624.0
1211950 2624.0
1211960 2629.1
1211970 2641.1
1211980 2641.1
1211990 2655.9
1212000 2663.5
1212010 2666.0
1212020 2666.0
1212030 2668.5
1212040 2670.4
1212050 2670.4
1212060 2672.1
1212070 2674.4
1212080 2674.4
1212090 2677.2
1212100 2679.8
1212110 2679.8
1212120 2681.1
1212130 2685.2
1212140 2685.2
1212150 2696.7
1212160 2710.5
1212170 2710.5
1212180 2719.0
1212190 2728.3
1212200 2728.3
1212210 2735.0
1212220 2731.1
1212230 2721.6
1212240 2721.6
1212250 2711.7
1212260 2697.5
1212270 2697.5
1212280 2688.4
1212290 2679.6
1212300 2679.6
1212310 2671.2
1212320 2662.1
1212330 2662.1
1212340 2655.5
1212350 2649.9
1212360 2649.9
1212370 2645.0
1212380 2641.2
1212390 2641.2
1212400 2638.5
1212410 2635.2
1212420 2635.2
1212430 2628.8
1212440 2623.9
1212450 2619.6
1212460 2619.6
1212470 2613.0
1212480 2607.6
1212490 2607.6
1212500 2604.7
1212510 2601.2
1212520 2601.2
1212530 2596.8
1212540 2592.6
1212550 2592.6
1212560 2587.3
1212570 2583.6
1212580 2583.6
1212590 2581.1
1212600 2580.3
1212610 2580.3
1212620 2578.9
1212630 2577.2
1212640 2576.4
1212650 2576.4
1212660 2576.5
1212670 2576.3
1212680 2576.3
1212690 2575.7
1212700 2574.5
1212710 2574.5
1212720 2572.0
1212730 2566.4
1212740 2566.4
1212750 2566.1
1212760 2567.5
1212770 2567.5
1212780 2570.1
1212790 2573.8
1212800 2573.8
1212810 2578.4
1212820 2583.4
1212830 2583.4
1212840 2588.0
1212850 2591.6
1212860 2594.5
1212870 2594.5
1212880 2596.9
1212890 2598.7
1212900 2598.7
1212910 2601.4
1212920 2603.8
1212930 2603.8
1212940 2607.1
1212950 2611.7
1212960 2611.7
1212970 2616.6
1212980 2621.9
1212990 2621.9
1213000 2628.0
1213010 2634.5
1213020 2634.5
1213030 2641.1
1213040 2648.2
1213050 2648.2
1213060 2658.3
1213070 2671.4
1213080 2684.2
1213090 2684.2
1213100 2699.4
1213110 2707.6
1213120 2707.6
1213130 2704.9
1213140 2703.5
1213150 2703.5
1213160 2700.7
1213170 2694.2
1213180 2694.2
1213190 2676.1
1213200 2669.2
1213210 2669.2
1213220 2664.3
1213230 2659.5
1213240 2659.5
1213250 2656.0
1213260 2653.9
1213270 2653.9
1213280 2652.4
1213290 2650.6
1213300 2647.9
1213310 2647.9
1213320 2644.1
1213330 2641.4
1213340 2641.4
1213350 2638.7
1213360 2634.8
1213370 2634.8
1213380 2630.1
1213390 2625.2
1213400 2625.2
1213410 2621.1
1213420 2617.9
1213430 2617.9
1213440 2614.2
1213450 2610.6
1213460 2610.6
1213470 2608.5
1213480 2606.8
1213490 2605.3
1213500 2605.3
1213510 2603.8
1213520 2603.6
1213530 2603.6
1213540 2605.1
1213550 2607.6
1213560 2607.6
1213570 2610.4
1213580 2612.3
1213590 2612.3
1213600 2613.0
1213610 2615.4
1213620 2615.4
1213630 2616.7
1213640 2617.1
1213650 2617.1
1213660 2615.8
1213670 2620.2
1213680 2620.2
1213690 2628.3
1213700 2634.1
1213710 2635.4
1213720 2635.4
1213730 2634.8
1213740 2639.8
1213750 2639.8
1213760 2639.7
1213770 2641.5
1213780 2641.5
1213790 2646.5
1213800 2651.6
1213810 2651.6
1213820 2655.4
1213830 2658.7
1213840 2658.7
1213850 2661.3
1213860 2662.7
1213870 2662.7
1213880 2663.9
1213890 2665.1
1213900 2665.1
1213910 2665.2
1213920 2664.1
1213930 2662.6
1213940 2662.6
1213950 2663.1
1213960 2662.4
1213970 2662.4
1213980 2661.7
1213990 2661.5
1214000 2661.5
1214010 2662.2
1214020 2663.7
1214030 2663.7
1214040 2665.6
1214050 2667.3
1214060 2667.3
1214070 2668.6
1214080 2669.5
1214090 2669.5
1214100 2671.4
1214110 2672.7
1214120 2672.7
1214130 2677.1
1214140 2679.9
1214150 2681.6
1214160 2681.6
1214170 2683.3
1214180 2686.4
1214190 2686.4
1214200 2690.0
1214210 2693.6
1214220 2693.6
1214230 2696.7
1214240 2700.6
1214250 2700.6
1214260 2706.9
1214270 2707.7
1214280 2707.7
1214290 2702.8
1214300 2695.8
1214310 2695.8
1214320 2694.4
1214330 2698.4
1214340 2688.7
1214350 2688.7
1214360 2679.9
1214370 2681.2
1214380 2681.2
1214390 2686.5
1214400 2692.4
1214410 2692.4
1214420 2694.7
1214430 2690.7
1214440 2690.7
1214450 2684.9
1214460 2681.4
1214470 2681.4
1214480 2683.4
1214490 2684.7
1214500 2684.7
1214510 2688.9
1214520 2693.4
1214530 2693.4
1214540 2697.8
1214550 2702.7
1214560 2706.4
1214570 2706.4
1214580 2695.0
1214590 2683.1
1214600 2694.1
1214610 2693.3
1214620 2694.6
1214630 2694.6
1214640 2695.0
1214650 2697.5
1214660 2697.5
1214670 2701.7
1214680 2704.4
1214690 2704.4
1214700 2707.1
1214710 2710.6
1214720 2710.6
1214730 2712.0
1214740 2710.9
1214750 2710.9
1214760 2711.9
1214770 2713.9
1214780 2717.2
1214790 2717.2
1214800 2720.1
1214810 2723.5
1214820 2723.5
1214830 2727.6
1214840 2732.3
1214850 2732.3
1214860 2737.8
1214870 2742.2
1214880 2742.2
1214890 2745.8
1214900 2750.6
1214910 2750.6
1214920 2756.0
1214930 2761.2
1214940 2761.2
1214950 2765.4
1214960 2766.6
1214970 2766.6
1214980 2767.6
1214990 2768.9
1215000 2770.5
1215010 2770.5
1215020 2773.6
1215030 2777.8
1215040 2777.8
1215050 2783.0
1215060 2787.5
1215070 2793.1
1215080 2797.8
1215090 2801.0
1215100 2801.0
1215110 2805.4
1215120 2811.9
1215130 2811.9
1215140 2819.6
1215150 2827.5
1215160 2827.5
1215170 2835.6
1215180 2843.4
1215190 2847.9
1215200 2847.9
1215210 2848.5
1215220 2847.4
1215230 2847.4
1215240 2848.4
1215250 2848.0
1215260 2848.0
1215270 2846.8
1215280 2849.4
1215290 2849.4
1215300 2852.5
1215310 2859.5
1215320 2859.5
1215330 2865.9
1215340 2869.9
1215350 2869.9
1215360 2871.7
1215370 2875.0
1215380 2875.0
1215390 2881.3
1215400 2888.7
1215410 2894.9
1215420 2894.9
1215430 2901.8
1215440 2910.5
1215450 2910.5
1215460 2918.4
1215470 2925.7
1215480 2925.7
1215490 2933.8
1215500 2942.5
1215510 2942.5
1215520 2950.3
1215530 2955.2
1215540 2960.5
1215550 2964.1
1215560 2968.3
1215570 2968.3
1215580 2972.4
1215590 2972.3
1215600 2972.3
1215610 2962.0
1215620 2952.5
1215630 2950.2
1215640 2950.2
1215650 2952.9
1215660 2950.5
1215670 2950.5
1215680 2940.0
1215690 2933.9
1215700 2933.9
1215710 2930.6
1215720 2932.4
1215730 2932.4
1215740 2937.2
1215750 2943.8
1215760 2943.8
1215770 2951.5
1215780 2955.1
1215790 2955.1
1215800 2959.4
1215810 2967.5
1215820 2967.5
1215830 2973.9
1215840 2980.4
1215850 2980.2
1215860 2980.2
1215870 2982.0
1215880 2983.0
1215890 2983.0
1215900 2986.9
1215910 2995.5
1215920 2995.5
1215930 3003.6
1215940 3008.0
1215950 3008.0
1215960 3011.0
1215970 3016.6
1215980 3016.6
1215990 3016.9
1216000 3007.3
1216010 3035.4
1216020 3027.9
1216030 3024.8
1216040 3008.0
1216050 3008.0
1216060 2987.4
1216070 2985.5
1216080 2985.5
1216090 2988.2
1216100 2993.4
1216110 2993.4
1216120 2988.1
1216130 2973.2
1216140 2973.2
1216150 2959.7
1216160 2950.3
1216170 2950.3
1216180 2942.6
1216190 2934.8
1216200 2934.8
1216210 2927.4
1216220 2920.1
1216230 2920.1
1216240 2912.4
1216250 2904.7
1216260 2898.0
1216270 2898.0
1216280 2892.1
1216290 2886.8
1216300 2886.8
1216310 2879.1
1216320 2870.0
1216330 2870.0
1216340 2861.0
1216350 2850.9
1216360 2850.9
1216370 2839.4
1216380 2827.3
1216390 2827.3
1216400 2817.8
1216410 2810.3
1216420 2810.3
1216430 2802.9
1216440 2795.5
1216450 2795.5
1216460 2788.1
1216470 2779.7
1216480 2772.9
1216490 2772.9
1216500 2765.8
1216510 2758.5
1216520 2758.5
1216530 2751.1
1216540 2743.5
1216550 2743.5
1216560 2736.3
1216570 2729.1
1216580 2729.1
1216590 2722.3
1216600 2715.6
1216610 2715.6
1216620 2708.8
1216630 2701.5
1216640 2701.5
1216650 2694.3
1216660 2687.2
1216670 2687.2
1216680 2680.0
1216690 2672.5
1216700 2664.8
1216710 2664.8
1216720 2657.4
1216730 2652.1
1216740 2652.1
1216750 2647.6
1216760 2643.0
1216770 2643.0
1216780 2638.3
1216790 2634.1
1216800 2634.1
1216810 2629.9
1216820 2625.8
1216830 2625.8
1216840 2621.9
1216850 2617.3
1216860 2617.3
1216870 2612.9
1216880 2608.7
1216890 2603.0
1216900 2603.0
1216910 2598.1
1216920 2593.7
1216930 2593.7
1216940 2589.8
1216950 2586.2
1216960 2587.2
1216970 2585.4
1216980 2584.7
1216990 2584.7
1217000 2585.2
1217010 2586.2
1217020 2586.2
1217030 2585.0
1217040 2581.6
1217050 2581.6
1217060 2577.3
1217070 2572.7
1217080 2572.7
1217090 2568.3
1217100 2563.1
1217110 2558.7
1217120 2558.7
1217130 2554.6
1217140 2551.3
1217150 2551.3
1217160 2548.3
1217170 2544.3
1217180 2544.3
1217190 2541.3
1217200 2538.5
1217210 2538.5
1217220 2534.3
1217230 2531.2
1217240 2531.2
1217250 2529.0
1217260 2526.3
1217270 2526.3
1217280 2523.4
1217290 2521.1
1217300 2521.1
1217310 2520.5
1217320 2519.6
1217330 2517.0
1217340 2517.0
1217350 2512.5
1217360 2509.8
1217370 2509.8
1217380 2506.4
1217390 2501.8
1217400 2501.8
1217410 2497.0
1217420 2493.5
1217430 2486.2
1217440 2483.4
1217450 2481.3
1217460 2481.3
1217470 2478.3
1217480 2475.6
1217490 2475.6
1217500 2474.8
1217510 2473.5
1217520 2473.5
1217530 2471.0
1217540 2467.3
1217550 2463.6
1217560 2463.6
1217570 2459.9
1217580 2455.0
1217590 2455.0
1217600 2450.0
1217610 2443.7
1217620 2443.7
1217630 2436.4
1217640 2428.5
1217650 2428.5
1217660 2420.8
1217670 2412.8
1217680 2412.8
1217690 2404.8
1217700 2397.3
1217710 2397.3
1217720 2389.6
1217730 2382.1
1217740 2374.6
1217750 2374.6
1217760 2367.2
1217770 2359.9
1217780 2359.9
1217790 2352.9
1217800 2345.9
1217810 2345.9
1217820 2339.1
1217830 2332.3
1217840 2332.3
1217850 2325.7
1217860 2319.1
1217870 2319.1
1217880 2312.7
1217890 2306.4
1217900 2305.2
1217910 2298.9
1217920 2292.8
1217930 2292.8
1217940 2286.9
1217950 2281.1
1217960 2275.5
1217970 2275.5
1217980 2269.9
1217990 2264.7
1218000 2264.7
1218010 2260.2
1218020 2256.5
1218030 2256.5
1218040 2254.8
1218050 2254.0
1218060 2254.0
1218070 2255.5
1218080 2257.5
1218090 2257.5
1218100 2258.4
1218110 2259.5
1218120 2259.5
1218130 2258.6
1218140 2255.8
1218150 2255.8
1218160 2252.1
1218170 2249.5
1218180 2247.6
1218190 2247.6
1218200 2244.2
1218210 2239.2
1218220 2239.2
1218230 2234.5
1218240 2229.6
1218250 2229.6
1218260 2222.6
1218270 2214.8
1218280 2214.8
1218290 2205.2
1218300 2194.0
1218310 2194.0
1218320 2185.3
1218330 2178.8
1218340 2178.8
1218350 2169.6
1218360 2160.6
1218370 2160.6
1218380 2155.5
1218390 2152.4
1218400 2148.7
1218410 2148.7
1218420 2145.9
1218430 2145.2
1218440 2145.2
1218450 2145.5
1218460 2146.4
1218470 2146.4
1218480 2148.4
1218490 2151.3
1218500 2151.3
1218510 2154.8
1218520 2158.9
1218530 2158.9
1218540 2162.7
1218550 2166.1
1218560 2166.1
1218570 2168.7
1218580 2171.9
1218590 2174.7
1218600 2174.7
1218610 2177.1
1218620 2179.7
1218630 2179.7
1218640 2181.8
1218650 2183.3
1218660 2183.3
1218670 2185.3
1218680 2187.0
1218690 2187.0
1218700 2188.7
1218710 2190.1
1218720 2190.1
1218730 2190.3
1218740 2191.8
1218750 2191.8
1218760 2194.8
1218770 2199.1
1218780 2199.1
1218790 2202.5
1218800 2206.0
1218810 2208.8
1218820 2208.8
1218830 2210.8
1218840 2213.6
1218850 2213.6
1218860 2250.3
1218870 2270.2
1218880 2270.2
1218890 2285.1
1218900 2296.9
1218910 2296.9
1218920 2299.3
1218930 2299.9
1218940 2299.9
1218950 2321.0
1218960 2352.2
1218970 2352.2
1218980 2351.2
1218990 2350.6
1219000 2350.6
1219010 2358.8
1219020 2380.1
1219030 2418.0
1219040 2418.0
1219050 2431.9
1219060 2438.5
1219070 2438.5
1219080 2449.5
1219090 2454.6
1219100 2454.6
1219110 2463.4
1219120 2470.4
1219130 2470.4
1219140 2476.1
1219150 2481.0
1219160 2481.0
1219170 2486.9
1219180 2494.8
1219190 2494.8
1219200 2492.1
1219210 2487.5
1219220 2487.5
1219230 2486.4
1219240 2488.5
1219250 2492.6
1219260 2492.6
1219270 2497.0
1219280 2500.9
1219290 2500.9
1219300 2507.3
1219310 2510.4
1219320 2510.4
1219330 2528.7
1219340 2532.6
1219350 2532.6
1219360 2536.0
1219370 2534.4
1219380 2534.4
1219390 2528.7
1219400 2520.7
1219410 2520.7
1219420 2510.7
1219430 2498.8
1219440 2487.4
1219450 2487.4
1219460 2476.1
1219470 2463.2
1219480 2463.2
1219490 2449.6
1219500 2439.5
1219510 2439.5
1219520 2430.6
1219530 2421.9
1219540 2421.9
1219550 2412.1
1219560 2402.7
1219570 2402.7
1219580 2392.4
1219590 2384.7
1219600 2384.7
1219610 2377.9
1219620 2370.2
1219630 2370.2
1219640 2365.2
1219650 2361.8
1219660 2357.0
1219670 2357.0
1219680 2349.7
1219690 2343.3
1219700 2343.3
1219710 2339.1
1219720 2335.2
1219730 2335.2
1219740 2330.7
1219750 2326.0
1219760 2326.0
1219770 2319.5
1219780 2313.1
1219790 2313.1
1219800 2308.1
1219810 2306.4
1219820 2306.4
1219830 2297.7
1219840 2289.2
1219850 2289.2
1219860 2281.4
1219870 2272.3
1219880 2261.3
1219890 2261.3
1219900 2249.1
1219910 2243.2
1219920 2243.2
1219930 2237.1
1219940 2230.0
1219950 2230.0
1219960 2223.7
1219970 2218.9
1219980 2218.9
1219990 2214.2
