1200000 2330.6
1200010 2329.4
1200020 2329.4
1200030 2327.7
1200040 2325.5
1200050 2325.5
1200060 2323.0
1200070 2320.3
1200080 2320.3
1200090 2321.5
1200100 2324.8
1200110 2324.8
1200120 2328.9
1200130 2332.3
1200140 2336.5
1200150 2336.5
1200160 2340.4
1200170 2344.1
1200180 2344.1
1200190 2347.3
1200200 2349.9
1200210 2349.9
1200220 2352.1
1200230 2354.4
1200240 2354.4
1200250 2356.3
1200260 2357.2
1200270 2357.2
1200280 2357.8
1200290 2365.2
1200300 2365.2
1200310 2366.7
1200320 2368.6
1200330 2368.6
1200340 2370.0
1200350 2371.1
1200360 2372.5
1200370 2372.5
1200380 2373.7
1200390 2373.7
1200400 2373.7
1200410 2374.1
1200420 2376.8
1200430 2376.8
1200440 2379.7
1200450 2391.1
1200460 2391.1
1200470 2406.8
1200480 2419.8
1200490 2419.8
1200500 2434.9
1200510 2445.9
1200520 2445.9
1200530 2454.6
1200540 2462.6
1200550 2462.6
1200560 2467.2
1200570 2470.1
1200580 2472.3
1200590 2472.3
1200600 2472.1
1200610 2471.2
1200620 2471.2
1200630 2470.2
1200640 2467.1
1200650 2467.1
1200660 2463.9
1200670 2461.3
1200680 2461.3
1200690 2459.8
1200700 2464.5
1200710 2464.5
1200720 2468.0
1200730 2469.7
1200740 2475.1
1200750 2477.7
1200760 2481.2
1200770 2485.4
1200780 2485.4
1200790 2491.6
1200800 2499.2
1200810 2499.2
1200820 2507.0
1200830 2544.4
1200840 2544.4
1200850 2590.4
1200860 2586.9
1200870 2586.9
1200880 2567.3
1200890 2562.4
1200900 2562.4
1200910 2580.0
1200920 2603.6
1200930 2603.6
1200940 2616.3
1200950 2624.0
1200960 2624.0
1200970 2630.9
1200980 2638.4
1200990 2653.4
1201000 2653.4
1201010 2672.1
1201020 2686.9
1201030 2686.9
1201040 2695.3
1201050 2705.9
1201060 2705.9
1201070 2719.1
1201080 2725.5
1201090 2725.5
1201100 2722.9
1201110 2722.3
1201120 2722.3
1201130 2729.5
1201140 2740.0
1201150 2740.0
1201160 2748.4
1201170 2754.2
1201180 2751.2
1201190 2755.0
1201200 2766.9
1201210 2779.5
1201220 2779.5
1201230 2788.1
1201240 2796.3
1201250 2796.3
1201260 2806.4
1201270 2817.6
1201280 2817.6
1201290 2823.7
1201300 2825.4
1201310 2825.4
1201320 2819.2
1201330 2804.6
1201340 2804.6
1201350 2795.0
1201360 2788.9
1201370 2788.9
1201380 2783.8
1201390 2781.9
1201400 2781.9
1201410 2781.0
1201420 2780.0
1201430 2779.2
1201440 2779.2
1201450 2778.6
1201460 2778.0
1201470 2778.0
1201480 2777.6
1201490 2777.0
1201500 2777.0
1201510 2775.6
1201520 2773.7
1201530 2773.7
1201540 2772.2
1201550 2771.2
1201560 2771.2
1201570 2770.7
1201580 2771.2
1201590 2771.2
1201600 2772.9
1201610 2774.3
1201620 2774.3
1201630 2778.6
1201640 2780.0
1201650 2782.2
1201660 2782.2
1201670 2785.4
1201680 2788.0
1201690 2788.0
1201700 2791.1
1201710 2794.9
1201720 2794.9
1201730 2798.8
1201740 2801.8
1201750 2801.8
1201760 2804.4
1201770 2808.4
1201780 2808.4
1201790 2813.6
1201800 2819.5
1201810 2819.5
1201820 2826.2
1201830 2835.3
1201840 2835.3
1201850 2847.6
1201860 2858.1
1201870 2869.9
1201880 2869.9
1201890 2882.1
1201900 2887.8
1201910 2887.8
1201920 2893.7
1201930 2898.6
1201940 2898.6
1201950 2902.0
1201960 2906.9
1201970 2906.9
1201980 2913.5
1201990 2921.1
1202000 2921.1
1202010 2931.0
1202020 2948.1
1202030 2948.1
1202040 2972.1
1202050 2992.3
1202060 3005.0
1202070 3005.0
1202080 3018.1
1202090 3027.5
1202100 3027.5
1202110 3040.6
1202120 3050.9
1202130 3050.9
1202140 3053.9
1202150 3053.5
1202160 3053.5
1202170 3051.7
1202180 3050.1
1202190 3050.1
1202200 3047.3
1202210 3043.4
1202220 3043.4
1202230 3040.4
1202240 3037.2
1202250 3037.2
1202260 3033.0
1202270 3031.8
1202280 3034.5
1202290 3034.5
1202300 3041.6
1202310 3045.2
1202320 3045.2
1202330 3041.7
1202340 3037.0
1202350 3037.0
1202360 3043.7
1202370 3052.0
1202380 3052.0
1202390 3062.4
1202400 3070.3
1202410 3070.3
1202420 3080.4
1202430 3090.9
1202440 3090.9
1202450 3086.4
1202460 3088.1
1202470 3088.1
1202480 3086.7
1202490 3076.0
1202500 3069.6
1202510 3069.6
1202520 3062.7
1202530 3048.8
1202540 3048.8
1202550 3057.5
1202560 3064.7
1202570 3064.7
1202580 3061.1
1202590 3062.2
1202600 3062.2
1202610 3064.1
1202620 3068.5
1202630 3068.5
1202640 3072.9
1202650 3071.6
1202660 3071.6
1202670 3074.6
1202680 3080.2
1202690 3080.2
1202700 3072.6
1202710 3067.4
1202720 3066.3
1202730 3066.3
1202740 3069.5
1202750 3063.4
1202760 3063.4
1202770 3050.6
1202780 3029.4
1202790 3029.4
1202800 3028.9
1202810 3048.4
1202820 3048.4
1202830 3051.7
1202840 3044.3
1202850 3044.3
1202860 3042.8
1202870 3049.1
1202880 3049.1
1202890 3051.1
1202900 3054.4
1202910 3054.4
1202920 3054.6
1202930 3050.2
1202940 3041.8
1202950 3041.8
1202960 3047.9
1202970 3049.2
1202980 3036.3
1202990 3029.3
1203000 3017.6
1203010 3017.6
1203020 3016.4
1203030 3018.9
1203040 3018.9
1203050 3021.8
1203060 3024.2
1203070 3024.2
1203080 3025.7
1203090 3032.2
1203100 3032.2
1203110 3031.1
1203120 3023.4
1203130 3017.8
1203140 3017.8
1203150 3008.5
1203160 3004.7
1203170 3004.7
1203180 3006.6
1203190 3006.3
1203200 3006.3
1203210 3003.7
1203220 3002.1
1203230 3002.1
1203240 2997.4
1203250 2986.0
1203260 2986.0
1203270 2973.2
1203280 2964.1
1203290 2964.1
1203300 2956.2
1203310 2945.9
1203320 2945.9
1203330 2940.5
1203340 2933.8
1203350 2923.3
1203360 2923.3
1203370 2914.3
1203380 2907.5
1203390 2907.5
1203400 2900.0
1203410 2891.3
1203420 2891.3
1203430 2894.3
1203440 2888.4
1203450 2888.4
1203460 2883.4
1203470 2878.1
1203480 2878.1
1203490 2870.2
1203500 2859.8
1203510 2859.8
1203520 2851.5
1203530 2845.3
1203540 2845.3
1203550 2834.7
1203560 2828.2
1203570 2825.0
1203580 2825.0
1203590 2823.0
1203600 2822.2
1203610 2822.2
1203620 2821.5
1203630 2821.1
1203640 2821.1
1203650 2821.8
1203660 2819.2
1203670 2819.2
1203680 2812.7
1203690 2799.6
1203700 2799.6
1203710 2790.8
1203720 2786.1
1203730 2786.1
1203740 2786.2
1203750 2788.8
1203760 2788.8
1203770 2786.7
1203780 2779.8
1203790 2772.1
1203800 2772.1
1203810 2770.2
1203820 2767.5
1203830 2767.5
1203840 2764.8
1203850 2764.0
1203860 2764.0
1203870 2762.7
1203880 2772.9
1203890 2772.9
1203900 2774.8
1203910 2772.6
1203920 2772.6
1203930 2760.9
1203940 2748.7
1203950 2748.7
1203960 2741.1
1203970 2727.6
1203980 2727.6
1203990 2714.5
1204000 2706.7
1204010 2697.3
1204020 2697.3
1204030 2688.8
1204040 2680.5
1204050 2680.5
1204060 2675.5
1204070 2672.0
1204080 2672.0
1204090 2666.9
1204100 2660.9
1204110 2660.9
1204120 2656.1
1204130 2651.7
1204140 2651.7
1204150 2648.9
1204160 2646.9
1204170 2646.9
1204180 2645.0
1204190 2642.8
1204200 2642.8
1204210 2641.8
1204220 2641.2
1204230 2641.2
1204240 2641.2
1204250 2640.9
1204260 2640.3
1204270 2640.3
1204280 2639.7
1204290 2639.9
1204300 2639.9
1204310 2639.5
1204320 2639.1
1204330 2644.6
1204340 2644.1
1204350 2644.6
1204360 2644.6
1204370 2648.1
1204380 2652.2
1204390 2652.2
1204400 2654.6
1204410 2656.8
1204420 2658.5
1204430 2658.5
1204440 2658.8
1204450 2658.1
1204460 2658.1
1204470 2660.0
1204480 2668.0
1204490 2668.0
1204500 2678.4
1204510 2690.6
1204520 2690.6
1204530 2702.8
1204540 2712.4
1204550 2712.4
1204560 2721.6
1204570 2725.4
1204580 2725.4
1204590 2731.8
1204600 2738.3
1204610 2738.3
1204620 2745.0
1204630 2756.2
1204640 2759.5
1204650 2759.5
1204660 2762.2
1204670 2765.5
1204680 2765.5
1204690 2769.9
1204700 2778.8
1204710 2778.8
1204720 2786.3
1204730 2796.2
1204740 2796.2
1204750 2811.6
1204760 2811.9
1204770 2811.9
1204780 2804.7
1204790 2789.1
1204800 2789.1
1204810 2779.2
1204820 2767.8
1204830 2767.8
1204840 2755.3
1204850 2752.2
1204860 2751.2
1204870 2751.2
1204880 2750.5
1204890 2749.6
1204900 2749.6
1204910 2748.5
1204920 2747.1
1204930 2747.1
1204940 2746.4
1204950 2745.5
1204960 2745.5
1204970 2744.5
1204980 2743.2
1204990 2743.2
1205000 2741.7
1205010 2739.5
1205020 2739.5
1205030 2737.7
1205040 2735.7
1205050 2735.7
1205060 2733.4
1205070 2730.9
1205080 2728.2
1205090 2728.2
1205100 2725.0
1205110 2721.2
1205120 2721.2
1205130 2717.1
1205140 2712.8
1205150 2712.8
1205160 2708.2
1205170 2703.8
1205180 2703.8
1205190 2699.5
1205200 2695.0
1205210 2695.0
1205220 2690.7
1205230 2686.3
1205240 2689.8
1205250 2685.5
1205260 2682.7
1205270 2682.7
1205280 2680.3
1205290 2676.1
1205300 2672.4
1205310 2672.4
1205320 2669.9
1205330 2666.2
1205340 2666.2
1205350 2664.8
1205360 2665.3
1205370 2665.3
1205380 2663.1
1205390 2659.0
1205400 2659.0
1205410 2655.2
1205420 2650.8
1205430 2650.8
1205440 2645.5
1205450 2639.1
1205460 2639.1
1205470 2633.1
1205480 2626.8
1205490 2626.8
1205500 2620.7
1205510 2615.3
1205520 2609.5
1205530 2609.5
1205540 2603.6
1205550 2597.4
1205560 2597.4
1205570 2591.0
1205580 2584.5
1205590 2584.5
1205600 2578.1
1205610 2573.1
1205620 2573.1
1205630 2570.2
1205640 2567.7
1205650 2567.7
1205660 2565.4
1205670 2563.0
1205680 2563.0
1205690 2564.1
1205700 2559.0
1205710 2552.5
1205720 2552.5
1205730 2545.4
1205740 2538.4
1205750 2538.4
1205760 2532.8
1205770 2529.0
1205780 2529.0
1205790 2526.3
1205800 2522.6
1205810 2522.6
1205820 2518.6
1205830 2517.1
1205840 2517.1
1205850 2517.2
1205860 2518.9
1205870 2518.9
1205880 2522.2
1205890 2526.1
1205900 2526.1
1205910 2528.9
1205920 2530.9
1205930 2535.8
1205940 2535.8
1205950 2541.9
1205960 2543.8
1205970 2543.8
1205980 2540.5
1205990 2538.8
1206000 2538.8
1206010 2541.1
1206020 2548.0
1206030 2548.0
1206040 2556.5
1206050 2564.6
1206060 2564.6
1206070 2562.3
1206080 2556.7
1206090 2556.7
1206100 2554.0
1206110 2554.1
1206120 2554.1
1206130 2554.6
1206140 2560.6
1206150 2572.1
1206160 2572.1
1206170 2584.4
1206180 2609.0
1206190 2609.0
1206200 2625.1
1206210 2623.6
1206220 2623.6
1206230 2619.9
1206240 2616.3
1206250 2616.3
1206260 2609.4
1206270 2594.8
1206280 2594.8
1206290 2581.5
1206300 2575.4
1206310 2575.4
1206320 2568.6
1206330 2560.9
1206340 2560.9
1206350 2552.6
1206360 2541.5
1206370 2531.6
1206380 2531.6
1206390 2523.1
1206400 2514.7
1206410 2514.7
1206420 2507.1
1206430 2499.8
1206440 2499.8
1206450 2490.8
1206460 2478.5
1206470 2478.5
1206480 2452.3
1206490 2427.3
1206500 2427.3
1206510 2405.4
1206520 2394.0
1206530 2394.0
1206540 2387.6
1206550 2382.5
1206560 2382.5
1206570 2378.2
1206580 2373.5
1206590 2368.9
1206600 2374.7
1206610 2372.4
1206620 2371.4
1206630 2371.4
1206640 2370.3
1206650 2369.2
1206660 2369.2
1206670 2367.0
1206680 2364.5
1206690 2364.5
1206700 2363.9
1206710 2363.9
1206720 2363.9
1206730 2360.4
1206740 2350.9
1206750 2350.9
1206760 2340.8
1206770 2335.3
1206780 2335.3
1206790 2332.6
1206800 2327.6
1206810 2325.9
1206820 2325.9
1206830 2326.6
1206840 2327.4
1206850 2327.4
1206860 2328.3
1206870 2329.1
1206880 2329.1
1206890 2328.9
1206900 2331.5
1206910 2331.5
1206920 2336.8
1206930 2340.9
1206940 2340.9
1206950 2344.3
1206960 2348.8
1206970 2348.8
1206980 2352.4
1206990 2356.7
1207000 2363.7
1207010 2363.7
1207020 2367.5
1207030 2369.3
1207040 2369.3
1207050 2373.9
1207060 2379.2
1207070 2379.2
1207080 2380.1
1207090 2380.2
1207100 2380.2
1207110 2380.9
1207120 2381.5
1207130 2381.5
1207140 2379.7
1207150 2376.9
1207160 2376.9
1207170 2372.1
1207180 2367.9
1207190 2367.9
1207200 2368.2
1207210 2369.3
1207220 2369.8
1207230 2369.8
1207240 2369.3
1207250 2369.9
1207260 2369.9
1207270 2370.1
1207280 2369.2
1207290 2369.2
1207300 2367.0
1207310 2365.6
1207320 2365.6
1207330 2364.8
1207340 2362.7
1207350 2362.7
1207360 2359.4
1207370 2356.5
1207380 2356.5
1207390 2352.7
1207400 2348.3
1207410 2348.3
1207420 2343.9
1207430 2339.5
1207440 2335.5
1207450 2335.5
1207460 2332.0
1207470 2327.5
1207480 2327.5
1207490 2323.0
1207500 2317.9
1207510 2322.0
1207520 2315.9
1207530 2309.3
1207540 2309.3
1207550 2302.0
1207560 2295.4
1207570 2295.4
1207580 2290.8
1207590 2287.0
1207600 2287.0
1207610 2284.0
1207620 2280.9
1207630 2280.9
1207640 2277.3
1207650 2273.6
1207660 2269.8
1207670 2269.8
1207680 2265.3
1207690 2261.0
1207700 2261.0
1207710 2256.8
1207720 2252.1
1207730 2252.1
1207740 2247.6
1207750 2243.6
1207760 2243.6
1207770 2239.8
1207780 2236.0
1207790 2236.0
1207800 2233.0
1207810 2231.6
1207820 2231.6
1207830 2231.1
1207840 2230.0
1207850 2230.0
1207860 2229.4
1207870 2228.1
1207880 2225.1
1207890 2225.1
1207900 2222.6
1207910 2220.8
1207920 2220.8
1207930 2217.7
1207940 2213.0
1207950 2213.0
1207960 2206.8
1207970 2204.7
1207980 2204.7
1207990 2198.5
1208000 2193.3
1208010 2193.3
1208020 2189.5
1208030 2185.8
1208040 2185.8
1208050 2181.6
1208060 2176.5
1208070 2171.4
1208080 2171.4
1208090 2166.6
1208100 2161.8
1208110 2161.8
1208120 2157.7
1208130 2155.9
1208140 2155.9
1208150 2152.9
1208160 2147.7
1208170 2147.7
1208180 2141.6
1208190 2135.6
1208200 2135.6
1208210 2130.2
1208220 2125.7
1208230 2125.7
1208240 2121.0
1208250 2111.8
1208260 2111.8
1208270 2102.2
1208280 2095.3
1208290 2091.9
1208300 2091.9
1208310 2086.6
1208320 2081.1
1208330 2081.1
1208340 2073.4
1208350 2062.4
1208360 2062.4
1208370 2048.9
1208380 2041.3
1208390 2041.3
1208400 2035.3
1208410 2028.6
1208420 2028.6
1208430 2020.2
1208440 2012.6
1208450 2012.6
1208460 2007.7
1208470 2004.7
1208480 2004.7
1208490 1999.3
1208500 1994.8
1208510 1992.8
1208520 1992.8
1208530 1992.7
1208540 1990.7
1208550 1990.7
1208560 1989.0
1208570 1988.0
1208580 1988.0
1208590 1987.6
1208600 1987.3
1208610 1987.3
1208620 1983.7
1208630 1972.8
1208640 1972.8
1208650 1952.0
1208660 1930.2
1208670 1930.2
1208680 1914.2
1208690 1889.4
1208700 1889.4
1208710 1869.5
1208720 1857.7
1208730 1846.3
1208740 1846.3
1208750 1839.0
1208760 1828.0
1208770 1828.0
1208780 1818.6
1208790 1802.5
1208800 1802.5
1208810 1777.4
1208820 1765.0
1208830 1765.0
1208840 1757.5
1208850 1750.1
1208860 1750.1
1208870 1742.4
1208880 1733.3
1208890 1729.7
1208900 1714.3
1208910 1698.4
1208920 1698.4
1208930 1681.3
1208940 1669.0
1208950 1655.1
1208960 1655.1
1208970 1641.4
1208980 1629.4
1208990 1629.4
1209000 1617.5
1209010 1609.1
1209020 1609.1
1209030 1601.3
1209040 1594.3
1209050 1594.3
1209060 1586.8
1209070 1573.6
1209080 1573.6
1209090 1557.0
1209100 1542.7
1209110 1542.7
1209120 1527.4
1209130 1516.7
1209140 1516.7
1209150 1506.5
1209160 1496.3
1209170 1486.6
1209180 1486.6
1209190 1476.7
1209200 1467.2
1209210 1467.2
1209220 1456.3
1209230 1448.2
1209240 1448.2
1209250 1442.2
1209260 1436.8
1209270 1436.8
1209280 1432.8
1209290 1430.3
1209300 1430.3
1209310 1429.2
1209320 1429.1
1209330 1429.1
1209340 1429.1
1209350 1429.2
1209360 1429.3
1209370 1429.3
1209380 1429.2
1209390 1428.6
1209400 1428.6
1209410 1428.1
1209420 1427.9
1209430 1427.9
1209440 1427.5
1209450 1427.4
1209460 1427.4
1209470 1426.7
1209480 1427.4
1209490 1427.4
1209500 1428.6
1209510 1429.7
1209520 1429.7
1209530 1430.6
1209540 1431.1
1209550 1431.1
1209560 1432.0
1209570 1433.5
1209580 1436.3
1209590 1436.3
1209600 1439.0
1209610 1441.5
1209620 1441.5
1209630 1443.8
1209640 1446.6
1209650 1446.6
1209660 1450.6
1209670 1454.0
1209680 1454.0
1209690 1457.6
1209700 1461.4
1209710 1461.4
1209720 1465.2
1209730 1469.0
1209740 1469.0
1209750 1473.0
1209760 1476.8
1209770 1476.8
1209780 1480.4
1209790 1484.3
1209800 1488.3
1209810 1485.9
1209820 1490.0
1209830 1493.7
1209840 1493.7
1209850 1497.3
1209860 1500.9
1209870 1500.9
1209880 1505.2
1209890 1510.4
1209900 1510.4
1209910 1516.5
1209920 1522.6
1209930 1522.6
1209940 1529.2
1209950 1536.3
1209960 1536.3
1209970 1542.4
1209980 1548.9
1209990 1548.9
1210000 1556.0
1210010 1562.6
1210020 1569.2
1210030 1569.2
1210040 1575.9
1210050 1582.6
1210060 1582.6
1210070 1589.3
1210080 1596.1
1210090 1596.1
1210100 1602.8
1210110 1609.7
1210120 1609.7
1210130 1616.6
1210140 1627.3
1210150 1627.3
1210160 1635.7
1210170 1643.2
1210180 1643.2
1210190 1650.7
1210200 1656.8
1210210 1656.8
1210220 1667.7
1210230 1684.6
1210240 1696.3
1210250 1696.3
1210260 1718.0
1210270 1732.4
1210280 1732.4
1210290 1742.6
1210300 1753.0
1210310 1753.0
1210320 1762.1
1210330 1770.5
1210340 1770.5
1210350 1779.0
1210360 1787.8
1210370 1787.8
1210380 1796.1
1210390 1804.1
1210400 1804.1
1210410 1811.8
1210420 1818.6
1210430 1825.2
1210440 1825.2
1210450 1833.3
1210460 1843.5
1210470 1843.5
1210480 1857.7
1210490 1880.7
1210500 1880.7
1210510 1897.8
1210520 1908.5
1210530 1908.5
1210540 1917.4
1210550 1927.7
1210560 1927.7
1210570 1937.0
1210580 1944.1
1210590 1944.1
1210600 1952.0
1210610 1963.0
1210620 1963.0
1210630 1975.5
1210640 1986.8
1210650 1996.2
1210660 1996.2
1210670 2004.3
1210680 2014.9
1210690 2014.9
1210700 2024.2
1210710 2029.1
1210720 2029.1
1210730 2034.5
1210740 2053.1
1210750 2053.1
1210760 2064.9
1210770 2070.8
1210780 2070.8
1210790 2077.4
1210800 2087.3
1210810 2087.3
1210820 2098.8
1210830 2105.8
1210840 2105.8
1210850 2110.7
1210860 2116.6
1210870 2122.9
1210880 2122.9
1210890 2128.8
1210900 2134.9
1210910 2134.9
1210920 2141.5
1210930 2149.3
1210940 2149.3
1210950 2160.4
1210960 2169.4
1210970 2169.4
1210980 2174.3
1210990 2180.6
1211000 2180.6
1211010 2187.6
1211020 2194.1
1211030 2194.1
1211040 2202.1
1211050 2213.8
1211060 2213.8
1211070 2232.7
1211080 2244.7
1211090 2257.9
1211100 2257.9
1211110 2270.4
1211120 2277.2
1211130 2277.2
1211140 2282.0
1211150 2288.7
1211160 2288.7
1211170 2295.3
1211180 2302.9
1211190 2302.9
1211200 2305.6
1211210 2313.4
1211220 2313.4
1211230 2322.3
1211240 2333.8
1211250 2333.8
1211260 2357.2
1211270 2416.4
1211280 2416.4
1211290 2459.5
1211300 2472.3
1211310 2482.0
1211320 2482.0
1211330 2493.8
1211340 2500.5
1211350 2500.5
1211360 2508.4
1211370 2527.0
1211380 2527.0
1211390 2546.2
1211400 2561.1
1211410 2561.1
1211420 2570.7
1211430 2575.1
1211440 2575.1
1211450 2576.4
1211460 2572.5
1211470 2572.5
1211480 2568.6
1211490 2566.5
1211500 2566.5
1211510 2564.0
1211520 2562.0
1211530 2560.0
1211540 2560.0
1211550 2557.7
1211560 2556.7
1211570 2556.7
1211580 2554.7
1211590 2552.2
1211600 2552.2
1211610 2548.9
1211620 2544.3
1211630 2544.3
1211640 2538.9
1211650 2533.7
1211660 2532.3
1211670 2530.3
1211680 2530.3
1211690 2530.3
1211700 2530.3
1211710 2530.3
1211720 2530.3
1211730 2530.3
1211740 2530.3
1211750 2530.3
1211760 2530.3
1211770 2530.3
1211780 2530.3
1211790 2530.3
1211800 2530.3
1211810 2530.3
1211820 2530.3
1211830 2531.4
1211840 2536.2
1211850 2536.2
1211860 2542.0
1211870 2547.8
1211880 2547.8
1211890 2553.6
1211900 2559.6
1211910 2559.6
1211920 2566.0
1211930 2572.9
1211940 2579.9
1211950 2579.9
1211960 2586.8
1211970 2594.2
1211980 2594.2
1211990 2601.6
1212000 2608.5
1212010 2608.5
1212020 2614.7
1212030 2620.8
1212040 2620.8
1212050 2627.5
1212060 2634.3
1212070 2634.3
1212080 2641.0
1212090 2649.3
1212100 2649.3
1212110 2663.7
1212120 2682.5
1212130 2674.9
1212140 2695.7
1212150 2713.2
1212160 2723.6
1212170 2723.6
1212180 2740.3
1212190 2756.2
1212200 2756.2
1212210 2764.1
1212220 2778.5
1212230 2778.5
1212240 2792.0
1212250 2797.5
1212260 2797.5
1212270 2805.2
1212280 2821.0
1212290 2821.0
1212300 2832.4
1212310 2844.5
1212320 2844.5
1212330 2851.3
1212340 2856.3
1212350 2856.3
1212360 2860.2
1212370 2864.4
1212380 2867.3
1212390 2867.3
1212400 2870.5
1212410 2874.5
1212420 2874.5
1212430 2879.5
1212440 2883.4
1212450 2883.4
1212460 2884.3
1212470 2883.1
1212480 2883.1
1212490 2883.4
1212500 2883.4
1212510 2883.4
1212520 2885.9
1212530 2892.2
1212540 2892.2
1212550 2896.5
1212560 2900.3
1212570 2900.3
1212580 2904.8
1212590 2910.7
1212600 2918.4
1212610 2918.4
1212620 2913.5
1212630 2901.9
1212640 2901.9
1212650 2898.6
1212660 2895.7
1212670 2895.7
1212680 2885.9
1212690 2875.5
1212700 2875.5
1212710 2864.6
1212720 2853.2
1212730 2853.2
1212740 2843.1
1212750 2834.6
1212760 2834.6
1212770 2827.6
1212780 2821.3
1212790 2815.1
1212800 2815.1
1212810 2809.1
1212820 2803.5
1212830 2803.5
1212840 2798.1
1212850 2792.3
1212860 2792.3
1212870 2786.2
1212880 2779.7
1212890 2779.7
1212900 2773.7
1212910 2768.7
1212920 2768.7
1212930 2764.0
1212940 2759.3
1212950 2759.3
1212960 2754.6
1212970 2748.8
1212980 2748.8
1212990 2742.8
1213000 2737.8
1213010 2733.5
1213020 2733.5
1213030 2730.3
1213040 2728.7
1213050 2728.7
1213060 2724.4
1213070 2724.2
1213080 2724.2
1213090 2723.5
1213100 2722.1
1213110 2722.1
1213120 2721.0
1213130 2720.6
1213140 2720.6
1213150 2719.4
1213160 2718.3
1213170 2718.3
1213180 2717.6
1213190 2717.0
1213200 2717.0
1213210 2717.1
1213220 2719.0
1213230 2720.0
1213240 2720.0
1213250 2719.8
1213260 2718.6
1213270 2718.6
1213280 2717.1
1213290 2716.6
1213300 2716.6
1213310 2715.8
1213320 2714.9
1213330 2714.9
1213340 2714.1
1213350 2713.8
1213360 2713.8
1213370 2713.0
1213380 2711.9
1213390 2711.9
1213400 2710.5
1213410 2708.3
1213420 2708.3
1213430 2705.8
1213440 2704.5
1213450 2703.6
1213460 2703.6
1213470 2703.1
1213480 2700.3
1213490 2700.3
1213500 2699.1
1213510 2701.5
1213520 2701.5
1213530 2699.1
1213540 2698.1
1213550 2698.1
1213560 2697.9
1213570 2697.1
1213580 2697.1
1213590 2695.9
1213600 2693.2
1213610 2693.2
1213620 2689.5
1213630 2685.6
1213640 2685.6
1213650 2682.8
1213660 2681.3
1213670 2679.6
1213680 2679.6
1213690 2678.0
1213700 2676.7
1213710 2676.7
1213720 2674.8
1213730 2672.2
1213740 2672.2
1213750 2669.0
1213760 2665.0
1213770 2665.0
1213780 2662.0
1213790 2660.2
1213800 2660.2
1213810 2659.2
1213820 2657.6
1213830 2657.6
1213840 2656.7
1213850 2655.7
1213860 2655.7
1213870 2653.9
1213880 2652.4
1213890 2651.4
1213900 2651.4
1213910 2650.6
1213920 2650.2
1213930 2650.2
1213940 2651.9
1213950 2652.9
1213960 2652.9
1213970 2653.4
1213980 2653.0
1213990 2646.2
1214000 2644.7
1214010 2646.7
1214020 2646.7
1214030 2650.3
1214040 2652.1
1214050 2652.1
1214060 2652.2
1214070 2654.8
1214080 2657.7
1214090 2657.7
1214100 2657.3
1214110 2657.8
1214120 2657.8
1214130 2658.6
1214140 2660.3
1214150 2660.3
1214160 2660.8
1214170 2662.8
1214180 2662.8
1214190 2662.6
1214200 2661.4
1214210 2661.4
1214220 2662.2
1214230 2663.4
1214240 2663.4
1214250 2663.7
1214260 2664.7
1214270 2664.7
1214280 2666.4
1214290 2667.8
1214300 2669.8
1214310 2669.8
1214320 2671.6
1214330 2673.7
1214340 2673.7
1214350 2675.8
1214360 2677.3
1214370 2677.3
1214380 2679.6
1214390 2682.7
1214400 2682.7
1214410 2684.8
1214420 2685.2
1214430 2685.2
1214440 2686.6
1214450 2689.1
1214460 2680.8
1214470 2683.5
1214480 2687.6
1214490 2687.6
1214500 2687.0
1214510 2684.0
1214520 2679.2
1214530 2679.2
1214540 2673.7
1214550 2668.3
1214560 2668.3
1214570 2663.0
1214580 2657.6
1214590 2657.6
1214600 2651.0
1214610 2642.6
1214620 2642.6
1214630 2634.7
1214640 2628.7
1214650 2628.7
1214660 2622.8
1214670 2616.8
1214680 2616.8
1214690 2610.7
1214700 2604.2
1214710 2604.2
1214720 2598.0
1214730 2591.9
1214740 2586.3
1214750 2586.3
1214760 2580.9
1214770 2575.6
1214780 2575.6
1214790 2570.0
1214800 2564.4
1214810 2564.4
1214820 2559.9
1214830 2555.0
1214840 2555.0
1214850 2550.4
1214860 2545.9
1214870 2545.9
1214880 2541.1
1214890 2536.8
1214900 2536.8
1214910 2533.2
1214920 2531.3
1214930 2531.6
1214940 2530.4
1214950 2529.3
1214960 2527.8
1214970 2527.8
1214980 2526.3
1214990 2523.8
1215000 2523.8
1215010 2519.6
1215020 2513.8
1215030 2513.8
1215040 2507.7
1215050 2501.5
1215060 2501.5
1215070 2495.2
1215080 2488.3
1215090 2488.3
1215100 2482.3
1215110 2476.6
1215120 2476.6
1215130 2471.7
1215140 2467.2
1215150 2462.8
1215160 2462.8
1215170 2457.9
1215180 2452.3
1215190 2452.3
1215200 2446.0
1215210 2440.8
1215220 2440.8
1215230 2434.6
1215240 2426.5
1215250 2426.5
1215260 2419.0
1215270 2413.3
1215280 2413.3
1215290 2408.8
1215300 2403.7
1215310 2403.7
1215320 2397.0
1215330 2388.7
1215340 2388.7
1215350 2380.2
1215360 2374.4
1215370 2367.5
1215380 2367.5
1215390 2359.9
1215400 2352.3
1215410 2352.3
1215420 2345.6
1215430 2339.9
1215440 2339.9
1215450 2334.0
1215460 2329.9
1215470 2329.9
1215480 2329.1
1215490 2326.8
1215500 2326.8
1215510 2320.6
1215520 2313.7
1215530 2313.7
1215540 2307.9
1215550 2303.8
1215560 2303.8
1215570 2300.7
1215580 2297.7
1215590 2294.5
1215600 2294.5
1215610 2291.0
1215620 2287.6
1215630 2287.6
1215640 2284.2
1215650 2282.3
1215660 2282.3
1215670 2278.5
1215680 2272.7
1215690 2272.7
1215700 2268.7
1215710 2265.2
1215720 2265.2
1215730 2261.4
1215740 2258.3
1215750 2258.3
1215760 2254.8
1215770 2250.7
1215780 2250.7
1215790 2246.3
1215800 2242.6
1215810 2239.4
1215820 2239.4
1215830 2236.0
1215840 2232.1
1215850 2232.1
1215860 2228.5
1215870 2218.7
1215880 2218.7
1215890 2216.4
1215900 2214.4
1215910 2214.4
1215920 2213.3
1215930 2212.4
1215940 2212.4
1215950 2211.4
1215960 2211.5
1215970 2211.5
1215980 2211.1
1215990 2210.4
1216000 2210.4
1216010 2209.3
1216020 2206.9
1216030 2202.9
1216040 2202.9
1216050 2199.9
1216060 2197.8
1216070 2197.8
1216080 2195.4
1216090 2193.2
1216100 2193.2
1216110 2191.1
1216120 2188.8
1216130 2188.8
1216140 2186.4
1216150 2184.0
1216160 2184.0
1216170 2180.5
1216180 2176.6
1216190 2176.6
1216200 2172.4
1216210 2168.0
1216220 2168.0
1216230 2164.9
1216240 2162.8
1216250 2161.4
1216260 2161.4
1216270 2159.0
1216280 2156.3
1216290 2156.3
1216300 2152.9
1216310 2149.6
1216320 2149.6
1216330 2146.7
1216340 2143.6
1216350 2143.6
1216360 2140.2
1216370 2137.1
1216380 2137.1
1216390 2134.6
1216400 2132.8
1216410 2132.8
1216420 2131.2
1216430 2128.9
1216440 2126.5
1216450 2126.5
1216460 2124.6
1216470 2122.6
1216480 2122.6
1216490 2121.0
1216500 2119.9
1216510 2119.9
1216520 2119.3
1216530 2118.6
1216540 2118.6
1216550 2117.3
1216560 2115.5
1216570 2115.5
1216580 2113.5
1216590 2111.1
1216600 2111.1
1216610 2108.0
1216620 2105.9
1216630 2105.9
1216640 2105.4
1216650 2105.3
1216660 2105.0
1216670 2105.0
1216680 2104.4
1216690 2102.7
1216700 2102.7
1216710 2101.0
1216720 2099.7
1216730 2099.7
1216740 2098.2
1216750 2096.2
1216760 2096.2
1216770 2093.9
1216780 2091.9
1216790 2091.9
1216800 2089.5
1216810 2087.4
1216820 2090.2
1216830 2087.4
1216840 2085.6
1216850 2085.6
1216860 2084.6
1216870 2083.0
1216880 2081.2
1216890 2081.2
1216900 2079.3
1216910 2077.7
1216920 2077.7
1216930 2075.9
1216940 2074.0
1216950 2074.0
1216960 2072.0
1216970 2069.9
1216980 2069.9
1216990 2067.8
1217000 2066.3
1217010 2066.3
1217020 2064.8
1217030 2063.6
1217040 2063.6
1217050 2064.5
1217060 2066.4
1217070 2066.4
1217080 2067.5
1217090 2068.3
1217100 2069.4
1217110 2069.4
1217120 2069.9
1217130 2069.7
1217140 2069.7
1217150 2069.7
1217160 2070.1
1217170 2070.1
1217180 2070.0
1217190 2069.1
1217200 2069.1
1217210 2068.3
1217220 2067.6
1217230 2067.6
1217240 2067.1
1217250 2066.4
1217260 2066.4
1217270 2064.9
1217280 2063.5
1217290 2068.1
1217300 2067.2
1217310 2066.5
1217320 2066.3
1217330 2066.3
1217340 2066.8
1217350 2067.8
1217360 2067.8
1217370 2069.1
1217380 2070.1
1217390 2070.1
1217400 2071.4
1217410 2072.7
1217420 2072.7
1217430 2073.5
1217440 2074.1
1217450 2074.1
1217460 2074.2
1217470 2073.7
1217480 2073.7
1217490 2073.1
1217500 2073.0
1217510 2071.9
1217520 2071.9
1217530 2070.8
1217540 2069.5
1217550 2069.5
1217560 2067.6
1217570 2065.3
1217580 2065.3
1217590 2062.4
1217600 2059.4
1217610 2059.4
1217620 2056.1
1217630 2053.2
1217640 2053.2
1217650 2050.7
1217660 2048.2
1217670 2048.2
1217680 2046.9
1217690 2045.7
1217700 2045.7
1217710 2044.5
1217720 2043.4
1217730 2042.8
1217740 2042.8
1217750 2042.4
1217760 2041.8
1217770 2046.8
1217780 2045.1
1217790 2043.4
1217800 2043.4
1217810 2041.9
1217820 2039.4
1217830 2039.4
1217840 2036.5
1217850 2035.4
1217860 2035.4
1217870 2035.7
1217880 2036.3
1217890 2036.3
1217900 2035.6
1217910 2034.6
1217920 2034.6
1217930 2033.7
1217940 2032.3
1217950 2031.3
1217960 2031.3
1217970 2030.7
1217980 2029.8
1217990 2029.8
1218000 2030.0
1218010 2030.2
1218020 2030.2
1218030 2031.5
1218040 2032.8
1218050 2032.8
1218060 2034.3
1218070 2036.4
1218080 2036.4
1218090 2037.9
1218100 2040.4
1218110 2040.4
1218120 2043.3
1218130 2045.8
1218140 2045.8
1218150 2048.1
1218160 2050.9
1218170 2053.6
1218180 2053.6
1218190 2056.9
1218200 2059.8
1218210 2059.8
1218220 2061.5
1218230 2062.9
1218240 2070.4
1218250 2071.2
1218260 2070.8
1218270 2070.8
1218280 2070.9
1218290 2070.1
1218300 2070.1
1218310 2066.3
1218320 2061.3
1218330 2061.3
1218340 2055.0
1218350 2048.1
1218360 2048.1
1218370 2040.7
1218380 2033.7
1218390 2024.8
1218400 2024.8
1218410 2015.1
1218420 2005.6
1218430 2005.6
1218440 1994.5
1218450 1983.4
1218460 1983.4
1218470 1973.7
1218480 1965.4
1218490 1965.4
1218500 1957.7
1218510 1950.0
1218520 1950.0
1218530 1942.2
1218540 1934.8
1218550 1934.8
1218560 1929.0
1218570 1923.6
1218580 1917.5
1218590 1917.5
1218600 1912.0
1218610 1905.3
1218620 1905.3
1218630 1898.0
1218640 1891.5
1218650 1891.5
1218660 1885.0
1218670 1878.8
1218680 1878.8
1218690 1871.8
1218700 1864.1
1218710 1864.1
1218720 1855.4
1218730 1847.3
1218740 1847.3
1218750 1840.2
1218760 1832.9
1218770 1832.9
1218780 1826.5
1218790 1820.5
1218800 1814.3
1218810 1814.3
1218820 1808.1
1218830 1801.1
1218840 1801.1
1218850 1794.4
1218860 1787.9
1218870 1787.9
1218880 1781.3
1218890 1775.4
1218900 1775.4
1218910 1769.9
1218920 1763.3
1218930 1763.3
1218940 1756.3
1218950 1748.9
1218960 1748.9
1218970 1742.5
1218980 1734.9
1218990 1734.9
1219000 1727.7
1219010 1722.5
1219020 1716.8
1219030 1716.8
1219040 1708.2
1219050 1703.8
1219060 1703.8
1219070 1697.7
1219080 1688.5
1219090 1688.5
1219100 1677.2
1219110 1663.9
1219120 1663.9
1219130 1654.8
1219140 1647.1
1219150 1647.1
1219160 1638.6
1219170 1628.5
1219180 1628.5
1219190 1624.3
1219200 1630.1
1219210 1630.1
1219220 1639.8
1219230 1643.0
1219240 1647.3
1219250 1647.3
1219260 1653.3
1219270 1658.9
1219280 1658.9
1219290 1664.2
1219300 1672.3
1219310 1672.3
1219320 1680.9
1219330 1683.7
1219340 1683.7
1219350 1681.6
1219360 1677.5
1219370 1677.5
1219380 1670.9
1219390 1664.6
1219400 1664.6
1219410 1657.3
1219420 1650.9
1219430 1650.9
1219440 1644.6
1219450 1636.7
1219460 1630.1
1219470 1630.1
1219480 1624.8
1219490 1621.5
1219500 1621.5
1219510 1618.7
1219520 1615.9
1219530 1615.9
1219540 1614.1
1219550 1613.1
1219560 1613.1
1219570 1611.5
1219580 1608.4
1219590 1608.4
1219600 1604.8
1219610 1601.6
1219620 1601.6
1219630 1599.0
1219640 1596.1
1219650 1596.1
1219660 1593.5
1219670 1598.8
1219680 1596.6
1219690 1596.6
1219700 1594.1
1219710 1586.9
1219720 1586.9
1219730 1578.0
1219740 1569.2
1219750 1569.2
1219760 1558.0
1219770 1548.9
1219780 1548.9
1219790 1542.0
1219800 1537.6
1219810 1537.6
1219820 1532.4
1219830 1527.2
1219840 1527.2
1219850 1519.0
1219860 1511.6
1219870 1508.0
1219880 1508.0
1219890 1504.3
1219900 1501.3
1219910 1501.3
1219920 1498.0
1219930 1495.5
1219940 1495.5
1219950 1491.9
1219960 1487.5
1219970 1487.5
1219980 1481.6
1219990 1476.6
