1200000 2388.3
1200010 2393.1
1200020 2397.0
1200030 2397.0
1200040 2401.9
1200050 2407.4
1200060 2407.4
1200070 2415.8
1200080 2424.0
1200090 2424.0
1200100 2431.2
1200110 2437.4
1200120 2437.4
1200130 2429.8
1200140 2435.5
1200150 2435.5
1200160 2437.6
1200170 2437.2
1200180 2437.2
1200190 2433.4
1200200 2432.7
1200210 2432.7
1200220 2437.4
1200230 2442.0
1200240 2443.6
1200250 2443.6
1200260 2442.4
1200270 2438.8
1200280 2438.8
1200290 2437.5
1200300 2440.2
1200310 2440.2
1200320 2444.4
1200330 2449.2
1200340 2449.2
1200350 2450.9
1200360 2449.3
1200370 2449.3
1200380 2447.3
1200390 2450.8
1200400 2450.8
1200410 2453.4
1200420 2455.1
1200430 2455.1
1200440 2461.4
1200450 2472.9
1200460 2488.6
1200470 2488.6
1200480 2504.0
1200490 2512.2
1200500 2512.2
1200510 2519.0
1200520 2522.7
1200530 2522.7
1200540 2530.1
1200550 2539.3
1200560 2539.3
1200570 2545.9
1200580 2544.2
1200590 2544.2
1200600 2551.6
1200610 2556.5
1200620 2556.5
1200630 2561.1
1200640 2566.7
1200650 2571.2
1200660 2571.2
1200670 2575.8
1200680 2581.0
1200690 2581.0
1200700 2587.9
1200710 2596.2
1200720 2596.2
1200730 2600.6
1200740 2610.6
1200750 2610.6
1200760 2623.3
1200770 2630.4
1200780 2630.4
1200790 2644.6
1200800 2654.8
1200810 2654.8
1200820 2660.6
1200830 2669.5
1200840 2669.5
1200850 2682.5
1200860 2688.3
1200870 2687.8
1200880 2687.8
1200890 2690.3
1200900 2695.6
1200910 2695.6
1200920 2694.3
1200930 2691.1
1200940 2691.1
1200950 2695.2
1200960 2698.8
1200970 2698.8
1200980 2701.3
1200990 2704.5
1201000 2704.5
1201010 2716.4
1201020 2722.3
1201030 2722.3
1201040 2739.0
1201050 2750.3
1201060 2750.3
1201070 2743.1
1201080 2740.9
1201090 2750.8
1201100 2750.8
1201110 2754.4
1201120 2756.9
1201130 2756.9
1201140 2765.0
1201150 2773.4
1201160 2773.4
1201170 2782.6
1201180 2791.7
1201190 2791.7
1201200 2798.7
1201210 2803.7
1201220 2803.7
1201230 2807.2
1201240 2814.4
1201250 2814.4
1201260 2826.6
1201270 2843.0
1201280 2843.0
1201290 2855.2
1201300 2855.1
1201310 2854.6
1201320 2854.6
1201330 2854.0
1201340 2852.9
1201350 2852.9
1201360 2856.8
1201370 2860.2
1201380 2860.2
1201390 2864.0
1201400 2874.2
1201410 2874.2
1201420 2881.9
1201430 2882.7
1201440 2882.7
1201450 2885.1
1201460 2893.2
1201470 2862.5
1201480 2886.0
1201490 2902.8
1201500 2902.8
1201510 2907.7
1201520 2915.1
1201530 2925.3
1201540 2925.3
1201550 2945.7
1201560 2958.7
1201570 2958.7
1201580 2962.7
1201590 2967.3
1201600 2967.3
1201610 2977.5
1201620 2993.9
1201630 2993.9
1201640 2997.8
1201650 2994.7
1201660 2994.7
1201670 2992.1
1201680 2986.3
1201690 2986.3
1201700 2980.0
1201710 2976.1
1201720 2976.1
1201730 2972.2
1201740 2964.5
1201750 2952.8
1201760 2952.8
1201770 2943.6
1201780 2934.2
1201790 2934.2
1201800 2921.4
1201810 2911.3
1201820 2911.3
1201830 2907.7
1201840 2905.9
1201850 2905.9
1201860 2904.1
1201870 2900.3
1201880 2900.3
1201890 2893.9
1201900 2886.7
1201910 2886.7
1201920 2876.9
1201930 2865.5
1201940 2865.5
1201950 2854.5
1201960 2845.9
1201970 2832.8
1201980 2832.8
1201990 2820.0
1202000 2813.2
1202010 2813.2
1202020 2809.3
1202030 2810.1
1202040 2810.1
1202050 2813.4
1202060 2816.8
1202070 2816.8
1202080 2819.0
1202090 2820.1
1202100 2820.1
1202110 2822.5
1202120 2823.9
1202130 2823.9
1202140 2827.1
1202150 2832.6
1202160 2838.1
1202170 2838.1
1202180 2844.1
1202190 2850.5
1202200 2850.5
1202210 2859.4
1202220 2871.0
1202230 2871.0
1202240 2880.6
1202250 2891.5
1202260 2891.5
1202270 2901.6
1202280 2910.6
1202290 2910.6
1202300 2921.2
1202310 2929.7
1202320 2929.7
1202330 2951.9
1202340 2977.7
1202350 2977.7
1202360 2986.9
1202370 2982.1
1202380 3001.9
1202390 3001.9
1202400 3016.3
1202410 3028.0
1202420 3028.0
1202430 3044.6
1202440 3057.7
1202450 3057.7
1202460 3071.7
1202470 3080.5
1202480 3080.5
1202490 3084.3
1202500 3084.0
1202510 3084.0
1202520 3081.6
1202530 3073.7
1202540 3073.7
1202550 3055.9
1202560 3043.9
1202570 3043.9
1202580 3036.3
1202590 3027.3
1202600 3004.1
1202610 3004.1
1202620 2980.9
1202630 2960.1
1202640 2960.1
1202650 2946.4
1202660 2935.6
1202670 2935.6
1202680 2922.8
1202690 2913.2
1202700 2913.2
1202710 2904.5
1202720 2897.1
1202730 2897.1
1202740 2889.8
1202750 2883.5
1202760 2883.5
1202770 2879.0
1202780 2877.8
1202790 2877.8
1202800 2877.8
1202810 2877.8
1202820 2881.8
1202830 2881.8
1202840 2881.4
1202850 2880.8
1202860 2880.8
1202870 2880.4
1202880 2880.0
1202890 2880.0
1202900 2879.2
1202910 2878.2
1202920 2878.2
1202930 2877.2
1202940 2876.1
1202950 2876.1
1202960 2874.7
1202970 2874.2
1202980 2874.2
1202990 2874.2
1203000 2874.3
1203010 2874.3
1203020 2875.1
1203030 2876.8
1203040 2880.7
1203050 2880.7
1203060 2888.1
1203070 2889.6
1203080 2889.6
1203090 2875.4
1203100 2863.9
1203110 2863.9
1203120 2852.0
1203130 2834.6
1203140 2834.6
1203150 2810.6
1203160 2798.4
1203170 2798.4
1203180 2791.6
1203190 2777.5
1203200 2777.5
1203210 2754.5
1203220 2726.7
1203230 2726.7
1203240 2716.0
1203250 2712.1
1203260 2702.2
1203270 2698.6
1203280 2691.2
1203290 2683.8
1203300 2683.8
1203310 2677.0
1203320 2670.9
1203330 2670.9
1203340 2665.4
1203350 2659.9
1203360 2659.9
1203370 2654.0
1203380 2647.9
1203390 2647.9
1203400 2642.1
1203410 2636.4
1203420 2636.4
1203430 2630.6
1203440 2624.6
1203450 2624.6
1203460 2618.7
1203470 2612.9
1203480 2607.2
1203490 2607.2
1203500 2601.5
1203510 2595.9
1203520 2595.9
1203530 2590.4
1203540 2585.0
1203550 2585.0
1203560 2579.5
1203570 2574.1
1203580 2574.1
1203590 2569.1
1203600 2564.0
1203610 2564.0
1203620 2559.0
1203630 2554.0
1203640 2554.0
1203650 2549.3
1203660 2544.6
1203670 2540.4
1203680 2540.4
1203690 2536.5
1203700 2532.9
1203710 2532.9
1203720 2533.4
1203730 2529.7
1203740 2529.7
1203750 2524.9
1203760 2521.0
1203770 2521.0
1203780 2517.4
1203790 2513.1
1203800 2513.1
1203810 2510.0
1203820 2507.0
1203830 2507.0
1203840 2504.0
1203850 2503.0
1203860 2503.0
1203870 2500.4
1203880 2495.3
1203890 2490.0
1203900 2490.0
1203910 2485.4
1203920 2483.6
1203930 2483.6
1203940 2480.1
1203950 2476.3
1203960 2476.3
1203970 2475.1
1203980 2472.9
1203990 2472.9
1204000 2464.3
1204010 2455.1
1204020 2455.1
1204030 2450.2
1204040 2451.7
1204050 2451.7
1204060 2458.8
1204070 2462.6
1204080 2462.6
1204090 2460.9
1204100 2459.0
1204110 2455.9
1204120 2455.9
1204130 2454.3
1204140 2455.1
1204150 2455.1
1204160 2454.6
1204170 2460.5
1204180 2460.5
1204190 2461.4
1204200 2461.3
1204210 2461.3
1204220 2459.4
1204230 2457.2
1204240 2457.2
1204250 2456.3
1204260 2456.7
1204270 2456.7
1204280 2458.1
1204290 2460.2
1204300 2460.2
1204310 2459.6
1204320 2457.3
1204330 2453.4
1204340 2453.4
1204350 2448.5
1204360 2442.5
1204370 2442.5
1204380 2436.9
1204390 2435.2
1204400 2435.2
1204410 2437.1
1204420 2435.4
1204430 2435.4
1204440 2434.3
1204450 2429.9
1204460 2429.9
1204470 2424.4
1204480 2419.7
1204490 2419.7
1204500 2415.3
1204510 2410.9
1204520 2410.9
1204530 2406.7
1204540 2403.6
1204550 2400.2
1204560 2400.2
1204570 2395.4
1204580 2391.5
1204590 2391.5
1204600 2388.7
1204610 2384.9
1204620 2388.6
1204630 2390.0
1204640 2390.6
1204650 2390.6
1204660 2389.1
1204670 2385.0
1204680 2385.0
1204690 2381.8
1204700 2378.8
1204710 2378.8
1204720 2378.1
1204730 2378.8
1204740 2378.8
1204750 2380.1
1204760 2379.9
1204770 2383.3
1204780 2383.3
1204790 2388.5
1204800 2395.1
1204810 2395.1
1204820 2402.2
1204830 2409.3
1204840 2409.3
1204850 2412.7
1204860 2406.8
1204870 2406.8
1204880 2399.5
1204890 2392.3
1204900 2392.3
1204910 2385.2
1204920 2378.1
1204930 2378.1
1204940 2374.4
1204950 2374.9
1204960 2374.9
1204970 2375.0
1204980 2374.2
1204990 2372.8
1205000 2372.8
1205010 2371.2
1205020 2372.8
1205030 2372.8
1205040 2376.5
1205050 2380.5
1205060 2380.5
1205070 2384.8
1205080 2391.0
1205090 2391.0
1205100 2396.0
1205110 2401.2
1205120 2401.2
1205130 2405.8
1205140 2410.3
1205150 2410.3
1205160 2415.3
1205170 2420.6
1205180 2425.9
1205190 2425.9
1205200 2434.6
1205210 2451.4
1205220 2451.4
1205230 2458.0
1205240 2467.3
1205250 2467.3
1205260 2482.8
1205270 2492.8
1205280 2492.8
1205290 2500.5
1205300 2508.8
1205310 2508.8
1205320 2515.8
1205330 2522.0
1205340 2522.0
1205350 2528.2
1205360 2534.3
1205370 2534.3
1205380 2543.9
1205390 2573.3
1205400 2575.5
1205410 2575.5
1205420 2567.2
1205430 2557.8
1205440 2557.8
1205450 2549.3
1205460 2539.7
1205470 2539.7
1205480 2529.4
1205490 2518.0
1205500 2518.0
1205510 2507.3
1205520 2499.1
1205530 2498.9
1205540 2492.0
1205550 2485.9
1205560 2485.9
1205570 2480.9
1205580 2476.9
1205590 2476.9
1205600 2472.7
1205610 2468.4
1205620 2464.4
1205630 2464.4
1205640 2460.5
1205650 2457.4
1205660 2457.4
1205670 2455.3
1205680 2453.2
1205690 2453.2
1205700 2451.6
1205710 2449.9
1205720 2449.9
1205730 2448.7
1205740 2447.6
1205750 2447.6
1205760 2446.5
1205770 2445.4
1205780 2445.4
1205790 2446.6
1205800 2447.8
1205810 2447.8
1205820 2448.3
1205830 2448.1
1205840 2447.0
1205850 2447.0
1205860 2445.8
1205870 2442.6
1205880 2442.6
1205890 2436.7
1205900 2429.6
1205910 2429.6
1205920 2422.2
1205930 2415.0
1205940 2415.0
1205950 2408.9
1205960 2403.5
1205970 2403.5
1205980 2392.3
1205990 2383.6
1206000 2383.6
1206010 2375.6
1206020 2369.8
1206030 2369.8
1206040 2366.5
1206050 2363.2
1206060 2360.6
1206070 2360.6
1206080 2358.5
1206090 2356.2
1206100 2356.2
1206110 2351.3
1206120 2345.3
1206130 2345.3
1206140 2338.0
1206150 2329.8
1206160 2329.8
1206170 2317.7
1206180 2304.4
1206190 2304.4
1206200 2286.9
1206210 2259.1
1206220 2259.1
1206230 2243.2
1206240 2228.7
1206250 2228.7
1206260 2218.7
1206270 2211.2
1206280 2204.8
1206290 2204.8
1206300 2198.9
1206310 2193.6
1206320 2193.6
1206330 2189.1
1206340 2184.8
1206350 2184.8
1206360 2180.0
1206370 2174.5
1206380 2174.5
1206390 2169.7
1206400 2166.3
1206410 2166.3
1206420 2164.1
1206430 2163.8
1206440 2165.8
1206450 2166.3
1206460 2166.6
1206470 2166.6
1206480 2166.9
1206490 2167.1
1206500 2167.4
1206510 2167.4
1206520 2167.6
1206530 2168.8
1206540 2168.8
1206550 2168.9
1206560 2169.1
1206570 2169.1
1206580 2169.4
1206590 2169.8
1206600 2169.8
1206610 2170.1
1206620 2171.2
1206630 2171.2
1206640 2173.1
1206650 2176.0
1206660 2176.0
1206670 2178.6
1206680 2181.6
1206690 2185.1
1206700 2185.1
1206710 2188.8
1206720 2193.0
1206730 2193.0
1206740 2196.6
1206750 2199.0
1206760 2199.0
1206770 2202.1
1206780 2204.3
1206790 2204.3
1206800 2205.7
1206810 2204.8
1206820 2204.8
1206830 2204.7
1206840 2205.6
1206850 2205.6
1206860 2205.9
1206870 2204.8
1206880 2204.8
1206890 2199.3
1206900 2196.5
1206910 2194.8
1206920 2194.8
1206930 2192.5
1206940 2191.0
1206950 2191.0
1206960 2188.8
1206970 2186.9
1206980 2186.9
1206990 2187.9
1207000 2191.6
1207010 2191.6
1207020 2195.6
1207030 2199.3
1207040 2199.3
1207050 2201.8
1207060 2203.9
1207070 2203.9
1207080 2212.1
1207090 2229.1
1207100 2229.1
1207110 2248.0
1207120 2259.7
1207130 2262.2
1207140 2262.2
1207150 2263.8
1207160 2268.1
1207170 2268.1
1207180 2274.3
1207190 2281.9
1207200 2281.9
1207210 2305.1
1207220 2305.2
1207230 2305.2
1207240 2304.1
1207250 2300.6
1207260 2300.6
1207270 2294.6
1207280 2292.0
1207290 2292.0
1207300 2289.0
1207310 2285.9
1207320 2285.9
1207330 2283.8
1207340 2279.0
1207350 2273.0
1207360 2273.0
1207370 2267.0
1207380 2260.8
1207390 2260.8
1207400 2255.4
1207410 2251.2
1207420 2251.2
1207430 2248.1
1207440 2246.4
1207450 2246.4
1207460 2244.1
1207470 2240.9
1207480 2240.9
1207490 2237.0
1207500 2233.5
1207510 2233.5
1207520 2229.4
1207530 2223.8
1207540 2223.8
1207550 2218.9
1207560 2214.5
1207570 2210.7
1207580 2210.7
1207590 2207.9
1207600 2205.1
1207610 2205.1
1207620 2201.1
1207630 2199.1
1207640 2199.1
1207650 2197.9
1207660 2195.0
1207670 2195.0
1207680 2190.6
1207690 2185.3
1207700 2185.3
1207710 2179.7
1207720 2174.3
1207730 2174.3
1207740 2168.5
1207750 2161.5
1207760 2161.5
1207770 2156.4
1207780 2150.7
1207790 2144.2
1207800 2144.2
1207810 2141.1
1207820 2133.8
1207830 2133.8
1207840 2127.5
1207850 2122.3
1207860 2122.3
1207870 2116.6
1207880 2109.9
1207890 2109.9
1207900 2102.2
1207910 2096.3
1207920 2096.3
1207930 2090.5
1207940 2084.4
1207950 2084.4
1207960 2075.9
1207970 2062.6
1207980 2062.6
1207990 2052.4
1208000 2043.5
1208010 2034.1
1208020 2034.1
1208030 2025.7
1208040 2018.8
1208050 2018.8
1208060 2011.9
1208070 2003.9
1208080 2003.9
1208090 1994.1
1208100 1984.6
1208110 1984.6
1208120 1977.0
1208130 1967.9
1208140 1967.9
1208150 1960.3
1208160 1955.6
1208170 1955.6
1208180 1951.4
1208190 1946.3
1208200 1941.5
1208210 1941.5
1208220 1938.7
1208230 1936.3
1208240 1936.3
1208250 1931.4
1208260 1922.6
1208270 1927.2
1208280 1919.2
1208290 1910.9
1208300 1910.9
1208310 1901.2
1208320 1895.2
1208330 1895.2
1208340 1889.3
1208350 1884.9
1208360 1884.9
1208370 1879.5
1208380 1872.8
1208390 1872.8
1208400 1865.2
1208410 1860.5
1208420 1856.2
1208430 1856.2
1208440 1852.4
1208450 1847.1
1208460 1847.1
1208470 1837.3
1208480 1829.1
1208490 1829.1
1208500 1823.2
1208510 1816.8
1208520 1816.8
1208530 1798.7
1208540 1778.8
1208550 1778.8
1208560 1771.6
1208570 1765.2
1208580 1765.2
1208590 1754.2
1208600 1740.8
1208610 1740.8
1208620 1732.4
1208630 1731.9
1208640 1725.9
1208650 1725.9
1208660 1715.2
1208670 1704.1
1208680 1704.1
1208690 1692.4
1208700 1679.1
1208710 1679.1
1208720 1654.6
1208730 1648.9
1208740 1648.9
1208750 1635.9
1208760 1628.8
1208770 1628.8
1208780 1621.3
1208790 1613.5
1208800 1613.5
1208810 1606.2
1208820 1598.2
1208830 1598.2
1208840 1590.3
1208850 1583.2
1208860 1576.7
1208870 1576.7
1208880 1570.8
1208890 1564.5
1208900 1564.5
1208910 1557.6
1208920 1551.2
1208930 1551.2
1208940 1545.5
1208950 1540.2
1208960 1540.2
1208970 1533.6
1208980 1525.9
1208990 1525.9
1209000 1517.4
1209010 1508.7
1209020 1508.7
1209030 1501.3
1209040 1493.6
1209050 1493.6
1209060 1483.6
1209070 1475.7
1209080 1468.9
1209090 1468.9
1209100 1464.1
1209110 1459.9
1209120 1459.9
1209130 1455.6
1209140 1450.8
1209150 1450.8
1209160 1446.0
1209170 1441.3
1209180 1441.3
1209190 1436.8
1209200 1431.8
1209210 1431.8
1209220 1427.3
1209230 1421.6
1209240 1421.6
1209250 1417.5
1209260 1416.6
1209270 1416.6
1209280 1415.2
1209290 1416.2
1209300 1416.4
1209310 1416.4
1209320 1416.4
1209330 1416.5
1209340 1416.5
1209350 1416.3
1209360 1416.1
1209370 1416.1
1209380 1416.4
1209390 1416.9
1209400 1416.9
1209410 1416.9
1209420 1416.7
1209430 1416.7
1209440 1416.6
1209450 1416.5
1209460 1416.5
1209470 1416.5
1209480 1416.4
1209490 1416.4
1209500 1416.4
1209510 1416.4
1209520 1416.3
1209530 1416.3
1209540 1416.3
1209550 1416.8
1209560 1416.8
1209570 1418.5
1209580 1421.4
1209590 1421.4
1209600 1425.0
1209610 1429.3
1209620 1429.3
1209630 1433.1
1209640 1437.3
1209650 1438.3
1209660 1441.9
1209670 1446.4
1209680 1446.4
1209690 1451.1
1209700 1456.6
1209710 1462.7
1209720 1462.7
1209730 1469.2
1209740 1476.0
1209750 1476.0
1209760 1484.0
1209770 1493.8
1209780 1493.8
1209790 1503.2
1209800 1512.1
1209810 1512.1
1209820 1520.8
1209830 1529.3
1209840 1529.3
1209850 1540.4
1209860 1555.0
1209870 1555.0
1209880 1565.5
1209890 1576.5
1209900 1576.5
1209910 1588.7
1209920 1604.6
1209930 1620.1
1209940 1620.1
1209950 1636.1
1209960 1645.8
1209970 1645.8
1209980 1652.0
1209990 1658.9
1210000 1658.9
1210010 1671.5
1210020 1681.1
1210030 1681.1
1210040 1687.2
1210050 1691.3
1210060 1691.3
1210070 1698.8
1210080 1708.4
1210090 1708.4
1210100 1716.7
1210110 1721.1
1210120 1721.1
1210130 1727.4
1210140 1734.0
1210150 1742.3
1210160 1742.3
1210170 1752.6
1210180 1761.6
1210190 1761.6
1210200 1770.3
1210210 1778.2
1210220 1778.2
1210230 1784.8
1210240 1790.9
1210250 1790.9
1210260 1800.8
1210270 1818.4
1210280 1818.4
1210290 1841.9
1210300 1854.2
1210310 1854.2
1210320 1864.0
1210330 1884.4
1210340 1884.4
1210350 1900.6
1210360 1921.8
1210370 1938.8
1210380 1938.8
1210390 1949.1
1210400 1958.4
1210410 1958.4
1210420 1963.4
1210430 1977.6
1210440 1977.6
1210450 1988.5
1210460 1996.0
1210470 1996.0
1210480 2003.3
1210490 2009.6
1210500 2009.6
1210510 2016.1
1210520 2028.0
1210530 2028.0
1210540 2061.6
1210550 2092.6
1210560 2092.6
1210570 2107.1
1210580 2118.8
1210590 2133.5
1210600 2133.5
1210610 2147.6
1210620 2163.3
1210630 2163.3
1210640 2179.7
1210650 2195.6
1210660 2195.6
1210670 2215.2
1210680 2241.6
1210690 2241.6
1210700 2254.8
1210710 2263.7
1210720 2263.7
1210730 2270.0
1210740 2275.4
1210750 2275.4
1210760 2282.0
1210770 2289.0
1210780 2289.0
1210790 2295.9
1210800 2301.7
1210810 2307.6
1210820 2307.6
1210830 2314.3
1210840 2320.5
1210850 2320.5
1210860 2327.1
1210870 2334.7
1210880 2334.7
1210890 2344.4
1210900 2357.1
1210910 2357.1
1210920 2366.7
1210930 2377.2
1210940 2377.2
1210950 2390.7
1210960 2400.3
1210970 2400.3
1210980 2410.4
1210990 2420.9
1211000 2420.9
1211010 2430.8
1211020 2439.1
1211030 2446.6
1211040 2446.6
1211050 2453.1
1211060 2460.4
1211070 2460.4
1211080 2468.1
1211090 2476.6
1211100 2476.6
1211110 2489.2
1211120 2501.8
1211130 2501.8
1211140 2513.0
1211150 2521.7
1211160 2521.7
1211170 2530.6
1211180 2538.8
1211190 2538.8
1211200 2547.0
1211210 2551.1
1211220 2543.3
1211230 2543.3
1211240 2530.9
1211250 2517.5
1211260 2517.5
1211270 2500.1
1211280 2473.5
1211290 2473.5
1211300 2450.5
1211310 2433.0
1211320 2433.0
1211330 2422.6
1211340 2415.5
1211350 2415.5
1211360 2408.9
1211370 2403.1
1211380 2403.1
1211390 2398.3
1211400 2394.8
1211410 2394.8
1211420 2393.9
1211430 2392.6
1211440 2390.5
1211450 2390.5
1211460 2387.4
1211470 2383.4
1211480 2383.4
1211490 2380.2
1211500 2380.8
1211510 2380.8
1211520 2379.2
1211530 2378.6
1211540 2378.6
1211550 2381.8
1211560 2386.5
1211570 2386.5
1211580 2390.7
1211590 2394.9
1211600 2394.9
1211610 2400.1
1211620 2406.3
1211630 2406.3
1211640 2413.9
1211650 2423.6
1211660 2428.2
1211670 2428.2
1211680 2428.3
1211690 2427.3
1211700 2427.3
1211710 2425.3
1211720 2422.8
1211730 2422.8
1211740 2420.2
1211750 2419.1
1211760 2419.1
1211770 2419.2
1211780 2421.6
1211790 2421.6
1211800 2425.4
1211810 2430.3
1211820 2430.3
1211830 2436.1
1211840 2442.3
1211850 2442.3
1211860 2448.6
1211870 2454.1
1211880 2459.2
1211890 2459.2
1211900 2463.6
1211910 2466.6
1211920 2466.6
1211930 2468.3
1211940 2469.2
1211950 2469.2
1211960 2492.1
1211970 2510.4
1211980 2510.4
1211990 2514.5
1212000 2512.4
1212010 2512.4
1212020 2522.9
1212030 2527.3
1212040 2527.3
1212050 2520.7
1212060 2514.9
1212070 2514.9
1212080 2510.1
1212090 2506.6
1212100 2504.8
1212110 2504.8
1212120 2505.3
1212130 2505.3
1212140 2505.3
1212150 2503.0
1212160 2501.0
1212170 2501.0
1212180 2500.8
1212190 2500.5
1212200 2500.5
1212210 2497.0
1212220 2490.9
1212230 2490.9
1212240 2489.6
1212250 2488.9
1212260 2488.9
1212270 2487.2
1212280 2485.3
1212290 2485.3
1212300 2484.9
1212310 2485.0
1212320 2485.4
1212330 2485.4
1212340 2486.8
1212350 2488.1
1212360 2488.1
1212370 2489.1
1212380 2490.4
1212390 2490.4
1212400 2492.2
1212410 2493.8
1212420 2493.8
1212430 2499.1
1212440 2500.7
1212450 2500.7
1212460 2502.3
1212470 2503.9
1212480 2503.9
1212490 2504.9
1212500 2506.2
1212510 2506.2
1212520 2507.3
1212530 2508.5
1212540 2509.4
1212550 2509.4
1212560 2510.7
1212570 2511.9
1212580 2511.9
1212590 2513.6
1212600 2515.8
1212610 2515.8
1212620 2518.0
1212630 2520.4
1212640 2520.4
1212650 2522.7
1212660 2524.8
1212670 2524.8
1212680 2526.8
1212690 2528.5
1212700 2528.5
1212710 2530.2
1212720 2532.0
1212730 2534.7
1212740 2534.7
1212750 2537.9
1212760 2541.4
1212770 2541.4
1212780 2544.8
1212790 2548.4
1212800 2548.4
1212810 2553.7
1212820 2560.4
1212830 2560.4
1212840 2568.1
1212850 2576.0
1212860 2576.0
1212870 2584.0
1212880 2593.0
1212890 2595.7
1212900 2606.6
1212910 2624.0
1212920 2624.0
1212930 2633.6
1212940 2642.9
1212950 2652.1
1212960 2652.1
1212970 2650.7
1212980 2655.7
1212990 2655.7
1213000 2660.6
1213010 2666.0
1213020 2666.0
1213030 2671.7
1213040 2677.6
1213050 2677.6
1213060 2684.3
1213070 2691.6
1213080 2691.6
1213090 2694.6
1213100 2692.1
1213110 2692.1
1213120 2690.6
1213130 2692.4
1213140 2692.4
1213150 2695.4
1213160 2701.4
1213170 2705.1
1213180 2705.1
1213190 2707.2
1213200 2710.8
1213210 2710.8
1213220 2714.6
1213230 2718.8
1213240 2718.8
1213250 2723.4
1213260 2726.7
1213270 2726.7
1213280 2727.5
1213290 2723.8
1213300 2723.8
1213310 2718.2
1213320 2714.3
1213330 2714.3
1213340 2712.0
1213350 2711.2
1213360 2713.0
1213370 2715.2
1213380 2717.9
1213390 2721.5
1213400 2721.5
1213410 2725.2
1213420 2729.0
1213430 2729.0
1213440 2733.4
1213450 2740.3
1213460 2740.3
1213470 2748.1
1213480 2758.6
1213490 2758.6
1213500 2768.9
1213510 2778.1
1213520 2778.1
1213530 2786.6
1213540 2797.6
1213550 2797.6
1213560 2812.3
1213570 2817.4
1213580 2817.4
1213590 2810.5
1213600 2799.1
1213610 2790.2
1213620 2790.2
1213630 2782.1
1213640 2773.2
1213650 2773.2
1213660 2765.9
1213670 2756.9
1213680 2756.9
1213690 2747.9
1213700 2741.3
1213710 2741.3
1213720 2735.8
1213730 2732.9
1213740 2732.9
1213750 2732.9
1213760 2732.3
1213770 2732.3
1213780 2731.2
1213790 2731.5
1213800 2731.5
1213810 2731.9
1213820 2731.6
1213830 2730.2
1213840 2730.2
1213850 2729.7
1213860 2729.7
1213870 2729.7
1213880 2729.4
1213890 2730.5
1213900 2730.5
1213910 2732.9
1213920 2735.2
1213930 2735.2
1213940 2736.6
1213950 2737.2
1213960 2737.2
1213970 2738.0
1213980 2739.8
1213990 2739.8
1214000 2741.1
1214010 2740.9
1214020 2740.9
1214030 2740.2
1214040 2738.8
1214050 2736.5
1214060 2736.5
1214070 2733.8
1214080 2732.7
1214090 2732.7
1214100 2731.4
1214110 2728.6
1214120 2728.6
1214130 2724.2
1214140 2720.8
1214150 2720.8
1214160 2719.1
1214170 2717.7
1214180 2717.7
1214190 2715.4
1214200 2712.9
1214210 2712.9
1214220 2710.8
1214230 2708.5
1214240 2705.4
1214250 2705.4
1214260 2700.8
1214270 2695.7
1214280 2695.7
1214290 2690.6
1214300 2682.9
1214310 2682.9
1214320 2678.2
1214330 2674.2
1214340 2674.2
1214350 2670.2
1214360 2666.8
1214370 2666.8
1214380 2663.9
1214390 2662.2
1214400 2662.2
1214410 2660.8
1214420 2661.1
1214430 2661.1
1214440 2661.3
1214450 2660.5
1214460 2659.5
1214470 2659.5
1214480 2657.9
1214490 2656.3
1214500 2656.3
1214510 2654.3
1214520 2652.1
1214530 2652.1
1214540 2651.4
1214550 2653.1
1214560 2653.1
1214570 2654.8
1214580 2655.8
1214590 2655.8
1214600 2656.6
1214610 2657.4
1214620 2657.4
1214630 2657.9
1214640 2659.0
1214650 2659.0
1214660 2661.1
1214670 2663.8
1214680 2665.2
1214690 2665.2
1214700 2664.6
1214710 2664.6
1214720 2664.6
1214730 2663.8
1214740 2662.4
1214750 2662.4
1214760 2659.1
1214770 2656.8
1214780 2656.8
1214790 2656.3
1214800 2656.9
1214810 2656.9
1214820 2656.9
1214830 2655.8
1214840 2655.8
1214850 2654.3
1214860 2654.0
1214870 2654.0
1214880 2653.5
1214890 2653.4
1214900 2654.5
1214910 2654.5
1214920 2655.8
1214930 2654.1
1214940 2654.1
1214950 2653.0
1214960 2653.1
1214970 2653.1
1214980 2653.0
1214990 2654.5
1215000 2654.5
1215010 2654.4
1215020 2652.1
1215030 2652.1
1215040 2651.1
1215050 2652.0
1215060 2652.0
1215070 2653.4
1215080 2654.1
1215090 2654.1
1215100 2654.6
1215110 2653.9
1215120 2654.0
1215130 2654.0
1215140 2654.7
1215150 2656.4
1215160 2656.4
1215170 2656.9
1215180 2656.1
1215190 2656.1
1215200 2657.9
1215210 2661.5
1215220 2661.5
1215230 2657.5
1215240 2664.0
1215250 2664.0
1215260 2670.3
1215270 2669.9
1215280 2669.9
1215290 2671.9
1215300 2676.8
1215310 2676.8
1215320 2677.8
1215330 2679.6
1215340 2684.8
1215350 2684.8
1215360 2689.1
1215370 2689.5
1215380 2689.5
1215390 2687.3
1215400 2689.1
1215410 2689.1
1215420 2695.4
1215430 2700.7
1215440 2700.7
1215450 2706.5
1215460 2714.1
1215470 2714.1
1215480 2722.9
1215490 2731.0
1215500 2731.0
1215510 2731.7
1215520 2729.1
1215530 2726.7
1215540 2726.7
1215550 2722.5
1215560 2720.4
1215570 2720.4
1215580 2723.6
1215590 2727.9
1215600 2727.9
1215610 2718.5
1215620 2705.6
1215630 2705.6
1215640 2700.8
1215650 2702.3
1215660 2702.3
1215670 2698.5
1215680 2694.8
1215690 2694.8
1215700 2685.0
1215710 2680.5
1215720 2680.5
1215730 2680.3
1215740 2687.5
1215750 2691.6
1215760 2691.6
1215770 2689.2
1215780 2685.2
1215790 2685.2
1215800 2685.3
1215810 2684.7
1215820 2684.7
1215830 2681.3
1215840 2679.8
1215850 2679.8
1215860 2680.2
1215870 2682.5
1215880 2682.5
1215890 2680.5
1215900 2674.6
1215910 2674.6
1215920 2668.3
1215930 2661.8
1215940 2661.8
1215950 2654.9
1215960 2647.2
1215970 2639.1
1215980 2639.1
1215990 2630.2
1216000 2623.2
1216010 2623.2
1216020 2616.6
1216030 2610.5
1216040 2610.5
1216050 2603.2
1216060 2595.5
1216070 2595.5
1216080 2589.4
1216090 2583.5
1216100 2583.5
1216110 2578.8
1216120 2575.1
1216130 2575.1
1216140 2571.3
1216150 2567.1
1216160 2567.1
1216170 2561.1
1216180 2555.6
1216190 2549.8
1216200 2549.8
1216210 2543.0
1216220 2534.0
1216230 2534.0
1216240 2523.3
1216250 2514.4
1216260 2514.4
1216270 2507.4
1216280 2501.7
1216290 2501.7
1216300 2498.0
1216310 2491.7
1216320 2491.7
1216330 2484.5
1216340 2477.0
1216350 2477.0
1216360 2471.9
1216370 2467.2
1216380 2467.2
1216390 2462.5
1216400 2457.3
1216410 2451.8
1216420 2451.8
1216430 2446.8
1216440 2442.5
1216450 2442.5
1216460 2438.9
1216470 2435.7
1216480 2435.7
1216490 2432.6
1216500 2429.2
1216510 2429.2
1216520 2425.6
1216530 2421.9
1216540 2421.9
1216550 2418.1
1216560 2413.9
1216570 2413.9
1216580 2408.8
1216590 2402.3
1216600 2402.3
1216610 2395.7
1216620 2387.8
1216630 2379.6
1216640 2379.6
1216650 2370.6
1216660 2362.2
1216670 2362.2
1216680 2353.4
1216690 2343.9
1216700 2343.9
1216710 2337.6
1216720 2332.7
1216730 2332.7
1216740 2328.5
1216750 2324.7
1216760 2324.7
1216770 2320.7
1216780 2316.6
1216790 2316.6
1216800 2312.4
1216810 2308.1
1216820 2308.1
1216830 2303.5
1216840 2298.8
1216850 2294.5
1216860 2294.5
1216870 2290.9
1216880 2287.8
1216890 2287.8
1216900 2284.5
1216910 2280.9
1216920 2280.9
1216930 2277.6
1216940 2273.4
1216950 2273.4
1216960 2267.9
1216970 2261.0
1216980 2261.0
1216990 2252.3
1217000 2243.0
1217010 2243.0
1217020 2237.7
1217030 2236.1
1217040 2236.1
1217050 2236.1
1217060 2236.9
1217070 2236.8
1217080 2236.8
1217090 2234.3
1217100 2230.6
1217110 2230.6
1217120 2226.1
1217130 2223.5
1217140 2223.5
1217150 2221.5
1217160 2219.4
1217170 2219.4
1217180 2217.1
1217190 2215.8
1217200 2215.8
1217210 2215.5
1217220 2213.2
1217230 2213.2
1217240 2208.9
1217250 2205.2
1217260 2202.2
1217270 2202.2
1217280 2199.8
1217290 2196.2
1217300 2196.2
1217310 2191.2
1217320 2186.8
1217330 2186.8
1217340 2183.0
1217350 2180.1
1217360 2180.1
1217370 2176.1
1217380 2169.2
1217390 2169.2
1217400 2162.2
1217410 2157.3
1217420 2157.3
1217430 2153.3
1217440 2147.3
1217450 2147.3
1217460 2138.6
1217470 2132.5
1217480 2124.4
1217490 2124.4
1217500 2116.7
1217510 2109.3
1217520 2109.3
1217530 2102.6
1217540 2096.0
1217550 2096.0
1217560 2089.4
1217570 2082.8
1217580 2082.8
1217590 2075.8
1217600 2067.6
1217610 2067.6
1217620 2061.1
1217630 2055.3
1217640 2055.3
1217650 2049.4
1217660 2043.1
1217670 2043.1
1217680 2036.3
1217690 2029.2
1217700 2022.3
1217710 2022.3
1217720 2015.2
1217730 2008.3
1217740 2008.3
1217750 2001.9
1217760 1996.0
1217770 1996.0
1217780 1990.2
1217790 1984.4
1217800 1984.4
1217810 1978.7
1217820 1972.9
1217830 1972.9
1217840 1966.6
1217850 1960.4
1217860 1960.4
1217870 1954.2
1217880 1948.0
1217890 1948.0
1217900 1940.9
1217910 1934.1
1217920 1927.0
1217930 1927.0
1217940 1921.0
1217950 1915.3
1217960 1915.3
1217970 1909.8
1217980 1904.2
1217990 1904.2
1218000 1897.8
1218010 1890.5
1218020 1890.5
1218030 1884.7
1218040 1879.1
1218050 1879.1
1218060 1873.8
1218070 1870.1
1218080 1870.1
1218090 1865.8
1218100 1862.7
1218110 1862.7
1218120 1859.1
1218130 1854.4
1218140 1850.5
1218150 1850.5
1218160 1846.9
1218170 1842.7
1218180 1842.7
1218190 1838.6
1218200 1835.4
1218210 1835.4
1218220 1832.0
1218230 1827.2
1218240 1827.2
1218250 1820.5
1218260 1812.3
1218270 1812.3
1218280 1803.5
1218290 1796.9
1218300 1796.9
1218310 1793.9
1218320 1793.6
1218330 1793.6
1218340 1796.9
1218350 1798.6
1218360 1797.1
1218370 1797.1
1218380 1794.5
1218390 1789.8
1218400 1789.8
1218410 1784.5
1218420 1782.6
1218430 1782.6
1218440 1782.0
1218450 1777.4
1218460 1777.4
1218470 1773.2
1218480 1769.5
1218490 1769.5
1218500 1768.4
1218510 1768.8
1218520 1768.8
1218530 1769.1
1218540 1767.2
1218550 1771.1
1218560 1771.1
1218570 1766.8
1218580 1762.4
1218590 1762.4
1218600 1758.0
1218610 1753.9
1218620 1753.9
1218630 1749.8
1218640 1743.2
1218650 1743.2
1218660 1736.5
1218670 1729.4
1218680 1729.4
1218690 1723.3
1218700 1718.2
1218710 1718.2
1218720 1712.5
1218730 1706.4
1218740 1706.4
1218750 1701.0
1218760 1693.4
1218770 1685.1
1218780 1685.1
1218790 1676.3
1218800 1667.9
1218810 1667.9
1218820 1660.0
1218830 1652.6
1218840 1652.6
1218850 1645.5
1218860 1638.4
1218870 1638.4
1218880 1631.8
1218890 1627.0
1218900 1627.0
1218910 1622.4
1218920 1617.3
1218930 1617.3
1218940 1614.1
1218950 1613.1
1218960 1613.1
1218970 1611.1
1218980 1605.5
1218990 1598.8
1219000 1598.8
1219010 1592.0
1219020 1585.3
1219030 1587.0
1219040 1580.0
1219050 1572.5
1219060 1572.5
1219070 1565.2
1219080 1558.2
1219090 1558.2
1219100 1551.4
1219110 1544.2
1219120 1544.2
1219130 1536.3
1219140 1528.4
1219150 1528.4
1219160 1520.3
1219170 1512.9
1219180 1512.9
1219190 1506.1
1219200 1498.9
1219210 1492.3
1219220 1492.3
1219230 1485.4
1219240 1478.2
1219250 1478.2
1219260 1470.2
1219270 1462.7
1219280 1462.7
1219290 1456.4
1219300 1450.0
1219310 1450.0
1219320 1443.3
1219330 1437.1
1219340 1437.1
1219350 1431.1
1219360 1424.6
1219370 1424.6
1219380 1417.9
1219390 1413.0
1219400 1413.0
1219410 1408.6
1219420 1405.6
1219430 1401.8
1219440 1401.8
1219450 1396.1
1219460 1391.6
1219470 1391.6
1219480 1384.4
1219490 1378.6
1219500 1384.0
1219510 1378.6
1219520 1374.4
1219530 1374.4
1219540 1369.7
1219550 1364.2
1219560 1364.2
1219570 1357.1
1219580 1350.9
1219590 1350.9
1219600 1346.5
1219610 1343.3
1219620 1343.3
1219630 1338.5
1219640 1333.6
1219650 1327.7
1219660 1327.7
1219670 1321.1
1219680 1314.5
1219690 1314.5
1219700 1309.0
1219710 1303.3
1219720 1303.3
1219730 1296.7
1219740 1290.2
1219750 1290.2
1219760 1284.4
1219770 1279.1
1219780 1279.1
1219790 1272.9
1219800 1266.5
1219810 1266.5
1219820 1260.3
1219830 1253.8
1219840 1248.2
1219850 1248.2
1219860 1242.8
1219870 1237.3
1219880 1237.3
1219890 1233.0
1219900 1229.7
1219910 1229.7
1219920 1226.5
1219930 1224.8
1219940 1224.8
1219950 1223.9
1219960 1224.3
1219970 1224.3
1219980 1226.7
1219990 1225.3
