1200000 2223.4
1200010 2225.8
1200020 2225.8
1200030 2228.1
1200040 2230.5
1200050 2230.5
1200060 2233.6
1200070 2236.5
1200080 2236.5
1200090 2239.0
1200100 2241.5
1200110 2241.5
1200120 2244.2
1200130 2246.8
1200140 2246.8
1200150 2249.6
1200160 2252.7
1200170 2252.7
1200180 2255.5
1200190 2258.4
1200200 2258.4
1200210 2261.3
1200220 2265.2
1200230 2267.9
1200240 2267.9
1200250 2270.9
1200260 2274.0
1200270 2274.0
1200280 2277.2
1200290 2280.6
1200300 2280.6
1200310 2283.8
1200320 2287.3
1200330 2287.3
1200340 2290.7
1200350 2294.4
1200360 2294.4
1200370 2298.0
1200380 2301.3
1200390 2301.3
1200400 2304.7
1200410 2308.6
1200420 2308.6
1200430 2312.6
1200440 2316.4
1200450 2320.4
1200460 2320.4
1200470 2324.3
1200480 2328.0
1200490 2328.0
1200500 2331.9
1200510 2335.8
1200520 2335.8
1200530 2339.6
1200540 2343.8
1200550 2343.8
1200560 2347.6
1200570 2351.5
1200580 2351.5
1200590 2355.7
1200600 2359.8
1200610 2359.8
1200620 2364.0
1200630 2367.9
1200640 2367.9
1200650 2371.6
1200660 2375.5
1200670 2380.3
1200680 2380.3
1200690 2384.6
1200700 2388.9
1200710 2388.9
1200720 2393.2
1200730 2397.1
1200740 2397.1
1200750 2401.6
1200760 2406.3
1200770 2406.3
1200780 2410.7
1200790 2415.2
1200800 2415.2
1200810 2419.3
1200820 2423.4
1200830 2423.4
1200840 2427.6
1200850 2432.1
1200860 2432.1
1200870 2437.3
1200880 2443.8
1200890 2450.4
1200900 2450.4
1200910 2457.5
1200920 2463.2
1200930 2463.2
1200940 2469.2
1200950 2478.2
1200960 2478.2
1200970 2485.5
1200980 2489.2
1200990 2489.2
1201000 2492.4
1201010 2497.4
1201020 2497.4
1201030 2503.8
1201040 2512.0
1201050 2512.0
1201060 2522.9
1201070 2534.6
1201080 2534.6
1201090 2542.2
1201100 2549.8
1201110 2563.9
1201120 2563.9
1201130 2577.8
1201140 2588.2
1201150 2588.2
1201160 2594.4
1201170 2597.8
1201180 2597.8
1201190 2601.2
1201200 2604.9
1201210 2604.9
1201220 2608.5
1201230 2612.3
1201240 2612.3
1201250 2616.4
1201260 2620.2
1201270 2620.2
1201280 2625.1
1201290 2629.9
1201300 2635.0
1201310 2635.0
1201320 2639.9
1201330 2643.7
1201340 2643.7
1201350 2645.8
1201360 2647.6
1201370 2647.6
1201380 2649.2
1201390 2651.5
1201400 2651.5
1201410 2654.6
1201420 2661.2
1201430 2661.2
1201440 2670.2
1201450 2676.0
1201460 2676.0
1201470 2680.7
1201480 2685.0
1201490 2685.0
1201500 2688.2
1201510 2688.7
1201520 2688.9
1201530 2688.9
1201540 2690.2
1201550 2690.9
1201560 2692.7
1201570 2692.8
1201580 2693.6
1201590 2693.6
1201600 2694.4
1201610 2695.5
1201620 2695.5
1201630 2697.7
1201640 2699.7
1201650 2699.7
1201660 2702.1
1201670 2704.8
1201680 2704.8
1201690 2707.6
1201700 2709.9
1201710 2709.9
1201720 2712.1
1201730 2714.7
1201740 2717.0
1201750 2717.0
1201760 2719.2
1201770 2723.0
1201780 2723.0
1201790 2728.7
1201800 2733.0
1201810 2733.0
1201820 2738.2
1201830 2743.4
1201840 2743.4
1201850 2747.8
1201860 2750.6
1201870 2750.6
1201880 2753.1
1201890 2757.6
1201900 2757.6
1201910 2763.1
1201920 2768.6
1201930 2768.6
1201940 2773.8
1201950 2778.8
1201960 2783.4
1201970 2783.4
1201980 2787.6
1201990 2791.1
1202000 2791.1
1202010 2794.0
1202020 2796.2
1202030 2796.2
1202040 2797.0
1202050 2796.1
1202060 2796.1
1202070 2796.5
1202080 2798.8
1202090 2798.8
1202100 2801.8
1202110 2804.8
1202120 2804.8
1202130 2807.8
1202140 2811.1
1202150 2811.1
1202160 2814.7
1202170 2818.4
1202180 2822.1
1202190 2822.1
1202200 2825.4
1202210 2828.9
1202220 2828.9
1202230 2832.8
1202240 2836.4
1202250 2836.4
1202260 2839.1
1202270 2841.8
1202280 2841.8
1202290 2844.8
1202300 2848.3
1202310 2848.3
1202320 2852.4
1202330 2856.5
1202340 2856.5
1202350 2860.2
1202360 2864.4
1202370 2864.4
1202380 2869.4
1202390 2875.3
1202400 2882.2
1202410 2882.2
1202420 2889.4
1202430 2896.9
1202440 2896.9
1202450 2904.4
1202460 2915.4
1202470 2915.4
1202480 2926.5
1202490 2951.0
1202500 2951.0
1202510 2968.4
1202520 2984.9
1202530 2984.9
1202540 2998.4
1202550 3018.7
1202560 3018.7
1202570 3047.7
1202580 3058.7
1202590 3065.1
1202600 3065.1
1202610 3073.5
1202620 3085.4
1202630 3085.4
1202640 3095.6
1202650 3111.8
1202660 3111.8
1202670 3133.3
1202680 3139.0
1202690 3139.0
1202700 3146.6
1202710 3159.6
1202720 3159.6
1202730 3171.2
1202740 3187.2
1202750 3187.2
1202760 3204.6
1202770 3216.1
1202780 3216.1
1202790 3219.7
1202800 3223.8
1202810 3224.0
1202820 3224.0
1202830 3216.5
1202840 3210.7
1202850 3210.7
1202860 3205.6
1202870 3198.0
1202880 3198.0
1202890 3192.9
1202900 3189.1
1202910 3204.8
1202920 3201.4
1202930 3193.6
1202940 3193.6
1202950 3186.4
1202960 3178.4
1202970 3178.4
1202980 3167.4
1202990 3146.5
1203000 3146.5
1203010 3118.2
1203020 3087.6
1203030 3052.5
1203040 3052.5
1203050 3034.8
1203060 3023.2
1203070 3023.2
1203080 3015.7
1203090 3011.9
1203100 3011.9
1203110 3012.4
1203120 3009.4
1203130 3009.4
1203140 2996.9
1203150 2982.2
1203160 2982.2
1203170 2972.5
1203180 2961.5
1203190 2961.5
1203200 2949.4
1203210 2937.6
1203220 2937.6
1203230 2926.2
1203240 2915.7
1203250 2895.2
1203260 2895.2
1203270 2866.6
1203280 2846.5
1203290 2846.5
1203300 2834.8
1203310 2825.3
1203320 2825.3
1203330 2820.0
1203340 2813.2
1203350 2813.2
1203360 2795.9
1203370 2787.5
1203380 2787.5
1203390 2779.6
1203400 2772.2
1203410 2772.2
1203420 2765.2
1203430 2757.7
1203440 2757.7
1203450 2749.8
1203460 2742.1
1203470 2734.7
1203480 2734.7
1203490 2727.0
1203500 2719.6
1203510 2719.6
1203520 2712.3
1203530 2705.1
1203540 2705.1
1203550 2697.3
1203560 2689.4
1203570 2689.4
1203580 2681.8
1203590 2675.8
1203600 2675.8
1203610 2670.1
1203620 2663.1
1203630 2663.1
1203640 2655.7
1203650 2649.1
1203660 2649.1
1203670 2643.3
1203680 2638.0
1203690 2632.4
1203700 2632.4
1203710 2626.5
1203720 2620.2
1203730 2620.2
1203740 2613.8
1203750 2608.4
1203760 2608.4
1203770 2603.1
1203780 2597.5
1203790 2597.5
1203800 2593.3
1203810 2591.8
1203820 2591.8
1203830 2587.3
1203840 2583.0
1203850 2583.0
1203860 2578.8
1203870 2574.6
1203880 2570.7
1203890 2570.7
1203900 2567.1
1203910 2563.9
1203920 2563.9
1203930 2559.8
1203940 2556.2
1203950 2556.2
1203960 2553.3
1203970 2550.9
1203980 2550.9
1203990 2548.1
1204000 2544.4
1204010 2544.4
1204020 2541.4
1204030 2539.2
1204040 2539.2
1204050 2536.4
1204060 2533.7
1204070 2533.7
1204080 2531.6
1204090 2529.7
1204100 2528.0
1204110 2528.0
1204120 2527.8
1204130 2526.9
1204140 2526.9
1204150 2524.4
1204160 2522.6
1204170 2522.6
1204180 2522.0
1204190 2521.8
1204200 2521.8
1204210 2520.9
1204220 2521.5
1204230 2521.5
1204240 2521.8
1204250 2521.8
1204260 2524.7
1204270 2525.1
1204280 2527.8
1204290 2527.8
1204300 2531.8
1204310 2536.0
1204320 2538.6
1204330 2538.6
1204340 2538.7
1204350 2536.8
1204360 2536.8
1204370 2535.3
1204380 2533.8
1204390 2533.8
1204400 2531.1
1204410 2527.3
1204420 2527.3
1204430 2523.0
1204440 2519.7
1204450 2519.7
1204460 2518.1
1204470 2517.5
1204480 2517.5
1204490 2517.3
1204500 2517.6
1204510 2517.6
1204520 2518.3
1204530 2519.3
1204540 2517.5
1204550 2517.5
1204560 2515.1
1204570 2512.6
1204580 2512.6
1204590 2511.6
1204600 2511.3
1204610 2511.3
1204620 2510.7
1204630 2510.0
1204640 2510.0
1204650 2510.6
1204660 2514.1
1204670 2514.1
1204680 2518.9
1204690 2524.0
1204700 2524.0
1204710 2533.8
1204720 2540.2
1204730 2540.2
1204740 2545.6
1204750 2550.1
1204760 2556.1
1204770 2556.1
1204780 2564.2
1204790 2571.3
1204800 2571.3
1204810 2575.1
1204820 2581.7
1204830 2581.7
1204840 2587.2
1204850 2592.0
1204860 2592.0
1204870 2601.5
1204880 2621.0
1204890 2621.0
1204900 2632.0
1204910 2624.2
1204920 2624.2
1204930 2613.9
1204940 2611.1
1204950 2611.1
1204960 2615.3
1204970 2627.2
1204980 2637.6
1204990 2637.6
1205000 2650.1
1205010 2655.9
1205020 2655.9
1205030 2657.4
1205040 2659.4
1205050 2659.4
1205060 2655.0
1205070 2649.9
1205080 2649.9
1205090 2648.6
1205100 2646.7
1205110 2646.7
1205120 2642.3
1205130 2637.5
1205140 2637.5
1205150 2632.6
1205160 2626.9
1205170 2625.7
1205180 2625.7
1205190 2618.3
1205200 2610.1
1205210 2610.1
1205220 2605.9
1205230 2601.4
1205240 2601.4
1205250 2596.0
1205260 2591.2
1205270 2591.2
1205280 2588.1
1205290 2587.0
1205300 2587.0
1205310 2586.1
1205320 2585.0
1205330 2585.0
1205340 2583.0
1205350 2582.2
1205360 2582.2
1205370 2582.2
1205380 2583.5
1205390 2585.1
1205400 2585.1
1205410 2586.9
1205420 2588.8
1205430 2588.8
1205440 2590.9
1205450 2591.5
1205460 2591.5
1205470 2591.8
1205480 2589.7
1205490 2589.7
1205500 2587.2
1205510 2584.6
1205520 2584.6
1205530 2579.1
1205540 2572.4
1205550 2572.4
1205560 2565.5
1205570 2558.6
1205580 2558.6
1205590 2551.8
1205600 2545.0
1205610 2538.5
1205620 2539.2
1205630 2533.0
1205640 2526.7
1205650 2526.7
1205660 2520.6
1205670 2514.8
1205680 2514.8
1205690 2509.2
1205700 2503.8
1205710 2503.8
1205720 2498.6
1205730 2493.7
1205740 2493.7
1205750 2488.8
1205760 2484.7
1205770 2484.7
1205780 2481.2
1205790 2476.6
1205800 2476.6
1205810 2471.1
1205820 2465.7
1205830 2460.9
1205840 2460.9
1205850 2456.2
1205860 2449.4
1205870 2449.4
1205880 2439.3
1205890 2425.2
1205900 2425.2
1205910 2418.7
1205920 2415.7
1205930 2415.7
1205940 2412.8
1205950 2409.8
1205960 2409.8
1205970 2406.5
1205980 2403.6
1205990 2403.6
1206000 2400.8
1206010 2397.6
1206020 2397.6
1206030 2394.5
1206040 2391.4
1206050 2388.1
1206060 2388.1
1206070 2387.5
1206080 2384.5
1206090 2384.5
1206100 2381.4
1206110 2377.9
1206120 2377.9
1206130 2374.3
1206140 2370.7
1206150 2370.7
1206160 2367.4
1206170 2364.6
1206180 2364.6
1206190 2362.2
1206200 2359.9
1206210 2359.9
1206220 2357.5
1206230 2354.8
1206240 2354.8
1206250 2351.7
1206260 2348.6
1206270 2345.5
1206280 2345.5
1206290 2342.6
1206300 2340.2
1206310 2340.2
1206320 2337.9
1206330 2336.9
1206340 2336.9
1206350 2336.2
1206360 2334.9
1206370 2334.9
1206380 2334.3
1206390 2334.3
1206400 2334.3
1206410 2331.5
1206420 2327.5
1206430 2327.5
1206440 2326.0
1206450 2324.6
1206460 2320.4
1206470 2320.4
1206480 2317.6
1206490 2317.7
1206500 2317.7
1206510 2318.1
1206520 2317.2
1206530 2320.2
1206540 2317.8
1206550 2312.9
1206560 2312.9
1206570 2308.6
1206580 2304.7
1206590 2304.7
1206600 2301.8
1206610 2298.4
1206620 2298.4
1206630 2296.6
1206640 2296.4
1206650 2296.4
1206660 2297.3
1206670 2298.0
1206680 2299.4
1206690 2299.4
1206700 2299.5
1206710 2297.7
1206720 2297.7
1206730 2293.4
1206740 2289.5
1206750 2289.5
1206760 2289.2
1206770 2291.2
1206780 2291.2
1206790 2292.6
1206800 2292.2
1206810 2292.2
1206820 2289.9
1206830 2286.5
1206840 2286.5
1206850 2281.4
1206860 2279.7
1206870 2279.7
1206880 2278.4
1206890 2275.4
1206900 2273.2
1206910 2273.2
1206920 2272.6
1206930 2276.0
1206940 2276.0
1206950 2286.4
1206960 2297.7
1206970 2297.7
1206980 2302.3
1206990 2313.4
1207000 2313.4
1207010 2320.4
1207020 2324.1
1207030 2324.1
1207040 2324.7
1207050 2325.0
1207060 2325.0
1207070 2329.0
1207080 2328.0
1207090 2328.0
1207100 2326.0
1207110 2326.2
1207120 2327.1
1207130 2327.1
1207140 2327.2
1207150 2327.4
1207160 2327.4
1207170 2326.6
1207180 2322.0
1207190 2322.0
1207200 2317.2
1207210 2312.2
1207220 2312.2
1207230 2306.6
1207240 2300.6
1207250 2300.6
1207260 2294.8
1207270 2289.3
1207280 2289.3
1207290 2284.7
1207300 2280.2
1207310 2280.2
1207320 2275.8
1207330 2271.8
1207340 2268.1
1207350 2268.1
1207360 2263.9
1207370 2259.3
1207380 2259.3
1207390 2254.5
1207400 2249.6
1207410 2249.6
1207420 2244.8
1207430 2239.8
1207440 2242.4
1207450 2238.1
1207460 2234.0
1207470 2234.0
1207480 2229.4
1207490 2224.8
1207500 2224.8
1207510 2221.6
1207520 2220.2
1207530 2220.2
1207540 2219.4
1207550 2219.0
1207560 2219.0
1207570 2219.0
1207580 2217.8
1207590 2215.3
1207600 2215.3
1207610 2212.7
1207620 2210.1
1207630 2210.1
1207640 2207.1
1207650 2204.9
1207660 2204.9
1207670 2203.1
1207680 2200.4
1207690 2200.4
1207700 2197.1
1207710 2192.6
1207720 2192.6
1207730 2187.9
1207740 2182.9
1207750 2182.9
1207760 2178.9
1207770 2175.8
1207780 2172.7
1207790 2172.7
1207800 2169.1
1207810 2166.1
1207820 2166.1
1207830 2164.1
1207840 2161.4
1207850 2161.4
1207860 2158.3
1207870 2154.8
1207880 2154.8
1207890 2150.1
1207900 2148.7
1207910 2148.7
1207920 2144.8
1207930 2141.1
1207940 2141.1
1207950 2137.5
1207960 2134.2
1207970 2130.2
1207980 2130.2
1207990 2127.0
1208000 2126.2
1208010 2126.2
1208020 2125.5
1208030 2123.7
1208040 2123.7
1208050 2121.3
1208060 2118.2
1208070 2118.2
1208080 2114.2
1208090 2108.5
1208100 2108.5
1208110 2101.7
1208120 2094.4
1208130 2094.4
1208140 2088.3
1208150 2084.0
1208160 2084.0
1208170 2079.6
1208180 2075.4
1208190 2071.1
1208200 2071.1
1208210 2066.6
1208220 2061.8
1208230 2061.8
1208240 2056.7
1208250 2052.3
1208260 2052.3
1208270 2048.3
1208280 2044.0
1208290 2044.0
1208300 2040.0
1208310 2036.7
1208320 2036.7
1208330 2032.7
1208340 2027.4
1208350 2027.4
1208360 2020.4
1208370 2015.8
1208380 2015.8
1208390 2010.8
1208400 2003.2
1208410 1992.7
1208420 1992.7
1208430 1984.4
1208440 1977.3
1208450 1977.3
1208460 1968.6
1208470 1957.5
1208480 1957.5
1208490 1946.1
1208500 1941.1
1208510 1941.1
1208520 1935.7
1208530 1896.4
1208540 1896.4
1208550 1860.9
1208560 1851.5
1208570 1851.5
1208580 1845.7
1208590 1841.0
1208600 1841.0
1208610 1836.4
1208620 1833.6
1208630 1826.0
1208640 1826.0
1208650 1816.0
1208660 1806.0
1208670 1806.0
1208680 1800.5
1208690 1791.3
1208700 1791.3
1208710 1775.8
1208720 1753.0
1208730 1753.0
1208740 1730.9
1208750 1718.2
1208760 1718.2
1208770 1713.3
1208780 1705.9
1208790 1705.9
1208800 1700.6
1208810 1695.9
1208820 1702.3
1208830 1695.7
1208840 1689.7
1208850 1683.5
1208860 1683.5
1208870 1676.4
1208880 1658.6
1208890 1658.6
1208900 1634.6
1208910 1623.2
1208920 1623.2
1208930 1612.1
1208940 1600.0
1208950 1600.0
1208960 1590.5
1208970 1581.4
1208980 1581.4
1208990 1570.5
1209000 1562.1
1209010 1562.1
1209020 1554.9
1209030 1548.3
1209040 1548.3
1209050 1538.0
1209060 1528.8
1209070 1522.2
1209080 1522.2
1209090 1516.4
1209100 1510.9
1209110 1510.9
1209120 1506.0
1209130 1501.2
1209140 1501.2
1209150 1496.4
1209160 1491.6
1209170 1491.6
1209180 1487.0
1209190 1482.4
1209200 1482.4
1209210 1477.8
1209220 1473.1
1209230 1473.1
1209240 1468.6
1209250 1464.3
1209260 1459.9
1209270 1459.9
1209280 1454.8
1209290 1450.5
1209300 1450.5
1209310 1446.4
1209320 1442.3
1209330 1442.3
1209340 1438.3
1209350 1434.8
1209360 1434.8
1209370 1431.3
1209380 1427.5
1209390 1427.5
1209400 1424.7
1209410 1423.7
1209420 1423.7
1209430 1423.0
1209440 1422.5
1209450 1422.5
1209460 1422.6
1209470 1423.4
1209480 1422.6
1209490 1422.6
1209500 1422.5
1209510 1422.5
1209520 1422.5
1209530 1422.9
1209540 1424.2
1209550 1424.2
1209560 1425.9
1209570 1428.2
1209580 1428.2
1209590 1431.6
1209600 1434.9
1209610 1434.9
1209620 1437.2
1209630 1440.4
1209640 1440.4
1209650 1444.7
1209660 1449.0
1209670 1449.0
1209680 1452.6
1209690 1456.4
1209700 1460.3
1209710 1460.3
1209720 1464.6
1209730 1469.4
1209740 1469.0
1209750 1474.5
1209760 1480.5
1209770 1480.5
1209780 1486.9
1209790 1493.2
1209800 1493.2
1209810 1499.2
1209820 1505.2
1209830 1505.2
1209840 1511.4
1209850 1517.8
1209860 1517.8
1209870 1524.0
1209880 1530.4
1209890 1530.4
1209900 1536.8
1209910 1543.2
1209920 1549.5
1209930 1549.5
1209940 1556.2
1209950 1562.6
1209960 1562.6
1209970 1568.8
1209980 1575.3
1209990 1575.3
1210000 1582.3
1210010 1589.3
1210020 1589.3
1210030 1596.3
1210040 1602.8
1210050 1602.8
1210060 1609.4
1210070 1615.9
1210080 1615.9
1210090 1622.4
1210100 1629.0
1210110 1629.0
1210120 1635.6
1210130 1642.9
1210140 1649.5
1210150 1649.5
1210160 1656.1
1210170 1662.9
1210180 1662.9
1210190 1669.7
1210200 1675.0
1210210 1675.0
1210220 1681.8
1210230 1688.7
1210240 1688.7
1210250 1695.6
1210260 1702.6
1210270 1702.6
1210280 1709.6
1210290 1716.6
1210300 1716.6
1210310 1723.3
1210320 1730.5
1210330 1730.5
1210340 1737.5
1210350 1744.3
1210360 1751.6
1210370 1751.6
1210380 1759.1
1210390 1765.7
1210400 1765.7
1210410 1773.7
1210420 1788.3
1210430 1788.3
1210440 1801.6
1210450 1810.0
1210460 1810.0
1210470 1818.2
1210480 1824.4
1210490 1824.4
1210500 1835.0
1210510 1849.1
1210520 1849.1
1210530 1861.0
1210540 1866.3
1210550 1871.4
1210560 1871.4
1210570 1881.4
1210580 1891.8
1210590 1891.8
1210600 1901.3
1210610 1915.8
1210620 1915.8
1210630 1931.7
1210640 1944.6
1210650 1944.6
1210660 1952.9
1210670 1960.3
1210680 1960.3
1210690 1967.3
1210700 1974.0
1210710 1974.0
1210720 1986.6
1210730 2003.6
1210740 2003.6
1210750 2025.0
1210760 2091.9
1210770 2126.7
1210780 2126.7
1210790 2134.9
1210800 2142.6
1210810 2142.6
1210820 2150.6
1210830 2158.4
1210840 2158.4
1210850 2166.3
1210860 2174.2
1210870 2174.2
1210880 2181.6
1210890 2194.1
1210900 2194.1
1210910 2207.2
1210920 2218.9
1210930 2218.9
1210940 2224.4
1210950 2227.8
1210960 2227.8
1210970 2235.8
1210980 2249.1
1210990 2261.4
1211000 2261.4
1211010 2276.5
1211020 2291.2
1211030 2291.2
1211040 2306.0
1211050 2319.1
1211060 2319.1
1211070 2332.3
1211080 2343.3
1211090 2343.3
1211100 2370.1
1211110 2408.3
1211120 2417.7
1211130 2422.5
1211140 2422.0
1211150 2422.0
1211160 2433.1
1211170 2451.5
1211180 2451.5
1211190 2469.7
1211200 2485.2
1211210 2502.8
1211220 2502.8
1211230 2516.2
1211240 2529.8
1211250 2529.8
1211260 2545.7
1211270 2564.1
1211280 2564.1
1211290 2582.4
1211300 2589.4
1211310 2589.4
1211320 2590.3
1211330 2580.1
1211340 2580.1
1211350 2578.5
1211360 2584.8
1211370 2584.8
1211380 2593.8
1211390 2599.2
1211400 2599.2
1211410 2601.6
1211420 2599.0
1211430 2590.4
1211440 2590.4
1211450 2581.8
1211460 2574.8
1211470 2574.8
1211480 2568.5
1211490 2564.6
1211500 2564.6
1211510 2561.4
1211520 2553.6
1211530 2553.6
1211540 2544.5
1211550 2537.9
1211560 2537.9
1211570 2537.3
1211580 2537.7
1211590 2544.9
1211600 2544.2
1211610 2544.2
1211620 2544.2
1211630 2545.9
1211640 2548.6
1211650 2551.4
1211660 2551.4
1211670 2554.7
1211680 2562.0
1211690 2562.0
1211700 2567.3
1211710 2573.4
1211720 2573.4
1211730 2589.6
1211740 2603.9
1211750 2603.9
1211760 2613.3
1211770 2628.9
1211780 2628.9
1211790 2645.7
1211800 2654.8
1211810 2654.8
1211820 2662.9
1211830 2673.5
1211840 2681.9
1211850 2681.9
1211860 2698.1
1211870 2718.9
1211880 2718.9
1211890 2727.0
1211900 2726.4
1211910 2726.4
1211920 2721.3
1211930 2712.6
1211940 2712.6
1211950 2707.1
1211960 2702.6
1211970 2702.6
1211980 2703.5
1211990 2708.8
1212000 2708.8
1212010 2712.3
1212020 2716.6
1212030 2716.6
1212040 2722.7
1212050 2733.2
1212060 2742.5
1212070 2742.5
1212080 2753.6
1212090 2767.0
1212100 2767.0
1212110 2784.7
1212120 2799.2
1212130 2799.2
1212140 2806.7
1212150 2808.8
1212160 2808.8
1212170 2810.3
1212180 2810.1
1212190 2810.1
1212200 2811.0
1212210 2810.2
1212220 2810.2
1212230 2808.8
1212240 2806.9
1212250 2806.9
1212260 2807.8
1212270 2804.2
1212280 2797.5
1212290 2797.5
1212300 2791.9
1212310 2791.6
1212320 2791.6
1212330 2789.3
1212340 2785.9
1212350 2785.9
1212360 2779.9
1212370 2773.2
1212380 2773.2
1212390 2768.0
1212400 2766.9
1212410 2766.9
1212420 2764.6
1212430 2762.1
1212440 2762.1
1212450 2756.7
1212460 2749.5
1212470 2749.5
1212480 2744.1
1212490 2740.0
1212500 2737.5
1212510 2737.5
1212520 2748.3
1212530 2744.5
1212540 2744.5
1212550 2742.7
1212560 2746.3
1212570 2746.3
1212580 2742.6
1212590 2741.5
1212600 2741.5
1212610 2742.1
1212620 2743.7
1212630 2743.7
1212640 2746.4
1212650 2749.6
1212660 2749.6
1212670 2755.2
1212680 2768.5
1212690 2768.5
1212700 2771.8
1212710 2766.4
1212720 2761.3
1212730 2761.3
1212740 2759.4
1212750 2762.8
1212760 2762.8
1212770 2767.3
1212780 2766.2
1212790 2766.2
1212800 2762.8
1212810 2758.0
1212820 2758.0
1212830 2756.6
1212840 2758.4
1212850 2758.4
1212860 2762.1
1212870 2766.8
1212880 2766.8
1212890 2772.1
1212900 2778.5
1212910 2778.5
1212920 2779.8
1212930 2784.4
1212940 2792.4
1212950 2792.4
1212960 2799.8
1212970 2804.7
1212980 2807.5
1212990 2807.2
1213000 2806.1
1213010 2806.1
1213020 2807.5
1213030 2807.2
1213040 2807.2
1213050 2809.2
1213060 2811.7
1213070 2811.7
1213080 2813.9
1213090 2816.5
1213100 2816.5
1213110 2818.0
1213120 2819.2
1213130 2825.5
1213140 2825.5
1213150 2829.0
1213160 2833.7
1213170 2833.7
1213180 2839.2
1213190 2847.7
1213200 2847.7
1213210 2854.4
1213220 2861.3
1213230 2861.3
1213240 2875.5
1213250 2873.4
1213260 2873.4
1213270 2871.6
1213280 2875.2
1213290 2875.2
1213300 2884.5
1213310 2907.9
1213320 2907.9
1213330 2917.3
1213340 2908.1
1213350 2896.2
1213360 2896.2
1213370 2884.8
1213380 2874.7
1213390 2874.7
1213400 2864.8
1213410 2857.8
1213420 2857.8
1213430 2851.2
1213440 2842.9
1213450 2842.4
1213460 2834.3
1213470 2826.1
1213480 2826.1
1213490 2817.1
1213500 2803.2
1213510 2803.2
1213520 2786.3
1213530 2773.9
1213540 2773.9
1213550 2759.7
1213560 2747.1
1213570 2739.2
1213580 2739.2
1213590 2732.2
1213600 2725.5
1213610 2725.5
1213620 2719.4
1213630 2714.1
1213640 2714.1
1213650 2709.2
1213660 2704.1
1213670 2704.1
1213680 2699.5
1213690 2694.5
1213700 2694.5
1213710 2689.8
1213720 2685.0
1213730 2685.0
1213740 2679.9
1213750 2675.4
1213760 2675.4
1213770 2670.8
1213780 2666.2
1213790 2662.3
1213800 2662.3
1213810 2658.8
1213820 2655.7
1213830 2655.7
1213840 2653.3
1213850 2651.3
1213860 2651.3
1213870 2648.7
1213880 2646.3
1213890 2646.3
1213900 2645.9
1213910 2645.5
1213920 2649.4
1213930 2647.8
1213940 2646.8
1213950 2646.8
1213960 2645.2
1213970 2643.3
1213980 2643.3
1213990 2640.6
1214000 2637.3
1214010 2636.4
1214020 2636.4
1214030 2637.4
1214040 2637.6
1214050 2637.6
1214060 2637.4
1214070 2638.3
1214080 2638.3
1214090 2637.4
1214100 2634.8
1214110 2634.8
1214120 2631.8
1214130 2630.4
1214140 2630.4
1214150 2630.4
1214160 2630.4
1214170 2630.4
1214180 2629.3
1214190 2628.3
1214200 2627.3
1214210 2627.3
1214220 2626.4
1214230 2625.3
1214240 2625.3
1214250 2624.6
1214260 2622.9
1214270 2622.9
1214280 2620.5
1214290 2618.0
1214300 2618.0
1214310 2615.2
1214320 2612.7
1214330 2612.7
1214340 2610.8
1214350 2610.1
1214360 2610.1
1214370 2609.7
1214380 2609.1
1214390 2609.5
1214400 2607.1
1214410 2605.0
1214420 2602.9
1214430 2602.9
1214440 2600.6
1214450 2596.1
1214460 2596.1
1214470 2589.1
1214480 2580.3
1214490 2580.3
1214500 2573.7
1214510 2567.3
1214520 2567.3
1214530 2561.2
1214540 2554.9
1214550 2554.9
1214560 2549.5
1214570 2544.1
1214580 2544.1
1214590 2538.5
1214600 2532.4
1214610 2532.4
1214620 2527.3
1214630 2523.7
1214640 2520.0
1214650 2520.0
1214660 2515.6
1214670 2511.8
1214680 2511.8
1214690 2509.7
1214700 2509.8
1214710 2509.8
1214720 2510.4
1214730 2510.4
1214740 2510.4
1214750 2510.3
1214760 2510.1
1214770 2510.1
1214780 2509.1
1214790 2509.3
1214800 2509.3
1214810 2510.5
1214820 2510.8
1214830 2510.8
1214840 2510.3
1214850 2510.1
1214860 2506.9
1214870 2506.9
1214880 2507.8
1214890 2508.8
1214900 2508.8
1214910 2510.6
1214920 2510.5
1214930 2510.5
1214940 2509.6
1214950 2509.4
1214960 2509.4
1214970 2509.5
1214980 2509.6
1214990 2509.6
1215000 2510.1
1215010 2510.0
1215020 2510.0
1215030 2508.5
1215040 2507.0
1215050 2507.0
1215060 2505.6
1215070 2505.7
1215080 2505.6
1215090 2505.6
1215100 2505.1
1215110 2504.4
1215120 2504.4
1215130 2502.9
1215140 2501.0
1215150 2501.0
1215160 2498.2
1215170 2494.1
1215180 2494.1
1215190 2490.1
1215200 2487.5
1215210 2487.5
1215220 2485.0
1215230 2483.5
1215240 2483.5
1215250 2483.2
1215260 2482.0
1215270 2482.0
1215280 2480.2
1215290 2479.2
1215300 2477.0
1215310 2477.0
1215320 2473.8
1215330 2465.1
1215340 2465.1
1215350 2462.8
1215360 2460.6
1215370 2460.6
1215380 2460.3
1215390 2462.1
1215400 2462.1
1215410 2464.2
1215420 2465.2
1215430 2465.2
1215440 2463.6
1215450 2459.5
1215460 2459.5
1215470 2455.8
1215480 2452.9
1215490 2450.4
1215500 2450.4
1215510 2447.9
1215520 2445.3
1215530 2445.3
1215540 2442.7
1215550 2439.9
1215560 2439.9
1215570 2437.7
1215580 2434.2
1215590 2434.2
1215600 2430.5
1215610 2427.5
1215620 2427.5
1215630 2422.0
1215640 2416.8
1215650 2416.8
1215660 2412.8
1215670 2409.6
1215680 2409.6
1215690 2407.5
1215700 2404.3
1215710 2401.7
1215720 2401.7
1215730 2400.9
1215740 2399.4
1215750 2399.4
1215760 2395.8
1215770 2391.9
1215780 2391.9
1215790 2387.0
1215800 2376.0
1215810 2376.0
1215820 2372.3
1215830 2369.4
1215840 2369.4
1215850 2367.2
1215860 2365.3
1215870 2365.3
1215880 2364.5
1215890 2362.6
1215900 2362.6
1215910 2361.1
1215920 2359.4
1215930 2355.8
1215940 2355.8
1215950 2351.7
1215960 2347.8
1215970 2347.8
1215980 2344.5
1215990 2342.2
1216000 2342.2
1216010 2340.9
1216020 2339.0
1216030 2339.0
1216040 2336.3
1216050 2333.3
1216060 2333.3
1216070 2329.3
1216080 2324.7
1216090 2324.7
1216100 2319.5
1216110 2315.4
1216120 2315.4
1216130 2312.6
1216140 2309.4
1216150 2308.1
1216160 2308.1
1216170 2306.0
1216180 2302.4
1216190 2302.4
1216200 2301.4
1216210 2303.1
1216220 2303.1
1216230 2302.7
1216240 2297.1
1216250 2297.1
1216260 2295.3
1216270 2283.7
1216280 2283.7
1216290 2280.8
1216300 2278.8
1216310 2278.8
1216320 2277.8
1216330 2275.4
1216340 2275.4
1216350 2272.0
1216360 2273.0
1216370 2273.3
1216380 2273.3
1216390 2273.9
1216400 2269.9
1216410 2269.9
1216420 2265.3
1216430 2260.7
1216440 2260.7
1216450 2254.5
1216460 2250.5
1216470 2250.5
1216480 2249.8
1216490 2247.3
1216500 2247.3
1216510 2243.2
1216520 2239.6
1216530 2239.6
1216540 2236.3
1216550 2234.1
1216560 2234.1
1216570 2228.8
1216580 2221.0
1216590 2216.2
1216600 2216.2
1216610 2216.0
1216620 2216.0
1216630 2216.0
1216640 2214.2
1216650 2207.0
1216660 2207.0
1216670 2202.1
1216680 2201.0
1216690 2201.0
1216700 2201.6
1216710 2199.9
1216720 2199.9
1216730 2193.8
1216740 2177.1
1216750 2177.1
1216760 2172.2
1216770 2166.9
1216780 2160.5
1216790 2160.5
1216800 2153.5
1216810 2147.1
1216820 2147.1
1216830 2142.2
1216840 2137.7
1216850 2137.7
1216860 2133.7
1216870 2130.6
1216880 2130.6
1216890 2127.3
1216900 2124.2
1216910 2124.2
1216920 2122.0
1216930 2120.5
1216940 2120.5
1216950 2118.7
1216960 2116.8
1216970 2116.8
1216980 2115.0
1216990 2113.0
1217000 2110.3
1217010 2110.3
1217020 2107.1
1217030 2103.8
1217040 2103.8
1217050 2100.2
1217060 2096.4
1217070 2096.4
1217080 2092.3
1217090 2088.4
1217100 2088.4
1217110 2084.2
1217120 2079.9
1217130 2079.9
1217140 2075.7
1217150 2071.8
1217160 2071.8
1217170 2068.3
1217180 2065.2
1217190 2065.2
1217200 2062.4
1217210 2059.6
1217220 2050.7
1217230 2050.7
1217240 2048.3
1217250 2046.8
1217260 2046.8
1217270 2045.4
1217280 2044.5
1217290 2044.5
1217300 2044.2
1217310 2043.6
1217320 2043.6
1217330 2041.4
1217340 2038.9
1217350 2038.9
1217360 2036.4
1217370 2033.8
1217380 2033.8
1217390 2030.5
1217400 2026.9
1217410 2026.9
1217420 2023.8
1217430 2021.2
1217440 2019.2
1217450 2019.2
1217460 2017.4
1217470 2015.6
1217480 2015.6
1217490 2014.1
1217500 2012.8
1217510 2012.8
1217520 2011.2
1217530 2009.5
1217540 2009.5
1217550 2008.7
1217560 2008.3
1217570 2008.3
1217580 2007.9
1217590 2007.2
1217600 2007.2
1217610 2006.4
1217620 2005.3
1217630 2005.3
1217640 2003.7
1217650 2000.6
1217660 1997.7
1217670 1997.7
1217680 1996.0
1217690 1993.3
1217700 1993.3
1217710 1990.3
1217720 1987.1
1217730 1987.1
1217740 1984.5
1217750 1983.5
1217760 1983.5
1217770 1982.6
1217780 1981.6
1217790 1981.6
1217800 1980.9
1217810 1980.6
1217820 1980.6
1217830 1979.6
1217840 1978.0
1217850 1978.0
1217860 1976.1
1217870 1974.3
1217880 1972.6
1217890 1972.6
1217900 1969.9
1217910 1968.9
1217920 1968.9
1217930 1965.4
1217940 1959.7
1217950 1959.7
1217960 1952.8
1217970 1946.0
1217980 1946.0
1217990 1939.1
1218000 1931.2
1218010 1931.2
1218020 1925.4
1218030 1920.1
1218040 1920.1
1218050 1915.0
1218060 1910.9
1218070 1906.6
1218080 1906.6
1218090 1900.0
1218100 1897.8
1218110 1897.8
1218120 1896.7
1218130 1893.9
1218140 1893.9
1218150 1891.4
1218160 1891.4
1218170 1899.8
1218180 1899.0
1218190 1896.5
1218200 1896.5
1218210 1897.4
1218220 1893.1
1218230 1893.1
1218240 1885.5
1218250 1877.9
1218260 1877.9
1218270 1871.7
1218280 1867.9
1218290 1864.8
1218300 1864.8
1218310 1867.4
1218320 1868.6
1218330 1868.6
1218340 1868.6
1218350 1869.3
1218360 1869.3
1218370 1869.5
1218380 1867.6
1218390 1867.6
1218400 1865.0
1218410 1862.0
1218420 1862.0
1218430 1858.1
1218440 1854.2
1218450 1854.2
1218460 1851.6
1218470 1848.2
1218480 1848.2
1218490 1841.9
1218500 1837.2
1218510 1834.3
1218520 1834.3
1218530 1830.8
1218540 1826.4
1218550 1826.4
1218560 1820.8
1218570 1815.6
1218580 1815.6
1218590 1811.7
1218600 1808.6
1218610 1808.6
1218620 1805.8
1218630 1802.5
1218640 1807.7
1218650 1802.5
1218660 1797.0
1218670 1797.0
1218680 1792.2
1218690 1787.4
1218700 1787.4
1218710 1782.8
1218720 1777.9
1218730 1771.9
1218740 1771.9
1218750 1765.5
1218760 1761.0
1218770 1761.0
1218780 1755.4
1218790 1748.1
1218800 1748.1
1218810 1740.5
1218820 1733.0
1218830 1733.0
1218840 1726.7
1218850 1722.0
1218860 1722.0
1218870 1716.4
1218880 1711.3
1218890 1711.3
1218900 1706.8
1218910 1700.8
1218920 1700.8
1218930 1694.5
1218940 1686.9
1218950 1677.8
1218960 1677.8
1218970 1668.9
1218980 1660.6
1218990 1660.6
1219000 1653.1
1219010 1645.8
1219020 1645.8
1219030 1638.8
1219040 1631.9
1219050 1631.9
1219060 1625.6
1219070 1619.3
1219080 1619.3
1219090 1613.0
1219100 1606.2
1219110 1606.2
1219120 1607.0
1219130 1601.4
1219140 1601.4
1219150 1594.9
1219160 1588.4
1219170 1582.7
1219180 1582.7
1219190 1576.5
1219200 1569.3
1219210 1569.3
1219220 1561.2
1219230 1552.6
1219240 1552.6
1219250 1543.8
1219260 1533.9
1219270 1533.9
1219280 1523.5
1219290 1514.6
1219300 1514.6
1219310 1505.9
1219320 1496.7
1219330 1496.7
1219340 1491.1
1219350 1490.3
1219360 1492.9
1219370 1492.9
1219380 1496.4
1219390 1501.6
1219400 1501.6
1219410 1509.0
1219420 1517.7
1219430 1517.7
1219440 1523.4
1219450 1526.9
1219460 1526.9
1219470 1526.7
1219480 1525.7
1219490 1525.7
1219500 1525.1
1219510 1525.4
1219520 1525.4
1219530 1524.9
1219540 1518.5
1219550 1518.5
1219560 1512.0
1219570 1506.4
1219580 1500.5
1219590 1500.5
1219600 1497.2
1219610 1491.6
1219620 1491.6
1219630 1486.8
1219640 1483.0
1219650 1483.0
1219660 1478.6
1219670 1472.9
1219680 1472.9
1219690 1466.4
1219700 1460.5
1219710 1460.5
1219720 1454.6
1219730 1446.7
1219740 1446.7
1219750 1439.7
1219760 1434.2
1219770 1434.2
1219780 1427.7
1219790 1420.0
1219800 1414.7
1219810 1414.7
1219820 1410.2
1219830 1404.7
1219840 1404.7
1219850 1399.2
1219860 1394.7
1219870 1394.7
1219880 1389.3
1219890 1384.3
1219900 1384.3
1219910 1379.8
1219920 1375.2
1219930 1375.2
1219940 1371.0
1219950 1367.1
1219960 1367.1
1219970 1363.9
1219980 1360.9
1219990 1360.9
