1200000 2527.5
1200010 2528.7
1200020 2528.7
1200030 2530.2
1200040 2532.0
1200050 2532.0
1200060 2534.1
1200070 2537.1
1200080 2540.8
1200090 2540.8
1200100 2544.6
1200110 2548.5
1200120 2548.5
1200130 2552.6
1200140 2556.6
1200150 2556.6
1200160 2559.9
1200170 2561.2
1200180 2561.2
1200190 2564.8
1200200 2568.4
1200210 2568.4
1200220 2568.2
1200230 2573.0
1200240 2573.0
1200250 2578.3
1200260 2583.7
1200270 2583.7
1200280 2589.0
1200290 2593.8
1200300 2600.0
1200310 2600.0
1200320 2607.5
1200330 2613.8
1200340 2613.8
1200350 2618.6
1200360 2623.9
1200370 2623.9
1200380 2628.6
1200390 2633.2
1200400 2633.2
1200410 2638.5
1200420 2645.8
1200430 2645.8
1200440 2653.0
1200450 2661.7
1200460 2661.7
1200470 2670.0
1200480 2677.2
1200490 2677.2
1200500 2684.0
1200510 2690.8
1200520 2698.1
1200530 2698.1
1200540 2706.2
1200550 2712.8
1200560 2712.8
1200570 2719.5
1200580 2726.9
1200590 2726.9
1200600 2734.3
1200610 2741.1
1200620 2741.1
1200630 2748.0
1200640 2756.0
1200650 2756.0
1200660 2763.9
1200670 2772.4
1200680 2772.4
1200690 2780.1
1200700 2787.3
1200710 2787.3
1200720 2794.5
1200730 2802.1
1200740 2810.3
1200750 2810.3
1200760 2818.9
1200770 2828.0
1200780 2828.0
1200790 2836.6
1200800 2845.5
1200810 2845.5
1200820 2855.3
1200830 2865.5
1200840 2865.5
1200850 2875.3
1200860 2886.7
1200870 2886.7
1200880 2894.3
1200890 2904.4
1200900 2904.4
1200910 2915.0
1200920 2924.2
1200930 2924.2
1200940 2934.8
1200950 2944.1
1200960 2952.6
1200970 2952.6
1200980 2959.1
1200990 2956.5
1201000 2956.5
1201010 2950.9
1201020 2949.2
1201030 2949.2
1201040 2951.9
1201050 2952.1
1201060 2952.1
1201070 2954.4
1201080 2960.5
1201090 2960.5
1201100 2967.1
1201110 2966.5
1201120 2966.5
1201130 2958.6
1201140 2949.4
1201150 2941.6
1201160 2941.6
1201170 2936.6
1201180 2932.9
1201190 2932.9
1201200 2926.8
1201210 2915.8
1201220 2915.8
1201230 2907.2
1201240 2896.6
1201250 2896.6
1201260 2886.4
1201270 2877.3
1201280 2877.3
1201290 2866.3
1201300 2855.6
1201310 2855.6
1201320 2847.6
1201330 2841.4
1201340 2841.4
1201350 2838.4
1201360 2835.9
1201370 2832.3
1201380 2832.3
1201390 2830.5
1201400 2826.2
1201410 2826.2
1201420 2821.6
1201430 2817.4
1201440 2817.4
1201450 2815.2
1201460 2812.5
1201470 2812.5
1201480 2809.9
1201490 2808.1
1201500 2808.1
1201510 2806.8
1201520 2806.8
1201530 2806.8
1201540 2807.2
1201550 2807.6
1201560 2810.3
1201570 2810.7
1201580 2810.7
1201590 2810.7
1201600 2810.7
1201610 2810.5
1201620 2810.9
1201630 2810.9
1201640 2811.4
1201650 2811.9
1201660 2811.9
1201670 2812.4
1201680 2812.9
1201690 2812.9
1201700 2813.3
1201710 2814.0
1201720 2814.0
1201730 2814.8
1201740 2815.7
1201750 2815.7
1201760 2816.2
1201770 2816.5
1201780 2816.5
1201790 2816.6
1201800 2818.4
1201810 2821.4
1201820 2821.4
1201830 2826.4
1201840 2833.5
1201850 2833.5
1201860 2837.3
1201870 2843.8
1201880 2843.8
1201890 2852.4
1201900 2858.8
1201910 2858.8
1201920 2861.7
1201930 2864.2
1201940 2864.2
1201950 2864.4
1201960 2864.5
1201970 2864.5
1201980 2860.9
1201990 2857.6
1202000 2857.6
1202010 2858.2
1202020 2855.9
1202030 2853.7
1202040 2853.7
1202050 2853.1
1202060 2854.1
1202070 2854.1
1202080 2856.3
1202090 2859.9
1202100 2859.9
1202110 2864.5
1202120 2870.3
1202130 2870.3
1202140 2876.7
1202150 2883.2
1202160 2883.2
1202170 2890.2
1202180 2901.9
1202190 2901.9
1202200 2916.1
1202210 2931.1
1202220 2931.1
1202230 2943.2
1202240 2954.9
1202250 2964.9
1202260 2964.9
1202270 2953.4
1202280 2941.6
1202290 2941.6
1202300 2935.9
1202310 2931.6
1202320 2931.6
1202330 2927.5
1202340 2919.7
1202350 2919.7
1202360 2912.0
1202370 2905.6
1202380 2905.6
1202390 2900.6
1202400 2897.2
1202410 2897.2
1202420 2894.1
1202430 2891.7
1202440 2891.7
1202450 2890.1
1202460 2895.6
1202470 2894.4
1202480 2894.4
1202490 2891.2
1202500 2886.8
1202510 2886.8
1202520 2883.0
1202530 2882.0
1202540 2882.0
1202550 2879.0
1202560 2874.2
1202570 2874.2
1202580 2873.7
1202590 2874.9
1202600 2874.9
1202610 2876.4
1202620 2876.8
1202630 2876.8
1202640 2879.4
1202650 2883.4
1202660 2883.4
1202670 2880.5
1202680 2879.4
1202690 2879.8
1202700 2879.8
1202710 2881.1
1202720 2879.8
1202730 2879.8
1202740 2870.6
1202750 2858.9
1202760 2858.9
1202770 2848.5
1202780 2836.0
1202790 2836.0
1202800 2827.2
1202810 2818.4
1202820 2818.4
1202830 2810.4
1202840 2804.0
1202850 2804.0
1202860 2797.7
1202870 2790.6
1202880 2782.4
1202890 2782.4
1202900 2774.5
1202910 2759.7
1202920 2759.7
1202930 2754.8
1202940 2748.1
1202950 2748.1
1202960 2740.2
1202970 2732.5
1202980 2732.5
1202990 2725.1
1203000 2717.9
1203010 2717.9
1203020 2713.2
1203030 2708.5
1203040 2708.5
1203050 2702.7
1203060 2696.0
1203070 2696.0
1203080 2690.5
1203090 2686.5
1203100 2682.4
1203110 2682.4
1203120 2678.3
1203130 2673.2
1203140 2673.2
1203150 2667.3
1203160 2661.2
1203170 2661.2
1203180 2653.5
1203190 2645.5
1203200 2645.5
1203210 2637.9
1203220 2631.1
1203230 2631.1
1203240 2623.7
1203250 2619.9
1203260 2619.9
1203270 2617.6
1203280 2608.5
1203290 2608.5
1203300 2600.2
1203310 2594.6
1203320 2590.6
1203330 2590.6
1203340 2587.5
1203350 2584.0
1203360 2589.8
1203370 2586.4
1203380 2581.4
1203390 2581.4
1203400 2577.0
1203410 2572.4
1203420 2572.4
1203430 2569.6
1203440 2566.7
1203450 2566.7
1203460 2564.9
1203470 2568.2
1203480 2568.2
1203490 2571.8
1203500 2573.0
1203510 2573.0
1203520 2572.3
1203530 2568.4
1203540 2569.7
1203550 2569.7
1203560 2570.8
1203570 2570.1
1203580 2570.1
1203590 2569.4
1203600 2569.5
1203610 2569.5
1203620 2568.6
1203630 2563.3
1203640 2563.3
1203650 2556.5
1203660 2551.6
1203670 2551.6
1203680 2546.0
1203690 2543.4
1203700 2543.4
1203710 2541.2
1203720 2550.0
1203730 2550.0
1203740 2549.3
1203750 2547.8
1203760 2541.2
1203770 2541.2
1203780 2534.7
1203790 2528.2
1203800 2528.2
1203810 2534.2
1203820 2526.2
1203830 2526.2
1203840 2514.1
1203850 2493.1
1203860 2493.1
1203870 2480.6
1203880 2468.5
1203890 2468.5
1203900 2450.7
1203910 2442.4
1203920 2442.4
1203930 2438.2
1203940 2437.3
1203950 2437.3
1203960 2433.5
1203970 2428.2
1203980 2421.6
1203990 2421.6
1204000 2416.1
1204010 2408.9
1204020 2408.9
1204030 2399.4
1204040 2384.6
1204050 2384.6
1204060 2361.7
1204070 2336.1
1204080 2336.1
1204090 2316.0
1204100 2302.4
1204110 2302.4
1204120 2294.7
1204130 2294.8
1204140 2294.8
1204150 2295.1
1204160 2294.6
1204170 2294.6
1204180 2293.5
1204190 2292.2
1204200 2291.5
1204210 2291.5
1204220 2291.0
1204230 2289.9
1204240 2289.9
1204250 2288.8
1204260 2292.9
1204270 2292.9
1204280 2291.8
1204290 2291.6
1204300 2291.6
1204310 2291.7
1204320 2292.1
1204330 2292.1
1204340 2292.7
1204350 2293.0
1204360 2293.0
1204370 2293.6
1204380 2294.8
1204390 2294.8
1204400 2295.9
1204410 2297.1
1204420 2297.8
1204430 2297.8
1204440 2298.8
1204450 2299.5
1204460 2299.5
1204470 2300.6
1204480 2301.6
1204490 2301.6
1204500 2303.5
1204510 2305.8
1204520 2305.8
1204530 2309.5
1204540 2312.8
1204550 2312.8
1204560 2316.1
1204570 2319.6
1204580 2319.6
1204590 2323.8
1204600 2327.4
1204610 2331.4
1204620 2331.4
1204630 2336.5
1204640 2341.7
1204650 2341.7
1204660 2346.6
1204670 2348.1
1204680 2348.1
1204690 2341.5
1204700 2334.7
1204710 2334.4
1204720 2327.4
1204730 2320.8
1204740 2320.8
1204750 2316.3
1204760 2313.4
1204770 2313.4
1204780 2311.5
1204790 2312.8
1204800 2312.8
1204810 2318.6
1204820 2324.8
1204830 2328.7
1204840 2328.7
1204850 2329.1
1204860 2328.3
1204870 2328.3
1204880 2331.2
1204890 2337.1
1204900 2337.1
1204910 2344.2
1204920 2347.9
1204930 2347.9
1204940 2342.9
1204950 2338.4
1204960 2338.4
1204970 2332.4
1204980 2329.4
1204990 2329.4
1205000 2328.4
1205010 2325.1
1205020 2325.1
1205030 2319.8
1205040 2313.7
1205050 2310.9
1205060 2310.9
1205070 2311.3
1205080 2312.6
1205090 2312.6
1205100 2313.4
1205110 2314.8
1205120 2314.8
1205130 2316.5
1205140 2320.9
1205150 2320.9
1205160 2326.7
1205170 2335.9
1205180 2335.9
1205190 2342.5
1205200 2349.1
1205210 2349.1
1205220 2356.1
1205230 2367.4
1205240 2367.4
1205250 2384.5
1205260 2397.8
1205270 2407.6
1205280 2407.6
1205290 2417.6
1205300 2434.0
1205310 2434.0
1205320 2448.3
1205330 2463.7
1205340 2463.7
1205350 2474.1
1205360 2474.4
1205370 2474.4
1205380 2468.1
1205390 2462.2
1205400 2462.2
1205410 2459.4
1205420 2454.5
1205430 2454.5
1205440 2451.7
1205450 2450.0
1205460 2450.0
1205470 2444.6
1205480 2442.9
1205490 2442.9
1205500 2442.9
1205510 2437.7
1205520 2429.0
1205530 2429.0
1205540 2416.8
1205550 2410.2
1205560 2410.2
1205570 2403.5
1205580 2398.2
1205590 2398.2
1205600 2394.6
1205610 2390.0
1205620 2395.5
1205630 2389.9
1205640 2385.4
1205650 2385.4
1205660 2381.3
1205670 2376.1
1205680 2376.1
1205690 2370.7
1205700 2365.5
1205710 2360.7
1205720 2360.7
1205730 2355.9
1205740 2350.7
1205750 2350.7
1205760 2345.7
1205770 2341.2
1205780 2341.2
1205790 2337.6
1205800 2335.1
1205810 2335.1
1205820 2335.1
1205830 2336.0
1205840 2336.0
1205850 2338.4
1205860 2343.6
1205870 2343.6
1205880 2351.4
1205890 2357.2
1205900 2357.2
1205910 2360.2
1205920 2361.5
1205930 2363.6
1205940 2363.6
1205950 2364.1
1205960 2363.4
1205970 2363.4
1205980 2363.7
1205990 2366.0
1206000 2366.0
1206010 2372.9
1206020 2380.4
1206030 2380.4
1206040 2386.4
1206050 2392.7
1206060 2392.7
1206070 2404.4
1206080 2406.9
1206090 2406.9
1206100 2406.6
1206110 2401.6
1206120 2401.6
1206130 2394.2
1206140 2386.4
1206150 2375.7
1206160 2375.7
1206170 2361.5
1206180 2347.1
1206190 2347.1
1206200 2328.2
1206210 2302.6
1206220 2302.6
1206230 2287.2
1206240 2277.6
1206250 2277.6
1206260 2269.5
1206270 2260.8
1206280 2260.8
1206290 2252.4
1206300 2245.1
1206310 2245.1
1206320 2238.3
1206330 2231.9
1206340 2225.7
1206350 2225.7
1206360 2219.7
1206370 2213.2
1206380 2213.2
1206390 2206.5
1206400 2199.6
1206410 2199.6
1206420 2192.3
1206430 2185.1
1206440 2185.1
1206450 2178.4
1206460 2171.9
1206470 2171.9
1206480 2166.1
1206490 2160.4
1206500 2160.4
1206510 2155.4
1206520 2151.3
1206530 2153.0
1206540 2149.4
1206550 2145.3
1206560 2141.9
1206570 2141.9
1206580 2140.8
1206590 2139.7
1206600 2139.7
1206610 2139.0
1206620 2137.2
1206630 2137.2
1206640 2132.8
1206650 2128.4
1206660 2128.4
1206670 2125.4
1206680 2123.2
1206690 2123.2
1206700 2120.3
1206710 2116.9
1206720 2116.9
1206730 2114.1
1206740 2111.6
1206750 2111.6
1206760 2108.6
1206770 2105.9
1206780 2104.0
1206790 2104.0
1206800 2101.7
1206810 2099.4
1206820 2099.4
1206830 2096.4
1206840 2092.2
1206850 2092.2
1206860 2089.7
1206870 2088.1
1206880 2088.1
1206890 2085.4
1206900 2082.4
1206910 2082.4
1206920 2080.7
1206930 2079.3
1206940 2079.3
1206950 2077.8
1206960 2076.8
1206970 2076.8
1206980 2075.9
1206990 2075.4
1207000 2074.7
1207010 2074.7
1207020 2074.0
1207030 2072.7
1207040 2072.7
1207050 2071.1
1207060 2069.7
1207070 2069.7
1207080 2069.6
1207090 2069.3
1207100 2069.3
1207110 2068.5
1207120 2068.2
1207130 2068.2
1207140 2068.7
1207150 2068.5
1207160 2068.5
1207170 2069.3
1207180 2070.0
1207190 2070.0
1207200 2070.5
1207210 2072.1
1207220 2074.0
1207230 2074.0
1207240 2077.0
1207250 2079.6
1207260 2079.6
1207270 2081.6
1207280 2083.0
1207290 2083.0
1207300 2084.6
1207310 2086.8
1207320 2086.8
1207330 2090.3
1207340 2094.9
1207350 2094.9
1207360 2099.7
1207370 2104.1
1207380 2104.1
1207390 2108.9
1207400 2113.0
1207410 2113.0
1207420 2116.0
1207430 2116.7
1207440 2124.7
1207450 2124.7
1207460 2123.2
1207470 2120.5
1207480 2120.5
1207490 2117.4
1207500 2114.7
1207510 2114.7
1207520 2111.6
1207530 2109.2
1207540 2109.2
1207550 2105.3
1207560 2101.5
1207570 2101.5
1207580 2098.7
1207590 2095.5
1207600 2095.5
1207610 2091.6
1207620 2085.7
1207630 2085.7
1207640 2079.2
1207650 2075.7
1207660 2073.9
1207670 2073.9
1207680 2069.1
1207690 2063.7
1207700 2063.7
1207710 2055.6
1207720 2045.8
1207730 2045.8
1207740 2037.7
1207750 2031.3
1207760 2031.3
1207770 2025.8
1207780 2020.7
1207790 2020.7
1207800 2013.5
1207810 2005.8
1207820 2005.8
1207830 2001.0
1207840 1995.9
1207850 1995.9
1207860 1985.5
1207870 1978.3
1207880 1971.1
1207890 1971.1
1207900 1968.3
1207910 1961.4
1207920 1961.4
1207930 1953.1
1207940 1941.9
1207950 1941.9
1207960 1918.8
1207970 1904.0
1207980 1904.0
1207990 1889.9
1208000 1880.8
1208010 1880.8
1208020 1875.0
1208030 1871.2
1208040 1871.2
1208050 1865.5
1208060 1859.9
1208070 1850.3
1208080 1850.3
1208090 1842.0
1208100 1832.3
1208110 1832.3
1208120 1822.7
1208130 1814.6
1208140 1814.6
1208150 1807.0
1208160 1804.6
1208170 1804.6
1208180 1800.1
1208190 1790.0
1208200 1790.0
1208210 1780.6
1208220 1775.3
1208230 1775.3
1208240 1772.2
1208250 1766.4
1208260 1766.4
1208270 1758.3
1208280 1755.8
1208290 1751.8
1208300 1751.8
1208310 1743.3
1208320 1735.8
1208330 1735.8
1208340 1728.4
1208350 1720.3
1208360 1724.6
1208370 1719.1
1208380 1716.1
1208390 1716.1
1208400 1708.4
1208410 1704.9
1208420 1704.9
1208430 1701.3
1208440 1698.4
1208450 1698.4
1208460 1697.8
1208470 1694.5
1208480 1694.5
1208490 1689.7
1208500 1683.8
1208510 1676.8
1208520 1676.8
1208530 1669.0
1208540 1662.1
1208550 1662.1
1208560 1656.3
1208570 1651.2
1208580 1651.2
1208590 1645.8
1208600 1636.4
1208610 1636.4
1208620 1627.9
1208630 1617.9
1208640 1617.9
1208650 1600.6
1208660 1585.8
1208670 1585.8
1208680 1577.3
1208690 1569.3
1208700 1569.3
1208710 1559.3
1208720 1546.5
1208730 1536.3
1208740 1536.3
1208750 1530.3
1208760 1526.1
1208770 1526.1
1208780 1522.3
1208790 1514.3
1208800 1514.3
1208810 1500.4
1208820 1495.0
1208830 1495.0
1208840 1487.9
1208850 1487.1
1208860 1487.1
1208870 1485.4
1208880 1479.4
1208890 1479.4
1208900 1473.3
1208910 1468.2
1208920 1468.2
1208930 1464.3
1208940 1460.4
1208950 1454.5
1208960 1454.5
1208970 1448.5
1208980 1442.0
1208990 1442.0
1209000 1435.1
1209010 1429.1
1209020 1429.1
1209030 1425.7
1209040 1424.2
1209050 1424.2
1209060 1423.7
1209070 1422.0
1209080 1422.0
1209090 1419.7
1209100 1417.6
1209110 1417.6
1209120 1415.6
1209130 1414.0
1209140 1414.0
1209150 1413.2
1209160 1412.8
1209170 1412.3
1209180 1412.3
1209190 1412.1
1209200 1411.8
1209210 1411.8
1209220 1410.6
1209230 1411.6
1209240 1411.6
1209250 1412.1
1209260 1411.5
1209270 1411.5
1209280 1411.5
1209290 1411.5
1209300 1411.5
1209310 1411.6
1209320 1411.6
1209330 1411.6
1209340 1411.8
1209350 1411.9
1209360 1411.9
1209370 1412.1
1209380 1412.4
1209390 1413.1
1209400 1413.1
1209410 1414.3
1209420 1415.5
1209430 1415.5
1209440 1419.4
1209450 1419.2
1209460 1419.2
1209470 1420.0
1209480 1424.2
1209490 1424.2
1209500 1429.3
1209510 1433.7
1209520 1433.7
1209530 1437.0
1209540 1439.9
1209550 1439.9
1209560 1442.5
1209570 1446.2
1209580 1446.2
1209590 1451.6
1209600 1462.3
1209610 1474.2
1209620 1474.2
1209630 1480.8
1209640 1488.4
1209650 1488.4
1209660 1500.4
1209670 1516.4
1209680 1516.4
1209690 1531.4
1209700 1543.1
1209710 1543.1
1209720 1560.8
1209730 1574.2
1209740 1570.2
1209750 1580.5
1209760 1589.1
1209770 1589.1
1209780 1596.2
1209790 1604.2
1209800 1617.6
1209810 1617.6
1209820 1641.4
1209830 1650.4
1209840 1650.4
1209850 1655.8
1209860 1662.1
1209870 1662.1
1209880 1667.3
1209890 1673.1
1209900 1673.1
1209910 1683.1
1209920 1691.4
1209930 1691.4
1209940 1694.6
1209950 1696.4
1209960 1696.4
1209970 1701.0
1209980 1709.3
1209990 1709.3
1210000 1717.3
1210010 1724.9
1210020 1734.7
1210030 1734.7
1210040 1747.4
1210050 1760.0
1210060 1760.0
1210070 1768.3
1210080 1779.5
1210090 1779.5
1210100 1794.6
1210110 1805.4
1210120 1805.4
1210130 1825.7
1210140 1843.7
1210150 1843.7
1210160 1852.6
1210170 1867.9
1210180 1867.9
1210190 1883.8
1210200 1892.1
1210210 1892.1
1210220 1899.2
1210230 1906.6
1210240 1914.1
1210250 1914.1
1210260 1921.3
1210270 1928.3
1210280 1928.3
1210290 1935.3
1210300 1944.9
1210310 1944.9
1210320 1962.0
1210330 1972.5
1210340 1972.5
1210350 1982.9
1210360 1991.0
1210370 1991.0
1210380 1998.8
1210390 2020.0
1210400 2020.0
1210410 2048.9
1210420 2056.8
1210430 2056.8
1210440 2062.3
1210450 2067.1
1210460 2071.7
1210470 2071.7
1210480 2076.3
1210490 2081.0
1210500 2081.0
1210510 2086.0
1210520 2091.1
1210530 2091.1
1210540 2096.3
1210550 2101.8
1210560 2101.8
1210570 2107.4
1210580 2113.2
1210590 2113.2
1210600 2119.0
1210610 2125.1
1210620 2125.1
1210630 2132.1
1210640 2139.0
1210650 2139.0
1210660 2148.2
1210670 2155.3
1210680 2162.6
1210690 2162.6
1210700 2171.5
1210710 2183.4
1210720 2183.4
1210730 2194.5
1210740 2206.1
1210750 2206.1
1210760 2240.4
1210770 2264.6
1210780 2264.6
1210790 2279.2
1210800 2296.9
1210810 2296.9
1210820 2309.8
1210830 2320.5
1210840 2320.5
1210850 2324.5
1210860 2324.0
1210870 2324.0
1210880 2320.4
1210890 2315.4
1210900 2315.3
1210910 2315.3
1210920 2320.9
1210930 2325.9
1210940 2325.9
1210950 2330.4
1210960 2331.8
1210970 2331.8
1210980 2331.4
1210990 2329.4
1211000 2329.4
1211010 2327.8
1211020 2327.2
1211030 2327.2
1211040 2326.4
1211050 2324.2
1211060 2324.2
1211070 2324.4
1211080 2326.4
1211090 2326.4
1211100 2329.1
1211110 2331.0
1211120 2331.7
1211130 2338.0
1211140 2338.7
1211150 2339.9
1211160 2339.9
1211170 2340.8
1211180 2340.1
1211190 2340.1
1211200 2338.6
1211210 2338.0
1211220 2338.0
1211230 2338.1
1211240 2337.8
1211250 2337.8
1211260 2337.3
1211270 2336.7
1211280 2336.7
1211290 2336.0
1211300 2336.3
1211310 2338.1
1211320 2338.1
1211330 2339.9
1211340 2341.6
1211350 2341.6
1211360 2345.2
1211370 2352.1
1211380 2352.1
1211390 2360.0
1211400 2361.9
1211410 2361.9
1211420 2362.3
1211430 2358.2
1211440 2358.2
1211450 2353.0
1211460 2350.3
1211470 2350.3
1211480 2347.4
1211490 2344.3
1211500 2344.3
1211510 2342.3
1211520 2338.5
1211530 2332.4
1211540 2332.4
1211550 2326.5
1211560 2320.3
1211570 2320.3
1211580 2314.2
1211590 2315.4
1211600 2315.4
1211610 2314.6
1211620 2314.1
1211630 2314.1
1211640 2312.6
1211650 2308.1
1211660 2308.1
1211670 2307.1
1211680 2307.7
1211690 2307.7
1211700 2308.4
1211710 2309.4
1211720 2309.4
1211730 2310.6
1211740 2311.9
1211750 2313.5
1211760 2313.5
1211770 2315.3
1211780 2316.9
1211790 2316.9
1211800 2318.7
1211810 2320.5
1211820 2320.5
1211830 2322.0
1211840 2322.9
1211850 2322.9
1211860 2323.5
1211870 2323.4
1211880 2323.4
1211890 2324.5
1211900 2327.5
1211910 2327.5
1211920 2330.3
1211930 2333.8
1211940 2333.8
1211950 2337.9
1211960 2342.7
1211970 2348.3
1211980 2348.3
1211990 2354.0
1212000 2360.3
1212010 2360.3
1212020 2366.5
1212030 2372.6
1212040 2372.6
1212050 2382.3
1212060 2388.6
1212070 2388.6
1212080 2393.6
1212090 2397.8
1212100 2397.8
1212110 2401.3
1212120 2403.6
1212130 2403.6
1212140 2403.7
1212150 2403.9
1212160 2403.9
1212170 2405.4
1212180 2406.8
1212190 2408.4
1212200 2408.4
1212210 2410.3
1212220 2412.4
1212230 2412.4
1212240 2414.4
1212250 2415.3
1212260 2415.3
1212270 2416.7
1212280 2418.7
1212290 2418.7
1212300 2420.1
1212310 2421.7
1212320 2421.7
1212330 2423.3
1212340 2424.0
1212350 2424.0
1212360 2425.1
1212370 2427.7
1212380 2427.7
1212390 2430.0
1212400 2431.9
1212410 2433.6
1212420 2433.6
1212430 2435.0
1212440 2437.2
1212450 2437.2
1212460 2441.2
1212470 2444.5
1212480 2444.5
1212490 2446.2
1212500 2446.9
1212510 2446.9
1212520 2448.3
1212530 2449.1
1212540 2449.1
1212550 2449.5
1212560 2450.7
1212570 2450.7
1212580 2455.5
1212590 2461.1
1212600 2461.1
1212610 2465.7
1212620 2470.7
1212630 2476.4
1212640 2476.4
1212650 2482.9
1212660 2489.9
1212670 2489.9
1212680 2496.8
1212690 2503.9
1212700 2503.9
1212710 2511.2
1212720 2518.4
1212730 2518.4
1212740 2525.3
1212750 2536.6
1212760 2536.6
1212770 2547.2
1212780 2555.1
1212790 2555.1
1212800 2565.7
1212810 2578.5
1212820 2578.5
1212830 2595.9
1212840 2610.4
1212850 2625.5
1212860 2625.5
1212870 2650.2
1212880 2669.0
1212890 2669.0
1212900 2677.4
1212910 2682.7
1212920 2682.7
1212930 2689.1
1212940 2692.0
1212950 2692.0
1212960 2687.6
1212970 2680.9
1212980 2680.9
1212990 2681.9
1213000 2677.9
1213010 2677.9
1213020 2675.2
1213030 2672.5
1213040 2664.9
1213050 2664.9
1213060 2657.5
1213070 2653.9
1213080 2653.9
1213090 2658.2
1213100 2662.5
1213110 2662.5
1213120 2665.2
1213130 2668.4
1213140 2668.4
1213150 2671.3
1213160 2673.0
1213170 2673.0
1213180 2675.3
1213190 2677.0
1213200 2677.0
1213210 2678.0
1213220 2678.3
1213230 2678.3
1213240 2678.9
1213250 2680.0
1213260 2680.6
1213270 2680.6
1213280 2678.7
1213290 2675.7
1213300 2675.7
1213310 2674.6
1213320 2674.2
1213330 2674.2
1213340 2673.4
1213350 2673.6
1213360 2673.6
1213370 2674.4
1213380 2675.5
1213390 2675.5
1213400 2676.8
1213410 2678.8
1213420 2678.8
1213430 2682.0
1213440 2685.4
1213450 2685.3
1213460 2689.9
1213470 2694.8
1213480 2699.7
1213490 2699.7
1213500 2704.6
1213510 2709.3
1213520 2709.3
1213530 2713.9
1213540 2719.0
1213550 2719.0
1213560 2725.2
1213570 2732.7
1213580 2732.7
1213590 2739.6
1213600 2746.2
1213610 2746.2
1213620 2752.4
1213630 2758.2
1213640 2758.2
1213650 2763.2
1213660 2768.1
1213670 2768.1
1213680 2774.7
1213690 2794.9
1213700 2813.6
1213710 2813.6
1213720 2834.8
1213730 2853.1
1213740 2853.1
1213750 2854.4
1213760 2851.5
1213770 2851.5
1213780 2854.7
1213790 2854.9
1213800 2854.9
1213810 2868.5
1213820 2890.9
1213830 2890.9
1213840 2912.5
1213850 2920.7
1213860 2920.7
1213870 2913.4
1213880 2911.9
1213890 2911.9
1213900 2910.7
1213910 2909.0
1213920 2895.9
1213930 2895.9
1213940 2899.8
1213950 2901.6
1213960 2901.6
1213970 2903.1
1213980 2904.6
1213990 2904.6
1214000 2908.2
1214010 2913.9
1214020 2913.9
1214030 2917.6
1214040 2930.0
1214050 2930.0
1214060 2946.1
1214070 2964.3
1214080 2964.3
1214090 2968.7
1214100 2972.2
1214110 2972.2
1214120 2973.0
1214130 2968.9
1214140 2973.2
1214150 2973.2
1214160 2977.0
1214170 2975.5
1214180 2975.5
1214190 2976.8
1214200 2982.1
1214210 2982.1
1214220 2982.0
1214230 2977.9
1214240 2977.9
1214250 2969.9
1214260 2960.3
1214270 2960.3
1214280 2959.1
1214290 2971.1
1214300 2971.1
1214310 2969.3
1214320 2963.4
1214330 2963.4
1214340 2954.2
1214350 2950.4
1214360 2942.1
1214370 2942.1
1214380 2932.8
1214390 2919.3
1214400 2919.3
1214410 2917.4
1214420 2912.8
1214430 2912.8
1214440 2911.2
1214450 2914.7
1214460 2914.7
1214470 2914.0
1214480 2911.0
1214490 2911.0
1214500 2914.0
1214510 2910.6
1214520 2910.6
1214530 2897.7
1214540 2888.0
1214550 2880.5
1214560 2880.5
1214570 2875.9
1214580 2872.0
1214590 2872.0
1214600 2869.1
1214610 2867.9
1214620 2867.9
1214630 2866.3
1214640 2865.2
1214650 2865.2
1214660 2868.7
1214670 2872.0
1214680 2872.0
1214690 2872.7
1214700 2872.5
1214710 2872.5
1214720 2873.6
1214730 2871.7
1214740 2871.7
1214750 2868.9
1214760 2872.8
1214770 2873.3
1214780 2873.3
1214790 2873.6
1214800 2877.2
1214810 2877.2
1214820 2873.6
1214830 2871.2
1214840 2871.2
1214850 2869.0
1214860 2858.3
1214870 2858.3
1214880 2862.7
1214890 2862.0
1214900 2862.0
1214910 2849.4
1214920 2834.9
1214930 2834.9
1214940 2828.4
1214950 2826.9
1214960 2826.9
1214970 2830.6
1214980 2836.8
1214990 2837.0
1215000 2837.0
1215010 2833.9
1215020 2837.8
1215030 2837.8
1215040 2845.2
1215050 2844.9
1215060 2844.9
1215070 2841.0
1215080 2835.8
1215090 2835.8
1215100 2836.3
1215110 2837.8
1215120 2837.8
1215130 2838.7
1215140 2839.9
1215150 2839.9
1215160 2845.0
1215170 2848.0
1215180 2848.0
1215190 2847.0
1215200 2849.5
1215210 2854.2
1215220 2854.2
1215230 2860.1
1215240 2867.4
1215250 2867.4
1215260 2875.0
1215270 2883.4
1215280 2883.4
1215290 2886.3
1215300 2885.1
1215310 2885.1
1215320 2886.1
1215330 2887.2
1215340 2887.2
1215350 2899.6
1215360 2902.1
1215370 2902.1
1215380 2894.1
1215390 2891.2
1215400 2891.2
1215410 2894.6
1215420 2904.7
1215430 2915.9
1215440 2915.9
1215450 2922.5
1215460 2927.3
1215470 2927.3
1215480 2928.9
1215490 2927.3
1215500 2927.3
1215510 2924.7
1215520 2918.5
1215530 2918.5
1215540 2909.7
1215550 2899.9
1215560 2899.9
1215570 2888.9
1215580 2876.6
1215590 2876.6
1215600 2867.0
1215610 2859.0
1215620 2859.0
1215630 2852.7
1215640 2842.9
1215650 2831.4
1215660 2831.4
1215670 2819.4
1215680 2806.7
1215690 2806.7
1215700 2797.2
1215710 2791.0
1215720 2791.0
1215730 2785.4
1215740 2778.8
1215750 2778.8
1215760 2760.3
1215770 2743.9
1215780 2743.9
1215790 2736.5
1215800 2712.2
1215810 2712.2
1215820 2704.6
1215830 2698.6
1215840 2698.6
1215850 2695.0
1215860 2692.1
1215870 2688.7
1215880 2688.7
1215890 2684.8
1215900 2679.7
1215910 2679.7
1215920 2676.0
1215930 2672.2
1215940 2672.2
1215950 2667.5
1215960 2662.7
1215970 2662.7
1215980 2658.3
1215990 2654.0
1216000 2654.0
1216010 2650.7
1216020 2649.5
1216030 2649.5
1216040 2651.2
1216050 2653.8
1216060 2653.8
1216070 2657.1
1216080 2657.3
1216090 2651.2
1216100 2651.2
1216110 2644.3
1216120 2638.0
1216130 2638.0
1216140 2633.1
1216150 2629.6
1216160 2629.6
1216170 2624.9
1216180 2620.2
1216190 2620.2
1216200 2614.5
1216210 2609.9
1216220 2609.9
1216230 2600.9
1216240 2598.8
1216250 2598.8
1216260 2600.8
1216270 2583.9
1216280 2580.4
1216290 2580.4
1216300 2584.1
1216310 2582.4
1216320 2582.4
1216330 2577.6
1216340 2570.9
1216350 2570.9
1216360 2564.7
1216370 2555.0
1216380 2555.0
1216390 2549.2
1216400 2547.5
1216410 2547.5
1216420 2544.7
1216430 2541.3
1216440 2541.3
1216450 2536.5
1216460 2528.4
1216470 2528.4
1216480 2519.3
1216490 2510.7
1216500 2504.6
1216510 2504.6
1216520 2502.4
1216530 2499.2
1216540 2499.2
1216550 2494.3
1216560 2489.2
1216570 2489.2
1216580 2485.7
1216590 2482.1
1216600 2482.1
1216610 2479.6
1216620 2476.8
1216630 2476.8
1216640 2473.2
1216650 2468.8
1216660 2468.8
1216670 2466.0
1216680 2468.6
1216690 2468.6
1216700 2466.6
1216710 2467.9
1216720 2470.3
1216730 2470.3
1216740 2460.1
1216750 2460.0
1216760 2460.0
1216770 2456.1
1216780 2454.8
1216790 2454.8
1216800 2457.1
1216810 2456.1
1216820 2456.1
1216830 2457.4
1216840 2456.3
1216850 2456.3
1216860 2453.4
1216870 2447.8
1216880 2447.8
1216890 2442.8
1216900 2439.7
1216910 2439.7
1216920 2433.5
1216930 2427.2
1216940 2422.7
1216950 2422.7
1216960 2418.2
1216970 2414.0
1216980 2414.0
1216990 2410.0
1217000 2403.6
1217010 2403.6
1217020 2396.5
1217030 2390.1
1217040 2390.1
1217050 2382.5
1217060 2376.0
1217070 2376.0
1217080 2370.8
1217090 2365.8
1217100 2365.8
1217110 2360.7
1217120 2355.1
1217130 2355.1
1217140 2349.9
1217150 2345.8
1217160 2342.1
1217170 2342.1
1217180 2338.5
1217190 2334.7
1217200 2334.7
1217210 2330.1
1217220 2322.5
1217230 2322.5
1217240 2316.7
1217250 2309.8
1217260 2309.8
1217270 2303.0
1217280 2298.1
1217290 2298.1
1217300 2293.5
1217310 2288.7
1217320 2288.7
1217330 2285.4
1217340 2280.8
1217350 2280.8
1217360 2275.8
1217370 2272.4
1217380 2269.7
1217390 2269.7
1217400 2265.8
1217410 2261.9
1217420 2261.9
1217430 2258.1
1217440 2254.4
1217450 2254.4
1217460 2251.0
1217470 2247.3
1217480 2247.3
1217490 2242.9
1217500 2237.8
1217510 2237.8
1217520 2233.4
1217530 2230.9
1217540 2230.9
1217550 2227.7
1217560 2223.8
1217570 2223.8
1217580 2219.5
1217590 2214.4
1217600 2209.2
1217610 2209.2
1217620 2205.4
1217630 2201.7
1217640 2201.7
1217650 2196.4
1217660 2190.2
1217670 2190.2
1217680 2184.7
1217690 2174.3
1217700 2174.3
1217710 2169.0
1217720 2164.5
1217730 2164.5
1217740 2159.6
1217750 2153.0
1217760 2153.0
1217770 2146.3
1217780 2141.5
1217790 2136.4
1217800 2136.4
1217810 2130.6
1217820 2123.4
1217830 2123.4
1217840 2115.5
1217850 2106.7
1217860 2106.7
1217870 2098.4
1217880 2090.8
1217890 2090.8
1217900 2082.7
1217910 2074.2
1217920 2074.2
1217930 2062.5
1217940 2049.7
1217950 2049.7
1217960 2040.0
1217970 2032.2
1217980 2032.2
1217990 2026.2
1218000 2020.9
1218010 2015.0
1218020 2015.0
1218030 2007.4
1218040 2000.2
1218050 2000.2
1218060 1995.3
1218070 1989.6
1218080 1989.6
1218090 1982.2
1218100 1973.4
1218110 1973.4
1218120 1964.5
1218130 1956.2
1218140 1956.2
1218150 1947.8
1218160 1939.4
1218170 1934.0
1218180 1926.3
1218190 1920.7
1218200 1920.7
1218210 1914.6
1218220 1908.1
1218230 1901.7
1218240 1901.7
1218250 1895.2
1218260 1888.1
1218270 1888.1
1218280 1881.0
1218290 1874.1
1218300 1874.1
1218310 1868.0
1218320 1861.6
1218330 1861.6
1218340 1855.1
1218350 1848.7
1218360 1848.7
1218370 1841.6
1218380 1834.5
1218390 1834.5
1218400 1827.9
1218410 1821.6
1218420 1821.6
1218430 1814.8
1218440 1806.5
1218450 1799.2
1218460 1799.2
1218470 1792.0
1218480 1785.4
1218490 1785.4
1218500 1778.8
1218510 1772.4
1218520 1772.4
1218530 1766.0
1218540 1759.1
1218550 1759.1
1218560 1751.9
1218570 1745.1
1218580 1745.1
1218590 1737.7
1218600 1729.8
1218610 1729.8
1218620 1722.6
1218630 1715.8
1218640 1715.0
1218650 1708.2
1218660 1701.3
1218670 1694.7
1218680 1694.7
1218690 1688.3
1218700 1682.0
1218710 1682.0
1218720 1676.5
1218730 1671.5
1218740 1671.5
1218750 1666.6
1218760 1661.5
1218770 1661.5
1218780 1657.0
1218790 1653.9
1218800 1653.9
1218810 1650.8
1218820 1645.5
1218830 1645.5
1218840 1639.0
1218850 1632.9
1218860 1632.9
1218870 1627.5
1218880 1621.1
1218890 1614.3
1218900 1614.3
1218910 1606.3
1218920 1596.8
1218930 1596.8
1218940 1586.4
1218950 1577.3
1218960 1577.3
1218970 1570.1
1218980 1562.0
1218990 1562.0
1219000 1552.5
1219010 1542.9
1219020 1542.9
1219030 1533.0
1219040 1521.1
1219050 1521.1
1219060 1510.1
1219070 1501.2
1219080 1501.2
1219090 1492.7
1219100 1485.6
1219110 1478.5
1219120 1475.3
1219130 1467.8
1219140 1460.3
1219150 1460.3
1219160 1452.9
1219170 1445.0
1219180 1445.0
1219190 1436.9
1219200 1429.7
1219210 1429.7
1219220 1423.2
1219230 1416.7
1219240 1416.7
1219250 1410.0
1219260 1403.6
1219270 1403.6
1219280 1396.4
1219290 1389.2
1219300 1382.1
1219310 1382.1
1219320 1374.8
1219330 1368.3
1219340 1368.3
1219350 1362.3
1219360 1356.5
1219370 1356.5
1219380 1350.5
1219390 1344.0
1219400 1344.0
1219410 1337.9
1219420 1331.8
1219430 1331.8
1219440 1326.7
1219450 1322.9
1219460 1322.9
1219470 1318.5
1219480 1312.3
1219490 1312.3
1219500 1306.3
1219510 1301.0
1219520 1297.3
1219530 1297.3
1219540 1294.3
1219550 1290.3
1219560 1290.3
1219570 1286.1
1219580 1282.1
1219590 1282.1
1219600 1274.8
1219610 1271.1
1219620 1271.1
1219630 1266.9
1219640 1262.6
1219650 1262.6
1219660 1257.8
1219670 1253.3
1219680 1253.3
1219690 1248.9
1219700 1244.4
1219710 1244.4
1219720 1242.4
1219730 1241.6
1219740 1239.1
1219750 1239.1
1219760 1236.1
1219770 1233.5
1219780 1233.5
1219790 1230.1
1219800 1227.3
1219810 1227.3
1219820 1225.0
1219830 1222.6
1219840 1222.6
1219850 1219.7
1219860 1216.9
1219870 1216.9
1219880 1214.7
1219890 1213.4
1219900 1213.4
1219910 1210.8
1219920 1206.5
1219930 1206.5
1219940 1202.0
1219950 1197.2
1219960 1193.3
1219970 1193.3
1219980 1190.2
1219990 1188.2
