1200000 2627.0
1200010 2637.8
1200020 2653.0
1200030 2653.0
1200040 2662.0
1200050 2670.0
1200060 2670.0
1200070 2679.1
1200080 2695.1
1200090 2695.1
1200100 2712.4
1200110 2721.2
1200120 2721.2
1200130 2740.2
1200140 2763.1
1200150 2772.9
1200160 2772.9
1200170 2786.0
1200180 2798.0
1200190 2798.0
1200200 2800.7
1200210 2801.4
1200220 2801.4
1200230 2802.8
1200240 2803.5
1200250 2803.5
1200260 2803.5
1200270 2803.9
1200280 2803.9
1200290 2804.5
1200300 2805.1
1200310 2805.1
1200320 2805.9
1200330 2806.8
1200340 2806.8
1200350 2807.6
1200360 2808.5
1200370 2809.8
1200380 2809.8
1200390 2810.8
1200400 2820.4
1200410 2820.4
1200420 2820.8
1200430 2820.3
1200440 2820.3
1200450 2818.9
1200460 2807.8
1200470 2807.8
1200480 2797.3
1200490 2791.7
1200500 2791.7
1200510 2785.3
1200520 2778.1
1200530 2778.1
1200540 2769.9
1200550 2762.9
1200560 2762.9
1200570 2758.0
1200580 2754.2
1200590 2751.4
1200600 2751.4
1200610 2749.1
1200620 2746.9
1200630 2746.9
1200640 2744.2
1200650 2739.8
1200660 2739.8
1200670 2733.1
1200680 2729.7
1200690 2729.7
1200700 2725.4
1200710 2718.2
1200720 2718.2
1200730 2716.1
1200740 2715.1
1200750 2715.1
1200760 2714.4
1200770 2714.0
1200780 2714.0
1200790 2713.8
1200800 2714.5
1200810 2716.1
1200820 2716.1
1200830 2717.6
1200840 2726.8
1200850 2726.8
1200860 2726.5
1200870 2724.6
1200880 2724.6
1200890 2724.3
1200900 2724.3
1200910 2724.3
1200920 2725.8
1200930 2726.0
1200940 2726.0
1200950 2724.2
1200960 2721.7
1200970 2721.7
1200980 2719.9
1200990 2718.7
1201000 2718.7
1201010 2717.5
1201020 2716.0
1201030 2714.3
1201040 2714.3
1201050 2711.8
1201060 2709.1
1201070 2709.1
1201080 2708.0
1201090 2710.4
1201100 2710.4
1201110 2715.8
1201120 2710.5
1201130 2710.5
1201140 2703.3
1201150 2702.2
1201160 2702.2
1201170 2703.9
1201180 2707.6
1201190 2707.6
1201200 2711.9
1201210 2712.9
1201220 2713.9
1201230 2713.9
1201240 2715.6
1201250 2718.6
1201260 2718.6
1201270 2721.9
1201280 2727.5
1201290 2740.1
1201300 2747.1
1201310 2752.4
1201320 2752.4
1201330 2756.3
1201340 2758.6
1201350 2758.6
1201360 2756.7
1201370 2763.3
1201380 2763.3
1201390 2769.3
1201400 2770.9
1201410 2770.9
1201420 2775.3
1201430 2786.7
1201440 2799.3
1201450 2799.3
1201460 2791.2
1201470 2774.3
1201480 2774.3
1201490 2754.0
1201500 2738.9
1201510 2738.9
1201520 2732.9
1201530 2733.1
1201540 2733.1
1201550 2729.7
1201560 2728.4
1201570 2728.4
1201580 2728.2
1201590 2725.8
1201600 2725.8
1201610 2727.1
1201620 2726.9
1201630 2726.9
1201640 2723.9
1201650 2720.5
1201660 2716.7
1201670 2716.7
1201680 2712.6
1201690 2709.3
1201700 2709.3
1201710 2707.5
1201720 2706.5
1201730 2706.5
1201740 2708.0
1201750 2707.4
1201760 2707.4
1201770 2706.8
1201780 2705.7
1201790 2705.7
1201800 2704.2
1201810 2703.0
1201820 2703.0
1201830 2702.0
1201840 2700.6
1201850 2700.6
1201860 2697.5
1201870 2698.4
1201880 2700.0
1201890 2700.0
1201900 2701.9
1201910 2708.1
1201920 2708.1
1201930 2715.2
1201940 2721.7
1201950 2721.7
1201960 2729.1
1201970 2738.5
1201980 2738.5
1201990 2747.0
1202000 2758.4
1202010 2758.4
1202020 2769.2
1202030 2779.1
1202040 2779.1
1202050 2795.0
1202060 2814.1
1202070 2814.1
1202080 2833.7
1202090 2855.3
1202100 2881.2
1202110 2881.2
1202120 2898.3
1202130 2908.9
1202140 2908.9
1202150 2926.1
1202160 2936.0
1202170 2936.0
1202180 2940.7
1202190 2935.1
1202200 2935.1
1202210 2935.8
1202220 2931.7
1202230 2931.7
1202240 2935.8
1202250 2948.9
1202260 2948.9
1202270 2957.7
1202280 2942.8
1202290 2942.8
1202300 2924.1
1202310 2918.6
1202320 2907.5
1202330 2907.5
1202340 2901.9
1202350 2883.5
1202360 2883.5
1202370 2852.3
1202380 2836.2
1202390 2836.2
1202400 2825.0
1202410 2818.6
1202420 2818.6
1202430 2814.9
1202440 2813.5
1202450 2813.5
1202460 2812.3
1202470 2808.5
1202480 2808.5
1202490 2799.3
1202500 2792.9
1202510 2792.9
1202520 2776.8
1202530 2765.8
1202540 2753.4
1202550 2753.4
1202560 2742.2
1202570 2729.1
1202580 2729.1
1202590 2719.3
1202600 2712.8
1202610 2712.8
1202620 2705.7
1202630 2696.5
1202640 2696.5
1202650 2689.7
1202660 2682.4
1202670 2682.4
1202680 2675.4
1202690 2668.3
1202700 2668.3
1202710 2661.2
1202720 2654.3
1202730 2654.3
1202740 2648.0
1202750 2641.9
1202760 2635.6
1202770 2635.6
1202780 2629.9
1202790 2624.1
1202800 2624.1
1202810 2618.4
1202820 2612.6
1202830 2612.6
1202840 2606.6
1202850 2602.4
1202860 2602.4
1202870 2598.6
1202880 2594.1
1202890 2594.1
1202900 2589.8
1202910 2586.3
1202920 2586.3
1202930 2583.8
1202940 2581.5
1202950 2581.5
1202960 2578.8
1202970 2575.6
1202980 2573.7
1202990 2573.7
1203000 2572.6
1203010 2571.2
1203020 2571.2
1203030 2569.2
1203040 2567.8
1203050 2567.8
1203060 2569.2
1203070 2569.9
1203080 2579.8
1203090 2581.1
1203100 2585.2
1203110 2585.2
1203120 2581.3
1203130 2578.6
1203140 2578.6
1203150 2576.4
1203160 2573.4
1203170 2573.4
1203180 2570.4
1203190 2568.4
1203200 2565.4
1203210 2565.4
1203220 2561.5
1203230 2553.1
1203240 2553.1
1203250 2537.5
1203260 2521.6
1203270 2521.6
1203280 2496.7
1203290 2473.0
1203300 2473.0
1203310 2464.8
1203320 2457.8
1203330 2457.8
1203340 2451.9
1203350 2446.7
1203360 2446.7
1203370 2441.4
1203380 2436.0
1203390 2430.4
1203400 2430.4
1203410 2424.1
1203420 2418.9
1203430 2418.9
1203440 2414.5
1203450 2409.2
1203460 2409.2
1203470 2403.6
1203480 2398.1
1203490 2398.1
1203500 2392.7
1203510 2387.4
1203520 2387.4
1203530 2382.3
1203540 2377.8
1203550 2377.8
1203560 2372.6
1203570 2367.9
1203580 2367.9
1203590 2363.7
1203600 2359.3
1203610 2355.5
1203620 2355.5
1203630 2352.2
1203640 2349.1
1203650 2349.1
1203660 2346.0
1203670 2342.9
1203680 2342.9
1203690 2340.0
1203700 2337.0
1203710 2337.0
1203720 2333.7
1203730 2330.8
1203740 2330.8
1203750 2327.4
1203760 2325.0
1203770 2325.0
1203780 2322.0
1203790 2318.4
1203800 2318.4
1203810 2314.7
1203820 2310.6
1203830 2306.2
1203840 2306.2
1203850 2301.8
1203860 2298.1
1203870 2298.1
1203880 2294.0
1203890 2289.7
1203900 2289.7
1203910 2285.4
1203920 2281.1
1203930 2281.1
1203940 2276.9
1203950 2272.7
1203960 2272.7
1203970 2268.8
1203980 2265.4
1203990 2269.0
1204000 2265.7
1204010 2262.3
1204020 2262.3
1204030 2258.9
1204040 2254.9
1204050 2251.0
1204060 2251.0
1204070 2246.9
1204080 2242.7
1204090 2242.7
1204100 2238.9
1204110 2235.2
1204120 2235.2
1204130 2231.3
1204140 2227.1
1204150 2227.1
1204160 2223.6
1204170 2219.6
1204180 2219.6
1204190 2214.9
1204200 2210.7
1204210 2210.7
1204220 2206.8
1204230 2202.9
1204240 2202.9
1204250 2198.8
1204260 2195.0
1204270 2191.7
1204280 2191.7
1204290 2188.2
1204300 2184.7
1204310 2184.7
1204320 2181.6
1204330 2178.4
1204340 2178.4
1204350 2175.4
1204360 2172.2
1204370 2172.2
1204380 2168.8
1204390 2165.7
1204400 2165.7
1204410 2162.9
1204420 2160.0
1204430 2160.0
1204440 2159.2
1204450 2157.9
1204460 2157.9
1204470 2157.0
1204480 2156.5
1204490 2157.7
1204500 2157.7
1204510 2159.0
1204520 2161.0
1204530 2161.0
1204540 2164.5
1204550 2166.4
1204560 2166.4
1204570 2166.7
1204580 2168.6
1204590 2168.6
1204600 2172.7
1204610 2177.2
1204620 2177.2
1204630 2181.2
1204640 2182.4
1204650 2182.4
1204660 2179.5
1204670 2180.4
1204680 2180.4
1204690 2183.2
1204700 2182.4
1204710 2179.5
1204720 2179.5
1204730 2178.5
1204740 2174.9
1204750 2174.9
1204760 2169.7
1204770 2168.5
1204780 2168.5
1204790 2170.7
1204800 2176.5
1204810 2176.5
1204820 2183.5
1204830 2187.9
1204840 2187.9
1204850 2187.7
1204860 2186.5
1204870 2186.5
1204880 2184.5
1204890 2187.0
1204900 2187.0
1204910 2182.3
1204920 2177.8
1204930 2176.1
1204940 2176.1
1204950 2175.4
1204960 2173.8
1204970 2173.8
1204980 2171.7
1204990 2170.4
1205000 2170.4
1205010 2168.7
1205020 2166.2
1205030 2166.2
1205040 2166.0
1205050 2166.7
1205060 2166.7
1205070 2166.2
1205080 2167.9
1205090 2167.9
1205100 2170.0
1205110 2172.5
1205120 2172.5
1205130 2177.1
1205140 2181.6
1205150 2186.4
1205160 2186.4
1205170 2190.6
1205180 2194.7
1205190 2194.7
1205200 2199.5
1205210 2204.2
1205220 2204.2
1205230 2210.0
1205240 2217.2
1205250 2217.2
1205260 2226.8
1205270 2236.1
1205280 2236.1
1205290 2248.0
1205300 2260.9
1205310 2260.9
1205320 2268.0
1205330 2273.1
1205340 2284.4
1205350 2287.3
1205360 2298.8
1205370 2304.7
1205380 2304.7
1205390 2311.5
1205400 2317.0
1205410 2317.0
1205420 2319.7
1205430 2325.0
1205440 2325.0
1205450 2338.8
1205460 2357.3
1205470 2357.3
1205480 2366.3
1205490 2367.6
1205500 2367.6
1205510 2364.9
1205520 2359.6
1205530 2359.6
1205540 2354.7
1205550 2348.2
1205560 2340.9
1205570 2340.9
1205580 2332.1
1205590 2324.2
1205600 2324.2
1205610 2317.4
1205620 2310.8
1205630 2310.8
1205640 2305.0
1205650 2299.3
1205660 2299.3
1205670 2292.9
1205680 2285.0
1205690 2285.0
1205700 2275.7
1205710 2266.7
1205720 2266.7
1205730 2259.4
1205740 2253.8
1205750 2253.8
1205760 2252.1
1205770 2252.7
1205780 2254.0
1205790 2254.0
1205800 2256.3
1205810 2255.6
1205820 2255.6
1205830 2255.8
1205840 2255.3
1205850 2255.3
1205860 2253.6
1205870 2252.5
1205880 2252.5
1205890 2253.5
1205900 2254.5
1205910 2254.5
1205920 2253.8
1205930 2253.1
1205940 2253.1
1205950 2251.6
1205960 2249.5
1205970 2249.5
1205980 2245.8
1205990 2240.0
1206000 2235.7
1206010 2235.7
1206020 2233.0
1206030 2229.4
1206040 2229.4
1206050 2225.9
1206060 2220.9
1206070 2220.9
1206080 2218.7
1206090 2216.0
1206100 2216.0
1206110 2214.1
1206120 2212.3
1206130 2212.3
1206140 2209.2
1206150 2205.1
1206160 2205.1
1206170 2202.5
1206180 2201.8
1206190 2201.8
1206200 2201.8
1206210 2202.0
1206220 2202.3
1206230 2202.3
1206240 2202.9
1206250 2203.6
1206260 2203.6
1206270 2201.2
1206280 2198.4
1206290 2198.4
1206300 2195.1
1206310 2192.1
1206320 2192.1
1206330 2189.6
1206340 2187.1
1206350 2187.1
1206360 2184.1
1206370 2180.9
1206380 2180.9
1206390 2178.5
1206400 2176.5
1206410 2176.5
1206420 2174.9
1206430 2173.0
1206440 2170.9
1206450 2170.9
1206460 2168.3
1206470 2164.6
1206480 2164.6
1206490 2160.2
1206500 2155.7
1206510 2155.7
1206520 2151.2
1206530 2146.1
1206540 2146.1
1206550 2140.8
1206560 2135.3
1206570 2135.3
1206580 2129.7
1206590 2124.1
1206600 2124.1
1206610 2118.9
1206620 2114.2
1206630 2114.2
1206640 2109.5
1206650 2105.2
1206660 2100.5
1206670 2100.5
1206680 2095.9
1206690 2092.3
1206700 2092.3
1206710 2090.9
1206720 2086.5
1206730 2086.5
1206740 2081.4
1206750 2074.4
1206760 2074.4
1206770 2067.5
1206780 2064.2
1206790 2064.2
1206800 2062.4
1206810 2057.5
1206820 2057.5
1206830 2051.8
1206840 2046.2
1206850 2046.2
1206860 2040.9
1206870 2036.2
1206880 2033.8
1206890 2033.8
1206900 2032.1
1206910 2030.2
1206920 2030.2
1206930 2028.8
1206940 2026.8
1206950 2026.8
1206960 2023.4
1206970 2018.8
1206980 2018.8
1206990 2014.1
1207000 2010.3
1207010 2010.3
1207020 2007.6
1207030 2005.7
1207040 2005.7
1207050 2003.5
1207060 1999.7
1207070 1999.7
1207080 1995.9
1207090 1992.4
1207100 1989.6
1207110 1989.6
1207120 1986.9
1207130 1984.5
1207140 1984.5
1207150 1982.9
1207160 1981.3
1207170 1985.3
1207180 1983.2
1207190 1981.7
1207200 1981.7
1207210 1980.4
1207220 1979.0
1207230 1979.0
1207240 1976.9
1207250 1975.6
1207260 1975.6
1207270 1974.0
1207280 1970.5
1207290 1970.5
1207300 1966.0
1207310 1960.6
1207320 1955.5
1207330 1955.5
1207340 1950.6
1207350 1945.8
1207360 1945.8
1207370 1944.9
1207380 1945.3
1207390 1945.3
1207400 1944.6
1207410 1940.6
1207420 1940.6
1207430 1932.1
1207440 1922.1
1207450 1922.1
1207460 1914.8
1207470 1904.4
1207480 1904.4
1207490 1899.6
1207500 1893.4
1207510 1886.7
1207520 1886.7
1207530 1880.0
1207540 1870.8
1207550 1870.8
1207560 1862.6
1207570 1857.5
1207580 1857.5
1207590 1852.7
1207600 1846.8
1207610 1846.8
1207620 1842.3
1207630 1835.7
1207640 1835.7
1207650 1830.7
1207660 1830.7
1207670 1830.7
1207680 1832.0
1207690 1828.0
1207700 1828.0
1207710 1823.5
1207720 1818.3
1207730 1812.9
1207740 1812.9
1207750 1807.5
1207760 1802.2
1207770 1802.2
1207780 1797.0
1207790 1789.9
1207800 1789.9
1207810 1780.9
1207820 1772.0
1207830 1772.0
1207840 1764.8
1207850 1759.3
1207860 1759.3
1207870 1753.1
1207880 1748.3
1207890 1748.3
1207900 1744.3
1207910 1736.7
1207920 1736.7
1207930 1727.4
1207940 1718.0
1207950 1708.5
1207960 1708.5
1207970 1701.5
1207980 1698.9
1207990 1698.9
1208000 1695.1
1208010 1691.3
1208020 1691.3
1208030 1686.8
1208040 1681.8
1208050 1681.8
1208060 1676.6
1208070 1672.8
1208080 1678.0
1208090 1675.1
1208100 1671.8
1208110 1671.8
1208120 1668.4
1208130 1662.6
1208140 1662.6
1208150 1654.4
1208160 1645.9
1208170 1637.2
1208180 1637.2
1208190 1628.0
1208200 1619.1
1208210 1619.1
1208220 1611.7
1208230 1605.0
1208240 1605.0
1208250 1598.7
1208260 1592.5
1208270 1592.5
1208280 1585.7
1208290 1580.8
1208300 1580.8
1208310 1577.4
1208320 1573.2
1208330 1573.2
1208340 1567.8
1208350 1560.4
1208360 1560.4
1208370 1551.5
1208380 1539.0
1208390 1529.5
1208400 1529.5
1208410 1526.7
1208420 1528.4
1208430 1528.4
1208440 1528.2
1208450 1526.2
1208460 1526.2
1208470 1523.9
1208480 1520.7
1208490 1520.7
1208500 1515.0
1208510 1507.5
1208520 1507.5
1208530 1499.6
1208540 1492.9
1208550 1492.9
1208560 1485.2
1208570 1476.7
1208580 1476.7
1208590 1466.9
1208600 1459.9
1208610 1455.0
1208620 1455.0
1208630 1451.7
1208640 1447.0
1208650 1447.0
1208660 1438.9
1208670 1432.2
1208680 1432.2
1208690 1426.1
1208700 1419.8
1208710 1419.8
1208720 1414.7
1208730 1412.4
1208740 1412.4
1208750 1410.9
1208760 1409.4
1208770 1409.4
1208780 1408.3
1208790 1407.6
1208800 1407.6
1208810 1407.3
1208820 1407.2
1208830 1407.1
1208840 1407.1
1208850 1406.6
1208860 1405.7
1208870 1405.7
1208880 1406.5
1208890 1406.9
1208900 1406.9
1208910 1406.8
1208920 1406.7
1208930 1406.7
1208940 1406.7
1208950 1406.8
1208960 1406.8
1208970 1407.0
1208980 1407.6
1208990 1407.6
1209000 1407.8
1209010 1407.9
1209020 1407.9
1209030 1407.6
1209040 1407.1
1209050 1407.3
1209060 1407.3
1209070 1407.1
1209080 1407.5
1209090 1407.5
1209100 1408.0
1209110 1407.7
1209120 1407.7
1209130 1407.5
1209140 1407.7
1209150 1407.7
1209160 1407.7
1209170 1407.5
1209180 1407.5
1209190 1407.4
1209200 1407.5
1209210 1407.5
1209220 1407.8
1209230 1408.1
1209240 1408.1
1209250 1407.9
1209260 1409.3
1209270 1411.3
1209280 1411.3
1209290 1413.1
1209300 1414.5
1209310 1414.5
1209320 1415.7
1209330 1416.8
1209340 1416.8
1209350 1419.7
1209360 1424.9
1209370 1424.9
1209380 1430.2
1209390 1435.6
1209400 1435.6
1209410 1441.3
1209420 1447.9
1209430 1447.9
1209440 1463.4
1209450 1481.5
1209460 1491.9
1209470 1491.9
1209480 1501.5
1209490 1510.1
1209500 1510.1
1209510 1519.0
1209520 1530.6
1209530 1530.6
1209540 1539.9
1209550 1549.1
1209560 1549.1
1209570 1571.1
1209580 1586.4
1209590 1586.4
1209600 1601.9
1209610 1621.0
1209620 1621.0
1209630 1630.9
1209640 1636.7
1209650 1636.7
1209660 1642.5
1209670 1649.0
1209680 1656.7
1209690 1656.7
1209700 1663.4
1209710 1668.8
1209720 1668.8
1209730 1674.2
1209740 1681.1
1209750 1681.1
1209760 1688.2
1209770 1695.3
1209780 1695.3
1209790 1703.1
1209800 1710.7
1209810 1710.7
1209820 1718.7
1209830 1726.6
1209840 1726.6
1209850 1734.0
1209860 1741.2
1209870 1741.2
1209880 1748.0
1209890 1757.8
1209900 1774.8
1209910 1774.8
1209920 1795.3
1209930 1819.0
1209940 1819.0
1209950 1832.0
1209960 1839.3
1209970 1839.3
1209980 1845.0
1209990 1850.1
1210000 1850.1
1210010 1855.4
1210020 1860.7
1210030 1860.7
1210040 1867.0
1210050 1874.1
1210060 1874.1
1210070 1881.1
1210080 1888.2
1210090 1888.2
1210100 1894.7
1210110 1899.8
1210120 1904.2
1210130 1904.2
1210140 1909.4
1210150 1915.2
1210160 1915.2
1210170 1920.9
1210180 1926.9
1210190 1926.9
1210200 1933.3
1210210 1940.1
1210220 1940.1
1210230 1946.9
1210240 1955.2
1210250 1955.2
1210260 1969.5
1210270 1979.5
1210280 1979.5
1210290 1991.1
1210300 2002.3
1210310 2002.3
1210320 2018.3
1210330 2038.3
1210340 2048.7
1210350 2048.7
1210360 2055.3
1210370 2061.7
1210380 2063.4
1210390 2069.8
1210400 2076.0
1210410 2076.0
1210420 2082.8
1210430 2089.7
1210440 2089.7
1210450 2097.0
1210460 2105.0
1210470 2105.0
1210480 2113.1
1210490 2119.2
1210500 2119.2
1210510 2124.7
1210520 2131.1
1210530 2131.1
1210540 2137.5
1210550 2143.0
1210560 2147.9
1210570 2147.9
1210580 2152.2
1210590 2156.3
1210600 2156.3
1210610 2160.5
1210620 2164.7
1210630 2164.7
1210640 2168.3
1210650 2173.8
1210660 2173.8
1210670 2179.1
1210680 2183.7
1210690 2183.7
1210700 2187.9
1210710 2191.8
1210720 2191.8
1210730 2195.8
1210740 2199.1
1210750 2199.1
1210760 2201.6
1210770 2203.9
1210780 2207.1
1210790 2207.1
1210800 2212.8
1210810 2218.9
1210820 2218.9
1210830 2225.2
1210840 2231.7
1210850 2230.6
1210860 2235.2
1210870 2238.8
1210880 2238.8
1210890 2242.7
1210900 2246.9
1210910 2246.9
1210920 2247.0
1210930 2245.2
1210940 2245.2
1210950 2245.0
1210960 2246.7
1210970 2246.7
1210980 2249.1
1210990 2250.5
1211000 2251.8
1211010 2251.8
1211020 2253.5
1211030 2254.5
1211040 2254.5
1211050 2255.0
1211060 2256.6
1211070 2256.6
1211080 2259.0
1211090 2261.2
1211100 2261.2
1211110 2263.6
1211120 2266.3
1211130 2266.3
1211140 2268.5
1211150 2269.6
1211160 2269.6
1211170 2270.8
1211180 2272.2
1211190 2272.2
1211200 2273.0
1211210 2272.6
1211220 2272.4
1211230 2272.4
1211240 2272.1
1211250 2271.1
1211260 2271.1
1211270 2270.7
1211280 2270.9
1211290 2270.9
1211300 2271.5
1211310 2274.1
1211320 2274.1
1211330 2274.8
1211340 2275.7
1211350 2275.7
1211360 2276.7
1211370 2278.7
1211380 2278.7
1211390 2281.4
1211400 2283.7
1211410 2286.6
1211420 2286.6
1211430 2288.5
1211440 2288.3
1211450 2288.3
1211460 2288.2
1211470 2288.3
1211480 2288.3
1211490 2288.6
1211500 2288.9
1211510 2288.9
1211520 2289.5
1211530 2289.9
1211540 2289.9
1211550 2290.9
1211560 2291.7
1211570 2291.7
1211580 2293.4
1211590 2295.7
1211600 2295.7
1211610 2297.7
1211620 2299.0
1211630 2299.5
1211640 2299.5
1211650 2301.3
1211660 2303.8
1211670 2303.8
1211680 2306.4
1211690 2308.1
1211700 2308.1
1211710 2310.5
1211720 2312.8
1211730 2312.8
1211740 2314.2
1211750 2313.9
1211760 2313.9
1211770 2312.8
1211780 2311.8
1211790 2311.8
1211800 2313.3
1211810 2316.4
1211820 2316.4
1211830 2318.7
1211840 2320.8
1211850 2322.7
1211860 2322.7
1211870 2325.9
1211880 2330.0
1211890 2330.0
1211900 2333.1
1211910 2334.4
1211920 2334.4
1211930 2337.9
1211940 2343.9
1211950 2343.9
1211960 2347.8
1211970 2348.9
1211980 2348.9
1211990 2351.1
1212000 2354.8
1212010 2354.8
1212020 2358.9
1212030 2363.8
1212040 2363.8
1212050 2369.4
1212060 2374.9
1212070 2380.2
1212080 2380.2
1212090 2385.5
1212100 2390.6
1212110 2390.6
1212120 2395.0
1212130 2398.4
1212140 2398.4
1212150 2400.9
1212160 2404.6
1212170 2404.6
1212180 2409.4
1212190 2414.3
1212200 2414.3
1212210 2421.5
1212220 2428.7
1212230 2428.7
1212240 2423.7
1212250 2427.8
1212260 2427.8
1212270 2431.3
1212280 2434.9
1212290 2439.2
1212300 2439.2
1212310 2442.6
1212320 2445.3
1212330 2445.3
1212340 2448.1
1212350 2450.8
1212360 2450.8
1212370 2453.6
1212380 2456.9
1212390 2456.9
1212400 2460.1
1212410 2463.5
1212420 2463.5
1212430 2467.9
1212440 2473.2
1212450 2473.2
1212460 2478.7
1212470 2484.4
1212480 2484.4
1212490 2490.5
1212500 2496.5
1212510 2502.3
1212520 2502.3
1212530 2507.8
1212540 2513.5
1212550 2513.5
1212560 2520.0
1212570 2526.2
1212580 2526.2
1212590 2532.2
1212600 2538.1
1212610 2538.1
1212620 2543.5
1212630 2547.9
1212640 2547.9
1212650 2551.1
1212660 2553.1
1212670 2553.1
1212680 2554.5
1212690 2560.1
1212700 2547.6
1212710 2553.6
1212720 2558.7
1212730 2564.0
1212740 2564.0
1212750 2566.0
1212760 2570.7
1212770 2570.7
1212780 2578.0
1212790 2581.6
1212800 2581.6
1212810 2587.1
1212820 2590.9
1212830 2590.9
1212840 2595.4
1212850 2599.7
1212860 2599.7
1212870 2602.5
1212880 2603.0
1212890 2603.0
1212900 2605.5
1212910 2608.7
1212920 2608.7
1212930 2611.3
1212940 2614.8
1212950 2616.9
1212960 2616.9
1212970 2619.4
1212980 2624.0
1212990 2624.0
1213000 2627.5
1213010 2628.6
1213020 2628.6
1213030 2632.1
1213040 2636.7
1213050 2636.7
1213060 2642.9
1213070 2650.2
1213080 2650.2
1213090 2657.5
1213100 2667.0
1213110 2667.0
1213120 2673.2
1213130 2682.0
1213140 2682.0
1213150 2690.7
1213160 2700.9
1213170 2702.3
1213180 2702.3
1213190 2705.6
1213200 2715.4
1213210 2715.4
1213220 2727.1
1213230 2738.1
1213240 2738.1
1213250 2754.4
1213260 2771.7
1213270 2771.7
1213280 2783.8
1213290 2793.1
1213300 2793.1
1213310 2793.9
1213320 2788.4
1213330 2788.4
1213340 2781.3
1213350 2773.7
1213360 2765.8
1213370 2765.8
1213380 2758.7
1213390 2754.0
1213400 2754.0
1213410 2749.0
1213420 2744.9
1213430 2744.9
1213440 2741.8
1213450 2745.1
1213460 2745.1
1213470 2750.2
1213480 2755.2
1213490 2755.2
1213500 2760.1
1213510 2765.0
1213520 2765.0
1213530 2769.8
1213540 2774.9
1213550 2774.9
1213560 2780.2
1213570 2785.9
1213580 2791.5
1213590 2791.5
1213600 2797.0
1213610 2802.7
1213620 2802.7
1213630 2808.4
1213640 2809.5
1213650 2809.5
1213660 2815.3
1213670 2821.0
1213680 2821.0
1213690 2826.4
1213700 2831.3
1213710 2831.3
1213720 2836.2
1213730 2841.3
1213740 2841.3
1213750 2847.0
1213760 2852.2
1213770 2852.2
1213780 2859.3
1213790 2880.1
1213800 2897.2
1213810 2897.2
1213820 2908.5
1213830 2920.0
1213840 2920.0
1213850 2929.4
1213860 2937.2
1213870 2937.2
1213880 2946.8
1213890 2958.9
1213900 2958.9
1213910 2962.2
1213920 2962.7
1213930 2962.7
1213940 2950.3
1213950 2934.2
1213960 2934.2
1213970 2922.1
1213980 2913.3
1213990 2913.3
1214000 2907.3
1214010 2900.5
1214020 2895.0
1214030 2895.0
1214040 2890.1
1214050 2884.2
1214060 2884.2
1214070 2880.6
1214080 2877.5
1214090 2877.5
1214100 2872.4
1214110 2867.1
1214120 2867.1
1214130 2866.2
1214140 2865.0
1214150 2865.0
1214160 2862.9
1214170 2861.3
1214180 2861.3
1214190 2860.3
1214200 2859.0
1214210 2859.0
1214220 2857.5
1214230 2855.9
1214240 2854.2
1214250 2854.2
1214260 2852.3
1214270 2850.2
1214280 2850.2
1214290 2847.8
1214300 2845.2
1214310 2845.2
1214320 2842.5
1214330 2840.2
1214340 2840.2
1214350 2837.9
1214360 2835.5
1214370 2835.5
1214380 2832.7
1214390 2828.3
1214400 2828.3
1214410 2825.9
1214420 2821.6
1214430 2821.6
1214440 2815.1
1214450 2810.9
1214460 2807.9
1214470 2807.9
1214480 2805.4
1214490 2803.0
1214500 2803.0
1214510 2801.2
1214520 2799.8
1214530 2799.8
1214540 2797.6
1214550 2795.4
1214560 2795.4
1214570 2794.2
1214580 2796.4
1214590 2796.4
1214600 2795.5
1214610 2794.7
1214620 2794.7
1214630 2794.0
1214640 2793.2
1214650 2793.2
1214660 2792.2
1214670 2791.3
1214680 2790.3
1214690 2790.3
1214700 2789.3
1214710 2788.4
1214720 2788.4
1214730 2787.7
1214740 2787.4
1214750 2787.4
1214760 2787.5
1214770 2787.7
1214780 2787.7
1214790 2787.8
1214800 2787.7
1214810 2787.7
1214820 2787.5
1214830 2787.1
1214840 2787.1
1214850 2786.5
1214860 2785.8
1214870 2785.8
1214880 2784.9
1214890 2783.8
1214900 2782.7
1214910 2782.7
1214920 2781.4
1214930 2780.0
1214940 2780.0
1214950 2778.5
1214960 2777.0
1214970 2777.0
1214980 2775.5
1214990 2774.5
1215000 2774.5
1215010 2774.7
1215020 2777.7
1215030 2777.7
1215040 2780.0
1215050 2788.2
1215060 2788.2
1215070 2793.6
1215080 2797.2
1215090 2797.3
1215100 2797.3
1215110 2798.0
1215120 2797.3
1215130 2797.3
1215140 2796.8
1215150 2797.6
1215160 2797.6
1215170 2798.2
1215180 2799.0
1215190 2799.0
1215200 2800.9
1215210 2803.3
1215220 2803.3
1215230 2806.6
1215240 2810.9
1215250 2810.9
1215260 2814.8
1215270 2818.3
1215280 2818.3
1215290 2822.0
1215300 2827.7
1215310 2835.7
1215320 2835.7
1215330 2847.3
1215340 2857.7
1215350 2857.7
1215360 2868.4
1215370 2879.1
1215380 2879.1
1215390 2890.9
1215400 2901.0
1215410 2901.0
1215420 2902.9
1215430 2905.8
1215440 2905.8
1215450 2909.3
1215460 2915.0
1215470 2915.0
1215480 2922.0
1215490 2928.8
1215500 2928.8
1215510 2934.0
1215520 2944.0
1215530 2950.4
1215540 2950.4
1215550 2957.7
1215560 2965.4
1215570 2965.4
1215580 2975.1
1215590 2986.8
1215600 2986.8
1215610 2998.4
1215620 3006.8
1215630 3006.8
1215640 3012.5
1215650 3017.8
1215660 3017.8
1215670 3026.8
1215680 3041.4
1215690 3041.4
1215700 3048.6
1215710 3045.7
1215720 3045.7
1215730 3041.2
1215740 3035.9
1215750 3029.2
1215760 3029.2
1215770 3023.1
1215780 3017.5
1215790 3017.5
1215800 3017.5
1215810 3014.7
1215820 3014.7
1215830 3011.2
1215840 3006.3
1215850 3006.3
1215860 3003.7
1215870 3002.1
1215880 3002.1
1215890 2996.2
1215900 2989.3
1215910 2989.3
1215920 2979.6
1215930 2971.2
1215940 2971.2
1215950 2967.6
1215960 2961.5
1215970 2950.2
1215980 2950.2
1215990 2949.5
1216000 2948.7
1216010 2948.7
1216020 2945.5
1216030 2937.4
1216040 2937.4
1216050 2928.8
1216060 2924.1
1216070 2924.1
1216080 2922.4
1216090 2920.0
1216100 2920.0
1216110 2914.6
1216120 2914.7
1216130 2914.7
1216140 2913.9
1216150 2908.8
1216160 2908.8
1216170 2901.6
1216180 2895.6
1216190 2892.6
1216200 2892.6
1216210 2890.7
1216220 2889.8
1216230 2889.8
1216240 2885.6
1216250 2880.0
1216260 2880.0
1216270 2877.6
1216280 2874.4
1216290 2874.4
1216300 2868.4
1216310 2861.4
1216320 2861.4
1216330 2855.9
1216340 2851.0
1216350 2851.0
1216360 2844.9
1216370 2837.7
1216380 2837.7
1216390 2831.0
1216400 2831.3
1216410 2832.3
1216420 2832.3
1216430 2832.3
1216440 2835.0
1216450 2835.0
1216460 2820.6
1216470 2813.9
1216480 2813.9
1216490 2803.1
1216500 2797.2
1216510 2797.2
1216520 2791.7
1216530 2782.8
1216540 2782.8
1216550 2775.0
1216560 2769.2
1216570 2769.2
1216580 2766.8
1216590 2764.6
1216600 2764.6
1216610 2758.7
1216620 2753.6
1216630 2749.2
1216640 2749.2
1216650 2743.3
1216660 2733.9
1216670 2733.9
1216680 2726.8
1216690 2719.8
1216700 2719.8
1216710 2712.9
1216720 2706.9
1216730 2706.9
1216740 2701.6
1216750 2696.6
1216760 2696.6
1216770 2691.5
1216780 2686.6
1216790 2686.6
1216800 2679.5
1216810 2673.7
1216820 2673.7
1216830 2670.5
1216840 2656.3
1216850 2642.1
1216860 2642.1
1216870 2635.7
1216880 2626.4
1216890 2626.4
1216900 2616.3
1216910 2612.6
1216920 2612.6
1216930 2596.7
1216940 2590.8
1216950 2590.8
1216960 2583.2
1216970 2575.2
1216980 2575.2
1216990 2567.7
1217000 2562.4
1217010 2562.4
1217020 2558.8
1217030 2554.4
1217040 2549.7
1217050 2549.7
1217060 2544.0
1217070 2538.2
1217080 2538.2
1217090 2534.9
1217100 2530.2
1217110 2530.2
1217120 2523.5
1217130 2517.3
1217140 2517.3
1217150 2508.9
1217160 2498.3
1217170 2498.3
1217180 2487.9
1217190 2477.0
1217200 2477.0
1217210 2466.9
1217220 2457.3
1217230 2457.3
1217240 2445.6
1217250 2432.3
1217260 2421.5
1217270 2421.5
1217280 2410.7
1217290 2408.5
1217300 2408.5
1217310 2404.5
1217320 2398.1
1217330 2398.1
1217340 2390.2
1217350 2383.2
1217360 2383.2
1217370 2381.1
1217380 2380.9
1217390 2380.9
1217400 2378.2
1217410 2360.4
1217420 2360.4
1217430 2351.1
1217440 2340.7
1217450 2340.7
1217460 2333.7
1217470 2328.9
1217480 2325.3
1217490 2325.3
1217500 2323.5
1217510 2319.0
1217520 2319.0
1217530 2314.9
1217540 2311.1
1217550 2311.1
1217560 2306.2
1217570 2301.4
1217580 2301.4
1217590 2297.8
1217600 2291.3
1217610 2291.3
1217620 2288.0
1217630 2284.7
1217640 2284.7
1217650 2281.4
1217660 2277.1
1217670 2277.1
1217680 2271.9
1217690 2265.9
1217700 2253.8
1217710 2253.8
1217720 2241.8
1217730 2232.9
1217740 2232.9
1217750 2223.2
1217760 2212.8
1217770 2212.8
1217780 2204.2
1217790 2195.1
1217800 2195.1
1217810 2186.8
1217820 2178.8
1217830 2178.8
1217840 2172.2
1217850 2166.1
1217860 2166.1
1217870 2158.4
1217880 2149.4
1217890 2149.4
1217900 2139.7
1217910 2129.4
1217920 2116.5
1217930 2116.5
1217940 2091.4
1217950 2067.6
1217960 2067.6
1217970 2048.6
1217980 2021.2
1217990 2021.2
1218000 2011.9
1218010 1998.8
1218020 1998.8
1218030 1985.5
1218040 1974.7
1218050 1974.7
1218060 1965.4
1218070 1957.8
1218080 1957.8
1218090 1950.3
1218100 1941.4
1218110 1941.4
1218120 1931.0
1218130 1922.8
1218140 1915.1
1218150 1915.1
1218160 1907.3
1218170 1898.4
1218180 1898.4
1218190 1890.1
1218200 1881.7
1218210 1881.7
1218220 1873.8
1218230 1865.9
1218240 1865.9
1218250 1858.5
1218260 1851.3
1218270 1851.3
1218280 1842.8
1218290 1834.4
1218300 1834.4
1218310 1825.4
1218320 1816.1
1218330 1816.1
1218340 1807.0
1218350 1798.8
1218360 1791.8
1218370 1791.8
1218380 1782.3
1218390 1770.0
1218400 1770.0
1218410 1758.4
1218420 1750.7
1218430 1750.7
1218440 1743.8
1218450 1737.0
1218460 1737.0
1218470 1726.2
1218480 1713.5
1218490 1713.5
1218500 1704.6
1218510 1697.4
1218520 1697.4
1218530 1690.5
1218540 1683.8
1218550 1683.8
1218560 1677.3
1218570 1671.1
1218580 1665.7
1218590 1665.7
1218600 1661.0
1218610 1655.7
1218620 1655.7
1218630 1649.6
1218640 1644.5
1218650 1644.5
1218660 1639.2
1218670 1632.8
1218680 1632.8
1218690 1625.0
1218700 1618.3
1218710 1618.3
1218720 1610.4
1218730 1603.1
1218740 1603.1
1218750 1594.5
1218760 1586.1
1218770 1578.6
1218780 1578.6
1218790 1571.7
1218800 1565.9
1218810 1565.9
1218820 1556.9
1218830 1552.0
1218840 1552.0
1218850 1541.9
1218860 1532.5
1218870 1532.5
1218880 1524.2
1218890 1514.9
1218900 1514.9
1218910 1505.4
1218920 1497.1
1218930 1497.1
1218940 1490.9
1218950 1484.4
1218960 1484.4
1218970 1478.2
1218980 1471.9
1218990 1465.6
1219000 1465.6
1219010 1461.9
1219020 1457.5
1219030 1457.5
1219040 1451.4
1219050 1441.9
1219060 1441.9
1219070 1426.7
1219080 1413.7
1219090 1413.7
1219100 1408.0
1219110 1404.2
1219120 1404.2
1219130 1400.9
1219140 1396.3
1219150 1396.3
1219160 1390.8
1219170 1388.2
1219180 1388.2
1219190 1384.1
1219200 1377.9
1219210 1370.3
1219220 1370.3
1219230 1362.4
1219240 1354.5
1219250 1354.5
1219260 1347.7
1219270 1341.0
1219280 1341.0
1219290 1333.8
1219300 1325.4
1219310 1322.5
1219320 1314.1
1219330 1306.4
1219340 1306.4
1219350 1300.0
1219360 1295.4
1219370 1295.4
1219380 1291.0
1219390 1286.1
1219400 1286.1
1219410 1282.1
1219420 1279.6
1219430 1277.8
1219440 1277.8
1219450 1275.1
1219460 1270.4
1219470 1270.4
1219480 1263.9
1219490 1256.9
1219500 1256.9
1219510 1250.5
1219520 1245.7
1219530 1245.7
1219540 1241.5
1219550 1236.9
1219560 1236.9
1219570 1231.8
1219580 1227.0
1219590 1227.0
1219600 1222.5
1219610 1218.1
1219620 1218.1
1219630 1214.2
1219640 1209.8
1219650 1205.2
1219660 1205.2
1219670 1200.1
1219680 1194.7
1219690 1194.7
1219700 1190.0
1219710 1187.5
1219720 1187.5
1219730 1186.7
1219740 1185.7
1219750 1185.7
1219760 1184.4
1219770 1183.9
1219780 1183.9
1219790 1183.6
1219800 1182.3
1219810 1182.3
1219820 1182.2
1219830 1182.6
1219840 1182.6
1219850 1182.6
1219860 1182.7
1219870 1182.7
1219880 1182.7
1219890 1182.7
1219900 1182.8
1219910 1182.8
1219920 1182.8
1219930 1183.0
1219940 1183.0
1219950 1183.2
1219960 1183.3
1219970 1183.3
1219980 1183.2
1219990 1183.2
