1200000 2471.2
1200010 2471.2
1200020 2475.4
1200030 2480.0
1200040 2480.0
1200050 2484.7
1200060 2489.0
1200070 2489.0
1200080 2492.4
1200090 2495.4
1200100 2495.4
1200110 2500.2
1200120 2504.7
1200130 2504.7
1200140 2507.8
1200150 2509.9
1200160 2513.5
1200170 2513.5
1200180 2518.3
1200190 2524.3
1200200 2524.3
1200210 2531.2
1200220 2537.8
1200230 2537.8
1200240 2544.6
1200250 2552.3
1200260 2552.3
1200270 2558.8
1200280 2562.2
1200290 2562.2
1200300 2564.7
1200310 2566.3
1200320 2566.3
1200330 2564.7
1200340 2561.9
1200350 2561.9
1200360 2560.9
1200370 2568.0
1200380 2575.4
1200390 2575.4
1200400 2576.2
1200410 2587.2
1200420 2587.2
1200430 2602.4
1200440 2614.8
1200450 2614.8
1200460 2621.5
1200470 2620.4
1200480 2620.4
1200490 2620.5
1200500 2630.0
1200510 2630.0
1200520 2645.5
1200530 2659.4
1200540 2659.4
1200550 2663.4
1200560 2663.6
1200570 2663.6
1200580 2665.3
1200590 2678.2
1200600 2691.2
1200610 2691.2
1200620 2694.2
1200630 2698.9
1200640 2698.9
1200650 2708.5
1200660 2724.4
1200670 2724.4
1200680 2740.3
1200690 2748.7
1200700 2748.7
1200710 2758.5
1200720 2766.6
1200730 2766.6
1200740 2769.1
1200750 2774.3
1200760 2774.3
1200770 2781.7
1200780 2791.0
1200790 2801.0
1200800 2801.0
1200810 2811.3
1200820 2823.7
1200830 2823.7
1200840 2827.4
1200850 2826.3
1200860 2826.3
1200870 2830.4
1200880 2823.8
1200890 2823.8
1200900 2817.1
1200910 2812.0
1200920 2812.0
1200930 2807.4
1200940 2805.5
1200950 2805.5
1200960 2809.2
1200970 2812.1
1200980 2812.1
1200990 2812.8
1201000 2814.7
1201010 2821.0
1201020 2821.0
1201030 2830.9
1201040 2844.4
1201050 2844.4
1201060 2865.8
1201070 2880.1
1201080 2880.1
1201090 2893.0
1201100 2891.1
1201110 2891.1
1201120 2895.0
1201130 2900.1
1201140 2900.1
1201150 2906.3
1201160 2907.3
1201170 2907.3
1201180 2904.1
1201190 2904.4
1201200 2904.4
1201210 2913.7
1201220 2928.6
1201230 2932.0
1201240 2932.0
1201250 2933.2
1201260 2940.4
1201270 2940.4
1201280 2951.9
1201290 2960.4
1201300 2960.4
1201310 2971.4
1201320 2982.1
1201330 2982.1
1201340 2974.2
1201350 2965.6
1201360 2965.6
1201370 2963.1
1201380 2960.5
1201390 2960.5
1201400 2958.1
1201410 2956.2
1201420 2956.2
1201430 2955.0
1201440 2950.8
1201450 2945.3
1201460 2945.3
1201470 2939.0
1201480 2931.3
1201490 2931.3
1201500 2924.1
1201510 2918.8
1201520 2918.8
1201530 2914.5
1201540 2911.5
1201550 2911.5
1201560 2910.0
1201570 2908.6
1201580 2908.6
1201590 2907.6
1201600 2907.2
1201610 2907.2
1201620 2907.5
1201630 2907.7
1201640 2907.7
1201650 2907.5
1201660 2908.4
1201670 2911.7
1201680 2911.7
1201690 2916.5
1201700 2923.0
1201710 2923.0
1201720 2928.4
1201730 2929.8
1201740 2938.3
1201750 2937.8
1201760 2937.5
1201770 2937.5
1201780 2941.5
1201790 2950.6
1201800 2950.6
1201810 2958.0
1201820 2957.9
1201830 2957.9
1201840 2950.0
1201850 2939.2
1201860 2939.2
1201870 2928.4
1201880 2917.1
1201890 2904.6
1201900 2904.6
1201910 2894.5
1201920 2884.8
1201930 2884.8
1201940 2875.4
1201950 2866.4
1201960 2866.4
1201970 2859.2
1201980 2853.9
1201990 2853.9
1202000 2848.4
1202010 2845.2
1202020 2845.2
1202030 2846.5
1202040 2851.7
1202050 2851.7
1202060 2857.7
1202070 2862.5
1202080 2862.5
1202090 2868.3
1202100 2875.1
1202110 2883.4
1202120 2883.4
1202130 2894.5
1202140 2903.7
1202150 2903.7
1202160 2910.3
1202170 2920.0
1202180 2920.0
1202190 2930.7
1202200 2938.2
1202210 2938.2
1202220 2944.2
1202230 2950.1
1202240 2950.1
1202250 2954.7
1202260 2957.9
1202270 2957.9
1202280 2962.9
1202290 2967.9
1202300 2967.9
1202310 2973.6
1202320 2979.0
1202330 2984.0
1202340 2984.0
1202350 2988.3
1202360 2994.1
1202370 2994.1
1202380 3001.4
1202390 3009.4
1202400 3009.4
1202410 3017.7
1202420 3023.8
1202430 3023.8
1202440 3024.1
1202450 3019.3
1202460 3019.3
1202470 3014.5
1202480 3011.4
1202490 3011.4
1202500 3009.0
1202510 3006.4
1202520 3002.5
1202530 3002.5
1202540 2994.6
1202550 2982.5
1202560 2982.5
1202570 2960.0
1202580 2937.2
1202590 2937.2
1202600 2923.3
1202610 2912.8
1202620 2912.8
1202630 2899.2
1202640 2887.1
1202650 2887.1
1202660 2875.1
1202670 2865.6
1202680 2865.6
1202690 2857.2
1202700 2849.9
1202710 2849.9
1202720 2843.0
1202730 2836.9
1202740 2831.4
1202750 2831.4
1202760 2826.1
1202770 2821.1
1202780 2821.1
1202790 2815.7
1202800 2810.6
1202810 2810.6
1202820 2806.0
1202830 2801.4
1202840 2801.4
1202850 2796.7
1202860 2791.9
1202870 2791.9
1202880 2787.4
1202890 2783.4
1202900 2783.4
1202910 2780.2
1202920 2777.3
1202930 2777.3
1202940 2774.8
1202950 2772.0
1202960 2769.2
1202970 2769.2
1202980 2766.7
1202990 2763.8
1203000 2763.8
1203010 2760.6
1203020 2757.3
1203030 2757.3
1203040 2753.6
1203050 2749.7
1203060 2749.7
1203070 2745.6
1203080 2741.5
1203090 2748.6
1203100 2747.7
1203110 2747.9
1203120 2747.9
1203130 2748.4
1203140 2749.4
1203150 2749.4
1203160 2750.7
1203170 2753.9
1203180 2757.7
1203190 2757.7
1203200 2758.2
1203210 2758.3
1203220 2758.3
1203230 2757.6
1203240 2756.7
1203250 2756.7
1203260 2756.0
1203270 2756.2
1203280 2756.2
1203290 2756.2
1203300 2756.4
1203310 2756.4
1203320 2755.9
1203330 2754.0
1203340 2754.0
1203350 2751.1
1203360 2747.5
1203370 2747.5
1203380 2735.2
1203390 2718.4
1203400 2698.4
1203410 2698.4
1203420 2682.6
1203430 2661.4
1203440 2661.4
1203450 2643.1
1203460 2626.3
1203470 2626.3
1203480 2612.9
1203490 2607.2
1203500 2607.2
1203510 2602.6
1203520 2596.5
1203530 2596.5
1203540 2586.3
1203550 2580.1
1203560 2580.1
1203570 2573.6
1203580 2566.6
1203590 2566.6
1203600 2559.8
1203610 2553.6
1203620 2547.3
1203630 2547.3
1203640 2541.0
1203650 2535.2
1203660 2535.2
1203670 2529.8
1203680 2524.1
1203690 2524.1
1203700 2517.8
1203710 2512.4
1203720 2512.4
1203730 2507.4
1203740 2502.0
1203750 2502.0
1203760 2496.8
1203770 2492.4
1203780 2492.4
1203790 2487.3
1203800 2481.9
1203810 2481.9
1203820 2477.9
1203830 2475.1
1203840 2470.6
1203850 2470.6
1203860 2465.0
1203870 2460.9
1203880 2460.9
1203890 2455.9
1203900 2449.7
1203910 2449.7
1203920 2444.8
1203930 2439.8
1203940 2439.8
1203950 2433.4
1203960 2424.9
1203970 2424.9
1203980 2418.8
1203990 2413.1
1204000 2413.1
1204010 2404.9
1204020 2397.5
1204030 2391.1
1204040 2391.1
1204050 2385.4
1204060 2382.2
1204070 2382.2
1204080 2379.3
1204090 2373.6
1204100 2373.6
1204110 2371.7
1204120 2372.7
1204130 2372.7
1204140 2372.0
1204150 2370.7
1204160 2370.7
1204170 2370.7
1204180 2369.5
1204190 2369.5
1204200 2367.4
1204210 2366.6
1204220 2366.6
1204230 2365.5
1204240 2364.4
1204250 2364.6
1204260 2364.6
1204270 2366.0
1204280 2367.9
1204290 2367.9
1204300 2369.8
1204310 2370.9
1204320 2370.9
1204330 2371.9
1204340 2372.5
1204350 2372.5
1204360 2373.4
1204370 2374.0
1204380 2374.0
1204390 2374.2
1204400 2374.5
1204410 2374.5
1204420 2374.6
1204430 2374.2
1204440 2381.1
1204450 2380.4
1204460 2380.7
1204470 2381.3
1204480 2381.3
1204490 2382.5
1204500 2384.9
1204510 2384.9
1204520 2388.2
1204530 2391.2
1204540 2391.2
1204550 2393.6
1204560 2394.8
1204570 2394.8
1204580 2389.9
1204590 2383.0
1204600 2383.0
1204610 2375.9
1204620 2369.0
1204630 2369.0
1204640 2362.5
1204650 2356.5
1204660 2356.5
1204670 2350.2
1204680 2343.0
1204690 2336.9
1204700 2336.9
1204710 2334.4
1204720 2332.5
1204730 2332.5
1204740 2331.4
1204750 2331.8
1204760 2331.8
1204770 2334.6
1204780 2338.7
1204790 2338.7
1204800 2340.8
1204810 2343.4
1204820 2343.4
1204830 2349.0
1204840 2355.4
1204850 2355.4
1204860 2361.8
1204870 2368.8
1204880 2368.8
1204890 2381.2
1204900 2377.8
1204910 2370.9
1204920 2370.9
1204930 2364.1
1204940 2357.5
1204950 2357.5
1204960 2351.5
1204970 2348.7
1204980 2348.7
1204990 2349.9
1205000 2352.1
1205010 2352.1
1205020 2351.5
1205030 2349.0
1205040 2349.0
1205050 2348.4
1205060 2350.5
1205070 2350.5
1205080 2354.3
1205090 2358.7
1205100 2358.7
1205110 2363.0
1205120 2367.7
1205130 2372.3
1205140 2372.3
1205150 2376.6
1205160 2380.9
1205170 2380.9
1205180 2385.0
1205190 2389.3
1205200 2389.3
1205210 2393.7
1205220 2398.5
1205230 2398.5
1205240 2403.8
1205250 2409.8
1205260 2409.8
1205270 2416.9
1205280 2428.1
1205290 2428.1
1205300 2441.8
1205310 2471.4
1205320 2471.4
1205330 2495.2
1205340 2512.1
1205350 2524.3
1205360 2524.3
1205370 2535.9
1205380 2550.3
1205390 2550.3
1205400 2568.0
1205410 2567.5
1205420 2567.5
1205430 2553.6
1205440 2543.4
1205450 2543.4
1205460 2531.1
1205470 2519.6
1205480 2519.6
1205490 2511.2
1205500 2505.9
1205510 2505.9
1205520 2502.7
1205530 2495.7
1205540 2495.7
1205550 2483.2
1205560 2473.5
1205570 2465.1
1205580 2465.1
1205590 2457.5
1205600 2449.9
1205610 2449.9
1205620 2441.9
1205630 2434.1
1205640 2434.1
1205650 2426.3
1205660 2418.8
1205670 2418.8
1205680 2411.2
1205690 2403.8
1205700 2403.8
1205710 2396.8
1205720 2390.1
1205730 2390.1
1205740 2384.0
1205750 2379.4
1205760 2377.4
1205770 2377.4
1205780 2375.3
1205790 2374.9
1205800 2377.9
1205810 2378.0
1205820 2378.4
1205830 2378.4
1205840 2381.7
1205850 2386.3
1205860 2386.3
1205870 2391.3
1205880 2407.5
1205890 2407.5
1205900 2425.9
1205910 2427.3
1205920 2427.3
1205930 2422.9
1205940 2417.5
1205950 2417.5
1205960 2412.6
1205970 2409.3
1205980 2406.4
1205990 2406.4
1206000 2401.1
1206010 2395.9
1206020 2395.9
1206030 2392.2
1206040 2388.4
1206050 2388.4
1206060 2385.0
1206070 2381.8
1206080 2381.8
1206090 2376.4
1206100 2369.1
1206110 2369.1
1206120 2361.4
1206130 2353.6
1206140 2353.6
1206150 2345.3
1206160 2336.5
1206170 2336.5
1206180 2326.3
1206190 2318.7
1206200 2308.8
1206210 2308.8
1206220 2294.5
1206230 2281.2
1206240 2281.2
1206250 2262.4
1206260 2245.3
1206270 2245.3
1206280 2237.0
1206290 2230.0
1206300 2230.0
1206310 2223.3
1206320 2216.3
1206330 2216.3
1206340 2209.2
1206350 2201.7
1206360 2201.7
1206370 2194.2
1206380 2187.0
1206390 2187.0
1206400 2180.3
1206410 2173.9
1206420 2168.3
1206430 2168.3
1206440 2163.4
1206450 2159.4
1206460 2159.4
1206470 2155.9
1206480 2152.9
1206490 2152.9
1206500 2150.8
1206510 2148.6
1206520 2148.6
1206530 2147.5
1206540 2147.5
1206550 2147.5
1206560 2146.9
1206570 2145.9
1206580 2145.9
1206590 2145.0
1206600 2144.5
1206610 2144.5
1206620 2144.1
1206630 2144.0
1206640 2143.2
1206650 2143.2
1206660 2142.9
1206670 2142.1
1206680 2142.1
1206690 2140.4
1206700 2140.2
1206710 2142.8
1206720 2143.5
1206730 2143.8
1206740 2143.8
1206750 2143.9
1206760 2143.3
1206770 2143.3
1206780 2140.0
1206790 2136.6
1206800 2136.6
1206810 2133.0
1206820 2128.1
1206830 2128.1
1206840 2124.0
1206850 2121.4
1206860 2119.3
1206870 2119.3
1206880 2117.2
1206890 2115.0
1206900 2115.0
1206910 2113.4
1206920 2111.9
1206930 2111.9
1206940 2109.7
1206950 2107.9
1206960 2107.9
1206970 2108.5
1206980 2110.9
1206990 2110.9
1207000 2112.3
1207010 2113.0
1207020 2113.0
1207030 2117.0
1207040 2119.6
1207050 2119.6
1207060 2120.3
1207070 2121.5
1207080 2124.0
1207090 2124.0
1207100 2126.9
1207110 2128.9
1207120 2128.9
1207130 2130.1
1207140 2133.3
1207150 2133.3
1207160 2138.9
1207170 2149.6
1207180 2149.6
1207190 2152.2
1207200 2154.9
1207210 2154.9
1207220 2158.3
1207230 2163.3
1207240 2163.3
1207250 2175.0
1207260 2188.8
1207270 2188.8
1207280 2208.2
1207290 2215.4
1207300 2215.6
1207310 2215.6
1207320 2214.4
1207330 2212.4
1207340 2212.4
1207350 2210.6
1207360 2208.5
1207370 2208.5
1207380 2206.4
1207390 2204.2
1207400 2204.2
1207410 2201.4
1207420 2197.1
1207430 2197.1
1207440 2192.2
1207450 2188.4
1207460 2188.4
1207470 2185.0
1207480 2182.9
1207490 2181.3
1207500 2181.3
1207510 2176.5
1207520 2169.8
1207530 2169.8
1207540 2166.1
1207550 2163.4
1207560 2163.4
1207570 2159.9
1207580 2156.5
1207590 2156.5
1207600 2154.4
1207610 2150.9
1207620 2150.9
1207630 2146.8
1207640 2141.9
1207650 2141.9
1207660 2138.3
1207670 2134.3
1207680 2134.3
1207690 2129.1
1207700 2123.0
1207710 2117.5
1207720 2117.5
1207730 2111.1
1207740 2103.0
1207750 2103.0
1207760 2096.7
1207770 2092.1
1207780 2092.1
1207790 2088.5
1207800 2082.4
1207810 2082.4
1207820 2075.3
1207830 2070.6
1207840 2070.6
1207850 2067.4
1207860 2063.5
1207870 2063.5
1207880 2058.8
1207890 2053.2
1207900 2053.2
1207910 2047.0
1207920 2040.5
1207930 2034.1
1207940 2034.1
1207950 2016.6
1207960 2000.0
1207970 2000.0
1207980 1987.0
1207990 1978.9
1208000 1978.9
1208010 1972.7
1208020 1966.8
1208030 1966.8
1208040 1961.8
1208050 1955.1
1208060 1955.1
1208070 1946.2
1208080 1942.9
1208090 1942.9
1208100 1933.6
1208110 1921.1
1208120 1921.1
1208130 1912.2
1208140 1906.6
1208150 1901.6
1208160 1901.6
1208170 1895.5
1208180 1887.7
1208190 1887.7
1208200 1879.9
1208210 1872.4
1208220 1872.4
1208230 1864.2
1208240 1856.6
1208250 1856.6
1208260 1848.4
1208270 1838.7
1208280 1838.7
1208290 1826.1
1208300 1818.6
1208310 1818.6
1208320 1813.0
1208330 1806.5
1208340 1806.5
1208350 1799.8
1208360 1795.4
1208370 1789.9
1208380 1789.9
1208390 1784.9
1208400 1778.2
1208410 1778.2
1208420 1772.1
1208430 1766.1
1208440 1766.1
1208450 1761.4
1208460 1757.1
1208470 1757.1
1208480 1751.5
1208490 1745.5
1208500 1745.5
1208510 1738.4
1208520 1730.1
1208530 1730.1
1208540 1719.3
1208550 1710.4
1208560 1710.4
1208570 1701.5
1208580 1690.6
1208590 1677.4
1208600 1677.4
1208610 1666.7
1208620 1657.9
1208630 1657.9
1208640 1648.8
1208650 1641.0
1208660 1641.0
1208670 1634.9
1208680 1627.5
1208690 1627.5
1208700 1617.1
1208710 1608.3
1208720 1608.3
1208730 1601.0
1208740 1594.1
1208750 1594.1
1208760 1585.5
1208770 1568.7
1208780 1568.7
1208790 1556.7
1208800 1551.5
1208810 1553.0
1208820 1553.0
1208830 1554.5
1208840 1548.1
1208850 1548.1
1208860 1540.3
1208870 1531.2
1208880 1531.2
1208890 1520.8
1208900 1512.4
1208910 1512.4
1208920 1505.9
1208930 1500.0
1208940 1500.0
1208950 1495.1
1208960 1489.8
1208970 1489.8
1208980 1484.1
1208990 1478.7
1209000 1474.5
1209010 1474.5
1209020 1467.6
1209030 1462.6
1209040 1462.6
1209050 1458.3
1209060 1454.9
1209070 1454.9
1209080 1451.4
1209090 1444.7
1209100 1444.7
1209110 1428.5
1209120 1419.7
1209130 1419.7
1209140 1414.9
1209150 1413.6
1209160 1413.6
1209170 1413.5
1209180 1413.6
1209190 1413.6
1209200 1413.5
1209210 1413.5
1209220 1413.6
1209230 1413.6
1209240 1413.7
1209250 1413.7
1209260 1413.7
1209270 1413.8
1209280 1413.7
1209290 1413.7
1209300 1412.8
1209310 1413.5
1209320 1413.5
1209330 1414.4
1209340 1414.1
1209350 1414.1
1209360 1413.9
1209370 1413.9
1209380 1413.9
1209390 1413.9
1209400 1413.9
1209410 1413.9
1209420 1413.9
1209430 1413.9
1209440 1414.0
1209450 1414.0
1209460 1414.2
1209470 1414.2
1209480 1414.2
1209490 1414.5
1209500 1415.0
1209510 1415.0
1209520 1415.6
1209530 1415.9
1209540 1415.9
1209550 1416.2
1209560 1417.1
1209570 1417.1
1209580 1419.6
1209590 1424.0
1209600 1424.0
1209610 1429.1
1209620 1435.2
1209630 1435.2
1209640 1442.0
1209650 1449.2
1209660 1456.4
1209670 1456.4
1209680 1465.3
1209690 1476.9
1209700 1476.9
1209710 1488.6
1209720 1498.9
1209730 1498.9
1209740 1508.0
1209750 1516.3
1209760 1516.3
1209770 1525.1
1209780 1534.0
1209790 1534.0
1209800 1542.5
1209810 1553.7
1209820 1553.7
1209830 1567.4
1209840 1577.9
1209850 1577.9
1209860 1587.1
1209870 1596.7
1209880 1607.3
1209890 1607.3
1209900 1619.7
1209910 1644.3
1209920 1639.4
1209930 1657.9
1209940 1674.7
1209950 1674.7
1209960 1683.3
1209970 1691.0
1209980 1691.0
1209990 1698.0
1210000 1705.4
1210010 1705.4
1210020 1713.3
1210030 1721.0
1210040 1721.0
1210050 1728.2
1210060 1735.6
1210070 1735.6
1210080 1743.3
1210090 1750.9
1210100 1758.2
1210110 1758.2
1210120 1766.7
1210130 1776.1
1210140 1776.1
1210150 1784.3
1210160 1792.8
1210170 1792.8
1210180 1802.0
1210190 1813.7
1210200 1813.7
1210210 1826.9
1210220 1849.6
1210230 1849.6
1210240 1868.9
1210250 1902.1
1210260 1902.1
1210270 1946.1
1210280 1957.8
1210290 1957.8
1210300 1964.0
1210310 1969.7
1210320 1975.8
1210330 1975.8
1210340 1984.1
1210350 1995.1
1210360 1995.1
1210370 2004.7
1210380 2017.4
1210390 2014.6
1210400 2025.6
1210410 2039.1
1210420 2039.1
1210430 2047.9
1210440 2056.3
1210450 2056.3
1210460 2064.7
1210470 2073.3
1210480 2073.3
1210490 2083.0
1210500 2092.7
1210510 2100.5
1210520 2100.5
1210530 2108.9
1210540 2116.1
1210550 2116.1
1210560 2122.2
1210570 2130.5
1210580 2130.5
1210590 2142.5
1210600 2151.7
1210610 2151.7
1210620 2160.5
1210630 2168.8
1210640 2168.8
1210650 2176.6
1210660 2186.3
1210670 2186.3
1210680 2196.1
1210690 2204.4
1210700 2204.4
1210710 2213.0
1210720 2220.8
1210730 2229.6
1210740 2229.6
1210750 2237.2
1210760 2245.0
1210770 2245.0
1210780 2263.5
1210790 2281.8
1210800 2281.8
1210810 2292.3
1210820 2301.8
1210830 2301.8
1210840 2312.4
1210850 2325.7
1210860 2325.7
1210870 2334.8
1210880 2340.2
1210890 2340.2
1210900 2345.9
1210910 2353.8
1210920 2353.8
1210930 2361.5
1210940 2368.2
1210950 2375.4
1210960 2375.4
1210970 2388.0
1210980 2401.2
1210990 2401.2
1211000 2406.9
1211010 2411.9
1211020 2411.9
1211030 2417.1
1211040 2421.2
1211050 2421.2
1211060 2424.1
1211070 2433.0
1211080 2433.0
1211090 2454.8
1211100 2470.8
1211110 2470.8
1211120 2481.9
1211130 2487.5
1211140 2487.5
1211150 2482.1
1211160 2475.8
1211170 2468.4
1211180 2468.4
1211190 2463.7
1211200 2474.8
1211210 2474.8
1211220 2487.5
1211230 2499.5
1211240 2499.5
1211250 2502.5
1211260 2495.1
1211270 2495.1
1211280 2482.9
1211290 2471.8
1211300 2471.8
1211310 2460.8
1211320 2447.7
1211330 2447.7
1211340 2436.0
1211350 2426.8
1211360 2426.8
1211370 2418.0
1211380 2410.0
1211390 2402.7
1211400 2402.7
1211410 2395.8
1211420 2389.4
1211430 2389.4
1211440 2383.2
1211450 2377.2
1211460 2377.2
1211470 2372.3
1211480 2367.2
1211490 2367.2
1211500 2360.8
1211510 2355.2
1211520 2355.2
1211530 2351.9
1211540 2350.2
1211550 2350.2
1211560 2346.6
1211570 2344.5
1211580 2344.5
1211590 2343.8
1211600 2344.8
1211610 2346.4
1211620 2346.4
1211630 2347.1
1211640 2345.9
1211650 2345.9
1211660 2342.9
1211670 2340.3
1211680 2340.3
1211690 2340.7
1211700 2341.1
1211710 2341.1
1211720 2341.8
1211730 2343.9
1211740 2343.9
1211750 2346.4
1211760 2348.9
1211770 2354.4
1211780 2356.7
1211790 2359.7
1211800 2359.7
1211810 2363.0
1211820 2366.0
1211830 2368.6
1211840 2368.6
1211850 2371.2
1211860 2373.0
1211870 2373.0
1211880 2374.3
1211890 2375.5
1211900 2375.5
1211910 2376.5
1211920 2378.0
1211930 2378.0
1211940 2379.0
1211950 2379.8
1211960 2379.8
1211970 2381.9
1211980 2386.3
1211990 2386.3
1212000 2391.1
1212010 2396.0
1212020 2400.6
1212030 2400.6
1212040 2404.5
1212050 2407.9
1212060 2407.9
1212070 2411.1
1212080 2414.0
1212090 2414.0
1212100 2416.9
1212110 2418.7
1212120 2418.7
1212130 2419.5
1212140 2419.9
1212150 2419.9
1212160 2421.0
1212170 2423.1
1212180 2423.1
1212190 2425.6
1212200 2427.9
1212210 2427.9
1212220 2430.3
1212230 2432.8
1212240 2436.7
1212250 2436.7
1212260 2438.8
1212270 2441.0
1212280 2441.0
1212290 2443.0
1212300 2445.1
1212310 2445.1
1212320 2447.0
1212330 2448.6
1212340 2448.6
1212350 2450.3
1212360 2451.9
1212370 2451.9
1212380 2453.4
1212390 2454.6
1212400 2454.6
1212410 2456.0
1212420 2457.3
1212430 2457.3
1212440 2458.5
1212450 2460.1
1212460 2462.0
1212470 2462.0
1212480 2463.6
1212490 2464.8
1212500 2464.8
1212510 2465.9
1212520 2466.9
1212530 2466.9
1212540 2468.2
1212550 2469.9
1212560 2469.9
1212570 2471.1
1212580 2472.4
1212590 2472.4
1212600 2473.5
1212610 2474.0
1212620 2474.0
1212630 2474.5
1212640 2477.0
1212650 2477.0
1212660 2481.2
1212670 2485.4
1212680 2490.5
1212690 2490.5
1212700 2496.4
1212710 2504.9
1212720 2504.9
1212730 2511.3
1212740 2518.9
1212750 2518.9
1212760 2527.5
1212770 2536.1
1212780 2536.1
1212790 2545.1
1212800 2554.9
1212810 2554.9
1212820 2571.2
1212830 2582.7
1212840 2582.7
1212850 2592.6
1212860 2602.3
1212870 2602.3
1212880 2613.4
1212890 2625.2
1212900 2634.5
1212910 2634.5
1212920 2640.6
1212930 2649.1
1212940 2649.1
1212950 2659.3
1212960 2671.8
1212970 2671.8
1212980 2687.3
1212990 2694.8
1213000 2694.8
1213010 2704.0
1213020 2723.9
1213030 2723.9
1213040 2748.6
1213050 2748.9
1213060 2748.9
1213070 2745.0
1213080 2738.6
1213090 2738.6
1213100 2732.8
1213110 2724.4
1213120 2715.3
1213130 2715.3
1213140 2706.7
1213150 2695.5
1213160 2695.5
1213170 2685.5
1213180 2681.7
1213190 2681.7
1213200 2685.2
1213210 2689.3
1213220 2689.3
1213230 2690.8
1213240 2690.4
1213250 2690.4
1213260 2690.0
1213270 2690.0
1213280 2690.0
1213290 2690.1
1213300 2691.7
1213310 2691.7
1213320 2694.3
1213330 2697.3
1213340 2697.6
1213350 2697.6
1213360 2695.7
1213370 2691.3
1213380 2691.3
1213390 2691.0
1213400 2694.9
1213410 2694.9
1213420 2699.5
1213430 2704.9
1213440 2704.9
1213450 2712.3
1213460 2718.8
1213470 2718.8
1213480 2724.4
1213490 2729.4
1213500 2729.4
1213510 2736.7
1213520 2745.1
1213530 2745.1
1213540 2752.3
1213550 2757.5
1213560 2763.8
1213570 2763.8
1213580 2772.7
1213590 2785.3
1213600 2785.3
1213610 2800.4
1213620 2815.7
1213630 2815.7
1213640 2831.3
1213650 2838.2
1213660 2838.2
1213670 2833.2
1213680 2824.3
1213690 2824.3
1213700 2815.6
1213710 2806.7
1213720 2806.7
1213730 2799.1
1213740 2793.4
1213750 2788.0
1213760 2788.0
1213770 2784.5
1213780 2783.8
1213790 2783.8
1213800 2783.5
1213810 2784.8
1213820 2784.8
1213830 2788.4
1213840 2791.1
1213850 2791.1
1213860 2792.9
1213870 2795.8
1213880 2795.8
1213890 2799.1
1213900 2802.7
1213910 2802.7
1213920 2805.9
1213930 2808.1
1213940 2808.1
1213950 2809.2
1213960 2810.1
1213970 2811.1
1213980 2811.1
1213990 2811.8
1214000 2811.6
1214010 2811.6
1214020 2811.2
1214030 2811.3
1214040 2811.3
1214050 2812.5
1214060 2814.9
1214070 2814.9
1214080 2818.3
1214090 2816.5
1214100 2816.5
1214110 2805.9
1214120 2805.7
1214130 2805.7
1214140 2806.2
1214150 2805.1
1214160 2805.1
1214170 2805.4
1214180 2807.1
1214190 2808.1
1214200 2808.1
1214210 2811.0
1214220 2812.5
1214230 2812.5
1214240 2811.2
1214250 2814.5
1214260 2814.5
1214270 2824.2
1214280 2824.1
1214290 2824.1
1214300 2818.8
1214310 2813.0
1214320 2813.0
1214330 2812.6
1214340 2809.3
1214350 2809.3
1214360 2804.1
1214370 2799.4
1214380 2799.4
1214390 2793.5
1214400 2785.6
1214410 2778.0
1214420 2778.0
1214430 2770.7
1214440 2767.6
1214450 2767.6
1214460 2767.0
1214470 2767.2
1214480 2767.2
1214490 2771.7
1214500 2768.6
1214510 2768.6
1214520 2759.1
1214530 2750.1
1214540 2750.1
1214550 2743.4
1214560 2742.8
1214570 2742.8
1214580 2736.1
1214590 2737.2
1214600 2737.2
1214610 2737.6
1214620 2737.7
1214630 2737.3
1214640 2737.3
1214650 2736.1
1214660 2733.3
1214670 2733.3
1214680 2729.7
1214690 2728.0
1214700 2728.0
1214710 2727.3
1214720 2725.7
1214730 2725.7
1214740 2723.3
1214750 2721.0
1214760 2721.0
1214770 2719.2
1214780 2717.0
1214790 2717.0
1214800 2715.3
1214810 2716.4
1214820 2716.4
1214830 2717.1
1214840 2716.7
1214850 2715.7
1214860 2715.7
1214870 2715.0
1214880 2714.2
1214890 2714.2
1214900 2716.2
1214910 2719.5
1214920 2719.5
1214930 2721.8
1214940 2723.2
1214950 2723.2
1214960 2724.6
1214970 2726.1
1214980 2726.1
1214990 2728.3
1215000 2730.8
1215010 2730.8
1215020 2734.2
1215030 2737.5
1215040 2740.0
1215050 2733.9
1215060 2735.2
1215070 2735.4
1215080 2735.4
1215090 2736.4
1215100 2738.2
1215110 2738.2
1215120 2739.8
1215130 2740.5
1215140 2740.5
1215150 2741.4
1215160 2743.9
1215170 2743.9
1215180 2748.4
1215190 2750.4
1215200 2750.4
1215210 2755.0
1215220 2763.6
1215230 2763.6
1215240 2772.4
1215250 2778.8
1215260 2785.2
1215270 2785.2
1215280 2793.4
1215290 2800.8
1215300 2800.8
1215310 2809.2
1215320 2812.2
1215330 2812.2
1215340 2811.5
1215350 2806.0
1215360 2806.0
1215370 2800.7
1215380 2791.8
1215390 2791.8
1215400 2790.1
1215410 2794.5
1215420 2794.5
1215430 2799.6
1215440 2804.4
1215450 2804.4
1215460 2811.4
1215470 2823.4
1215480 2833.0
1215490 2833.0
1215500 2833.8
1215510 2831.2
1215520 2820.5
1215530 2820.8
1215540 2825.9
1215550 2825.9
1215560 2831.3
1215570 2827.7
1215580 2827.7
1215590 2821.2
1215600 2814.0
1215610 2814.0
1215620 2804.8
1215630 2795.2
1215640 2795.2
1215650 2787.2
1215660 2781.5
1215670 2781.5
1215680 2778.5
1215690 2777.2
1215700 2776.0
1215710 2776.0
1215720 2768.5
1215730 2758.4
1215740 2758.4
1215750 2750.9
1215760 2741.9
1215770 2741.9
1215780 2731.3
1215790 2721.7
1215800 2721.7
1215810 2709.7
1215820 2697.0
1215830 2697.0
1215840 2681.7
1215850 2670.5
1215860 2670.5
1215870 2659.6
1215880 2652.5
1215890 2652.5
1215900 2645.9
1215910 2639.4
1215920 2632.9
1215930 2632.9
1215940 2626.5
1215950 2620.4
1215960 2620.4
1215970 2614.8
1215980 2609.3
1215990 2607.5
1216000 2601.6
1216010 2595.9
1216020 2595.9
1216030 2590.5
1216040 2585.2
1216050 2585.2
1216060 2580.0
1216070 2574.9
1216080 2574.9
1216090 2570.3
1216100 2566.3
1216110 2566.3
1216120 2562.3
1216130 2558.7
1216140 2554.9
1216150 2554.9
1216160 2550.6
1216170 2546.2
1216180 2546.2
1216190 2541.8
1216200 2537.3
1216210 2537.3
1216220 2532.7
1216230 2527.8
1216240 2527.8
1216250 2522.8
1216260 2518.0
1216270 2518.0
1216280 2513.2
1216290 2508.3
1216300 2508.3
1216310 2503.3
1216320 2498.2
1216330 2498.2
1216340 2492.8
1216350 2487.5
1216360 2482.2
1216370 2482.2
1216380 2477.0
1216390 2471.8
1216400 2471.8
1216410 2466.5
1216420 2461.4
1216430 2461.4
1216440 2456.5
1216450 2451.7
1216460 2450.3
1216470 2445.5
1216480 2441.1
1216490 2441.1
1216500 2437.3
1216510 2433.9
1216520 2433.9
1216530 2430.5
1216540 2427.0
1216550 2427.0
1216560 2423.1
1216570 2418.3
1216580 2414.6
1216590 2414.6
1216600 2412.1
1216610 2409.1
1216620 2409.1
1216630 2406.1
1216640 2402.2
1216650 2402.2
1216660 2398.4
1216670 2395.0
1216680 2395.0
1216690 2392.9
1216700 2390.3
1216710 2390.3
1216720 2385.9
1216730 2379.6
1216740 2379.6
1216750 2371.4
1216760 2364.5
1216770 2360.2
1216780 2360.2
1216790 2358.5
1216800 2356.5
1216810 2356.5
1216820 2354.4
1216830 2354.2
1216840 2354.2
1216850 2354.0
1216860 2353.6
1216870 2353.6
1216880 2356.0
1216890 2357.3
1216900 2357.3
1216910 2356.8
1216920 2355.1
1216930 2346.6
1216940 2344.1
1216950 2341.7
1216960 2341.7
1216970 2337.8
1216980 2334.8
1216990 2329.7
1217000 2329.7
1217010 2325.4
1217020 2322.2
1217030 2322.2
1217040 2316.8
1217050 2311.5
1217060 2311.5
1217070 2306.7
1217080 2301.8
1217090 2301.8
1217100 2297.6
1217110 2293.7
1217120 2293.7
1217130 2289.5
1217140 2285.2
1217150 2285.2
1217160 2281.2
1217170 2277.9
1217180 2277.9
1217190 2274.5
1217200 2271.1
1217210 2268.1
1217220 2268.1
1217230 2265.1
1217240 2261.9
1217250 2261.9
1217260 2259.1
1217270 2256.4
1217280 2256.4
1217290 2253.4
1217300 2250.1
1217310 2250.1
1217320 2246.8
1217330 2241.6
1217340 2241.6
1217350 2237.3
1217360 2232.9
1217370 2232.9
1217380 2229.6
1217390 2226.8
1217400 2226.8
1217410 2218.4
1217420 2214.2
1217430 2210.3
1217440 2210.3
1217450 2205.3
1217460 2198.8
1217470 2198.8
1217480 2190.8
1217490 2182.1
1217500 2182.1
1217510 2173.6
1217520 2168.1
1217530 2168.1
1217540 2160.4
1217550 2148.4
1217560 2148.4
1217570 2132.1
1217580 2118.4
1217590 2118.4
1217600 2107.7
1217610 2100.4
1217620 2100.4
1217630 2092.1
1217640 2085.2
1217650 2077.3
1217660 2077.3
1217670 2070.3
1217680 2063.0
1217690 2063.0
1217700 2056.2
1217710 2049.4
1217720 2049.4
1217730 2041.7
1217740 2034.6
1217750 2034.6
1217760 2028.6
1217770 2022.4
1217780 2022.4
1217790 2015.8
1217800 2009.9
1217810 2009.9
1217820 2005.3
1217830 2001.4
1217840 2001.4
1217850 1999.3
1217860 1997.4
1217870 1992.6
1217880 1986.4
1217890 1981.4
1217900 1974.1
1217910 1974.1
1217920 1967.7
1217930 1964.9
1217940 1964.9
1217950 1961.5
1217960 1959.6
1217970 1959.6
1217980 1955.5
1217990 1947.3
1218000 1947.3
1218010 1938.2
1218020 1928.4
1218030 1928.4
1218040 1920.7
1218050 1916.1
1218060 1912.3
1218070 1912.3
1218080 1905.9
1218090 1898.9
1218100 1898.9
1218110 1891.7
1218120 1885.0
1218130 1885.0
1218140 1879.1
1218150 1873.6
1218160 1873.6
1218170 1867.8
1218180 1861.6
1218190 1861.6
1218200 1856.0
1218210 1850.1
1218220 1850.1
1218230 1842.7
1218240 1836.3
1218250 1836.3
1218260 1830.4
1218270 1823.6
1218280 1817.9
1218290 1817.9
1218300 1812.3
1218310 1806.6
1218320 1806.6
1218330 1800.7
1218340 1794.3
1218350 1794.3
1218360 1785.0
1218370 1779.4
1218380 1779.4
1218390 1773.9
1218400 1768.3
1218410 1768.3
1218420 1763.3
1218430 1756.0
1218440 1756.0
1218450 1749.9
1218460 1743.9
1218470 1743.9
1218480 1737.9
1218490 1733.5
1218500 1729.5
1218510 1729.5
1218520 1723.3
1218530 1717.4
1218540 1717.4
1218550 1712.7
1218560 1706.3
1218570 1706.3
1218580 1699.9
1218590 1694.8
1218600 1694.8
1218610 1689.7
1218620 1684.7
1218630 1684.7
1218640 1679.9
1218650 1672.1
1218660 1672.1
1218670 1666.4
1218680 1661.6
1218690 1661.6
1218700 1658.5
1218710 1655.9
1218720 1655.4
1218730 1655.4
1218740 1654.2
1218750 1651.6
1218760 1651.6
1218770 1649.2
1218780 1642.6
1218790 1642.6
1218800 1634.0
1218810 1626.5
1218820 1626.5
1218830 1620.6
1218840 1609.1
1218850 1609.1
1218860 1602.6
1218870 1598.8
1218880 1598.8
1218890 1597.1
1218900 1592.8
1218910 1592.8
1218920 1585.0
1218930 1581.4
1218940 1575.2
1218950 1575.2
1218960 1566.8
1218970 1558.8
1218980 1558.8
1218990 1550.2
1219000 1540.3
1219010 1540.3
1219020 1530.6
1219030 1523.4
1219040 1523.4
1219050 1517.0
1219060 1511.2
1219070 1511.2
1219080 1504.2
1219090 1496.6
1219100 1496.6
1219110 1491.2
1219120 1489.0
1219130 1489.0
1219140 1489.4
1219150 1486.7
1219160 1479.6
1219170 1479.6
1219180 1469.1
1219190 1461.7
1219200 1461.7
1219210 1455.3
1219220 1450.6
1219230 1450.6
1219240 1446.3
1219250 1437.5
1219260 1437.5
1219270 1433.7
1219280 1434.5
1219290 1434.5
1219300 1431.8
1219310 1432.6
1219320 1432.6
1219330 1427.4
1219340 1421.7
1219350 1421.7
1219360 1414.7
1219370 1399.3
1219380 1384.3
1219390 1384.3
1219400 1376.6
1219410 1368.9
1219420 1368.9
1219430 1361.2
1219440 1354.0
1219450 1354.0
1219460 1349.5
1219470 1347.4
1219480 1347.4
1219490 1346.6
1219500 1348.4
1219510 1348.4
1219520 1347.8
1219530 1344.0
1219540 1344.0
1219550 1339.4
1219560 1334.4
1219570 1330.2
1219580 1330.2
1219590 1327.6
1219600 1325.4
1219610 1325.4
1219620 1323.1
1219630 1318.6
1219640 1318.6
1219650 1313.0
1219660 1309.3
1219670 1309.3
1219680 1309.6
1219690 1311.9
1219700 1311.9
1219710 1313.0
1219720 1310.4
1219730 1310.4
1219740 1305.4
1219750 1299.9
1219760 1299.9
1219770 1293.9
1219780 1287.8
1219790 1277.9
1219800 1277.9
1219810 1272.6
1219820 1267.6
1219830 1267.6
1219840 1262.4
1219850 1257.6
1219860 1257.6
1219870 1252.7
1219880 1248.4
1219890 1248.4
1219900 1244.1
1219910 1240.0
1219920 1240.0
1219930 1235.7
1219940 1230.7
1219950 1230.7
1219960 1225.1
1219970 1219.3
1219980 1219.3
1219990 1213.1
