1200000 2444.0
1200010 2450.3
1200020 2450.3
1200030 2456.3
1200040 2462.3
1200050 2462.3
1200060 2467.8
1200070 2472.6
1200080 2472.6
1200090 2476.8
1200100 2481.0
1200110 2484.5
1200120 2484.5
1200130 2484.0
1200140 2481.2
1200150 2481.2
1200160 2475.6
1200170 2468.2
1200180 2468.2
1200190 2461.7
1200200 2454.1
1200210 2454.1
1200220 2445.8
1200230 2437.3
1200240 2437.3
1200250 2429.8
1200260 2423.4
1200270 2423.4
1200280 2417.7
1200290 2409.2
1200300 2409.2
1200310 2397.9
1200320 2396.0
1200330 2393.3
1200340 2393.3
1200350 2386.9
1200360 2381.3
1200370 2381.3
1200380 2380.2
1200390 2380.1
1200400 2380.1
1200410 2379.5
1200420 2379.1
1200430 2379.1
1200440 2378.8
1200450 2378.7
1200460 2378.7
1200470 2378.3
1200480 2377.9
1200490 2377.9
1200500 2377.0
1200510 2377.0
1200520 2377.0
1200530 2378.8
1200540 2381.5
1200550 2388.3
1200560 2388.3
1200570 2389.4
1200580 2391.5
1200590 2391.5
1200600 2392.8
1200610 2395.1
1200620 2395.1
1200630 2397.8
1200640 2400.8
1200650 2400.8
1200660 2404.1
1200670 2407.2
1200680 2407.2
1200690 2409.7
1200700 2411.9
1200710 2411.9
1200720 2414.1
1200730 2416.0
1200740 2416.0
1200750 2417.0
1200760 2418.1
1200770 2419.7
1200780 2419.7
1200790 2421.0
1200800 2422.2
1200810 2422.2
1200820 2422.9
1200830 2423.1
1200840 2423.1
1200850 2423.2
1200860 2423.1
1200870 2423.1
1200880 2423.2
1200890 2423.4
1200900 2423.4
1200910 2423.0
1200920 2422.3
1200930 2422.3
1200940 2421.7
1200950 2421.5
1200960 2421.5
1200970 2421.2
1200980 2421.1
1200990 2421.3
1201000 2424.0
1201010 2423.5
1201020 2424.0
1201030 2424.0
1201040 2425.1
1201050 2425.2
1201060 2425.2
1201070 2424.0
1201080 2424.7
1201090 2424.7
1201100 2430.3
1201110 2436.3
1201120 2436.3
1201130 2439.8
1201140 2441.3
1201150 2441.3
1201160 2442.6
1201170 2444.1
1201180 2444.1
1201190 2445.4
1201200 2445.2
1201210 2444.0
1201220 2444.0
1201230 2442.4
1201240 2440.5
1201250 2440.5
1201260 2440.9
1201270 2443.2
1201280 2443.2
1201290 2445.7
1201300 2448.5
1201310 2448.5
1201320 2450.9
1201330 2453.3
1201340 2453.3
1201350 2455.8
1201360 2458.4
1201370 2458.4
1201380 2460.5
1201390 2462.5
1201400 2462.5
1201410 2464.6
1201420 2466.8
1201430 2469.4
1201440 2469.4
1201450 2474.8
1201460 2477.8
1201470 2477.8
1201480 2479.8
1201490 2481.6
1201500 2481.6
1201510 2486.1
1201520 2492.4
1201530 2492.4
1201540 2505.6
1201550 2519.7
1201560 2519.7
1201570 2531.1
1201580 2539.4
1201590 2539.4
1201600 2545.2
1201610 2549.2
1201620 2549.2
1201630 2549.4
1201640 2547.8
1201650 2545.4
1201660 2545.4
1201670 2544.5
1201680 2544.9
1201690 2544.9
1201700 2546.9
1201710 2550.8
1201720 2550.8
1201730 2556.2
1201740 2562.2
1201750 2562.2
1201760 2567.9
1201770 2569.3
1201780 2569.3
1201790 2567.9
1201800 2565.9
1201810 2565.9
1201820 2567.7
1201830 2567.9
1201840 2568.2
1201850 2568.2
1201860 2568.0
1201870 2565.5
1201880 2565.5
1201890 2567.3
1201900 2565.3
1201910 2565.3
1201920 2565.5
1201930 2567.4
1201940 2567.4
1201950 2571.3
1201960 2578.5
1201970 2578.5
1201980 2586.5
1201990 2595.9
1202000 2595.9
1202010 2605.6
1202020 2611.4
1202030 2611.4
1202040 2613.7
1202050 2618.2
1202060 2627.0
1202070 2627.0
1202080 2642.8
1202090 2661.8
1202100 2661.8
1202110 2676.3
1202120 2676.0
1202130 2676.0
1202140 2675.9
1202150 2677.7
1202160 2677.7
1202170 2682.4
1202180 2695.0
1202190 2695.0
1202200 2702.8
1202210 2704.7
1202220 2704.7
1202230 2707.2
1202240 2711.7
1202250 2711.7
1202260 2717.3
1202270 2723.5
1202280 2730.1
1202290 2730.1
1202300 2736.7
1202310 2743.8
1202320 2743.8
1202330 2751.1
1202340 2760.9
1202350 2760.9
1202360 2767.5
1202370 2773.9
1202380 2773.9
1202390 2780.8
1202400 2788.0
1202410 2788.0
1202420 2796.3
1202430 2803.8
1202440 2803.8
1202450 2800.9
1202460 2793.4
1202470 2793.4
1202480 2786.7
1202490 2781.7
1202500 2777.2
1202510 2777.2
1202520 2773.9
1202530 2772.8
1202540 2772.8
1202550 2768.9
1202560 2765.3
1202570 2765.3
1202580 2763.1
1202590 2765.5
1202600 2765.5
1202610 2766.8
1202620 2765.0
1202630 2765.0
1202640 2764.6
1202650 2781.2
1202660 2781.2
1202670 2783.6
1202680 2780.5
1202690 2780.5
1202700 2774.0
1202710 2766.3
1202720 2761.0
1202730 2761.0
1202740 2755.6
1202750 2749.3
1202760 2749.3
1202770 2742.8
1202780 2729.8
1202790 2744.6
1202800 2731.8
1202810 2719.4
1202820 2719.4
1202830 2710.1
1202840 2706.0
1202850 2706.0
1202860 2701.9
1202870 2693.4
1202880 2693.4
1202890 2690.6
1202900 2700.4
1202910 2700.4
1202920 2702.8
1202930 2697.0
1202940 2685.0
1202950 2685.0
1202960 2675.4
1202970 2665.4
1202980 2665.4
1202990 2650.7
1203000 2650.6
1203010 2650.6
1203020 2658.5
1203030 2652.8
1203040 2652.8
1203050 2653.3
1203060 2646.9
1203070 2646.9
1203080 2639.8
1203090 2626.3
1203100 2626.3
1203110 2622.2
1203120 2622.4
1203130 2622.4
1203140 2617.5
1203150 2611.4
1203160 2607.1
1203170 2607.1
1203180 2598.0
1203190 2584.4
1203200 2584.4
1203210 2571.2
1203220 2557.5
1203230 2557.5
1203240 2559.3
1203250 2552.8
1203260 2552.8
1203270 2542.9
1203280 2535.8
1203290 2535.8
1203300 2531.1
1203310 2526.4
1203320 2526.4
1203330 2523.3
1203340 2521.9
1203350 2521.9
1203360 2519.9
1203370 2518.0
1203380 2516.2
1203390 2516.2
1203400 2515.0
1203410 2513.5
1203420 2513.5
1203430 2510.7
1203440 2508.0
1203450 2508.0
1203460 2505.1
1203470 2506.4
1203480 2506.4
1203490 2502.9
1203500 2499.6
1203510 2499.6
1203520 2500.5
1203530 2502.0
1203540 2502.0
1203550 2504.3
1203560 2506.5
1203570 2506.5
1203580 2507.5
1203590 2509.5
1203600 2507.4
1203610 2507.4
1203620 2502.4
1203630 2496.0
1203640 2496.0
1203650 2488.5
1203660 2478.9
1203670 2478.9
1203680 2466.9
1203690 2448.6
1203700 2448.6
1203710 2439.9
1203720 2434.4
1203730 2434.4
1203740 2426.4
1203750 2417.3
1203760 2417.3
1203770 2405.7
1203780 2395.4
1203790 2395.4
1203800 2386.8
1203810 2378.3
1203820 2370.7
1203830 2370.7
1203840 2364.6
1203850 2360.2
1203860 2360.2
1203870 2356.1
1203880 2352.3
1203890 2352.3
1203900 2349.2
1203910 2345.6
1203920 2345.6
1203930 2340.7
1203940 2335.4
1203950 2335.4
1203960 2330.2
1203970 2325.0
1203980 2325.0
1203990 2319.8
1204000 2314.5
1204010 2314.5
1204020 2308.8
1204030 2302.2
1204040 2295.4
1204050 2295.4
1204060 2288.8
1204070 2283.3
1204080 2283.3
1204090 2278.0
1204100 2273.0
1204110 2273.0
1204120 2269.0
1204130 2264.8
1204140 2264.8
1204150 2259.6
1204160 2256.3
1204170 2256.3
1204180 2252.7
1204190 2248.7
1204200 2248.7
1204210 2244.0
1204220 2239.9
1204230 2239.9
1204240 2236.2
1204250 2233.3
1204260 2231.9
1204270 2231.9
1204280 2230.0
1204290 2226.1
1204300 2226.1
1204310 2221.8
1204320 2215.9
1204330 2215.9
1204340 2209.0
1204350 2204.6
1204360 2204.6
1204370 2199.9
1204380 2192.6
1204390 2192.6
1204400 2184.4
1204410 2176.3
1204420 2176.3
1204430 2167.6
1204440 2158.7
1204450 2158.7
1204460 2148.9
1204470 2138.8
1204480 2130.4
1204490 2130.4
1204500 2123.0
1204510 2115.9
1204520 2115.9
1204530 2108.9
1204540 2101.5
1204550 2101.5
1204560 2093.7
1204570 2086.1
1204580 2086.1
1204590 2078.9
1204600 2073.0
1204610 2073.0
1204620 2065.3
1204630 2058.1
1204640 2058.1
1204650 2051.5
1204660 2045.2
1204670 2045.2
1204680 2039.1
1204690 2033.0
1204700 2026.5
1204710 2026.5
1204720 2019.7
1204730 2013.5
1204740 2013.5
1204750 2007.7
1204760 2003.5
1204770 2003.5
1204780 2001.2
1204790 2000.2
1204800 2000.2
1204810 1999.0
1204820 1997.4
1204830 1997.4
1204840 1996.0
1204850 1995.0
1204860 1995.0
1204870 1994.2
1204880 1992.8
1204890 1992.1
1204900 1992.1
1204910 1991.3
1204920 1990.5
1204930 1990.5
1204940 1989.6
1204950 1988.5
1204960 1988.5
1204970 1987.3
1204980 1986.5
1204990 1986.5
1205000 1985.4
1205010 1984.7
1205020 1984.7
1205030 1984.1
1205040 1983.6
1205050 1985.4
1205060 1985.1
1205070 1986.8
1205080 1986.8
1205090 1987.9
1205100 1990.5
1205110 1996.6
1205120 1996.6
1205130 2003.0
1205140 2007.7
1205150 2007.7
1205160 2013.2
1205170 2019.2
1205180 2019.2
1205190 2025.3
1205200 2031.4
1205210 2031.4
1205220 2037.7
1205230 2044.2
1205240 2044.2
1205250 2051.7
1205260 2060.3
1205270 2060.3
1205280 2066.6
1205290 2069.6
1205300 2069.6
1205310 2072.2
1205320 2075.0
1205330 2078.0
1205340 2078.0
1205350 2081.9
1205360 2086.5
1205370 2086.5
1205380 2092.0
1205390 2097.8
1205400 2097.8
1205410 2103.8
1205420 2109.5
1205430 2109.5
1205440 2115.6
1205450 2121.5
1205460 2121.5
1205470 2126.8
1205480 2131.6
1205490 2131.6
1205500 2140.7
1205510 2146.1
1205520 2146.1
1205530 2152.5
1205540 2159.6
1205550 2165.5
1205560 2165.5
1205570 2167.9
1205580 2169.9
1205590 2169.9
1205600 2173.4
1205610 2178.5
1205620 2178.5
1205630 2184.0
1205640 2189.3
1205650 2189.3
1205660 2195.1
1205670 2201.6
1205680 2201.6
1205690 2208.2
1205700 2215.0
1205710 2215.0
1205720 2223.9
1205730 2233.4
1205740 2233.4
1205750 2241.8
1205760 2250.1
1205770 2257.7
1205780 2257.7
1205790 2265.0
1205800 2272.6
1205810 2272.6
1205820 2278.1
1205830 2284.5
1205840 2284.5
1205850 2285.6
1205860 2277.0
1205870 2277.0
1205880 2267.4
1205890 2257.7
1205900 2257.7
1205910 2249.6
1205920 2242.4
1205930 2242.4
1205940 2232.1
1205950 2220.1
1205960 2224.4
1205970 2215.0
1205980 2210.8
1205990 2207.7
1206000 2207.7
1206010 2204.7
1206020 2201.9
1206030 2201.9
1206040 2197.2
1206050 2191.1
1206060 2191.1
1206070 2185.3
1206080 2179.7
1206090 2179.7
1206100 2175.2
1206110 2172.8
1206120 2172.8
1206130 2167.9
1206140 2162.1
1206150 2162.1
1206160 2158.0
1206170 2152.1
1206180 2152.1
1206190 2147.2
1206200 2142.8
1206210 2139.0
1206220 2139.0
1206230 2136.4
1206240 2134.0
1206250 2134.0
1206260 2131.2
1206270 2130.3
1206280 2130.3
1206290 2128.9
1206300 2127.1
1206310 2127.1
1206320 2125.0
1206330 2124.0
1206340 2124.0
1206350 2123.8
1206360 2122.1
1206370 2122.1
1206380 2118.6
1206390 2113.6
1206400 2113.6
1206410 2107.9
1206420 2097.9
1206430 2075.8
1206440 2075.8
1206450 2060.2
1206460 2047.1
1206470 2047.1
1206480 2038.1
1206490 2030.2
1206500 2030.2
1206510 2022.3
1206520 2014.2
1206530 2014.2
1206540 2004.8
1206550 1995.5
1206560 1995.5
1206570 1986.2
1206580 1976.4
1206590 1976.4
1206600 1969.8
1206610 1963.8
1206620 1963.8
1206630 1957.4
1206640 1950.9
1206650 1944.1
1206660 1944.1
1206670 1937.3
1206680 1930.9
1206690 1930.9
1206700 1924.9
1206710 1919.3
1206720 1919.3
1206730 1914.1
1206740 1909.1
1206750 1909.1
1206760 1904.8
1206770 1900.9
1206780 1900.9
1206790 1897.3
1206800 1895.4
1206810 1895.4
1206820 1892.3
1206830 1888.8
1206840 1888.8
1206850 1885.1
1206860 1881.3
1206870 1873.4
1206880 1873.4
1206890 1867.9
1206900 1862.1
1206910 1862.1
1206920 1856.7
1206930 1851.2
1206940 1851.2
1206950 1845.7
1206960 1840.1
1206970 1840.1
1206980 1833.9
1206990 1829.1
1207000 1829.1
1207010 1825.3
1207020 1823.9
1207030 1823.9
1207040 1822.3
1207050 1818.4
1207060 1818.4
1207070 1815.3
1207080 1811.9
1207090 1808.0
1207100 1808.0
1207110 1801.8
1207120 1791.9
1207130 1791.9
1207140 1780.6
1207150 1770.7
1207160 1770.7
1207170 1762.7
1207180 1756.2
1207190 1756.2
1207200 1752.2
1207210 1750.8
1207220 1750.8
1207230 1745.4
1207240 1738.3
1207250 1738.3
1207260 1730.7
1207270 1723.0
1207280 1723.0
1207290 1716.4
1207300 1711.6
1207310 1707.7
1207320 1707.7
1207330 1706.2
1207340 1700.0
1207350 1700.0
1207360 1693.9
1207370 1687.5
1207380 1687.5
1207390 1680.6
1207400 1673.5
1207410 1673.5
1207420 1666.7
1207430 1659.8
1207440 1659.8
1207450 1651.6
1207460 1644.3
1207470 1644.3
1207480 1639.2
1207490 1635.7
1207500 1635.7
1207510 1632.7
1207520 1629.1
1207530 1625.3
1207540 1625.3
1207550 1622.1
1207560 1618.7
1207570 1618.7
1207580 1615.0
1207590 1608.9
1207600 1608.9
1207610 1600.3
1207620 1590.8
1207630 1590.8
1207640 1580.9
1207650 1577.2
1207660 1577.2
1207670 1576.3
1207680 1575.2
1207690 1575.2
1207700 1567.6
1207710 1559.3
1207720 1554.1
1207730 1554.1
1207740 1547.9
1207750 1541.9
1207760 1541.9
1207770 1537.2
1207780 1541.8
1207790 1541.8
1207800 1544.0
1207810 1542.9
1207820 1542.9
1207830 1539.9
1207840 1538.3
1207850 1538.3
1207860 1535.3
1207870 1529.0
1207880 1529.0
1207890 1522.9
1207900 1517.7
1207910 1517.7
1207920 1513.4
1207930 1508.2
1207940 1500.5
1207950 1500.5
1207960 1493.6
1207970 1489.1
1207980 1489.1
1207990 1486.1
1208000 1485.2
1208010 1485.2
1208020 1483.4
1208030 1481.1
1208040 1481.1
1208050 1476.3
1208060 1468.9
1208070 1468.9
1208080 1461.6
1208090 1454.5
1208100 1454.5
1208110 1448.1
1208120 1442.9
1208130 1442.9
1208140 1438.3
1208150 1433.9
1208160 1429.7
1208170 1429.7
1208180 1425.2
1208190 1420.4
1208200 1420.4
1208210 1416.2
1208220 1412.3
1208230 1412.3
1208240 1410.6
1208250 1407.6
1208260 1407.6
1208270 1404.4
1208280 1401.4
1208290 1401.4
1208300 1398.9
1208310 1396.0
1208320 1396.0
1208330 1393.5
1208340 1393.9
1208350 1393.9
1208360 1393.9
1208370 1393.2
1208380 1393.0
1208390 1393.0
1208400 1393.9
1208410 1395.1
1208420 1395.1
1208430 1395.4
1208440 1395.0
1208450 1395.0
1208460 1394.7
1208470 1394.7
1208480 1394.7
1208490 1394.6
1208500 1394.8
1208510 1394.8
1208520 1395.8
1208530 1396.4
1208540 1396.4
1208550 1396.9
1208560 1398.1
1208570 1398.1
1208580 1399.0
1208590 1399.9
1208600 1401.3
1208610 1401.3
1208620 1402.6
1208630 1403.8
1208640 1403.8
1208650 1405.1
1208660 1406.8
1208670 1406.8
1208680 1408.5
1208690 1410.2
1208700 1410.5
1208710 1412.2
1208720 1413.8
1208730 1413.8
1208740 1415.3
1208750 1417.0
1208760 1417.0
1208770 1418.9
1208780 1420.2
1208790 1420.2
1208800 1421.3
1208810 1422.8
1208820 1424.5
1208830 1424.5
1208840 1426.2
1208850 1427.9
1208860 1427.9
1208870 1429.7
1208880 1431.3
1208890 1431.3
1208900 1433.1
1208910 1436.9
1208920 1436.9
1208930 1442.7
1208940 1450.0
1208950 1450.0
1208960 1457.4
1208970 1464.6
1208980 1464.6
1208990 1471.9
1209000 1478.5
1209010 1478.5
1209020 1485.4
1209030 1491.5
1209040 1497.1
1209050 1497.1
1209060 1500.3
1209070 1496.5
1209080 1496.5
1209090 1494.2
1209100 1495.0
1209110 1495.0
1209120 1496.6
1209130 1498.6
1209140 1498.6
1209150 1501.2
1209160 1500.9
1209170 1500.9
1209180 1501.4
1209190 1504.9
1209200 1504.9
1209210 1510.0
1209220 1515.0
1209230 1515.0
1209240 1517.7
1209250 1517.6
1209260 1517.6
1209270 1517.6
1209280 1518.5
1209290 1520.5
1209300 1520.5
1209310 1524.3
1209320 1530.7
1209330 1530.7
1209340 1538.3
1209350 1544.9
1209360 1544.9
1209370 1551.1
1209380 1559.6
1209390 1559.6
1209400 1567.4
1209410 1577.2
1209420 1577.2
1209430 1589.3
1209440 1603.1
1209450 1603.1
1209460 1609.9
1209470 1619.8
1209480 1630.7
1209490 1630.7
1209500 1636.6
1209510 1642.2
1209520 1642.2
1209530 1647.7
1209540 1653.7
1209550 1653.7
1209560 1659.6
1209570 1665.1
1209580 1665.1
1209590 1671.4
1209600 1677.7
1209610 1677.7
1209620 1681.9
1209630 1688.7
1209640 1688.7
1209650 1696.0
1209660 1703.4
1209670 1703.4
1209680 1710.5
1209690 1718.0
1209700 1726.7
1209710 1726.7
1209720 1736.2
1209730 1748.0
1209740 1748.0
1209750 1756.3
1209760 1764.2
1209770 1764.2
1209780 1771.3
1209790 1778.8
1209800 1778.8
1209810 1786.9
1209820 1802.6
1209830 1802.6
1209840 1821.5
1209850 1831.7
1209860 1831.7
1209870 1840.1
1209880 1852.5
1209890 1852.5
1209900 1860.4
1209910 1866.5
1209920 1873.7
1209930 1873.7
1209940 1882.3
1209950 1892.6
1209960 1892.6
1209970 1901.7
1209980 1910.1
1209990 1910.1
1210000 1918.3
1210010 1925.3
1210020 1925.3
1210030 1932.6
1210040 1940.3
1210050 1940.3
1210060 1947.2
1210070 1954.0
1210080 1953.4
1210090 1961.1
1210100 1969.2
1210110 1969.2
1210120 1977.1
1210130 1984.9
1210140 1992.5
1210150 1992.5
1210160 2000.0
1210170 2007.4
1210180 2007.4
1210190 2014.5
1210200 2020.6
1210210 2020.6
1210220 2025.7
1210230 2030.6
1210240 2030.6
1210250 2034.1
1210260 2036.2
1210270 2036.2
1210280 2038.3
1210290 2041.2
1210300 2041.2
1210310 2046.3
1210320 2052.6
1210330 2058.6
1210340 2058.6
1210350 2064.2
1210360 2069.0
1210370 2069.0
1210380 2071.6
1210390 2073.3
1210400 2073.3
1210410 2074.6
1210420 2076.3
1210430 2076.3
1210440 2077.9
1210450 2079.9
1210460 2079.9
1210470 2082.9
1210480 2086.3
1210490 2086.3
1210500 2090.1
1210510 2094.4
1210520 2094.4
1210530 2099.3
1210540 2103.7
1210550 2106.5
1210560 2106.5
1210570 2110.0
1210580 2112.8
1210590 2112.8
1210600 2115.4
1210610 2118.2
1210620 2118.2
1210630 2122.2
1210640 2127.1
1210650 2127.1
1210660 2132.0
1210670 2136.5
1210680 2136.5
1210690 2141.3
1210700 2146.1
1210710 2146.1
1210720 2151.4
1210730 2157.0
1210740 2157.0
1210750 2162.8
1210760 2169.0
1210770 2176.1
1210780 2176.1
1210790 2182.4
1210800 2188.8
1210810 2188.8
1210820 2195.4
1210830 2202.1
1210840 2202.1
1210850 2209.3
1210860 2216.4
1210870 2216.4
1210880 2223.7
1210890 2231.3
1210900 2231.3
1210910 2239.3
1210920 2248.2
1210930 2248.2
1210940 2257.7
1210950 2265.8
1210960 2265.8
1210970 2273.4
1210980 2280.9
1210990 2288.1
1211000 2288.1
1211010 2295.0
1211020 2302.3
1211030 2302.3
1211040 2309.9
1211050 2319.1
1211060 2319.1
1211070 2328.7
1211080 2337.6
1211090 2337.6
1211100 2346.2
1211110 2355.7
1211120 2355.7
1211130 2368.4
1211140 2378.6
1211150 2378.6
1211160 2388.3
1211170 2396.3
1211180 2396.3
1211190 2401.1
1211200 2407.2
1211210 2412.7
1211220 2412.7
1211230 2419.1
1211240 2427.2
1211250 2427.2
1211260 2434.4
1211270 2442.2
1211280 2442.2
1211290 2451.4
1211300 2461.6
1211310 2461.6
1211320 2469.5
1211330 2476.0
1211340 2476.0
1211350 2483.2
1211360 2490.8
1211370 2490.8
1211380 2498.7
1211390 2509.1
1211400 2509.1
1211410 2520.3
1211420 2528.1
1211430 2534.6
1211440 2534.6
1211450 2541.6
1211460 2550.1
1211470 2550.1
1211480 2553.8
1211490 2550.9
1211500 2550.9
1211510 2543.3
1211520 2533.0
1211530 2533.0
1211540 2522.4
1211550 2517.3
1211560 2517.3
1211570 2515.7
1211580 2509.6
1211590 2509.6
1211600 2499.9
1211610 2492.2
1211620 2492.2
1211630 2489.1
1211640 2473.2
1211650 2461.2
1211660 2461.2
1211670 2453.6
1211680 2449.5
1211690 2449.5
1211700 2446.9
1211710 2444.5
1211720 2444.5
1211730 2443.3
1211740 2442.9
1211750 2442.9
1211760 2443.3
1211770 2444.3
1211780 2444.3
1211790 2444.0
1211800 2445.1
1211810 2445.1
1211820 2447.5
1211830 2450.0
1211840 2450.0
1211850 2452.0
1211860 2455.1
1211870 2457.6
1211880 2457.6
1211890 2460.1
1211900 2462.1
1211910 2462.1
1211920 2463.4
1211930 2464.0
1211940 2458.3
1211950 2460.5
1211960 2465.9
1211970 2465.9
1211980 2472.5
1211990 2478.9
1212000 2478.9
1212010 2485.3
1212020 2491.3
1212030 2491.3
1212040 2495.7
1212050 2499.6
1212060 2499.6
1212070 2505.5
1212080 2512.0
1212090 2522.1
1212100 2522.1
1212110 2523.9
1212120 2524.7
1212130 2524.7
1212140 2530.0
1212150 2535.4
1212160 2535.4
1212170 2541.2
1212180 2547.2
1212190 2547.2
1212200 2553.6
1212210 2558.3
1212220 2558.3
1212230 2561.6
1212240 2562.8
1212250 2562.8
1212260 2563.7
1212270 2565.2
1212280 2565.2
1212290 2566.9
1212300 2568.4
1212310 2571.3
1212320 2571.3
1212330 2574.9
1212340 2578.4
1212350 2578.4
1212360 2582.8
1212370 2588.6
1212380 2588.6
1212390 2595.1
1212400 2604.2
1212410 2604.2
1212420 2610.1
1212430 2615.4
1212440 2615.4
1212450 2619.7
1212460 2622.1
1212470 2622.1
1212480 2622.7
1212490 2620.6
1212500 2620.6
1212510 2618.5
1212520 2616.4
1212530 2613.8
1212540 2613.8
1212550 2612.1
1212560 2613.2
1212570 2613.2
1212580 2615.5
1212590 2616.0
1212600 2616.0
1212610 2616.8
1212620 2619.1
1212630 2619.1
1212640 2622.8
1212650 2626.9
1212660 2626.9
1212670 2631.1
1212680 2636.8
1212690 2636.8
1212700 2643.0
1212710 2648.2
1212720 2648.2
1212730 2652.2
1212740 2655.9
1212750 2659.1
1212760 2659.1
1212770 2663.1
1212780 2668.2
1212790 2668.2
1212800 2673.3
1212810 2678.2
1212820 2678.2
1212830 2682.6
1212840 2686.0
1212850 2686.0
1212860 2688.6
1212870 2686.2
1212880 2686.2
1212890 2688.8
1212900 2693.6
1212910 2693.6
1212920 2700.3
1212930 2707.3
1212940 2714.7
1212950 2714.7
1212960 2722.1
1212970 2729.5
1212980 2729.5
1212990 2738.7
1213000 2747.6
1213010 2747.6
1213020 2754.8
1213030 2762.9
1213040 2762.9
1213050 2769.3
1213060 2774.3
1213070 2774.3
1213080 2783.1
1213090 2789.8
1213100 2789.8
1213110 2793.4
1213120 2797.0
1213130 2797.0
1213140 2808.2
1213150 2823.3
1213160 2840.4
1213170 2840.4
1213180 2855.5
1213190 2869.2
1213200 2869.2
1213210 2883.0
1213220 2890.0
1213230 2890.0
1213240 2899.0
1213250 2908.1
1213260 2908.1
1213270 2917.0
1213280 2919.0
1213290 2919.0
1213300 2920.9
1213310 2926.4
1213320 2926.4
1213330 2932.6
1213340 2927.0
1213350 2927.0
1213360 2935.5
1213370 2940.1
1213380 2944.3
1213390 2944.3
1213400 2946.5
1213410 2943.8
1213420 2943.8
1213430 2942.2
1213440 2944.2
1213450 2944.2
1213460 2940.8
1213470 2941.0
1213480 2941.0
1213490 2942.5
1213500 2941.0
1213510 2941.0
1213520 2932.5
1213530 2930.2
1213540 2930.2
1213550 2934.1
1213560 2945.0
1213570 2945.0
1213580 2957.8
1213590 2969.2
1213600 2978.0
1213610 2978.0
1213620 2992.2
1213630 3005.6
1213640 3005.6
1213650 3013.1
1213660 3024.7
1213670 3024.7
1213680 3027.1
1213690 3022.5
1213700 3022.5
1213710 3019.6
1213720 3013.1
1213730 3013.1
1213740 3005.4
1213750 2996.4
1213760 2996.4
1213770 2987.1
1213780 2980.0
1213790 2980.0
1213800 2979.7
1213810 2975.0
1213820 2970.4
1213830 2970.4
1213840 2965.4
1213850 2959.5
1213860 2959.5
1213870 2949.2
1213880 2938.7
1213890 2938.7
1213900 2930.9
1213910 2923.9
1213920 2923.9
1213930 2916.8
1213940 2909.4
1213950 2909.4
1213960 2895.9
1213970 2882.8
1213980 2882.8
1213990 2873.8
1214000 2866.0
1214010 2866.0
1214020 2859.5
1214030 2852.2
1214040 2844.7
1214050 2844.7
1214060 2837.0
1214070 2825.2
1214080 2825.2
1214090 2813.1
1214100 2807.1
1214110 2807.1
1214120 2801.3
1214130 2794.5
1214140 2794.5
1214150 2787.8
1214160 2782.2
1214170 2782.2
1214180 2777.1
1214190 2771.1
1214200 2771.1
1214210 2764.5
1214220 2758.3
1214230 2758.3
1214240 2752.7
1214250 2746.4
1214260 2740.1
1214270 2741.2
1214280 2734.7
1214290 2728.6
1214300 2728.6
1214310 2722.0
1214320 2716.4
1214330 2716.4
1214340 2710.1
1214350 2703.6
1214360 2703.6
1214370 2697.9
1214380 2692.3
1214390 2692.3
1214400 2686.5
1214410 2681.3
1214420 2681.3
1214430 2676.2
1214440 2670.3
1214450 2670.3
1214460 2664.0
1214470 2656.6
1214480 2648.3
1214490 2648.3
1214500 2640.4
1214510 2633.9
1214520 2633.9
1214530 2628.5
1214540 2624.1
1214550 2624.1
1214560 2618.9
1214570 2614.5
1214580 2614.5
1214590 2610.5
1214600 2606.1
1214610 2606.1
1214620 2602.6
1214630 2600.5
1214640 2600.5
1214650 2600.5
1214660 2601.1
1214670 2601.1
1214680 2600.2
1214690 2602.4
1214700 2607.2
1214710 2607.2
1214720 2612.3
1214730 2616.2
1214740 2619.8
1214750 2625.6
1214760 2634.2
1214770 2634.2
1214780 2651.3
1214790 2668.1
1214800 2668.1
1214810 2682.0
1214820 2688.7
1214830 2688.7
1214840 2678.7
1214850 2655.0
1214860 2655.0
1214870 2634.1
1214880 2626.9
1214890 2626.9
1214900 2624.4
1214910 2620.4
1214920 2609.3
1214930 2609.3
1214940 2601.2
1214950 2592.1
1214960 2592.1
1214970 2580.4
1214980 2570.5
1214990 2570.5
1215000 2565.1
1215010 2561.9
1215020 2561.9
1215030 2558.4
1215040 2554.5
1215050 2554.5
1215060 2550.1
1215070 2546.1
1215080 2546.1
1215090 2540.5
1215100 2537.0
1215110 2537.0
1215120 2534.2
1215130 2532.0
1215140 2532.8
1215150 2532.8
1215160 2531.1
1215170 2528.8
1215180 2528.8
1215190 2528.6
1215200 2528.1
1215210 2533.9
1215220 2537.0
1215230 2539.3
1215240 2539.3
1215250 2538.7
1215260 2535.9
1215270 2535.9
1215280 2532.7
1215290 2532.3
1215300 2532.3
1215310 2531.8
1215320 2533.1
1215330 2533.2
1215340 2533.2
1215350 2533.4
1215360 2534.6
1215370 2534.6
1215380 2535.0
1215390 2532.9
1215400 2532.9
1215410 2531.2
1215420 2530.1
1215430 2530.1
1215440 2527.1
1215450 2526.4
1215460 2526.4
1215470 2527.1
1215480 2529.2
1215490 2529.2
1215500 2531.3
1215510 2533.0
1215520 2533.0
1215530 2534.1
1215540 2535.1
1215550 2536.2
1215560 2536.2
1215570 2538.7
1215580 2542.5
1215590 2542.5
1215600 2546.7
1215610 2550.9
1215620 2550.9
1215630 2553.7
1215640 2554.8
1215650 2554.8
1215660 2555.6
1215670 2557.8
1215680 2565.5
1215690 2568.6
1215700 2572.8
1215710 2572.8
1215720 2576.4
1215730 2580.6
1215740 2580.6
1215750 2585.7
1215760 2590.8
1215770 2595.9
1215780 2595.9
1215790 2601.5
1215800 2608.0
1215810 2608.0
1215820 2621.0
1215830 2644.3
1215840 2644.3
1215850 2667.6
1215860 2681.1
1215870 2681.1
1215880 2693.5
1215890 2698.4
1215900 2698.4
1215910 2699.2
1215920 2694.5
1215930 2694.5
1215940 2696.5
1215950 2702.9
1215960 2702.9
1215970 2707.8
1215980 2712.7
1215990 2717.5
1216000 2717.5
1216010 2724.2
1216020 2731.7
1216030 2731.7
1216040 2744.3
1216050 2757.7
1216060 2757.7
1216070 2767.8
1216080 2775.4
1216090 2775.4
1216100 2780.6
1216110 2780.8
1216120 2780.8
1216130 2769.5
1216140 2751.7
1216150 2721.1
1216160 2697.4
1216170 2678.3
1216180 2678.3
1216190 2668.6
1216200 2654.9
1216210 2643.6
1216220 2643.6
1216230 2632.4
1216240 2623.0
1216250 2623.0
1216260 2615.1
1216270 2607.2
1216280 2607.2
1216290 2599.3
1216300 2591.5
1216310 2591.5
1216320 2583.9
1216330 2577.4
1216340 2577.4
1216350 2572.9
1216360 2567.2
1216370 2567.2
1216380 2552.9
1216390 2540.8
1216400 2540.8
1216410 2531.3
1216420 2523.4
1216430 2515.7
1216440 2515.7
1216450 2508.3
1216460 2501.0
1216470 2501.0
1216480 2493.5
1216490 2485.7
1216500 2485.7
1216510 2478.3
1216520 2470.8
1216530 2470.8
1216540 2463.8
1216550 2457.4
1216560 2457.4
1216570 2451.0
1216580 2444.6
1216590 2444.6
1216600 2439.2
1216610 2434.1
1216620 2434.1
1216630 2425.9
1216640 2420.1
1216650 2414.7
1216660 2414.7
1216670 2409.6
1216680 2404.6
1216690 2404.6
1216700 2399.5
1216710 2393.9
1216720 2393.9
1216730 2389.0
1216740 2386.8
1216750 2386.8
1216760 2382.8
1216770 2375.5
1216780 2375.5
1216790 2371.2
1216800 2365.2
1216810 2365.2
1216820 2351.6
1216830 2340.0
1216840 2340.0
1216850 2333.5
1216860 2327.7
1216870 2322.2
1216880 2322.2
1216890 2317.1
1216900 2312.6
1216910 2312.6
1216920 2308.2
1216930 2303.9
1216940 2303.9
1216950 2300.3
1216960 2298.1
1216970 2298.1
1216980 2296.2
1216990 2296.5
1217000 2296.5
1217010 2296.4
1217020 2297.1
1217030 2297.1
1217040 2297.0
1217050 2295.9
1217060 2295.9
1217070 2295.7
1217080 2296.2
1217090 2296.1
1217100 2302.2
1217110 2299.8
1217120 2296.0
1217130 2296.0
1217140 2292.7
1217150 2289.9
1217160 2289.9
1217170 2287.2
1217180 2284.8
1217190 2284.8
1217200 2282.4
1217210 2278.2
1217220 2278.2
1217230 2277.8
1217240 2284.9
1217250 2284.9
1217260 2294.9
1217270 2298.2
1217280 2298.2
1217290 2300.8
1217300 2304.6
1217310 2307.0
1217320 2307.0
1217330 2308.0
1217340 2307.9
1217350 2307.9
1217360 2307.2
1217370 2302.5
1217380 2302.5
1217390 2283.8
1217400 2242.4
1217410 2242.4
1217420 2209.3
1217430 2189.7
1217440 2189.7
1217450 2178.9
1217460 2171.3
1217470 2171.3
1217480 2159.3
1217490 2147.8
1217500 2147.8
1217510 2138.0
1217520 2128.2
1217530 2119.7
1217540 2119.7
1217550 2111.4
1217560 2103.7
1217570 2105.7
1217580 2098.4
1217590 2091.2
1217600 2091.2
1217610 2084.8
1217620 2079.0
1217630 2079.0
1217640 2072.8
1217650 2066.2
1217660 2066.2
1217670 2059.5
1217680 2053.2
1217690 2053.2
1217700 2048.1
1217710 2043.4
1217720 2043.4
1217730 2037.8
1217740 2032.0
1217750 2025.8
1217760 2025.8
1217770 2020.5
1217780 2016.4
1217790 2016.4
1217800 2010.8
1217810 2003.3
1217820 2003.3
1217830 1991.8
1217840 1980.0
1217850 1980.0
1217860 1972.6
1217870 1966.5
1217880 1966.5
1217890 1960.0
1217900 1953.4
1217910 1953.4
1217920 1945.0
1217930 1937.5
1217940 1930.3
1217950 1930.3
1217960 1924.2
1217970 1919.0
1217980 1919.0
1217990 1912.7
1218000 1905.5
1218010 1905.5
1218020 1896.0
1218030 1890.6
1218040 1890.6
1218050 1895.8
1218060 1881.1
1218070 1881.1
1218080 1866.7
1218090 1856.1
1218100 1856.1
1218110 1848.0
1218120 1841.5
1218130 1841.5
1218140 1835.0
1218150 1828.9
1218160 1822.5
1218170 1822.5
1218180 1816.0
1218190 1809.9
1218200 1809.9
1218210 1803.5
1218220 1796.7
1218230 1796.7
1218240 1789.9
1218250 1783.4
1218260 1783.4
1218270 1777.1
1218280 1770.7
1218290 1770.7
1218300 1763.7
1218310 1756.4
1218320 1756.4
1218330 1749.1
1218340 1741.3
1218350 1741.3
1218360 1733.8
1218370 1726.3
1218380 1718.8
1218390 1718.8
1218400 1711.8
1218410 1705.2
1218420 1705.2
1218430 1698.8
1218440 1691.4
1218450 1691.4
1218460 1682.5
1218470 1674.8
1218480 1674.8
1218490 1667.5
1218500 1660.1
1218510 1660.1
1218520 1653.1
1218530 1647.7
1218540 1647.7
1218550 1640.7
1218560 1634.7
1218570 1634.7
1218580 1628.8
1218590 1620.8
1218600 1609.0
1218610 1609.0
1218620 1599.3
1218630 1593.0
1218640 1593.0
1218650 1586.5
1218660 1579.9
1218670 1579.9
1218680 1573.1
1218690 1566.5
1218700 1566.5
1218710 1560.0
1218720 1553.8
1218730 1553.8
1218740 1547.6
1218750 1541.4
1218760 1541.4
1218770 1534.8
1218780 1528.1
1218790 1528.1
1218800 1521.3
1218810 1514.5
1218820 1507.8
1218830 1507.8
1218840 1501.4
1218850 1495.2
1218860 1495.2
1218870 1489.2
1218880 1483.5
1218890 1483.5
1218900 1477.3
1218910 1471.8
1218920 1471.8
1218930 1466.9
1218940 1462.3
1218950 1462.3
1218960 1457.8
1218970 1453.2
1218980 1453.2
1218990 1448.7
1219000 1441.0
1219010 1441.0
1219020 1436.6
1219030 1432.0
1219040 1427.9
1219050 1427.9
1219060 1423.3
1219070 1419.0
1219080 1419.0
1219090 1414.8
1219100 1410.5
1219110 1410.5
1219120 1406.0
1219130 1401.4
1219140 1401.4
1219150 1396.5
1219160 1391.6
1219170 1391.6
1219180 1387.1
1219190 1382.5
1219200 1382.5
1219210 1377.9
1219220 1373.6
1219230 1373.6
1219240 1369.4
1219250 1365.0
1219260 1360.5
1219270 1360.5
1219280 1356.3
1219290 1352.1
1219300 1352.1
1219310 1347.2
1219320 1341.9
1219330 1341.9
1219340 1337.0
1219350 1332.2
1219360 1332.2
1219370 1327.2
1219380 1322.4
1219390 1322.4
1219400 1317.8
1219410 1313.1
1219420 1313.1
1219430 1308.5
1219440 1304.0
1219450 1304.0
1219460 1299.6
1219470 1294.9
1219480 1288.9
1219490 1288.9
1219500 1285.3
1219510 1280.1
1219520 1280.1
1219530 1275.7
1219540 1271.1
1219550 1271.1
1219560 1266.5
1219570 1261.9
1219580 1261.9
1219590 1257.5
1219600 1253.1
1219610 1253.1
1219620 1248.8
1219630 1244.7
1219640 1244.7
1219650 1240.4
1219660 1236.5
1219670 1236.5
1219680 1232.6
1219690 1228.7
1219700 1224.8
1219710 1224.8
1219720 1220.9
1219730 1217.2
1219740 1217.2
1219750 1213.6
1219760 1209.9
1219770 1209.9
1219780 1206.3
1219790 1203.1
1219800 1203.1
1219810 1200.0
1219820 1196.6
1219830 1196.6
1219840 1194.8
1219850 1192.5
1219860 1192.5
1219870 1189.1
1219880 1188.3
1219890 1188.3
1219900 1187.2
1219910 1184.1
1219920 1181.4
1219930 1181.4
1219940 1181.3
1219950 1181.6
1219960 1181.3
1219970 1180.3
1219980 1181.2
1219990 1181.2
