1200000 2146.1
1200010 2146.1
1200020 2152.2
1200030 2157.6
1200040 2166.1
1200050 2166.1
1200060 2177.6
1200070 2185.7
1200080 2185.7
1200090 2191.9
1200100 2197.9
1200110 2197.9
1200120 2203.6
1200130 2211.3
1200140 2211.3
1200150 2220.3
1200160 2227.8
1200170 2227.8
1200180 2234.2
1200190 2239.9
1200200 2235.2
1200210 2240.9
1200220 2246.7
1200230 2246.7
1200240 2253.8
1200250 2260.6
1200260 2266.2
1200270 2266.2
1200280 2271.1
1200290 2277.3
1200300 2277.3
1200310 2284.9
1200320 2293.6
1200330 2293.6
1200340 2302.1
1200350 2310.8
1200360 2310.8
1200370 2321.0
1200380 2331.2
1200390 2331.2
1200400 2340.1
1200410 2347.4
1200420 2347.4
1200430 2354.5
1200440 2361.8
1200450 2361.8
1200460 2368.2
1200470 2370.4
1200480 2373.9
1200490 2373.9
1200500 2381.2
1200510 2388.4
1200520 2388.4
1200530 2396.1
1200540 2403.1
1200550 2403.1
1200560 2409.6
1200570 2415.8
1200580 2415.8
1200590 2421.9
1200600 2428.3
1200610 2428.3
1200620 2434.1
1200630 2439.8
1200640 2432.3
1200650 2434.0
1200660 2440.9
1200670 2440.9
1200680 2451.0
1200690 2461.0
1200700 2471.6
1200710 2471.6
1200720 2479.7
1200730 2486.9
1200740 2486.9
1200750 2495.4
1200760 2505.0
1200770 2505.0
1200780 2515.6
1200790 2523.3
1200800 2523.3
1200810 2530.9
1200820 2537.9
1200830 2537.9
1200840 2546.0
1200850 2554.7
1200860 2554.7
1200870 2559.0
1200880 2560.5
1200890 2560.5
1200900 2563.8
1200910 2555.2
1200920 2548.4
1200930 2548.4
1200940 2555.0
1200950 2565.9
1200960 2565.9
1200970 2576.8
1200980 2584.5
1200990 2584.5
1201000 2593.3
1201010 2598.8
1201020 2598.8
1201030 2604.8
1201040 2609.4
1201050 2609.4
1201060 2616.7
1201070 2622.8
1201080 2622.8
1201090 2614.0
1201100 2616.0
1201110 2616.0
1201120 2622.2
1201130 2630.3
1201140 2637.5
1201150 2637.5
1201160 2642.4
1201170 2645.0
1201180 2645.0
1201190 2646.9
1201200 2648.7
1201210 2648.7
1201220 2652.4
1201230 2660.4
1201240 2660.4
1201250 2669.5
1201260 2677.4
1201270 2677.4
1201280 2685.6
1201290 2693.5
1201300 2693.5
1201310 2702.0
1201320 2710.7
1201330 2710.7
1201340 2717.8
1201350 2721.1
1201360 2724.7
1201370 2724.7
1201380 2727.6
1201390 2733.8
1201400 2733.8
1201410 2737.9
1201420 2744.1
1201430 2744.1
1201440 2753.2
1201450 2762.3
1201460 2762.3
1201470 2771.9
1201480 2773.9
1201490 2773.9
1201500 2780.6
1201510 2787.7
1201520 2787.7
1201530 2793.0
1201540 2791.1
1201550 2791.1
1201560 2791.3
1201570 2795.2
1201580 2802.0
1201590 2802.0
1201600 2810.6
1201610 2805.4
1201620 2805.4
1201630 2794.5
1201640 2780.8
1201650 2780.8
1201660 2764.7
1201670 2753.3
1201680 2753.3
1201690 2743.4
1201700 2734.9
1201710 2734.9
1201720 2724.0
1201730 2708.3
1201740 2708.3
1201750 2690.7
1201760 2677.1
1201770 2677.1
1201780 2666.2
1201790 2659.4
1201800 2653.7
1201810 2653.7
1201820 2647.7
1201830 2641.7
1201840 2641.7
1201850 2635.8
1201860 2629.4
1201870 2629.4
1201880 2624.1
1201890 2620.1
1201900 2620.1
1201910 2617.3
1201920 2614.2
1201930 2614.2
1201940 2610.1
1201950 2606.2
1201960 2606.2
1201970 2604.7
1201980 2606.1
1201990 2606.1
1202000 2598.0
1202010 2588.2
1202020 2578.7
1202030 2578.7
1202040 2569.4
1202050 2562.6
1202060 2562.6
1202070 2557.6
1202080 2555.6
1202090 2555.6
1202100 2557.3
1202110 2561.1
1202120 2561.1
1202130 2561.6
1202140 2563.8
1202150 2563.8
1202160 2565.8
1202170 2565.1
1202180 2565.1
1202190 2558.0
1202200 2552.5
1202210 2552.5
1202220 2550.4
1202230 2551.8
1202240 2550.5
1202250 2550.5
1202260 2550.7
1202270 2549.7
1202280 2549.7
1202290 2545.5
1202300 2537.0
1202310 2537.0
1202320 2530.4
1202330 2522.9
1202340 2522.9
1202350 2519.0
1202360 2521.2
1202370 2521.2
1202380 2524.5
1202390 2525.8
1202400 2525.8
1202410 2526.8
1202420 2527.2
1202430 2532.3
1202440 2532.1
1202450 2532.2
1202460 2531.7
1202470 2531.7
1202480 2528.8
1202490 2526.0
1202500 2526.0
1202510 2524.4
1202520 2522.7
1202530 2522.7
1202540 2525.2
1202550 2528.6
1202560 2528.6
1202570 2530.5
1202580 2531.7
1202590 2531.7
1202600 2533.4
1202610 2535.5
1202620 2535.5
1202630 2537.0
1202640 2537.6
1202650 2537.6
1202660 2538.5
1202670 2540.3
1202680 2541.8
1202690 2541.8
1202700 2542.9
1202710 2544.6
1202720 2544.6
1202730 2546.4
1202740 2549.7
1202750 2549.7
1202760 2552.9
1202770 2555.0
1202780 2555.0
1202790 2563.6
1202800 2567.7
1202810 2567.7
1202820 2573.7
1202830 2576.1
1202840 2576.1
1202850 2580.1
1202860 2585.9
1202870 2585.9
1202880 2592.9
1202890 2593.3
1202900 2591.5
1202910 2591.5
1202920 2588.6
1202930 2586.5
1202940 2586.5
1202950 2582.7
1202960 2579.9
1202970 2579.9
1202980 2579.0
1202990 2576.4
1203000 2576.4
1203010 2570.5
1203020 2558.6
1203030 2558.6
1203040 2548.6
1203050 2541.2
1203060 2541.2
1203070 2534.9
1203080 2528.7
1203090 2528.7
1203100 2523.0
1203110 2517.7
1203120 2513.0
1203130 2513.0
1203140 2509.4
1203150 2506.0
1203160 2506.0
1203170 2502.6
1203180 2497.2
1203190 2497.2
1203200 2490.3
1203210 2485.6
1203220 2485.6
1203230 2481.7
1203240 2476.2
1203250 2476.2
1203260 2467.4
1203270 2462.6
1203280 2462.6
1203290 2460.2
1203300 2458.6
1203310 2458.6
1203320 2457.3
1203330 2463.9
1203340 2464.7
1203350 2464.7
1203360 2469.3
1203370 2474.1
1203380 2474.1
1203390 2478.6
1203400 2480.9
1203410 2480.9
1203420 2482.5
1203430 2485.6
1203440 2485.6
1203450 2488.0
1203460 2477.4
1203470 2477.4
1203480 2462.7
1203490 2447.5
1203500 2447.5
1203510 2434.5
1203520 2421.6
1203530 2421.6
1203540 2409.6
1203550 2398.8
1203560 2391.6
1203570 2391.6
1203580 2385.6
1203590 2371.4
1203600 2371.4
1203610 2358.6
1203620 2348.9
1203630 2348.9
1203640 2342.2
1203650 2335.8
1203660 2335.8
1203670 2329.8
1203680 2324.8
1203690 2324.8
1203700 2321.6
1203710 2319.2
1203720 2319.2
1203730 2317.9
1203740 2316.3
1203750 2316.3
1203760 2315.0
1203770 2314.4
1203780 2314.4
1203790 2316.3
1203800 2315.7
1203810 2314.2
1203820 2314.2
1203830 2312.2
1203840 2310.5
1203850 2310.5
1203860 2308.4
1203870 2307.4
1203880 2307.4
1203890 2308.3
1203900 2309.0
1203910 2309.0
1203920 2310.0
1203930 2310.8
1203940 2310.8
1203950 2311.7
1203960 2312.1
1203970 2312.1
1203980 2311.2
1203990 2311.0
1204000 2312.2
1204010 2312.2
1204020 2311.4
1204030 2311.6
1204040 2311.6
1204050 2315.3
1204060 2321.5
1204070 2321.5
1204080 2331.1
1204090 2341.5
1204100 2341.5
1204110 2345.6
1204120 2342.8
1204130 2342.8
1204140 2339.8
1204150 2337.4
1204160 2337.4
1204170 2334.0
1204180 2328.7
1204190 2328.7
1204200 2322.6
1204210 2317.6
1204220 2312.0
1204230 2312.0
1204240 2304.1
1204250 2301.2
1204260 2301.2
1204270 2300.4
1204280 2300.2
1204290 2300.2
1204300 2300.7
1204310 2301.4
1204320 2301.4
1204330 2300.7
1204340 2299.5
1204350 2299.5
1204360 2298.4
1204370 2296.9
1204380 2296.9
1204390 2295.3
1204400 2292.6
1204410 2292.6
1204420 2290.9
1204430 2288.3
1204440 2283.2
1204450 2283.2
1204460 2277.0
1204470 2270.6
1204480 2270.6
1204490 2266.2
1204500 2262.1
1204510 2262.1
1204520 2256.4
1204530 2248.4
1204540 2248.4
1204550 2241.4
1204560 2235.0
1204570 2235.0
1204580 2228.5
1204590 2222.8
1204600 2222.8
1204610 2218.6
1204620 2215.2
1204630 2215.2
1204640 2211.7
1204650 2208.3
1204660 2206.5
1204670 2206.5
1204680 2205.1
1204690 2207.8
1204700 2207.8
1204710 2206.3
1204720 2204.8
1204730 2204.8
1204740 2202.2
1204750 2200.0
1204760 2200.0
1204770 2197.7
1204780 2194.7
1204790 2194.7
1204800 2192.0
1204810 2189.1
1204820 2189.1
1204830 2186.0
1204840 2182.9
1204850 2182.9
1204860 2179.7
1204870 2176.1
1204880 2172.7
1204890 2172.7
1204900 2169.9
1204910 2166.4
1204920 2166.4
1204930 2162.9
1204940 2159.9
1204950 2159.9
1204960 2156.7
1204970 2152.7
1204980 2152.7
1204990 2147.1
1205000 2140.6
1205010 2140.6
1205020 2133.8
1205030 2126.7
1205040 2126.7
1205050 2119.5
1205060 2112.9
1205070 2112.9
1205080 2107.2
1205090 2101.8
1205100 2095.8
1205110 2095.8
1205120 2089.8
1205130 2082.9
1205140 2084.2
1205150 2075.2
1205160 2068.2
1205170 2068.2
1205180 2061.5
1205190 2054.7
1205200 2054.7
1205210 2048.1
1205220 2041.2
1205230 2041.2
1205240 2034.5
1205250 2025.8
1205260 2025.8
1205270 2015.6
1205280 2006.8
1205290 2006.8
1205300 1999.1
1205310 1990.1
1205320 1979.3
1205330 1979.3
1205340 1967.3
1205350 1958.6
1205360 1958.6
1205370 1950.8
1205380 1942.8
1205390 1942.8
1205400 1934.6
1205410 1927.1
1205420 1927.1
1205430 1921.6
1205440 1918.5
1205450 1918.5
1205460 1915.1
1205470 1906.3
1205480 1906.3
1205490 1898.4
1205500 1889.9
1205510 1889.9
1205520 1883.9
1205530 1880.5
1205540 1877.3
1205550 1877.3
1205560 1873.5
1205570 1870.1
1205580 1870.1
1205590 1867.7
1205600 1865.8
1205610 1865.8
1205620 1863.9
1205630 1862.1
1205640 1862.1
1205650 1861.9
1205660 1863.6
1205670 1863.6
1205680 1864.6
1205690 1866.2
1205700 1866.2
1205710 1867.2
1205720 1863.3
1205730 1863.3
1205740 1860.5
1205750 1860.9
1205760 1864.4
1205770 1864.4
1205780 1870.2
1205790 1872.7
1205800 1872.7
1205810 1874.9
1205820 1877.9
1205830 1877.9
1205840 1882.8
1205850 1887.2
1205860 1887.2
1205870 1889.7
1205880 1892.0
1205890 1892.0
1205900 1895.2
1205910 1897.9
1205920 1897.9
1205930 1898.5
1205940 1896.9
1205950 1896.9
1205960 1896.3
1205970 1899.3
1205980 1902.1
1205990 1902.1
1206000 1902.2
1206010 1900.0
1206020 1900.0
1206030 1895.2
1206040 1889.9
1206050 1889.8
1206060 1884.2
1206070 1880.7
1206080 1880.7
1206090 1878.3
1206100 1876.9
1206110 1876.9
1206120 1871.5
1206130 1858.3
1206140 1858.3
1206150 1841.0
1206160 1827.6
1206170 1827.6
1206180 1819.1
1206190 1812.7
1206200 1808.7
1206210 1808.7
1206220 1809.5
1206230 1809.4
1206240 1809.4
1206250 1809.3
1206260 1808.8
1206270 1808.8
1206280 1808.7
1206290 1810.9
1206300 1810.9
1206310 1811.2
1206320 1808.3
1206330 1808.3
1206340 1806.5
1206350 1800.6
1206360 1800.6
1206370 1798.4
1206380 1799.1
1206390 1799.1
1206400 1802.5
1206410 1799.1
1206420 1792.1
1206430 1792.1
1206440 1785.3
1206450 1777.7
1206460 1777.7
1206470 1777.4
1206480 1778.6
1206490 1778.6
1206500 1770.6
1206510 1772.9
1206520 1772.9
1206530 1766.5
1206540 1756.0
1206550 1756.0
1206560 1726.8
1206570 1702.9
1206580 1702.9
1206590 1686.4
1206600 1675.2
1206610 1675.2
1206620 1663.6
1206630 1657.6
1206640 1651.1
1206650 1651.1
1206660 1644.4
1206670 1637.8
1206680 1637.8
1206690 1630.4
1206700 1623.8
1206710 1623.8
1206720 1618.2
1206730 1612.5
1206740 1612.5
1206750 1607.2
1206760 1602.5
1206770 1602.5
1206780 1598.2
1206790 1594.4
1206800 1594.4
1206810 1590.0
1206820 1585.6
1206830 1585.6
1206840 1581.5
1206850 1577.8
1206860 1573.3
1206870 1573.3
1206880 1568.4
1206890 1563.1
1206900 1563.1
1206910 1557.3
1206920 1551.5
1206930 1551.5
1206940 1546.2
1206950 1541.3
1206960 1544.5
1206970 1540.0
1206980 1535.2
1206990 1535.2
1207000 1531.0
1207010 1527.4
1207020 1527.4
1207030 1525.1
1207040 1524.4
1207050 1524.4
1207060 1524.9
1207070 1524.7
1207080 1524.1
1207090 1524.1
1207100 1522.8
1207110 1520.8
1207120 1520.8
1207130 1517.9
1207140 1515.9
1207150 1515.9
1207160 1513.2
1207170 1508.6
1207180 1508.6
1207190 1503.4
1207200 1498.9
1207210 1498.9
1207220 1495.5
1207230 1492.8
1207240 1492.8
1207250 1490.5
1207260 1487.2
1207270 1487.2
1207280 1483.1
1207290 1478.9
1207300 1474.9
1207310 1474.9
1207320 1471.8
1207330 1469.0
1207340 1469.0
1207350 1466.3
1207360 1463.7
1207370 1463.7
1207380 1460.8
1207390 1457.6
1207400 1457.6
1207410 1454.1
1207420 1452.2
1207430 1452.2
1207440 1448.5
1207450 1445.0
1207460 1445.0
1207470 1440.5
1207480 1434.5
1207490 1434.5
1207500 1429.2
1207510 1424.9
1207520 1420.5
1207530 1420.5
1207540 1415.0
1207550 1410.4
1207560 1410.4
1207570 1405.5
1207580 1397.9
1207590 1397.9
1207600 1389.2
1207610 1382.2
1207620 1382.2
1207630 1376.9
1207640 1373.7
1207650 1373.7
1207660 1370.5
1207670 1371.7
1207680 1371.7
1207690 1374.0
1207700 1379.9
1207710 1379.9
1207720 1383.6
1207730 1386.0
1207740 1388.7
1207750 1388.7
1207760 1391.5
1207770 1394.8
1207780 1394.8
1207790 1397.8
1207800 1400.9
1207810 1400.9
1207820 1404.0
1207830 1407.0
1207840 1407.0
1207850 1410.2
1207860 1413.5
1207870 1413.5
1207880 1416.5
1207890 1419.3
1207900 1419.3
1207910 1422.8
1207920 1426.4
1207930 1426.4
1207940 1429.9
1207950 1433.2
1207960 1436.7
1207970 1436.7
1207980 1440.3
1207990 1443.8
1208000 1443.8
1208010 1446.7
1208020 1448.6
1208030 1448.6
1208040 1452.3
1208050 1455.1
1208060 1455.1
1208070 1456.6
1208080 1457.1
1208090 1457.1
1208100 1457.9
1208110 1463.0
1208120 1463.0
1208130 1467.6
1208140 1472.5
1208150 1472.5
1208160 1476.8
1208170 1481.8
1208180 1488.6
1208190 1488.6
1208200 1495.8
1208210 1502.4
1208220 1502.4
1208230 1508.3
1208240 1513.8
1208250 1513.8
1208260 1519.7
1208270 1526.3
1208280 1526.3
1208290 1533.4
1208300 1541.1
1208310 1541.1
1208320 1549.0
1208330 1557.4
1208340 1556.8
1208350 1566.6
1208360 1575.5
1208370 1575.5
1208380 1583.2
1208390 1590.1
1208400 1595.7
1208410 1595.7
1208420 1601.8
1208430 1609.6
1208440 1609.6
1208450 1618.9
1208460 1628.1
1208470 1628.1
1208480 1639.9
1208490 1645.2
1208500 1645.2
1208510 1648.2
1208520 1653.1
1208530 1653.1
1208540 1659.2
1208550 1665.5
1208560 1665.5
1208570 1670.6
1208580 1675.3
1208590 1675.3
1208600 1680.9
1208610 1687.3
1208620 1694.1
1208630 1694.1
1208640 1701.2
1208650 1707.6
1208660 1707.6
1208670 1710.3
1208680 1710.5
1208690 1710.5
1208700 1714.0
1208710 1721.1
1208720 1721.1
1208730 1727.5
1208740 1733.8
1208750 1733.8
1208760 1740.2
1208770 1750.6
1208780 1750.6
1208790 1765.8
1208800 1778.4
1208810 1778.4
1208820 1784.1
1208830 1788.3
1208840 1793.3
1208850 1793.3
1208860 1798.8
1208870 1802.6
1208880 1802.6
1208890 1806.3
1208900 1811.6
1208910 1811.6
1208920 1818.2
1208930 1826.3
1208940 1826.3
1208950 1834.2
1208960 1843.1
1208970 1843.1
1208980 1852.3
1208990 1859.0
1209000 1859.0
1209010 1864.5
1209020 1870.9
1209030 1870.9
1209040 1879.1
1209050 1890.7
1209060 1903.1
1209070 1903.1
1209080 1910.6
1209090 1918.4
1209100 1918.4
1209110 1926.1
1209120 1933.9
1209130 1933.9
1209140 1941.9
1209150 1950.5
1209160 1950.5
1209170 1959.4
1209180 1973.9
1209190 1973.9
1209200 1992.0
1209210 2002.9
1209220 2002.9
1209230 2012.7
1209240 2026.5
1209250 2026.5
1209260 2039.5
1209270 2050.8
1209280 2057.2
1209290 2057.2
1209300 2063.2
1209310 2069.0
1209320 2069.0
1209330 2074.5
1209340 2080.8
1209350 2080.8
1209360 2089.3
1209370 2097.1
1209380 2097.1
1209390 2104.2
1209400 2110.9
1209410 2110.9
1209420 2117.2
1209430 2122.1
1209440 2122.1
1209450 2126.3
1209460 2130.3
1209470 2130.3
1209480 2133.9
1209490 2137.5
1209500 2142.2
1209510 2142.2
1209520 2147.7
1209530 2153.0
1209540 2153.0
1209550 2157.2
1209560 2161.5
1209570 2161.5
1209580 2165.4
1209590 2170.3
1209600 2170.3
1209610 2175.9
1209620 2181.6
1209630 2181.6
1209640 2184.8
1209650 2190.7
1209660 2190.7
1209670 2196.7
1209680 2201.5
1209690 2201.5
1209700 2206.5
1209710 2210.5
1209720 2206.3
1209730 2206.3
1209740 2210.1
1209750 2214.6
1209760 2214.6
1209770 2219.7
1209780 2224.9
1209790 2224.9
1209800 2230.7
1209810 2236.7
1209820 2236.7
1209830 2242.9
1209840 2249.2
1209850 2249.2
1209860 2255.7
1209870 2261.7
1209880 2261.7
1209890 2267.8
1209900 2273.8
1209910 2273.8
1209920 2279.8
1209930 2285.8
1209940 2291.5
1209950 2291.5
1209960 2297.6
1209970 2303.2
1209980 2303.2
1209990 2308.6
1210000 2314.6
1210010 2314.6
1210020 2321.4
1210030 2327.8
1210040 2327.8
1210050 2334.1
1210060 2340.0
1210070 2340.0
1210080 2343.9
1210090 2347.8
1210100 2347.8
1210110 2350.9
1210120 2354.7
1210130 2354.7
1210140 2359.2
1210150 2362.2
1210160 2364.1
1210170 2364.1
1210180 2377.0
1210190 2378.8
1210200 2378.8
1210210 2383.3
1210220 2385.2
1210230 2385.2
1210240 2387.5
1210250 2390.2
1210260 2390.2
1210270 2394.1
1210280 2400.4
1210290 2400.4
1210300 2404.6
1210310 2405.5
1210320 2405.5
1210330 2405.7
1210340 2407.4
1210350 2407.4
1210360 2412.8
1210370 2417.5
1210380 2421.7
1210390 2421.7
1210400 2425.0
1210410 2428.2
1210420 2428.2
1210430 2433.7
1210440 2438.1
1210450 2438.1
1210460 2439.8
1210470 2443.3
1210480 2443.3
1210490 2448.6
1210500 2454.9
1210510 2454.9
1210520 2460.7
1210530 2462.4
1210540 2462.4
1210550 2463.9
1210560 2465.8
1210570 2465.8
1210580 2467.1
1210590 2469.4
1210600 2473.0
1210610 2473.0
1210620 2476.5
1210630 2480.7
1210640 2486.8
1210650 2491.4
1210660 2495.2
1210670 2495.2
1210680 2498.2
1210690 2501.3
1210700 2501.3
1210710 2505.0
1210720 2507.2
1210730 2507.2
1210740 2513.0
1210750 2520.0
1210760 2520.0
1210770 2531.6
1210780 2540.9
1210790 2540.9
1210800 2541.5
1210810 2543.3
1210820 2548.0
1210830 2548.0
1210840 2550.2
1210850 2550.6
1210860 2550.6
1210870 2553.6
1210880 2559.9
1210890 2559.9
1210900 2566.6
1210910 2575.0
1210920 2575.0
1210930 2578.7
1210940 2587.0
1210950 2587.0
1210960 2600.1
1210970 2605.3
1210980 2605.3
1210990 2604.9
1211000 2602.9
1211010 2602.9
1211020 2610.4
1211030 2617.1
1211040 2622.1
1211050 2622.1
1211060 2626.9
1211070 2629.8
1211080 2629.8
1211090 2635.8
1211100 2648.6
1211110 2648.6
1211120 2651.7
1211130 2658.3
1211140 2658.3
1211150 2665.2
1211160 2677.6
1211170 2677.6
1211180 2697.6
1211190 2708.9
1211200 2708.9
1211210 2720.4
1211220 2731.6
1211230 2731.6
1211240 2736.8
1211250 2743.6
1211260 2749.7
1211270 2749.7
1211280 2754.2
1211290 2760.4
1211300 2760.4
1211310 2772.9
1211320 2785.2
1211330 2785.2
1211340 2797.9
1211350 2804.8
1211360 2804.8
1211370 2802.7
1211380 2811.0
1211390 2811.0
1211400 2828.9
1211410 2840.4
1211420 2840.4
1211430 2853.4
1211440 2880.7
1211450 2880.7
1211460 2885.7
1211470 2896.8
1211480 2913.4
1211490 2913.4
1211500 2912.2
1211510 2908.1
1211520 2908.1
1211530 2909.0
1211540 2910.4
1211550 2910.4
1211560 2905.0
1211570 2889.1
1211580 2889.1
1211590 2882.2
1211600 2878.6
1211610 2878.6
1211620 2876.6
1211630 2873.9
1211640 2873.9
1211650 2870.7
1211660 2869.1
1211670 2869.1
1211680 2870.0
1211690 2871.4
1211700 2872.7
1211710 2872.7
1211720 2873.8
1211730 2874.7
1211740 2874.7
1211750 2875.8
1211760 2881.5
1211770 2881.5
1211780 2888.9
1211790 2896.3
1211800 2896.3
1211810 2904.2
1211820 2912.0
1211830 2912.0
1211840 2918.8
1211850 2924.5
1211860 2924.5
1211870 2928.8
1211880 2933.7
1211890 2933.7
1211900 2939.0
1211910 2944.9
1211920 2950.5
1211930 2950.5
1211940 2955.3
1211950 2960.3
1211960 2960.3
1211970 2965.0
1211980 2966.6
1211990 2966.6
1212000 2961.1
1212010 2953.1
1212020 2953.1
1212030 2958.8
1212040 2954.8
1212050 2954.8
1212060 2954.7
1212070 2955.9
1212080 2955.9
1212090 2953.9
1212100 2950.8
1212110 2950.8
1212120 2946.8
1212130 2944.3
1212140 2943.3
1212150 2943.3
1212160 2943.2
1212170 2941.9
1212180 2941.9
1212190 2938.2
1212200 2933.9
1212210 2933.9
1212220 2929.5
1212230 2926.1
1212240 2926.1
1212250 2921.7
1212260 2916.1
1212270 2916.1
1212280 2909.8
1212290 2899.2
1212300 2899.2
1212310 2886.2
1212320 2867.7
1212330 2867.7
1212340 2852.3
1212350 2833.4
1212360 2802.2
1212370 2802.2
1212380 2785.4
1212390 2772.4
1212400 2772.4
1212410 2757.8
1212420 2746.2
1212430 2746.2
1212440 2736.5
1212450 2725.8
1212460 2725.8
1212470 2717.1
1212480 2708.6
1212490 2708.6
1212500 2697.3
1212510 2689.5
1212520 2689.5
1212530 2681.8
1212540 2673.9
1212550 2673.9
1212560 2666.0
1212570 2658.1
1212580 2650.6
1212590 2650.6
1212600 2643.4
1212610 2636.5
1212620 2636.5
1212630 2629.9
1212640 2623.5
1212650 2623.5
1212660 2617.2
1212670 2611.2
1212680 2611.2
1212690 2605.4
1212700 2599.8
1212710 2599.8
1212720 2594.4
1212730 2589.4
1212740 2589.4
1212750 2585.1
1212760 2581.6
1212770 2581.6
1212780 2579.5
1212790 2577.9
1212800 2576.1
1212810 2576.1
1212820 2575.2
1212830 2575.7
1212840 2575.7
1212850 2576.3
1212860 2575.7
1212870 2575.7
1212880 2573.8
1212890 2571.9
1212900 2571.9
1212910 2570.6
1212920 2569.3
1212930 2569.3
1212940 2565.9
1212950 2561.0
1212960 2563.2
1212970 2558.1
1212980 2553.9
1212990 2550.2
1213000 2550.2
1213010 2546.2
1213020 2541.7
1213030 2541.7
1213040 2535.1
1213050 2530.6
1213060 2530.6
1213070 2527.8
1213080 2526.8
1213090 2526.8
1213100 2525.4
1213110 2523.7
1213120 2523.7
1213130 2522.9
1213140 2522.4
1213150 2522.4
1213160 2522.6
1213170 2523.1
1213180 2523.1
1213190 2524.4
1213200 2526.8
1213210 2529.1
1213220 2529.1
1213230 2530.0
1213240 2531.5
1213250 2531.5
1213260 2533.6
1213270 2536.6
1213280 2536.6
1213290 2539.8
1213300 2543.2
1213310 2543.2
1213320 2546.9
1213330 2549.3
1213340 2549.3
1213350 2550.8
1213360 2552.3
1213370 2552.3
1213380 2554.8
1213390 2552.7
1213400 2552.7
1213410 2551.5
1213420 2552.6
1213430 2562.8
1213440 2562.8
1213450 2570.4
1213460 2573.0
1213470 2573.0
1213480 2569.7
1213490 2563.5
1213500 2563.5
1213510 2555.2
1213520 2547.4
1213530 2547.4
1213540 2537.8
1213550 2527.7
1213560 2527.7
1213570 2518.5
1213580 2509.4
1213590 2509.4
1213600 2497.8
1213610 2483.5
1213620 2483.5
1213630 2469.2
1213640 2459.2
1213650 2452.1
1213660 2452.1
1213670 2447.3
1213680 2442.8
1213690 2442.8
1213700 2438.5
1213710 2433.6
1213720 2433.6
1213730 2428.6
1213740 2423.9
1213750 2423.9
1213760 2419.4
1213770 2415.1
1213780 2415.1
1213790 2411.0
1213800 2407.1
1213810 2407.1
1213820 2403.3
1213830 2399.1
1213840 2399.1
1213850 2395.5
1213860 2392.6
1213870 2390.1
1213880 2390.1
1213890 2387.4
1213900 2384.2
1213910 2384.2
1213920 2381.4
1213930 2377.9
1213940 2377.9
1213950 2375.1
1213960 2372.5
1213970 2372.5
1213980 2369.9
1213990 2367.1
1214000 2367.1
1214010 2364.2
1214020 2361.4
1214030 2361.4
1214040 2358.8
1214050 2356.2
1214060 2356.2
1214070 2353.6
1214080 2351.5
1214090 2349.0
1214100 2349.0
1214110 2346.3
1214120 2343.9
1214130 2343.9
1214140 2341.4
1214150 2339.1
1214160 2339.1
1214170 2337.4
1214180 2336.1
1214190 2336.1
1214200 2335.1
1214210 2334.6
1214220 2334.6
1214230 2334.6
1214240 2334.3
1214250 2334.3
1214260 2334.0
1214270 2334.7
1214280 2334.7
1214290 2335.6
1214300 2336.2
1214310 2336.7
1214320 2336.7
1214330 2337.4
1214340 2337.8
1214350 2337.8
1214360 2338.1
1214370 2337.9
1214380 2337.9
1214390 2337.8
1214400 2337.5
1214410 2337.5
1214420 2336.5
1214430 2334.7
1214440 2334.7
1214450 2332.5
1214460 2330.2
1214470 2330.2
1214480 2328.6
1214490 2327.5
1214500 2327.5
1214510 2326.2
1214520 2324.4
1214530 2321.7
1214540 2321.7
1214550 2317.5
1214560 2313.6
1214570 2313.6
1214580 2311.0
1214590 2309.6
1214600 2309.6
1214610 2308.8
1214620 2307.8
1214630 2307.8
1214640 2305.9
1214650 2304.6
1214660 2304.6
1214670 2305.1
1214680 2305.8
1214690 2305.8
1214700 2304.2
1214710 2302.6
1214720 2302.6
1214730 2301.5
1214740 2301.0
1214750 2302.7
1214760 2302.7
1214770 2304.3
1214780 2306.6
1214790 2306.6
1214800 2310.0
1214810 2313.1
1214820 2313.1
1214830 2315.7
1214840 2325.4
1214850 2325.4
1214860 2330.0
1214870 2335.0
1214880 2335.0
1214890 2336.5
1214900 2337.3
1214910 2337.3
1214920 2338.8
1214930 2340.9
1214940 2340.9
1214950 2342.6
1214960 2343.6
1214970 2343.9
1214980 2343.9
1214990 2343.7
1215000 2344.4
1215010 2344.4
1215020 2345.6
1215030 2347.7
1215040 2347.7
1215050 2352.4
1215060 2358.2
1215070 2358.2
1215080 2362.9
1215090 2366.1
1215100 2366.1
1215110 2367.9
1215120 2369.2
1215130 2369.2
1215140 2370.4
1215150 2371.4
1215160 2371.4
1215170 2372.6
1215180 2372.7
1215190 2373.1
1215200 2373.1
1215210 2372.0
1215220 2372.1
1215230 2372.1
1215240 2369.7
1215250 2365.4
1215260 2365.4
1215270 2361.3
1215280 2357.0
1215290 2357.0
1215300 2352.8
1215310 2344.7
1215320 2344.7
1215330 2332.8
1215340 2320.7
1215350 2320.7
1215360 2308.3
1215370 2294.0
1215380 2294.0
1215390 2282.7
1215400 2271.3
1215410 2260.3
1215420 2260.3
1215430 2252.2
1215440 2245.0
1215450 2245.0
1215460 2238.3
1215470 2231.5
1215480 2231.5
1215490 2224.5
1215500 2217.7
1215510 2217.7
1215520 2211.0
1215530 2205.1
1215540 2205.1
1215550 2200.7
1215560 2196.9
1215570 2196.9
1215580 2193.4
1215590 2191.2
1215600 2191.2
1215610 2190.3
1215620 2189.6
1215630 2188.6
1215640 2188.6
1215650 2188.5
1215660 2189.4
1215670 2189.4
1215680 2190.8
1215690 2191.9
1215700 2191.9
1215710 2192.2
1215720 2192.3
1215730 2192.3
1215740 2192.1
1215750 2191.8
1215760 2191.8
1215770 2192.4
1215780 2194.9
1215790 2194.9
1215800 2194.2
1215810 2192.5
1215820 2192.5
1215830 2190.6
1215840 2188.4
1215850 2187.4
1215860 2187.4
1215870 2186.6
1215880 2185.0
1215890 2185.0
1215900 2177.8
1215910 2168.7
1215920 2168.7
1215930 2161.5
1215940 2155.8
1215950 2155.8
1215960 2154.8
1215970 2155.5
1215980 2155.5
1215990 2155.4
1216000 2155.1
1216010 2155.1
1216020 2154.2
1216030 2154.5
1216040 2154.5
1216050 2156.9
1216060 2158.9
1216070 2161.1
1216080 2161.1
1216090 2164.2
1216100 2168.4
1216110 2168.4
1216120 2171.7
1216130 2173.4
1216140 2173.4
1216150 2174.4
1216160 2176.6
1216170 2176.6
1216180 2179.8
1216190 2184.0
1216200 2184.0
1216210 2188.4
1216220 2193.2
1216230 2193.2
1216240 2197.3
1216250 2203.3
1216260 2203.3
1216270 2210.0
1216280 2216.3
1216290 2222.1
1216300 2222.1
1216310 2227.4
1216320 2231.8
1216330 2231.8
1216340 2237.6
1216350 2243.9
1216360 2243.9
1216370 2250.0
1216380 2256.2
1216390 2256.2
1216400 2261.3
1216410 2266.3
1216420 2266.3
1216430 2270.6
1216440 2275.0
1216450 2275.0
1216460 2279.0
1216470 2282.4
1216480 2282.4
1216490 2285.4
1216500 2288.8
1216510 2292.4
1216520 2292.4
1216530 2296.3
1216540 2300.2
1216550 2300.2
1216560 2304.1
1216570 2307.9
1216580 2307.9
1216590 2312.1
1216600 2316.4
1216610 2316.4
1216620 2320.6
1216630 2325.3
1216640 2325.3
1216650 2330.6
1216660 2336.5
1216670 2336.5
1216680 2342.8
1216690 2349.4
1216700 2349.4
1216710 2356.3
1216720 2363.6
1216730 2370.5
1216740 2370.5
1216750 2377.7
1216760 2388.2
1216770 2388.2
1216780 2401.0
1216790 2414.7
1216800 2414.7
1216810 2426.1
1216820 2449.2
1216830 2449.2
1216840 2466.9
1216850 2475.1
1216860 2475.1
1216870 2486.0
1216880 2497.0
1216890 2497.0
1216900 2505.8
1216910 2518.0
1216920 2518.0
1216930 2524.5
1216940 2527.8
1216950 2536.3
1216960 2536.3
1216970 2544.3
1216980 2553.4
1216990 2553.4
1217000 2565.1
1217010 2576.9
1217020 2576.9
1217030 2587.7
1217040 2597.8
1217050 2597.8
1217060 2606.7
1217070 2615.1
1217080 2615.1
1217090 2620.0
1217100 2620.9
1217110 2620.9
1217120 2615.7
1217130 2611.7
1217140 2611.7
1217150 2607.2
1217160 2604.5
1217170 2605.7
1217180 2605.7
1217190 2605.7
1217200 2628.0
1217210 2628.0
1217220 2621.7
1217230 2615.6
1217240 2615.6
1217250 2608.9
1217260 2597.9
1217270 2597.9
1217280 2586.5
1217290 2574.2
1217300 2574.2
1217310 2568.8
1217320 2569.7
1217330 2569.7
1217340 2563.0
1217350 2551.6
1217360 2551.6
1217370 2541.4
1217380 2523.0
1217390 2506.6
1217400 2506.6
1217410 2491.3
1217420 2464.5
1217430 2464.5
1217440 2446.1
1217450 2433.7
1217460 2433.7
1217470 2422.5
1217480 2412.7
1217490 2412.7
1217500 2404.2
1217510 2396.8
1217520 2396.8
1217530 2390.7
1217540 2384.1
1217550 2384.1
1217560 2377.5
1217570 2372.6
1217580 2372.6
1217590 2366.3
1217600 2360.7
1217610 2352.2
1217620 2352.2
1217630 2342.2
1217640 2331.0
1217650 2331.0
1217660 2319.2
1217670 2318.3
1217680 2318.3
1217690 2310.6
1217700 2301.6
1217710 2301.6
1217720 2285.5
1217730 2272.3
1217740 2272.3
1217750 2264.5
1217760 2257.8
1217770 2257.8
1217780 2251.0
1217790 2244.3
1217800 2244.3
1217810 2237.5
1217820 2230.5
1217830 2223.4
1217840 2223.4
1217850 2216.3
1217860 2209.5
1217870 2209.5
1217880 2202.7
1217890 2195.9
1217900 2195.9
1217910 2189.2
1217920 2182.3
1217930 2182.3
1217940 2175.4
1217950 2168.4
1217960 2168.4
1217970 2161.6
1217980 2154.8
1217990 2154.8
1218000 2148.1
1218010 2141.3
1218020 2141.3
1218030 2134.5
1218040 2127.7
1218050 2120.9
1218060 2120.9
1218070 2114.0
1218080 2107.1
1218090 2107.1
1218100 2100.4
1218110 2093.7
1218120 2093.7
1218130 2087.2
1218140 2080.5
1218150 2082.9
1218160 2076.1
1218170 2068.9
1218180 2068.9
1218190 2064.7
1218200 2054.5
1218210 2054.5
1218220 2041.7
1218230 2029.9
1218240 2029.9
1218250 2019.9
1218260 2012.3
1218270 2006.6
1218280 2006.6
1218290 2001.0
1218300 1994.4
1218310 1994.4
1218320 1986.4
1218330 1976.7
1218340 1976.7
1218350 1964.1
1218360 1957.8
1218370 1957.8
1218380 1954.4
1218390 1947.9
1218400 1947.9
1218410 1934.4
1218420 1919.9
1218430 1919.9
1218440 1905.6
1218450 1897.3
1218460 1897.3
1218470 1890.5
1218480 1883.5
1218490 1876.7
1218500 1876.7
1218510 1868.3
1218520 1858.8
1218530 1858.8
1218540 1849.4
1218550 1841.2
1218560 1841.2
1218570 1833.0
1218580 1824.4
1218590 1824.4
1218600 1815.8
1218610 1807.9
1218620 1807.9
1218630 1800.1
1218640 1793.4
1218650 1793.4
1218660 1787.2
1218670 1780.8
1218680 1780.8
1218690 1774.1
1218700 1766.4
1218710 1758.5
1218720 1758.5
1218730 1751.2
1218740 1744.7
1218750 1744.7
1218760 1737.8
1218770 1731.0
1218780 1731.0
1218790 1724.4
1218800 1718.2
1218810 1718.2
1218820 1712.0
1218830 1706.3
1218840 1706.3
1218850 1700.7
1218860 1697.4
1218870 1697.4
1218880 1696.7
1218890 1696.4
1218900 1696.4
1218910 1692.5
1218920 1686.4
1218930 1680.7
1218940 1680.7
1218950 1676.5
1218960 1674.3
1218970 1674.3
1218980 1673.1
1218990 1673.3
1219000 1673.3
1219010 1673.8
1219020 1672.5
1219030 1672.5
1219040 1669.8
1219050 1666.4
1219060 1666.4
1219070 1661.5
1219080 1655.9
1219090 1655.9
1219100 1649.0
1219110 1643.3
1219120 1643.3
1219130 1636.1
1219140 1630.3
1219150 1624.9
1219160 1624.9
1219170 1620.3
1219180 1614.4
1219190 1614.4
1219200 1607.0
1219210 1596.3
1219220 1596.3
1219230 1569.7
1219240 1557.1
1219250 1557.1
1219260 1550.4
1219270 1536.6
1219280 1536.6
1219290 1517.4
1219300 1510.2
1219310 1510.2
1219320 1507.1
1219330 1502.2
1219340 1502.2
1219350 1486.7
1219360 1474.6
1219370 1472.2
1219380 1472.2
1219390 1469.3
1219400 1460.9
1219410 1460.9
1219420 1450.8
1219430 1442.6
1219440 1442.6
1219450 1437.9
1219460 1431.8
1219470 1431.8
1219480 1422.9
1219490 1413.8
1219500 1413.8
1219510 1405.4
1219520 1394.1
1219530 1394.1
1219540 1378.5
1219550 1365.8
1219560 1365.8
1219570 1348.0
1219580 1335.3
1219590 1326.7
1219600 1326.7
1219610 1318.9
1219620 1307.7
1219630 1307.7
1219640 1298.4
1219650 1290.3
1219660 1290.3
1219670 1282.2
1219680 1273.8
1219690 1273.8
1219700 1266.5
1219710 1258.4
1219720 1258.4
1219730 1250.7
1219740 1243.2
1219750 1243.2
1219760 1236.1
1219770 1229.4
1219780 1229.4
1219790 1222.8
1219800 1216.9
1219810 1211.5
1219820 1211.5
1219830 1206.4
1219840 1201.0
1219850 1201.0
1219860 1196.2
1219870 1191.6
1219880 1191.6
1219890 1187.2
1219900 1183.6
1219910 1183.6
1219920 1180.4
1219930 1178.3
1219940 1178.3
1219950 1176.4
1219960 1173.5
1219970 1173.5
1219980 1172.7
1219990 1173.3
