1200000 2651.3
1200010 2651.3
1200020 2642.7
1200030 2631.5
1200040 2620.4
1200050 2620.4
1200060 2610.1
1200070 2601.0
1200080 2601.0
1200090 2595.1
1200100 2591.1
1200110 2591.1
1200120 2587.1
1200130 2584.1
1200140 2584.1
1200150 2583.6
1200160 2583.5
1200170 2583.5
1200180 2583.5
1200190 2583.5
1200200 2583.5
1200210 2583.5
1200220 2583.5
1200230 2583.5
1200240 2583.7
1200250 2585.3
1200260 2588.6
1200270 2588.6
1200280 2592.7
1200290 2595.8
1200300 2595.8
1200310 2598.2
1200320 2607.1
1200330 2607.1
1200340 2610.8
1200350 2614.2
1200360 2614.2
1200370 2617.6
1200380 2621.1
1200390 2621.1
1200400 2624.3
1200410 2626.1
1200420 2626.1
1200430 2626.4
1200440 2625.7
1200450 2625.7
1200460 2624.9
1200470 2627.1
1200480 2631.3
1200490 2631.3
1200500 2635.7
1200510 2641.4
1200520 2641.4
1200530 2648.4
1200540 2653.3
1200550 2653.3
1200560 2658.4
1200570 2663.8
1200580 2663.8
1200590 2669.0
1200600 2673.1
1200610 2673.1
1200620 2678.0
1200630 2684.1
1200640 2684.1
1200650 2693.8
1200660 2703.9
1200670 2703.9
1200680 2710.0
1200690 2714.1
1200700 2714.1
1200710 2718.2
1200720 2722.0
1200730 2723.0
1200740 2723.0
1200750 2719.7
1200760 2716.9
1200770 2728.8
1200780 2718.7
1200790 2703.1
1200800 2703.1
1200810 2701.5
1200820 2698.2
1200830 2698.2
1200840 2695.4
1200850 2691.6
1200860 2691.6
1200870 2688.0
1200880 2680.7
1200890 2680.7
1200900 2671.0
1200910 2658.6
1200920 2658.6
1200930 2648.0
1200940 2638.3
1200950 2630.1
1200960 2630.1
1200970 2622.8
1200980 2614.1
1200990 2614.1
1201000 2609.8
1201010 2606.8
1201020 2606.8
1201030 2606.2
1201040 2601.1
1201050 2601.1
1201060 2595.3
1201070 2594.1
1201080 2594.1
1201090 2593.7
1201100 2595.6
1201110 2595.6
1201120 2607.0
1201130 2626.1
1201140 2626.1
1201150 2641.0
1201160 2654.9
1201170 2665.4
1201180 2665.4
1201190 2665.3
1201200 2660.3
1201210 2660.3
1201220 2696.5
1201230 2701.7
1201240 2701.7
1201250 2704.6
1201260 2716.1
1201270 2716.1
1201280 2716.3
1201290 2718.1
1201300 2718.1
1201310 2720.5
1201320 2721.3
1201330 2721.3
1201340 2720.2
1201350 2717.2
1201360 2717.2
1201370 2715.1
1201380 2719.8
1201390 2721.1
1201400 2721.1
1201410 2723.4
1201420 2725.3
1201430 2725.3
1201440 2728.1
1201450 2726.4
1201460 2726.4
1201470 2719.9
1201480 2714.9
1201490 2714.9
1201500 2710.6
1201510 2706.4
1201520 2706.4
1201530 2701.9
1201540 2696.9
1201550 2696.9
1201560 2690.8
1201570 2684.2
1201580 2684.2
1201590 2678.0
1201600 2673.4
1201610 2671.5
1201620 2671.5
1201630 2670.6
1201640 2670.8
1201650 2670.8
1201660 2676.1
1201670 2677.4
1201680 2677.4
1201690 2679.6
1201700 2681.5
1201710 2681.5
1201720 2683.5
1201730 2686.1
1201740 2686.1
1201750 2689.2
1201760 2691.0
1201770 2691.0
1201780 2691.2
1201790 2693.0
1201800 2693.0
1201810 2697.7
1201820 2695.4
1201830 2691.5
1201840 2691.5
1201850 2689.7
1201860 2683.0
1201870 2683.0
1201880 2678.2
1201890 2681.4
1201900 2681.4
1201910 2687.9
1201920 2687.4
1201930 2687.4
1201940 2676.3
1201950 2664.6
1201960 2664.6
1201970 2656.8
1201980 2649.2
1201990 2649.2
1202000 2648.0
1202010 2668.7
1202020 2668.7
1202030 2693.1
1202040 2708.6
1202050 2721.9
1202060 2721.9
1202070 2731.8
1202080 2736.6
1202090 2736.6
1202100 2739.8
1202110 2734.3
1202120 2734.3
1202130 2736.2
1202140 2725.3
1202150 2725.3
1202160 2722.2
1202170 2718.2
1202180 2718.2
1202190 2714.2
1202200 2718.1
1202210 2718.1
1202220 2720.6
1202230 2716.9
1202240 2716.9
1202250 2708.1
1202260 2696.2
1202270 2696.2
1202280 2682.8
1202290 2669.2
1202300 2657.1
1202310 2657.1
1202320 2651.0
1202330 2654.8
1202340 2654.8
1202350 2662.1
1202360 2664.8
1202370 2664.8
1202380 2664.4
1202390 2670.2
1202400 2670.2
1202410 2675.3
1202420 2680.4
1202430 2680.4
1202440 2680.1
1202450 2675.9
1202460 2675.9
1202470 2666.8
1202480 2663.6
1202490 2663.6
1202500 2670.1
1202510 2674.1
1202520 2666.0
1202530 2666.0
1202540 2648.5
1202550 2637.3
1202560 2657.4
1202570 2648.5
1202580 2623.3
1202590 2623.3
1202600 2592.4
1202610 2557.9
1202620 2557.9
1202630 2552.3
1202640 2552.0
1202650 2552.0
1202660 2546.1
1202670 2536.1
1202680 2536.1
1202690 2532.9
1202700 2528.5
1202710 2528.5
1202720 2524.7
1202730 2521.3
1202740 2519.5
1202750 2519.5
1202760 2518.2
1202770 2513.8
1202780 2513.8
1202790 2507.4
1202800 2503.7
1202810 2503.7
1202820 2501.8
1202830 2499.8
1202840 2499.8
1202850 2494.7
1202860 2490.2
1202870 2490.2
1202880 2475.5
1202890 2453.3
1202900 2453.3
1202910 2436.9
1202920 2429.8
1202930 2429.8
1202940 2426.1
1202950 2423.1
1202960 2422.4
1202970 2422.4
1202980 2423.0
1202990 2423.5
1203000 2423.5
1203010 2416.2
1203020 2412.8
1203030 2412.8
1203040 2403.4
1203050 2395.9
1203060 2395.9
1203070 2392.8
1203080 2398.5
1203090 2398.5
1203100 2402.0
1203110 2403.4
1203120 2403.4
1203130 2400.7
1203140 2401.4
1203150 2401.4
1203160 2398.0
1203170 2390.6
1203180 2383.9
1203190 2383.9
1203200 2369.9
1203210 2365.5
1203220 2365.5
1203230 2359.0
1203240 2354.1
1203250 2354.1
1203260 2347.8
1203270 2342.9
1203280 2342.9
1203290 2335.7
1203300 2328.8
1203310 2328.8
1203320 2325.5
1203330 2325.8
1203340 2325.8
1203350 2329.7
1203360 2331.8
1203370 2331.8
1203380 2332.4
1203390 2332.6
1203400 2334.5
1203410 2334.5
1203420 2335.7
1203430 2336.3
1203440 2336.3
1203450 2337.9
1203460 2333.3
1203470 2333.3
1203480 2337.1
1203490 2340.8
1203500 2340.8
1203510 2335.0
1203520 2318.6
1203530 2318.6
1203540 2309.1
1203550 2302.0
1203560 2302.0
1203570 2292.6
1203580 2287.7
1203590 2287.7
1203600 2280.4
1203610 2268.4
1203620 2263.9
1203630 2263.9
1203640 2248.1
1203650 2232.3
1203660 2232.3
1203670 2230.1
1203680 2228.3
1203690 2228.3
1203700 2226.5
1203710 2226.7
1203720 2226.7
1203730 2228.2
1203740 2228.5
1203750 2228.5
1203760 2222.9
1203770 2218.2
1203780 2218.2
1203790 2213.6
1203800 2208.6
1203810 2208.6
1203820 2202.5
1203830 2196.7
1203840 2193.6
1203850 2193.6
1203860 2190.8
1203870 2188.2
1203880 2188.2
1203890 2185.6
1203900 2179.2
1203910 2179.2
1203920 2161.9
1203930 2151.0
1203940 2151.0
1203950 2143.2
1203960 2139.4
1203970 2139.4
1203980 2135.5
1203990 2130.4
1204000 2130.4
1204010 2125.6
1204020 2116.2
1204030 2116.2
1204040 2104.1
1204050 2091.9
1204060 2091.9
1204070 2080.5
1204080 2071.7
1204090 2062.8
1204100 2062.8
1204110 2055.0
1204120 2047.9
1204130 2047.9
1204140 2042.0
1204150 2038.2
1204160 2038.2
1204170 2034.5
1204180 2030.0
1204190 2030.0
1204200 2026.2
1204210 2022.6
1204220 2022.6
1204230 2016.7
1204240 2010.4
1204250 2010.4
1204260 2004.6
1204270 1999.1
1204280 1999.1
1204290 1993.7
1204300 1987.6
1204310 1978.0
1204320 1978.0
1204330 1967.0
1204340 1957.9
1204350 1957.9
1204360 1948.6
1204370 1937.0
1204380 1937.0
1204390 1924.5
1204400 1912.0
1204410 1912.0
1204420 1901.7
1204430 1891.4
1204440 1891.4
1204450 1883.1
1204460 1875.0
1204470 1875.0
1204480 1857.8
1204490 1838.2
1204500 1838.2
1204510 1822.4
1204520 1813.2
1204530 1805.0
1204540 1805.0
1204550 1789.7
1204560 1770.7
1204570 1770.7
1204580 1762.5
1204590 1755.7
1204600 1755.7
1204610 1753.8
1204620 1752.5
1204630 1752.5
1204640 1748.5
1204650 1741.9
1204660 1741.9
1204670 1735.6
1204680 1729.4
1204690 1729.4
1204700 1723.9
1204710 1725.6
1204720 1725.6
1204730 1723.9
1204740 1713.6
1204750 1702.9
1204760 1702.9
1204770 1689.3
1204780 1679.3
1204790 1679.3
1204800 1672.2
1204810 1663.6
1204820 1674.2
1204830 1667.5
1204840 1659.0
1204850 1659.0
1204860 1651.3
1204870 1644.1
1204880 1644.1
1204890 1635.2
1204900 1627.3
1204910 1627.3
1204920 1618.3
1204930 1603.0
1204940 1603.0
1204950 1588.8
1204960 1580.8
1204970 1574.1
1204980 1574.1
1204990 1567.2
1205000 1560.2
1205010 1560.2
1205020 1552.6
1205030 1543.2
1205040 1543.2
1205050 1532.9
1205060 1524.1
1205070 1524.1
1205080 1515.2
1205090 1498.6
1205100 1498.6
1205110 1478.4
1205120 1461.2
1205130 1461.2
1205140 1444.8
1205150 1434.1
1205160 1434.1
1205170 1425.2
1205180 1416.0
1205190 1404.7
1205200 1404.7
1205210 1390.8
1205220 1379.8
1205230 1379.8
1205240 1372.4
1205250 1364.8
1205260 1364.8
1205270 1359.8
1205280 1352.6
1205290 1352.6
1205300 1346.3
1205310 1341.8
1205320 1341.8
1205330 1340.2
1205340 1339.3
1205350 1339.3
1205360 1338.7
1205370 1338.2
1205380 1338.2
1205390 1337.0
1205400 1336.7
1205410 1336.4
1205420 1336.4
1205430 1336.4
1205440 1336.5
1205450 1336.5
1205460 1335.5
1205470 1333.8
1205480 1333.8
1205490 1332.9
1205500 1332.0
1205510 1332.0
1205520 1330.2
1205530 1328.8
1205540 1328.8
1205550 1327.8
1205560 1326.8
1205570 1326.8
1205580 1325.7
1205590 1324.7
1205600 1324.7
1205610 1323.8
1205620 1322.8
1205630 1321.9
1205640 1321.9
1205650 1321.2
1205660 1316.9
1205670 1316.9
1205680 1309.4
1205690 1304.0
1205700 1304.0
1205710 1302.2
1205720 1301.2
1205730 1302.1
1205740 1301.2
1205750 1301.8
1205760 1301.8
1205770 1302.8
1205780 1303.7
1205790 1303.7
1205800 1304.3
1205810 1305.4
1205820 1305.4
1205830 1306.5
1205840 1307.2
1205850 1307.2
1205860 1307.3
1205870 1310.5
1205880 1318.8
1205890 1318.8
1205900 1328.2
1205910 1337.1
1205920 1337.1
1205930 1345.7
1205940 1351.9
1205950 1351.9
1205960 1358.0
1205970 1364.8
1205980 1364.8
1205990 1370.8
1206000 1375.4
1206010 1375.4
1206020 1379.3
1206030 1382.9
1206040 1382.9
1206050 1386.7
1206060 1390.5
1206070 1390.5
1206080 1393.9
1206090 1397.6
1206100 1401.1
1206110 1401.1
1206120 1404.9
1206130 1409.0
1206140 1409.0
1206150 1413.4
1206160 1418.2
1206170 1418.2
1206180 1423.6
1206190 1429.2
1206200 1429.2
1206210 1434.9
1206220 1440.7
1206230 1440.7
1206240 1444.6
1206250 1447.6
1206260 1447.6
1206270 1451.1
1206280 1456.4
1206290 1456.4
1206300 1462.6
1206310 1469.9
1206320 1477.5
1206330 1477.5
1206340 1485.8
1206350 1494.0
1206360 1494.0
1206370 1501.1
1206380 1508.7
1206390 1508.7
1206400 1515.9
1206410 1522.0
1206420 1522.0
1206430 1528.2
1206440 1534.9
1206450 1534.9
1206460 1542.2
1206470 1549.7
1206480 1549.7
1206490 1557.1
1206500 1564.3
1206510 1564.3
1206520 1571.5
1206530 1578.2
1206540 1584.7
1206550 1584.7
1206560 1590.5
1206570 1596.1
1206580 1596.1
1206590 1601.3
1206600 1606.5
1206610 1606.5
1206620 1611.9
1206630 1616.7
1206640 1612.1
1206650 1615.7
1206660 1619.5
1206670 1619.5
1206680 1625.1
1206690 1633.5
1206700 1633.5
1206710 1644.2
1206720 1658.4
1206730 1658.4
1206740 1669.4
1206750 1678.2
1206760 1686.2
1206770 1686.2
1206780 1693.6
1206790 1700.9
1206800 1700.9
1206810 1707.5
1206820 1713.6
1206830 1713.6
1206840 1721.0
1206850 1729.0
1206860 1729.0
1206870 1733.2
1206880 1736.3
1206890 1736.3
1206900 1739.5
1206910 1741.9
1206920 1741.9
1206930 1743.1
1206940 1743.6
1206950 1743.6
1206960 1742.7
1206970 1740.0
1206980 1736.3
1206990 1736.3
1207000 1731.8
1207010 1727.1
1207020 1727.1
1207030 1722.2
1207040 1716.6
1207050 1716.6
1207060 1710.8
1207070 1706.1
1207080 1706.1
1207090 1701.5
1207100 1691.3
1207110 1691.3
1207120 1691.5
1207130 1692.8
1207140 1692.8
1207150 1694.6
1207160 1696.8
1207170 1696.8
1207180 1699.7
1207190 1702.3
1207200 1703.1
1207210 1703.1
1207220 1702.6
1207230 1700.6
1207240 1700.6
1207250 1696.9
1207260 1693.1
1207270 1693.1
1207280 1689.3
1207290 1684.9
1207300 1684.9
1207310 1682.0
1207320 1683.0
1207330 1683.0
1207340 1686.6
1207350 1692.1
1207360 1692.1
1207370 1700.1
1207380 1708.2
1207390 1708.2
1207400 1716.1
1207410 1725.0
1207420 1735.8
1207430 1735.8
1207440 1745.9
1207450 1755.4
1207460 1755.4
1207470 1764.7
1207480 1772.6
1207490 1772.6
1207500 1779.7
1207510 1786.6
1207520 1786.6
1207530 1793.7
1207540 1800.9
1207550 1805.0
1207560 1812.8
1207570 1818.8
1207580 1818.8
1207590 1823.7
1207600 1829.7
1207610 1829.7
1207620 1835.8
1207630 1841.9
1207640 1847.7
1207650 1847.7
1207660 1852.7
1207670 1857.7
1207680 1857.7
1207690 1864.6
1207700 1872.2
1207710 1872.2
1207720 1879.4
1207730 1884.2
1207740 1884.2
1207750 1890.2
1207760 1897.6
1207770 1897.6
1207780 1905.1
1207790 1912.1
1207800 1912.1
1207810 1920.2
1207820 1930.6
1207830 1930.6
1207840 1941.7
1207850 1948.9
1207860 1948.9
1207870 1951.7
1207880 1952.9
1207890 1952.5
1207900 1952.5
1207910 1948.5
1207920 1944.2
1207930 1944.2
1207940 1940.5
1207950 1938.9
1207960 1938.9
1207970 1939.7
1207980 1941.1
1207990 1941.1
1208000 1937.3
1208010 1939.6
1208020 1939.6
1208030 1944.2
1208040 1951.4
1208050 1951.4
1208060 1958.8
1208070 1967.4
1208080 1967.4
1208090 1977.1
1208100 1988.7
1208110 1997.1
1208120 1997.1
1208130 2003.8
1208140 2009.8
1208150 2009.8
1208160 2015.7
1208170 2023.1
1208180 2023.1
1208190 2031.2
1208200 2037.3
1208210 2037.3
1208220 2043.1
1208230 2049.6
1208240 2049.6
1208250 2055.3
1208260 2061.0
1208270 2061.0
1208280 2067.7
1208290 2074.6
1208300 2074.6
1208310 2080.3
1208320 2086.4
1208330 2092.3
1208340 2092.3
1208350 2097.2
1208360 2101.5
1208370 2101.5
1208380 2106.0
1208390 2111.0
1208400 2111.0
1208410 2117.1
1208420 2123.4
1208430 2123.4
1208440 2129.1
1208450 2134.1
1208460 2134.1
1208470 2137.6
1208480 2141.6
1208490 2141.6
1208500 2146.2
1208510 2152.0
1208520 2152.0
1208530 2158.5
1208540 2165.4
1208550 2172.6
1208560 2172.6
1208570 2180.1
1208580 2187.5
1208590 2187.5
1208600 2194.9
1208610 2202.4
1208620 2202.4
1208630 2209.4
1208640 2215.9
1208650 2215.9
1208660 2221.6
1208670 2225.1
1208680 2225.1
1208690 2229.0
1208700 2233.7
1208710 2233.7
1208720 2238.1
1208730 2242.7
1208740 2242.7
1208750 2248.4
1208760 2255.3
1208770 2261.0
1208780 2261.0
1208790 2264.7
1208800 2266.9
1208810 2266.9
1208820 2269.1
1208830 2271.6
1208840 2271.6
1208850 2274.4
1208860 2277.8
1208870 2277.8
1208880 2283.9
1208890 2291.2
1208900 2291.2
1208910 2298.5
1208920 2304.9
1208930 2308.4
1208940 2314.1
1208950 2318.5
1208960 2318.5
1208970 2321.6
1208980 2323.8
1208990 2325.7
1209000 2325.7
1209010 2328.4
1209020 2332.2
1209030 2332.2
1209040 2336.2
1209050 2341.0
1209060 2341.0
1209070 2346.2
1209080 2351.4
1209090 2351.4
1209100 2356.4
1209110 2361.7
1209120 2361.7
1209130 2367.2
1209140 2372.8
1209150 2372.8
1209160 2378.1
1209170 2383.3
1209180 2383.3
1209190 2388.8
1209200 2395.1
1209210 2400.9
1209220 2400.9
1209230 2405.9
1209240 2411.3
1209250 2411.3
1209260 2417.0
1209270 2423.1
1209280 2423.1
1209290 2428.9
1209300 2433.8
1209310 2433.8
1209320 2438.2
1209330 2442.9
1209340 2442.9
1209350 2446.8
1209360 2450.6
1209370 2450.6
1209380 2453.5
1209390 2453.5
1209400 2453.5
1209410 2456.8
1209420 2460.6
1209430 2464.5
1209440 2464.5
1209450 2468.0
1209460 2472.0
1209470 2472.0
1209480 2476.2
1209490 2480.4
1209500 2480.4
1209510 2484.8
1209520 2489.4
1209530 2489.4
1209540 2493.9
1209550 2498.7
1209560 2498.7
1209570 2503.6
1209580 2508.4
1209590 2508.4
1209600 2513.4
1209610 2518.6
1209620 2518.6
1209630 2523.8
1209640 2529.4
1209650 2529.4
1209660 2535.0
1209670 2540.6
1209680 2546.4
1209690 2546.4
1209700 2553.8
1209710 2564.8
1209720 2564.8
1209730 2576.1
1209740 2586.7
1209750 2586.7
1209760 2594.8
1209770 2601.1
1209780 2601.1
1209790 2607.8
1209800 2616.4
1209810 2616.4
1209820 2627.5
1209830 2637.3
1209840 2637.3
1209850 2635.8
1209860 2647.0
1209870 2647.0
1209880 2659.7
1209890 2676.6
1209900 2684.6
1209910 2684.6
1209920 2675.1
1209930 2669.9
1209940 2669.9
1209950 2672.2
1209960 2675.5
1209970 2675.5
1209980 2680.5
1209990 2683.3
1210000 2683.3
1210010 2683.0
1210020 2683.9
1210030 2683.9
1210040 2688.8
1210050 2690.8
1210060 2690.8
1210070 2686.1
1210080 2683.2
1210090 2683.2
1210100 2679.5
1210110 2675.9
1210120 2670.6
1210130 2670.6
1210140 2665.9
1210150 2663.9
1210160 2663.9
1210170 2661.6
1210180 2661.5
1210190 2661.5
1210200 2663.1
1210210 2663.6
1210220 2663.6
1210230 2663.7
1210240 2663.2
1210250 2663.2
1210260 2662.4
1210270 2662.5
1210280 2662.5
1210290 2662.3
1210300 2662.9
1210310 2666.2
1210320 2666.7
1210330 2667.0
1210340 2668.3
1210350 2668.3
1210360 2670.0
1210370 2672.3
1210380 2672.3
1210390 2675.1
1210400 2678.4
1210410 2678.4
1210420 2682.4
1210430 2686.4
1210440 2686.4
1210450 2691.0
1210460 2695.9
1210470 2695.9
1210480 2701.1
1210490 2706.6
1210500 2706.6
1210510 2712.2
1210520 2718.1
1210530 2718.1
1210540 2724.4
1210550 2729.3
1210560 2733.9
1210570 2733.9
1210580 2741.9
1210590 2754.7
1210600 2754.7
1210610 2777.8
1210620 2791.1
1210630 2791.1
1210640 2799.3
1210650 2803.0
1210660 2803.0
1210670 2807.6
1210680 2815.0
1210690 2815.0
1210700 2822.0
1210710 2827.8
1210720 2827.8
1210730 2834.9
1210740 2852.1
1210750 2852.1
1210760 2872.8
1210770 2884.3
1210780 2881.7
1210790 2881.7
1210800 2892.1
1210810 2902.2
1210820 2902.2
1210830 2910.8
1210840 2919.4
1210850 2919.4
1210860 2927.4
1210870 2932.6
1210880 2932.6
1210890 2936.1
1210900 2938.2
1210910 2938.2
1210920 2943.4
1210930 2951.0
1210940 2951.0
1210950 2959.6
1210960 2965.6
1210970 2965.6
1210980 2972.6
1210990 2978.7
1211000 2986.6
1211010 2986.6
1211020 2992.8
1211030 3000.2
1211040 3000.2
1211050 3009.0
1211060 3019.4
1211070 3019.4
1211080 3031.0
1211090 3041.9
1211100 3041.9
1211110 3053.5
1211120 3065.1
1211130 3065.1
1211140 3070.3
1211150 3067.7
1211160 3067.7
1211170 3063.3
1211180 3060.1
1211190 3060.1
1211200 3056.9
1211210 3054.8
1211220 3053.8
1211230 3053.8
1211240 3043.6
1211250 3044.7
1211260 3044.7
1211270 3045.1
1211280 3044.9
1211290 3044.9
1211300 3045.1
1211310 3045.0
1211320 3045.0
1211330 3044.5
1211340 3046.4
1211350 3046.4
1211360 3049.1
1211370 3051.7
1211380 3051.7
1211390 3054.1
1211400 3053.7
1211410 3053.7
1211420 3050.4
1211430 3041.1
1211440 3031.5
1211450 3031.5
1211460 3024.0
1211470 3019.6
1211480 3019.6
1211490 3014.4
1211500 3008.5
1211510 3008.5
1211520 2989.0
1211530 2988.8
1211540 2988.8
1211550 2982.6
1211560 2972.7
1211570 2972.7
1211580 2963.9
1211590 2949.2
1211600 2949.2
1211610 2932.0
1211620 2922.4
1211630 2922.4
1211640 2918.2
1211650 2906.2
1211660 2906.2
1211670 2879.9
1211680 2861.3
1211690 2851.7
1211700 2862.7
1211710 2856.8
1211720 2845.9
1211730 2845.9
1211740 2832.9
1211750 2819.9
1211760 2819.9
1211770 2808.0
1211780 2800.1
1211790 2800.1
1211800 2794.0
1211810 2787.9
1211820 2787.9
1211830 2781.6
1211840 2775.5
1211850 2775.5
1211860 2769.5
1211870 2763.5
1211880 2763.5
1211890 2757.6
1211900 2751.0
1211910 2743.9
1211920 2743.9
1211930 2736.2
1211940 2728.4
1211950 2728.4
1211960 2720.5
1211970 2713.5
1211980 2713.5
1211990 2708.2
1212000 2704.7
1212010 2704.7
1212020 2701.7
1212030 2699.7
1212040 2699.7
1212050 2698.6
1212060 2697.3
1212070 2697.3
1212080 2695.6
1212090 2694.0
1212100 2694.0
1212110 2692.2
1212120 2691.1
1212130 2691.8
1212140 2691.8
1212150 2693.4
1212160 2695.7
1212170 2698.1
1212180 2700.0
1212190 2700.8
1212200 2700.8
1212210 2700.7
1212220 2700.0
1212230 2700.0
1212240 2700.4
1212250 2700.4
1212260 2700.4
1212270 2700.3
1212280 2700.2
1212290 2700.2
1212300 2700.0
1212310 2699.2
1212320 2699.2
1212330 2697.8
1212340 2696.0
1212350 2693.9
1212360 2693.9
1212370 2691.7
1212380 2689.2
1212390 2689.2
1212400 2686.3
1212410 2683.1
1212420 2683.1
1212430 2680.5
1212440 2678.8
1212450 2678.8
1212460 2677.4
1212470 2676.4
1212480 2676.4
1212490 2675.6
1212500 2674.5
1212510 2674.5
1212520 2674.2
1212530 2673.8
1212540 2673.8
1212550 2671.6
1212560 2669.2
1212570 2666.5
1212580 2666.5
1212590 2664.6
1212600 2663.7
1212610 2663.7
1212620 2663.9
1212630 2667.6
1212640 2667.6
1212650 2667.8
1212660 2669.1
1212670 2669.1
1212680 2671.5
1212690 2673.9
1212700 2673.9
1212710 2675.9
1212720 2677.9
1212730 2677.9
1212740 2679.6
1212750 2681.6
1212760 2681.6
1212770 2683.9
1212780 2686.9
1212790 2690.2
1212800 2690.2
1212810 2692.5
1212820 2693.4
1212830 2693.4
1212840 2692.6
1212850 2690.8
1212860 2690.8
1212870 2690.3
1212880 2689.9
1212890 2689.9
1212900 2689.1
1212910 2689.8
1212920 2689.8
1212930 2690.3
1212940 2692.5
1212950 2692.5
1212960 2694.0
1212970 2695.6
1212980 2695.6
1212990 2699.9
1213000 2702.5
1213010 2706.3
1213020 2706.3
1213030 2710.2
1213040 2713.1
1213050 2713.1
1213060 2715.0
1213070 2716.6
1213080 2716.6
1213090 2718.6
1213100 2721.5
1213110 2721.5
1213120 2723.6
1213130 2727.5
1213140 2727.5
1213150 2732.4
1213160 2738.4
1213170 2738.4
1213180 2743.9
1213190 2750.4
1213200 2750.4
1213210 2756.1
1213220 2761.9
1213230 2770.0
1213240 2770.0
1213250 2781.3
1213260 2792.4
1213270 2792.4
1213280 2795.0
1213290 2785.2
1213300 2785.2
1213310 2771.3
1213320 2759.4
1213330 2759.4
1213340 2746.3
1213350 2733.0
1213360 2733.0
1213370 2723.9
1213380 2718.3
1213390 2718.3
1213400 2712.5
1213410 2706.4
1213420 2706.4
1213430 2700.9
1213440 2696.2
1213450 2696.2
1213460 2691.5
1213470 2687.7
1213480 2682.6
1213490 2682.6
1213500 2677.1
1213510 2671.8
1213520 2671.8
1213530 2666.9
1213540 2662.1
1213550 2662.1
1213560 2657.4
1213570 2648.6
1213580 2648.6
1213590 2644.3
1213600 2639.9
1213610 2639.9
1213620 2635.4
1213630 2630.3
1213640 2630.3
1213650 2625.4
1213660 2620.4
1213670 2620.4
1213680 2615.5
1213690 2610.9
1213700 2606.3
1213710 2606.3
1213720 2601.6
1213730 2596.8
1213740 2596.8
1213750 2592.2
1213760 2587.5
1213770 2587.5
1213780 2583.4
1213790 2580.0
1213800 2580.0
1213810 2576.9
1213820 2573.7
1213830 2573.7
1213840 2571.4
1213850 2570.7
1213860 2570.7
1213870 2569.5
1213880 2565.9
1213890 2565.9
1213900 2562.3
1213910 2559.7
1213920 2556.0
1213930 2556.0
1213940 2550.7
1213950 2545.4
1213960 2545.4
1213970 2538.1
1213980 2529.0
1213990 2529.0
1214000 2520.5
1214010 2512.6
1214020 2512.6
1214030 2505.9
1214040 2496.5
1214050 2496.5
1214060 2491.2
1214070 2486.4
1214080 2486.4
1214090 2481.4
1214100 2476.3
1214110 2476.3
1214120 2471.1
1214130 2466.0
1214140 2460.9
1214150 2460.9
1214160 2455.9
1214170 2451.2
1214180 2451.2
1214190 2447.0
1214200 2443.2
1214210 2443.2
1214220 2439.4
1214230 2435.5
1214240 2435.5
1214250 2431.5
1214260 2427.7
1214270 2427.7
1214280 2424.6
1214290 2421.1
1214300 2421.1
1214310 2418.0
1214320 2415.6
1214330 2415.6
1214340 2413.6
1214350 2411.6
1214360 2408.1
1214370 2408.1
1214380 2403.9
1214390 2401.7
1214400 2401.7
1214410 2400.9
1214420 2401.4
1214430 2401.4
1214440 2401.8
1214450 2399.4
1214460 2399.4
1214470 2396.0
1214480 2393.2
1214490 2393.2
1214500 2390.6
1214510 2392.3
1214520 2392.3
1214530 2391.8
1214540 2390.0
1214550 2390.0
1214560 2389.4
1214570 2389.3
1214580 2390.6
1214590 2390.6
1214600 2390.5
1214610 2388.8
1214620 2388.8
1214630 2384.8
1214640 2379.6
1214650 2379.6
1214660 2374.9
1214670 2368.8
1214680 2368.8
1214690 2363.3
1214700 2360.2
1214710 2360.2
1214720 2357.9
1214730 2354.9
1214740 2354.9
1214750 2351.2
1214760 2348.1
1214770 2348.1
1214780 2345.0
1214790 2342.2
1214800 2338.4
1214810 2338.4
1214820 2334.9
1214830 2331.6
1214840 2331.6
1214850 2327.3
1214860 2322.2
1214870 2322.2
1214880 2317.3
1214890 2312.7
1214900 2312.7
1214910 2308.7
1214920 2304.8
1214930 2304.8
1214940 2300.7
1214950 2297.3
1214960 2297.3
1214970 2294.2
1214980 2295.8
1214990 2295.8
1215000 2294.4
1215010 2292.9
1215020 2291.4
1215030 2291.4
1215040 2289.8
1215050 2288.9
1215060 2288.9
1215070 2289.5
1215080 2292.8
1215090 2292.8
1215100 2296.5
1215110 2299.7
1215120 2299.7
1215130 2302.2
1215140 2304.9
1215150 2304.9
1215160 2308.7
1215170 2311.3
1215180 2311.3
1215190 2311.6
1215200 2311.5
1215210 2311.5
1215220 2310.8
1215230 2309.2
1215240 2306.6
1215250 2306.6
1215260 2300.5
1215270 2295.4
1215280 2295.4
1215290 2290.9
1215300 2287.0
1215310 2287.0
1215320 2283.4
1215330 2279.3
1215340 2279.3
1215350 2275.6
1215360 2272.8
1215370 2272.8
1215380 2270.6
1215390 2268.8
1215400 2268.8
1215410 2266.8
1215420 2265.4
1215430 2265.4
1215440 2264.1
1215450 2269.6
1215460 2269.6
1215470 2267.5
1215480 2265.3
1215490 2262.6
1215500 2262.6
1215510 2259.3
1215520 2256.4
1215530 2256.4
1215540 2254.7
1215550 2252.0
1215560 2252.0
1215570 2248.4
1215580 2244.5
1215590 2244.5
1215600 2240.5
1215610 2236.5
1215620 2236.5
1215630 2233.2
1215640 2229.5
1215650 2229.5
1215660 2224.7
1215670 2220.5
1215680 2220.5
1215690 2216.4
1215700 2213.1
1215710 2210.4
1215720 2210.4
1215730 2208.0
1215740 2205.2
1215750 2205.2
1215760 2201.9
1215770 2198.4
1215780 2198.4
1215790 2194.1
1215800 2190.8
1215810 2190.8
1215820 2188.7
1215830 2186.0
1215840 2186.0
1215850 2185.3
1215860 2185.4
1215870 2185.4
1215880 2185.0
1215890 2183.1
1215900 2183.1
1215910 2180.7
1215920 2179.2
1215930 2175.6
1215940 2175.6
1215950 2169.2
1215960 2161.2
1215970 2161.2
1215980 2155.3
1215990 2151.6
1216000 2151.6
1216010 2148.6
1216020 2145.4
1216030 2145.4
1216040 2140.1
1216050 2132.7
1216060 2132.7
1216070 2128.9
1216080 2126.9
1216090 2126.9
1216100 2124.9
1216110 2121.8
1216120 2121.8
1216130 2118.0
1216140 2113.7
1216150 2109.1
1216160 2109.1
1216170 2104.9
1216180 2100.6
1216190 2100.6
1216200 2096.6
1216210 2092.4
1216220 2092.4
1216230 2088.7
1216240 2084.6
1216250 2084.6
1216260 2079.7
1216270 2073.2
1216280 2073.2
1216290 2067.2
1216300 2062.8
1216310 2062.8
1216320 2058.6
1216330 2054.6
1216340 2054.6
1216350 2050.2
1216360 2045.2
1216370 2040.3
1216380 2040.3
1216390 2036.5
1216400 2032.0
1216410 2032.0
1216420 2027.6
1216430 2022.6
1216440 2022.6
1216450 2017.4
1216460 2014.4
1216470 2014.4
1216480 2011.5
1216490 2007.9
1216500 2007.9
1216510 2003.0
1216520 1996.6
1216530 1996.6
1216540 1990.9
1216550 1984.9
1216560 1984.9
1216570 1980.0
1216580 1974.9
1216590 1970.6
1216600 1970.6
1216610 1966.3
1216620 1962.3
1216630 1962.3
1216640 1957.8
1216650 1952.8
1216660 1952.8
1216670 1948.2
1216680 1943.3
1216690 1943.3
1216700 1938.1
1216710 1933.5
1216720 1933.5
1216730 1928.7
1216740 1920.5
1216750 1920.5
1216760 1904.0
1216770 1897.0
1216780 1897.0
1216790 1889.0
1216800 1881.9
1216810 1874.5
1216820 1874.5
1216830 1867.2
1216840 1860.2
1216850 1860.2
1216860 1853.2
1216870 1852.3
1216880 1852.3
1216890 1846.1
1216900 1838.6
1216910 1838.6
1216920 1832.0
1216930 1824.7
1216940 1824.7
1216950 1816.9
1216960 1809.6
1216970 1809.6
1216980 1801.7
1216990 1794.2
1217000 1794.2
1217010 1785.3
1217020 1778.5
1217030 1773.8
1217040 1773.8
1217050 1766.7
1217060 1757.0
1217070 1757.0
1217080 1746.7
1217090 1737.7
1217100 1737.7
1217110 1725.2
1217120 1709.1
1217130 1709.1
1217140 1695.6
1217150 1683.6
1217160 1683.6
1217170 1674.8
1217180 1664.7
1217190 1664.7
1217200 1654.7
1217210 1646.8
1217220 1646.8
1217230 1639.5
1217240 1631.7
1217250 1623.9
1217260 1623.9
1217270 1617.4
1217280 1611.5
1217290 1611.5
1217300 1605.1
1217310 1598.1
1217320 1598.1
1217330 1590.8
1217340 1586.9
1217350 1586.9
1217360 1581.3
1217370 1576.0
1217380 1576.0
1217390 1570.5
1217400 1565.2
1217410 1565.2
1217420 1560.4
1217430 1557.4
1217440 1557.4
1217450 1556.1
1217460 1554.9
1217470 1554.9
1217480 1555.1
1217490 1554.5
1217500 1552.5
1217510 1552.5
1217520 1549.4
1217530 1544.0
1217540 1544.0
1217550 1537.9
1217560 1531.4
1217570 1531.4
1217580 1524.7
1217590 1518.5
1217600 1518.5
1217610 1513.4
1217620 1509.2
1217630 1509.2
1217640 1504.8
1217650 1500.9
1217660 1500.9
1217670 1497.0
1217680 1493.7
1217690 1493.7
1217700 1492.2
1217710 1489.6
1217720 1486.8
1217730 1486.8
1217740 1483.9
1217750 1479.9
1217760 1479.9
1217770 1476.1
1217780 1471.8
1217790 1471.8
1217800 1467.3
1217810 1461.8
1217820 1463.5
1217830 1457.0
1217840 1451.7
1217850 1451.7
1217860 1446.6
1217870 1438.0
1217880 1438.0
1217890 1422.8
1217900 1399.3
1217910 1399.3
1217920 1376.2
1217930 1366.3
1217940 1357.4
1217950 1357.4
1217960 1347.5
1217970 1338.1
1217980 1338.1
1217990 1330.0
1218000 1318.5
1218010 1318.5
1218020 1308.5
1218030 1300.7
1218040 1300.7
1218050 1292.4
1218060 1284.0
1218070 1284.0
1218080 1275.1
1218090 1265.6
1218100 1265.6
1218110 1258.0
1218120 1250.5
1218130 1250.5
1218140 1243.1
1218150 1235.7
1218160 1227.7
1218170 1227.7
1218180 1218.6
1218190 1208.0
1218200 1208.0
1218210 1198.5
1218220 1185.6
1218230 1185.6
1218240 1176.2
1218250 1168.9
1218260 1168.9
1218270 1163.5
1218280 1160.1
1218290 1160.0
1218300 1159.7
1218310 1159.1
1218320 1159.1
1218330 1157.2
1218340 1158.3
1218350 1158.3
1218360 1158.8
1218370 1158.9
1218380 1158.9
1218390 1158.9
1218400 1159.0
1218410 1159.3
1218420 1159.3
1218430 1159.3
1218440 1159.3
1218450 1159.3
1218460 1159.3
1218470 1159.6
1218480 1159.6
1218490 1159.1
1218500 1159.1
1218510 1159.1
1218520 1159.4
1218530 1159.3
1218540 1159.3
1218550 1158.9
1218560 1158.9
1218570 1158.9
1218580 1159.0
1218590 1159.0
1218600 1158.9
1218610 1158.9
1218620 1158.7
1218630 1158.5
1218640 1158.5
1218650 1158.4
1218660 1158.5
1218670 1158.5
1218680 1159.4
1218690 1159.3
1218700 1159.3
1218710 1158.8
1218720 1158.8
1218730 1158.8
1218740 1158.7
1218750 1158.5
1218760 1158.5
1218770 1158.9
1218780 1159.0
1218790 1159.0
1218800 1159.0
1218810 1159.3
1218820 1159.2
1218830 1159.2
1218840 1159.0
1218850 1159.1
1218860 1159.1
1218870 1159.1
1218880 1159.1
1218890 1159.1
1218900 1159.2
1218910 1159.2
1218920 1159.2
1218930 1159.2
1218940 1159.3
1218950 1159.3
1218960 1159.5
1218970 1159.5
1218980 1159.5
1218990 1159.6
1219000 1159.9
1219010 1159.9
1219020 1159.6
1219030 1159.6
1219040 1159.5
1219050 1159.5
1219060 1159.4
1219070 1159.2
1219080 1159.2
1219090 1159.4
1219100 1159.2
1219110 1159.2
1219120 1159.3
1219130 1159.7
1219140 1159.7
1219150 1159.8
1219160 1160.0
1219170 1160.0
1219180 1160.1
1219190 1160.0
1219200 1160.0
1219210 1159.8
1219220 1159.8
1219230 1159.8
1219240 1159.9
1219250 1160.2
1219260 1160.0
1219270 1160.0
1219280 1160.0
1219290 1160.1
1219300 1160.1
1219310 1160.1
1219320 1160.3
1219330 1160.3
1219340 1160.4
1219350 1160.3
1219360 1160.3
1219370 1159.7
1219380 1157.0
1219390 1157.0
1219400 1156.1
1219410 1156.3
1219420 1156.3
1219430 1159.1
1219440 1160.7
1219450 1160.7
1219460 1160.6
1219470 1160.4
1219480 1160.4
1219490 1160.4
1219500 1160.3
1219510 1160.2
1219520 1160.2
1219530 1160.1
1219540 1160.1
1219550 1160.1
1219560 1160.0
1219570 1160.0
1219580 1160.0
1219590 1159.9
1219600 1159.9
1219610 1159.9
1219620 1159.9
1219630 1159.9
1219640 1159.9
1219650 1159.9
1219660 1159.9
1219670 1159.9
1219680 1159.9
1219690 1160.1
1219700 1160.1
1219710 1159.5
1219720 1158.9
1219730 1159.9
1219740 1159.9
1219750 1160.0
1219760 1160.0
1219770 1160.0
1219780 1160.0
1219790 1160.0
1219800 1160.0
1219810 1160.0
1219820 1159.9
1219830 1159.9
1219840 1159.9
1219850 1160.0
1219860 1160.0
1219870 1160.0
1219880 1159.9
1219890 1159.9
1219900 1159.9
1219910 1159.7
1219920 1159.7
1219930 1159.9
1219940 1160.0
1219950 1160.3
1219960 1160.3
1219970 1160.1
1219980 1159.8
1219990 1159.8
1200000 2651.3
1200010 2651.3
1200020 2642.7
1200030 2631.5
1200040 2620.4
1200050 2620.4
1200060 2610.1
1200070 2601.0
1200080 2601.0
1200090 2595.1
1200100 2591.1
1200110 2591.1
1200120 2587.1
1200130 2584.1
1200140 2584.1
1200150 2583.6
1200160 2583.5
1200170 2583.5
1200180 2583.5
1200190 2583.5
1200200 2583.5
1200210 2583.5
1200220 2583.5
1200230 2583.5
1200240 2583.7
1200250 2585.3
1200260 2588.6
1200270 2588.6
1200280 2592.7
1200290 2595.8
1200300 2595.8
1200310 2598.2
1200320 2607.1
1200330 2607.1
1200340 2610.8
1200350 2614.2
1200360 2614.2
1200370 2617.6
1200380 2621.1
1200390 2621.1
1200400 2624.3
1200410 2626.1
1200420 2626.1
1200430 2626.4
1200440 2625.7
1200450 2625.7
1200460 2624.9
1200470 2627.1
1200480 2631.3
1200490 2631.3
1200500 2635.7
1200510 2641.4
1200520 2641.4
1200530 2648.4
1200540 2653.3
1200550 2653.3
1200560 2658.4
1200570 2663.8
1200580 2663.8
1200590 2669.0
1200600 2673.1
1200610 2673.1
1200620 2678.0
1200630 2684.1
1200640 2684.1
1200650 2693.8
1200660 2703.9
1200670 2703.9
1200680 2710.0
1200690 2714.1
1200700 2714.1
1200710 2718.2
1200720 2722.0
1200730 2723.0
1200740 2723.0
1200750 2719.7
1200760 2716.9
1200770 2728.8
1200780 2718.7
1200790 2703.1
1200800 2703.1
1200810 2701.5
1200820 2698.2
1200830 2698.2
1200840 2695.4
1200850 2691.6
1200860 2691.6
1200870 2688.0
1200880 2680.7
1200890 2680.7
1200900 2671.0
1200910 2658.6
1200920 2658.6
1200930 2648.0
1200940 2638.3
1200950 2630.1
1200960 2630.1
1200970 2622.8
1200980 2614.1
1200990 2614.1
1201000 2609.8
1201010 2606.8
1201020 2606.8
1201030 2606.2
1201040 2601.1
1201050 2601.1
1201060 2595.3
1201070 2594.1
1201080 2594.1
1201090 2593.7
1201100 2595.6
1201110 2595.6
1201120 2607.0
1201130 2626.1
1201140 2626.1
1201150 2641.0
1201160 2654.9
1201170 2665.4
1201180 2665.4
1201190 2665.3
1201200 2660.3
1201210 2660.3
1201220 2696.5
1201230 2701.7
1201240 2701.7
1201250 2704.6
1201260 2716.1
1201270 2716.1
1201280 2716.3
1201290 2718.1
1201300 2718.1
1201310 2720.5
1201320 2721.3
1201330 2721.3
1201340 2720.2
1201350 2717.2
1201360 2717.2
1201370 2715.1
1201380 2719.8
1201390 2721.1
1201400 2721.1
1201410 2723.4
1201420 2725.3
1201430 2725.3
1201440 2728.1
1201450 2726.4
1201460 2726.4
1201470 2719.9
1201480 2714.9
1201490 2714.9
1201500 2710.6
1201510 2706.4
1201520 2706.4
1201530 2701.9
1201540 2696.9
1201550 2696.9
1201560 2690.8
1201570 2684.2
1201580 2684.2
1201590 2678.0
1201600 2673.4
1201610 2671.5
1201620 2671.5
1201630 2670.6
1201640 2670.8
1201650 2670.8
1201660 2676.1
1201670 2677.4
1201680 2677.4
1201690 2679.6
1201700 2681.5
1201710 2681.5
1201720 2683.5
1201730 2686.1
1201740 2686.1
1201750 2689.2
1201760 2691.0
1201770 2691.0
1201780 2691.2
1201790 2693.0
1201800 2693.0
1201810 2697.7
1201820 2695.4
1201830 2691.5
1201840 2691.5
1201850 2689.7
1201860 2683.0
1201870 2683.0
1201880 2678.2
1201890 2681.4
1201900 2681.4
1201910 2687.9
1201920 2687.4
1201930 2687.4
1201940 2676.3
1201950 2664.6
1201960 2664.6
1201970 2656.8
1201980 2649.2
1201990 2649.2
1202000 2648.0
1202010 2668.7
1202020 2668.7
1202030 2693.1
1202040 2708.6
1202050 2721.9
1202060 2721.9
1202070 2731.8
1202080 2736.6
1202090 2736.6
1202100 2739.8
1202110 2734.3
1202120 2734.3
1202130 2736.2
1202140 2725.3
1202150 2725.3
1202160 2722.2
1202170 2718.2
1202180 2718.2
1202190 2714.2
1202200 2718.1
1202210 2718.1
1202220 2720.6
1202230 2716.9
1202240 2716.9
1202250 2708.1
1202260 2696.2
1202270 2696.2
1202280 2682.8
1202290 2669.2
1202300 2657.1
1202310 2657.1
1202320 2651.0
1202330 2654.8
1202340 2654.8
1202350 2662.1
1202360 2664.8
1202370 2664.8
1202380 2664.4
1202390 2670.2
1202400 2670.2
1202410 2675.3
1202420 2680.4
1202430 2680.4
1202440 2680.1
1202450 2675.9
1202460 2675.9
1202470 2666.8
1202480 2663.6
1202490 2663.6
1202500 2670.1
1202510 2674.1
1202520 2666.0
1202530 2666.0
1202540 2648.5
1202550 2637.3
1202560 2657.4
1202570 2648.5
1202580 2623.3
1202590 2623.3
1202600 2592.4
1202610 2557.9
1202620 2557.9
1202630 2552.3
1202640 2552.0
1202650 2552.0
1202660 2546.1
1202670 2536.1
1202680 2536.1
1202690 2532.9
1202700 2528.5
1202710 2528.5
1202720 2524.7
1202730 2521.3
1202740 2519.5
1202750 2519.5
1202760 2518.2
1202770 2513.8
1202780 2513.8
1202790 2507.4
1202800 2503.7
1202810 2503.7
1202820 2501.8
1202830 2499.8
1202840 2499.8
1202850 2494.7
1202860 2490.2
1202870 2490.2
1202880 2475.5
1202890 2453.3
1202900 2453.3
1202910 2436.9
1202920 2429.8
1202930 2429.8
1202940 2426.1
1202950 2423.1
1202960 2422.4
1202970 2422.4
1202980 2423.0
1202990 2423.5
1203000 2423.5
1203010 2416.2
1203020 2412.8
1203030 2412.8
1203040 2403.4
1203050 2395.9
1203060 2395.9
1203070 2392.8
1203080 2398.5
1203090 2398.5
1203100 2402.0
1203110 2403.4
1203120 2403.4
1203130 2400.7
1203140 2401.4
1203150 2401.4
1203160 2398.0
1203170 2390.6
1203180 2383.9
1203190 2383.9
1203200 2369.9
1203210 2365.5
1203220 2365.5
1203230 2359.0
1203240 2354.1
1203250 2354.1
1203260 2347.8
1203270 2342.9
1203280 2342.9
1203290 2335.7
1203300 2328.8
1203310 2328.8
1203320 2325.5
1203330 2325.8
1203340 2325.8
1203350 2329.7
1203360 2331.8
1203370 2331.8
1203380 2332.4
1203390 2332.6
1203400 2334.5
1203410 2334.5
1203420 2335.7
1203430 2336.3
1203440 2336.3
1203450 2337.9
1203460 2333.3
1203470 2333.3
1203480 2337.1
1203490 2340.8
1203500 2340.8
1203510 2335.0
1203520 2318.6
1203530 2318.6
1203540 2309.1
1203550 2302.0
1203560 2302.0
1203570 2292.6
1203580 2287.7
1203590 2287.7
1203600 2280.4
1203610 2268.4
1203620 2263.9
1203630 2263.9
1203640 2248.1
1203650 2232.3
1203660 2232.3
1203670 2230.1
1203680 2228.3
1203690 2228.3
1203700 2226.5
1203710 2226.7
1203720 2226.7
1203730 2228.2
1203740 2228.5
1203750 2228.5
1203760 2222.9
1203770 2218.2
1203780 2218.2
1203790 2213.6
1203800 2208.6
1203810 2208.6
1203820 2202.5
1203830 2196.7
1203840 2193.6
1203850 2193.6
1203860 2190.8
1203870 2188.2
1203880 2188.2
1203890 2185.6
1203900 2179.2
1203910 2179.2
1203920 2161.9
1203930 2151.0
1203940 2151.0
1203950 2143.2
1203960 2139.4
1203970 2139.4
1203980 2135.5
1203990 2130.4
1204000 2130.4
1204010 2125.6
1204020 2116.2
1204030 2116.2
1204040 2104.1
1204050 2091.9
1204060 2091.9
1204070 2080.5
1204080 2071.7
1204090 2062.8
1204100 2062.8
1204110 2055.0
1204120 2047.9
1204130 2047.9
1204140 2042.0
1204150 2038.2
1204160 2038.2
1204170 2034.5
1204180 2030.0
1204190 2030.0
1204200 2026.2
1204210 2022.6
1204220 2022.6
1204230 2016.7
1204240 2010.4
1204250 2010.4
1204260 2004.6
1204270 1999.1
1204280 1999.1
1204290 1993.7
1204300 1987.6
1204310 1978.0
1204320 1978.0
1204330 1967.0
1204340 1957.9
1204350 1957.9
1204360 1948.6
1204370 1937.0
1204380 1937.0
1204390 1924.5
1204400 1912.0
1204410 1912.0
1204420 1901.7
1204430 1891.4
1204440 1891.4
1204450 1883.1
1204460 1875.0
1204470 1875.0
1204480 1857.8
1204490 1838.2
1204500 1838.2
1204510 1822.4
1204520 1813.2
1204530 1805.0
1204540 1805.0
1204550 1789.7
1204560 1770.7
1204570 1770.7
1204580 1762.5
1204590 1755.7
1204600 1755.7
1204610 1753.8
1204620 1752.5
1204630 1752.5
1204640 1748.5
1204650 1741.9
1204660 1741.9
1204670 1735.6
1204680 1729.4
1204690 1729.4
1204700 1723.9
1204710 1725.6
1204720 1725.6
1204730 1723.9
1204740 1713.6
1204750 1702.9
1204760 1702.9
1204770 1689.3
1204780 1679.3
1204790 1679.3
1204800 1672.2
1204810 1663.6
1204820 1674.2
1204830 1667.5
1204840 1659.0
1204850 1659.0
1204860 1651.3
1204870 1644.1
1204880 1644.1
1204890 1635.2
1204900 1627.3
1204910 1627.3
1204920 1618.3
1204930 1603.0
1204940 1603.0
1204950 1588.8
1204960 1580.8
1204970 1574.1
1204980 1574.1
1204990 1567.2
1205000 1560.2
1205010 1560.2
1205020 1552.6
1205030 1543.2
1205040 1543.2
1205050 1532.9
1205060 1524.1
1205070 1524.1
1205080 1515.2
1205090 1498.6
1205100 1498.6
1205110 1478.4
1205120 1461.2
1205130 1461.2
1205140 1444.8
1205150 1434.1
1205160 1434.1
1205170 1425.2
1205180 1416.0
1205190 1404.7
1205200 1404.7
1205210 1390.8
1205220 1379.8
1205230 1379.8
1205240 1372.4
1205250 1364.8
1205260 1364.8
1205270 1359.8
1205280 1352.6
1205290 1352.6
1205300 1346.3
1205310 1341.8
1205320 1341.8
1205330 1340.2
1205340 1339.3
1205350 1339.3
1205360 1338.7
1205370 1338.2
1205380 1338.2
1205390 1337.0
1205400 1336.7
1205410 1336.4
1205420 1336.4
1205430 1336.4
1205440 1336.5
1205450 1336.5
1205460 1335.5
1205470 1333.8
1205480 1333.8
1205490 1332.9
1205500 1332.0
1205510 1332.0
1205520 1330.2
1205530 1328.8
1205540 1328.8
1205550 1327.8
1205560 1326.8
1205570 1326.8
1205580 1325.7
1205590 1324.7
1205600 1324.7
1205610 1323.8
1205620 1322.8
1205630 1321.9
1205640 1321.9
1205650 1321.2
1205660 1316.9
1205670 1316.9
1205680 1309.4
1205690 1304.0
1205700 1304.0
1205710 1302.2
1205720 1301.2
1205730 1302.1
1205740 1301.2
1205750 1301.8
1205760 1301.8
1205770 1302.8
1205780 1303.7
1205790 1303.7
1205800 1304.3
1205810 1305.4
1205820 1305.4
1205830 1306.5
1205840 1307.2
1205850 1307.2
1205860 1307.3
1205870 1310.5
1205880 1318.8
1205890 1318.8
1205900 1328.2
1205910 1337.1
1205920 1337.1
1205930 1345.7
1205940 1351.9
1205950 1351.9
1205960 1358.0
1205970 1364.8
1205980 1364.8
1205990 1370.8
1206000 1375.4
1206010 1375.4
1206020 1379.3
1206030 1382.9
1206040 1382.9
1206050 1386.7
1206060 1390.5
1206070 1390.5
1206080 1393.9
1206090 1397.6
1206100 1401.1
1206110 1401.1
1206120 1404.9
1206130 1409.0
1206140 1409.0
1206150 1413.4
1206160 1418.2
1206170 1418.2
1206180 1423.6
1206190 1429.2
1206200 1429.2
1206210 1434.9
1206220 1440.7
1206230 1440.7
1206240 1444.6
1206250 1447.6
1206260 1447.6
1206270 1451.1
1206280 1456.4
1206290 1456.4
1206300 1462.6
1206310 1469.9
1206320 1477.5
1206330 1477.5
1206340 1485.8
1206350 1494.0
1206360 1494.0
1206370 1501.1
1206380 1508.7
1206390 1508.7
1206400 1515.9
1206410 1522.0
1206420 1522.0
1206430 1528.2
1206440 1534.9
1206450 1534.9
1206460 1542.2
1206470 1549.7
1206480 1549.7
1206490 1557.1
1206500 1564.3
1206510 1564.3
1206520 1571.5
1206530 1578.2
1206540 1584.7
1206550 1584.7
1206560 1590.5
1206570 1596.1
1206580 1596.1
1206590 1601.3
1206600 1606.5
1206610 1606.5
1206620 1611.9
1206630 1616.7
1206640 1612.1
1206650 1615.7
1206660 1619.5
1206670 1619.5
1206680 1625.1
1206690 1633.5
1206700 1633.5
1206710 1644.2
1206720 1658.4
1206730 1658.4
1206740 1669.4
1206750 1678.2
1206760 1686.2
1206770 1686.2
1206780 1693.6
1206790 1700.9
1206800 1700.9
1206810 1707.5
1206820 1713.6
1206830 1713.6
1206840 1721.0
1206850 1729.0
1206860 1729.0
1206870 1733.2
1206880 1736.3
1206890 1736.3
1206900 1739.5
1206910 1741.9
1206920 1741.9
1206930 1743.1
1206940 1743.6
1206950 1743.6
1206960 1742.7
1206970 1740.0
1206980 1736.3
1206990 1736.3
1207000 1731.8
1207010 1727.1
1207020 1727.1
1207030 1722.2
1207040 1716.6
1207050 1716.6
1207060 1710.8
1207070 1706.1
1207080 1706.1
1207090 1701.5
1207100 1691.3
1207110 1691.3
1207120 1691.5
1207130 1692.8
1207140 1692.8
1207150 1694.6
1207160 1696.8
1207170 1696.8
1207180 1699.7
1207190 1702.3
1207200 1703.1
1207210 1703.1
1207220 1702.6
1207230 1700.6
1207240 1700.6
1207250 1696.9
1207260 1693.1
1207270 1693.1
1207280 1689.3
1207290 1684.9
1207300 1684.9
1207310 1682.0
1207320 1683.0
1207330 1683.0
1207340 1686.6
1207350 1692.1
1207360 1692.1
1207370 1700.1
1207380 1708.2
1207390 1708.2
1207400 1716.1
1207410 1725.0
1207420 1735.8
1207430 1735.8
1207440 1745.9
1207450 1755.4
1207460 1755.4
1207470 1764.7
1207480 1772.6
1207490 1772.6
1207500 1779.7
1207510 1786.6
1207520 1786.6
1207530 1793.7
1207540 1800.9
1207550 1805.0
1207560 1812.8
1207570 1818.8
1207580 1818.8
1207590 1823.7
1207600 1829.7
1207610 1829.7
1207620 1835.8
1207630 1841.9
1207640 1847.7
1207650 1847.7
1207660 1852.7
1207670 1857.7
1207680 1857.7
1207690 1864.6
1207700 1872.2
1207710 1872.2
1207720 1879.4
1207730 1884.2
1207740 1884.2
1207750 1890.2
1207760 1897.6
1207770 1897.6
1207780 1905.1
1207790 1912.1
1207800 1912.1
1207810 1920.2
1207820 1930.6
1207830 1930.6
1207840 1941.7
1207850 1948.9
1207860 1948.9
1207870 1951.7
1207880 1952.9
1207890 1952.5
1207900 1952.5
1207910 1948.5
1207920 1944.2
1207930 1944.2
1207940 1940.5
1207950 1938.9
1207960 1938.9
1207970 1939.7
1207980 1941.1
1207990 1941.1
1208000 1937.3
1208010 1939.6
1208020 1939.6
1208030 1944.2
1208040 1951.4
1208050 1951.4
1208060 1958.8
1208070 1967.4
1208080 1967.4
1208090 1977.1
1208100 1988.7
1208110 1997.1
1208120 1997.1
1208130 2003.8
1208140 2009.8
1208150 2009.8
1208160 2015.7
1208170 2023.1
1208180 2023.1
1208190 2031.2
1208200 2037.3
1208210 2037.3
1208220 2043.1
1208230 2049.6
1208240 2049.6
1208250 2055.3
1208260 2061.0
1208270 2061.0
1208280 2067.7
1208290 2074.6
1208300 2074.6
1208310 2080.3
1208320 2086.4
1208330 2092.3
1208340 2092.3
1208350 2097.2
1208360 2101.5
1208370 2101.5
1208380 2106.0
1208390 2111.0
1208400 2111.0
1208410 2117.1
1208420 2123.4
1208430 2123.4
1208440 2129.1
1208450 2134.1
1208460 2134.1
1208470 2137.6
1208480 2141.6
1208490 2141.6
1208500 2146.2
1208510 2152.0
1208520 2152.0
1208530 2158.5
1208540 2165.4
1208550 2172.6
1208560 2172.6
1208570 2180.1
1208580 2187.5
1208590 2187.5
1208600 2194.9
1208610 2202.4
1208620 2202.4
1208630 2209.4
1208640 2215.9
1208650 2215.9
1208660 2221.6
1208670 2225.1
1208680 2225.1
1208690 2229.0
1208700 2233.7
1208710 2233.7
1208720 2238.1
1208730 2242.7
1208740 2242.7
1208750 2248.4
1208760 2255.3
1208770 2261.0
1208780 2261.0
1208790 2264.7
1208800 2266.9
1208810 2266.9
1208820 2269.1
1208830 2271.6
1208840 2271.6
1208850 2274.4
1208860 2277.8
1208870 2277.8
1208880 2283.9
1208890 2291.2
1208900 2291.2
1208910 2298.5
1208920 2304.9
1208930 2308.4
1208940 2314.1
1208950 2318.5
1208960 2318.5
1208970 2321.6
1208980 2323.8
1208990 2325.7
1209000 2325.7
1209010 2328.4
1209020 2332.2
1209030 2332.2
1209040 2336.2
1209050 2341.0
1209060 2341.0
1209070 2346.2
1209080 2351.4
1209090 2351.4
1209100 2356.4
1209110 2361.7
1209120 2361.7
1209130 2367.2
1209140 2372.8
1209150 2372.8
1209160 2378.1
1209170 2383.3
1209180 2383.3
1209190 2388.8
1209200 2395.1
1209210 2400.9
1209220 2400.9
1209230 2405.9
1209240 2411.3
1209250 2411.3
1209260 2417.0
1209270 2423.1
1209280 2423.1
1209290 2428.9
1209300 2433.8
1209310 2433.8
1209320 2438.2
1209330 2442.9
1209340 2442.9
1209350 2446.8
1209360 2450.6
1209370 2450.6
1209380 2453.5
1209390 2453.5
1209400 2453.5
1209410 2456.8
1209420 2460.6
1209430 2464.5
1209440 2464.5
1209450 2468.0
1209460 2472.0
1209470 2472.0
1209480 2476.2
1209490 2480.4
1209500 2480.4
1209510 2484.8
1209520 2489.4
1209530 2489.4
1209540 2493.9
1209550 2498.7
1209560 2498.7
1209570 2503.6
1209580 2508.4
1209590 2508.4
1209600 2513.4
1209610 2518.6
1209620 2518.6
1209630 2523.8
1209640 2529.4
1209650 2529.4
1209660 2535.0
1209670 2540.6
1209680 2546.4
1209690 2546.4
1209700 2553.8
1209710 2564.8
1209720 2564.8
1209730 2576.1
1209740 2586.7
1209750 2586.7
1209760 2594.8
1209770 2601.1
1209780 2601.1
1209790 2607.8
1209800 2616.4
1209810 2616.4
1209820 2627.5
1209830 2637.3
1209840 2637.3
1209850 2635.8
1209860 2647.0
1209870 2647.0
1209880 2659.7
1209890 2676.6
1209900 2684.6
1209910 2684.6
1209920 2675.1
1209930 2669.9
1209940 2669.9
1209950 2672.2
1209960 2675.5
1209970 2675.5
1209980 2680.5
1209990 2683.3
1210000 2683.3
1210010 2683.0
1210020 2683.9
1210030 2683.9
1210040 2688.8
1210050 2690.8
1210060 2690.8
1210070 2686.1
1210080 2683.2
1210090 2683.2
1210100 2679.5
1210110 2675.9
1210120 2670.6
1210130 2670.6
1210140 2665.9
1210150 2663.9
1210160 2663.9
1210170 2661.6
1210180 2661.5
1210190 2661.5
1210200 2663.1
1210210 2663.6
1210220 2663.6
1210230 2663.7
1210240 2663.2
1210250 2663.2
1210260 2662.4
1210270 2662.5
1210280 2662.5
1210290 2662.3
1210300 2662.9
1210310 2666.2
1210320 2666.7
1210330 2667.0
1210340 2668.3
1210350 2668.3
1210360 2670.0
1210370 2672.3
1210380 2672.3
1210390 2675.1
1210400 2678.4
1210410 2678.4
1210420 2682.4
1210430 2686.4
1210440 2686.4
1210450 2691.0
1210460 2695.9
1210470 2695.9
1210480 2701.1
1210490 2706.6
1210500 2706.6
1210510 2712.2
1210520 2718.1
1210530 2718.1
1210540 2724.4
1210550 2729.3
1210560 2733.9
1210570 2733.9
1210580 2741.9
1210590 2754.7
1210600 2754.7
1210610 2777.8
1210620 2791.1
1210630 2791.1
1210640 2799.3
1210650 2803.0
1210660 2803.0
1210670 2807.6
1210680 2815.0
1210690 2815.0
1210700 2822.0
1210710 2827.8
1210720 2827.8
1210730 2834.9
1210740 2852.1
1210750 2852.1
1210760 2872.8
1210770 2884.3
1210780 2881.7
1210790 2881.7
1210800 2892.1
1210810 2902.2
1210820 2902.2
1210830 2910.8
1210840 2919.4
1210850 2919.4
1210860 2927.4
1210870 2932.6
1210880 2932.6
1210890 2936.1
1210900 2938.2
1210910 2938.2
1210920 2943.4
1210930 2951.0
1210940 2951.0
1210950 2959.6
1210960 2965.6
1210970 2965.6
1210980 2972.6
1210990 2978.7
1211000 2986.6
1211010 2986.6
1211020 2992.8
1211030 3000.2
1211040 3000.2
1211050 3009.0
1211060 3019.4
1211070 3019.4
1211080 3031.0
1211090 3041.9
1211100 3041.9
1211110 3053.5
1211120 3065.1
1211130 3065.1
1211140 3070.3
1211150 3067.7
1211160 3067.7
1211170 3063.3
1211180 3060.1
1211190 3060.1
1211200 3056.9
1211210 3054.8
1211220 3053.8
1211230 3053.8
1211240 3043.6
1211250 3044.7
1211260 3044.7
1211270 3045.1
1211280 3044.9
1211290 3044.9
1211300 3045.1
1211310 3045.0
1211320 3045.0
1211330 3044.5
1211340 3046.4
1211350 3046.4
1211360 3049.1
1211370 3051.7
1211380 3051.7
1211390 3054.1
1211400 3053.7
1211410 3053.7
1211420 3050.4
1211430 3041.1
1211440 3031.5
1211450 3031.5
1211460 3024.0
1211470 3019.6
1211480 3019.6
1211490 3014.4
1211500 3008.5
1211510 3008.5
1211520 2989.0
1211530 2988.8
1211540 2988.8
1211550 2982.6
1211560 2972.7
1211570 2972.7
1211580 2963.9
1211590 2949.2
1211600 2949.2
1211610 2932.0
1211620 2922.4
1211630 2922.4
1211640 2918.2
1211650 2906.2
1211660 2906.2
1211670 2879.9
1211680 2861.3
1211690 2851.7
1211700 2862.7
1211710 2856.8
1211720 2845.9
1211730 2845.9
1211740 2832.9
1211750 2819.9
1211760 2819.9
1211770 2808.0
1211780 2800.1
1211790 2800.1
1211800 2794.0
1211810 2787.9
1211820 2787.9
1211830 2781.6
1211840 2775.5
1211850 2775.5
1211860 2769.5
1211870 2763.5
1211880 2763.5
1211890 2757.6
1211900 2751.0
1211910 2743.9
1211920 2743.9
1211930 2736.2
1211940 2728.4
1211950 2728.4
1211960 2720.5
1211970 2713.5
1211980 2713.5
1211990 2708.2
1212000 2704.7
1212010 2704.7
1212020 2701.7
1212030 2699.7
1212040 2699.7
1212050 2698.6
1212060 2697.3
1212070 2697.3
1212080 2695.6
1212090 2694.0
1212100 2694.0
1212110 2692.2
1212120 2691.1
1212130 2691.8
1212140 2691.8
1212150 2693.4
1212160 2695.7
1212170 2698.1
1212180 2700.0
1212190 2700.8
1212200 2700.8
1212210 2700.7
1212220 2700.0
1212230 2700.0
1212240 2700.4
1212250 2700.4
1212260 2700.4
1212270 2700.3
1212280 2700.2
1212290 2700.2
1212300 2700.0
1212310 2699.2
1212320 2699.2
1212330 2697.8
1212340 2696.0
1212350 2693.9
1212360 2693.9
1212370 2691.7
1212380 2689.2
1212390 2689.2
1212400 2686.3
1212410 2683.1
1212420 2683.1
1212430 2680.5
1212440 2678.8
1212450 2678.8
1212460 2677.4
1212470 2676.4
1212480 2676.4
1212490 2675.6
1212500 2674.5
1212510 2674.5
1212520 2674.2
1212530 2673.8
1212540 2673.8
1212550 2671.6
1212560 2669.2
1212570 2666.5
1212580 2666.5
1212590 2664.6
1212600 2663.7
1212610 2663.7
1212620 2663.9
1212630 2667.6
1212640 2667.6
1212650 2667.8
1212660 2669.1
1212670 2669.1
1212680 2671.5
1212690 2673.9
1212700 2673.9
1212710 2675.9
1212720 2677.9
1212730 2677.9
1212740 2679.6
1212750 2681.6
1212760 2681.6
1212770 2683.9
1212780 2686.9
1212790 2690.2
1212800 2690.2
1212810 2692.5
1212820 2693.4
1212830 2693.4
1212840 2692.6
1212850 2690.8
1212860 2690.8
1212870 2690.3
1212880 2689.9
1212890 2689.9
1212900 2689.1
1212910 2689.8
1212920 2689.8
1212930 2690.3
1212940 2692.5
1212950 2692.5
1212960 2694.0
1212970 2695.6
1212980 2695.6
1212990 2699.9
1213000 2702.5
1213010 2706.3
1213020 2706.3
1213030 2710.2
1213040 2713.1
1213050 2713.1
1213060 2715.0
1213070 2716.6
1213080 2716.6
1213090 2718.6
1213100 2721.5
1213110 2721.5
1213120 2723.6
1213130 2727.5
1213140 2727.5
1213150 2732.4
1213160 2738.4
1213170 2738.4
1213180 2743.9
1213190 2750.4
1213200 2750.4
1213210 2756.1
1213220 2761.9
1213230 2770.0
1213240 2770.0
1213250 2781.3
1213260 2792.4
1213270 2792.4
1213280 2795.0
1213290 2785.2
1213300 2785.2
1213310 2771.3
1213320 2759.4
1213330 2759.4
1213340 2746.3
1213350 2733.0
1213360 2733.0
1213370 2723.9
1213380 2718.3
1213390 2718.3
1213400 2712.5
1213410 2706.4
1213420 2706.4
1213430 2700.9
1213440 2696.2
1213450 2696.2
1213460 2691.5
1213470 2687.7
1213480 2682.6
1213490 2682.6
1213500 2677.1
1213510 2671.8
1213520 2671.8
1213530 2666.9
1213540 2662.1
1213550 2662.1
1213560 2657.4
1213570 2648.6
1213580 2648.6
1213590 2644.3
1213600 2639.9
1213610 2639.9
1213620 2635.4
1213630 2630.3
1213640 2630.3
1213650 2625.4
1213660 2620.4
1213670 2620.4
1213680 2615.5
1213690 2610.9
1213700 2606.3
1213710 2606.3
1213720 2601.6
1213730 2596.8
1213740 2596.8
1213750 2592.2
1213760 2587.5
1213770 2587.5
1213780 2583.4
1213790 2580.0
1213800 2580.0
1213810 2576.9
1213820 2573.7
1213830 2573.7
1213840 2571.4
1213850 2570.7
1213860 2570.7
1213870 2569.5
1213880 2565.9
1213890 2565.9
1213900 2562.3
1213910 2559.7
1213920 2556.0
1213930 2556.0
1213940 2550.7
1213950 2545.4
1213960 2545.4
1213970 2538.1
1213980 2529.0
1213990 2529.0
1214000 2520.5
1214010 2512.6
1214020 2512.6
1214030 2505.9
1214040 2496.5
1214050 2496.5
1214060 2491.2
1214070 2486.4
1214080 2486.4
1214090 2481.4
1214100 2476.3
1214110 2476.3
1214120 2471.1
1214130 2466.0
1214140 2460.9
1214150 2460.9
1214160 2455.9
1214170 2451.2
1214180 2451.2
1214190 2447.0
1214200 2443.2
1214210 2443.2
1214220 2439.4
1214230 2435.5
1214240 2435.5
1214250 2431.5
1214260 2427.7
1214270 2427.7
1214280 2424.6
1214290 2421.1
1214300 2421.1
1214310 2418.0
1214320 2415.6
1214330 2415.6
1214340 2413.6
1214350 2411.6
1214360 2408.1
1214370 2408.1
1214380 2403.9
1214390 2401.7
1214400 2401.7
1214410 2400.9
1214420 2401.4
1214430 2401.4
1214440 2401.8
1214450 2399.4
1214460 2399.4
1214470 2396.0
1214480 2393.2
1214490 2393.2
1214500 2390.6
1214510 2392.3
1214520 2392.3
1214530 2391.8
1214540 2390.0
1214550 2390.0
1214560 2389.4
1214570 2389.3
1214580 2390.6
1214590 2390.6
1214600 2390.5
1214610 2388.8
1214620 2388.8
1214630 2384.8
1214640 2379.6
1214650 2379.6
1214660 2374.9
1214670 2368.8
1214680 2368.8
1214690 2363.3
1214700 2360.2
1214710 2360.2
1214720 2357.9
1214730 2354.9
1214740 2354.9
1214750 2351.2
1214760 2348.1
1214770 2348.1
1214780 2345.0
1214790 2342.2
1214800 2338.4
1214810 2338.4
1214820 2334.9
1214830 2331.6
1214840 2331.6
1214850 2327.3
1214860 2322.2
1214870 2322.2
1214880 2317.3
1214890 2312.7
1214900 2312.7
1214910 2308.7
1214920 2304.8
1214930 2304.8
1214940 2300.7
1214950 2297.3
1214960 2297.3
1214970 2294.2
1214980 2295.8
1214990 2295.8
1215000 2294.4
1215010 2292.9
1215020 2291.4
1215030 2291.4
1215040 2289.8
1215050 2288.9
1215060 2288.9
1215070 2289.5
1215080 2292.8
1215090 2292.8
1215100 2296.5
1215110 2299.7
1215120 2299.7
1215130 2302.2
1215140 2304.9
1215150 2304.9
1215160 2308.7
1215170 2311.3
1215180 2311.3
1215190 2311.6
1215200 2311.5
1215210 2311.5
1215220 2310.8
1215230 2309.2
1215240 2306.6
1215250 2306.6
1215260 2300.5
1215270 2295.4
1215280 2295.4
1215290 2290.9
1215300 2287.0
1215310 2287.0
1215320 2283.4
1215330 2279.3
1215340 2279.3
1215350 2275.6
1215360 2272.8
1215370 2272.8
1215380 2270.6
1215390 2268.8
1215400 2268.8
1215410 2266.8
1215420 2265.4
1215430 2265.4
1215440 2264.1
1215450 2269.6
1215460 2269.6
1215470 2267.5
1215480 2265.3
1215490 2262.6
1215500 2262.6
1215510 2259.3
1215520 2256.4
1215530 2256.4
1215540 2254.7
1215550 2252.0
1215560 2252.0
1215570 2248.4
1215580 2244.5
1215590 2244.5
1215600 2240.5
1215610 2236.5
1215620 2236.5
1215630 2233.2
1215640 2229.5
1215650 2229.5
1215660 2224.7
1215670 2220.5
1215680 2220.5
1215690 2216.4
1215700 2213.1
1215710 2210.4
1215720 2210.4
1215730 2208.0
1215740 2205.2
1215750 2205.2
1215760 2201.9
1215770 2198.4
1215780 2198.4
1215790 2194.1
1215800 2190.8
1215810 2190.8
1215820 2188.7
1215830 2186.0
1215840 2186.0
1215850 2185.3
1215860 2185.4
1215870 2185.4
1215880 2185.0
1215890 2183.1
1215900 2183.1
1215910 2180.7
1215920 2179.2
1215930 2175.6
1215940 2175.6
1215950 2169.2
1215960 2161.2
1215970 2161.2
1215980 2155.3
1215990 2151.6
1216000 2151.6
1216010 2148.6
1216020 2145.4
1216030 2145.4
1216040 2140.1
1216050 2132.7
1216060 2132.7
1216070 2128.9
1216080 2126.9
1216090 2126.9
1216100 2124.9
1216110 2121.8
1216120 2121.8
1216130 2118.0
1216140 2113.7
1216150 2109.1
1216160 2109.1
1216170 2104.9
1216180 2100.6
1216190 2100.6
1216200 2096.6
1216210 2092.4
1216220 2092.4
1216230 2088.7
1216240 2084.6
1216250 2084.6
1216260 2079.7
1216270 2073.2
1216280 2073.2
1216290 2067.2
1216300 2062.8
1216310 2062.8
1216320 2058.6
1216330 2054.6
1216340 2054.6
1216350 2050.2
1216360 2045.2
1216370 2040.3
1216380 2040.3
1216390 2036.5
1216400 2032.0
1216410 2032.0
1216420 2027.6
1216430 2022.6
1216440 2022.6
1216450 2017.4
1216460 2014.4
1216470 2014.4
1216480 2011.5
1216490 2007.9
1216500 2007.9
1216510 2003.0
1216520 1996.6
1216530 1996.6
1216540 1990.9
1216550 1984.9
1216560 1984.9
1216570 1980.0
1216580 1974.9
1216590 1970.6
1216600 1970.6
1216610 1966.3
1216620 1962.3
1216630 1962.3
1216640 1957.8
1216650 1952.8
1216660 1952.8
1216670 1948.2
1216680 1943.3
1216690 1943.3
1216700 1938.1
1216710 1933.5
1216720 1933.5
1216730 1928.7
1216740 1920.5
1216750 1920.5
1216760 1904.0
1216770 1897.0
1216780 1897.0
1216790 1889.0
1216800 1881.9
1216810 1874.5
1216820 1874.5
1216830 1867.2
1216840 1860.2
1216850 1860.2
1216860 1853.2
1216870 1852.3
1216880 1852.3
1216890 1846.1
1216900 1838.6
1216910 1838.6
1216920 1832.0
1216930 1824.7
1216940 1824.7
1216950 1816.9
1216960 1809.6
1216970 1809.6
1216980 1801.7
1216990 1794.2
1217000 1794.2
1217010 1785.3
1217020 1778.5
1217030 1773.8
1217040 1773.8
1217050 1766.7
1217060 1757.0
1217070 1757.0
1217080 1746.7
1217090 1737.7
1217100 1737.7
1217110 1725.2
1217120 1709.1
1217130 1709.1
1217140 1695.6
1217150 1683.6
1217160 1683.6
1217170 1674.8
1217180 1664.7
1217190 1664.7
1217200 1654.7
1217210 1646.8
1217220 1646.8
1217230 1639.5
1217240 1631.7
1217250 1623.9
1217260 1623.9
1217270 1617.4
1217280 1611.5
1217290 1611.5
1217300 1605.1
1217310 1598.1
1217320 1598.1
1217330 1590.8
1217340 1586.9
1217350 1586.9
1217360 1581.3
1217370 1576.0
1217380 1576.0
1217390 1570.5
1217400 1565.2
1217410 1565.2
1217420 1560.4
1217430 1557.4
1217440 1557.4
1217450 1556.1
1217460 1554.9
1217470 1554.9
1217480 1555.1
1217490 1554.5
1217500 1552.5
1217510 1552.5
1217520 1549.4
1217530 1544.0
1217540 1544.0
1217550 1537.9
1217560 1531.4
1217570 1531.4
1217580 1524.7
1217590 1518.5
1217600 1518.5
1217610 1513.4
1217620 1509.2
1217630 1509.2
1217640 1504.8
1217650 1500.9
1217660 1500.9
1217670 1497.0
1217680 1493.7
1217690 1493.7
1217700 1492.2
1217710 1489.6
1217720 1486.8
1217730 1486.8
1217740 1483.9
1217750 1479.9
1217760 1479.9
1217770 1476.1
1217780 1471.8
1217790 1471.8
1217800 1467.3
1217810 1461.8
1217820 1463.5
1217830 1457.0
1217840 1451.7
1217850 1451.7
1217860 1446.6
1217870 1438.0
1217880 1438.0
1217890 1422.8
1217900 1399.3
1217910 1399.3
1217920 1376.2
1217930 1366.3
1217940 1357.4
1217950 1357.4
1217960 1347.5
1217970 1338.1
1217980 1338.1
1217990 1330.0
1218000 1318.5
1218010 1318.5
1218020 1308.5
1218030 1300.7
1218040 1300.7
1218050 1292.4
1218060 1284.0
1218070 1284.0
1218080 1275.1
1218090 1265.6
1218100 1265.6
1218110 1258.0
1218120 1250.5
1218130 1250.5
1218140 1243.1
1218150 1235.7
1218160 1227.7
1218170 1227.7
1218180 1218.6
1218190 1208.0
1218200 1208.0
1218210 1198.5
1218220 1185.6
1218230 1185.6
1218240 1176.2
1218250 1168.9
1218260 1168.9
1218270 1163.5
1218280 1160.1
1218290 1160.0
1218300 1159.7
1218310 1159.1
1218320 1159.1
1218330 1157.2
1218340 1158.3
1218350 1158.3
1218360 1158.8
1218370 1158.9
1218380 1158.9
1218390 1158.9
1218400 1159.0
1218410 1159.3
1218420 1159.3
1218430 1159.3
1218440 1159.3
1218450 1159.3
1218460 1159.3
1218470 1159.6
1218480 1159.6
1218490 1159.1
1218500 1159.1
1218510 1159.1
1218520 1159.4
1218530 1159.3
1218540 1159.3
1218550 1158.9
1218560 1158.9
1218570 1158.9
1218580 1159.0
1218590 1159.0
1218600 1158.9
1218610 1158.9
1218620 1158.7
1218630 1158.5
1218640 1158.5
1218650 1158.4
1218660 1158.5
1218670 1158.5
1218680 1159.4
1218690 1159.3
1218700 1159.3
1218710 1158.8
1218720 1158.8
1218730 1158.8
1218740 1158.7
1218750 1158.5
1218760 1158.5
1218770 1158.9
1218780 1159.0
1218790 1159.0
1218800 1159.0
1218810 1159.3
1218820 1159.2
1218830 1159.2
1218840 1159.0
1218850 1159.1
1218860 1159.1
1218870 1159.1
1218880 1159.1
1218890 1159.1
1218900 1159.2
1218910 1159.2
1218920 1159.2
1218930 1159.2
1218940 1159.3
1218950 1159.3
1218960 1159.5
1218970 1159.5
1218980 1159.5
1218990 1159.6
1219000 1159.9
1219010 1159.9
1219020 1159.6
1219030 1159.6
1219040 1159.5
1219050 1159.5
1219060 1159.4
1219070 1159.2
1219080 1159.2
1219090 1159.4
1219100 1159.2
1219110 1159.2
1219120 1159.3
1219130 1159.7
1219140 1159.7
1219150 1159.8
1219160 1160.0
1219170 1160.0
1219180 1160.1
1219190 1160.0
1219200 1160.0
1219210 1159.8
1219220 1159.8
1219230 1159.8
1219240 1159.9
1219250 1160.2
1219260 1160.0
1219270 1160.0
1219280 1160.0
1219290 1160.1
1219300 1160.1
1219310 1160.1
1219320 1160.3
1219330 1160.3
1219340 1160.4
1219350 1160.3
1219360 1160.3
1219370 1159.7
1219380 1157.0
1219390 1157.0
1219400 1156.1
1219410 1156.3
1219420 1156.3
1219430 1159.1
1219440 1160.7
1219450 1160.7
1219460 1160.6
1219470 1160.4
1219480 1160.4
1219490 1160.4
1219500 1160.3
1219510 1160.2
1219520 1160.2
1219530 1160.1
1219540 1160.1
1219550 1160.1
1219560 1160.0
1219570 1160.0
1219580 1160.0
1219590 1159.9
1219600 1159.9
1219610 1159.9
1219620 1159.9
1219630 1159.9
1219640 1159.9
1219650 1159.9
1219660 1159.9
1219670 1159.9
1219680 1159.9
1219690 1160.1
1219700 1160.1
1219710 1159.5
1219720 1158.9
1219730 1159.9
1219740 1159.9
1219750 1160.0
1219760 1160.0
1219770 1160.0
1219780 1160.0
1219790 1160.0
1219800 1160.0
1219810 1160.0
1219820 1159.9
1219830 1159.9
1219840 1159.9
1219850 1160.0
1219860 1160.0
1219870 1160.0
1219880 1159.9
1219890 1159.9
1219900 1159.9
1219910 1159.7
1219920 1159.7
1219930 1159.9
1219940 1160.0
1219950 1160.3
1219960 1160.3
1219970 1160.1
1219980 1159.8
1219990 1159.8
