1200000 2558.0
1200010 2557.7
1200020 2547.3
1200030 2554.7
1200040 2547.6
1200050 2545.6
1200060 2545.6
1200070 2542.1
1200080 2541.0
1200090 2541.0
1200100 2539.0
1200110 2534.8
1200120 2534.8
1200130 2530.0
1200140 2526.6
1200150 2521.8
1200160 2521.8
1200170 2515.0
1200180 2506.4
1200190 2506.4
1200200 2497.4
1200210 2490.0
1200220 2490.0
1200230 2480.7
1200240 2473.9
1200250 2473.9
1200260 2471.0
1200270 2470.1
1200280 2470.1
1200290 2466.5
1200300 2465.1
1200310 2465.1
1200320 2466.3
1200330 2469.1
1200340 2469.1
1200350 2470.8
1200360 2468.6
1200370 2467.2
1200380 2467.2
1200390 2463.8
1200400 2458.1
1200410 2458.1
1200420 2454.4
1200430 2453.8
1200440 2453.8
1200450 2453.5
1200460 2454.1
1200470 2460.5
1200480 2457.3
1200490 2449.6
1200500 2449.6
1200510 2441.0
1200520 2433.1
1200530 2433.1
1200540 2426.1
1200550 2417.2
1200560 2417.2
1200570 2407.5
1200580 2398.1
1200590 2387.4
1200600 2387.4
1200610 2378.4
1200620 2369.6
1200630 2369.6
1200640 2362.7
1200650 2357.2
1200660 2357.2
1200670 2350.7
1200680 2341.0
1200690 2341.0
1200700 2326.7
1200710 2314.7
1200720 2314.7
1200730 2306.8
1200740 2304.7
1200750 2304.7
1200760 2303.5
1200770 2297.7
1200780 2297.7
1200790 2294.4
1200800 2293.2
1200810 2288.7
1200820 2288.7
1200830 2271.5
1200840 2232.9
1200850 2232.9
1200860 2221.0
1200870 2216.5
1200880 2216.5
1200890 2213.6
1200900 2212.9
1200910 2212.9
1200920 2213.9
1200930 2212.5
1200940 2212.5
1200950 2209.9
1200960 2209.6
1200970 2209.6
1200980 2208.9
1200990 2207.2
1201000 2207.2
1201010 2205.2
1201020 2202.9
1201030 2200.8
1201040 2200.8
1201050 2199.8
1201060 2199.4
1201070 2199.4
1201080 2199.4
1201090 2199.3
1201100 2199.3
1201110 2199.7
1201120 2197.9
1201130 2197.9
1201140 2195.5
1201150 2191.7
1201160 2191.7
1201170 2186.5
1201180 2180.6
1201190 2180.6
1201200 2175.1
1201210 2170.1
1201220 2170.1
1201230 2166.8
1201240 2162.2
1201250 2162.2
1201260 2156.8
1201270 2152.6
1201280 2149.4
1201290 2149.4
1201300 2146.1
1201310 2145.1
1201320 2145.1
1201330 2144.8
1201340 2144.7
1201350 2144.7
1201360 2144.7
1201370 2144.7
1201380 2144.7
1201390 2144.7
1201400 2144.7
1201410 2144.7
1201420 2144.7
1201430 2144.9
1201440 2144.9
1201450 2148.5
1201460 2154.9
1201470 2154.9
1201480 2160.8
1201490 2164.3
1201500 2167.0
1201510 2167.0
1201520 2170.2
1201530 2174.0
1201540 2174.0
1201550 2176.5
1201560 2178.7
1201570 2178.7
1201580 2180.9
1201590 2185.1
1201600 2185.1
1201610 2190.6
1201620 2195.1
1201630 2195.1
1201640 2200.3
1201650 2206.5
1201660 2206.5
1201670 2212.9
1201680 2219.2
1201690 2219.2
1201700 2225.9
1201710 2232.2
1201720 2238.3
1201730 2238.3
1201740 2244.7
1201750 2251.4
1201760 2251.4
1201770 2258.0
1201780 2264.7
1201790 2264.7
1201800 2271.9
1201810 2279.3
1201820 2280.9
1201830 2292.5
1201840 2303.6
1201850 2303.6
1201860 2313.1
1201870 2323.3
1201880 2323.3
1201890 2339.7
1201900 2346.9
1201910 2346.9
1201920 2347.0
1201930 2345.4
1201940 2344.3
1201950 2344.3
1201960 2340.1
1201970 2332.7
1201980 2332.7
1201990 2327.2
1202000 2318.7
1202010 2318.7
1202020 2311.2
1202030 2307.0
1202040 2307.0
1202050 2302.5
1202060 2298.2
1202070 2298.2
1202080 2296.1
1202090 2291.6
1202100 2291.6
1202110 2284.3
1202120 2272.5
1202130 2272.5
1202140 2264.4
1202150 2253.8
1202160 2243.7
1202170 2243.7
1202180 2234.5
1202190 2227.6
1202200 2227.6
1202210 2223.4
1202220 2211.9
1202230 2211.9
1202240 2192.1
1202250 2180.7
1202260 2180.7
1202270 2170.0
1202280 2160.0
1202290 2160.0
1202300 2151.7
1202310 2144.2
1202320 2144.2
1202330 2137.1
1202340 2129.8
1202350 2129.8
1202360 2123.2
1202370 2116.9
1202380 2116.9
1202390 2111.1
1202400 2106.5
1202410 2102.6
1202420 2102.6
1202430 2099.0
1202440 2095.7
1202450 2095.7
1202460 2093.8
1202470 2092.2
1202480 2092.2
1202490 2086.9
1202500 2082.0
1202510 2082.0
1202520 2078.1
1202530 2074.9
1202540 2074.9
1202550 2070.8
1202560 2066.4
1202570 2066.4
1202580 2062.9
1202590 2059.8
1202600 2059.8
1202610 2056.8
1202620 2055.1
1202630 2054.3
1202640 2054.3
1202650 2051.3
1202660 2045.9
1202670 2045.9
1202680 2039.5
1202690 2033.4
1202700 2033.4
1202710 2027.8
1202720 2021.3
1202730 2021.3
1202740 2016.5
1202750 2012.4
1202760 2012.4
1202770 2010.0
1202780 2007.9
1202790 2007.9
1202800 2005.8
1202810 2002.4
1202820 2002.4
1202830 1999.0
1202840 1996.2
1202850 1995.3
1202860 1995.3
1202870 1997.5
1202880 1996.6
1202890 1996.6
1202900 1993.8
1202910 1991.1
1202920 1991.1
1202930 1988.9
1202940 1988.1
1202950 1988.1
1202960 1988.0
1202970 1985.1
1202980 1985.1
1202990 1982.0
1203000 1980.0
1203010 1980.0
1203020 1978.1
1203030 1976.1
1203040 1976.1
1203050 1975.1
1203060 1976.6
1203070 1977.5
1203080 1977.5
1203090 1976.5
1203100 1977.6
1203110 1977.6
1203120 1983.8
1203130 1980.8
1203140 1980.8
1203150 1979.1
1203160 1978.1
1203170 1988.1
1203180 1993.4
1203190 2006.2
1203200 2006.2
1203210 2011.0
1203220 2011.4
1203230 2011.4
1203240 2012.9
1203250 2012.8
1203260 2012.8
1203270 2013.7
1203280 2013.7
1203290 2012.8
1203300 2012.8
1203310 2012.3
1203320 2012.3
1203330 2012.3
1203340 2013.1
1203350 2013.2
1203360 2013.2
1203370 2014.6
1203380 2019.6
1203390 2019.6
1203400 2023.6
1203410 2023.8
1203420 2023.8
1203430 2026.1
1203440 2028.7
1203450 2028.7
1203460 2030.9
1203470 2031.8
1203480 2031.8
1203490 2031.1
1203500 2027.5
1203510 2022.5
1203520 2022.5
1203530 2019.2
1203540 2015.0
1203550 2015.0
1203560 2009.2
1203570 2005.1
1203580 2005.1
1203590 1999.7
1203600 1996.0
1203610 1996.0
1203620 2000.4
1203630 1996.4
1203640 1996.4
1203650 1991.2
1203660 1983.7
1203670 1983.7
1203680 1973.4
1203690 1959.6
1203700 1959.6
1203710 1920.8
1203720 1880.5
1203730 1880.5
1203740 1856.1
1203750 1839.8
1203760 1824.3
1203770 1824.3
1203780 1811.6
1203790 1797.3
1203800 1797.3
1203810 1784.6
1203820 1778.1
1203830 1778.1
1203840 1774.1
1203850 1768.3
1203860 1768.3
1203870 1753.8
1203880 1737.0
1203890 1737.0
1203900 1714.5
1203910 1689.2
1203920 1689.2
1203930 1660.7
1203940 1620.7
1203950 1620.7
1203960 1600.1
1203970 1589.2
1203980 1579.8
1203990 1579.8
1204000 1577.2
1204010 1564.5
1204020 1564.5
1204030 1543.4
1204040 1521.7
1204050 1521.7
1204060 1494.5
1204070 1490.0
1204080 1490.0
1204090 1466.6
1204100 1459.9
1204110 1459.9
1204120 1457.4
1204130 1454.3
1204140 1454.3
1204150 1450.5
1204160 1445.8
1204170 1445.8
1204180 1440.2
1204190 1432.5
1204200 1423.0
1204210 1423.0
1204220 1418.6
1204230 1417.8
1204240 1417.8
1204250 1417.1
1204260 1414.4
1204270 1414.4
1204280 1410.3
1204290 1405.4
1204300 1405.4
1204310 1400.5
1204320 1395.9
1204330 1395.9
1204340 1390.8
1204350 1385.6
1204360 1385.6
1204370 1380.1
1204380 1374.4
1204390 1374.4
1204400 1368.5
1204410 1363.1
1204420 1357.9
1204430 1357.9
1204440 1352.4
1204450 1346.7
1204460 1346.7
1204470 1340.5
1204480 1333.2
1204490 1333.2
1204500 1328.8
1204510 1323.3
1204520 1329.5
1204530 1323.7
1204540 1319.1
1204550 1319.1
1204560 1316.2
1204570 1311.1
1204580 1311.1
1204590 1306.7
1204600 1302.8
1204610 1302.8
1204620 1299.9
1204630 1295.5
1204640 1290.5
1204650 1290.5
1204660 1287.8
1204670 1284.8
1204680 1284.8
1204690 1281.1
1204700 1280.4
1204710 1280.4
1204720 1280.8
1204730 1282.4
1204740 1282.4
1204750 1283.9
1204760 1284.1
1204770 1284.1
1204780 1284.4
1204790 1285.6
1204800 1285.6
1204810 1287.7
1204820 1288.8
1204830 1288.8
1204840 1289.6
1204850 1290.3
1204860 1290.3
1204870 1290.7
1204880 1291.3
1204890 1292.0
1204900 1292.0
1204910 1292.9
1204920 1293.9
1204930 1293.9
1204940 1294.9
1204950 1295.6
1204960 1295.6
1204970 1295.1
1204980 1296.0
1204990 1296.0
1205000 1296.9
1205010 1297.9
1205020 1297.9
1205030 1298.9
1205040 1299.9
1205050 1299.9
1205060 1300.8
1205070 1301.7
1205080 1301.7
1205090 1302.5
1205100 1303.0
1205110 1303.2
1205120 1303.2
1205130 1303.5
1205140 1304.9
1205150 1304.9
1205160 1306.4
1205170 1306.8
1205180 1306.8
1205190 1306.7
1205200 1306.8
1205210 1306.8
1205220 1306.6
1205230 1306.7
1205240 1306.7
1205250 1306.8
1205260 1306.5
1205270 1306.5
1205280 1312.8
1205290 1321.1
1205300 1321.1
1205310 1329.6
1205320 1337.4
1205330 1344.9
1205340 1344.9
1205350 1352.2
1205360 1359.2
1205370 1359.2
1205380 1366.6
1205390 1374.2
1205400 1374.2
1205410 1384.4
1205420 1408.5
1205430 1413.3
1205440 1435.9
1205450 1465.1
1205460 1465.1
1205470 1483.8
1205480 1494.8
1205490 1494.8
1205500 1498.4
1205510 1502.2
1205520 1502.2
1205530 1507.4
1205540 1512.0
1205550 1515.4
1205560 1515.4
1205570 1519.6
1205580 1524.6
1205590 1524.6
1205600 1529.8
1205610 1535.2
1205620 1535.2
1205630 1541.1
1205640 1547.5
1205650 1547.5
1205660 1554.2
1205670 1561.4
1205680 1561.4
1205690 1568.5
1205700 1576.6
1205710 1576.6
1205720 1597.8
1205730 1625.3
1205740 1625.3
1205750 1644.1
1205760 1650.1
1205770 1694.3
1205780 1694.3
1205790 1741.4
1205800 1750.5
1205810 1750.5
1205820 1764.1
1205830 1769.6
1205840 1769.6
1205850 1772.8
1205860 1774.6
1205870 1774.6
1205880 1779.8
1205890 1783.5
1205900 1783.5
1205910 1787.6
1205920 1791.9
1205930 1791.9
1205940 1796.2
1205950 1800.7
1205960 1800.7
1205970 1804.6
1205980 1808.0
1205990 1808.0
1206000 1811.9
1206010 1815.5
1206020 1818.1
1206030 1818.1
1206040 1821.7
1206050 1824.9
1206060 1824.9
1206070 1828.2
1206080 1832.9
1206090 1832.9
1206100 1839.9
1206110 1849.1
1206120 1849.1
1206130 1859.1
1206140 1865.7
1206150 1865.7
1206160 1871.8
1206170 1878.1
1206180 1878.1
1206190 1883.9
1206200 1891.1
1206210 1891.1
1206220 1897.6
1206230 1905.2
1206240 1912.5
1206250 1912.5
1206260 1920.0
1206270 1929.2
1206280 1929.2
1206290 1938.4
1206300 1944.3
1206310 1944.3
1206320 1950.0
1206330 1956.5
1206340 1954.1
1206350 1961.3
1206360 1968.2
1206370 1968.2
1206380 1975.5
1206390 1984.8
1206400 1984.8
1206410 2002.0
1206420 2010.8
1206430 2010.8
1206440 2016.7
1206450 2020.1
1206460 2023.6
1206470 2023.6
1206480 2027.6
1206490 2032.3
1206500 2032.3
1206510 2036.9
1206520 2044.0
1206530 2044.0
1206540 2050.7
1206550 2055.6
1206560 2055.6
1206570 2060.7
1206580 2066.2
1206590 2066.2
1206600 2071.8
1206610 2077.4
1206620 2077.4
1206630 2082.8
1206640 2089.7
1206650 2089.7
1206660 2095.2
1206670 2100.9
1206680 2106.1
1206690 2106.1
1206700 2111.0
1206710 2115.9
1206720 2115.9
1206730 2121.0
1206740 2126.5
1206750 2126.5
1206760 2131.5
1206770 2136.9
1206780 2136.9
1206790 2143.6
1206800 2147.2
1206810 2147.2
1206820 2152.2
1206830 2157.6
1206840 2157.6
1206850 2163.6
1206860 2169.6
1206870 2169.6
1206880 2175.4
1206890 2181.1
1206900 2187.3
1206910 2187.3
1206920 2194.2
1206930 2202.0
1206940 2202.0
1206950 2211.5
1206960 2223.4
1206970 2223.4
1206980 2242.0
1206990 2251.0
1207000 2251.0
1207010 2256.7
1207020 2262.3
1207030 2262.3
1207040 2272.9
1207050 2285.4
1207060 2285.4
1207070 2299.2
1207080 2316.1
1207090 2316.1
1207100 2330.9
1207110 2340.1
1207120 2347.3
1207130 2347.3
1207140 2353.9
1207150 2359.4
1207160 2359.4
1207170 2357.4
1207180 2358.6
1207190 2358.6
1207200 2362.9
1207210 2368.4
1207220 2368.4
1207230 2373.9
1207240 2379.3
1207250 2373.6
1207260 2378.5
1207270 2383.6
1207280 2383.6
1207290 2388.7
1207300 2392.8
1207310 2392.8
1207320 2396.0
1207330 2401.7
1207340 2401.7
1207350 2403.5
1207360 2405.7
1207370 2408.9
1207380 2408.9
1207390 2413.0
1207400 2418.2
1207410 2418.2
1207420 2422.9
1207430 2426.5
1207440 2426.5
1207450 2429.3
1207460 2431.2
1207470 2431.2
1207480 2432.4
1207490 2434.3
1207500 2434.3
1207510 2438.0
1207520 2441.4
1207530 2441.4
1207540 2444.7
1207550 2447.5
1207560 2447.5
1207570 2449.3
1207580 2450.7
1207590 2452.8
1207600 2452.8
1207610 2454.2
1207620 2454.6
1207630 2454.6
1207640 2457.3
1207650 2460.8
1207660 2460.8
1207670 2465.1
1207680 2470.2
1207690 2470.2
1207700 2476.8
1207710 2473.1
1207720 2473.1
1207730 2471.0
1207740 2468.7
1207750 2468.7
1207760 2469.4
1207770 2475.3
1207780 2475.3
1207790 2481.9
1207800 2488.3
1207810 2496.8
1207820 2496.8
1207830 2510.0
1207840 2517.2
1207850 2517.2
1207860 2518.8
1207870 2519.6
1207880 2519.6
1207890 2521.8
1207900 2522.6
1207910 2522.6
1207920 2520.3
1207930 2516.4
1207940 2516.4
1207950 2518.4
1207960 2519.7
1207970 2519.7
1207980 2522.7
1207990 2521.0
1208000 2521.0
1208010 2516.4
1208020 2511.1
1208030 2508.1
1208040 2508.1
1208050 2507.0
1208060 2507.4
1208070 2507.4
1208080 2511.2
1208090 2517.2
1208100 2517.2
1208110 2522.6
1208120 2532.8
1208130 2532.8
1208140 2543.4
1208150 2553.6
1208160 2553.6
1208170 2563.2
1208180 2576.4
1208190 2576.4
1208200 2585.8
1208210 2588.4
1208220 2588.4
1208230 2590.1
1208240 2591.2
1208250 2597.1
1208260 2597.1
1208270 2605.2
1208280 2614.1
1208290 2614.1
1208300 2622.9
1208310 2624.9
1208320 2624.9
1208330 2622.9
1208340 2623.9
1208350 2623.9
1208360 2624.9
1208370 2618.8
1208380 2618.8
1208390 2611.7
1208400 2604.7
1208410 2604.7
1208420 2598.4
1208430 2602.1
1208440 2602.1
1208450 2613.0
1208460 2612.5
1208470 2614.3
1208480 2614.3
1208490 2614.3
1208500 2611.7
1208510 2611.7
1208520 2615.6
1208530 2620.2
1208540 2620.2
1208550 2619.8
1208560 2624.6
1208570 2624.6
1208580 2630.0
1208590 2629.0
1208600 2629.0
1208610 2626.4
1208620 2623.8
1208630 2615.7
1208640 2614.9
1208650 2616.8
1208660 2616.8
1208670 2618.4
1208680 2621.5
1208690 2621.5
1208700 2627.7
1208710 2633.0
1208720 2642.7
1208730 2642.7
1208740 2651.3
1208750 2656.5
1208760 2656.5
1208770 2659.1
1208780 2662.5
1208790 2662.5
1208800 2665.6
1208810 2668.2
1208820 2668.2
1208830 2671.0
1208840 2676.4
1208850 2676.4
1208860 2681.7
1208870 2685.5
1208880 2685.5
1208890 2685.1
1208900 2679.2
1208910 2679.2
1208920 2669.6
1208930 2670.5
1208940 2674.2
1208950 2674.2
1208960 2670.7
1208970 2667.4
1208980 2667.4
1208990 2667.1
1209000 2671.2
1209010 2671.2
1209020 2677.5
1209030 2683.7
1209040 2683.7
1209050 2688.0
1209060 2691.8
1209070 2691.8
1209080 2695.8
1209090 2693.0
1209100 2693.0
1209110 2697.1
1209120 2702.7
1209130 2702.7
1209140 2709.1
1209150 2715.6
1209160 2721.8
1209170 2721.8
1209180 2728.5
1209190 2735.2
1209200 2735.2
1209210 2741.7
1209220 2750.5
1209230 2750.5
1209240 2763.6
1209250 2775.7
1209260 2775.7
1209270 2786.4
1209280 2798.3
1209290 2798.3
1209300 2810.5
1209310 2823.3
1209320 2823.3
1209330 2834.8
1209340 2843.4
1209350 2843.4
1209360 2848.8
1209370 2859.0
1209380 2873.6
1209390 2873.6
1209400 2874.1
1209410 2864.9
1209420 2864.9
1209430 2855.3
1209440 2847.2
1209450 2847.2
1209460 2840.5
1209470 2833.2
1209480 2833.2
1209490 2825.4
1209500 2817.5
1209510 2817.5
1209520 2811.4
1209530 2805.3
1209540 2805.3
1209550 2805.0
1209560 2799.6
1209570 2799.6
1209580 2794.1
1209590 2788.5
1209600 2783.8
1209610 2783.8
1209620 2778.9
1209630 2773.6
1209640 2773.6
1209650 2768.2
1209660 2763.8
1209670 2763.8
1209680 2758.1
1209690 2751.4
1209700 2751.4
1209710 2747.0
1209720 2743.1
1209730 2743.1
1209740 2741.6
1209750 2740.3
1209760 2740.3
1209770 2737.0
1209780 2732.3
1209790 2732.3
1209800 2724.9
1209810 2717.1
1209820 2717.1
1209830 2710.6
1209840 2704.4
1209850 2698.0
1209860 2698.0
1209870 2691.3
1209880 2686.0
1209890 2686.0
1209900 2684.2
1209910 2682.7
1209920 2682.7
1209930 2678.4
1209940 2676.5
1209950 2676.5
1209960 2676.6
1209970 2677.0
1209980 2677.0
1209990 2678.4
1210000 2678.2
1210010 2683.2
1210020 2680.9
1210030 2679.4
1210040 2679.4
1210050 2677.1
1210060 2673.8
1210070 2671.1
1210080 2671.1
1210090 2667.5
1210100 2663.5
1210110 2663.5
1210120 2661.7
1210130 2661.7
1210140 2661.7
1210150 2660.4
1210160 2658.3
1210170 2658.3
1210180 2656.2
1210190 2653.6
1210200 2653.6
1210210 2649.8
1210220 2647.5
1210230 2647.5
1210240 2646.6
1210250 2643.1
1210260 2643.1
1210270 2643.0
1210280 2641.9
1210290 2639.3
1210300 2639.3
1210310 2635.3
1210320 2632.2
1210330 2632.2
1210340 2631.3
1210350 2635.2
1210360 2635.2
1210370 2639.9
1210380 2641.3
1210390 2641.3
1210400 2640.6
1210410 2637.6
1210420 2637.6
1210430 2635.2
1210440 2633.5
1210450 2633.5
1210460 2632.8
1210470 2632.9
1210480 2632.9
1210490 2631.3
1210500 2632.9
1210510 2631.0
1210520 2631.0
1210530 2627.9
1210540 2628.6
1210550 2628.6
1210560 2629.6
1210570 2630.6
1210580 2630.6
1210590 2627.1
1210600 2621.9
1210610 2621.9
1210620 2618.2
1210630 2615.1
1210640 2615.1
1210650 2611.5
1210660 2609.1
1210670 2609.1
1210680 2609.0
1210690 2610.2
1210700 2610.2
1210710 2610.7
1210720 2610.1
1210730 2609.5
1210740 2609.5
1210750 2608.7
1210760 2606.9
1210770 2606.9
1210780 2604.9
1210790 2600.6
1210800 2600.6
1210810 2597.0
1210820 2595.4
1210830 2595.4
1210840 2594.9
1210850 2592.7
1210860 2592.7
1210870 2590.7
1210880 2595.7
1210890 2595.7
1210900 2601.0
1210910 2605.8
1210920 2605.8
1210930 2610.2
1210940 2618.8
1210950 2622.6
1210960 2622.6
1210970 2626.6
1210980 2629.6
1210990 2629.6
1211000 2632.1
1211010 2635.5
1211020 2635.5
1211030 2639.7
1211040 2645.3
1211050 2645.3
1211060 2650.7
1211070 2655.4
1211080 2655.4
1211090 2661.4
1211100 2669.1
1211110 2669.1
1211120 2676.0
1211130 2683.5
1211140 2683.5
1211150 2688.6
1211160 2695.0
1211170 2695.0
1211180 2701.6
1211190 2710.7
1211200 2722.5
1211210 2722.5
1211220 2710.5
1211230 2695.5
1211240 2695.5
1211250 2682.2
1211260 2673.5
1211270 2673.5
1211280 2666.0
1211290 2659.9
1211300 2659.9
1211310 2660.2
1211320 2663.8
1211330 2663.8
1211340 2665.3
1211350 2657.4
1211360 2657.4
1211370 2641.2
1211380 2632.2
1211390 2632.2
1211400 2619.6
1211410 2607.5
1211420 2596.2
1211430 2596.2
1211440 2582.2
1211450 2574.9
1211460 2574.9
1211470 2574.8
1211480 2578.5
1211490 2578.5
1211500 2578.4
1211510 2577.2
1211520 2577.2
1211530 2574.0
1211540 2570.1
1211550 2570.1
1211560 2574.1
1211570 2572.7
1211580 2572.7
1211590 2565.3
1211600 2546.8
1211610 2546.8
1211620 2531.0
1211630 2520.3
1211640 2511.7
1211650 2511.7
1211660 2501.4
1211670 2489.7
1211680 2489.7
1211690 2479.9
1211700 2471.4
1211710 2471.4
1211720 2462.0
1211730 2454.0
1211740 2454.0
1211750 2445.3
1211760 2437.7
1211770 2437.7
1211780 2428.0
1211790 2418.3
1211800 2418.3
1211810 2409.4
1211820 2400.7
1211830 2400.7
1211840 2392.2
1211850 2384.1
1211860 2377.0
1211870 2377.0
1211880 2368.8
1211890 2361.2
1211900 2361.2
1211910 2351.6
1211920 2343.5
1211930 2343.5
1211940 2340.9
1211950 2339.4
1211960 2339.4
1211970 2337.5
1211980 2337.6
1211990 2337.6
1212000 2335.2
1212010 2330.0
1212020 2330.0
1212030 2324.8
1212040 2321.0
1212050 2321.0
1212060 2318.7
1212070 2317.7
1212080 2316.9
1212090 2316.9
1212100 2315.4
1212110 2315.7
1212120 2315.7
1212130 2316.0
1212140 2316.1
1212150 2316.1
1212160 2316.4
1212170 2316.8
1212180 2316.8
1212190 2313.3
1212200 2312.1
1212210 2312.1
1212220 2317.1
1212230 2318.6
1212240 2318.6
1212250 2319.6
1212260 2323.7
1212270 2323.7
1212280 2328.1
1212290 2333.7
1212300 2333.7
1212310 2340.1
1212320 2347.2
1212330 2359.4
1212340 2359.4
1212350 2366.3
1212360 2372.3
1212370 2372.3
1212380 2377.2
1212390 2381.9
1212400 2381.9
1212410 2387.5
1212420 2394.4
1212430 2394.4
1212440 2401.5
1212450 2408.2
1212460 2408.2
1212470 2414.3
1212480 2421.0
1212490 2421.0
1212500 2428.3
1212510 2437.1
1212520 2437.1
1212530 2445.9
1212540 2453.6
1212550 2458.8
1212560 2458.8
1212570 2461.0
1212580 2462.4
1212590 2462.4
1212600 2463.2
1212610 2463.2
1212620 2463.2
1212630 2469.5
1212640 2478.5
1212650 2478.5
1212660 2482.7
1212670 2482.7
1212680 2482.7
1212690 2479.4
1212700 2477.5
1212710 2477.5
1212720 2476.7
1212730 2470.1
1212740 2470.1
1212750 2465.2
1212760 2465.2
1212770 2458.1
1212780 2458.1
1212790 2455.2
1212800 2467.7
1212810 2467.7
1212820 2457.7
1212830 2451.4
1212840 2451.4
1212850 2445.1
1212860 2441.2
1212870 2441.2
1212880 2439.0
1212890 2426.2
1212900 2426.2
1212910 2418.0
1212920 2413.1
1212930 2413.1
1212940 2408.3
1212950 2403.3
1212960 2403.3
1212970 2397.6
1212980 2392.7
1212990 2391.4
1213000 2391.4
1213010 2388.8
1213020 2386.6
1213030 2386.6
1213040 2386.1
1213050 2387.2
1213060 2387.2
1213070 2387.6
1213080 2386.5
1213090 2386.5
1213100 2387.3
1213110 2388.6
1213120 2388.6
1213130 2391.8
1213140 2397.3
1213150 2397.3
1213160 2401.9
1213170 2404.1
1213180 2404.1
1213190 2406.0
1213200 2408.7
1213210 2412.1
1213220 2412.1
1213230 2416.1
1213240 2420.2
1213250 2420.2
1213260 2424.6
1213270 2429.4
1213280 2429.4
1213290 2432.6
1213300 2435.8
1213310 2435.8
1213320 2439.5
1213330 2444.7
1213340 2444.7
1213350 2449.5
1213360 2453.8
1213370 2453.8
1213380 2458.7
1213390 2463.5
1213400 2463.5
1213410 2468.2
1213420 2473.5
1213430 2479.0
1213440 2479.0
1213450 2484.3
1213460 2489.2
1213470 2489.2
1213480 2493.4
1213490 2497.4
1213500 2497.4
1213510 2502.2
1213520 2507.4
1213530 2507.4
1213540 2512.6
1213550 2517.7
1213560 2517.7
1213570 2523.6
1213580 2529.3
1213590 2529.3
1213600 2535.3
1213610 2541.0
1213620 2541.0
1213630 2545.6
1213640 2549.2
1213650 2549.2
1213660 2552.0
1213670 2555.4
1213680 2559.0
1213690 2559.0
1213700 2560.8
1213710 2558.7
1213720 2558.7
1213730 2559.6
1213740 2550.3
1213750 2550.3
1213760 2539.7
1213770 2527.7
1213780 2527.7
1213790 2513.9
1213800 2505.8
1213810 2505.8
1213820 2500.9
1213830 2495.0
1213840 2495.0
1213850 2488.8
1213860 2483.8
1213870 2483.8
1213880 2479.3
1213890 2475.0
1213900 2470.0
1213910 2470.0
1213920 2464.3
1213930 2459.1
1213940 2459.1
1213950 2452.7
1213960 2445.1
1213970 2445.1
1213980 2437.6
1213990 2430.9
1214000 2430.9
1214010 2422.3
1214020 2412.9
1214030 2412.9
1214040 2403.7
1214050 2396.2
1214060 2396.2
1214070 2389.5
1214080 2382.4
1214090 2382.4
1214100 2374.1
1214110 2362.5
1214120 2353.8
1214130 2353.8
1214140 2345.5
1214150 2337.8
1214160 2337.8
1214170 2331.0
1214180 2324.5
1214190 2324.5
1214200 2317.6
1214210 2311.3
1214220 2311.3
1214230 2306.1
1214240 2301.3
1214250 2301.3
1214260 2297.9
1214270 2296.2
1214280 2296.2
1214290 2292.9
1214300 2285.9
1214310 2285.9
1214320 2278.8
1214330 2275.0
1214340 2276.0
1214350 2276.0
1214360 2278.3
1214370 2279.9
1214380 2279.9
1214390 2279.7
1214400 2276.4
1214410 2276.4
1214420 2272.3
1214430 2267.9
1214440 2267.9
1214450 2263.2
1214460 2258.8
1214470 2258.8
1214480 2253.8
1214490 2248.4
1214500 2248.4
1214510 2243.5
1214520 2238.9
1214530 2238.9
1214540 2233.9
1214550 2228.4
1214560 2222.9
1214570 2222.9
1214580 2217.2
1214590 2211.2
1214600 2211.2
1214610 2204.7
1214620 2198.5
1214630 2198.5
1214640 2192.5
1214650 2186.7
1214660 2186.7
1214670 2185.7
1214680 2181.1
1214690 2181.1
1214700 2176.5
1214710 2171.8
1214720 2171.8
1214730 2167.1
1214740 2162.9
1214750 2162.9
1214760 2158.7
1214770 2154.2
1214780 2150.1
1214790 2150.1
1214800 2146.2
1214810 2141.9
1214820 2141.9
1214830 2137.6
1214840 2133.8
1214850 2133.8
1214860 2129.5
1214870 2124.3
1214880 2124.3
1214890 2120.1
1214900 2116.3
1214910 2116.3
1214920 2112.5
1214930 2108.8
1214940 2108.8
1214950 2104.9
1214960 2101.4
1214970 2101.4
1214980 2098.1
1214990 2094.7
1215000 2094.7
1215010 2091.0
1215020 2087.6
1215030 2084.3
1215040 2084.3
1215050 2081.0
1215060 2077.5
1215070 2077.5
1215080 2073.9
1215090 2070.2
1215100 2070.2
1215110 2066.5
1215120 2062.7
1215130 2062.7
1215140 2060.5
1215150 2056.5
1215160 2056.5
1215170 2052.4
1215180 2048.3
1215190 2048.3
1215200 2044.3
1215210 2040.2
1215220 2040.2
1215230 2036.0
1215240 2031.9
1215250 2027.8
1215260 2027.8
1215270 2023.7
1215280 2019.7
1215290 2019.7
1215300 2015.7
1215310 2011.7
1215320 2011.7
1215330 2007.8
1215340 2003.3
1215350 2003.3
1215360 1999.1
1215370 1994.9
1215380 1994.9
1215390 1990.6
1215400 1985.8
1215410 1985.8
1215420 1980.1
1215430 1973.9
1215440 1973.9
1215450 1968.4
1215460 1963.4
1215470 1957.8
1215480 1957.8
1215490 1952.7
1215500 1948.9
1215510 1948.9
1215520 1945.9
1215530 1944.1
1215540 1944.1
1215550 1943.9
1215560 1940.9
1215570 1940.9
1215580 1936.8
1215590 1934.8
1215600 1934.8
1215610 1935.0
1215620 1932.8
1215630 1932.8
1215640 1930.9
1215650 1929.0
1215660 1929.0
1215670 1927.0
1215680 1925.3
1215690 1923.4
1215700 1923.4
1215710 1921.4
1215720 1919.1
1215730 1919.1
1215740 1917.3
1215750 1916.2
1215760 1916.2
1215770 1914.9
1215780 1914.4
1215790 1914.4
1215800 1913.4
1215810 1910.6
1215820 1910.6
1215830 1908.0
1215840 1905.8
1215850 1905.8
1215860 1903.7
1215870 1901.2
1215880 1901.2
1215890 1898.8
1215900 1896.6
1215910 1894.0
1215920 1894.0
1215930 1891.4
1215940 1888.1
1215950 1888.1
1215960 1884.9
1215970 1881.8
1215980 1881.8
1215990 1879.2
1216000 1876.6
1216010 1876.6
1216020 1873.5
1216030 1869.3
1216040 1869.3
1216050 1864.2
1216060 1859.7
1216070 1859.7
1216080 1859.8
1216090 1857.5
1216100 1857.5
1216110 1854.4
1216120 1850.8
1216130 1846.8
1216140 1846.8
1216150 1842.8
1216160 1839.3
1216170 1839.3
1216180 1835.7
1216190 1832.3
1216200 1832.3
1216210 1828.9
1216220 1825.2
1216230 1825.2
1216240 1820.9
1216250 1816.7
1216260 1816.7
1216270 1812.1
1216280 1807.6
1216290 1807.6
1216300 1804.1
1216310 1800.6
1216320 1800.6
1216330 1796.3
1216340 1791.3
1216350 1791.3
1216360 1782.3
1216370 1773.3
1216380 1765.7
1216390 1765.7
1216400 1758.5
1216410 1750.8
1216420 1750.8
1216430 1742.8
1216440 1736.2
1216450 1736.2
1216460 1728.6
1216470 1721.1
1216480 1721.1
1216490 1713.6
1216500 1705.8
1216510 1705.8
1216520 1697.6
1216530 1690.4
1216540 1690.4
1216550 1683.7
1216560 1682.9
1216570 1682.9
1216580 1676.1
1216590 1668.4
1216600 1661.0
1216610 1661.0
1216620 1655.3
1216630 1649.7
1216640 1649.7
1216650 1644.6
1216660 1639.1
1216670 1639.1
1216680 1632.6
1216690 1625.2
1216700 1625.2
1216710 1616.9
1216720 1607.9
1216730 1607.9
1216740 1600.1
1216750 1592.0
1216760 1592.0
1216770 1583.4
1216780 1575.2
1216790 1575.2
1216800 1567.6
1216810 1560.3
1216820 1552.6
1216830 1552.6
1216840 1548.9
1216850 1542.5
1216860 1542.5
1216870 1534.3
1216880 1527.2
1216890 1527.2
1216900 1518.8
1216910 1511.2
1216920 1511.2
1216930 1504.1
1216940 1496.9
1216950 1496.9
1216960 1490.3
1216970 1483.5
1216980 1483.5
1216990 1475.9
1217000 1465.5
1217010 1465.5
1217020 1453.4
1217030 1445.5
1217040 1440.0
1217050 1440.0
1217060 1435.8
1217070 1430.0
1217080 1430.0
1217090 1422.3
1217100 1411.4
1217110 1411.4
1217120 1400.8
1217130 1386.7
1217140 1386.7
1217150 1377.5
1217160 1369.8
1217170 1369.8
1217180 1363.2
1217190 1358.7
1217200 1358.7
1217210 1354.3
1217220 1348.0
1217230 1348.0
1217240 1341.1
1217250 1335.1
1217260 1329.1
1217270 1329.1
1217280 1320.1
1217290 1309.7
1217300 1309.7
1217310 1300.3
1217320 1287.3
1217330 1287.3
1217340 1279.6
1217350 1273.1
1217360 1273.1
1217370 1265.1
1217380 1256.3
1217390 1256.3
1217400 1247.9
1217410 1241.4
1217420 1241.4
1217430 1234.9
1217440 1227.1
1217450 1227.1
1217460 1217.4
1217470 1206.8
1217480 1206.8
1217490 1198.3
1217500 1191.9
1217510 1185.7
1217520 1185.7
1217530 1179.7
1217540 1174.3
1217550 1174.3
1217560 1169.4
1217570 1165.6
1217580 1165.6
1217590 1163.6
1217600 1163.2
1217610 1163.2
1217620 1162.6
1217630 1161.6
1217640 1161.6
1217650 1161.0
1217660 1160.3
1217670 1160.3
1217680 1159.5
1217690 1159.5
1217700 1159.5
1217710 1159.3
1217720 1159.1
1217730 1158.0
1217740 1158.0
1217750 1157.3
1217760 1156.9
1217770 1156.9
1217780 1156.7
1217790 1156.3
1217800 1156.3
1217810 1156.0
1217820 1154.5
1217830 1154.5
1217840 1154.2
1217850 1155.7
1217860 1155.7
1217870 1155.4
1217880 1155.2
1217890 1155.2
1217900 1155.1
1217910 1155.0
1217920 1155.0
1217930 1155.0
1217940 1155.1
1217950 1155.4
1217960 1155.4
1217970 1155.2
1217980 1155.0
1217990 1155.0
1218000 1154.8
1218010 1154.8
1218020 1154.8
1218030 1155.0
1218040 1155.0
1218050 1155.0
1218060 1155.1
1218070 1155.1
1218080 1155.1
1218090 1155.2
1218100 1155.3
1218110 1155.3
1218120 1155.2
1218130 1155.2
1218140 1155.2
1218150 1155.1
1218160 1154.9
1218170 1155.0
1218180 1155.0
1218190 1155.3
1218200 1155.5
1218210 1155.5
1218220 1155.5
1218230 1155.5
1218240 1155.5
1218250 1155.6
1218260 1155.7
1218270 1155.7
1218280 1155.6
1218290 1155.6
1218300 1155.6
1218310 1155.7
1218320 1155.9
1218330 1155.9
1218340 1156.1
1218350 1156.3
1218360 1156.3
1218370 1156.2
1218380 1156.1
1218390 1156.4
1218400 1156.4
1218410 1156.5
1218420 1155.5
1218430 1155.5
1218440 1154.9
1218450 1154.4
1218460 1154.3
1218470 1154.0
1218480 1153.9
1218490 1153.9
1218500 1153.9
1218510 1153.7
1218520 1153.7
1218530 1153.8
1218540 1153.8
1218550 1153.8
1218560 1153.8
1218570 1153.7
1218580 1153.7
1218590 1153.8
1218600 1153.9
1218610 1153.9
1218620 1153.9
1218630 1153.8
1218640 1153.7
1218650 1153.7
1218660 1153.7
1218670 1153.6
1218680 1153.6
1218690 1153.3
1218700 1151.1
1218710 1151.1
1218720 1149.1
1218730 1149.1
1218740 1149.1
1218750 1149.7
1218760 1151.1
1218770 1151.1
1218780 1151.3
1218790 1151.1
1218800 1151.1
1218810 1150.9
1218820 1150.8
1218830 1150.8
1218840 1150.7
1218850 1151.0
1218860 1151.4
1218870 1151.4
1218880 1151.5
1218890 1151.5
1218900 1151.5
1218910 1151.4
1218920 1151.5
1218930 1151.5
1218940 1151.4
1218950 1151.3
1218960 1151.3
1218970 1151.2
1218980 1151.3
1218990 1151.3
1219000 1152.0
1219010 1152.7
1219020 1152.7
1219030 1153.3
1219040 1153.6
1219050 1153.6
1219060 1153.8
1219070 1154.2
1219080 1154.2
1219090 1154.2
1219100 1154.3
1219110 1154.5
1219120 1154.5
1219130 1154.5
1219140 1154.5
1219150 1154.5
1219160 1154.5
1219170 1154.6
1219180 1154.6
1219190 1154.8
1219200 1154.7
1219210 1154.7
1219220 1154.6
1219230 1154.5
1219240 1154.5
1219250 1154.5
1219260 1154.5
1219270 1154.5
1219280 1154.6
1219290 1154.7
1219300 1154.7
1219310 1154.7
1219320 1154.7
1219330 1154.7
1219340 1154.7
1219350 1154.7
1219360 1154.8
1219370 1154.8
1219380 1154.8
1219390 1154.7
1219400 1154.7
1219410 1154.7
1219420 1154.6
1219430 1154.6
1219440 1154.6
1219450 1155.1
1219460 1155.1
1219470 1155.5
1219480 1155.3
1219490 1155.3
1219500 1155.3
1219510 1155.0
1219520 1154.9
1219530 1154.9
1219540 1154.9
1219550 1154.8
1219560 1154.8
1219570 1154.8
1219580 1154.8
1219590 1154.8
1219600 1154.9
1219610 1155.0
1219620 1155.0
1219630 1155.0
1219640 1155.0
1219650 1155.0
1219660 1155.1
1219670 1155.3
1219680 1155.3
1219690 1154.9
1219700 1156.5
1219710 1156.5
1219720 1157.9
1219730 1158.6
1219740 1159.2
1219750 1159.2
1219760 1159.8
1219770 1160.5
1219780 1160.5
1219790 1161.1
1219800 1162.0
1219810 1162.0
1219820 1163.2
1219830 1164.5
1219840 1164.5
1219850 1166.4
1219860 1167.9
1219870 1167.9
1219880 1169.4
1219890 1170.8
1219900 1170.8
1219910 1172.0
1219920 1173.8
1219930 1173.8
1219940 1177.2
1219950 1180.6
1219960 1180.6
1219970 1180.3
1219980 1180.3
1219990 1181.3
