1200000 2295.3
1200010 2292.4
1200020 2292.4
1200030 2290.2
1200040 2287.3
1200050 2287.3
1200060 2283.4
1200070 2278.5
1200080 2278.5
1200090 2275.7
1200100 2272.2
1200110 2279.0
1200120 2272.9
1200130 2269.0
1200140 2269.0
1200150 2267.2
1200160 2264.5
1200170 2264.5
1200180 2261.2
1200190 2257.4
1200200 2257.4
1200210 2252.7
1200220 2247.4
1200230 2242.1
1200240 2242.1
1200250 2238.0
1200260 2232.7
1200270 2232.7
1200280 2228.5
1200290 2223.8
1200300 2223.8
1200310 2217.9
1200320 2209.5
1200330 2209.5
1200340 2201.2
1200350 2186.7
1200360 2186.7
1200370 2180.3
1200380 2175.5
1200390 2175.5
1200400 2169.6
1200410 2159.7
1200420 2159.7
1200430 2151.9
1200440 2146.8
1200450 2143.2
1200460 2143.2
1200470 2139.3
1200480 2136.7
1200490 2136.7
1200500 2137.0
1200510 2138.5
1200520 2138.5
1200530 2138.7
1200540 2138.7
1200550 2138.7
1200560 2146.6
1200570 2144.5
1200580 2144.5
1200590 2137.4
1200600 2119.8
1200610 2119.8
1200620 2104.6
1200630 2096.4
1200640 2096.4
1200650 2091.8
1200660 2086.2
1200670 2086.2
1200680 2081.6
1200690 2077.9
1200700 2074.0
1200710 2074.0
1200720 2071.1
1200730 2068.8
1200740 2068.8
1200750 2068.3
1200760 2068.7
1200770 2068.7
1200780 2068.3
1200790 2064.3
1200800 2064.3
1200810 2060.5
1200820 2058.4
1200830 2058.4
1200840 2057.5
1200850 2054.5
1200860 2054.5
1200870 2051.9
1200880 2051.1
1200890 2051.1
1200900 2048.5
1200910 2044.4
1200920 2040.2
1200930 2040.2
1200940 2038.5
1200950 2038.1
1200960 2038.1
1200970 2038.9
1200980 2039.7
1200990 2039.7
1201000 2040.1
1201010 2043.8
1201020 2043.8
1201030 2042.6
1201040 2041.1
1201050 2041.1
1201060 2039.4
1201070 2038.9
1201080 2038.9
1201090 2040.9
1201100 2042.5
1201110 2042.5
1201120 2043.0
1201130 2043.1
1201140 2041.3
1201150 2041.3
1201160 2039.8
1201170 2040.4
1201180 2040.4
1201190 2041.6
1201200 2043.6
1201210 2043.6
1201220 2046.6
1201230 2049.5
1201240 2049.5
1201250 2050.4
1201260 2050.6
1201270 2050.6
1201280 2051.6
1201290 2053.4
1201300 2053.4
1201310 2054.1
1201320 2056.5
1201330 2056.5
1201340 2056.2
1201350 2057.4
1201360 2057.9
1201370 2057.9
1201380 2059.1
1201390 2063.5
1201400 2063.5
1201410 2070.7
1201420 2077.7
1201430 2077.7
1201440 2082.8
1201450 2091.0
1201460 2091.0
1201470 2093.2
1201480 2095.3
1201490 2095.3
1201500 2096.7
1201510 2097.4
1201520 2097.4
1201530 2097.8
1201540 2098.3
1201550 2098.3
1201560 2099.1
1201570 2098.2
1201580 2098.2
1201590 2096.4
1201600 2096.6
1201610 2099.3
1201620 2099.3
1201630 2103.0
1201640 2112.2
1201650 2112.2
1201660 2122.9
1201670 2130.6
1201680 2130.6
1201690 2136.6
1201700 2140.0
1201710 2140.0
1201720 2141.1
1201730 2141.1
1201740 2141.1
1201750 2139.0
1201760 2134.3
1201770 2134.3
1201780 2127.7
1201790 2122.2
1201800 2122.2
1201810 2117.1
1201820 2110.8
1201830 2103.7
1201840 2103.7
1201850 2098.0
1201860 2092.1
1201870 2092.1
1201880 2086.2
1201890 2080.1
1201900 2084.0
1201910 2078.0
1201920 2073.1
1201930 2073.1
1201940 2068.1
1201950 2064.0
1201960 2064.0
1201970 2059.8
1201980 2055.3
1201990 2055.3
1202000 2051.5
1202010 2047.3
1202020 2047.3
1202030 2042.3
1202040 2036.9
1202050 2031.6
1202060 2031.6
1202070 2028.3
1202080 2027.2
1202090 2027.2
1202100 2026.7
1202110 2026.2
1202120 2026.2
1202130 2026.0
1202140 2024.5
1202150 2024.5
1202160 2021.5
1202170 2018.1
1202180 2018.1
1202190 2013.8
1202200 2008.9
1202210 2008.9
1202220 2003.3
1202230 1996.7
1202240 1996.7
1202250 1990.9
1202260 1986.0
1202270 1981.2
1202280 1981.2
1202290 1976.9
1202300 1972.0
1202310 1972.0
1202320 1966.9
1202330 1962.2
1202340 1962.2
1202350 1961.8
1202360 1956.4
1202370 1956.4
1202380 1952.0
1202390 1947.7
1202400 1947.7
1202410 1943.5
1202420 1939.1
1202430 1939.1
1202440 1933.7
1202450 1929.0
1202460 1929.0
1202470 1924.7
1202480 1920.9
1202490 1917.3
1202500 1917.3
1202510 1912.7
1202520 1908.0
1202530 1908.0
1202540 1903.8
1202550 1899.9
1202560 1899.9
1202570 1896.6
1202580 1894.1
1202590 1894.1
1202600 1892.1
1202610 1890.1
1202620 1890.1
1202630 1886.3
1202640 1881.8
1202650 1881.8
1202660 1877.4
1202670 1873.9
1202680 1873.9
1202690 1870.7
1202700 1867.0
1202710 1867.0
1202720 1862.2
1202730 1857.0
1202740 1853.0
1202750 1853.0
1202760 1848.0
1202770 1843.1
1202780 1843.1
1202790 1838.5
1202800 1839.2
1202810 1839.2
1202820 1834.0
1202830 1827.4
1202840 1827.4
1202850 1821.8
1202860 1817.3
1202870 1817.3
1202880 1813.0
1202890 1808.1
1202900 1808.1
1202910 1805.0
1202920 1799.6
1202930 1799.6
1202940 1794.8
1202950 1791.1
1202960 1787.1
1202970 1787.1
1202980 1781.6
1202990 1777.0
1203000 1777.0
1203010 1773.9
1203020 1766.5
1203030 1766.5
1203040 1756.8
1203050 1745.4
1203060 1745.4
1203070 1737.4
1203080 1728.4
1203090 1728.4
1203100 1720.7
1203110 1715.8
1203120 1715.8
1203130 1712.7
1203140 1707.3
1203150 1707.3
1203160 1700.6
1203170 1697.3
1203180 1693.9
1203190 1693.9
1203200 1692.3
1203210 1691.2
1203220 1691.2
1203230 1690.7
1203240 1689.1
1203250 1694.8
1203260 1691.6
1203270 1685.6
1203280 1685.6
1203290 1678.1
1203300 1668.2
1203310 1668.2
1203320 1656.3
1203330 1643.5
1203340 1643.5
1203350 1624.4
1203360 1596.9
1203370 1596.9
1203380 1582.4
1203390 1575.2
1203400 1570.8
1203410 1570.8
1203420 1568.7
1203430 1566.5
1203440 1566.5
1203450 1564.3
1203460 1558.9
1203470 1558.9
1203480 1547.9
1203490 1537.5
1203500 1537.5
1203510 1529.1
1203520 1515.6
1203530 1515.6
1203540 1505.0
1203550 1502.2
1203560 1502.2
1203570 1499.4
1203580 1498.2
1203590 1498.2
1203600 1495.1
1203610 1492.2
1203620 1492.2
1203630 1490.9
1203640 1491.4
1203650 1489.7
1203660 1489.7
1203670 1484.0
1203680 1478.1
1203690 1478.1
1203700 1477.5
1203710 1471.6
1203720 1471.6
1203730 1465.5
1203740 1459.4
1203750 1459.4
1203760 1453.6
1203770 1447.7
1203780 1447.7
1203790 1441.3
1203800 1435.0
1203810 1435.0
1203820 1428.8
1203830 1422.4
1203840 1422.4
1203850 1415.5
1203860 1408.7
1203870 1401.9
1203880 1401.9
1203890 1395.1
1203900 1388.4
1203910 1388.4
1203920 1381.8
1203930 1375.3
1203940 1375.3
1203950 1368.7
1203960 1362.1
1203970 1362.1
1203980 1355.4
1203990 1349.9
1204000 1349.9
1204010 1344.8
1204020 1339.5
1204030 1339.5
1204040 1333.9
1204050 1327.8
1204060 1327.8
1204070 1322.3
1204080 1316.8
1204090 1311.2
1204100 1311.2
1204110 1305.8
1204120 1300.6
1204130 1300.6
1204140 1295.5
1204150 1290.7
1204160 1291.6
1204170 1287.4
1204180 1283.7
1204190 1283.7
1204200 1279.9
1204210 1276.7
1204220 1276.7
1204230 1276.6
1204240 1276.5
1204250 1276.5
1204260 1276.5
1204270 1276.4
1204280 1276.4
1204290 1276.3
1204300 1276.1
1204310 1275.9
1204320 1275.9
1204330 1275.8
1204340 1275.6
1204350 1275.6
1204360 1275.6
1204370 1275.6
1204380 1275.6
1204390 1275.5
1204400 1275.4
1204410 1275.4
1204420 1274.7
1204430 1274.1
1204440 1274.1
1204450 1275.0
1204460 1275.2
1204470 1275.2
1204480 1275.6
1204490 1276.5
1204500 1276.5
1204510 1276.3
1204520 1276.3
1204530 1276.4
1204540 1276.4
1204550 1276.5
1204560 1276.6
1204570 1276.6
1204580 1277.2
1204590 1278.5
1204600 1278.5
1204610 1280.3
1204620 1281.6
1204630 1281.6
1204640 1282.8
1204650 1283.8
1204660 1283.8
1204670 1284.7
1204680 1285.7
1204690 1285.7
1204700 1286.9
1204710 1288.2
1204720 1288.2
1204730 1289.4
1204740 1290.7
1204750 1290.7
1204760 1292.2
1204770 1293.8
1204780 1295.5
1204790 1295.5
1204800 1297.3
1204810 1299.1
1204820 1299.1
1204830 1300.8
1204840 1302.4
1204850 1302.4
1204860 1304.1
1204870 1305.8
1204880 1305.8
1204890 1307.6
1204900 1309.6
1204910 1309.6
1204920 1311.7
1204930 1313.8
1204940 1313.8
1204950 1316.0
1204960 1318.2
1204970 1318.2
1204980 1320.7
1204990 1323.5
1205000 1325.1
1205010 1325.1
1205020 1328.2
1205030 1332.5
1205040 1332.5
1205050 1336.8
1205060 1338.7
1205070 1338.7
1205080 1343.6
1205090 1348.3
1205100 1348.3
1205110 1353.0
1205120 1357.6
1205130 1357.6
1205140 1361.8
1205150 1365.5
1205160 1365.5
1205170 1368.4
1205180 1371.6
1205190 1371.6
1205200 1376.5
1205210 1383.1
1205220 1389.0
1205230 1389.0
1205240 1393.5
1205250 1398.2
1205260 1398.2
1205270 1404.4
1205280 1411.3
1205290 1411.3
1205300 1417.9
1205310 1423.3
1205320 1423.3
1205330 1425.9
1205340 1428.5
1205350 1428.5
1205360 1432.8
1205370 1437.1
1205380 1437.1
1205390 1440.2
1205400 1443.1
1205410 1443.1
1205420 1446.0
1205430 1449.3
1205440 1452.4
1205450 1452.4
1205460 1455.4
1205470 1456.7
1205480 1456.7
1205490 1460.9
1205500 1467.4
1205510 1467.4
1205520 1480.7
1205530 1490.1
1205540 1490.1
1205550 1504.4
1205560 1523.3
1205570 1523.3
1205580 1534.4
1205590 1542.1
1205600 1542.1
1205610 1549.4
1205620 1556.3
1205630 1556.3
1205640 1562.5
1205650 1568.3
1205660 1574.1
1205670 1574.1
1205680 1581.2
1205690 1589.2
1205700 1589.2
1205710 1595.1
1205720 1600.2
1205730 1600.2
1205740 1607.5
1205750 1617.3
1205760 1617.3
1205770 1624.9
1205780 1632.1
1205790 1632.1
1205800 1639.9
1205810 1647.9
1205820 1647.9
1205830 1655.9
1205840 1663.4
1205850 1663.4
1205860 1670.2
1205870 1676.7
1205880 1676.7
1205890 1684.1
1205900 1693.8
1205910 1710.6
1205920 1710.6
1205930 1733.8
1205940 1756.4
1205950 1756.4
1205960 1769.4
1205970 1777.1
1205980 1777.1
1205990 1780.1
1206000 1781.5
1206010 1781.5
1206020 1781.9
1206030 1798.6
1206040 1798.6
1206050 1815.7
1206060 1827.7
1206070 1827.7
1206080 1838.1
1206090 1844.2
1206100 1844.2
1206110 1849.5
1206120 1854.5
1206130 1860.3
1206140 1860.3
1206150 1866.8
1206160 1873.4
1206170 1873.4
1206180 1879.1
1206190 1884.6
1206200 1884.6
1206210 1889.8
1206220 1896.4
1206230 1896.4
1206240 1902.7
1206250 1908.6
1206260 1908.6
1206270 1916.3
1206280 1928.6
1206290 1928.6
1206300 1935.4
1206310 1940.7
1206320 1940.7
1206330 1945.1
1206340 1951.1
1206350 1957.8
1206360 1957.8
1206370 1963.8
1206380 1972.0
1206390 1972.0
1206400 1983.1
1206410 1999.8
1206420 1999.8
1206430 2006.3
1206440 2010.0
1206450 2010.0
1206460 2013.2
1206470 2016.9
1206480 2016.9
1206490 2020.8
1206500 2025.3
1206510 2025.3
1206520 2030.2
1206530 2035.0
1206540 2035.0
1206550 2040.4
1206560 2046.9
1206570 2052.4
1206580 2052.4
1206590 2056.9
1206600 2063.6
1206610 2063.6
1206620 2071.1
1206630 2077.7
1206640 2077.7
1206650 2086.1
1206660 2094.8
1206670 2094.8
1206680 2102.0
1206690 2109.6
1206700 2109.6
1206710 2117.3
1206720 2125.8
1206730 2125.8
1206740 2134.0
1206750 2140.5
1206760 2140.5
1206770 2146.6
1206780 2153.9
1206790 2161.8
1206800 2161.8
1206810 2169.4
1206820 2178.3
1206830 2178.3
1206840 2188.3
1206850 2200.6
1206860 2200.6
1206870 2216.8
1206880 2227.0
1206890 2227.0
1206900 2233.2
1206910 2238.8
1206920 2238.8
1206930 2244.9
1206940 2252.6
1206950 2252.6
1206960 2260.7
1206970 2270.2
1206980 2270.2
1206990 2280.0
1207000 2288.7
1207010 2288.7
1207020 2296.7
1207030 2305.0
1207040 2312.5
1207050 2312.5
1207060 2318.6
1207070 2325.2
1207080 2325.2
1207090 2330.8
1207100 2336.8
1207110 2336.8
1207120 2341.8
1207130 2347.7
1207140 2347.7
1207150 2353.1
1207160 2356.7
1207170 2356.7
1207180 2362.7
1207190 2368.5
1207200 2368.5
1207210 2370.5
1207220 2372.8
1207230 2372.8
1207240 2377.7
1207250 2384.1
1207260 2379.4
1207270 2379.4
1207280 2363.3
1207290 2361.0
1207300 2361.0
1207310 2373.9
1207320 2390.9
1207330 2390.9
1207340 2408.3
1207350 2419.0
1207360 2419.0
1207370 2427.1
1207380 2435.6
1207390 2435.6
1207400 2443.4
1207410 2465.7
1207420 2465.7
1207430 2485.8
1207440 2477.0
1207450 2477.0
1207460 2468.3
1207470 2460.1
1207480 2449.9
1207490 2449.9
1207500 2439.0
1207510 2437.4
1207520 2437.4
1207530 2439.5
1207540 2442.6
1207550 2442.6
1207560 2447.5
1207570 2455.4
1207580 2455.4
1207590 2467.5
1207600 2479.1
1207610 2479.1
1207620 2488.5
1207630 2496.7
1207640 2496.7
1207650 2504.4
1207660 2511.9
1207670 2511.9
1207680 2519.1
1207690 2524.0
1207700 2525.3
1207710 2525.3
1207720 2524.9
1207730 2526.5
1207740 2526.5
1207750 2532.4
1207760 2540.5
1207770 2540.5
1207780 2540.4
1207790 2540.5
1207800 2549.3
1207810 2550.2
1207820 2553.0
1207830 2553.0
1207840 2553.7
1207850 2548.3
1207860 2548.3
1207870 2538.8
1207880 2535.5
1207890 2535.5
1207900 2538.1
1207910 2542.1
1207920 2542.1
1207930 2545.8
1207940 2545.4
1207950 2542.8
1207960 2542.8
1207970 2547.4
1207980 2552.2
1207990 2552.2
1208000 2556.0
1208010 2560.8
1208020 2560.8
1208030 2562.8
1208040 2565.3
1208050 2565.3
1208060 2569.8
1208070 2572.8
1208080 2572.8
1208090 2575.4
1208100 2579.2
1208110 2579.2
1208120 2583.8
1208130 2588.0
1208140 2588.0
1208150 2591.0
1208160 2596.2
1208170 2602.6
1208180 2602.6
1208190 2608.3
1208200 2613.4
1208210 2613.4
1208220 2620.4
1208230 2631.7
1208240 2631.7
1208250 2640.8
1208260 2656.8
1208270 2656.8
1208280 2661.5
1208290 2666.8
1208300 2666.8
1208310 2670.4
1208320 2673.9
1208330 2673.9
1208340 2684.3
1208350 2696.1
1208360 2696.1
1208370 2710.8
1208380 2731.9
1208390 2755.7
1208400 2755.7
1208410 2756.2
1208420 2749.6
1208430 2749.6
1208440 2745.4
1208450 2742.0
1208460 2742.0
1208470 2741.0
1208480 2740.2
1208490 2740.2
1208500 2739.3
1208510 2740.2
1208520 2740.2
1208530 2742.6
1208540 2744.7
1208550 2744.7
1208560 2750.7
1208570 2761.3
1208580 2761.3
1208590 2772.1
1208600 2780.6
1208610 2789.4
1208620 2789.4
1208630 2802.5
1208640 2816.8
1208650 2816.8
1208660 2826.8
1208670 2838.0
1208680 2838.0
1208690 2848.0
1208700 2855.7
1208710 2855.7
1208720 2866.9
1208730 2878.8
1208740 2878.8
1208750 2896.2
1208760 2909.5
1208770 2909.5
1208780 2924.2
1208790 2939.8
1208800 2939.8
1208810 2951.2
1208820 2961.7
1208830 2969.5
1208840 2969.5
1208850 2975.9
1208860 2984.2
1208870 2984.2
1208880 2993.7
1208890 3002.0
1208900 3002.0
1208910 3010.3
1208920 3016.8
1208930 3016.8
1208940 3022.3
1208950 3026.2
1208960 3026.2
1208970 3028.7
1208980 3031.9
1208990 3031.9
1209000 3035.4
1209010 3033.7
1209020 3033.7
1209030 3027.5
1209040 3020.9
1209050 3020.9
1209060 3015.2
1209070 3008.1
1209080 3001.5
1209090 3001.5
1209100 2996.3
1209110 2988.6
1209120 2988.6
1209130 2975.4
1209140 2958.1
1209150 2958.1
1209160 2936.0
1209170 2922.5
1209180 2921.2
1209190 2914.5
1209200 2912.5
1209210 2912.5
1209220 2908.8
1209230 2904.8
1209240 2904.8
1209250 2901.6
1209260 2897.8
1209270 2897.8
1209280 2894.4
1209290 2890.4
1209300 2885.9
1209310 2885.9
1209320 2881.2
1209330 2876.4
1209340 2876.4
1209350 2872.7
1209360 2870.1
1209370 2870.1
1209380 2866.7
1209390 2862.6
1209400 2862.6
1209410 2858.4
1209420 2853.9
1209430 2853.9
1209440 2847.6
1209450 2840.6
1209460 2840.6
1209470 2832.2
1209480 2823.0
1209490 2823.0
1209500 2814.1
1209510 2805.5
1209520 2797.8
1209530 2797.8
1209540 2791.4
1209550 2785.9
1209560 2785.9
1209570 2774.7
1209580 2755.5
1209590 2755.5
1209600 2742.9
1209610 2741.7
1209620 2741.7
1209630 2735.3
1209640 2712.7
1209650 2712.7
1209660 2708.2
1209670 2703.6
1209680 2703.6
1209690 2695.3
1209700 2686.7
1209710 2686.7
1209720 2678.1
1209730 2669.1
1209740 2659.1
1209750 2659.1
1209760 2648.9
1209770 2641.6
1209780 2641.6
1209790 2635.2
1209800 2628.7
1209810 2628.7
1209820 2622.6
1209830 2616.3
1209840 2616.3
1209850 2610.1
1209860 2603.8
1209870 2603.8
1209880 2597.5
1209890 2590.9
1209900 2590.9
1209910 2584.7
1209920 2578.6
1209930 2578.6
1209940 2572.5
1209950 2566.2
1209960 2560.2
1209970 2560.2
1209980 2554.4
1209990 2548.6
1210000 2548.6
1210010 2543.0
1210020 2537.7
1210030 2537.7
1210040 2532.5
1210050 2526.7
1210060 2526.7
1210070 2521.1
1210080 2515.7
1210090 2515.7
1210100 2511.7
1210110 2506.6
1210120 2506.6
1210130 2501.4
1210140 2496.4
1210150 2496.4
1210160 2492.1
1210170 2488.7
1210180 2488.7
1210190 2484.4
1210200 2478.9
1210210 2472.7
1210220 2472.7
1210230 2465.7
1210240 2459.2
1210250 2459.2
1210260 2453.4
1210270 2448.4
1210280 2448.4
1210290 2444.1
1210300 2439.7
1210310 2439.7
1210320 2435.2
1210330 2431.1
1210340 2431.1
1210350 2427.5
1210360 2423.7
1210370 2423.7
1210380 2420.1
1210390 2416.8
1210400 2416.8
1210410 2413.2
1210420 2410.0
1210430 2406.9
1210440 2406.9
1210450 2403.9
1210460 2401.0
1210470 2401.0
1210480 2398.2
1210490 2395.4
1210500 2395.4
1210510 2392.8
1210520 2390.3
1210530 2390.3
1210540 2387.9
1210550 2385.8
1210560 2386.1
1210570 2384.1
1210580 2382.5
1210590 2382.5
1210600 2381.2
1210610 2380.3
1210620 2380.3
1210630 2379.3
1210640 2378.5
1210650 2378.1
1210660 2378.1
1210670 2378.0
1210680 2378.8
1210690 2378.8
1210700 2381.6
1210710 2383.9
1210720 2383.9
1210730 2382.8
1210740 2379.9
1210750 2379.9
1210760 2379.2
1210770 2378.7
1210780 2378.7
1210790 2377.1
1210800 2375.5
1210810 2375.5
1210820 2374.6
1210830 2374.2
1210840 2374.2
1210850 2373.9
1210860 2373.7
1210870 2374.7
1210880 2374.7
1210890 2378.6
1210900 2383.5
1210910 2383.5
1210920 2389.5
1210930 2396.4
1210940 2396.4
1210950 2403.6
1210960 2410.8
1210970 2410.8
1210980 2415.8
1210990 2414.0
1211000 2414.0
1211010 2410.9
1211020 2427.3
1211030 2427.3
1211040 2428.0
1211050 2422.9
1211060 2422.9
1211070 2419.2
1211080 2415.7
1211090 2410.0
1211100 2410.0
1211110 2412.7
1211120 2415.0
1211130 2415.0
1211140 2412.0
1211150 2411.3
1211160 2411.3
1211170 2411.8
1211180 2409.1
1211190 2409.1
1211200 2402.4
1211210 2401.0
1211220 2401.0
1211230 2390.4
1211240 2381.4
1211250 2381.4
1211260 2377.7
1211270 2377.3
1211280 2377.3
1211290 2381.5
1211300 2383.5
1211310 2383.5
1211320 2385.7
1211330 2386.2
1211340 2383.7
1211350 2383.7
1211360 2382.8
1211370 2372.5
1211380 2372.5
1211390 2365.3
1211400 2368.4
1211410 2368.4
1211420 2375.9
1211430 2378.2
1211440 2378.2
1211450 2379.2
1211460 2375.9
1211470 2375.9
1211480 2366.8
1211490 2367.6
1211500 2367.6
1211510 2352.7
1211520 2337.1
1211530 2337.1
1211540 2322.6
1211550 2308.9
1211560 2295.7
1211570 2295.7
1211580 2285.4
1211590 2276.6
1211600 2276.6
1211610 2269.5
1211620 2262.6
1211630 2262.6
1211640 2256.7
1211650 2251.6
1211660 2251.6
1211670 2246.2
1211680 2240.8
1211690 2240.8
1211700 2235.5
1211710 2231.4
1211720 2231.4
1211730 2228.4
1211740 2225.9
1211750 2225.9
1211760 2223.4
1211770 2220.0
1211780 2216.8
1211790 2216.8
1211800 2212.9
1211810 2208.7
1211820 2208.7
1211830 2205.3
1211840 2201.5
1211850 2201.5
1211860 2197.9
1211870 2193.9
1211880 2193.9
1211890 2190.5
1211900 2187.0
1211910 2187.0
1211920 2183.1
1211930 2179.7
1211940 2179.7
1211950 2180.7
1211960 2176.4
1211970 2176.4
1211980 2172.1
1211990 2168.1
1212000 2163.9
1212010 2163.9
1212020 2159.7
1212030 2155.6
1212040 2155.6
1212050 2151.9
1212060 2147.5
1212070 2147.5
1212080 2143.6
1212090 2139.0
1212100 2139.0
1212110 2134.9
1212120 2130.7
1212130 2130.7
1212140 2126.7
1212150 2123.3
1212160 2123.3
1212170 2119.9
1212180 2116.1
1212190 2116.1
1212200 2112.2
1212210 2108.2
1212220 2104.6
1212230 2104.6
1212240 2101.4
1212250 2098.5
1212260 2098.5
1212270 2095.7
1212280 2094.0
1212290 2094.0
1212300 2093.2
1212310 2092.6
1212320 2092.6
1212330 2090.9
1212340 2090.0
1212350 2090.0
1212360 2090.4
1212370 2090.2
1212380 2090.2
1212390 2089.4
1212400 2087.6
1212410 2087.6
1212420 2087.6
1212430 2085.2
1212440 2085.2
1212450 2083.7
1212460 2083.8
1212470 2084.3
1212480 2084.3
1212490 2085.0
1212500 2086.2
1212510 2086.2
1212520 2087.1
1212530 2088.2
1212540 2088.2
1212550 2089.8
1212560 2089.6
1212570 2089.6
1212580 2089.2
1212590 2089.6
1212600 2089.6
1212610 2091.7
1212620 2094.6
1212630 2094.6
1212640 2098.6
1212650 2102.7
1212660 2102.7
1212670 2106.9
1212680 2110.8
1212690 2113.4
1212700 2113.4
1212710 2117.0
1212720 2123.2
1212730 2123.2
1212740 2128.9
1212750 2134.3
1212760 2134.3
1212770 2139.9
1212780 2145.6
1212790 2145.6
1212800 2151.5
1212810 2157.6
1212820 2157.6
1212830 2163.9
1212840 2170.1
1212850 2170.1
1212860 2176.5
1212870 2183.0
1212880 2183.0
1212890 2191.0
1212900 2197.8
1212910 2205.0
1212920 2205.0
1212930 2212.1
1212940 2219.5
1212950 2219.5
1212960 2227.4
1212970 2234.8
1212980 2234.8
1212990 2241.8
1213000 2249.1
1213010 2249.1
1213020 2256.5
1213030 2263.7
1213040 2263.7
1213050 2271.0
1213060 2278.1
1213070 2278.1
1213080 2284.9
1213090 2291.5
1213100 2291.5
1213110 2298.8
1213120 2306.1
1213130 2312.5
1213140 2312.5
1213150 2319.3
1213160 2327.0
1213170 2327.0
1213180 2334.8
1213190 2342.1
1213200 2342.1
1213210 2348.8
1213220 2355.7
1213230 2355.7
1213240 2367.2
1213250 2376.9
1213260 2376.9
1213270 2385.1
1213280 2396.6
1213290 2396.6
1213300 2408.1
1213310 2411.1
1213320 2411.1
1213330 2411.5
1213340 2416.8
1213350 2420.7
1213360 2420.7
1213370 2426.1
1213380 2432.5
1213390 2432.5
1213400 2428.1
1213410 2413.6
1213420 2413.6
1213430 2403.1
1213440 2393.0
1213450 2393.0
1213460 2382.4
1213470 2366.3
1213480 2366.3
1213490 2350.1
1213500 2342.1
1213510 2342.1
1213520 2333.9
1213530 2323.2
1213540 2323.2
1213550 2311.0
1213560 2305.8
1213570 2305.8
1213580 2304.4
1213590 2303.8
1213600 2304.8
1213610 2304.8
1213620 2301.2
1213630 2291.7
1213640 2291.7
1213650 2283.6
1213660 2276.5
1213670 2276.5
1213680 2267.0
1213690 2254.4
1213700 2254.4
1213710 2235.6
1213720 2227.3
1213730 2227.3
1213740 2220.6
1213750 2213.4
1213760 2213.4
1213770 2206.7
1213780 2200.4
1213790 2200.4
1213800 2194.4
1213810 2188.0
1213820 2183.5
1213830 2183.5
1213840 2177.4
1213850 2174.4
1213860 2174.4
1213870 2173.6
1213880 2172.0
1213890 2172.0
1213900 2170.7
1213910 2168.8
1213920 2168.8
1213930 2167.2
1213940 2165.7
1213950 2165.7
1213960 2163.0
1213970 2159.3
1213980 2159.3
1213990 2155.2
1214000 2147.9
1214010 2147.9
1214020 2139.1
1214030 2132.0
1214040 2127.3
1214050 2127.3
1214060 2124.3
1214070 2119.9
1214080 2119.9
1214090 2114.1
1214100 2111.0
1214110 2111.0
1214120 2106.7
1214130 2104.3
1214140 2104.3
1214150 2103.5
1214160 2102.8
1214170 2102.8
1214180 2100.5
1214190 2097.6
1214200 2097.6
1214210 2093.3
1214220 2088.7
1214230 2088.7
1214240 2083.5
1214250 2077.5
1214260 2071.1
1214270 2071.1
1214280 2060.6
1214290 2058.8
1214300 2058.8
1214310 2053.2
1214320 2050.5
1214330 2050.5
1214340 2044.6
1214350 2036.0
1214360 2036.0
1214370 2028.5
1214380 2024.5
1214390 2024.5
1214400 2021.0
1214410 2017.0
1214420 2017.0
1214430 2012.2
1214440 2007.7
1214450 2007.7
1214460 2000.5
1214470 1995.8
1214480 1990.8
1214490 1990.8
1214500 1985.2
1214510 1980.3
1214520 1980.3
1214530 1975.6
1214540 1972.1
1214550 1972.1
1214560 1967.8
1214570 1962.9
1214580 1962.9
1214590 1957.8
1214600 1952.9
1214610 1952.9
1214620 1948.8
1214630 1944.2
1214640 1944.2
1214650 1941.6
1214660 1937.8
1214670 1937.8
1214680 1935.2
1214690 1930.2
1214700 1930.2
1214710 1924.7
1214720 1920.7
1214730 1918.7
1214740 1918.7
1214750 1915.2
1214760 1912.4
1214770 1912.4
1214780 1910.8
1214790 1910.5
1214800 1910.5
1214810 1905.0
1214820 1898.3
1214830 1898.3
1214840 1891.6
1214850 1885.9
1214860 1885.9
1214870 1881.4
1214880 1878.7
1214890 1878.7
1214900 1877.9
1214910 1877.7
1214920 1877.7
1214930 1879.2
1214940 1880.9
1214950 1882.3
1214960 1882.3
1214970 1883.3
1214980 1882.0
1214990 1882.0
1215000 1878.5
1215010 1876.2
1215020 1876.2
1215030 1873.9
1215040 1871.7
1215050 1871.7
1215060 1870.2
1215070 1867.8
1215080 1867.8
1215090 1865.4
1215100 1864.3
1215110 1864.3
1215120 1861.9
1215130 1859.1
1215140 1859.1
1215150 1858.7
1215160 1857.6
1215170 1856.5
1215180 1856.5
1215190 1854.9
1215200 1850.3
1215210 1850.3
1215220 1843.5
1215230 1845.5
1215240 1845.5
1215250 1842.0
1215260 1838.8
1215270 1838.8
1215280 1836.2
1215290 1833.7
1215300 1833.7
1215310 1831.7
1215320 1829.6
1215330 1829.6
1215340 1829.5
1215350 1831.0
1215360 1831.0
1215370 1828.8
1215380 1824.4
1215390 1821.5
1215400 1821.5
1215410 1819.7
1215420 1818.0
1215430 1818.0
1215440 1816.8
1215450 1815.8
1215460 1815.8
1215470 1816.0
1215480 1817.3
1215490 1817.3
1215500 1818.8
1215510 1820.2
1215520 1820.2
1215530 1821.5
1215540 1823.9
1215550 1823.9
1215560 1825.1
1215570 1824.6
1215580 1824.6
1215590 1821.7
1215600 1818.1
1215610 1812.6
1215620 1812.6
1215630 1806.6
1215640 1801.7
1215650 1801.7
1215660 1798.6
1215670 1796.3
1215680 1796.3
1215690 1793.0
1215700 1793.7
1215710 1793.7
1215720 1791.0
1215730 1787.5
1215740 1787.5
1215750 1783.3
1215760 1779.9
1215770 1779.9
1215780 1776.6
1215790 1773.9
1215800 1773.9
1215810 1770.6
1215820 1768.1
1215830 1768.1
1215840 1765.5
1215850 1762.0
1215860 1758.2
1215870 1758.2
1215880 1755.7
1215890 1752.7
1215900 1752.7
1215910 1748.5
1215920 1743.5
1215930 1743.5
1215940 1739.6
1215950 1734.6
1215960 1734.6
1215970 1729.5
1215980 1724.4
1215990 1724.4
1216000 1719.2
1216010 1714.3
1216020 1714.3
1216030 1709.2
1216040 1704.1
1216050 1704.1
1216060 1699.5
1216070 1695.5
1216080 1692.5
1216090 1692.5
1216100 1689.0
1216110 1685.1
1216120 1685.1
1216130 1680.7
1216140 1676.0
1216150 1676.0
1216160 1671.4
1216170 1667.4
1216180 1672.0
1216190 1667.6
1216200 1663.8
1216210 1663.8
1216220 1659.7
1216230 1654.4
1216240 1654.4
1216250 1649.6
1216260 1646.3
1216270 1646.3
1216280 1643.4
1216290 1641.9
1216300 1639.9
1216310 1639.9
1216320 1637.0
1216330 1633.8
1216340 1633.8
1216350 1630.8
1216360 1629.5
1216370 1629.5
1216380 1628.3
1216390 1625.6
1216400 1625.6
1216410 1621.0
1216420 1616.0
1216430 1616.0
1216440 1611.8
1216450 1609.6
1216460 1609.6
1216470 1604.7
1216480 1596.9
1216490 1596.9
1216500 1590.1
1216510 1585.2
1216520 1579.0
1216530 1579.0
1216540 1573.6
1216550 1569.3
1216560 1569.3
1216570 1565.2
1216580 1561.6
1216590 1561.6
1216600 1557.7
1216610 1553.6
1216620 1553.6
1216630 1547.9
1216640 1541.7
1216650 1545.2
1216660 1537.3
1216670 1530.3
1216680 1530.3
1216690 1525.1
1216700 1519.2
1216710 1519.2
1216720 1512.4
1216730 1506.3
1216740 1500.6
1216750 1500.6
1216760 1493.9
1216770 1489.5
1216780 1489.5
1216790 1485.2
1216800 1482.5
1216810 1482.5
1216820 1480.4
1216830 1478.8
1216840 1478.8
1216850 1477.3
1216860 1473.1
1216870 1473.1
1216880 1468.7
1216890 1465.7
1216900 1465.7
1216910 1464.3
1216920 1464.7
1216930 1464.7
1216940 1465.9
1216950 1463.5
1216960 1463.5
1216970 1459.3
1216980 1454.8
1216990 1449.1
1217000 1449.1
1217010 1443.4
1217020 1437.0
1217030 1437.0
1217040 1429.0
1217050 1419.2
1217060 1419.2
1217070 1409.6
1217080 1402.0
1217090 1402.0
1217100 1393.6
1217110 1384.7
1217120 1380.9
1217130 1370.8
1217140 1361.1
1217150 1361.1
1217160 1352.0
1217170 1342.1
1217180 1342.1
1217190 1332.0
1217200 1323.8
1217210 1317.3
1217220 1317.3
1217230 1311.5
1217240 1304.3
1217250 1304.3
1217260 1297.4
1217270 1289.2
1217280 1289.2
1217290 1281.2
1217300 1274.1
1217310 1274.1
1217320 1266.8
1217330 1259.2
1217340 1259.2
1217350 1251.1
1217360 1240.0
1217370 1240.0
1217380 1227.9
1217390 1216.8
1217400 1216.8
1217410 1204.8
1217420 1194.8
1217430 1186.7
1217440 1186.7
1217450 1179.7
1217460 1171.5
1217470 1171.5
1217480 1163.0
1217490 1157.1
1217500 1157.1
1217510 1154.9
1217520 1154.3
1217530 1154.3
1217540 1156.1
1217550 1155.8
1217560 1155.8
1217570 1155.2
1217580 1155.0
1217590 1155.0
1217600 1155.0
1217610 1154.9
1217620 1154.9
1217630 1154.8
1217640 1154.6
1217650 1154.5
1217660 1154.5
1217670 1154.8
1217680 1154.9
1217690 1154.9
1217700 1154.8
1217710 1154.7
1217720 1154.7
1217730 1154.7
1217740 1154.7
1217750 1154.7
1217760 1154.7
1217770 1154.6
1217780 1154.6
1217790 1154.6
1217800 1154.5
1217810 1154.5
1217820 1154.5
1217830 1154.5
1217840 1154.5
1217850 1154.5
1217860 1154.4
1217870 1154.3
1217880 1154.3
1217890 1154.2
1217900 1154.1
1217910 1154.1
1217920 1154.1
1217930 1154.0
1217940 1154.0
1217950 1153.9
1217960 1153.9
1217970 1153.9
1217980 1153.9
1217990 1153.9
1218000 1153.9
1218010 1154.0
1218020 1154.0
1218030 1154.0
1218040 1154.0
1218050 1154.0
1218060 1154.0
1218070 1153.8
1218080 1153.8
1218090 1153.8
1218100 1153.8
1218110 1153.9
1218120 1154.1
1218130 1154.1
1218140 1153.6
1218150 1152.9
1218160 1152.9
1218170 1153.9
1218180 1153.9
1218190 1153.9
1218200 1154.1
1218210 1154.2
1218220 1154.2
1218230 1153.9
1218240 1153.6
1218250 1153.6
1218260 1153.7
1218270 1154.0
1218280 1154.0
1218290 1154.1
1218300 1154.3
1218310 1154.3
1218320 1154.4
1218330 1154.6
1218340 1154.6
1218350 1154.6
1218360 1154.6
1218370 1154.6
1218380 1154.6
1218390 1154.5
1218400 1154.4
1218410 1154.4
1218420 1154.4
1218430 1154.4
1218440 1154.4
1218450 1154.6
1218460 1154.6
1218470 1154.6
1218480 1155.0
1218490 1154.6
1218500 1154.6
1218510 1154.1
1218520 1153.7
1218530 1153.7
1218540 1153.5
1218550 1153.9
1218560 1153.4
1218570 1153.4
1218580 1153.0
1218590 1152.9
1218600 1152.9
1218610 1152.6
1218620 1152.5
1218630 1152.5
1218640 1152.7
1218650 1152.8
1218660 1152.8
1218670 1152.7
1218680 1152.6
1218690 1152.6
1218700 1152.5
1218710 1152.5
1218720 1152.5
1218730 1152.3
1218740 1152.3
1218750 1152.3
1218760 1152.4
1218770 1152.4
1218780 1152.2
1218790 1152.2
1218800 1152.2
1218810 1152.2
1218820 1152.2
1218830 1152.1
1218840 1152.0
1218850 1152.0
1218860 1151.9
1218870 1151.9
1218880 1151.9
1218890 1151.5
1218900 1149.8
1218910 1149.8
1218920 1147.5
1218930 1146.3
1218940 1146.3
1218950 1146.3
1218960 1146.5
1218970 1146.5
1218980 1148.0
1218990 1148.6
1219000 1148.6
1219010 1150.3
1219020 1150.8
1219030 1150.6
1219040 1150.6
1219050 1151.1
1219060 1151.4
1219070 1151.4
1219080 1151.8
1219090 1152.2
1219100 1152.2
1219110 1152.4
1219120 1152.7
1219130 1152.7
1219140 1153.3
1219150 1154.2
1219160 1154.2
1219170 1153.5
1219180 1153.4
1219190 1153.4
1219200 1153.4
1219210 1153.1
1219220 1153.1
1219230 1153.2
1219240 1153.8
1219250 1153.8
1219260 1153.8
1219270 1153.7
1219280 1153.6
1219290 1153.6
1219300 1153.5
1219310 1153.6
1219320 1153.6
1219330 1153.7
1219340 1153.7
1219350 1153.7
1219360 1153.6
1219370 1153.5
1219380 1153.5
1219390 1153.4
1219400 1153.6
1219410 1153.6
1219420 1153.7
1219430 1153.7
1219440 1153.7
1219450 1153.9
1219460 1153.9
1219470 1153.7
1219480 1153.7
1219490 1153.6
1219500 1153.6
1219510 1153.8
1219520 1153.7
1219530 1153.7
1219540 1153.7
1219550 1154.1
1219560 1153.7
1219570 1153.7
1219580 1152.4
1219590 1154.3
1219600 1154.3
1219610 1155.3
1219620 1156.2
1219630 1156.2
1219640 1156.9
1219650 1157.9
1219660 1157.9
1219670 1159.0
1219680 1160.1
1219690 1162.1
1219700 1162.1
1219710 1164.2
1219720 1165.9
1219730 1165.9
1219740 1168.0
1219750 1170.8
1219760 1170.8
1219770 1173.1
1219780 1172.8
1219790 1172.8
1219800 1174.9
1219810 1180.7
1219820 1180.7
1219830 1186.8
1219840 1192.6
1219850 1192.6
1219860 1198.4
1219870 1204.4
1219880 1204.4
1219890 1210.2
1219900 1216.6
1219910 1222.9
1219920 1222.9
1219930 1229.3
1219940 1235.4
1219950 1235.4
1219960 1241.3
1219970 1246.5
1219980 1246.5
1219990 1248.6
1200000 2295.3
1200010 2292.4
1200020 2292.4
1200030 2290.2
1200040 2287.3
1200050 2287.3
1200060 2283.4
1200070 2278.5
1200080 2278.5
1200090 2275.7
1200100 2272.2
1200110 2279.0
1200120 2272.9
1200130 2269.0
1200140 2269.0
1200150 2267.2
1200160 2264.5
1200170 2264.5
1200180 2261.2
1200190 2257.4
1200200 2257.4
1200210 2252.7
1200220 2247.4
1200230 2242.1
1200240 2242.1
1200250 2238.0
1200260 2232.7
1200270 2232.7
1200280 2228.5
1200290 2223.8
1200300 2223.8
1200310 2217.9
1200320 2209.5
1200330 2209.5
1200340 2201.2
1200350 2186.7
1200360 2186.7
1200370 2180.3
1200380 2175.5
1200390 2175.5
1200400 2169.6
1200410 2159.7
1200420 2159.7
1200430 2151.9
1200440 2146.8
1200450 2143.2
1200460 2143.2
1200470 2139.3
1200480 2136.7
1200490 2136.7
1200500 2137.0
1200510 2138.5
1200520 2138.5
1200530 2138.7
1200540 2138.7
1200550 2138.7
1200560 2146.6
1200570 2144.5
1200580 2144.5
1200590 2137.4
1200600 2119.8
1200610 2119.8
1200620 2104.6
1200630 2096.4
1200640 2096.4
1200650 2091.8
1200660 2086.2
1200670 2086.2
1200680 2081.6
1200690 2077.9
1200700 2074.0
1200710 2074.0
1200720 2071.1
1200730 2068.8
1200740 2068.8
1200750 2068.3
1200760 2068.7
1200770 2068.7
1200780 2068.3
1200790 2064.3
1200800 2064.3
1200810 2060.5
1200820 2058.4
1200830 2058.4
1200840 2057.5
1200850 2054.5
1200860 2054.5
1200870 2051.9
1200880 2051.1
1200890 2051.1
1200900 2048.5
1200910 2044.4
1200920 2040.2
1200930 2040.2
1200940 2038.5
1200950 2038.1
1200960 2038.1
1200970 2038.9
1200980 2039.7
1200990 2039.7
1201000 2040.1
1201010 2043.8
1201020 2043.8
1201030 2042.6
1201040 2041.1
1201050 2041.1
1201060 2039.4
1201070 2038.9
1201080 2038.9
1201090 2040.9
1201100 2042.5
1201110 2042.5
1201120 2043.0
1201130 2043.1
1201140 2041.3
1201150 2041.3
1201160 2039.8
1201170 2040.4
1201180 2040.4
1201190 2041.6
1201200 2043.6
1201210 2043.6
1201220 2046.6
1201230 2049.5
1201240 2049.5
1201250 2050.4
1201260 2050.6
1201270 2050.6
1201280 2051.6
1201290 2053.4
1201300 2053.4
1201310 2054.1
1201320 2056.5
1201330 2056.5
1201340 2056.2
1201350 2057.4
1201360 2057.9
1201370 2057.9
1201380 2059.1
1201390 2063.5
1201400 2063.5
1201410 2070.7
1201420 2077.7
1201430 2077.7
1201440 2082.8
1201450 2091.0
1201460 2091.0
1201470 2093.2
1201480 2095.3
1201490 2095.3
1201500 2096.7
1201510 2097.4
1201520 2097.4
1201530 2097.8
1201540 2098.3
1201550 2098.3
1201560 2099.1
1201570 2098.2
1201580 2098.2
1201590 2096.4
1201600 2096.6
1201610 2099.3
1201620 2099.3
1201630 2103.0
1201640 2112.2
1201650 2112.2
1201660 2122.9
1201670 2130.6
1201680 2130.6
1201690 2136.6
1201700 2140.0
1201710 2140.0
1201720 2141.1
1201730 2141.1
1201740 2141.1
1201750 2139.0
1201760 2134.3
1201770 2134.3
1201780 2127.7
1201790 2122.2
1201800 2122.2
1201810 2117.1
1201820 2110.8
1201830 2103.7
1201840 2103.7
1201850 2098.0
1201860 2092.1
1201870 2092.1
1201880 2086.2
1201890 2080.1
1201900 2084.0
1201910 2078.0
1201920 2073.1
1201930 2073.1
1201940 2068.1
1201950 2064.0
1201960 2064.0
1201970 2059.8
1201980 2055.3
1201990 2055.3
1202000 2051.5
1202010 2047.3
1202020 2047.3
1202030 2042.3
1202040 2036.9
1202050 2031.6
1202060 2031.6
1202070 2028.3
1202080 2027.2
1202090 2027.2
1202100 2026.7
1202110 2026.2
1202120 2026.2
1202130 2026.0
1202140 2024.5
1202150 2024.5
1202160 2021.5
1202170 2018.1
1202180 2018.1
1202190 2013.8
1202200 2008.9
1202210 2008.9
1202220 2003.3
1202230 1996.7
1202240 1996.7
1202250 1990.9
1202260 1986.0
1202270 1981.2
1202280 1981.2
1202290 1976.9
1202300 1972.0
1202310 1972.0
1202320 1966.9
1202330 1962.2
1202340 1962.2
1202350 1961.8
1202360 1956.4
1202370 1956.4
1202380 1952.0
1202390 1947.7
1202400 1947.7
1202410 1943.5
1202420 1939.1
1202430 1939.1
1202440 1933.7
1202450 1929.0
1202460 1929.0
1202470 1924.7
1202480 1920.9
1202490 1917.3
1202500 1917.3
1202510 1912.7
1202520 1908.0
1202530 1908.0
1202540 1903.8
1202550 1899.9
1202560 1899.9
1202570 1896.6
1202580 1894.1
1202590 1894.1
1202600 1892.1
1202610 1890.1
1202620 1890.1
1202630 1886.3
1202640 1881.8
1202650 1881.8
1202660 1877.4
1202670 1873.9
1202680 1873.9
1202690 1870.7
1202700 1867.0
1202710 1867.0
1202720 1862.2
1202730 1857.0
1202740 1853.0
1202750 1853.0
1202760 1848.0
1202770 1843.1
1202780 1843.1
1202790 1838.5
1202800 1839.2
1202810 1839.2
1202820 1834.0
1202830 1827.4
1202840 1827.4
1202850 1821.8
1202860 1817.3
1202870 1817.3
1202880 1813.0
1202890 1808.1
1202900 1808.1
1202910 1805.0
1202920 1799.6
1202930 1799.6
1202940 1794.8
1202950 1791.1
1202960 1787.1
1202970 1787.1
1202980 1781.6
1202990 1777.0
1203000 1777.0
1203010 1773.9
1203020 1766.5
1203030 1766.5
1203040 1756.8
1203050 1745.4
1203060 1745.4
1203070 1737.4
1203080 1728.4
1203090 1728.4
1203100 1720.7
1203110 1715.8
1203120 1715.8
1203130 1712.7
1203140 1707.3
1203150 1707.3
1203160 1700.6
1203170 1697.3
1203180 1693.9
1203190 1693.9
1203200 1692.3
1203210 1691.2
1203220 1691.2
1203230 1690.7
1203240 1689.1
1203250 1694.8
1203260 1691.6
1203270 1685.6
1203280 1685.6
1203290 1678.1
1203300 1668.2
1203310 1668.2
1203320 1656.3
1203330 1643.5
1203340 1643.5
1203350 1624.4
1203360 1596.9
1203370 1596.9
1203380 1582.4
1203390 1575.2
1203400 1570.8
1203410 1570.8
1203420 1568.7
1203430 1566.5
1203440 1566.5
1203450 1564.3
1203460 1558.9
1203470 1558.9
1203480 1547.9
1203490 1537.5
1203500 1537.5
1203510 1529.1
1203520 1515.6
1203530 1515.6
1203540 1505.0
1203550 1502.2
1203560 1502.2
1203570 1499.4
1203580 1498.2
1203590 1498.2
1203600 1495.1
1203610 1492.2
1203620 1492.2
1203630 1490.9
1203640 1491.4
1203650 1489.7
1203660 1489.7
1203670 1484.0
1203680 1478.1
1203690 1478.1
1203700 1477.5
1203710 1471.6
1203720 1471.6
1203730 1465.5
1203740 1459.4
1203750 1459.4
1203760 1453.6
1203770 1447.7
1203780 1447.7
1203790 1441.3
1203800 1435.0
1203810 1435.0
1203820 1428.8
1203830 1422.4
1203840 1422.4
1203850 1415.5
1203860 1408.7
1203870 1401.9
1203880 1401.9
1203890 1395.1
1203900 1388.4
1203910 1388.4
1203920 1381.8
1203930 1375.3
1203940 1375.3
1203950 1368.7
1203960 1362.1
1203970 1362.1
1203980 1355.4
1203990 1349.9
1204000 1349.9
1204010 1344.8
1204020 1339.5
1204030 1339.5
1204040 1333.9
1204050 1327.8
1204060 1327.8
1204070 1322.3
1204080 1316.8
1204090 1311.2
1204100 1311.2
1204110 1305.8
1204120 1300.6
1204130 1300.6
1204140 1295.5
1204150 1290.7
1204160 1291.6
1204170 1287.4
1204180 1283.7
1204190 1283.7
1204200 1279.9
1204210 1276.7
1204220 1276.7
1204230 1276.6
1204240 1276.5
1204250 1276.5
1204260 1276.5
1204270 1276.4
1204280 1276.4
1204290 1276.3
1204300 1276.1
1204310 1275.9
1204320 1275.9
1204330 1275.8
1204340 1275.6
1204350 1275.6
1204360 1275.6
1204370 1275.6
1204380 1275.6
1204390 1275.5
1204400 1275.4
1204410 1275.4
1204420 1274.7
1204430 1274.1
1204440 1274.1
1204450 1275.0
1204460 1275.2
1204470 1275.2
1204480 1275.6
1204490 1276.5
1204500 1276.5
1204510 1276.3
1204520 1276.3
1204530 1276.4
1204540 1276.4
1204550 1276.5
1204560 1276.6
1204570 1276.6
1204580 1277.2
1204590 1278.5
1204600 1278.5
1204610 1280.3
1204620 1281.6
1204630 1281.6
1204640 1282.8
1204650 1283.8
1204660 1283.8
1204670 1284.7
1204680 1285.7
1204690 1285.7
1204700 1286.9
1204710 1288.2
1204720 1288.2
1204730 1289.4
1204740 1290.7
1204750 1290.7
1204760 1292.2
1204770 1293.8
1204780 1295.5
1204790 1295.5
1204800 1297.3
1204810 1299.1
1204820 1299.1
1204830 1300.8
1204840 1302.4
1204850 1302.4
1204860 1304.1
1204870 1305.8
1204880 1305.8
1204890 1307.6
1204900 1309.6
1204910 1309.6
1204920 1311.7
1204930 1313.8
1204940 1313.8
1204950 1316.0
1204960 1318.2
1204970 1318.2
1204980 1320.7
1204990 1323.5
1205000 1325.1
1205010 1325.1
1205020 1328.2
1205030 1332.5
1205040 1332.5
1205050 1336.8
1205060 1338.7
1205070 1338.7
1205080 1343.6
1205090 1348.3
1205100 1348.3
1205110 1353.0
1205120 1357.6
1205130 1357.6
1205140 1361.8
1205150 1365.5
1205160 1365.5
1205170 1368.4
1205180 1371.6
1205190 1371.6
1205200 1376.5
1205210 1383.1
1205220 1389.0
1205230 1389.0
1205240 1393.5
1205250 1398.2
1205260 1398.2
1205270 1404.4
1205280 1411.3
1205290 1411.3
1205300 1417.9
1205310 1423.3
1205320 1423.3
1205330 1425.9
1205340 1428.5
1205350 1428.5
1205360 1432.8
1205370 1437.1
1205380 1437.1
1205390 1440.2
1205400 1443.1
1205410 1443.1
1205420 1446.0
1205430 1449.3
1205440 1452.4
1205450 1452.4
1205460 1455.4
1205470 1456.7
1205480 1456.7
1205490 1460.9
1205500 1467.4
1205510 1467.4
1205520 1480.7
1205530 1490.1
1205540 1490.1
1205550 1504.4
1205560 1523.3
1205570 1523.3
1205580 1534.4
1205590 1542.1
1205600 1542.1
1205610 1549.4
1205620 1556.3
1205630 1556.3
1205640 1562.5
1205650 1568.3
1205660 1574.1
1205670 1574.1
1205680 1581.2
1205690 1589.2
1205700 1589.2
1205710 1595.1
1205720 1600.2
1205730 1600.2
1205740 1607.5
1205750 1617.3
1205760 1617.3
1205770 1624.9
1205780 1632.1
1205790 1632.1
1205800 1639.9
1205810 1647.9
1205820 1647.9
1205830 1655.9
1205840 1663.4
1205850 1663.4
1205860 1670.2
1205870 1676.7
1205880 1676.7
1205890 1684.1
1205900 1693.8
1205910 1710.6
1205920 1710.6
1205930 1733.8
1205940 1756.4
1205950 1756.4
1205960 1769.4
1205970 1777.1
1205980 1777.1
1205990 1780.1
1206000 1781.5
1206010 1781.5
1206020 1781.9
1206030 1798.6
1206040 1798.6
1206050 1815.7
1206060 1827.7
1206070 1827.7
1206080 1838.1
1206090 1844.2
1206100 1844.2
1206110 1849.5
1206120 1854.5
1206130 1860.3
1206140 1860.3
1206150 1866.8
1206160 1873.4
1206170 1873.4
1206180 1879.1
1206190 1884.6
1206200 1884.6
1206210 1889.8
1206220 1896.4
1206230 1896.4
1206240 1902.7
1206250 1908.6
1206260 1908.6
1206270 1916.3
1206280 1928.6
1206290 1928.6
1206300 1935.4
1206310 1940.7
1206320 1940.7
1206330 1945.1
1206340 1951.1
1206350 1957.8
1206360 1957.8
1206370 1963.8
1206380 1972.0
1206390 1972.0
1206400 1983.1
1206410 1999.8
1206420 1999.8
1206430 2006.3
1206440 2010.0
1206450 2010.0
1206460 2013.2
1206470 2016.9
1206480 2016.9
1206490 2020.8
1206500 2025.3
1206510 2025.3
1206520 2030.2
1206530 2035.0
1206540 2035.0
1206550 2040.4
1206560 2046.9
1206570 2052.4
1206580 2052.4
1206590 2056.9
1206600 2063.6
1206610 2063.6
1206620 2071.1
1206630 2077.7
1206640 2077.7
1206650 2086.1
1206660 2094.8
1206670 2094.8
1206680 2102.0
1206690 2109.6
1206700 2109.6
1206710 2117.3
1206720 2125.8
1206730 2125.8
1206740 2134.0
1206750 2140.5
1206760 2140.5
1206770 2146.6
1206780 2153.9
1206790 2161.8
1206800 2161.8
1206810 2169.4
1206820 2178.3
1206830 2178.3
1206840 2188.3
1206850 2200.6
1206860 2200.6
1206870 2216.8
1206880 2227.0
1206890 2227.0
1206900 2233.2
1206910 2238.8
1206920 2238.8
1206930 2244.9
1206940 2252.6
1206950 2252.6
1206960 2260.7
1206970 2270.2
1206980 2270.2
1206990 2280.0
1207000 2288.7
1207010 2288.7
1207020 2296.7
1207030 2305.0
1207040 2312.5
1207050 2312.5
1207060 2318.6
1207070 2325.2
1207080 2325.2
1207090 2330.8
1207100 2336.8
1207110 2336.8
1207120 2341.8
1207130 2347.7
1207140 2347.7
1207150 2353.1
1207160 2356.7
1207170 2356.7
1207180 2362.7
1207190 2368.5
1207200 2368.5
1207210 2370.5
1207220 2372.8
1207230 2372.8
1207240 2377.7
1207250 2384.1
1207260 2379.4
1207270 2379.4
1207280 2363.3
1207290 2361.0
1207300 2361.0
1207310 2373.9
1207320 2390.9
1207330 2390.9
1207340 2408.3
1207350 2419.0
1207360 2419.0
1207370 2427.1
1207380 2435.6
1207390 2435.6
1207400 2443.4
1207410 2465.7
1207420 2465.7
1207430 2485.8
1207440 2477.0
1207450 2477.0
1207460 2468.3
1207470 2460.1
1207480 2449.9
1207490 2449.9
1207500 2439.0
1207510 2437.4
1207520 2437.4
1207530 2439.5
1207540 2442.6
1207550 2442.6
1207560 2447.5
1207570 2455.4
1207580 2455.4
1207590 2467.5
1207600 2479.1
1207610 2479.1
1207620 2488.5
1207630 2496.7
1207640 2496.7
1207650 2504.4
1207660 2511.9
1207670 2511.9
1207680 2519.1
1207690 2524.0
1207700 2525.3
1207710 2525.3
1207720 2524.9
1207730 2526.5
1207740 2526.5
1207750 2532.4
1207760 2540.5
1207770 2540.5
1207780 2540.4
1207790 2540.5
1207800 2549.3
1207810 2550.2
1207820 2553.0
1207830 2553.0
1207840 2553.7
1207850 2548.3
1207860 2548.3
1207870 2538.8
1207880 2535.5
1207890 2535.5
1207900 2538.1
1207910 2542.1
1207920 2542.1
1207930 2545.8
1207940 2545.4
1207950 2542.8
1207960 2542.8
1207970 2547.4
1207980 2552.2
1207990 2552.2
1208000 2556.0
1208010 2560.8
1208020 2560.8
1208030 2562.8
1208040 2565.3
1208050 2565.3
1208060 2569.8
1208070 2572.8
1208080 2572.8
1208090 2575.4
1208100 2579.2
1208110 2579.2
1208120 2583.8
1208130 2588.0
1208140 2588.0
1208150 2591.0
1208160 2596.2
1208170 2602.6
1208180 2602.6
1208190 2608.3
1208200 2613.4
1208210 2613.4
1208220 2620.4
1208230 2631.7
1208240 2631.7
1208250 2640.8
1208260 2656.8
1208270 2656.8
1208280 2661.5
1208290 2666.8
1208300 2666.8
1208310 2670.4
1208320 2673.9
1208330 2673.9
1208340 2684.3
1208350 2696.1
1208360 2696.1
1208370 2710.8
1208380 2731.9
1208390 2755.7
1208400 2755.7
1208410 2756.2
1208420 2749.6
1208430 2749.6
1208440 2745.4
1208450 2742.0
1208460 2742.0
1208470 2741.0
1208480 2740.2
1208490 2740.2
1208500 2739.3
1208510 2740.2
1208520 2740.2
1208530 2742.6
1208540 2744.7
1208550 2744.7
1208560 2750.7
1208570 2761.3
1208580 2761.3
1208590 2772.1
1208600 2780.6
1208610 2789.4
1208620 2789.4
1208630 2802.5
1208640 2816.8
1208650 2816.8
1208660 2826.8
1208670 2838.0
1208680 2838.0
1208690 2848.0
1208700 2855.7
1208710 2855.7
1208720 2866.9
1208730 2878.8
1208740 2878.8
1208750 2896.2
1208760 2909.5
1208770 2909.5
1208780 2924.2
1208790 2939.8
1208800 2939.8
1208810 2951.2
1208820 2961.7
1208830 2969.5
1208840 2969.5
1208850 2975.9
1208860 2984.2
1208870 2984.2
1208880 2993.7
1208890 3002.0
1208900 3002.0
1208910 3010.3
1208920 3016.8
1208930 3016.8
1208940 3022.3
1208950 3026.2
1208960 3026.2
1208970 3028.7
1208980 3031.9
1208990 3031.9
1209000 3035.4
1209010 3033.7
1209020 3033.7
1209030 3027.5
1209040 3020.9
1209050 3020.9
1209060 3015.2
1209070 3008.1
1209080 3001.5
1209090 3001.5
1209100 2996.3
1209110 2988.6
1209120 2988.6
1209130 2975.4
1209140 2958.1
1209150 2958.1
1209160 2936.0
1209170 2922.5
1209180 2921.2
1209190 2914.5
1209200 2912.5
1209210 2912.5
1209220 2908.8
1209230 2904.8
1209240 2904.8
1209250 2901.6
1209260 2897.8
1209270 2897.8
1209280 2894.4
1209290 2890.4
1209300 2885.9
1209310 2885.9
1209320 2881.2
1209330 2876.4
1209340 2876.4
1209350 2872.7
1209360 2870.1
1209370 2870.1
1209380 2866.7
1209390 2862.6
1209400 2862.6
1209410 2858.4
1209420 2853.9
1209430 2853.9
1209440 2847.6
1209450 2840.6
1209460 2840.6
1209470 2832.2
1209480 2823.0
1209490 2823.0
1209500 2814.1
1209510 2805.5
1209520 2797.8
1209530 2797.8
1209540 2791.4
1209550 2785.9
1209560 2785.9
1209570 2774.7
1209580 2755.5
1209590 2755.5
1209600 2742.9
1209610 2741.7
1209620 2741.7
1209630 2735.3
1209640 2712.7
1209650 2712.7
1209660 2708.2
1209670 2703.6
1209680 2703.6
1209690 2695.3
1209700 2686.7
1209710 2686.7
1209720 2678.1
1209730 2669.1
1209740 2659.1
1209750 2659.1
1209760 2648.9
1209770 2641.6
1209780 2641.6
1209790 2635.2
1209800 2628.7
1209810 2628.7
1209820 2622.6
1209830 2616.3
1209840 2616.3
1209850 2610.1
1209860 2603.8
1209870 2603.8
1209880 2597.5
1209890 2590.9
1209900 2590.9
1209910 2584.7
1209920 2578.6
1209930 2578.6
1209940 2572.5
1209950 2566.2
1209960 2560.2
1209970 2560.2
1209980 2554.4
1209990 2548.6
1210000 2548.6
1210010 2543.0
1210020 2537.7
1210030 2537.7
1210040 2532.5
1210050 2526.7
1210060 2526.7
1210070 2521.1
1210080 2515.7
1210090 2515.7
1210100 2511.7
1210110 2506.6
1210120 2506.6
1210130 2501.4
1210140 2496.4
1210150 2496.4
1210160 2492.1
1210170 2488.7
1210180 2488.7
1210190 2484.4
1210200 2478.9
1210210 2472.7
1210220 2472.7
1210230 2465.7
1210240 2459.2
1210250 2459.2
1210260 2453.4
1210270 2448.4
1210280 2448.4
1210290 2444.1
1210300 2439.7
1210310 2439.7
1210320 2435.2
1210330 2431.1
1210340 2431.1
1210350 2427.5
1210360 2423.7
1210370 2423.7
1210380 2420.1
1210390 2416.8
1210400 2416.8
1210410 2413.2
1210420 2410.0
1210430 2406.9
1210440 2406.9
1210450 2403.9
1210460 2401.0
1210470 2401.0
1210480 2398.2
1210490 2395.4
1210500 2395.4
1210510 2392.8
1210520 2390.3
1210530 2390.3
1210540 2387.9
1210550 2385.8
1210560 2386.1
1210570 2384.1
1210580 2382.5
1210590 2382.5
1210600 2381.2
1210610 2380.3
1210620 2380.3
1210630 2379.3
1210640 2378.5
1210650 2378.1
1210660 2378.1
1210670 2378.0
1210680 2378.8
1210690 2378.8
1210700 2381.6
1210710 2383.9
1210720 2383.9
1210730 2382.8
1210740 2379.9
1210750 2379.9
1210760 2379.2
1210770 2378.7
1210780 2378.7
1210790 2377.1
1210800 2375.5
1210810 2375.5
1210820 2374.6
1210830 2374.2
1210840 2374.2
1210850 2373.9
1210860 2373.7
1210870 2374.7
1210880 2374.7
1210890 2378.6
1210900 2383.5
1210910 2383.5
1210920 2389.5
1210930 2396.4
1210940 2396.4
1210950 2403.6
1210960 2410.8
1210970 2410.8
1210980 2415.8
1210990 2414.0
1211000 2414.0
1211010 2410.9
1211020 2427.3
1211030 2427.3
1211040 2428.0
1211050 2422.9
1211060 2422.9
1211070 2419.2
1211080 2415.7
1211090 2410.0
1211100 2410.0
1211110 2412.7
1211120 2415.0
1211130 2415.0
1211140 2412.0
1211150 2411.3
1211160 2411.3
1211170 2411.8
1211180 2409.1
1211190 2409.1
1211200 2402.4
1211210 2401.0
1211220 2401.0
1211230 2390.4
1211240 2381.4
1211250 2381.4
1211260 2377.7
1211270 2377.3
1211280 2377.3
1211290 2381.5
1211300 2383.5
1211310 2383.5
1211320 2385.7
1211330 2386.2
1211340 2383.7
1211350 2383.7
1211360 2382.8
1211370 2372.5
1211380 2372.5
1211390 2365.3
1211400 2368.4
1211410 2368.4
1211420 2375.9
1211430 2378.2
1211440 2378.2
1211450 2379.2
1211460 2375.9
1211470 2375.9
1211480 2366.8
1211490 2367.6
1211500 2367.6
1211510 2352.7
1211520 2337.1
1211530 2337.1
1211540 2322.6
1211550 2308.9
1211560 2295.7
1211570 2295.7
1211580 2285.4
1211590 2276.6
1211600 2276.6
1211610 2269.5
1211620 2262.6
1211630 2262.6
1211640 2256.7
1211650 2251.6
1211660 2251.6
1211670 2246.2
1211680 2240.8
1211690 2240.8
1211700 2235.5
1211710 2231.4
1211720 2231.4
1211730 2228.4
1211740 2225.9
1211750 2225.9
1211760 2223.4
1211770 2220.0
1211780 2216.8
1211790 2216.8
1211800 2212.9
1211810 2208.7
1211820 2208.7
1211830 2205.3
1211840 2201.5
1211850 2201.5
1211860 2197.9
1211870 2193.9
1211880 2193.9
1211890 2190.5
1211900 2187.0
1211910 2187.0
1211920 2183.1
1211930 2179.7
1211940 2179.7
1211950 2180.7
1211960 2176.4
1211970 2176.4
1211980 2172.1
1211990 2168.1
1212000 2163.9
1212010 2163.9
1212020 2159.7
1212030 2155.6
1212040 2155.6
1212050 2151.9
1212060 2147.5
1212070 2147.5
1212080 2143.6
1212090 2139.0
1212100 2139.0
1212110 2134.9
1212120 2130.7
1212130 2130.7
1212140 2126.7
1212150 2123.3
1212160 2123.3
1212170 2119.9
1212180 2116.1
1212190 2116.1
1212200 2112.2
1212210 2108.2
1212220 2104.6
1212230 2104.6
1212240 2101.4
1212250 2098.5
1212260 2098.5
1212270 2095.7
1212280 2094.0
1212290 2094.0
1212300 2093.2
1212310 2092.6
1212320 2092.6
1212330 2090.9
1212340 2090.0
1212350 2090.0
1212360 2090.4
1212370 2090.2
1212380 2090.2
1212390 2089.4
1212400 2087.6
1212410 2087.6
1212420 2087.6
1212430 2085.2
1212440 2085.2
1212450 2083.7
1212460 2083.8
1212470 2084.3
1212480 2084.3
1212490 2085.0
1212500 2086.2
1212510 2086.2
1212520 2087.1
1212530 2088.2
1212540 2088.2
1212550 2089.8
1212560 2089.6
1212570 2089.6
1212580 2089.2
1212590 2089.6
1212600 2089.6
1212610 2091.7
1212620 2094.6
1212630 2094.6
1212640 2098.6
1212650 2102.7
1212660 2102.7
1212670 2106.9
1212680 2110.8
1212690 2113.4
1212700 2113.4
1212710 2117.0
1212720 2123.2
1212730 2123.2
1212740 2128.9
1212750 2134.3
1212760 2134.3
1212770 2139.9
1212780 2145.6
1212790 2145.6
1212800 2151.5
1212810 2157.6
1212820 2157.6
1212830 2163.9
1212840 2170.1
1212850 2170.1
1212860 2176.5
1212870 2183.0
1212880 2183.0
1212890 2191.0
1212900 2197.8
1212910 2205.0
1212920 2205.0
1212930 2212.1
1212940 2219.5
1212950 2219.5
1212960 2227.4
1212970 2234.8
1212980 2234.8
1212990 2241.8
1213000 2249.1
1213010 2249.1
1213020 2256.5
1213030 2263.7
1213040 2263.7
1213050 2271.0
1213060 2278.1
1213070 2278.1
1213080 2284.9
1213090 2291.5
1213100 2291.5
1213110 2298.8
1213120 2306.1
1213130 2312.5
1213140 2312.5
1213150 2319.3
1213160 2327.0
1213170 2327.0
1213180 2334.8
1213190 2342.1
1213200 2342.1
1213210 2348.8
1213220 2355.7
1213230 2355.7
1213240 2367.2
1213250 2376.9
1213260 2376.9
1213270 2385.1
1213280 2396.6
1213290 2396.6
1213300 2408.1
1213310 2411.1
1213320 2411.1
1213330 2411.5
1213340 2416.8
1213350 2420.7
1213360 2420.7
1213370 2426.1
1213380 2432.5
1213390 2432.5
1213400 2428.1
1213410 2413.6
1213420 2413.6
1213430 2403.1
1213440 2393.0
1213450 2393.0
1213460 2382.4
1213470 2366.3
1213480 2366.3
1213490 2350.1
1213500 2342.1
1213510 2342.1
1213520 2333.9
1213530 2323.2
1213540 2323.2
1213550 2311.0
1213560 2305.8
1213570 2305.8
1213580 2304.4
1213590 2303.8
1213600 2304.8
1213610 2304.8
1213620 2301.2
1213630 2291.7
1213640 2291.7
1213650 2283.6
1213660 2276.5
1213670 2276.5
1213680 2267.0
1213690 2254.4
1213700 2254.4
1213710 2235.6
1213720 2227.3
1213730 2227.3
1213740 2220.6
1213750 2213.4
1213760 2213.4
1213770 2206.7
1213780 2200.4
1213790 2200.4
1213800 2194.4
1213810 2188.0
1213820 2183.5
1213830 2183.5
1213840 2177.4
1213850 2174.4
1213860 2174.4
1213870 2173.6
1213880 2172.0
1213890 2172.0
1213900 2170.7
1213910 2168.8
1213920 2168.8
1213930 2167.2
1213940 2165.7
1213950 2165.7
1213960 2163.0
1213970 2159.3
1213980 2159.3
1213990 2155.2
1214000 2147.9
1214010 2147.9
1214020 2139.1
1214030 2132.0
1214040 2127.3
1214050 2127.3
1214060 2124.3
1214070 2119.9
1214080 2119.9
1214090 2114.1
1214100 2111.0
1214110 2111.0
1214120 2106.7
1214130 2104.3
1214140 2104.3
1214150 2103.5
1214160 2102.8
1214170 2102.8
1214180 2100.5
1214190 2097.6
1214200 2097.6
1214210 2093.3
1214220 2088.7
1214230 2088.7
1214240 2083.5
1214250 2077.5
1214260 2071.1
1214270 2071.1
1214280 2060.6
1214290 2058.8
1214300 2058.8
1214310 2053.2
1214320 2050.5
1214330 2050.5
1214340 2044.6
1214350 2036.0
1214360 2036.0
1214370 2028.5
1214380 2024.5
1214390 2024.5
1214400 2021.0
1214410 2017.0
1214420 2017.0
1214430 2012.2
1214440 2007.7
1214450 2007.7
1214460 2000.5
1214470 1995.8
1214480 1990.8
1214490 1990.8
1214500 1985.2
1214510 1980.3
1214520 1980.3
1214530 1975.6
1214540 1972.1
1214550 1972.1
1214560 1967.8
1214570 1962.9
1214580 1962.9
1214590 1957.8
1214600 1952.9
1214610 1952.9
1214620 1948.8
1214630 1944.2
1214640 1944.2
1214650 1941.6
1214660 1937.8
1214670 1937.8
1214680 1935.2
1214690 1930.2
1214700 1930.2
1214710 1924.7
1214720 1920.7
1214730 1918.7
1214740 1918.7
1214750 1915.2
1214760 1912.4
1214770 1912.4
1214780 1910.8
1214790 1910.5
1214800 1910.5
1214810 1905.0
1214820 1898.3
1214830 1898.3
1214840 1891.6
1214850 1885.9
1214860 1885.9
1214870 1881.4
1214880 1878.7
1214890 1878.7
1214900 1877.9
1214910 1877.7
1214920 1877.7
1214930 1879.2
1214940 1880.9
1214950 1882.3
1214960 1882.3
1214970 1883.3
1214980 1882.0
1214990 1882.0
1215000 1878.5
1215010 1876.2
1215020 1876.2
1215030 1873.9
1215040 1871.7
1215050 1871.7
1215060 1870.2
1215070 1867.8
1215080 1867.8
1215090 1865.4
1215100 1864.3
1215110 1864.3
1215120 1861.9
1215130 1859.1
1215140 1859.1
1215150 1858.7
1215160 1857.6
1215170 1856.5
1215180 1856.5
1215190 1854.9
1215200 1850.3
1215210 1850.3
1215220 1843.5
1215230 1845.5
1215240 1845.5
1215250 1842.0
1215260 1838.8
1215270 1838.8
1215280 1836.2
1215290 1833.7
1215300 1833.7
1215310 1831.7
1215320 1829.6
1215330 1829.6
1215340 1829.5
1215350 1831.0
1215360 1831.0
1215370 1828.8
1215380 1824.4
1215390 1821.5
1215400 1821.5
1215410 1819.7
1215420 1818.0
1215430 1818.0
1215440 1816.8
1215450 1815.8
1215460 1815.8
1215470 1816.0
1215480 1817.3
1215490 1817.3
1215500 1818.8
1215510 1820.2
1215520 1820.2
1215530 1821.5
1215540 1823.9
1215550 1823.9
1215560 1825.1
1215570 1824.6
1215580 1824.6
1215590 1821.7
1215600 1818.1
1215610 1812.6
1215620 1812.6
1215630 1806.6
1215640 1801.7
1215650 1801.7
1215660 1798.6
1215670 1796.3
1215680 1796.3
1215690 1793.0
1215700 1793.7
1215710 1793.7
1215720 1791.0
1215730 1787.5
1215740 1787.5
1215750 1783.3
1215760 1779.9
1215770 1779.9
1215780 1776.6
1215790 1773.9
1215800 1773.9
1215810 1770.6
1215820 1768.1
1215830 1768.1
1215840 1765.5
1215850 1762.0
1215860 1758.2
1215870 1758.2
1215880 1755.7
1215890 1752.7
1215900 1752.7
1215910 1748.5
1215920 1743.5
1215930 1743.5
1215940 1739.6
1215950 1734.6
1215960 1734.6
1215970 1729.5
1215980 1724.4
1215990 1724.4
1216000 1719.2
1216010 1714.3
1216020 1714.3
1216030 1709.2
1216040 1704.1
1216050 1704.1
1216060 1699.5
1216070 1695.5
1216080 1692.5
1216090 1692.5
1216100 1689.0
1216110 1685.1
1216120 1685.1
1216130 1680.7
1216140 1676.0
1216150 1676.0
1216160 1671.4
1216170 1667.4
1216180 1672.0
1216190 1667.6
1216200 1663.8
1216210 1663.8
1216220 1659.7
1216230 1654.4
1216240 1654.4
1216250 1649.6
1216260 1646.3
1216270 1646.3
1216280 1643.4
1216290 1641.9
1216300 1639.9
1216310 1639.9
1216320 1637.0
1216330 1633.8
1216340 1633.8
1216350 1630.8
1216360 1629.5
1216370 1629.5
1216380 1628.3
1216390 1625.6
1216400 1625.6
1216410 1621.0
1216420 1616.0
1216430 1616.0
1216440 1611.8
1216450 1609.6
1216460 1609.6
1216470 1604.7
1216480 1596.9
1216490 1596.9
1216500 1590.1
1216510 1585.2
1216520 1579.0
1216530 1579.0
1216540 1573.6
1216550 1569.3
1216560 1569.3
1216570 1565.2
1216580 1561.6
1216590 1561.6
1216600 1557.7
1216610 1553.6
1216620 1553.6
1216630 1547.9
1216640 1541.7
1216650 1545.2
1216660 1537.3
1216670 1530.3
1216680 1530.3
1216690 1525.1
1216700 1519.2
1216710 1519.2
1216720 1512.4
1216730 1506.3
1216740 1500.6
1216750 1500.6
1216760 1493.9
1216770 1489.5
1216780 1489.5
1216790 1485.2
1216800 1482.5
1216810 1482.5
1216820 1480.4
1216830 1478.8
1216840 1478.8
1216850 1477.3
1216860 1473.1
1216870 1473.1
1216880 1468.7
1216890 1465.7
1216900 1465.7
1216910 1464.3
1216920 1464.7
1216930 1464.7
1216940 1465.9
1216950 1463.5
1216960 1463.5
1216970 1459.3
1216980 1454.8
1216990 1449.1
1217000 1449.1
1217010 1443.4
1217020 1437.0
1217030 1437.0
1217040 1429.0
1217050 1419.2
1217060 1419.2
1217070 1409.6
1217080 1402.0
1217090 1402.0
1217100 1393.6
1217110 1384.7
1217120 1380.9
1217130 1370.8
1217140 1361.1
1217150 1361.1
1217160 1352.0
1217170 1342.1
1217180 1342.1
1217190 1332.0
1217200 1323.8
1217210 1317.3
1217220 1317.3
1217230 1311.5
1217240 1304.3
1217250 1304.3
1217260 1297.4
1217270 1289.2
1217280 1289.2
1217290 1281.2
1217300 1274.1
1217310 1274.1
1217320 1266.8
1217330 1259.2
1217340 1259.2
1217350 1251.1
1217360 1240.0
1217370 1240.0
1217380 1227.9
1217390 1216.8
1217400 1216.8
1217410 1204.8
1217420 1194.8
1217430 1186.7
1217440 1186.7
1217450 1179.7
1217460 1171.5
1217470 1171.5
1217480 1163.0
1217490 1157.1
1217500 1157.1
1217510 1154.9
1217520 1154.3
1217530 1154.3
1217540 1156.1
1217550 1155.8
1217560 1155.8
1217570 1155.2
1217580 1155.0
1217590 1155.0
1217600 1155.0
1217610 1154.9
1217620 1154.9
1217630 1154.8
1217640 1154.6
1217650 1154.5
1217660 1154.5
1217670 1154.8
1217680 1154.9
1217690 1154.9
1217700 1154.8
1217710 1154.7
1217720 1154.7
1217730 1154.7
1217740 1154.7
1217750 1154.7
1217760 1154.7
1217770 1154.6
1217780 1154.6
1217790 1154.6
1217800 1154.5
1217810 1154.5
1217820 1154.5
1217830 1154.5
1217840 1154.5
1217850 1154.5
1217860 1154.4
1217870 1154.3
1217880 1154.3
1217890 1154.2
1217900 1154.1
1217910 1154.1
1217920 1154.1
1217930 1154.0
1217940 1154.0
1217950 1153.9
1217960 1153.9
1217970 1153.9
1217980 1153.9
1217990 1153.9
1218000 1153.9
1218010 1154.0
1218020 1154.0
1218030 1154.0
1218040 1154.0
1218050 1154.0
1218060 1154.0
1218070 1153.8
1218080 1153.8
1218090 1153.8
1218100 1153.8
1218110 1153.9
1218120 1154.1
1218130 1154.1
1218140 1153.6
1218150 1152.9
1218160 1152.9
1218170 1153.9
1218180 1153.9
1218190 1153.9
1218200 1154.1
1218210 1154.2
1218220 1154.2
1218230 1153.9
1218240 1153.6
1218250 1153.6
1218260 1153.7
1218270 1154.0
1218280 1154.0
1218290 1154.1
1218300 1154.3
1218310 1154.3
1218320 1154.4
1218330 1154.6
1218340 1154.6
1218350 1154.6
1218360 1154.6
1218370 1154.6
1218380 1154.6
1218390 1154.5
1218400 1154.4
1218410 1154.4
1218420 1154.4
1218430 1154.4
1218440 1154.4
1218450 1154.6
1218460 1154.6
1218470 1154.6
1218480 1155.0
1218490 1154.6
1218500 1154.6
1218510 1154.1
1218520 1153.7
1218530 1153.7
1218540 1153.5
1218550 1153.9
1218560 1153.4
1218570 1153.4
1218580 1153.0
1218590 1152.9
1218600 1152.9
1218610 1152.6
1218620 1152.5
1218630 1152.5
1218640 1152.7
1218650 1152.8
1218660 1152.8
1218670 1152.7
1218680 1152.6
1218690 1152.6
1218700 1152.5
1218710 1152.5
1218720 1152.5
1218730 1152.3
1218740 1152.3
1218750 1152.3
1218760 1152.4
1218770 1152.4
1218780 1152.2
1218790 1152.2
1218800 1152.2
1218810 1152.2
1218820 1152.2
1218830 1152.1
1218840 1152.0
1218850 1152.0
1218860 1151.9
1218870 1151.9
1218880 1151.9
1218890 1151.5
1218900 1149.8
1218910 1149.8
1218920 1147.5
1218930 1146.3
1218940 1146.3
1218950 1146.3
1218960 1146.5
1218970 1146.5
1218980 1148.0
1218990 1148.6
1219000 1148.6
1219010 1150.3
1219020 1150.8
1219030 1150.6
1219040 1150.6
1219050 1151.1
1219060 1151.4
1219070 1151.4
1219080 1151.8
1219090 1152.2
1219100 1152.2
1219110 1152.4
1219120 1152.7
1219130 1152.7
1219140 1153.3
1219150 1154.2
1219160 1154.2
1219170 1153.5
1219180 1153.4
1219190 1153.4
1219200 1153.4
1219210 1153.1
1219220 1153.1
1219230 1153.2
1219240 1153.8
1219250 1153.8
1219260 1153.8
1219270 1153.7
1219280 1153.6
1219290 1153.6
1219300 1153.5
1219310 1153.6
1219320 1153.6
1219330 1153.7
1219340 1153.7
1219350 1153.7
1219360 1153.6
1219370 1153.5
1219380 1153.5
1219390 1153.4
1219400 1153.6
1219410 1153.6
1219420 1153.7
1219430 1153.7
1219440 1153.7
1219450 1153.9
1219460 1153.9
1219470 1153.7
1219480 1153.7
1219490 1153.6
1219500 1153.6
1219510 1153.8
1219520 1153.7
1219530 1153.7
1219540 1153.7
1219550 1154.1
1219560 1153.7
1219570 1153.7
1219580 1152.4
1219590 1154.3
1219600 1154.3
1219610 1155.3
1219620 1156.2
1219630 1156.2
1219640 1156.9
1219650 1157.9
1219660 1157.9
1219670 1159.0
1219680 1160.1
1219690 1162.1
1219700 1162.1
1219710 1164.2
1219720 1165.9
1219730 1165.9
1219740 1168.0
1219750 1170.8
1219760 1170.8
1219770 1173.1
1219780 1172.8
1219790 1172.8
1219800 1174.9
1219810 1180.7
1219820 1180.7
1219830 1186.8
1219840 1192.6
1219850 1192.6
1219860 1198.4
1219870 1204.4
1219880 1204.4
1219890 1210.2
1219900 1216.6
1219910 1222.9
1219920 1222.9
1219930 1229.3
1219940 1235.4
1219950 1235.4
1219960 1241.3
1219970 1246.5
1219980 1246.5
1219990 1248.6
