1200000 1310.3
1200010 1310.3
1200020 1308.4
1200030 1305.5
1200040 1305.5
1200050 1302.1
1200060 1299.8
1200070 1299.8
1200080 1295.6
1200090 1290.2
1200100 1290.2
1200110 1284.5
1200120 1279.1
1200130 1279.1
1200140 1272.9
1200150 1265.9
1200160 1267.9
1200170 1261.1
1200180 1257.9
1200190 1256.6
1200200 1256.6
1200210 1254.4
1200220 1251.3
1200230 1251.3
1200240 1249.5
1200250 1248.1
1200260 1248.1
1200270 1246.4
1200280 1245.2
1200290 1245.2
1200300 1244.7
1200310 1243.6
1200320 1243.6
1200330 1241.5
1200340 1239.5
1200350 1239.5
1200360 1237.9
1200370 1235.4
1200380 1235.4
1200390 1233.0
1200400 1230.4
1200410 1228.4
1200420 1228.4
1200430 1226.3
1200440 1223.9
1200450 1223.9
1200460 1222.1
1200470 1219.4
1200480 1219.4
1200490 1216.9
1200500 1214.2
1200510 1214.2
1200520 1212.6
1200530 1213.3
1200540 1213.3
1200550 1213.9
1200560 1214.2
1200570 1214.2
1200580 1213.5
1200590 1211.9
1200600 1211.9
1200610 1207.7
1200620 1207.1
1200630 1206.5
1200640 1206.5
1200650 1205.7
1200660 1206.2
1200670 1206.2
1200680 1207.0
1200690 1207.4
1200700 1207.4
1200710 1209.0
1200720 1210.6
1200730 1210.6
1200740 1212.1
1200750 1214.0
1200760 1214.0
1200770 1216.8
1200780 1218.9
1200790 1218.9
1200800 1220.9
1200810 1223.4
1200820 1223.4
1200830 1226.1
1200840 1229.4
1200850 1229.4
1200860 1231.7
1200870 1232.9
1200880 1234.4
1200890 1234.4
1200900 1236.2
1200910 1237.0
1200920 1237.0
1200930 1238.0
1200940 1239.5
1200950 1239.5
1200960 1241.2
1200970 1241.7
1200980 1241.7
1200990 1241.2
1201000 1240.0
1201010 1240.0
1201020 1238.9
1201030 1237.3
1201040 1237.3
1201050 1237.8
1201060 1235.6
1201070 1235.6
1201080 1231.3
1201090 1222.4
1201100 1213.6
1201110 1213.6
1201120 1206.0
1201130 1199.0
1201140 1199.0
1201150 1192.3
1201160 1186.2
1201170 1186.2
1201180 1179.9
1201190 1173.1
1201200 1173.1
1201210 1166.2
1201220 1160.1
1201230 1160.1
1201240 1155.0
1201250 1152.1
1201260 1152.1
1201270 1151.9
1201280 1152.3
1201290 1152.3
1201300 1150.7
1201310 1144.5
1201320 1144.5
1201330 1142.9
1201340 1144.9
1201350 1148.5
1201360 1148.5
1201370 1153.3
1201380 1159.8
1201390 1159.8
1201400 1166.1
1201410 1172.2
1201420 1172.2
1201430 1179.3
1201440 1188.2
1201450 1188.2
1201460 1196.4
1201470 1198.1
1201480 1198.1
1201490 1198.3
1201500 1196.0
1201510 1196.0
1201520 1195.7
1201530 1195.8
1201540 1195.8
1201550 1196.4
1201560 1196.9
1201570 1197.4
1201580 1197.4
1201590 1197.6
1201600 1197.8
1201610 1197.8
1201620 1197.5
1201630 1197.7
1201640 1197.7
1201650 1197.9
1201660 1197.5
1201670 1197.5
1201680 1196.9
1201690 1196.4
1201700 1196.4
1201710 1197.2
1201720 1199.0
1201730 1199.0
1201740 1200.5
1201750 1202.0
1201760 1202.0
1201770 1203.2
1201780 1204.3
1201790 1204.9
1201800 1204.9
1201810 1206.5
1201820 1207.9
1201830 1207.9
1201840 1210.2
1201850 1213.2
1201860 1213.2
1201870 1216.3
1201880 1219.5
1201890 1219.5
1201900 1223.3
1201910 1227.1
1201920 1227.1
1201930 1231.1
1201940 1235.4
1201950 1234.9
1201960 1239.1
1201970 1243.1
1201980 1243.1
1201990 1247.6
1202000 1252.3
1202010 1252.3
1202020 1257.5
1202030 1263.1
1202040 1268.7
1202050 1268.7
1202060 1274.4
1202070 1280.3
1202080 1280.3
1202090 1285.2
1202100 1289.7
1202110 1289.7
1202120 1294.2
1202130 1298.8
1202140 1298.8
1202150 1302.8
1202160 1307.1
1202170 1307.1
1202180 1312.0
1202190 1316.3
1202200 1316.3
1202210 1321.8
1202220 1328.5
1202230 1328.5
1202240 1339.1
1202250 1346.1
1202260 1351.9
1202270 1351.9
1202280 1357.8
1202290 1363.6
1202300 1363.6
1202310 1369.3
1202320 1375.3
1202330 1375.3
1202340 1381.7
1202350 1387.6
1202360 1387.6
1202370 1394.1
1202380 1400.5
1202390 1400.5
1202400 1404.3
1202410 1410.2
1202420 1410.2
1202430 1416.6
1202440 1422.5
1202450 1422.5
1202460 1427.8
1202470 1433.0
1202480 1437.8
1202490 1437.8
1202500 1443.9
1202510 1449.5
1202520 1449.5
1202530 1453.2
1202540 1458.2
1202550 1458.2
1202560 1463.2
1202570 1467.8
1202580 1467.8
1202590 1471.9
1202600 1475.4
1202610 1475.4
1202620 1478.4
1202630 1481.6
1202640 1481.6
1202650 1486.1
1202660 1491.4
1202670 1491.4
1202680 1496.3
1202690 1501.5
1202700 1501.5
1202710 1506.6
1202720 1511.6
1202730 1516.2
1202740 1516.2
1202750 1521.3
1202760 1525.4
1202770 1525.4
1202780 1527.7
1202790 1527.7
1202800 1527.7
1202810 1527.0
1202820 1526.6
1202830 1526.6
1202840 1527.1
1202850 1524.9
1202860 1524.9
1202870 1528.0
1202880 1530.4
1202890 1530.4
1202900 1533.3
1202910 1535.9
1202920 1535.9
1202930 1538.1
1202940 1541.5
1202950 1547.0
1202960 1547.0
1202970 1552.1
1202980 1557.0
1202990 1557.0
1203000 1561.0
1203010 1565.1
1203020 1565.1
1203030 1569.0
1203040 1572.4
1203050 1572.4
1203060 1573.9
1203070 1573.0
1203080 1573.0
1203090 1570.3
1203100 1568.5
1203110 1568.5
1203120 1570.9
1203130 1576.6
1203140 1576.6
1203150 1583.2
1203160 1590.4
1203170 1596.3
1203180 1596.3
1203190 1598.9
1203200 1596.2
1203210 1596.2
1203220 1592.9
1203230 1590.0
1203240 1590.0
1203250 1586.7
1203260 1582.9
1203270 1582.9
1203280 1582.8
1203290 1587.6
1203300 1584.2
1203310 1591.3
1203320 1597.4
1203330 1597.4
1203340 1603.5
1203350 1609.5
1203360 1609.5
1203370 1616.9
1203380 1625.4
1203390 1625.4
1203400 1629.6
1203410 1634.0
1203420 1637.0
1203430 1637.0
1203440 1640.2
1203450 1643.4
1203460 1643.4
1203470 1645.4
1203480 1647.1
1203490 1647.1
1203500 1647.1
1203510 1646.2
1203520 1646.2
1203530 1647.3
1203540 1648.6
1203550 1648.6
1203560 1651.9
1203570 1654.7
1203580 1654.7
1203590 1659.9
1203600 1665.8
1203610 1665.8
1203620 1672.7
1203630 1685.0
1203640 1689.6
1203650 1689.6
1203660 1688.3
1203670 1688.9
1203680 1688.9
1203690 1693.3
1203700 1697.0
1203710 1697.0
1203720 1700.7
1203730 1704.7
1203740 1704.7
1203750 1704.2
1203760 1709.0
1203770 1709.0
1203780 1712.7
1203790 1714.5
1203800 1714.5
1203810 1714.8
1203820 1715.4
1203830 1715.4
1203840 1716.5
1203850 1719.1
1203860 1721.6
1203870 1721.6
1203880 1722.7
1203890 1721.2
1203900 1721.2
1203910 1716.7
1203920 1715.3
1203930 1715.3
1203940 1717.2
1203950 1720.9
1203960 1720.9
1203970 1725.0
1203980 1731.8
1203990 1731.8
1204000 1739.6
1204010 1747.8
1204020 1747.8
1204030 1755.8
1204040 1763.3
1204050 1763.3
1204060 1770.6
1204070 1777.6
1204080 1777.6
1204090 1785.0
1204100 1792.3
1204110 1800.4
1204120 1800.4
1204130 1807.3
1204140 1814.1
1204150 1814.1
1204160 1820.6
1204170 1826.3
1204180 1826.3
1204190 1832.6
1204200 1841.9
1204210 1841.9
1204220 1850.4
1204230 1853.2
1204240 1853.2
1204250 1851.3
1204260 1850.4
1204270 1850.4
1204280 1851.3
1204290 1850.2
1204300 1850.2
1204310 1847.4
1204320 1847.7
1204330 1847.6
1204340 1847.6
1204350 1846.6
1204360 1845.4
1204370 1845.4
1204380 1846.2
1204390 1848.9
1204400 1848.9
1204410 1852.6
1204420 1857.4
1204430 1857.4
1204440 1863.8
1204450 1870.9
1204460 1870.9
1204470 1878.6
1204480 1885.1
1204490 1885.1
1204500 1889.5
1204510 1895.0
1204520 1895.0
1204530 1898.1
1204540 1903.5
1204550 1910.7
1204560 1910.7
1204570 1916.9
1204580 1920.7
1204590 1920.7
1204600 1925.1
1204610 1928.5
1204620 1928.5
1204630 1932.0
1204640 1935.3
1204650 1935.3
1204660 1941.7
1204670 1947.3
1204680 1947.3
1204690 1954.3
1204700 1958.4
1204710 1958.4
1204720 1963.6
1204730 1972.3
1204740 1972.3
1204750 1980.7
1204760 1988.6
1204770 1988.6
1204780 1994.0
1204790 1997.6
1204800 2000.7
1204810 2000.7
1204820 2005.3
1204830 2010.2
1204840 2010.2
1204850 2016.2
1204860 2023.1
1204870 2023.1
1204880 2030.3
1204890 2035.8
1204900 2035.8
1204910 2040.3
1204920 2044.9
1204930 2044.9
1204940 2050.2
1204950 2054.5
1204960 2054.5
1204970 2057.7
1204980 2059.7
1204990 2059.7
1205000 2061.0
1205010 2064.2
1205020 2068.4
1205030 2068.4
1205040 2071.9
1205050 2074.3
1205060 2074.3
1205070 2077.5
1205080 2081.1
1205090 2081.1
1205100 2084.2
1205110 2082.9
1205120 2082.9
1205130 2086.5
1205140 2090.6
1205150 2090.6
1205160 2094.1
1205170 2096.9
1205180 2096.9
1205190 2099.0
1205200 2101.5
1205210 2101.5
1205220 2104.1
1205230 2106.5
1205240 2111.7
1205250 2111.7
1205260 2118.3
1205270 2122.2
1205280 2122.2
1205290 2125.9
1205300 2129.2
1205310 2129.2
1205320 2131.3
1205330 2134.3
1205340 2134.3
1205350 2138.0
1205360 2143.1
1205370 2143.1
1205380 2148.3
1205390 2155.0
1205400 2155.0
1205410 2163.3
1205420 2170.5
1205430 2170.5
1205440 2174.2
1205450 2176.5
1205460 2176.5
1205470 2179.1
1205480 2183.3
1205490 2189.7
1205500 2189.7
1205510 2197.4
1205520 2205.2
1205530 2205.2
1205540 2212.8
1205550 2220.3
1205560 2219.8
1205570 2227.3
1205580 2230.9
1205590 2230.9
1205600 2231.7
1205610 2234.1
1205620 2234.1
1205630 2235.9
1205640 2237.2
1205650 2237.2
1205660 2239.5
1205670 2241.6
1205680 2241.6
1205690 2240.7
1205700 2242.5
1205710 2245.1
1205720 2245.1
1205730 2248.3
1205740 2251.3
1205750 2251.3
1205760 2254.3
1205770 2256.5
1205780 2256.5
1205790 2257.4
1205800 2258.0
1205810 2258.0
1205820 2257.9
1205830 2257.3
1205840 2257.3
1205850 2256.3
1205860 2256.3
1205870 2256.3
1205880 2257.1
1205890 2257.7
1205900 2257.7
1205910 2258.3
1205920 2258.8
1205930 2259.4
1205940 2259.4
1205950 2260.0
1205960 2260.9
1205970 2260.9
1205980 2261.7
1205990 2262.5
1206000 2262.5
1206010 2264.2
1206020 2263.7
1206030 2263.7
1206040 2267.1
1206050 2271.5
1206060 2271.5
1206070 2275.8
1206080 2279.3
1206090 2279.3
1206100 2282.3
1206110 2285.1
1206120 2285.1
1206130 2287.4
1206140 2289.7
1206150 2289.7
1206160 2292.5
1206170 2297.2
1206180 2303.0
1206190 2303.0
1206200 2308.5
1206210 2311.8
1206220 2311.8
1206230 2315.0
1206240 2316.5
1206250 2316.5
1206260 2317.5
1206270 2320.8
1206280 2320.8
1206290 2324.7
1206300 2327.8
1206310 2327.8
1206320 2330.2
1206330 2332.2
1206340 2332.2
1206350 2335.3
1206360 2339.4
1206370 2339.4
1206380 2345.5
1206390 2350.1
1206400 2353.2
1206410 2353.2
1206420 2356.5
1206430 2360.5
1206440 2360.5
1206450 2365.5
1206460 2370.6
1206470 2369.1
1206480 2374.9
1206490 2379.6
1206500 2379.6
1206510 2384.3
1206520 2387.2
1206530 2387.2
1206540 2388.1
1206550 2390.2
1206560 2390.2
1206570 2391.6
1206580 2391.7
1206590 2391.7
1206600 2391.1
1206610 2391.7
1206620 2393.4
1206630 2393.4
1206640 2395.6
1206650 2398.1
1206660 2398.1
1206670 2400.4
1206680 2402.8
1206690 2402.8
1206700 2405.3
1206710 2407.5
1206720 2407.5
1206730 2409.2
1206740 2409.3
1206750 2409.3
1206760 2410.9
1206770 2413.8
1206780 2413.8
1206790 2418.3
1206800 2424.1
1206810 2424.1
1206820 2431.5
1206830 2439.1
1206840 2439.1
1206850 2446.6
1206860 2455.0
1206870 2463.2
1206880 2463.2
1206890 2467.3
1206900 2469.7
1206910 2469.7
1206920 2468.6
1206930 2469.5
1206940 2469.5
1206950 2470.0
1206960 2469.8
1206970 2469.8
1206980 2468.4
1206990 2468.3
1207000 2468.3
1207010 2471.1
1207020 2474.8
1207030 2474.8
1207040 2479.2
1207050 2483.5
1207060 2483.5
1207070 2489.9
1207080 2496.4
1207090 2501.1
1207100 2501.1
1207110 2505.6
1207120 2510.1
1207130 2510.1
1207140 2514.1
1207150 2517.5
1207160 2517.5
1207170 2521.6
1207180 2519.1
1207190 2519.1
1207200 2512.6
1207210 2508.9
1207220 2508.9
1207230 2504.6
1207240 2499.5
1207250 2499.5
1207260 2492.7
1207270 2487.4
1207280 2487.4
1207290 2480.5
1207300 2474.6
1207310 2472.3
1207320 2472.3
1207330 2469.8
1207340 2471.3
1207350 2471.3
1207360 2472.3
1207370 2472.4
1207380 2472.4
1207390 2473.4
1207400 2474.4
1207410 2474.4
1207420 2473.9
1207430 2473.2
1207440 2473.2
1207450 2471.8
1207460 2471.6
1207470 2471.6
1207480 2472.9
1207490 2475.6
1207500 2475.6
1207510 2474.3
1207520 2471.9
1207530 2471.9
1207540 2471.9
1207550 2472.5
1207560 2476.8
1207570 2476.8
1207580 2479.5
1207590 2481.5
1207600 2481.5
1207610 2481.1
1207620 2481.4
1207630 2481.4
1207640 2482.1
1207650 2481.8
1207660 2481.8
1207670 2482.3
1207680 2485.1
1207690 2485.1
1207700 2487.7
1207710 2489.1
1207720 2489.1
1207730 2489.7
1207740 2491.6
1207750 2491.6
1207760 2495.8
1207770 2501.5
1207780 2508.2
1207790 2508.2
1207800 2515.3
1207810 2521.6
1207820 2521.6
1207830 2529.1
1207840 2537.9
1207850 2536.9
1207860 2542.9
1207870 2547.5
1207880 2547.5
1207890 2552.0
1207900 2555.1
1207910 2555.1
1207920 2557.6
1207930 2560.1
1207940 2560.1
1207950 2563.0
1207960 2565.9
1207970 2565.9
1207980 2567.9
1207990 2569.1
1208000 2570.7
1208010 2570.7
1208020 2572.9
1208030 2573.4
1208040 2573.4
1208050 2572.2
1208060 2571.6
1208070 2571.6
1208080 2572.8
1208090 2572.7
1208100 2572.7
1208110 2570.2
1208120 2567.5
1208130 2567.5
1208140 2566.1
1208150 2565.9
1208160 2565.9
1208170 2567.8
1208180 2569.4
1208190 2569.4
1208200 2569.1
1208210 2569.0
1208220 2569.3
1208230 2569.3
1208240 2568.4
1208250 2567.1
1208260 2567.1
1208270 2567.5
1208280 2568.0
1208290 2568.0
1208300 2567.7
1208310 2565.9
1208320 2565.9
1208330 2563.1
1208340 2561.0
1208350 2561.0
1208360 2559.5
1208370 2557.2
1208380 2557.2
1208390 2555.7
1208400 2554.5
1208410 2554.5
1208420 2550.6
1208430 2548.0
1208440 2548.0
1208450 2544.9
1208460 2543.4
1208470 2541.3
1208480 2541.3
1208490 2539.0
1208500 2537.2
1208510 2537.2
1208520 2536.1
1208530 2533.4
1208540 2533.4
1208550 2532.5
1208560 2531.8
1208570 2531.8
1208580 2530.9
1208590 2532.6
1208600 2532.6
1208610 2534.8
1208620 2537.4
1208630 2537.4
1208640 2540.3
1208650 2543.2
1208660 2543.2
1208670 2545.9
1208680 2551.4
1208690 2559.4
1208700 2559.4
1208710 2567.8
1208720 2576.2
1208730 2576.2
1208740 2582.5
1208750 2588.2
1208760 2597.4
1208770 2609.9
1208780 2617.0
1208790 2617.0
1208800 2620.3
1208810 2622.7
1208820 2622.7
1208830 2627.7
1208840 2636.5
1208850 2636.5
1208860 2640.6
1208870 2639.3
1208880 2639.3
1208890 2633.9
1208900 2628.9
1208910 2627.1
1208920 2627.1
1208930 2626.1
1208940 2628.3
1208950 2628.3
1208960 2629.8
1208970 2630.8
1208980 2630.8
1208990 2632.3
1209000 2633.8
1209010 2633.8
1209020 2635.6
1209030 2637.8
1209040 2637.8
1209050 2640.9
1209060 2645.1
1209070 2645.1
1209080 2650.3
1209090 2656.3
1209100 2656.3
1209110 2662.3
1209120 2668.9
1209130 2668.9
1209140 2676.0
1209150 2683.0
1209160 2689.7
1209170 2689.7
1209180 2697.1
1209190 2703.5
1209200 2703.5
1209210 2709.4
1209220 2718.3
1209230 2718.3
1209240 2725.4
1209250 2731.9
1209260 2731.9
1209270 2738.1
1209280 2744.3
1209290 2744.3
1209300 2750.5
1209310 2756.4
1209320 2756.4
1209330 2761.5
1209340 2765.7
1209350 2765.7
1209360 2770.7
1209370 2776.6
1209380 2782.6
1209390 2782.6
1209400 2788.9
1209410 2795.1
1209420 2795.1
1209430 2801.4
1209440 2807.5
1209450 2807.5
1209460 2814.7
1209470 2820.7
1209480 2820.7
1209490 2826.6
1209500 2832.9
1209510 2832.9
1209520 2839.5
1209530 2845.4
1209540 2845.4
1209550 2851.8
1209560 2857.7
1209570 2857.7
1209580 2862.6
1209590 2867.4
1209600 2872.5
1209610 2872.5
1209620 2877.9
1209630 2882.8
1209640 2882.8
1209650 2887.9
1209660 2892.7
1209670 2892.7
1209680 2897.7
1209690 2906.5
1209700 2906.5
1209710 2908.5
1209720 2899.7
1209730 2899.7
1209740 2888.9
1209750 2882.7
1209760 2882.7
1209770 2877.9
1209780 2874.5
1209790 2874.5
1209800 2871.7
1209810 2868.1
1209820 2868.1
1209830 2862.8
1209840 2858.7
1209850 2854.1
1209860 2854.1
1209870 2849.6
1209880 2845.6
1209890 2845.6
1209900 2842.7
1209910 2837.9
1209920 2837.9
1209930 2825.5
1209940 2811.1
1209950 2811.1
1209960 2802.8
1209970 2796.4
1209980 2796.4
1209990 2784.3
1210000 2767.4
1210010 2767.4
1210020 2755.5
1210030 2746.5
1210040 2746.5
1210050 2732.0
1210060 2722.6
1210070 2717.2
1210080 2717.2
1210090 2710.4
1210100 2703.5
1210110 2703.5
1210120 2697.9
1210130 2692.9
1210140 2692.9
1210150 2692.1
1210160 2686.3
1210170 2686.3
1210180 2680.1
1210190 2675.6
1210200 2675.6
1210210 2672.7
1210220 2670.6
1210230 2670.6
1210240 2671.6
1210250 2671.1
1210260 2671.1
1210270 2667.3
1210280 2667.3
1210290 2665.2
1210300 2665.2
1210310 2653.6
1210320 2644.0
1210330 2644.0
1210340 2640.5
1210350 2644.6
1210360 2644.6
1210370 2650.1
1210380 2657.0
1210390 2657.0
1210400 2657.8
1210410 2652.0
1210420 2652.0
1210430 2648.0
1210440 2649.9
1210450 2649.9
1210460 2647.4
1210470 2641.1
1210480 2641.1
1210490 2630.9
1210500 2616.7
1210510 2616.7
1210520 2604.0
1210530 2583.2
1210540 2571.4
1210550 2571.4
1210560 2562.3
1210570 2556.3
1210580 2556.3
1210590 2557.6
1210600 2561.3
1210610 2572.8
1210620 2568.9
1210630 2558.5
1210640 2558.5
1210650 2544.7
1210660 2532.9
1210670 2532.9
1210680 2523.9
1210690 2513.4
1210700 2513.4
1210710 2505.3
1210720 2501.1
1210730 2501.1
1210740 2495.4
1210750 2489.0
1210760 2480.9
1210770 2480.9
1210780 2475.1
1210790 2471.0
1210800 2471.0
1210810 2466.2
1210820 2452.0
1210830 2452.0
1210840 2423.7
1210850 2403.0
1210860 2403.0
1210870 2392.8
1210880 2386.8
1210890 2386.8
1210900 2380.7
1210910 2375.5
1210920 2375.5
1210930 2367.9
1210940 2358.3
1210950 2358.3
1210960 2349.5
1210970 2345.3
1210980 2342.9
1210990 2342.9
1211000 2341.9
1211010 2338.6
1211020 2338.6
1211030 2333.9
1211040 2328.5
1211050 2328.5
1211060 2321.7
1211070 2324.3
1211080 2324.3
1211090 2318.2
1211100 2312.0
1211110 2312.0
1211120 2312.9
1211130 2316.6
1211140 2316.6
1211150 2311.5
1211160 2303.7
1211170 2303.7
1211180 2291.1
1211190 2278.3
1211200 2278.3
1211210 2274.1
1211220 2271.7
1211230 2267.2
1211240 2267.2
1211250 2259.0
1211260 2251.0
1211270 2251.0
1211280 2240.2
1211290 2228.9
1211300 2228.9
1211310 2220.5
1211320 2212.3
1211330 2212.3
1211340 2205.3
1211350 2199.7
1211360 2199.7
1211370 2194.2
1211380 2187.4
1211390 2187.4
1211400 2180.8
1211410 2174.6
1211420 2174.6
1211430 2168.2
1211440 2160.8
1211450 2147.4
1211460 2147.4
1211470 2137.3
1211480 2129.0
1211490 2129.0
1211500 2118.7
1211510 2106.6
1211520 2106.6
1211530 2089.6
1211540 2081.1
1211550 2081.1
1211560 2074.1
1211570 2065.8
1211580 2065.8
1211590 2056.5
1211600 2047.7
1211610 2047.7
1211620 2040.0
1211630 2032.8
1211640 2032.8
1211650 2026.0
1211660 2020.5
1211670 2015.0
1211680 2015.0
1211690 2009.2
1211700 2003.3
1211710 2003.3
1211720 1996.8
1211730 1991.2
1211740 1991.2
1211750 1984.3
1211760 1977.2
1211770 1977.2
1211780 1969.7
1211790 1961.8
1211800 1961.8
1211810 1953.7
1211820 1947.1
1211830 1947.1
1211840 1940.9
1211850 1935.3
1211860 1935.3
1211870 1929.3
1211880 1922.4
1211890 1922.4
1211900 1915.3
1211910 1908.3
1211920 1902.1
1211930 1902.1
1211940 1896.8
1211950 1891.5
1211960 1891.5
1211970 1886.8
1211980 1883.1
1211990 1883.1
1212000 1881.1
1212010 1878.5
1212020 1878.5
1212030 1876.9
1212040 1876.3
1212050 1876.3
1212060 1876.0
1212070 1875.4
1212080 1875.4
1212090 1874.4
1212100 1873.1
1212110 1873.1
1212120 1872.3
1212130 1870.7
1212140 1869.2
1212150 1869.2
1212160 1867.1
1212170 1865.5
1212180 1865.5
1212190 1863.3
1212200 1862.1
1212210 1862.1
1212220 1863.0
1212230 1865.6
1212240 1865.6
1212250 1867.4
1212260 1866.7
1212270 1866.7
1212280 1865.7
1212290 1865.6
1212300 1865.6
1212310 1867.6
1212320 1871.5
1212330 1871.5
1212340 1876.3
1212350 1881.8
1212360 1886.8
1212370 1886.8
1212380 1891.7
1212390 1897.4
1212400 1897.4
1212410 1902.4
1212420 1907.1
1212430 1907.1
1212440 1911.3
1212450 1914.2
1212460 1914.2
1212470 1924.1
1212480 1935.9
1212490 1935.9
1212500 1950.1
1212510 1960.4
1212520 1960.4
1212530 1966.5
1212540 1972.0
1212550 1972.0
1212560 1978.4
1212570 1983.4
1212580 1983.4
1212590 1987.4
1212600 1993.2
1212610 2000.5
1212620 2000.5
1212630 2007.1
1212640 2011.8
1212650 2011.8
1212660 2015.9
1212670 2020.5
1212680 2020.5
1212690 2025.8
1212700 2030.9
1212710 2030.9
1212720 2036.2
1212730 2042.0
1212740 2042.0
1212750 2048.7
1212760 2054.7
1212770 2054.7
1212780 2060.8
1212790 2067.1
1212800 2067.1
1212810 2073.0
1212820 2078.9
1212830 2085.5
1212840 2085.5
1212850 2091.6
1212860 2097.2
1212870 2097.2
1212880 2098.2
1212890 2091.3
1212900 2091.3
1212910 2083.9
1212920 2076.4
1212930 2076.4
1212940 2066.9
1212950 2059.3
1212960 2059.3
1212970 2051.8
1212980 2044.5
1212990 2044.5
1213000 2037.2
1213010 2030.1
1213020 2030.1
1213030 2023.0
1213040 2016.1
1213050 2009.0
1213060 2009.0
1213070 2002.3
1213080 1996.1
1213090 1996.1
1213100 1990.4
1213110 1985.1
1213120 1985.1
1213130 1979.2
1213140 1973.5
1213150 1973.5
1213160 1968.1
1213170 1962.1
1213180 1962.1
1213190 1955.3
1213200 1949.3
1213210 1949.3
1213220 1944.3
1213230 1939.2
1213240 1939.2
1213250 1933.6
1213260 1928.2
1213270 1928.2
1213280 1922.6
1213290 1916.7
1213300 1910.9
1213310 1910.9
1213320 1905.6
1213330 1900.1
1213340 1900.1
1213350 1893.9
1213360 1887.6
1213370 1887.6
1213380 1880.7
1213390 1873.6
1213400 1873.6
1213410 1865.7
1213420 1858.4
1213430 1858.4
1213440 1851.3
1213450 1844.6
1213460 1844.6
1213470 1838.3
1213480 1832.3
1213490 1832.3
1213500 1826.5
1213510 1821.1
1213520 1815.9
1213530 1815.9
1213540 1810.2
1213550 1804.8
1213560 1804.8
1213570 1799.3
1213580 1793.7
1213590 1793.7
1213600 1788.2
1213610 1782.8
1213620 1782.8
1213630 1777.7
1213640 1772.2
1213650 1772.2
1213660 1767.1
1213670 1762.3
1213680 1762.3
1213690 1757.2
1213700 1752.1
1213710 1752.1
1213720 1747.7
1213730 1742.4
1213740 1737.1
1213750 1737.1
1213760 1731.8
1213770 1726.5
1213780 1726.5
1213790 1721.5
1213800 1716.6
1213810 1716.6
1213820 1711.9
1213830 1707.3
1213840 1707.3
1213850 1702.4
1213860 1699.6
1213870 1698.4
1213880 1693.8
1213890 1689.5
1213900 1689.5
1213910 1684.8
1213920 1679.5
1213930 1679.5
1213940 1673.8
1213950 1667.5
1213960 1667.5
1213970 1661.0
1213980 1654.0
1213990 1646.8
1214000 1646.8
1214010 1639.8
1214020 1632.8
1214030 1632.8
1214040 1625.5
1214050 1617.6
1214060 1617.6
1214070 1607.4
1214080 1598.6
1214090 1598.6
1214100 1591.5
1214110 1584.9
1214120 1584.9
1214130 1578.5
1214140 1573.7
1214150 1573.7
1214160 1568.1
1214170 1562.6
1214180 1562.6
1214190 1557.2
1214200 1552.4
1214210 1548.0
1214220 1548.0
1214230 1543.2
1214240 1538.2
1214250 1538.2
1214260 1533.7
1214270 1529.0
1214280 1529.0
1214290 1525.8
1214300 1521.6
1214310 1521.6
1214320 1519.0
1214330 1516.6
1214340 1517.1
1214350 1514.3
1214360 1512.1
1214370 1512.1
1214380 1510.1
1214390 1507.9
1214400 1507.9
1214410 1505.7
1214420 1503.7
1214430 1501.6
1214440 1501.6
1214450 1499.7
1214460 1498.3
1214470 1498.3
1214480 1497.2
1214490 1496.1
1214500 1496.1
1214510 1495.4
1214520 1495.3
1214530 1495.3
1214540 1495.5
1214550 1495.7
1214560 1495.7
1214570 1495.5
1214580 1495.7
1214590 1495.7
1214600 1494.4
1214610 1493.3
1214620 1493.3
1214630 1492.1
1214640 1489.5
1214650 1489.5
1214660 1487.2
1214670 1485.1
1214680 1484.2
1214690 1484.2
1214700 1483.9
1214710 1484.4
1214720 1484.4
1214730 1485.0
1214740 1484.9
1214750 1484.9
1214760 1484.7
1214770 1485.1
1214780 1485.1
1214790 1485.1
1214800 1485.7
1214810 1492.0
1214820 1492.3
1214830 1491.8
1214840 1491.8
1214850 1491.1
1214860 1490.3
1214870 1490.3
1214880 1489.3
1214890 1486.0
1214900 1481.5
1214910 1481.5
1214920 1477.9
1214930 1474.0
1214940 1474.0
1214950 1470.4
1214960 1467.6
1214970 1467.6
1214980 1464.3
1214990 1461.1
1215000 1461.1
1215010 1457.8
1215020 1455.1
1215030 1455.1
1215040 1452.7
1215050 1449.7
1215060 1449.7
1215070 1446.3
1215080 1442.5
1215090 1442.5
1215100 1438.4
1215110 1434.9
1215120 1431.1
1215130 1431.1
1215140 1427.4
1215150 1423.4
1215160 1423.4
1215170 1419.4
1215180 1415.3
1215190 1415.3
1215200 1412.4
1215210 1409.2
1215220 1409.2
1215230 1405.3
1215240 1400.6
1215250 1400.6
1215260 1397.2
1215270 1394.3
1215280 1393.4
1215290 1392.2
1215300 1391.1
1215310 1391.1
1215320 1389.8
1215330 1388.3
1215340 1388.3
1215350 1386.4
1215360 1385.3
1215370 1383.7
1215380 1383.7
1215390 1382.0
1215400 1380.2
1215410 1380.2
1215420 1378.0
1215430 1377.2
1215440 1377.2
1215450 1376.9
1215460 1376.2
1215470 1376.2
1215480 1375.0
1215490 1374.3
1215500 1374.3
1215510 1374.0
1215520 1373.5
1215530 1373.5
1215540 1372.4
1215550 1371.2
1215560 1371.2
1215570 1370.2
1215580 1370.0
1215590 1370.1
1215600 1370.1
1215610 1370.3
1215620 1370.1
1215630 1370.1
1215640 1369.8
1215650 1369.4
1215660 1369.4
1215670 1368.4
1215680 1367.2
1215690 1367.2
1215700 1366.7
1215710 1366.7
1215720 1366.7
1215730 1366.6
1215740 1365.9
1215750 1365.9
1215760 1366.0
1215770 1365.6
1215780 1365.6
1215790 1364.8
1215800 1363.9
1215810 1363.7
1215820 1363.7
1215830 1363.6
1215840 1363.1
1215850 1363.1
1215860 1364.0
1215870 1365.3
1215880 1365.3
1215890 1365.6
1215900 1364.8
1215910 1364.8
1215920 1363.0
1215930 1360.9
1215940 1360.9
1215950 1358.2
1215960 1355.8
1215970 1355.8
1215980 1354.4
1215990 1353.9
1216000 1353.9
1216010 1352.7
1216020 1351.6
1216030 1351.6
1216040 1350.5
1216050 1348.9
1216060 1347.7
1216070 1347.7
1216080 1346.5
1216090 1345.2
1216100 1345.2
1216110 1344.0
1216120 1342.3
1216130 1342.3
1216140 1340.6
1216150 1338.6
1216160 1338.6
1216170 1336.7
1216180 1334.7
1216190 1334.7
1216200 1332.4
1216210 1329.5
1216220 1329.5
1216230 1330.3
1216240 1325.7
1216250 1325.7
1216260 1318.8
1216270 1314.4
1216280 1308.1
1216290 1308.1
1216300 1301.5
1216310 1295.9
1216320 1295.9
1216330 1291.6
1216340 1287.1
1216350 1287.1
1216360 1282.8
1216370 1278.9
1216380 1278.9
1216390 1275.4
1216400 1271.1
1216410 1271.1
1216420 1267.3
1216430 1263.6
1216440 1263.6
1216450 1259.9
1216460 1256.3
1216470 1256.3
1216480 1253.0
1216490 1249.6
1216500 1246.2
1216510 1246.2
1216520 1243.5
1216530 1240.5
1216540 1240.5
1216550 1237.9
1216560 1233.9
1216570 1233.9
1216580 1224.0
1216590 1216.1
1216600 1216.1
1216610 1212.0
1216620 1209.7
1216630 1209.7
1216640 1207.2
1216650 1204.2
1216660 1204.2
1216670 1200.6
1216680 1196.3
1216690 1196.3
1216700 1196.1
1216710 1190.5
1216720 1190.5
1216730 1184.2
1216740 1179.5
1216750 1173.5
1216760 1173.5
1216770 1168.2
1216780 1164.0
1216790 1164.0
1216800 1160.6
1216810 1157.9
1216820 1157.9
1216830 1155.7
1216840 1153.2
1216850 1153.2
1216860 1150.8
1216870 1148.5
1216880 1148.5
1216890 1146.7
1216900 1144.4
1216910 1144.4
1216920 1139.2
1216930 1130.2
1216940 1130.2
1216950 1121.5
1216960 1114.2
1216970 1107.2
1216980 1107.2
1216990 1101.4
1217000 1096.9
1217010 1096.9
1217020 1092.9
1217030 1089.5
1217040 1089.5
1217050 1088.1
1217060 1084.0
1217070 1084.0
1217080 1077.9
1217090 1073.6
1217100 1073.6
1217110 1071.2
1217120 1069.8
1217130 1069.8
1217140 1069.6
1217150 1070.0
1217160 1070.0
1217170 1070.2
1217180 1070.7
1217190 1068.6
1217200 1068.6
1217210 1063.4
1217220 1061.4
1217230 1061.4
1217240 1061.4
1217250 1061.8
1217260 1061.8
1217270 1060.9
1217280 1058.0
1217290 1058.0
1217300 1057.7
1217310 1057.8
1217320 1057.8
1217330 1058.6
1217340 1061.9
1217350 1061.9
1217360 1064.3
1217370 1065.1
1217380 1065.1
1217390 1062.8
1217400 1060.1
1217410 1060.1
1217420 1063.0
1217430 1071.4
1217440 1086.2
1217450 1086.2
1217460 1101.9
1217470 1114.2
1217480 1114.2
1217490 1122.3
1217500 1128.3
1217510 1128.3
1217520 1134.3
1217530 1140.3
1217540 1140.3
1217550 1146.4
1217560 1151.9
1217570 1151.9
1217580 1157.7
1217590 1163.4
1217600 1163.4
1217610 1169.5
1217620 1175.9
1217630 1175.9
1217640 1182.7
1217650 1187.3
1217660 1192.3
1217670 1192.3
1217680 1196.2
1217690 1202.1
1217700 1202.1
1217710 1209.3
1217720 1216.8
1217730 1216.8
1217740 1224.4
1217750 1233.9
1217760 1233.9
1217770 1247.5
1217780 1264.2
1217790 1264.2
1217800 1273.0
1217810 1280.7
1217820 1280.7
1217830 1289.0
1217840 1297.0
1217850 1297.0
1217860 1304.2
1217870 1311.5
1217880 1317.6
1217890 1317.6
1217900 1320.1
1217910 1309.1
1217920 1309.1
1217930 1304.0
1217940 1311.7
1217950 1311.7
1217960 1323.9
1217970 1333.8
1217980 1333.8
1217990 1345.4
1218000 1351.3
1218010 1351.3
1218020 1357.9
1218030 1370.4
1218040 1370.4
1218050 1377.0
1218060 1371.4
1218070 1371.4
1218080 1360.4
1218090 1359.2
1218100 1359.2
1218110 1367.3
1218120 1367.1
1218130 1364.3
1218140 1364.3
1218150 1373.6
1218160 1385.9
1218170 1385.9
1218180 1395.6
1218190 1407.1
1218200 1407.1
1218210 1419.8
1218220 1428.8
1218230 1428.8
1218240 1435.5
1218250 1442.6
1218260 1442.6
1218270 1446.9
1218280 1451.2
1218290 1451.2
1218300 1456.5
1218310 1462.6
1218320 1462.6
1218330 1469.7
1218340 1477.3
1218350 1485.3
1218360 1485.3
1218370 1493.2
1218380 1502.0
1218390 1502.0
1218400 1509.9
1218410 1513.0
1218420 1513.0
1218430 1513.9
1218440 1513.1
1218450 1513.1
1218460 1512.9
1218470 1513.5
1218480 1513.5
1218490 1514.6
1218500 1515.7
1218510 1515.7
1218520 1517.3
1218530 1519.0
1218540 1519.0
1218550 1521.8
1218560 1524.5
1218570 1527.6
1218580 1527.6
1218590 1531.2
1218600 1530.5
1218610 1530.5
1218620 1531.6
1218630 1533.1
1218640 1533.1
1218650 1534.9
1218660 1536.3
1218670 1536.3
1218680 1537.2
1218690 1535.1
1218700 1535.1
1218710 1534.1
1218720 1538.4
1218730 1538.4
1218740 1543.9
1218750 1547.4
1218760 1547.4
1218770 1552.9
1218780 1556.3
1218790 1556.3
1218800 1557.9
1218810 1560.8
1218820 1562.8
1218830 1562.8
1218840 1565.0
1218850 1567.7
1218860 1567.7
1218870 1573.0
1218880 1576.2
1218890 1576.2
1218900 1577.2
1218910 1579.8
1218920 1579.8
1218930 1584.6
1218940 1587.4
1218950 1587.4
1218960 1588.6
1218970 1588.2
1218980 1588.2
1218990 1589.3
1219000 1590.2
1219010 1590.2
1219020 1590.3
1219030 1590.9
1219040 1593.0
1219050 1593.0
1219060 1594.7
1219070 1595.2
1219080 1598.2
1219090 1596.4
1219100 1591.9
1219110 1591.9
1219120 1588.0
1219130 1591.4
1219140 1591.4
1219150 1599.3
1219160 1605.3
1219170 1605.3
1219180 1609.5
1219190 1612.7
1219200 1612.7
1219210 1614.5
1219220 1615.5
1219230 1615.5
1219240 1617.2
1219250 1619.0
1219260 1621.0
1219270 1621.0
1219280 1623.3
1219290 1625.5
1219300 1625.5
1219310 1624.8
1219320 1628.8
1219330 1628.8
1219340 1631.8
1219350 1632.5
1219360 1632.5
1219370 1634.6
1219380 1637.7
1219390 1637.7
1219400 1640.1
1219410 1642.1
1219420 1642.1
1219430 1643.6
1219440 1645.4
1219450 1645.4
1219460 1648.1
1219470 1652.0
1219480 1652.0
1219490 1656.1
1219500 1657.9
1219510 1658.6
1219520 1658.6
1219530 1660.1
1219540 1662.9
1219550 1662.9
1219560 1665.5
1219570 1665.4
1219580 1665.4
1219590 1664.2
1219600 1659.0
1219610 1659.0
1219620 1655.0
1219630 1653.2
1219640 1653.2
1219650 1654.0
1219660 1654.9
1219670 1654.9
1219680 1656.6
1219690 1658.2
1219700 1658.2
1219710 1663.0
1219720 1669.5
1219730 1675.2
1219740 1675.2
1219750 1677.8
1219760 1678.5
1219770 1678.5
1219780 1686.2
1219790 1688.9
1219800 1688.9
1219810 1686.1
1219820 1680.6
1219830 1680.6
1219840 1671.7
1219850 1664.8
1219860 1664.8
1219870 1659.9
1219880 1658.2
1219890 1658.2
1219900 1657.4
1219910 1658.4
1219920 1658.4
1219930 1659.2
1219940 1659.5
1219950 1658.8
1219960 1658.8
1219970 1656.9
1219980 1656.4
1219990 1656.4
