1200000 1643.8
1200010 1646.5
1200020 1649.5
1200030 1649.5
1200040 1652.9
1200050 1654.5
1200060 1654.5
1200070 1656.3
1200080 1658.7
1200090 1658.7
1200100 1660.3
1200110 1661.3
1200120 1661.3
1200130 1668.6
1200140 1673.6
1200150 1673.6
1200160 1676.6
1200170 1679.4
1200180 1679.4
1200190 1682.9
1200200 1679.8
1200210 1686.1
1200220 1686.1
1200230 1692.5
1200240 1694.2
1200250 1694.2
1200260 1696.0
1200270 1699.2
1200280 1699.2
1200290 1704.8
1200300 1716.8
1200310 1716.8
1200320 1723.1
1200330 1727.0
1200340 1727.0
1200350 1730.3
1200360 1733.3
1200370 1733.3
1200380 1737.1
1200390 1739.5
1200400 1739.5
1200410 1744.5
1200420 1753.4
1200430 1758.3
1200440 1758.3
1200450 1762.4
1200460 1765.4
1200470 1765.4
1200480 1767.0
1200490 1770.7
1200500 1770.7
1200510 1775.5
1200520 1780.5
1200530 1780.5
1200540 1783.9
1200550 1786.1
1200560 1786.1
1200570 1787.6
1200580 1788.8
1200590 1788.8
1200600 1790.8
1200610 1793.3
1200620 1793.3
1200630 1796.2
1200640 1792.1
1200650 1792.1
1200660 1794.3
1200670 1796.7
1200680 1798.6
1200690 1798.6
1200700 1799.2
1200710 1798.4
1200720 1798.4
1200730 1799.0
1200740 1801.4
1200750 1801.4
1200760 1805.2
1200770 1808.0
1200780 1808.0
1200790 1811.1
1200800 1815.2
1200810 1815.2
1200820 1820.1
1200830 1824.6
1200840 1824.6
1200850 1827.2
1200860 1825.3
1200870 1825.3
1200880 1823.4
1200890 1827.1
1200900 1826.4
1200910 1826.4
1200920 1824.9
1200930 1823.7
1200940 1823.7
1200950 1822.5
1200960 1826.8
1200970 1826.8
1200980 1833.3
1200990 1839.7
1201000 1839.7
1201010 1845.7
1201020 1850.1
1201030 1850.1
1201040 1852.5
1201050 1853.5
1201060 1853.5
1201070 1853.8
1201080 1854.2
1201090 1847.2
1201100 1847.9
1201110 1850.0
1201120 1850.0
1201130 1854.1
1201140 1860.3
1201150 1866.9
1201160 1866.9
1201170 1874.0
1201180 1880.7
1201190 1880.7
1201200 1886.7
1201210 1891.2
1201220 1891.2
1201230 1893.8
1201240 1894.4
1201250 1894.4
1201260 1895.0
1201270 1897.6
1201280 1897.6
1201290 1902.3
1201300 1905.6
1201310 1905.6
1201320 1907.7
1201330 1909.8
1201340 1909.8
1201350 1912.7
1201360 1916.0
1201370 1920.3
1201380 1920.3
1201390 1925.1
1201400 1931.0
1201410 1931.0
1201420 1937.2
1201430 1943.6
1201440 1943.6
1201450 1950.2
1201460 1956.6
1201470 1956.6
1201480 1962.6
1201490 1969.0
1201500 1969.0
1201510 1975.2
1201520 1980.8
1201530 1980.8
1201540 1986.3
1201550 1991.9
1201560 1991.9
1201570 1997.3
1201580 2003.1
1201590 2003.1
1201600 2008.5
1201610 2012.9
1201620 2017.9
1201630 2017.9
1201640 2023.8
1201650 2029.7
1201660 2029.7
1201670 2035.9
1201680 2042.2
1201690 2042.2
1201700 2047.5
1201710 2052.3
1201720 2052.3
1201730 2057.1
1201740 2062.3
1201750 2062.3
1201760 2067.7
1201770 2072.7
1201780 2072.7
1201790 2077.2
1201800 2081.4
1201810 2081.4
1201820 2085.9
1201830 2090.3
1201840 2094.1
1201850 2094.1
1201860 2098.4
1201870 2103.3
1201880 2103.3
1201890 2107.9
1201900 2112.7
1201910 2112.7
1201920 2117.2
1201930 2120.7
1201940 2120.7
1201950 2126.3
1201960 2132.9
1201970 2132.9
1201980 2138.1
1201990 2131.2
1202000 2131.2
1202010 2134.1
1202020 2138.5
1202030 2138.5
1202040 2145.0
1202050 2151.9
1202060 2151.9
1202070 2159.3
1202080 2167.1
1202090 2175.4
1202100 2175.4
1202110 2183.9
1202120 2192.2
1202130 2192.2
1202140 2198.3
1202150 2203.0
1202160 2203.0
1202170 2207.7
1202180 2212.5
1202190 2212.5
1202200 2216.9
1202210 2222.1
1202220 2222.1
1202230 2227.6
1202240 2232.1
1202250 2232.1
1202260 2237.2
1202270 2241.7
1202280 2241.7
1202290 2246.1
1202300 2251.3
1202310 2256.5
1202320 2256.5
1202330 2260.8
1202340 2264.8
1202350 2264.8
1202360 2267.9
1202370 2270.7
1202380 2270.7
1202390 2273.1
1202400 2276.3
1202410 2276.3
1202420 2275.4
1202430 2275.0
1202440 2265.1
1202450 2268.9
1202460 2273.7
1202470 2273.7
1202480 2277.6
1202490 2282.5
1202500 2282.5
1202510 2287.9
1202520 2292.6
1202530 2298.5
1202540 2298.5
1202550 2304.9
1202560 2311.3
1202570 2311.3
1202580 2318.5
1202590 2327.2
1202600 2327.2
1202610 2336.2
1202620 2344.2
1202630 2344.2
1202640 2350.5
1202650 2358.1
1202660 2358.1
1202670 2367.3
1202680 2375.4
1202690 2375.4
1202700 2382.7
1202710 2390.0
1202720 2390.0
1202730 2397.5
1202740 2405.8
1202750 2405.8
1202760 2415.4
1202770 2424.7
1202780 2432.6
1202790 2432.6
1202800 2441.4
1202810 2452.3
1202820 2452.3
1202830 2462.9
1202840 2471.7
1202850 2471.7
1202860 2479.7
1202870 2487.0
1202880 2487.0
1202890 2499.5
1202900 2508.9
1202910 2508.9
1202920 2518.1
1202930 2524.3
1202940 2524.3
1202950 2531.8
1202960 2534.6
1202970 2534.6
1202980 2527.4
1202990 2522.5
1203000 2515.9
1203010 2515.9
1203020 2506.6
1203030 2496.1
1203040 2496.1
1203050 2488.7
1203060 2482.4
1203070 2482.4
1203080 2476.5
1203090 2471.5
1203100 2471.5
1203110 2468.8
1203120 2468.1
1203130 2468.1
1203140 2467.5
1203150 2467.4
1203160 2467.4
1203170 2467.7
1203180 2468.8
1203190 2468.8
1203200 2470.1
1203210 2470.0
1203220 2470.0
1203230 2469.1
1203240 2471.9
1203250 2475.8
1203260 2475.8
1203270 2479.9
1203280 2484.1
1203290 2484.1
1203300 2489.0
1203310 2493.5
1203320 2493.5
1203330 2499.5
1203340 2515.4
1203350 2515.4
1203360 2519.9
1203370 2525.0
1203380 2525.0
1203390 2529.2
1203400 2535.9
1203410 2535.9
1203420 2538.0
1203430 2538.9
1203440 2538.9
1203450 2540.2
1203460 2541.7
1203470 2542.9
1203480 2542.9
1203490 2543.9
1203500 2545.8
1203510 2545.8
1203520 2547.9
1203530 2550.4
1203540 2550.4
1203550 2553.3
1203560 2556.5
1203570 2556.5
1203580 2559.2
1203590 2561.8
1203600 2561.8
1203610 2564.1
1203620 2566.7
1203630 2566.7
1203640 2569.9
1203650 2572.6
1203660 2572.6
1203670 2574.2
1203680 2575.3
1203690 2575.3
1203700 2575.5
1203710 2574.5
1203720 2575.9
1203730 2575.9
1203740 2579.7
1203750 2579.0
1203760 2579.0
1203770 2579.2
1203780 2580.6
1203790 2582.8
1203800 2584.0
1203810 2586.2
1203820 2586.2
1203830 2589.5
1203840 2592.4
1203850 2592.4
1203860 2595.8
1203870 2599.7
1203880 2599.7
1203890 2605.1
1203900 2611.3
1203910 2611.3
1203920 2618.4
1203930 2630.6
1203940 2647.7
1203950 2647.7
1203960 2659.6
1203970 2666.9
1203980 2666.9
1203990 2672.2
1204000 2676.8
1204010 2676.8
1204020 2676.9
1204030 2671.5
1204040 2671.5
1204050 2668.7
1204060 2667.9
1204070 2667.9
1204080 2669.2
1204090 2669.5
1204100 2669.5
1204110 2669.4
1204120 2667.9
1204130 2667.9
1204140 2665.5
1204150 2664.5
1204160 2664.5
1204170 2663.5
1204180 2661.9
1204190 2660.7
1204200 2660.7
1204210 2659.0
1204220 2658.2
1204230 2658.2
1204240 2661.2
1204250 2660.5
1204260 2660.5
1204270 2658.9
1204280 2657.9
1204290 2657.9
1204300 2657.2
1204310 2655.9
1204320 2655.9
1204330 2653.6
1204340 2651.9
1204350 2651.9
1204360 2650.9
1204370 2648.9
1204380 2648.9
1204390 2644.4
1204400 2640.1
1204410 2636.4
1204420 2636.4
1204430 2635.7
1204440 2636.3
1204450 2636.3
1204460 2637.5
1204470 2639.1
1204480 2639.1
1204490 2639.0
1204500 2640.5
1204510 2640.5
1204520 2643.9
1204530 2647.7
1204540 2647.7
1204550 2652.0
1204560 2656.3
1204570 2656.3
1204580 2661.2
1204590 2664.9
1204600 2664.9
1204610 2669.6
1204620 2680.2
1204630 2689.3
1204640 2689.3
1204650 2697.2
1204660 2705.1
1204670 2705.1
1204680 2712.5
1204690 2718.4
1204700 2724.8
1204710 2732.2
1204720 2737.4
1204730 2737.4
1204740 2744.8
1204750 2751.9
1204760 2751.9
1204770 2755.9
1204780 2758.5
1204790 2758.5
1204800 2761.8
1204810 2766.9
1204820 2766.9
1204830 2772.8
1204840 2778.5
1204850 2778.5
1204860 2784.2
1204870 2790.2
1204880 2796.6
1204890 2796.6
1204900 2804.2
1204910 2813.5
1204920 2813.5
1204930 2824.6
1204940 2837.9
1204950 2837.9
1204960 2850.9
1204970 2861.6
1204980 2861.6
1204990 2870.4
1205000 2878.7
1205010 2878.7
1205020 2881.7
1205030 2882.9
1205040 2882.9
1205050 2883.2
1205060 2883.5
1205070 2883.5
1205080 2883.9
1205090 2884.9
1205100 2886.0
1205110 2886.0
1205120 2887.1
1205130 2881.7
1205140 2881.7
1205150 2879.5
1205160 2870.3
1205170 2870.3
1205180 2859.1
1205190 2847.3
1205200 2847.3
1205210 2835.0
1205220 2821.6
1205230 2821.6
1205240 2812.6
1205250 2806.0
1205260 2806.0
1205270 2799.3
1205280 2792.6
1205290 2792.6
1205300 2786.4
1205310 2780.8
1205320 2780.8
1205330 2776.2
1205340 2772.8
1205350 2771.1
1205360 2771.1
1205370 2769.9
1205380 2767.2
1205390 2767.2
1205400 2760.8
1205410 2753.4
1205420 2753.4
1205430 2741.9
1205440 2729.8
1205450 2729.8
1205460 2721.3
1205470 2715.2
1205480 2715.2
1205490 2710.9
1205500 2706.6
1205510 2706.6
1205520 2701.5
1205530 2694.5
1205540 2694.5
1205550 2687.8
1205560 2681.5
1205570 2675.6
1205580 2675.6
1205590 2670.4
1205600 2666.3
1205610 2666.3
1205620 2658.7
1205630 2651.7
1205640 2651.7
1205650 2646.2
1205660 2640.4
1205670 2640.4
1205680 2634.3
1205690 2628.0
1205700 2628.0
1205710 2622.2
1205720 2618.0
1205730 2618.0
1205740 2614.7
1205750 2612.0
1205760 2612.0
1205770 2610.6
1205780 2609.2
1205790 2609.2
1205800 2607.9
1205810 2607.1
1205820 2603.7
1205830 2603.7
1205840 2598.3
1205850 2595.7
1205860 2595.7
1205870 2595.9
1205880 2597.2
1205890 2597.2
1205900 2598.1
1205910 2598.3
1205920 2598.3
1205930 2597.0
1205940 2594.4
1205950 2594.4
1205960 2591.0
1205970 2588.5
1205980 2588.5
1205990 2586.0
1206000 2583.6
1206010 2583.6
1206020 2581.9
1206030 2579.5
1206040 2576.1
1206050 2576.1
1206060 2565.6
1206070 2562.1
1206080 2562.1
1206090 2558.6
1206100 2554.6
1206110 2554.6
1206120 2550.6
1206130 2546.0
1206140 2546.0
1206150 2541.4
1206160 2537.6
1206170 2537.6
1206180 2533.7
1206190 2530.5
1206200 2530.5
1206210 2528.2
1206220 2526.1
1206230 2526.1
1206240 2524.2
1206250 2521.8
1206260 2518.9
1206270 2518.9
1206280 2515.3
1206290 2512.3
1206300 2512.3
1206310 2509.3
1206320 2506.8
1206330 2506.8
1206340 2503.4
1206350 2500.3
1206360 2500.3
1206370 2495.7
1206380 2490.6
1206390 2490.6
1206400 2486.0
1206410 2481.6
1206420 2481.6
1206430 2477.6
1206440 2474.1
1206450 2474.1
1206460 2471.0
1206470 2468.2
1206480 2468.2
1206490 2465.4
1206500 2463.1
1206510 2461.1
1206520 2460.9
1206530 2459.6
1206540 2458.0
1206550 2458.0
1206560 2456.1
1206570 2453.9
1206580 2453.9
1206590 2451.5
1206600 2449.3
1206610 2449.3
1206620 2447.3
1206630 2444.8
1206640 2444.8
1206650 2441.5
1206660 2438.1
1206670 2438.1
1206680 2434.7
1206690 2431.8
1206700 2431.8
1206710 2428.9
1206720 2424.2
1206730 2421.2
1206740 2421.2
1206750 2418.7
1206760 2414.1
1206770 2414.1
1206780 2408.8
1206790 2405.2
1206800 2405.2
1206810 2402.2
1206820 2400.5
1206830 2400.5
1206840 2399.4
1206850 2397.1
1206860 2397.1
1206870 2392.9
1206880 2386.8
1206890 2386.8
1206900 2379.4
1206910 2372.7
1206920 2372.7
1206930 2366.9
1206940 2362.5
1206950 2362.5
1206960 2361.2
1206970 2356.0
1206980 2356.9
1206990 2356.9
1207000 2358.3
1207010 2358.9
1207020 2358.9
1207030 2357.7
1207040 2355.5
1207050 2355.5
1207060 2352.6
1207070 2348.2
1207080 2348.2
1207090 2342.6
1207100 2336.7
1207110 2336.7
1207120 2330.9
1207130 2325.6
1207140 2325.6
1207150 2320.5
1207160 2315.4
1207170 2315.4
1207180 2310.0
1207190 2305.2
1207200 2301.4
1207210 2301.4
1207220 2299.0
1207230 2296.5
1207240 2296.5
1207250 2293.0
1207260 2289.0
1207270 2289.0
1207280 2285.1
1207290 2281.4
1207300 2281.4
1207310 2278.0
1207320 2275.0
1207330 2275.0
1207340 2273.1
1207350 2270.5
1207360 2270.5
1207370 2265.6
1207380 2259.3
1207390 2259.3
1207400 2253.1
1207410 2246.7
1207420 2246.7
1207430 2238.2
1207440 2230.4
1207450 2222.9
1207460 2222.9
1207470 2215.1
1207480 2208.2
1207490 2208.2
1207500 2200.0
1207510 2192.7
1207520 2192.7
1207530 2185.6
1207540 2178.3
1207550 2178.3
1207560 2172.0
1207570 2166.6
1207580 2166.6
1207590 2161.1
1207600 2156.0
1207610 2156.0
1207620 2150.7
1207630 2145.5
1207640 2145.5
1207650 2140.4
1207660 2135.2
1207670 2130.3
1207680 2130.3
1207690 2125.5
1207700 2121.0
1207710 2121.0
1207720 2116.7
1207730 2112.2
1207740 2112.2
1207750 2108.0
1207760 2104.8
1207770 2104.8
1207780 2101.6
1207790 2098.1
1207800 2098.1
1207810 2094.9
1207820 2091.8
1207830 2091.8
1207840 2088.1
1207850 2085.2
1207860 2085.2
1207870 2082.3
1207880 2079.1
1207890 2078.6
1207900 2075.7
1207910 2073.5
1207920 2071.3
1207930 2071.3
1207940 2069.4
1207950 2067.5
1207960 2067.5
1207970 2065.6
1207980 2064.3
1207990 2064.3
1208000 2062.8
1208010 2060.6
1208020 2060.6
1208030 2060.1
1208040 2062.9
1208050 2062.9
1208060 2067.2
1208070 2071.6
1208080 2071.6
1208090 2076.3
1208100 2080.7
1208110 2080.7
1208120 2085.6
1208130 2091.8
1208140 2096.7
1208150 2096.7
1208160 2100.6
1208170 2104.4
1208180 2104.4
1208190 2109.4
1208200 2114.7
1208210 2114.7
1208220 2120.0
1208230 2125.6
1208240 2125.6
1208250 2131.1
1208260 2136.1
1208270 2136.1
1208280 2143.8
1208290 2154.2
1208300 2154.2
1208310 2163.7
1208320 2168.6
1208330 2168.6
1208340 2171.6
1208350 2176.9
1208360 2177.4
1208370 2177.4
1208380 2177.7
1208390 2179.2
1208400 2179.2
1208410 2183.1
1208420 2186.6
1208430 2186.6
1208440 2188.6
1208450 2189.8
1208460 2189.8
1208470 2192.5
1208480 2195.2
1208490 2195.2
1208500 2197.6
1208510 2199.9
1208520 2199.9
1208530 2203.1
1208540 2208.2
1208550 2208.2
1208560 2214.8
1208570 2220.5
1208580 2220.5
1208590 2225.9
1208600 2228.3
1208610 2229.9
1208620 2229.9
1208630 2231.8
1208640 2234.5
1208650 2234.5
1208660 2237.7
1208670 2241.9
1208680 2241.9
1208690 2245.7
1208700 2248.2
1208710 2248.2
1208720 2251.0
1208730 2254.0
1208740 2254.0
1208750 2258.2
1208760 2262.9
1208770 2262.9
1208780 2266.1
1208790 2268.0
1208800 2268.0
1208810 2275.2
1208820 2276.6
1208830 2278.7
1208840 2278.7
1208850 2280.7
1208860 2282.5
1208870 2282.5
1208880 2285.4
1208890 2287.9
1208900 2287.9
1208910 2289.8
1208920 2291.9
1208930 2291.9
1208940 2293.5
1208950 2293.7
1208960 2293.7
1208970 2291.9
1208980 2289.3
1208990 2289.3
1209000 2286.2
1209010 2283.3
1209020 2283.3
1209030 2280.6
1209040 2279.4
1209050 2279.4
1209060 2283.1
1209070 2286.5
1209080 2289.6
1209090 2289.6
1209100 2293.6
1209110 2297.8
1209120 2297.8
1209130 2300.9
1209140 2302.7
1209150 2302.7
1209160 2303.3
1209170 2305.0
1209180 2305.0
1209190 2309.2
1209200 2313.1
1209210 2313.1
1209220 2315.7
1209230 2317.1
1209240 2317.1
1209250 2320.8
1209260 2322.4
1209270 2329.6
1209280 2330.4
1209290 2331.6
1209300 2335.5
1209310 2335.5
1209320 2340.6
1209330 2347.1
1209340 2347.1
1209350 2354.2
1209360 2362.4
1209370 2362.4
1209380 2370.2
1209390 2375.4
1209400 2375.4
1209410 2382.0
1209420 2388.9
1209430 2388.9
1209440 2395.5
1209450 2403.5
1209460 2403.5
1209470 2413.9
1209480 2422.8
1209490 2422.8
1209500 2432.5
1209510 2440.3
1209520 2440.3
1209530 2447.0
1209540 2450.9
1209550 2454.4
1209560 2454.4
1209570 2456.5
1209580 2457.4
1209590 2457.4
1209600 2454.5
1209610 2447.4
1209620 2447.4
1209630 2440.9
1209640 2438.0
1209650 2438.0
1209660 2436.2
1209670 2436.3
1209680 2436.3
1209690 2433.1
1209700 2429.1
1209710 2429.1
1209720 2425.4
1209730 2421.5
1209740 2421.5
1209750 2416.1
1209760 2408.6
1209770 2399.0
1209780 2399.0
1209790 2390.6
1209800 2382.5
1209810 2382.5
1209820 2376.4
1209830 2371.3
1209840 2371.3
1209850 2366.7
1209860 2362.8
1209870 2362.8
1209880 2358.7
1209890 2353.5
1209900 2353.5
1209910 2347.7
1209920 2342.6
1209930 2342.6
1209940 2338.3
1209950 2336.4
1209960 2336.4
1209970 2335.6
1209980 2334.4
1209990 2332.8
1210000 2332.8
1210010 2331.8
1210020 2331.7
1210030 2331.7
1210040 2331.6
1210050 2332.3
1210060 2332.3
1210070 2333.0
1210080 2333.7
1210090 2333.7
1210100 2333.9
1210110 2332.9
1210120 2332.9
1210130 2331.0
1210140 2329.0
1210150 2329.0
1210160 2329.3
1210170 2328.9
1210180 2328.9
1210190 2327.3
1210200 2326.6
1210210 2326.6
1210220 2330.1
1210230 2334.3
1210240 2337.5
1210250 2337.5
1210260 2338.9
1210270 2341.4
1210280 2341.4
1210290 2343.8
1210300 2347.3
1210310 2347.3
1210320 2350.8
1210330 2354.1
1210340 2354.1
1210350 2357.3
1210360 2359.3
1210370 2359.3
1210380 2360.5
1210390 2363.2
1210400 2363.2
1210410 2366.4
1210420 2362.3
1210430 2362.3
1210440 2353.4
1210450 2355.9
1210460 2359.9
1210470 2359.9
1210480 2364.0
1210490 2365.0
1210500 2365.0
1210510 2365.8
1210520 2369.0
1210530 2369.0
1210540 2374.4
1210550 2379.7
1210560 2379.7
1210570 2384.9
1210580 2390.5
1210590 2390.5
1210600 2403.9
1210610 2419.2
1210620 2419.2
1210630 2438.3
1210640 2452.9
1210650 2452.9
1210660 2462.2
1210670 2465.4
1210680 2465.4
1210690 2464.6
1210700 2461.5
1210710 2455.6
1210720 2455.6
1210730 2443.5
1210740 2435.6
1210750 2435.6
1210760 2431.1
1210770 2427.0
1210780 2427.0
1210790 2422.8
1210800 2421.5
1210810 2421.5
1210820 2423.2
1210830 2424.2
1210840 2424.2
1210850 2425.5
1210860 2424.8
1210870 2424.8
1210880 2421.7
1210890 2416.0
1210900 2416.0
1210910 2413.2
1210920 2408.7
1210930 2407.1
1210940 2407.1
1210950 2407.3
1210960 2404.4
1210970 2404.4
1210980 2395.3
1210990 2393.9
1211000 2393.9
1211010 2396.0
1211020 2387.9
1211030 2387.9
1211040 2363.1
1211050 2348.2
1211060 2348.2
1211070 2338.1
1211080 2331.0
1211090 2331.0
1211100 2324.7
1211110 2319.0
1211120 2319.5
1211130 2312.6
1211140 2305.4
1211150 2305.4
1211160 2296.6
1211170 2287.2
1211180 2278.7
1211190 2278.7
1211200 2271.1
1211210 2263.3
1211220 2263.3
1211230 2253.3
1211240 2242.6
1211250 2242.6
1211260 2234.5
1211270 2228.3
1211280 2228.3
1211290 2222.9
1211300 2216.7
1211310 2216.7
1211320 2208.9
1211330 2200.6
1211340 2200.6
1211350 2193.2
1211360 2186.6
1211370 2186.6
1211380 2180.5
1211390 2173.8
1211400 2166.2
1211410 2166.2
1211420 2159.9
1211430 2155.9
1211440 2155.9
1211450 2153.0
1211460 2150.7
1211470 2150.7
1211480 2149.3
1211490 2147.9
1211500 2147.9
1211510 2146.0
1211520 2142.4
1211530 2142.4
1211540 2139.2
1211550 2137.2
1211560 2137.2
1211570 2135.5
1211580 2133.7
1211590 2133.7
1211600 2132.7
1211610 2132.8
1211620 2129.5
1211630 2129.5
1211640 2124.8
1211650 2121.8
1211660 2121.8
1211670 2118.2
1211680 2114.6
1211690 2114.6
1211700 2111.7
1211710 2108.9
1211720 2108.9
1211730 2106.2
1211740 2103.9
1211750 2103.9
1211760 2101.7
1211770 2099.6
1211780 2099.6
1211790 2098.1
1211800 2096.8
1211810 2096.8
1211820 2095.0
1211830 2093.2
1211840 2093.2
1211850 2091.8
1211860 2090.5
1211870 2087.8
1211880 2087.8
1211890 2084.5
1211900 2081.7
1211910 2081.7
1211920 2078.0
1211930 2073.6
1211940 2073.6
1211950 2068.7
1211960 2063.5
1211970 2063.5
1211980 2057.5
1211990 2050.7
1212000 2050.7
1212010 2043.3
1212020 2036.1
1212030 2036.1
1212040 2029.1
1212050 2018.9
1212060 2018.9
1212070 2012.0
1212080 2005.5
1212090 1998.4
1212100 1998.4
1212110 1989.7
1212120 1977.8
1212130 1977.8
1212140 1968.2
1212150 1959.9
1212160 1959.9
1212170 1951.3
1212180 1942.7
1212190 1942.7
1212200 1934.2
1212210 1923.1
1212220 1923.1
1212230 1912.0
1212240 1902.3
1212250 1902.3
1212260 1892.2
1212270 1879.5
1212280 1879.5
1212290 1870.5
1212300 1867.2
1212310 1867.2
1212320 1863.1
1212330 1857.0
1212340 1838.2
1212350 1838.2
1212360 1799.8
1212370 1780.3
1212380 1780.3
1212390 1774.4
1212400 1768.0
1212410 1768.0
1212420 1761.3
1212430 1754.7
1212440 1754.7
1212450 1747.8
1212460 1740.7
1212470 1740.7
1212480 1733.5
1212490 1726.6
1212500 1726.6
1212510 1719.7
1212520 1710.7
1212530 1710.7
1212540 1704.1
1212550 1697.8
1212560 1691.5
1212570 1691.5
1212580 1685.0
1212590 1678.6
1212600 1678.6
1212610 1672.3
1212620 1666.1
1212630 1666.1
1212640 1660.3
1212650 1654.7
1212660 1654.7
1212670 1649.4
1212680 1645.1
1212690 1645.1
1212700 1641.3
1212710 1638.0
1212720 1638.0
1212730 1635.1
1212740 1633.0
1212750 1633.0
1212760 1632.0
1212770 1631.6
1212780 1631.6
1212790 1630.8
1212800 1628.4
1212810 1623.3
1212820 1623.3
1212830 1619.7
1212840 1617.8
1212850 1617.8
1212860 1618.6
1212870 1621.2
1212880 1621.2
1212890 1623.5
1212900 1624.6
1212910 1624.6
1212920 1627.3
1212930 1631.8
1212940 1631.8
1212950 1636.7
1212960 1641.6
1212970 1641.6
1212980 1649.8
1212990 1655.0
1213000 1655.0
1213010 1660.2
1213020 1665.7
1213030 1671.0
1213040 1671.0
1213050 1675.7
1213060 1680.1
1213070 1680.1
1213080 1684.5
1213090 1688.8
1213100 1688.8
1213110 1691.8
1213120 1694.9
1213130 1694.9
1213140 1698.1
1213150 1701.3
1213160 1701.3
1213170 1705.3
1213180 1709.4
1213190 1709.4
1213200 1714.1
1213210 1719.7
1213220 1719.7
1213230 1725.8
1213240 1732.3
1213250 1732.3
1213260 1739.1
1213270 1746.2
1213280 1753.6
1213290 1753.6
1213300 1761.1
1213310 1768.4
1213320 1768.4
1213330 1775.9
1213340 1783.1
1213350 1783.1
1213360 1789.8
1213370 1796.1
1213380 1796.1
1213390 1802.5
1213400 1810.9
1213410 1810.9
1213420 1822.0
1213430 1835.7
1213440 1835.7
1213450 1840.6
1213460 1848.3
1213470 1848.3
1213480 1857.8
1213490 1877.1
1213500 1892.8
1213510 1892.8
1213520 1900.0
1213530 1904.6
1213540 1904.6
1213550 1909.0
1213560 1924.9
1213570 1924.9
1213580 1930.7
1213590 1931.4
1213600 1931.4
1213610 1927.1
1213620 1922.9
1213630 1922.9
1213640 1910.2
1213650 1886.9
1213660 1886.9
1213670 1871.6
1213680 1854.4
1213690 1854.4
1213700 1842.1
1213710 1834.4
1213720 1827.9
1213730 1827.9
1213740 1821.3
1213750 1815.5
1213760 1815.5
1213770 1809.4
1213780 1803.4
1213790 1803.4
1213800 1789.4
1213810 1772.3
1213820 1772.3
1213830 1762.5
1213840 1748.6
1213850 1748.6
1213860 1735.0
1213870 1726.8
1213880 1726.8
1213890 1722.1
1213900 1716.4
1213910 1716.4
1213920 1707.9
1213930 1702.1
1213940 1702.1
1213950 1695.9
1213960 1689.7
1213970 1683.7
1213980 1683.7
1213990 1678.4
1214000 1673.8
1214010 1673.8
1214020 1669.8
1214030 1666.0
1214040 1666.0
1214050 1662.0
1214060 1657.7
1214070 1657.7
1214080 1653.6
1214090 1649.3
1214100 1649.3
1214110 1644.5
1214120 1637.7
1214130 1637.7
1214140 1631.2
1214150 1625.3
1214160 1625.3
1214170 1618.1
1214180 1609.9
1214190 1602.1
1214200 1602.1
1214210 1595.3
1214220 1588.9
1214230 1588.9
1214240 1582.7
1214250 1576.2
1214260 1576.2
1214270 1569.1
1214280 1561.4
1214290 1561.4
1214300 1553.5
1214310 1545.6
1214320 1545.6
1214330 1538.2
1214340 1531.4
1214350 1531.4
1214360 1525.1
1214370 1518.2
1214380 1518.2
1214390 1513.0
1214400 1505.4
1214410 1505.4
1214420 1498.1
1214430 1491.2
1214440 1484.6
1214450 1484.6
1214460 1478.0
1214470 1471.5
1214480 1471.5
1214490 1464.9
1214500 1457.7
1214510 1457.7
1214520 1451.6
1214530 1447.8
1214540 1447.8
1214550 1444.6
1214560 1441.6
1214570 1441.6
1214580 1438.5
1214590 1433.8
1214600 1433.8
1214610 1430.4
1214620 1428.7
1214630 1428.7
1214640 1428.2
1214650 1428.5
1214660 1427.3
1214670 1427.3
1214680 1425.7
1214690 1420.3
1214700 1420.3
1214710 1411.5
1214720 1403.9
1214730 1403.9
1214740 1398.5
1214750 1392.5
1214760 1392.5
1214770 1386.5
1214780 1380.4
1214790 1380.4
1214800 1373.5
1214810 1366.3
1214820 1366.3
1214830 1357.7
1214840 1344.6
1214850 1344.6
1214860 1353.6
1214870 1349.6
1214880 1349.6
1214890 1344.2
1214900 1338.2
1214910 1336.6
1214920 1336.6
1214930 1334.8
1214940 1332.3
1214950 1332.3
1214960 1320.4
1214970 1307.5
1214980 1307.5
1214990 1295.6
1215000 1278.8
1215010 1278.8
1215020 1267.0
1215030 1262.5
1215040 1262.5
1215050 1259.0
1215060 1245.3
1215070 1245.3
1215080 1226.7
1215090 1215.1
1215100 1215.1
1215110 1203.6
1215120 1192.5
1215130 1183.1
1215140 1183.1
1215150 1176.4
1215160 1170.1
1215170 1170.1
1215180 1164.2
1215190 1155.9
1215200 1155.9
1215210 1147.6
1215220 1134.8
1215230 1134.8
1215240 1124.0
1215250 1116.5
1215260 1116.5
1215270 1109.7
1215280 1100.2
1215290 1100.2
1215300 1086.4
1215310 1076.2
1215320 1076.2
1215330 1069.6
1215340 1064.7
1215350 1060.0
1215360 1060.0
1215370 1054.7
1215380 1049.6
1215390 1049.6
1215400 1044.8
1215410 1039.0
1215420 1039.0
1215430 1032.6
1215440 1025.6
1215450 1025.6
1215460 1018.3
1215470 1011.3
1215480 1011.3
1215490 1003.1
1215500 1000.5
1215510 1000.5
1215520 999.7
1215530 997.6
1215540 997.6
1215550 996.6
1215560 995.5
1215570 995.5
1215580 992.6
1215590 990.4
1215600 989.9
1215610 989.9
1215620 989.8
1215630 990.4
1215640 990.4
1215650 991.0
1215660 990.7
1215670 990.7
1215680 990.7
1215690 990.8
1215700 990.8
1215710 990.0
1215720 989.5
1215730 989.5
1215740 989.1
1215750 987.1
1215760 987.1
1215770 987.0
1215780 987.1
1215790 987.1
1215800 989.4
1215810 993.6
1215820 998.9
1215830 998.9
1215840 1005.6
1215850 1013.1
1215860 1013.1
1215870 1021.4
1215880 1029.2
1215890 1029.2
1215900 1037.3
1215910 1044.6
1215920 1044.6
1215930 1046.3
1215940 1046.3
1215950 1046.3
1215960 1046.4
1215970 1047.0
1215980 1047.0
1215990 1047.5
1216000 1047.5
1216010 1047.5
1216020 1046.6
1216030 1046.3
1216040 1046.3
1216050 1045.4
1216060 1045.4
1216070 1047.2
1216080 1047.2
1216090 1050.2
1216100 1050.8
1216110 1050.8
1216120 1051.8
1216130 1052.9
1216140 1052.9
1216150 1053.6
1216160 1054.2
1216170 1054.2
1216180 1054.9
1216190 1055.6
1216200 1055.6
1216210 1056.1
1216220 1056.4
1216230 1056.4
1216240 1056.6
1216250 1057.2
1216260 1057.2
1216270 1057.7
1216280 1058.6
1216290 1059.3
1216300 1059.3
1216310 1059.7
1216320 1060.2
1216330 1060.2
1216340 1060.7
1216350 1061.2
1216360 1061.2
1216370 1061.7
1216380 1062.4
1216390 1062.4
1216400 1063.0
1216410 1063.7
1216420 1063.7
1216430 1064.3
1216440 1065.0
1216450 1065.0
1216460 1065.6
1216470 1066.0
1216480 1066.0
1216490 1066.3
1216500 1066.5
1216510 1066.5
1216520 1067.0
1216530 1067.5
1216540 1067.8
1216550 1067.8
1216560 1068.0
1216570 1068.1
1216580 1068.1
1216590 1068.2
1216600 1068.2
1216610 1068.2
1216620 1068.5
1216630 1068.7
1216640 1068.7
1216650 1068.8
1216660 1068.7
1216670 1068.7
1216680 1068.6
1216690 1069.1
1216700 1069.1
1216710 1068.5
1216720 1068.4
1216730 1068.4
1216740 1068.5
1216750 1069.7
1216760 1070.6
1216770 1070.6
1216780 1071.4
1216790 1071.9
1216800 1071.9
1216810 1072.2
1216820 1072.3
1216830 1072.3
1216840 1072.3
1216850 1072.4
1216860 1072.4
1216870 1072.3
1216880 1072.1
1216890 1072.1
1216900 1072.0
1216910 1072.1
1216920 1072.1
1216930 1072.0
1216940 1072.2
1216950 1072.2
1216960 1072.1
1216970 1072.4
1216980 1072.4
1216990 1072.8
1217000 1072.8
1217010 1072.9
1217020 1072.9
1217030 1073.4
1217040 1073.5
1217050 1073.5
1217060 1073.4
1217070 1073.3
1217080 1073.3
1217090 1074.1
1217100 1075.0
1217110 1075.0
1217120 1075.7
1217130 1076.5
1217140 1076.5
1217150 1077.4
1217160 1078.4
1217170 1078.4
1217180 1078.9
1217190 1079.5
1217200 1079.5
1217210 1080.3
1217220 1081.4
1217230 1082.2
1217240 1082.2
1217250 1083.0
1217260 1083.7
1217270 1083.7
1217280 1084.3
1217290 1085.0
1217300 1085.0
1217310 1085.8
1217320 1086.4
1217330 1086.4
1217340 1087.0
1217350 1087.8
1217360 1087.8
1217370 1088.6
1217380 1087.9
1217390 1087.9
1217400 1085.8
1217410 1083.2
1217420 1083.2
1217430 1082.3
1217440 1082.7
1217450 1083.3
1217460 1083.3
1217470 1083.7
1217480 1084.2
1217490 1084.2
1217500 1084.9
1217510 1085.9
1217520 1085.9
1217530 1086.8
1217540 1087.4
1217550 1087.4
1217560 1087.5
1217570 1086.9
1217580 1086.9
1217590 1087.9
1217600 1089.7
1217610 1089.7
1217620 1090.6
1217630 1091.3
1217640 1091.3
1217650 1092.1
1217660 1093.0
1217670 1093.0
1217680 1094.3
1217690 1095.9
1217700 1097.3
1217710 1097.3
1217720 1098.7
1217730 1099.6
1217740 1099.6
1217750 1100.6
1217760 1101.4
1217770 1101.4
1217780 1101.8
1217790 1103.2
1217800 1103.2
1217810 1104.3
1217820 1105.1
1217830 1105.1
1217840 1106.3
1217850 1108.2
1217860 1108.2
1217870 1112.2
1217880 1116.6
1217890 1116.6
1217900 1117.9
1217910 1118.7
1217920 1119.2
1217930 1119.2
1217940 1119.7
1217950 1120.4
1217960 1120.4
1217970 1121.0
1217980 1122.3
1217990 1122.3
1218000 1125.1
1218010 1129.1
1218020 1129.1
1218030 1134.3
1218040 1140.9
1218050 1140.9
1218060 1147.9
1218070 1157.0
1218080 1157.0
1218090 1172.3
1218100 1185.0
1218110 1185.0
1218120 1194.9
1218130 1204.3
1218140 1204.3
1218150 1216.0
1218160 1227.1
1218170 1237.5
1218180 1237.5
1218190 1249.6
1218200 1264.2
1218210 1264.2
1218220 1275.7
1218230 1285.3
1218240 1285.3
1218250 1294.5
1218260 1304.0
1218270 1304.0
1218280 1319.4
1218290 1338.4
1218300 1338.4
1218310 1356.5
1218320 1374.3
1218330 1374.3
1218340 1392.6
1218350 1403.0
1218360 1403.0
1218370 1407.9
1218380 1413.0
1218390 1417.8
1218400 1417.8
1218410 1422.9
1218420 1427.6
1218430 1427.6
1218440 1432.0
1218450 1435.8
1218460 1435.8
1218470 1438.9
1218480 1442.5
1218490 1442.5
1218500 1447.1
1218510 1453.1
1218520 1453.1
1218530 1462.1
1218540 1481.2
1218550 1481.2
1218560 1491.4
1218570 1497.4
1218580 1497.4
1218590 1503.3
1218600 1508.8
1218610 1508.8
1218620 1514.1
1218630 1519.3
1218640 1525.3
1218650 1525.3
1218660 1530.9
1218670 1534.2
1218680 1534.2
1218690 1537.2
1218700 1542.0
1218710 1542.0
1218720 1547.4
1218730 1554.7
1218740 1554.7
1218750 1563.4
1218760 1572.0
1218770 1572.0
1218780 1579.7
1218790 1585.1
1218800 1585.1
1218810 1589.9
1218820 1594.0
1218830 1594.0
1218840 1598.1
1218850 1602.6
1218860 1605.9
1218870 1605.9
1218880 1608.2
1218890 1610.3
1218900 1610.3
1218910 1612.0
1218920 1614.1
1218930 1614.1
1218940 1616.4
1218950 1619.0
1218960 1619.0
1218970 1622.0
1218980 1627.2
1218990 1627.2
1219000 1633.7
1219010 1640.5
1219020 1640.5
1219030 1647.5
1219040 1654.7
1219050 1654.7
1219060 1661.9
1219070 1669.6
1219080 1677.0
1219090 1677.0
1219100 1684.0
1219110 1691.5
1219120 1691.5
1219130 1697.0
1219140 1704.5
1219150 1704.5
1219160 1712.1
1219170 1719.5
1219180 1719.5
1219190 1726.6
1219200 1733.0
1219210 1733.0
1219220 1738.7
1219230 1745.1
1219240 1745.1
1219250 1751.7
1219260 1756.8
1219270 1756.8
1219280 1762.2
1219290 1768.2
1219300 1768.2
1219310 1774.6
1219320 1782.6
1219330 1793.9
1219340 1793.9
1219350 1804.3
1219360 1818.8
1219370 1818.8
1219380 1836.8
1219390 1843.3
1219400 1843.3
1219410 1846.5
1219420 1850.2
1219430 1850.2
1219440 1854.3
1219450 1860.0
1219460 1860.0
1219470 1865.6
1219480 1871.8
1219490 1871.8
1219500 1880.1
1219510 1890.2
1219520 1890.2
1219530 1904.4
1219540 1917.5
1219550 1928.0
1219560 1928.0
1219570 1937.2
1219580 1945.9
1219590 1945.9
1219600 1952.4
1219610 1952.6
1219620 1952.6
1219630 1958.3
1219640 1962.3
1219650 1962.3
1219660 1965.7
1219670 1967.2
1219680 1967.2
1219690 1968.0
1219700 1968.5
1219710 1968.5
1219720 1969.2
1219730 1969.5
1219740 1969.5
1219750 1969.2
1219760 1967.7
1219770 1967.7
1219780 1966.1
1219790 1965.7
1219800 1966.1
1219810 1966.1
1219820 1967.1
1219830 1969.2
1219840 1969.2
1219850 1972.5
1219860 1975.8
1219870 1975.8
1219880 1980.0
1219890 1984.5
1219900 1984.5
1219910 1988.0
1219920 1992.2
1219930 1992.2
1219940 1996.6
1219950 1999.8
1219960 1999.8
1219970 2002.3
1219980 2004.5
1219990 2004.5
1200000 1643.8
1200010 1646.5
1200020 1649.5
1200030 1649.5
1200040 1652.9
1200050 1654.5
1200060 1654.5
1200070 1656.3
1200080 1658.7
1200090 1658.7
1200100 1660.3
1200110 1661.3
1200120 1661.3
1200130 1668.6
1200140 1673.6
1200150 1673.6
1200160 1676.6
1200170 1679.4
1200180 1679.4
1200190 1682.9
1200200 1679.8
1200210 1686.1
1200220 1686.1
1200230 1692.5
1200240 1694.2
1200250 1694.2
1200260 1696.0
1200270 1699.2
1200280 1699.2
1200290 1704.8
1200300 1716.8
1200310 1716.8
1200320 1723.1
1200330 1727.0
1200340 1727.0
1200350 1730.3
1200360 1733.3
1200370 1733.3
1200380 1737.1
1200390 1739.5
1200400 1739.5
1200410 1744.5
1200420 1753.4
1200430 1758.3
1200440 1758.3
1200450 1762.4
1200460 1765.4
1200470 1765.4
1200480 1767.0
1200490 1770.7
1200500 1770.7
1200510 1775.5
1200520 1780.5
1200530 1780.5
1200540 1783.9
1200550 1786.1
1200560 1786.1
1200570 1787.6
1200580 1788.8
1200590 1788.8
1200600 1790.8
1200610 1793.3
1200620 1793.3
1200630 1796.2
1200640 1792.1
1200650 1792.1
1200660 1794.3
1200670 1796.7
1200680 1798.6
1200690 1798.6
1200700 1799.2
1200710 1798.4
1200720 1798.4
1200730 1799.0
1200740 1801.4
1200750 1801.4
1200760 1805.2
1200770 1808.0
1200780 1808.0
1200790 1811.1
1200800 1815.2
1200810 1815.2
1200820 1820.1
1200830 1824.6
1200840 1824.6
1200850 1827.2
1200860 1825.3
1200870 1825.3
1200880 1823.4
1200890 1827.1
1200900 1826.4
1200910 1826.4
1200920 1824.9
1200930 1823.7
1200940 1823.7
1200950 1822.5
1200960 1826.8
1200970 1826.8
1200980 1833.3
1200990 1839.7
1201000 1839.7
1201010 1845.7
1201020 1850.1
1201030 1850.1
1201040 1852.5
1201050 1853.5
1201060 1853.5
1201070 1853.8
1201080 1854.2
1201090 1847.2
1201100 1847.9
1201110 1850.0
1201120 1850.0
1201130 1854.1
1201140 1860.3
1201150 1866.9
1201160 1866.9
1201170 1874.0
1201180 1880.7
1201190 1880.7
1201200 1886.7
1201210 1891.2
1201220 1891.2
1201230 1893.8
1201240 1894.4
1201250 1894.4
1201260 1895.0
1201270 1897.6
1201280 1897.6
1201290 1902.3
1201300 1905.6
1201310 1905.6
1201320 1907.7
1201330 1909.8
1201340 1909.8
1201350 1912.7
1201360 1916.0
1201370 1920.3
1201380 1920.3
1201390 1925.1
1201400 1931.0
1201410 1931.0
1201420 1937.2
1201430 1943.6
1201440 1943.6
1201450 1950.2
1201460 1956.6
1201470 1956.6
1201480 1962.6
1201490 1969.0
1201500 1969.0
1201510 1975.2
1201520 1980.8
1201530 1980.8
1201540 1986.3
1201550 1991.9
1201560 1991.9
1201570 1997.3
1201580 2003.1
1201590 2003.1
1201600 2008.5
1201610 2012.9
1201620 2017.9
1201630 2017.9
1201640 2023.8
1201650 2029.7
1201660 2029.7
1201670 2035.9
1201680 2042.2
1201690 2042.2
1201700 2047.5
1201710 2052.3
1201720 2052.3
1201730 2057.1
1201740 2062.3
1201750 2062.3
1201760 2067.7
1201770 2072.7
1201780 2072.7
1201790 2077.2
1201800 2081.4
1201810 2081.4
1201820 2085.9
1201830 2090.3
1201840 2094.1
1201850 2094.1
1201860 2098.4
1201870 2103.3
1201880 2103.3
1201890 2107.9
1201900 2112.7
1201910 2112.7
1201920 2117.2
1201930 2120.7
1201940 2120.7
1201950 2126.3
1201960 2132.9
1201970 2132.9
1201980 2138.1
1201990 2131.2
1202000 2131.2
1202010 2134.1
1202020 2138.5
1202030 2138.5
1202040 2145.0
1202050 2151.9
1202060 2151.9
1202070 2159.3
1202080 2167.1
1202090 2175.4
1202100 2175.4
1202110 2183.9
1202120 2192.2
1202130 2192.2
1202140 2198.3
1202150 2203.0
1202160 2203.0
1202170 2207.7
1202180 2212.5
1202190 2212.5
1202200 2216.9
1202210 2222.1
1202220 2222.1
1202230 2227.6
1202240 2232.1
1202250 2232.1
1202260 2237.2
1202270 2241.7
1202280 2241.7
1202290 2246.1
1202300 2251.3
1202310 2256.5
1202320 2256.5
1202330 2260.8
1202340 2264.8
1202350 2264.8
1202360 2267.9
1202370 2270.7
1202380 2270.7
1202390 2273.1
1202400 2276.3
1202410 2276.3
1202420 2275.4
1202430 2275.0
1202440 2265.1
1202450 2268.9
1202460 2273.7
1202470 2273.7
1202480 2277.6
1202490 2282.5
1202500 2282.5
1202510 2287.9
1202520 2292.6
1202530 2298.5
1202540 2298.5
1202550 2304.9
1202560 2311.3
1202570 2311.3
1202580 2318.5
1202590 2327.2
1202600 2327.2
1202610 2336.2
1202620 2344.2
1202630 2344.2
1202640 2350.5
1202650 2358.1
1202660 2358.1
1202670 2367.3
1202680 2375.4
1202690 2375.4
1202700 2382.7
1202710 2390.0
1202720 2390.0
1202730 2397.5
1202740 2405.8
1202750 2405.8
1202760 2415.4
1202770 2424.7
1202780 2432.6
1202790 2432.6
1202800 2441.4
1202810 2452.3
1202820 2452.3
1202830 2462.9
1202840 2471.7
1202850 2471.7
1202860 2479.7
1202870 2487.0
1202880 2487.0
1202890 2499.5
1202900 2508.9
1202910 2508.9
1202920 2518.1
1202930 2524.3
1202940 2524.3
1202950 2531.8
1202960 2534.6
1202970 2534.6
1202980 2527.4
1202990 2522.5
1203000 2515.9
1203010 2515.9
1203020 2506.6
1203030 2496.1
1203040 2496.1
1203050 2488.7
1203060 2482.4
1203070 2482.4
1203080 2476.5
1203090 2471.5
1203100 2471.5
1203110 2468.8
1203120 2468.1
1203130 2468.1
1203140 2467.5
1203150 2467.4
1203160 2467.4
1203170 2467.7
1203180 2468.8
1203190 2468.8
1203200 2470.1
1203210 2470.0
1203220 2470.0
1203230 2469.1
1203240 2471.9
1203250 2475.8
1203260 2475.8
1203270 2479.9
1203280 2484.1
1203290 2484.1
1203300 2489.0
1203310 2493.5
1203320 2493.5
1203330 2499.5
1203340 2515.4
1203350 2515.4
1203360 2519.9
1203370 2525.0
1203380 2525.0
1203390 2529.2
1203400 2535.9
1203410 2535.9
1203420 2538.0
1203430 2538.9
1203440 2538.9
1203450 2540.2
1203460 2541.7
1203470 2542.9
1203480 2542.9
1203490 2543.9
1203500 2545.8
1203510 2545.8
1203520 2547.9
1203530 2550.4
1203540 2550.4
1203550 2553.3
1203560 2556.5
1203570 2556.5
1203580 2559.2
1203590 2561.8
1203600 2561.8
1203610 2564.1
1203620 2566.7
1203630 2566.7
1203640 2569.9
1203650 2572.6
1203660 2572.6
1203670 2574.2
1203680 2575.3
1203690 2575.3
1203700 2575.5
1203710 2574.5
1203720 2575.9
1203730 2575.9
1203740 2579.7
1203750 2579.0
1203760 2579.0
1203770 2579.2
1203780 2580.6
1203790 2582.8
1203800 2584.0
1203810 2586.2
1203820 2586.2
1203830 2589.5
1203840 2592.4
1203850 2592.4
1203860 2595.8
1203870 2599.7
1203880 2599.7
1203890 2605.1
1203900 2611.3
1203910 2611.3
1203920 2618.4
1203930 2630.6
1203940 2647.7
1203950 2647.7
1203960 2659.6
1203970 2666.9
1203980 2666.9
1203990 2672.2
1204000 2676.8
1204010 2676.8
1204020 2676.9
1204030 2671.5
1204040 2671.5
1204050 2668.7
1204060 2667.9
1204070 2667.9
1204080 2669.2
1204090 2669.5
1204100 2669.5
1204110 2669.4
1204120 2667.9
1204130 2667.9
1204140 2665.5
1204150 2664.5
1204160 2664.5
1204170 2663.5
1204180 2661.9
1204190 2660.7
1204200 2660.7
1204210 2659.0
1204220 2658.2
1204230 2658.2
1204240 2661.2
1204250 2660.5
1204260 2660.5
1204270 2658.9
1204280 2657.9
1204290 2657.9
1204300 2657.2
1204310 2655.9
1204320 2655.9
1204330 2653.6
1204340 2651.9
1204350 2651.9
1204360 2650.9
1204370 2648.9
1204380 2648.9
1204390 2644.4
1204400 2640.1
1204410 2636.4
1204420 2636.4
1204430 2635.7
1204440 2636.3
1204450 2636.3
1204460 2637.5
1204470 2639.1
1204480 2639.1
1204490 2639.0
1204500 2640.5
1204510 2640.5
1204520 2643.9
1204530 2647.7
1204540 2647.7
1204550 2652.0
1204560 2656.3
1204570 2656.3
1204580 2661.2
1204590 2664.9
1204600 2664.9
1204610 2669.6
1204620 2680.2
1204630 2689.3
1204640 2689.3
1204650 2697.2
1204660 2705.1
1204670 2705.1
1204680 2712.5
1204690 2718.4
1204700 2724.8
1204710 2732.2
1204720 2737.4
1204730 2737.4
1204740 2744.8
1204750 2751.9
1204760 2751.9
1204770 2755.9
1204780 2758.5
1204790 2758.5
1204800 2761.8
1204810 2766.9
1204820 2766.9
1204830 2772.8
1204840 2778.5
1204850 2778.5
1204860 2784.2
1204870 2790.2
1204880 2796.6
1204890 2796.6
1204900 2804.2
1204910 2813.5
1204920 2813.5
1204930 2824.6
1204940 2837.9
1204950 2837.9
1204960 2850.9
1204970 2861.6
1204980 2861.6
1204990 2870.4
1205000 2878.7
1205010 2878.7
1205020 2881.7
1205030 2882.9
1205040 2882.9
1205050 2883.2
1205060 2883.5
1205070 2883.5
1205080 2883.9
1205090 2884.9
1205100 2886.0
1205110 2886.0
1205120 2887.1
1205130 2881.7
1205140 2881.7
1205150 2879.5
1205160 2870.3
1205170 2870.3
1205180 2859.1
1205190 2847.3
1205200 2847.3
1205210 2835.0
1205220 2821.6
1205230 2821.6
1205240 2812.6
1205250 2806.0
1205260 2806.0
1205270 2799.3
1205280 2792.6
1205290 2792.6
1205300 2786.4
1205310 2780.8
1205320 2780.8
1205330 2776.2
1205340 2772.8
1205350 2771.1
1205360 2771.1
1205370 2769.9
1205380 2767.2
1205390 2767.2
1205400 2760.8
1205410 2753.4
1205420 2753.4
1205430 2741.9
1205440 2729.8
1205450 2729.8
1205460 2721.3
1205470 2715.2
1205480 2715.2
1205490 2710.9
1205500 2706.6
1205510 2706.6
1205520 2701.5
1205530 2694.5
1205540 2694.5
1205550 2687.8
1205560 2681.5
1205570 2675.6
1205580 2675.6
1205590 2670.4
1205600 2666.3
1205610 2666.3
1205620 2658.7
1205630 2651.7
1205640 2651.7
1205650 2646.2
1205660 2640.4
1205670 2640.4
1205680 2634.3
1205690 2628.0
1205700 2628.0
1205710 2622.2
1205720 2618.0
1205730 2618.0
1205740 2614.7
1205750 2612.0
1205760 2612.0
1205770 2610.6
1205780 2609.2
1205790 2609.2
1205800 2607.9
1205810 2607.1
1205820 2603.7
1205830 2603.7
1205840 2598.3
1205850 2595.7
1205860 2595.7
1205870 2595.9
1205880 2597.2
1205890 2597.2
1205900 2598.1
1205910 2598.3
1205920 2598.3
1205930 2597.0
1205940 2594.4
1205950 2594.4
1205960 2591.0
1205970 2588.5
1205980 2588.5
1205990 2586.0
1206000 2583.6
1206010 2583.6
1206020 2581.9
1206030 2579.5
1206040 2576.1
1206050 2576.1
1206060 2565.6
1206070 2562.1
1206080 2562.1
1206090 2558.6
1206100 2554.6
1206110 2554.6
1206120 2550.6
1206130 2546.0
1206140 2546.0
1206150 2541.4
1206160 2537.6
1206170 2537.6
1206180 2533.7
1206190 2530.5
1206200 2530.5
1206210 2528.2
1206220 2526.1
1206230 2526.1
1206240 2524.2
1206250 2521.8
1206260 2518.9
1206270 2518.9
1206280 2515.3
1206290 2512.3
1206300 2512.3
1206310 2509.3
1206320 2506.8
1206330 2506.8
1206340 2503.4
1206350 2500.3
1206360 2500.3
1206370 2495.7
1206380 2490.6
1206390 2490.6
1206400 2486.0
1206410 2481.6
1206420 2481.6
1206430 2477.6
1206440 2474.1
1206450 2474.1
1206460 2471.0
1206470 2468.2
1206480 2468.2
1206490 2465.4
1206500 2463.1
1206510 2461.1
1206520 2460.9
1206530 2459.6
1206540 2458.0
1206550 2458.0
1206560 2456.1
1206570 2453.9
1206580 2453.9
1206590 2451.5
1206600 2449.3
1206610 2449.3
1206620 2447.3
1206630 2444.8
1206640 2444.8
1206650 2441.5
1206660 2438.1
1206670 2438.1
1206680 2434.7
1206690 2431.8
1206700 2431.8
1206710 2428.9
1206720 2424.2
1206730 2421.2
1206740 2421.2
1206750 2418.7
1206760 2414.1
1206770 2414.1
1206780 2408.8
1206790 2405.2
1206800 2405.2
1206810 2402.2
1206820 2400.5
1206830 2400.5
1206840 2399.4
1206850 2397.1
1206860 2397.1
1206870 2392.9
1206880 2386.8
1206890 2386.8
1206900 2379.4
1206910 2372.7
1206920 2372.7
1206930 2366.9
1206940 2362.5
1206950 2362.5
1206960 2361.2
1206970 2356.0
1206980 2356.9
1206990 2356.9
1207000 2358.3
1207010 2358.9
1207020 2358.9
1207030 2357.7
1207040 2355.5
1207050 2355.5
1207060 2352.6
1207070 2348.2
1207080 2348.2
1207090 2342.6
1207100 2336.7
1207110 2336.7
1207120 2330.9
1207130 2325.6
1207140 2325.6
1207150 2320.5
1207160 2315.4
1207170 2315.4
1207180 2310.0
1207190 2305.2
1207200 2301.4
1207210 2301.4
1207220 2299.0
1207230 2296.5
1207240 2296.5
1207250 2293.0
1207260 2289.0
1207270 2289.0
1207280 2285.1
1207290 2281.4
1207300 2281.4
1207310 2278.0
1207320 2275.0
1207330 2275.0
1207340 2273.1
1207350 2270.5
1207360 2270.5
1207370 2265.6
1207380 2259.3
1207390 2259.3
1207400 2253.1
1207410 2246.7
1207420 2246.7
1207430 2238.2
1207440 2230.4
1207450 2222.9
1207460 2222.9
1207470 2215.1
1207480 2208.2
1207490 2208.2
1207500 2200.0
1207510 2192.7
1207520 2192.7
1207530 2185.6
1207540 2178.3
1207550 2178.3
1207560 2172.0
1207570 2166.6
1207580 2166.6
1207590 2161.1
1207600 2156.0
1207610 2156.0
1207620 2150.7
1207630 2145.5
1207640 2145.5
1207650 2140.4
1207660 2135.2
1207670 2130.3
1207680 2130.3
1207690 2125.5
1207700 2121.0
1207710 2121.0
1207720 2116.7
1207730 2112.2
1207740 2112.2
1207750 2108.0
1207760 2104.8
1207770 2104.8
1207780 2101.6
1207790 2098.1
1207800 2098.1
1207810 2094.9
1207820 2091.8
1207830 2091.8
1207840 2088.1
1207850 2085.2
1207860 2085.2
1207870 2082.3
1207880 2079.1
1207890 2078.6
1207900 2075.7
1207910 2073.5
1207920 2071.3
1207930 2071.3
1207940 2069.4
1207950 2067.5
1207960 2067.5
1207970 2065.6
1207980 2064.3
1207990 2064.3
1208000 2062.8
1208010 2060.6
1208020 2060.6
1208030 2060.1
1208040 2062.9
1208050 2062.9
1208060 2067.2
1208070 2071.6
1208080 2071.6
1208090 2076.3
1208100 2080.7
1208110 2080.7
1208120 2085.6
1208130 2091.8
1208140 2096.7
1208150 2096.7
1208160 2100.6
1208170 2104.4
1208180 2104.4
1208190 2109.4
1208200 2114.7
1208210 2114.7
1208220 2120.0
1208230 2125.6
1208240 2125.6
1208250 2131.1
1208260 2136.1
1208270 2136.1
1208280 2143.8
1208290 2154.2
1208300 2154.2
1208310 2163.7
1208320 2168.6
1208330 2168.6
1208340 2171.6
1208350 2176.9
1208360 2177.4
1208370 2177.4
1208380 2177.7
1208390 2179.2
1208400 2179.2
1208410 2183.1
1208420 2186.6
1208430 2186.6
1208440 2188.6
1208450 2189.8
1208460 2189.8
1208470 2192.5
1208480 2195.2
1208490 2195.2
1208500 2197.6
1208510 2199.9
1208520 2199.9
1208530 2203.1
1208540 2208.2
1208550 2208.2
1208560 2214.8
1208570 2220.5
1208580 2220.5
1208590 2225.9
1208600 2228.3
1208610 2229.9
1208620 2229.9
1208630 2231.8
1208640 2234.5
1208650 2234.5
1208660 2237.7
1208670 2241.9
1208680 2241.9
1208690 2245.7
1208700 2248.2
1208710 2248.2
1208720 2251.0
1208730 2254.0
1208740 2254.0
1208750 2258.2
1208760 2262.9
1208770 2262.9
1208780 2266.1
1208790 2268.0
1208800 2268.0
1208810 2275.2
1208820 2276.6
1208830 2278.7
1208840 2278.7
1208850 2280.7
1208860 2282.5
1208870 2282.5
1208880 2285.4
1208890 2287.9
1208900 2287.9
1208910 2289.8
1208920 2291.9
1208930 2291.9
1208940 2293.5
1208950 2293.7
1208960 2293.7
1208970 2291.9
1208980 2289.3
1208990 2289.3
1209000 2286.2
1209010 2283.3
1209020 2283.3
1209030 2280.6
1209040 2279.4
1209050 2279.4
1209060 2283.1
1209070 2286.5
1209080 2289.6
1209090 2289.6
1209100 2293.6
1209110 2297.8
1209120 2297.8
1209130 2300.9
1209140 2302.7
1209150 2302.7
1209160 2303.3
1209170 2305.0
1209180 2305.0
1209190 2309.2
1209200 2313.1
1209210 2313.1
1209220 2315.7
1209230 2317.1
1209240 2317.1
1209250 2320.8
1209260 2322.4
1209270 2329.6
1209280 2330.4
1209290 2331.6
1209300 2335.5
1209310 2335.5
1209320 2340.6
1209330 2347.1
1209340 2347.1
1209350 2354.2
1209360 2362.4
1209370 2362.4
1209380 2370.2
1209390 2375.4
1209400 2375.4
1209410 2382.0
1209420 2388.9
1209430 2388.9
1209440 2395.5
1209450 2403.5
1209460 2403.5
1209470 2413.9
1209480 2422.8
1209490 2422.8
1209500 2432.5
1209510 2440.3
1209520 2440.3
1209530 2447.0
1209540 2450.9
1209550 2454.4
1209560 2454.4
1209570 2456.5
1209580 2457.4
1209590 2457.4
1209600 2454.5
1209610 2447.4
1209620 2447.4
1209630 2440.9
1209640 2438.0
1209650 2438.0
1209660 2436.2
1209670 2436.3
1209680 2436.3
1209690 2433.1
1209700 2429.1
1209710 2429.1
1209720 2425.4
1209730 2421.5
1209740 2421.5
1209750 2416.1
1209760 2408.6
1209770 2399.0
1209780 2399.0
1209790 2390.6
1209800 2382.5
1209810 2382.5
1209820 2376.4
1209830 2371.3
1209840 2371.3
1209850 2366.7
1209860 2362.8
1209870 2362.8
1209880 2358.7
1209890 2353.5
1209900 2353.5
1209910 2347.7
1209920 2342.6
1209930 2342.6
1209940 2338.3
1209950 2336.4
1209960 2336.4
1209970 2335.6
1209980 2334.4
1209990 2332.8
1210000 2332.8
1210010 2331.8
1210020 2331.7
1210030 2331.7
1210040 2331.6
1210050 2332.3
1210060 2332.3
1210070 2333.0
1210080 2333.7
1210090 2333.7
1210100 2333.9
1210110 2332.9
1210120 2332.9
1210130 2331.0
1210140 2329.0
1210150 2329.0
1210160 2329.3
1210170 2328.9
1210180 2328.9
1210190 2327.3
1210200 2326.6
1210210 2326.6
1210220 2330.1
1210230 2334.3
1210240 2337.5
1210250 2337.5
1210260 2338.9
1210270 2341.4
1210280 2341.4
1210290 2343.8
1210300 2347.3
1210310 2347.3
1210320 2350.8
1210330 2354.1
1210340 2354.1
1210350 2357.3
1210360 2359.3
1210370 2359.3
1210380 2360.5
1210390 2363.2
1210400 2363.2
1210410 2366.4
1210420 2362.3
1210430 2362.3
1210440 2353.4
1210450 2355.9
1210460 2359.9
1210470 2359.9
1210480 2364.0
1210490 2365.0
1210500 2365.0
1210510 2365.8
1210520 2369.0
1210530 2369.0
1210540 2374.4
1210550 2379.7
1210560 2379.7
1210570 2384.9
1210580 2390.5
1210590 2390.5
1210600 2403.9
1210610 2419.2
1210620 2419.2
1210630 2438.3
1210640 2452.9
1210650 2452.9
1210660 2462.2
1210670 2465.4
1210680 2465.4
1210690 2464.6
1210700 2461.5
1210710 2455.6
1210720 2455.6
1210730 2443.5
1210740 2435.6
1210750 2435.6
1210760 2431.1
1210770 2427.0
1210780 2427.0
1210790 2422.8
1210800 2421.5
1210810 2421.5
1210820 2423.2
1210830 2424.2
1210840 2424.2
1210850 2425.5
1210860 2424.8
1210870 2424.8
1210880 2421.7
1210890 2416.0
1210900 2416.0
1210910 2413.2
1210920 2408.7
1210930 2407.1
1210940 2407.1
1210950 2407.3
1210960 2404.4
1210970 2404.4
1210980 2395.3
1210990 2393.9
1211000 2393.9
1211010 2396.0
1211020 2387.9
1211030 2387.9
1211040 2363.1
1211050 2348.2
1211060 2348.2
1211070 2338.1
1211080 2331.0
1211090 2331.0
1211100 2324.7
1211110 2319.0
1211120 2319.5
1211130 2312.6
1211140 2305.4
1211150 2305.4
1211160 2296.6
1211170 2287.2
1211180 2278.7
1211190 2278.7
1211200 2271.1
1211210 2263.3
1211220 2263.3
1211230 2253.3
1211240 2242.6
1211250 2242.6
1211260 2234.5
1211270 2228.3
1211280 2228.3
1211290 2222.9
1211300 2216.7
1211310 2216.7
1211320 2208.9
1211330 2200.6
1211340 2200.6
1211350 2193.2
1211360 2186.6
1211370 2186.6
1211380 2180.5
1211390 2173.8
1211400 2166.2
1211410 2166.2
1211420 2159.9
1211430 2155.9
1211440 2155.9
1211450 2153.0
1211460 2150.7
1211470 2150.7
1211480 2149.3
1211490 2147.9
1211500 2147.9
1211510 2146.0
1211520 2142.4
1211530 2142.4
1211540 2139.2
1211550 2137.2
1211560 2137.2
1211570 2135.5
1211580 2133.7
1211590 2133.7
1211600 2132.7
1211610 2132.8
1211620 2129.5
1211630 2129.5
1211640 2124.8
1211650 2121.8
1211660 2121.8
1211670 2118.2
1211680 2114.6
1211690 2114.6
1211700 2111.7
1211710 2108.9
1211720 2108.9
1211730 2106.2
1211740 2103.9
1211750 2103.9
1211760 2101.7
1211770 2099.6
1211780 2099.6
1211790 2098.1
1211800 2096.8
1211810 2096.8
1211820 2095.0
1211830 2093.2
1211840 2093.2
1211850 2091.8
1211860 2090.5
1211870 2087.8
1211880 2087.8
1211890 2084.5
1211900 2081.7
1211910 2081.7
1211920 2078.0
1211930 2073.6
1211940 2073.6
1211950 2068.7
1211960 2063.5
1211970 2063.5
1211980 2057.5
1211990 2050.7
1212000 2050.7
1212010 2043.3
1212020 2036.1
1212030 2036.1
1212040 2029.1
1212050 2018.9
1212060 2018.9
1212070 2012.0
1212080 2005.5
1212090 1998.4
1212100 1998.4
1212110 1989.7
1212120 1977.8
1212130 1977.8
1212140 1968.2
1212150 1959.9
1212160 1959.9
1212170 1951.3
1212180 1942.7
1212190 1942.7
1212200 1934.2
1212210 1923.1
1212220 1923.1
1212230 1912.0
1212240 1902.3
1212250 1902.3
1212260 1892.2
1212270 1879.5
1212280 1879.5
1212290 1870.5
1212300 1867.2
1212310 1867.2
1212320 1863.1
1212330 1857.0
1212340 1838.2
1212350 1838.2
1212360 1799.8
1212370 1780.3
1212380 1780.3
1212390 1774.4
1212400 1768.0
1212410 1768.0
1212420 1761.3
1212430 1754.7
1212440 1754.7
1212450 1747.8
1212460 1740.7
1212470 1740.7
1212480 1733.5
1212490 1726.6
1212500 1726.6
1212510 1719.7
1212520 1710.7
1212530 1710.7
1212540 1704.1
1212550 1697.8
1212560 1691.5
1212570 1691.5
1212580 1685.0
1212590 1678.6
1212600 1678.6
1212610 1672.3
1212620 1666.1
1212630 1666.1
1212640 1660.3
1212650 1654.7
1212660 1654.7
1212670 1649.4
1212680 1645.1
1212690 1645.1
1212700 1641.3
1212710 1638.0
1212720 1638.0
1212730 1635.1
1212740 1633.0
1212750 1633.0
1212760 1632.0
1212770 1631.6
1212780 1631.6
1212790 1630.8
1212800 1628.4
1212810 1623.3
1212820 1623.3
1212830 1619.7
1212840 1617.8
1212850 1617.8
1212860 1618.6
1212870 1621.2
1212880 1621.2
1212890 1623.5
1212900 1624.6
1212910 1624.6
1212920 1627.3
1212930 1631.8
1212940 1631.8
1212950 1636.7
1212960 1641.6
1212970 1641.6
1212980 1649.8
1212990 1655.0
1213000 1655.0
1213010 1660.2
1213020 1665.7
1213030 1671.0
1213040 1671.0
1213050 1675.7
1213060 1680.1
1213070 1680.1
1213080 1684.5
1213090 1688.8
1213100 1688.8
1213110 1691.8
1213120 1694.9
1213130 1694.9
1213140 1698.1
1213150 1701.3
1213160 1701.3
1213170 1705.3
1213180 1709.4
1213190 1709.4
1213200 1714.1
1213210 1719.7
1213220 1719.7
1213230 1725.8
1213240 1732.3
1213250 1732.3
1213260 1739.1
1213270 1746.2
1213280 1753.6
1213290 1753.6
1213300 1761.1
1213310 1768.4
1213320 1768.4
1213330 1775.9
1213340 1783.1
1213350 1783.1
1213360 1789.8
1213370 1796.1
1213380 1796.1
1213390 1802.5
1213400 1810.9
1213410 1810.9
1213420 1822.0
1213430 1835.7
1213440 1835.7
1213450 1840.6
1213460 1848.3
1213470 1848.3
1213480 1857.8
1213490 1877.1
1213500 1892.8
1213510 1892.8
1213520 1900.0
1213530 1904.6
1213540 1904.6
1213550 1909.0
1213560 1924.9
1213570 1924.9
1213580 1930.7
1213590 1931.4
1213600 1931.4
1213610 1927.1
1213620 1922.9
1213630 1922.9
1213640 1910.2
1213650 1886.9
1213660 1886.9
1213670 1871.6
1213680 1854.4
1213690 1854.4
1213700 1842.1
1213710 1834.4
1213720 1827.9
1213730 1827.9
1213740 1821.3
1213750 1815.5
1213760 1815.5
1213770 1809.4
1213780 1803.4
1213790 1803.4
1213800 1789.4
1213810 1772.3
1213820 1772.3
1213830 1762.5
1213840 1748.6
1213850 1748.6
1213860 1735.0
1213870 1726.8
1213880 1726.8
1213890 1722.1
1213900 1716.4
1213910 1716.4
1213920 1707.9
1213930 1702.1
1213940 1702.1
1213950 1695.9
1213960 1689.7
1213970 1683.7
1213980 1683.7
1213990 1678.4
1214000 1673.8
1214010 1673.8
1214020 1669.8
1214030 1666.0
1214040 1666.0
1214050 1662.0
1214060 1657.7
1214070 1657.7
1214080 1653.6
1214090 1649.3
1214100 1649.3
1214110 1644.5
1214120 1637.7
1214130 1637.7
1214140 1631.2
1214150 1625.3
1214160 1625.3
1214170 1618.1
1214180 1609.9
1214190 1602.1
1214200 1602.1
1214210 1595.3
1214220 1588.9
1214230 1588.9
1214240 1582.7
1214250 1576.2
1214260 1576.2
1214270 1569.1
1214280 1561.4
1214290 1561.4
1214300 1553.5
1214310 1545.6
1214320 1545.6
1214330 1538.2
1214340 1531.4
1214350 1531.4
1214360 1525.1
1214370 1518.2
1214380 1518.2
1214390 1513.0
1214400 1505.4
1214410 1505.4
1214420 1498.1
1214430 1491.2
1214440 1484.6
1214450 1484.6
1214460 1478.0
1214470 1471.5
1214480 1471.5
1214490 1464.9
1214500 1457.7
1214510 1457.7
1214520 1451.6
1214530 1447.8
1214540 1447.8
1214550 1444.6
1214560 1441.6
1214570 1441.6
1214580 1438.5
1214590 1433.8
1214600 1433.8
1214610 1430.4
1214620 1428.7
1214630 1428.7
1214640 1428.2
1214650 1428.5
1214660 1427.3
1214670 1427.3
1214680 1425.7
1214690 1420.3
1214700 1420.3
1214710 1411.5
1214720 1403.9
1214730 1403.9
1214740 1398.5
1214750 1392.5
1214760 1392.5
1214770 1386.5
1214780 1380.4
1214790 1380.4
1214800 1373.5
1214810 1366.3
1214820 1366.3
1214830 1357.7
1214840 1344.6
1214850 1344.6
1214860 1353.6
1214870 1349.6
1214880 1349.6
1214890 1344.2
1214900 1338.2
1214910 1336.6
1214920 1336.6
1214930 1334.8
1214940 1332.3
1214950 1332.3
1214960 1320.4
1214970 1307.5
1214980 1307.5
1214990 1295.6
1215000 1278.8
1215010 1278.8
1215020 1267.0
1215030 1262.5
1215040 1262.5
1215050 1259.0
1215060 1245.3
1215070 1245.3
1215080 1226.7
1215090 1215.1
1215100 1215.1
1215110 1203.6
1215120 1192.5
1215130 1183.1
1215140 1183.1
1215150 1176.4
1215160 1170.1
1215170 1170.1
1215180 1164.2
1215190 1155.9
1215200 1155.9
1215210 1147.6
1215220 1134.8
1215230 1134.8
1215240 1124.0
1215250 1116.5
1215260 1116.5
1215270 1109.7
1215280 1100.2
1215290 1100.2
1215300 1086.4
1215310 1076.2
1215320 1076.2
1215330 1069.6
1215340 1064.7
1215350 1060.0
1215360 1060.0
1215370 1054.7
1215380 1049.6
1215390 1049.6
1215400 1044.8
1215410 1039.0
1215420 1039.0
1215430 1032.6
1215440 1025.6
1215450 1025.6
1215460 1018.3
1215470 1011.3
1215480 1011.3
1215490 1003.1
1215500 1000.5
1215510 1000.5
1215520 999.7
1215530 997.6
1215540 997.6
1215550 996.6
1215560 995.5
1215570 995.5
1215580 992.6
1215590 990.4
1215600 989.9
1215610 989.9
1215620 989.8
1215630 990.4
1215640 990.4
1215650 991.0
1215660 990.7
1215670 990.7
1215680 990.7
1215690 990.8
1215700 990.8
1215710 990.0
1215720 989.5
1215730 989.5
1215740 989.1
1215750 987.1
1215760 987.1
1215770 987.0
1215780 987.1
1215790 987.1
1215800 989.4
1215810 993.6
1215820 998.9
1215830 998.9
1215840 1005.6
1215850 1013.1
1215860 1013.1
1215870 1021.4
1215880 1029.2
1215890 1029.2
1215900 1037.3
1215910 1044.6
1215920 1044.6
1215930 1046.3
1215940 1046.3
1215950 1046.3
1215960 1046.4
1215970 1047.0
1215980 1047.0
1215990 1047.5
1216000 1047.5
1216010 1047.5
1216020 1046.6
1216030 1046.3
1216040 1046.3
1216050 1045.4
1216060 1045.4
1216070 1047.2
1216080 1047.2
1216090 1050.2
1216100 1050.8
1216110 1050.8
1216120 1051.8
1216130 1052.9
1216140 1052.9
1216150 1053.6
1216160 1054.2
1216170 1054.2
1216180 1054.9
1216190 1055.6
1216200 1055.6
1216210 1056.1
1216220 1056.4
1216230 1056.4
1216240 1056.6
1216250 1057.2
1216260 1057.2
1216270 1057.7
1216280 1058.6
1216290 1059.3
1216300 1059.3
1216310 1059.7
1216320 1060.2
1216330 1060.2
1216340 1060.7
1216350 1061.2
1216360 1061.2
1216370 1061.7
1216380 1062.4
1216390 1062.4
1216400 1063.0
1216410 1063.7
1216420 1063.7
1216430 1064.3
1216440 1065.0
1216450 1065.0
1216460 1065.6
1216470 1066.0
1216480 1066.0
1216490 1066.3
1216500 1066.5
1216510 1066.5
1216520 1067.0
1216530 1067.5
1216540 1067.8
1216550 1067.8
1216560 1068.0
1216570 1068.1
1216580 1068.1
1216590 1068.2
1216600 1068.2
1216610 1068.2
1216620 1068.5
1216630 1068.7
1216640 1068.7
1216650 1068.8
1216660 1068.7
1216670 1068.7
1216680 1068.6
1216690 1069.1
1216700 1069.1
1216710 1068.5
1216720 1068.4
1216730 1068.4
1216740 1068.5
1216750 1069.7
1216760 1070.6
1216770 1070.6
1216780 1071.4
1216790 1071.9
1216800 1071.9
1216810 1072.2
1216820 1072.3
1216830 1072.3
1216840 1072.3
1216850 1072.4
1216860 1072.4
1216870 1072.3
1216880 1072.1
1216890 1072.1
1216900 1072.0
1216910 1072.1
1216920 1072.1
1216930 1072.0
1216940 1072.2
1216950 1072.2
1216960 1072.1
1216970 1072.4
1216980 1072.4
1216990 1072.8
1217000 1072.8
1217010 1072.9
1217020 1072.9
1217030 1073.4
1217040 1073.5
1217050 1073.5
1217060 1073.4
1217070 1073.3
1217080 1073.3
1217090 1074.1
1217100 1075.0
1217110 1075.0
1217120 1075.7
1217130 1076.5
1217140 1076.5
1217150 1077.4
1217160 1078.4
1217170 1078.4
1217180 1078.9
1217190 1079.5
1217200 1079.5
1217210 1080.3
1217220 1081.4
1217230 1082.2
1217240 1082.2
1217250 1083.0
1217260 1083.7
1217270 1083.7
1217280 1084.3
1217290 1085.0
1217300 1085.0
1217310 1085.8
1217320 1086.4
1217330 1086.4
1217340 1087.0
1217350 1087.8
1217360 1087.8
1217370 1088.6
1217380 1087.9
1217390 1087.9
1217400 1085.8
1217410 1083.2
1217420 1083.2
1217430 1082.3
1217440 1082.7
1217450 1083.3
1217460 1083.3
1217470 1083.7
1217480 1084.2
1217490 1084.2
1217500 1084.9
1217510 1085.9
1217520 1085.9
1217530 1086.8
1217540 1087.4
1217550 1087.4
1217560 1087.5
1217570 1086.9
1217580 1086.9
1217590 1087.9
1217600 1089.7
1217610 1089.7
1217620 1090.6
1217630 1091.3
1217640 1091.3
1217650 1092.1
1217660 1093.0
1217670 1093.0
1217680 1094.3
1217690 1095.9
1217700 1097.3
1217710 1097.3
1217720 1098.7
1217730 1099.6
1217740 1099.6
1217750 1100.6
1217760 1101.4
1217770 1101.4
1217780 1101.8
1217790 1103.2
1217800 1103.2
1217810 1104.3
1217820 1105.1
1217830 1105.1
1217840 1106.3
1217850 1108.2
1217860 1108.2
1217870 1112.2
1217880 1116.6
1217890 1116.6
1217900 1117.9
1217910 1118.7
1217920 1119.2
1217930 1119.2
1217940 1119.7
1217950 1120.4
1217960 1120.4
1217970 1121.0
1217980 1122.3
1217990 1122.3
1218000 1125.1
1218010 1129.1
1218020 1129.1
1218030 1134.3
1218040 1140.9
1218050 1140.9
1218060 1147.9
1218070 1157.0
1218080 1157.0
1218090 1172.3
1218100 1185.0
1218110 1185.0
1218120 1194.9
1218130 1204.3
1218140 1204.3
1218150 1216.0
1218160 1227.1
1218170 1237.5
1218180 1237.5
1218190 1249.6
1218200 1264.2
1218210 1264.2
1218220 1275.7
1218230 1285.3
1218240 1285.3
1218250 1294.5
1218260 1304.0
1218270 1304.0
1218280 1319.4
1218290 1338.4
1218300 1338.4
1218310 1356.5
1218320 1374.3
1218330 1374.3
1218340 1392.6
1218350 1403.0
1218360 1403.0
1218370 1407.9
1218380 1413.0
1218390 1417.8
1218400 1417.8
1218410 1422.9
1218420 1427.6
1218430 1427.6
1218440 1432.0
1218450 1435.8
1218460 1435.8
1218470 1438.9
1218480 1442.5
1218490 1442.5
1218500 1447.1
1218510 1453.1
1218520 1453.1
1218530 1462.1
1218540 1481.2
1218550 1481.2
1218560 1491.4
1218570 1497.4
1218580 1497.4
1218590 1503.3
1218600 1508.8
1218610 1508.8
1218620 1514.1
1218630 1519.3
1218640 1525.3
1218650 1525.3
1218660 1530.9
1218670 1534.2
1218680 1534.2
1218690 1537.2
1218700 1542.0
1218710 1542.0
1218720 1547.4
1218730 1554.7
1218740 1554.7
1218750 1563.4
1218760 1572.0
1218770 1572.0
1218780 1579.7
1218790 1585.1
1218800 1585.1
1218810 1589.9
1218820 1594.0
1218830 1594.0
1218840 1598.1
1218850 1602.6
1218860 1605.9
1218870 1605.9
1218880 1608.2
1218890 1610.3
1218900 1610.3
1218910 1612.0
1218920 1614.1
1218930 1614.1
1218940 1616.4
1218950 1619.0
1218960 1619.0
1218970 1622.0
1218980 1627.2
1218990 1627.2
1219000 1633.7
1219010 1640.5
1219020 1640.5
1219030 1647.5
1219040 1654.7
1219050 1654.7
1219060 1661.9
1219070 1669.6
1219080 1677.0
1219090 1677.0
1219100 1684.0
1219110 1691.5
1219120 1691.5
1219130 1697.0
1219140 1704.5
1219150 1704.5
1219160 1712.1
1219170 1719.5
1219180 1719.5
1219190 1726.6
1219200 1733.0
1219210 1733.0
1219220 1738.7
1219230 1745.1
1219240 1745.1
1219250 1751.7
1219260 1756.8
1219270 1756.8
1219280 1762.2
1219290 1768.2
1219300 1768.2
1219310 1774.6
1219320 1782.6
1219330 1793.9
1219340 1793.9
1219350 1804.3
1219360 1818.8
1219370 1818.8
1219380 1836.8
1219390 1843.3
1219400 1843.3
1219410 1846.5
1219420 1850.2
1219430 1850.2
1219440 1854.3
1219450 1860.0
1219460 1860.0
1219470 1865.6
1219480 1871.8
1219490 1871.8
1219500 1880.1
1219510 1890.2
1219520 1890.2
1219530 1904.4
1219540 1917.5
1219550 1928.0
1219560 1928.0
1219570 1937.2
1219580 1945.9
1219590 1945.9
1219600 1952.4
1219610 1952.6
1219620 1952.6
1219630 1958.3
1219640 1962.3
1219650 1962.3
1219660 1965.7
1219670 1967.2
1219680 1967.2
1219690 1968.0
1219700 1968.5
1219710 1968.5
1219720 1969.2
1219730 1969.5
1219740 1969.5
1219750 1969.2
1219760 1967.7
1219770 1967.7
1219780 1966.1
1219790 1965.7
1219800 1966.1
1219810 1966.1
1219820 1967.1
1219830 1969.2
1219840 1969.2
1219850 1972.5
1219860 1975.8
1219870 1975.8
1219880 1980.0
1219890 1984.5
1219900 1984.5
1219910 1988.0
1219920 1992.2
1219930 1992.2
1219940 1996.6
1219950 1999.8
1219960 1999.8
1219970 2002.3
1219980 2004.5
1219990 2004.5
