1200000 1764.1
1200010 1757.6
1200020 1765.4
1200030 1770.2
1200040 1770.2
1200050 1775.5
1200060 1781.4
1200070 1781.4
1200080 1783.5
1200090 1786.8
1200100 1786.8
1200110 1791.2
1200120 1791.7
1200130 1790.3
1200140 1790.3
1200150 1789.3
1200160 1790.9
1200170 1790.9
1200180 1797.5
1200190 1800.8
1200200 1800.8
1200210 1799.7
1200220 1809.4
1200230 1809.4
1200240 1815.4
1200250 1818.0
1200260 1818.0
1200270 1820.5
1200280 1822.1
1200290 1822.1
1200300 1823.2
1200310 1824.2
1200320 1824.2
1200330 1825.7
1200340 1827.2
1200350 1830.0
1200360 1830.0
1200370 1833.5
1200380 1837.0
1200390 1837.0
1200400 1841.4
1200410 1845.7
1200420 1845.7
1200430 1849.9
1200440 1856.1
1200450 1852.9
1200460 1858.8
1200470 1863.6
1200480 1863.6
1200490 1869.2
1200500 1876.1
1200510 1876.1
1200520 1881.9
1200530 1885.9
1200540 1885.9
1200550 1888.9
1200560 1890.5
1200570 1890.5
1200580 1892.1
1200590 1893.6
1200600 1895.9
1200610 1895.9
1200620 1898.8
1200630 1901.5
1200640 1901.5
1200650 1902.4
1200660 1904.3
1200670 1904.3
1200680 1906.4
1200690 1908.8
1200700 1908.8
1200710 1910.9
1200720 1912.7
1200730 1912.7
1200740 1916.1
1200750 1919.4
1200760 1919.4
1200770 1922.4
1200780 1924.0
1200790 1924.0
1200800 1925.5
1200810 1927.5
1200820 1929.3
1200830 1929.3
1200840 1930.2
1200850 1930.4
1200860 1930.4
1200870 1930.5
1200880 1930.8
1200890 1930.8
1200900 1921.6
1200910 1918.5
1200920 1918.5
1200930 1918.7
1200940 1922.6
1200950 1922.6
1200960 1924.5
1200970 1925.0
1200980 1925.0
1200990 1924.7
1201000 1922.0
1201010 1922.0
1201020 1920.9
1201030 1926.8
1201040 1926.8
1201050 1932.8
1201060 1938.3
1201070 1943.3
1201080 1943.3
1201090 1943.7
1201100 1944.0
1201110 1944.0
1201120 1944.4
1201130 1943.6
1201140 1943.6
1201150 1945.1
1201160 1950.2
1201170 1950.2
1201180 1955.2
1201190 1959.6
1201200 1959.6
1201210 1963.9
1201220 1967.3
1201230 1967.3
1201240 1970.0
1201250 1971.9
1201260 1971.9
1201270 1972.1
1201280 1973.6
1201290 1979.3
1201300 1979.3
1201310 1982.3
1201320 1984.8
1201330 1984.8
1201340 1987.4
1201350 1987.4
1201360 1987.4
1201370 1993.3
1201380 1998.6
1201390 1998.6
1201400 2002.7
1201410 2006.4
1201420 2006.4
1201430 2009.2
1201440 2011.7
1201450 2011.7
1201460 2014.7
1201470 2017.9
1201480 2017.9
1201490 2021.2
1201500 2024.7
1201510 2024.7
1201520 2028.3
1201530 2032.7
1201540 2037.4
1201550 2037.4
1201560 2040.7
1201570 2044.8
1201580 2044.8
1201590 2050.9
1201600 2056.5
1201610 2056.5
1201620 2059.3
1201630 2062.6
1201640 2062.6
1201650 2066.2
1201660 2071.7
1201670 2071.7
1201680 2078.3
1201690 2084.9
1201700 2084.9
1201710 2091.0
1201720 2095.9
1201730 2095.9
1201740 2100.5
1201750 2106.4
1201760 2112.0
1201770 2112.0
1201780 2117.9
1201790 2124.3
1201800 2118.2
1201810 2123.5
1201820 2128.8
1201830 2128.8
1201840 2134.4
1201850 2140.8
1201860 2140.8
1201870 2147.3
1201880 2154.4
1201890 2154.4
1201900 2162.3
1201910 2169.1
1201920 2169.1
1201930 2174.9
1201940 2181.2
1201950 2181.2
1201960 2188.3
1201970 2195.1
1201980 2195.1
1201990 2201.5
1202000 2208.1
1202010 2215.0
1202020 2215.0
1202030 2221.8
1202040 2227.5
1202050 2227.5
1202060 2233.6
1202070 2237.9
1202080 2237.9
1202090 2241.7
1202100 2245.8
1202110 2245.8
1202120 2251.8
1202130 2257.8
1202140 2257.8
1202150 2263.7
1202160 2270.1
1202170 2270.1
1202180 2277.4
1202190 2284.7
1202200 2284.7
1202210 2291.7
1202220 2298.7
1202230 2304.7
1202240 2304.7
1202250 2302.6
1202260 2309.2
1202270 2309.2
1202280 2314.9
1202290 2320.3
1202300 2320.3
1202310 2326.5
1202320 2333.2
1202330 2333.2
1202340 2340.4
1202350 2347.5
1202360 2347.5
1202370 2354.5
1202380 2361.7
1202390 2361.7
1202400 2369.4
1202410 2377.3
1202420 2377.3
1202430 2385.7
1202440 2393.6
1202450 2393.6
1202460 2401.8
1202470 2410.1
1202480 2417.0
1202490 2417.0
1202500 2420.8
1202510 2419.9
1202520 2419.9
1202530 2416.8
1202540 2416.7
1202550 2416.7
1202560 2416.4
1202570 2419.2
1202580 2419.2
1202590 2423.6
1202600 2427.7
1202610 2427.7
1202620 2432.0
1202630 2436.5
1202640 2436.5
1202650 2441.7
1202660 2445.8
1202670 2445.8
1202680 2448.4
1202690 2452.2
1202700 2446.7
1202710 2446.7
1202720 2450.0
1202730 2455.7
1202740 2455.7
1202750 2461.9
1202760 2467.5
1202770 2467.5
1202780 2472.5
1202790 2478.0
1202800 2478.0
1202810 2485.6
1202820 2493.6
1202830 2493.6
1202840 2500.5
1202850 2505.8
1202860 2505.8
1202870 2513.5
1202880 2520.5
1202890 2520.5
1202900 2524.7
1202910 2525.3
1202920 2521.0
1202930 2521.0
1202940 2510.3
1202950 2493.4
1202960 2493.4
1202970 2484.9
1202980 2476.6
1202990 2476.6
1203000 2464.1
1203010 2456.9
1203020 2456.9
1203030 2452.7
1203040 2448.6
1203050 2448.6
1203060 2446.0
1203070 2446.4
1203080 2446.4
1203090 2447.3
1203100 2446.8
1203110 2446.8
1203120 2447.0
1203130 2447.8
1203140 2447.8
1203150 2450.9
1203160 2450.0
1203170 2448.8
1203180 2448.8
1203190 2448.5
1203200 2448.0
1203210 2448.0
1203220 2447.3
1203230 2446.6
1203240 2446.6
1203250 2445.7
1203260 2444.6
1203270 2444.6
1203280 2444.0
1203290 2444.2
1203300 2444.2
1203310 2444.9
1203320 2446.1
1203330 2446.1
1203340 2447.3
1203350 2448.6
1203360 2448.6
1203370 2450.5
1203380 2455.1
1203390 2455.7
1203400 2455.7
1203410 2455.5
1203420 2456.8
1203430 2456.8
1203440 2458.4
1203450 2461.7
1203460 2461.7
1203470 2466.5
1203480 2472.9
1203490 2472.9
1203500 2479.6
1203510 2486.3
1203520 2486.3
1203530 2493.4
1203540 2499.7
1203550 2499.7
1203560 2504.8
1203570 2509.4
1203580 2509.4
1203590 2511.8
1203600 2518.3
1203610 2518.3
1203620 2518.4
1203630 2520.3
1203640 2522.1
1203650 2522.1
1203660 2523.7
1203670 2525.9
1203680 2525.9
1203690 2527.8
1203700 2529.6
1203710 2529.6
1203720 2531.7
1203730 2534.6
1203740 2534.6
1203750 2538.6
1203760 2543.6
1203770 2543.6
1203780 2550.1
1203790 2557.1
1203800 2557.1
1203810 2564.9
1203820 2576.0
1203830 2576.0
1203840 2591.1
1203850 2610.7
1203860 2623.2
1203870 2623.2
1203880 2634.7
1203890 2640.2
1203900 2640.2
1203910 2639.0
1203920 2636.9
1203930 2636.9
1203940 2634.5
1203950 2632.9
1203960 2632.9
1203970 2632.3
1203980 2629.9
1203990 2629.9
1204000 2625.4
1204010 2619.9
1204020 2619.9
1204030 2613.5
1204040 2608.8
1204050 2616.3
1204060 2611.0
1204070 2608.9
1204080 2608.9
1204090 2607.6
1204100 2608.1
1204110 2608.8
1204120 2608.8
1204130 2609.3
1204140 2609.5
1204150 2609.5
1204160 2609.4
1204170 2609.7
1204180 2609.7
1204190 2609.7
1204200 2608.3
1204210 2608.3
1204220 2606.4
1204230 2604.6
1204240 2604.6
1204250 2603.5
1204260 2602.1
1204270 2602.1
1204280 2600.2
1204290 2599.3
1204300 2599.3
1204310 2598.9
1204320 2598.0
1204330 2596.9
1204340 2596.9
1204350 2596.6
1204360 2597.6
1204370 2597.6
1204380 2599.0
1204390 2600.3
1204400 2600.3
1204410 2600.3
1204420 2600.7
1204430 2600.7
1204440 2600.2
1204450 2600.5
1204460 2600.5
1204470 2601.9
1204480 2602.9
1204490 2602.9
1204500 2605.7
1204510 2607.7
1204520 2607.7
1204530 2610.2
1204540 2613.0
1204550 2613.0
1204560 2615.7
1204570 2618.6
1204580 2622.4
1204590 2622.4
1204600 2627.5
1204610 2633.6
1204620 2633.6
1204630 2640.4
1204640 2647.6
1204650 2647.6
1204660 2656.0
1204670 2670.6
1204680 2670.6
1204690 2687.6
1204700 2701.5
1204710 2701.5
1204720 2711.4
1204730 2718.0
1204740 2718.0
1204750 2724.7
1204760 2731.4
1204770 2731.4
1204780 2737.3
1204790 2742.8
1204800 2753.9
1204810 2753.9
1204820 2767.2
1204830 2775.4
1204840 2775.4
1204850 2782.0
1204860 2788.8
1204870 2788.8
1204880 2797.4
1204890 2802.4
1204900 2802.4
1204910 2807.7
1204920 2824.6
1204930 2824.6
1204940 2841.4
1204950 2852.5
1204960 2850.7
1204970 2862.1
1204980 2871.2
1204990 2871.2
1205000 2876.1
1205010 2877.9
1205020 2877.3
1205030 2877.3
1205040 2875.9
1205050 2874.3
1205060 2874.3
1205070 2873.7
1205080 2873.1
1205090 2873.1
1205100 2873.4
1205110 2875.2
1205120 2875.2
1205130 2878.5
1205140 2879.0
1205150 2879.0
1205160 2876.8
1205170 2873.0
1205180 2873.0
1205190 2864.1
1205200 2847.1
1205210 2847.1
1205220 2830.5
1205230 2816.2
1205240 2816.2
1205250 2804.9
1205260 2795.8
1205270 2785.5
1205280 2785.5
1205290 2775.2
1205300 2766.3
1205310 2766.3
1205320 2758.1
1205330 2750.0
1205340 2750.0
1205350 2741.3
1205360 2733.2
1205370 2733.2
1205380 2726.0
1205390 2719.1
1205400 2719.1
1205410 2711.6
1205420 2705.3
1205430 2705.3
1205440 2699.5
1205450 2693.9
1205460 2693.9
1205470 2688.7
1205480 2683.9
1205490 2679.3
1205500 2679.3
1205510 2674.5
1205520 2669.7
1205530 2669.7
1205540 2665.3
1205550 2661.5
1205560 2661.5
1205570 2658.0
1205580 2654.5
1205590 2654.5
1205600 2651.9
1205610 2649.7
1205620 2649.7
1205630 2647.4
1205640 2644.9
1205650 2644.9
1205660 2642.6
1205670 2641.2
1205680 2641.2
1205690 2640.3
1205700 2638.9
1205710 2638.9
1205720 2636.8
1205730 2635.9
1205740 2635.7
1205750 2635.7
1205760 2634.1
1205770 2632.2
1205780 2632.2
1205790 2631.3
1205800 2632.1
1205810 2632.1
1205820 2633.6
1205830 2634.5
1205840 2634.5
1205850 2635.9
1205860 2636.5
1205870 2629.5
1205880 2628.6
1205890 2627.3
1205900 2627.3
1205910 2625.9
1205920 2624.6
1205930 2624.6
1205940 2622.1
1205950 2620.2
1205960 2620.6
1205970 2620.6
1205980 2621.2
1205990 2622.1
1206000 2622.1
1206010 2623.8
1206020 2624.5
1206030 2624.5
1206040 2625.1
1206050 2625.6
1206060 2625.6
1206070 2625.8
1206080 2624.6
1206090 2624.6
1206100 2622.6
1206110 2620.8
1206120 2620.8
1206130 2619.7
1206140 2617.1
1206150 2617.1
1206160 2614.8
1206170 2612.4
1206180 2612.4
1206190 2610.8
1206200 2607.1
1206210 2603.6
1206220 2603.6
1206230 2604.1
1206240 2603.5
1206250 2603.5
1206260 2600.6
1206270 2596.7
1206280 2596.7
1206290 2592.9
1206300 2589.5
1206310 2589.5
1206320 2579.7
1206330 2575.7
1206340 2575.7
1206350 2570.6
1206360 2566.2
1206370 2566.2
1206380 2562.3
1206390 2559.2
1206400 2559.2
1206410 2555.9
1206420 2552.4
1206430 2549.0
1206440 2549.0
1206450 2545.0
1206460 2541.3
1206470 2541.3
1206480 2538.0
1206490 2534.0
1206500 2534.0
1206510 2529.9
1206520 2524.0
1206530 2524.0
1206540 2517.2
1206550 2510.1
1206560 2510.1
1206570 2503.2
1206580 2496.1
1206590 2496.1
1206600 2486.4
1206610 2478.3
1206620 2478.3
1206630 2470.8
1206640 2463.4
1206650 2463.4
1206660 2457.9
1206670 2453.8
1206680 2448.9
1206690 2448.9
1206700 2444.3
1206710 2440.0
1206720 2440.0
1206730 2436.3
1206740 2432.7
1206750 2432.7
1206760 2429.2
1206770 2425.6
1206780 2420.0
1206790 2415.7
1206800 2411.6
1206810 2411.6
1206820 2408.1
1206830 2404.9
1206840 2404.9
1206850 2401.6
1206860 2398.6
1206870 2398.6
1206880 2395.8
1206890 2393.0
1206900 2389.8
1206910 2389.8
1206920 2385.8
1206930 2382.1
1206940 2382.1
1206950 2378.7
1206960 2375.4
1206970 2375.4
1206980 2372.4
1206990 2370.0
1207000 2370.0
1207010 2368.4
1207020 2366.5
1207030 2366.5
1207040 2365.2
1207050 2364.2
1207060 2364.2
1207070 2362.7
1207080 2360.5
1207090 2360.5
1207100 2358.4
1207110 2356.2
1207120 2353.0
1207130 2353.0
1207140 2349.3
1207150 2345.1
1207160 2345.1
1207170 2339.8
1207180 2333.5
1207190 2333.5
1207200 2326.4
1207210 2319.4
1207220 2319.4
1207230 2312.8
1207240 2304.0
1207250 2304.0
1207260 2296.8
1207270 2290.0
1207280 2290.0
1207290 2284.2
1207300 2278.5
1207310 2278.5
1207320 2273.4
1207330 2268.1
1207340 2268.1
1207350 2262.6
1207360 2257.1
1207370 2251.8
1207380 2251.8
1207390 2246.4
1207400 2241.1
1207410 2241.1
1207420 2235.2
1207430 2229.4
1207440 2229.4
1207450 2223.7
1207460 2218.5
1207470 2218.5
1207480 2213.3
1207490 2208.3
1207500 2208.3
1207510 2203.2
1207520 2198.1
1207530 2198.1
1207540 2193.1
1207550 2187.7
1207560 2187.7
1207570 2181.8
1207580 2176.3
1207590 2170.8
1207600 2170.8
1207610 2165.0
1207620 2159.7
1207630 2159.7
1207640 2155.1
1207650 2150.9
1207660 2150.9
1207670 2146.6
1207680 2142.0
1207690 2138.8
1207700 2133.9
1207710 2127.5
1207720 2127.5
1207730 2122.1
1207740 2117.4
1207750 2117.4
1207760 2112.9
1207770 2108.6
1207780 2108.6
1207790 2104.6
1207800 2100.2
1207810 2100.2
1207820 2095.4
1207830 2090.6
1207840 2086.7
1207850 2086.7
1207860 2082.7
1207870 2078.7
1207880 2078.7
1207890 2075.1
1207900 2071.5
1207910 2071.5
1207920 2067.9
1207930 2065.3
1207940 2065.3
1207950 2062.2
1207960 2059.7
1207970 2059.7
1207980 2057.3
1207990 2055.1
1208000 2055.1
1208010 2053.3
1208020 2051.4
1208030 2051.4
1208040 2049.5
1208050 2048.0
1208060 2046.5
1208070 2046.5
1208080 2045.1
1208090 2043.7
1208100 2043.7
1208110 2042.0
1208120 2040.1
1208130 2040.1
1208140 2038.6
1208150 2037.5
1208160 2037.5
1208170 2038.3
1208180 2040.2
1208190 2040.2
1208200 2043.5
1208210 2047.7
1208220 2047.7
1208230 2052.2
1208240 2056.8
1208250 2056.8
1208260 2061.0
1208270 2065.1
1208280 2065.1
1208290 2069.9
1208300 2075.4
1208310 2081.9
1208320 2081.9
1208330 2089.2
1208340 2095.4
1208350 2095.4
1208360 2100.3
1208370 2104.5
1208380 2104.5
1208390 2107.6
1208400 2109.9
1208410 2109.9
1208420 2113.3
1208430 2115.6
1208440 2115.6
1208450 2117.1
1208460 2120.3
1208470 2120.3
1208480 2123.8
1208490 2127.2
1208500 2127.2
1208510 2130.7
1208520 2136.9
1208530 2143.9
1208540 2143.9
1208550 2148.5
1208560 2152.2
1208570 2152.2
1208580 2155.5
1208590 2157.2
1208600 2157.2
1208610 2163.1
1208620 2165.0
1208630 2165.0
1208640 2167.7
1208650 2168.5
1208660 2168.5
1208670 2169.4
1208680 2171.0
1208690 2171.0
1208700 2173.1
1208710 2174.7
1208720 2174.7
1208730 2175.3
1208740 2177.6
1208750 2177.6
1208760 2180.5
1208770 2183.0
1208780 2185.6
1208790 2185.6
1208800 2188.2
1208810 2190.5
1208820 2190.5
1208830 2193.7
1208840 2197.3
1208850 2197.3
1208860 2202.1
1208870 2205.9
1208880 2205.9
1208890 2209.2
1208900 2211.3
1208910 2211.3
1208920 2213.4
1208930 2215.2
1208940 2215.2
1208950 2215.2
1208960 2215.1
1208970 2215.1
1208980 2217.5
1208990 2218.5
1209000 2220.8
1209010 2220.8
1209020 2222.8
1209030 2226.3
1209040 2226.3
1209050 2230.3
1209060 2231.8
1209070 2235.9
1209080 2238.1
1209090 2239.4
1209100 2239.4
1209110 2241.8
1209120 2244.7
1209130 2244.7
1209140 2247.2
1209150 2249.4
1209160 2249.4
1209170 2251.2
1209180 2252.0
1209190 2252.0
1209200 2252.0
1209210 2254.8
1209220 2259.2
1209230 2259.2
1209240 2264.6
1209250 2271.0
1209260 2271.0
1209270 2276.5
1209280 2281.7
1209290 2281.7
1209300 2287.0
1209310 2292.6
1209320 2292.6
1209330 2302.1
1209340 2323.0
1209350 2323.0
1209360 2332.9
1209370 2338.3
1209380 2338.3
1209390 2343.6
1209400 2348.0
1209410 2348.0
1209420 2352.6
1209430 2358.5
1209440 2358.5
1209450 2366.0
1209460 2374.9
1209470 2379.9
1209480 2379.9
1209490 2381.9
1209500 2385.0
1209510 2385.0
1209520 2388.5
1209530 2396.5
1209540 2396.5
1209550 2400.9
1209560 2405.1
1209570 2405.1
1209580 2408.8
1209590 2413.2
1209600 2413.2
1209610 2416.8
1209620 2414.9
1209630 2414.9
1209640 2407.0
1209650 2402.0
1209660 2402.0
1209670 2398.5
1209680 2397.0
1209690 2398.4
1209700 2398.4
1209710 2397.3
1209720 2392.5
1209730 2392.5
1209740 2384.4
1209750 2377.3
1209760 2377.3
1209770 2370.9
1209780 2363.8
1209790 2363.8
1209800 2355.3
1209810 2347.9
1209820 2347.9
1209830 2339.5
1209840 2330.9
1209850 2330.9
1209860 2322.6
1209870 2317.6
1209880 2317.6
1209890 2315.0
1209900 2312.0
1209910 2312.0
1209920 2309.1
1209930 2305.4
1209940 2302.4
1209950 2302.4
1209960 2302.7
1209970 2302.6
1209980 2302.6
1209990 2302.9
1210000 2304.3
1210010 2304.3
1210020 2304.5
1210030 2306.1
1210040 2306.1
1210050 2307.7
1210060 2308.6
1210070 2308.6
1210080 2308.1
1210090 2307.0
1210100 2307.0
1210110 2306.0
1210120 2307.0
1210130 2307.0
1210140 2307.9
1210150 2307.6
1210160 2307.7
1210170 2307.7
1210180 2307.5
1210190 2305.5
1210200 2305.5
1210210 2304.1
1210220 2302.3
1210230 2302.3
1210240 2299.1
1210250 2295.2
1210260 2295.2
1210270 2290.3
1210280 2283.0
1210290 2283.0
1210300 2276.6
1210310 2271.2
1210320 2271.2
1210330 2265.9
1210340 2262.4
1210350 2262.4
1210360 2263.0
1210370 2265.3
1210380 2265.3
1210390 2266.0
1210400 2267.5
1210410 2269.8
1210420 2269.8
1210430 2271.8
1210440 2273.2
1210450 2273.2
1210460 2278.8
1210470 2281.0
1210480 2281.0
1210490 2284.4
1210500 2288.3
1210510 2288.3
1210520 2291.3
1210530 2294.4
1210540 2294.4
1210550 2297.8
1210560 2300.5
1210570 2300.5
1210580 2302.8
1210590 2307.1
1210600 2307.1
1210610 2312.4
1210620 2318.1
1210630 2322.6
1210640 2322.6
1210650 2325.3
1210660 2329.3
1210670 2329.3
1210680 2332.5
1210690 2336.7
1210700 2336.7
1210710 2341.1
1210720 2347.5
1210730 2347.5
1210740 2353.9
1210750 2359.1
1210760 2359.1
1210770 2357.6
1210780 2354.7
1210790 2354.7
1210800 2356.4
1210810 2358.7
1210820 2358.7
1210830 2361.7
1210840 2365.5
1210850 2365.5
1210860 2369.6
1210870 2369.3
1210880 2367.6
1210890 2367.6
1210900 2365.9
1210910 2363.9
1210920 2367.2
1210930 2363.4
1210940 2359.7
1210950 2359.7
1210960 2357.0
1210970 2355.2
1210980 2355.2
1210990 2353.4
1211000 2351.6
1211010 2351.6
1211020 2351.0
1211030 2350.0
1211040 2350.0
1211050 2347.8
1211060 2344.9
1211070 2344.9
1211080 2341.7
1211090 2339.3
1211100 2338.5
1211110 2338.5
1211120 2334.5
1211130 2328.7
1211140 2328.7
1211150 2322.8
1211160 2316.2
1211170 2316.2
1211180 2309.1
1211190 2298.5
1211200 2298.5
1211210 2291.4
1211220 2283.8
1211230 2283.8
1211240 2276.4
1211250 2268.9
1211260 2268.9
1211270 2261.2
1211280 2253.4
1211290 2253.4
1211300 2243.4
1211310 2231.5
1211320 2221.3
1211330 2221.3
1211340 2211.6
1211350 2202.2
1211360 2202.2
1211370 2194.4
1211380 2187.1
1211390 2187.5
1211400 2180.4
1211410 2173.5
1211420 2173.5
1211430 2166.8
1211440 2159.9
1211450 2159.9
1211460 2154.5
1211470 2149.8
1211480 2149.8
1211490 2144.9
1211500 2139.6
1211510 2139.6
1211520 2134.8
1211530 2129.5
1211540 2129.5
1211550 2125.4
1211560 2121.9
1211570 2117.9
1211580 2117.9
1211590 2114.1
1211600 2110.2
1211610 2110.2
1211620 2107.7
1211630 2105.6
1211640 2105.6
1211650 2102.2
1211660 2098.9
1211670 2098.9
1211680 2095.8
1211690 2093.4
1211700 2093.4
1211710 2091.2
1211720 2088.7
1211730 2088.7
1211740 2082.2
1211750 2074.1
1211760 2074.1
1211770 2067.7
1211780 2061.9
1211790 2056.1
1211800 2056.1
1211810 2050.2
1211820 2044.5
1211830 2044.5
1211840 2038.5
1211850 2036.7
1211860 2036.7
1211870 2030.3
1211880 2024.1
1211890 2024.1
1211900 2017.1
1211910 2009.6
1211920 2009.6
1211930 2005.5
1211940 2004.7
1211950 2004.7
1211960 2003.7
1211970 2002.0
1211980 2002.0
1211990 1999.0
1212000 1995.8
1212010 1995.8
1212020 1991.9
1212030 1988.6
1212040 1987.3
1212050 1987.3
1212060 1986.5
1212070 1985.3
1212080 1985.3
1212090 1981.5
1212100 1975.8
1212110 1975.8
1212120 1969.9
1212130 1963.8
1212140 1963.8
1212150 1957.7
1212160 1951.3
1212170 1951.3
1212180 1944.3
1212190 1936.8
1212200 1936.8
1212210 1929.2
1212220 1922.2
1212230 1922.2
1212240 1916.5
1212250 1906.4
1212260 1895.2
1212270 1895.2
1212280 1885.9
1212290 1874.4
1212300 1874.4
1212310 1853.1
1212320 1837.4
1212330 1837.4
1212340 1827.2
1212350 1819.5
1212360 1819.5
1212370 1812.3
1212380 1805.3
1212390 1805.3
1212400 1798.3
1212410 1791.8
1212420 1791.8
1212430 1785.9
1212440 1779.7
1212450 1779.7
1212460 1773.0
1212470 1762.5
1212480 1762.5
1212490 1750.9
1212500 1740.3
1212510 1731.9
1212520 1731.9
1212530 1724.7
1212540 1717.4
1212550 1717.4
1212560 1709.6
1212570 1702.6
1212580 1702.6
1212590 1696.0
1212600 1689.3
1212610 1689.3
1212620 1683.1
1212630 1676.8
1212640 1676.8
1212650 1670.3
1212660 1663.8
1212670 1663.8
1212680 1658.4
1212690 1653.3
1212700 1653.3
1212710 1647.7
1212720 1642.1
1212730 1635.9
1212740 1635.9
1212750 1630.7
1212760 1625.5
1212770 1625.5
1212780 1620.3
1212790 1616.9
1212800 1616.9
1212810 1614.4
1212820 1610.5
1212830 1610.5
1212840 1608.0
1212850 1605.7
1212860 1605.7
1212870 1603.5
1212880 1602.8
1212890 1602.8
1212900 1601.1
1212910 1599.2
1212920 1599.2
1212930 1597.6
1212940 1596.4
1212950 1596.4
1212960 1594.6
1212970 1595.5
1212980 1597.7
1212990 1597.7
1213000 1600.5
1213010 1604.7
1213020 1604.7
1213030 1609.2
1213040 1613.3
1213050 1613.3
1213060 1617.5
1213070 1622.5
1213080 1622.5
1213090 1627.9
1213100 1633.1
1213110 1633.1
1213120 1638.0
1213130 1642.7
1213140 1642.7
1213150 1647.7
1213160 1652.3
1213170 1652.3
1213180 1656.8
1213190 1659.8
1213200 1662.4
1213210 1662.4
1213220 1664.7
1213230 1669.1
1213240 1669.1
1213250 1679.8
1213260 1685.6
1213270 1685.6
1213280 1691.5
1213290 1697.7
1213300 1697.7
1213310 1704.3
1213320 1711.6
1213330 1711.6
1213340 1718.7
1213350 1725.8
1213360 1725.8
1213370 1732.7
1213380 1739.1
1213390 1739.1
1213400 1744.9
1213410 1750.0
1213420 1755.3
1213430 1755.3
1213440 1761.5
1213450 1770.0
1213460 1770.0
1213470 1778.9
1213480 1788.2
1213490 1788.2
1213500 1797.8
1213510 1808.0
1213520 1808.0
1213530 1816.4
1213540 1824.2
1213550 1824.2
1213560 1830.8
1213570 1837.3
1213580 1837.3
1213590 1844.4
1213600 1849.7
1213610 1849.7
1213620 1854.3
1213630 1857.8
1213640 1857.8
1213650 1860.4
1213660 1861.7
1213670 1863.1
1213680 1863.1
1213690 1859.0
1213700 1853.1
1213710 1853.1
1213720 1862.3
1213730 1856.1
1213740 1856.1
1213750 1848.9
1213760 1842.0
1213770 1842.0
1213780 1835.3
1213790 1828.3
1213800 1828.3
1213810 1822.2
1213820 1817.6
1213830 1817.6
1213840 1813.1
1213850 1805.3
1213860 1805.3
1213870 1795.4
1213880 1787.6
1213890 1780.1
1213900 1780.1
1213910 1774.0
1213920 1767.7
1213930 1767.7
1213940 1761.4
1213950 1746.7
1213960 1746.7
1213970 1717.0
1213980 1701.3
1213990 1701.3
1214000 1687.3
1214010 1674.4
1214020 1674.4
1214030 1666.2
1214040 1656.1
1214050 1656.1
1214060 1647.3
1214070 1639.1
1214080 1639.1
1214090 1630.6
1214100 1622.8
1214110 1622.8
1214120 1615.3
1214130 1608.3
1214140 1599.7
1214150 1599.7
1214160 1590.7
1214170 1580.4
1214180 1580.4
1214190 1563.9
1214200 1556.0
1214210 1556.0
1214220 1548.1
1214230 1541.0
1214240 1541.0
1214250 1533.8
1214260 1526.8
1214270 1526.8
1214280 1520.6
1214290 1515.4
1214300 1515.4
1214310 1511.2
1214320 1507.8
1214330 1507.8
1214340 1504.4
1214350 1499.6
1214360 1496.7
1214370 1496.7
1214380 1492.5
1214390 1485.7
1214400 1485.7
1214410 1478.5
1214420 1471.7
1214430 1471.7
1214440 1465.4
1214450 1458.2
1214460 1458.2
1214470 1450.0
1214480 1442.9
1214490 1442.9
1214500 1437.0
1214510 1430.6
1214520 1430.6
1214530 1423.6
1214540 1416.6
1214550 1416.6
1214560 1405.3
1214570 1394.9
1214580 1394.9
1214590 1388.7
1214600 1381.9
1214610 1374.9
1214620 1374.9
1214630 1368.7
1214640 1362.0
1214650 1362.0
1214660 1359.1
1214670 1352.6
1214680 1352.6
1214690 1345.8
1214700 1338.8
1214710 1338.8
1214720 1331.8
1214730 1323.7
1214740 1323.7
1214750 1315.9
1214760 1307.9
1214770 1307.9
1214780 1302.6
1214790 1294.9
1214800 1294.9
1214810 1286.8
1214820 1279.8
1214830 1273.7
1214840 1273.7
1214850 1267.2
1214860 1259.2
1214870 1259.2
1214880 1252.3
1214890 1246.3
1214900 1246.3
1214910 1240.9
1214920 1236.0
1214930 1236.0
1214940 1230.3
1214950 1224.3
1214960 1224.3
1214970 1218.5
1214980 1212.1
1214990 1212.1
1215000 1205.5
1215010 1198.6
1215020 1198.6
1215030 1192.1
1215040 1185.8
1215050 1185.8
1215060 1179.1
1215070 1171.3
1215080 1164.1
1215090 1164.1
1215100 1157.7
1215110 1151.6
1215120 1151.6
1215130 1145.1
1215140 1138.0
1215150 1138.0
1215160 1131.6
1215170 1125.5
1215180 1125.5
1215190 1119.1
1215200 1112.7
1215210 1112.7
1215220 1107.2
1215230 1100.9
1215240 1100.9
1215250 1094.0
1215260 1087.3
1215270 1087.3
1215280 1080.9
1215290 1075.0
1215300 1069.4
1215310 1069.4
1215320 1064.8
1215330 1059.3
1215340 1059.3
1215350 1054.4
1215360 1049.4
1215370 1049.4
1215380 1044.4
1215390 1038.8
1215400 1038.8
1215410 1033.2
1215420 1026.1
1215430 1026.1
1215440 1017.7
1215450 1010.1
1215460 1010.1
1215470 1003.1
1215480 995.9
1215490 995.9
1215500 987.6
1215510 984.2
1215520 984.2
1215530 984.0
1215540 984.9
1215550 985.6
1215560 985.6
1215570 985.6
1215580 985.2
1215590 985.2
1215600 986.1
1215610 985.8
1215620 985.8
1215630 986.3
1215640 987.2
1215650 987.2
1215660 987.2
1215670 987.0
1215680 987.0
1215690 984.7
1215700 983.9
1215710 983.9
1215720 983.9
1215730 985.0
1215740 985.0
1215750 987.4
1215760 991.5
1215770 998.1
1215780 998.1
1215790 1005.3
1215800 1012.0
1215810 1012.0
1215820 1018.6
1215830 1025.5
1215840 1025.5
1215850 1033.4
1215860 1039.7
1215870 1039.7
1215880 1040.9
1215890 1041.0
1215900 1041.0
1215910 1040.8
1215920 1040.9
1215930 1040.9
1215940 1041.0
1215950 1040.2
1215960 1040.2
1215970 1040.0
1215980 1039.8
1215990 1039.4
1216000 1039.4
1216010 1038.6
1216020 1038.3
1216030 1038.3
1216040 1039.4
1216050 1042.6
1216060 1042.6
1216070 1044.0
1216080 1045.0
1216090 1045.0
1216100 1045.7
1216110 1046.6
1216120 1046.6
1216130 1047.6
1216140 1048.4
1216150 1048.4
1216160 1049.2
1216170 1050.1
1216180 1050.1
1216190 1050.9
1216200 1051.9
1216210 1051.9
1216220 1052.3
1216230 1051.9
1216240 1052.9
1216250 1052.9
1216260 1053.9
1216270 1054.5
1216280 1054.5
1216290 1055.1
1216300 1055.8
1216310 1055.8
1216320 1056.4
1216330 1057.1
1216340 1057.1
1216350 1057.7
1216360 1058.3
1216370 1058.3
1216380 1058.8
1216390 1059.3
1216400 1059.3
1216410 1059.8
1216420 1060.0
1216430 1060.0
1216440 1060.2
1216450 1060.5
1216460 1060.7
1216470 1060.7
1216480 1060.8
1216490 1061.2
1216500 1061.2
1216510 1061.5
1216520 1061.9
1216530 1061.9
1216540 1062.1
1216550 1062.7
1216560 1062.7
1216570 1063.0
1216580 1063.5
1216590 1063.5
1216600 1063.8
1216610 1063.8
1216620 1063.8
1216630 1063.7
1216640 1063.4
1216650 1063.4
1216660 1063.1
1216670 1062.7
1216680 1062.7
1216690 1062.5
1216700 1062.2
1216710 1062.1
1216720 1062.1
1216730 1062.5
1216740 1062.9
1216750 1062.9
1216760 1063.3
1216770 1063.9
1216780 1063.9
1216790 1064.3
1216800 1064.6
1216810 1064.6
1216820 1064.7
1216830 1064.8
1216840 1064.8
1216850 1064.8
1216860 1064.7
1216870 1064.7
1216880 1064.7
1216890 1064.9
1216900 1064.9
1216910 1064.8
1216920 1064.9
1216930 1065.0
1216940 1065.0
1216950 1064.9
1216960 1064.7
1216970 1064.7
1216980 1064.4
1216990 1064.2
1217000 1064.2
1217010 1063.9
1217020 1064.2
1217030 1064.2
1217040 1063.9
1217050 1064.0
1217060 1064.0
1217070 1064.1
1217080 1063.9
1217090 1063.9
1217100 1064.0
1217110 1064.1
1217120 1064.1
1217130 1065.9
1217140 1069.2
1217150 1069.2
1217160 1071.6
1217170 1073.1
1217180 1071.2
1217190 1071.2
1217200 1068.2
1217210 1068.1
1217220 1068.1
1217230 1068.4
1217240 1067.7
1217250 1067.7
1217260 1067.8
1217270 1069.5
1217280 1069.5
1217290 1070.6
1217300 1071.2
1217310 1071.2
1217320 1071.8
1217330 1072.6
1217340 1072.6
1217350 1073.3
1217360 1073.6
1217370 1073.6
1217380 1073.6
1217390 1073.9
1217400 1074.3
1217410 1074.3
1217420 1075.0
1217430 1075.7
1217440 1075.7
1217450 1076.5
1217460 1077.2
1217470 1077.2
1217480 1077.7
1217490 1078.0
1217500 1079.2
1217510 1079.8
1217520 1080.2
1217530 1080.2
1217540 1080.7
1217550 1081.1
1217560 1081.1
1217570 1083.1
1217580 1086.1
1217590 1086.1
1217600 1088.6
1217610 1092.2
1217620 1092.2
1217630 1093.8
1217640 1094.0
1217650 1094.2
1217660 1094.2
1217670 1094.3
1217680 1094.4
1217690 1094.4
1217700 1095.3
1217710 1096.4
1217720 1096.4
1217730 1097.4
1217740 1098.2
1217750 1098.2
1217760 1099.0
1217770 1099.9
1217780 1099.9
1217790 1100.7
1217800 1101.7
1217810 1101.7
1217820 1103.3
1217830 1104.9
1217840 1104.9
1217850 1106.1
1217860 1107.8
1217870 1110.0
1217880 1110.0
1217890 1111.5
1217900 1113.1
1217910 1113.1
1217920 1116.1
1217930 1119.8
1217940 1119.8
1217950 1125.3
1217960 1132.5
1217970 1128.9
1217980 1136.3
1217990 1143.7
1218000 1143.7
1218010 1151.9
1218020 1161.1
1218030 1161.1
1218040 1172.0
1218050 1183.3
1218060 1183.3
1218070 1195.8
1218080 1208.3
1218090 1221.5
1218100 1221.5
1218110 1232.3
1218120 1239.3
1218130 1239.3
1218140 1246.7
1218150 1255.4
1218160 1255.4
1218170 1269.4
1218180 1283.1
1218190 1283.1
1218200 1291.9
1218210 1300.8
1218220 1300.8
1218230 1310.1
1218240 1320.2
1218250 1320.2
1218260 1329.9
1218270 1338.2
1218280 1338.2
1218290 1344.8
1218300 1351.0
1218310 1351.0
1218320 1357.7
1218330 1364.2
1218340 1371.1
1218350 1371.1
1218360 1375.9
1218370 1381.4
1218380 1381.4
1218390 1388.2
1218400 1396.0
1218410 1396.0
1218420 1409.4
1218430 1420.0
1218440 1420.0
1218450 1431.5
1218460 1440.7
1218470 1440.7
1218480 1449.2
1218490 1458.5
1218500 1458.5
1218510 1468.8
1218520 1478.5
1218530 1478.5
1218540 1488.7
1218550 1499.8
1218560 1507.2
1218570 1507.2
1218580 1514.2
1218590 1522.8
1218600 1522.8
1218610 1534.8
1218620 1543.2
1218630 1543.2
1218640 1550.5
1218650 1557.5
1218660 1557.5
1218670 1564.3
1218680 1572.9
1218690 1572.9
1218700 1583.7
1218710 1598.7
1218720 1598.7
1218730 1613.4
1218740 1621.9
1218750 1621.9
1218760 1629.0
1218770 1634.5
1218780 1634.5
1218790 1635.2
1218800 1634.3
1218810 1634.9
1218820 1634.9
1218830 1634.2
1218840 1631.9
1218850 1631.9
1218860 1632.7
1218870 1637.2
1218880 1637.2
1218890 1640.9
1218900 1645.6
1218910 1645.6
1218920 1651.2
1218930 1656.7
1218940 1656.7
1218950 1661.9
1218960 1667.1
1218970 1667.1
1218980 1675.1
1218990 1684.3
1219000 1684.3
1219010 1693.2
1219020 1701.9
1219030 1710.0
1219040 1710.0
1219050 1716.5
1219060 1722.9
1219070 1722.9
1219080 1729.7
1219090 1737.1
1219100 1737.1
1219110 1744.0
1219120 1751.6
1219130 1751.6
1219140 1758.7
1219150 1765.3
1219160 1765.3
1219170 1774.0
1219180 1794.4
1219190 1794.4
1219200 1816.6
1219210 1824.5
1219220 1824.5
1219230 1832.5
1219240 1843.8
1219250 1843.8
1219260 1855.3
1219270 1865.4
1219280 1874.9
1219290 1874.9
1219300 1882.9
1219310 1890.5
1219320 1890.5
1219330 1899.1
1219340 1907.9
1219350 1907.9
1219360 1915.3
1219370 1922.7
1219380 1922.7
1219390 1930.2
1219400 1934.5
1219410 1934.5
1219420 1945.2
1219430 1953.2
1219440 1953.2
1219450 1961.4
1219460 1971.3
1219470 1971.3
1219480 1979.6
1219490 1986.7
1219500 1990.7
1219510 1990.7
1219520 1994.1
1219530 1996.6
1219540 1996.6
1219550 1997.5
1219560 1997.1
1219570 1997.1
1219580 1997.0
1219590 1996.0
1219600 1996.0
1219610 1994.4
1219620 1993.1
1219630 1993.1
1219640 1994.9
1219650 1997.6
1219660 1997.6
1219670 1999.2
1219680 2001.6
1219690 2001.6
1219700 2003.4
1219710 2005.2
1219720 2007.5
1219730 2007.5
1219740 2009.6
1219750 2012.8
1219760 2012.8
1219770 2017.3
1219780 2022.4
1219790 2022.4
1219800 2027.2
1219810 2031.8
1219820 2031.8
1219830 2036.1
1219840 2040.2
1219850 2040.2
1219860 2044.1
1219870 2048.0
1219880 2043.0
1219890 2046.7
1219900 2050.2
1219910 2050.2
1219920 2053.6
1219930 2056.5
1219940 2056.5
1219950 2059.3
1219960 2062.5
1219970 2066.8
1219980 2066.8
1219990 2069.2
