1200000 2122.0
1200010 2123.0
1200020 2123.0
1200030 2124.9
1200040 2127.5
1200050 2127.5
1200060 2129.3
1200070 2129.8
1200080 2129.8
1200090 2132.7
1200100 2135.9
1200110 2135.9
1200120 2141.5
1200130 2141.5
1200140 2141.5
1200150 2141.9
1200160 2143.4
1200170 2143.4
1200180 2145.9
1200190 2149.3
1200200 2149.3
1200210 2153.3
1200220 2156.8
1200230 2156.8
1200240 2160.4
1200250 2162.5
1200260 2162.8
1200270 2162.8
1200280 2162.4
1200290 2163.5
1200300 2163.5
1200310 2165.2
1200320 2165.0
1200330 2165.0
1200340 2163.5
1200350 2165.0
1200360 2165.0
1200370 2167.9
1200380 2170.8
1200390 2170.8
1200400 2173.6
1200410 2176.2
1200420 2176.2
1200430 2178.4
1200440 2182.2
1200450 2182.2
1200460 2187.1
1200470 2189.3
1200480 2190.2
1200490 2190.2
1200500 2191.6
1200510 2194.8
1200520 2194.8
1200530 2197.7
1200540 2198.9
1200550 2198.9
1200560 2202.8
1200570 2205.3
1200580 2205.3
1200590 2209.6
1200600 2213.3
1200610 2213.3
1200620 2216.1
1200630 2217.7
1200640 2217.7
1200650 2219.0
1200660 2220.2
1200670 2220.2
1200680 2221.8
1200690 2222.4
1200700 2222.4
1200710 2223.8
1200720 2228.4
1200730 2234.8
1200740 2234.8
1200750 2242.7
1200760 2251.4
1200770 2251.4
1200780 2257.3
1200790 2263.5
1200800 2263.5
1200810 2270.7
1200820 2277.7
1200830 2277.7
1200840 2284.1
1200850 2289.6
1200860 2289.6
1200870 2293.3
1200880 2295.0
1200890 2295.0
1200900 2298.8
1200910 2305.7
1200920 2305.7
1200930 2315.7
1200940 2319.9
1200950 2320.9
1200960 2320.9
1200970 2323.4
1200980 2326.5
1200990 2326.5
1201000 2331.1
1201010 2338.1
1201020 2338.1
1201030 2339.6
1201040 2342.9
1201050 2342.9
1201060 2347.2
1201070 2352.0
1201080 2352.0
1201090 2357.3
1201100 2362.3
1201110 2362.3
1201120 2366.2
1201130 2371.0
1201140 2371.0
1201150 2376.5
1201160 2382.4
1201170 2382.4
1201180 2389.2
1201190 2395.7
1201200 2402.2
1201210 2402.2
1201220 2406.9
1201230 2412.7
1201240 2412.7
1201250 2420.4
1201260 2428.5
1201270 2428.5
1201280 2434.9
1201290 2440.7
1201300 2440.7
1201310 2445.5
1201320 2448.4
1201330 2448.4
1201340 2448.5
1201350 2449.6
1201360 2449.6
1201370 2452.0
1201380 2455.0
1201390 2455.0
1201400 2459.4
1201410 2463.3
1201420 2463.3
1201430 2466.2
1201440 2470.2
1201450 2476.3
1201460 2478.8
1201470 2483.1
1201480 2487.4
1201490 2487.4
1201500 2491.3
1201510 2495.6
1201520 2495.6
1201530 2501.2
1201540 2502.0
1201550 2502.0
1201560 2503.3
1201570 2507.2
1201580 2507.2
1201590 2511.1
1201600 2502.4
1201610 2502.4
1201620 2494.6
1201630 2497.3
1201640 2497.3
1201650 2500.4
1201660 2508.5
1201670 2517.1
1201680 2517.1
1201690 2524.6
1201700 2537.5
1201710 2537.5
1201720 2541.1
1201730 2529.1
1201740 2529.1
1201750 2518.6
1201760 2518.6
1201770 2518.6
1201780 2523.4
1201790 2529.7
1201800 2529.7
1201810 2536.3
1201820 2537.0
1201830 2537.0
1201840 2537.4
1201850 2539.2
1201860 2539.2
1201870 2545.6
1201880 2545.0
1201890 2545.0
1201900 2548.2
1201910 2547.4
1201920 2548.6
1201930 2548.6
1201940 2550.1
1201950 2547.4
1201960 2547.4
1201970 2545.9
1201980 2545.6
1201990 2545.6
1202000 2544.1
1202010 2544.1
1202020 2544.1
1202030 2544.7
1202040 2545.0
1202050 2545.0
1202060 2544.1
1202070 2545.8
1202080 2545.8
1202090 2550.2
1202100 2557.6
1202110 2557.6
1202120 2565.2
1202130 2572.9
1202140 2576.4
1202150 2576.4
1202160 2562.5
1202170 2557.9
1202180 2557.9
1202190 2563.9
1202200 2556.9
1202210 2556.9
1202220 2545.3
1202230 2543.4
1202240 2543.4
1202250 2567.0
1202260 2579.2
1202270 2579.2
1202280 2581.3
1202290 2575.4
1202300 2575.4
1202310 2567.2
1202320 2558.5
1202330 2558.5
1202340 2549.5
1202350 2543.0
1202360 2550.5
1202370 2544.5
1202380 2538.0
1202390 2530.0
1202400 2530.0
1202410 2523.5
1202420 2519.0
1202430 2519.0
1202440 2518.0
1202450 2518.2
1202460 2518.2
1202470 2518.5
1202480 2519.6
1202490 2519.6
1202500 2521.1
1202510 2523.4
1202520 2523.4
1202530 2527.7
1202540 2537.4
1202550 2537.4
1202560 2544.2
1202570 2547.2
1202580 2547.2
1202590 2549.3
1202600 2552.4
1202610 2553.1
1202620 2553.1
1202630 2556.5
1202640 2556.0
1202650 2556.0
1202660 2555.8
1202670 2555.4
1202680 2555.4
1202690 2553.9
1202700 2542.9
1202710 2542.9
1202720 2521.0
1202730 2513.6
1202740 2513.6
1202750 2540.7
1202760 2561.7
1202770 2561.7
1202780 2572.6
1202790 2584.2
1202800 2584.2
1202810 2591.4
1202820 2583.3
1202830 2583.3
1202840 2574.7
1202850 2567.9
1202860 2562.9
1202870 2562.9
1202880 2559.3
1202890 2553.1
1202900 2553.1
1202910 2543.5
1202920 2531.4
1202930 2531.4
1202940 2521.1
1202950 2517.0
1202960 2517.0
1202970 2518.1
1202980 2514.8
1202990 2514.8
1203000 2507.4
1203010 2499.6
1203020 2499.6
1203030 2481.7
1203040 2466.5
1203050 2466.5
1203060 2455.6
1203070 2437.7
1203080 2420.7
1203090 2420.7
1203100 2412.7
1203110 2404.0
1203120 2404.0
1203130 2393.3
1203140 2384.8
1203150 2384.8
1203160 2373.0
1203170 2359.1
1203180 2359.1
1203190 2348.3
1203200 2336.4
1203210 2336.4
1203220 2328.3
1203230 2322.4
1203240 2322.4
1203250 2318.4
1203260 2320.8
1203270 2320.8
1203280 2318.1
1203290 2314.9
1203300 2314.9
1203310 2311.2
1203320 2308.7
1203330 2307.6
1203340 2307.6
1203350 2306.5
1203360 2305.4
1203370 2305.4
1203380 2304.9
1203390 2305.0
1203400 2305.0
1203410 2303.9
1203420 2302.9
1203430 2302.9
1203440 2302.7
1203450 2303.8
1203460 2303.8
1203470 2304.7
1203480 2304.7
1203490 2304.7
1203500 2304.2
1203510 2303.6
1203520 2303.6
1203530 2302.8
1203540 2301.9
1203550 2301.7
1203560 2301.7
1203570 2301.7
1203580 2304.8
1203590 2304.8
1203600 2308.7
1203610 2311.4
1203620 2311.4
1203630 2314.2
1203640 2319.7
1203650 2319.7
1203660 2326.4
1203670 2332.8
1203680 2332.8
1203690 2339.8
1203700 2346.4
1203710 2348.9
1203720 2355.8
1203730 2362.7
1203740 2362.7
1203750 2368.0
1203760 2373.6
1203770 2373.6
1203780 2386.1
1203790 2402.7
1203800 2416.2
1203810 2416.2
1203820 2428.4
1203830 2441.5
1203840 2441.5
1203850 2453.4
1203860 2464.0
1203870 2464.0
1203880 2465.9
1203890 2451.1
1203900 2451.1
1203910 2444.5
1203920 2442.6
1203930 2442.6
1203940 2442.5
1203950 2442.7
1203960 2442.7
1203970 2443.4
1203980 2445.0
1203990 2445.0
1204000 2450.5
1204010 2454.6
1204020 2456.3
1204030 2456.3
1204040 2461.4
1204050 2468.3
1204060 2468.3
1204070 2472.7
1204080 2477.0
1204090 2477.0
1204100 2482.9
1204110 2491.5
1204120 2491.5
1204130 2502.0
1204140 2521.9
1204150 2521.9
1204160 2539.8
1204170 2552.7
1204180 2552.7
1204190 2562.0
1204200 2572.9
1204210 2572.9
1204220 2587.4
1204230 2613.0
1204240 2613.0
1204250 2629.6
1204260 2636.2
1204270 2644.7
1204280 2644.7
1204290 2658.4
1204300 2667.0
1204310 2667.0
1204320 2666.9
1204330 2662.7
1204340 2662.7
1204350 2666.6
1204360 2666.6
1204370 2666.6
1204380 2659.4
1204390 2657.4
1204400 2657.4
1204410 2659.2
1204420 2662.4
1204430 2662.4
1204440 2660.1
1204450 2647.0
1204460 2647.0
1204470 2642.0
1204480 2646.8
1204490 2656.0
1204500 2656.0
1204510 2667.4
1204520 2678.8
1204530 2678.8
1204540 2677.7
1204550 2656.7
1204560 2656.7
1204570 2636.6
1204580 2628.2
1204590 2628.2
1204600 2620.3
1204610 2611.3
1204620 2611.3
1204630 2604.3
1204640 2597.9
1204650 2597.9
1204660 2591.9
1204670 2587.0
1204680 2587.0
1204690 2582.7
1204700 2579.2
1204710 2579.2
1204720 2578.4
1204730 2575.5
1204740 2570.2
1204750 2570.2
1204760 2564.7
1204770 2559.2
1204780 2559.2
1204790 2555.7
1204800 2556.6
1204810 2556.6
1204820 2558.5
1204830 2558.7
1204840 2558.7
1204850 2558.8
1204860 2559.5
1204870 2559.5
1204880 2560.5
1204890 2561.4
1204900 2561.4
1204910 2563.0
1204920 2565.2
1204930 2565.2
1204940 2567.8
1204950 2570.0
1204960 2570.9
1204970 2570.9
1204980 2571.5
1204990 2572.2
1205000 2572.2
1205010 2573.3
1205020 2574.2
1205030 2574.2
1205040 2574.2
1205050 2574.2
1205060 2574.2
1205070 2579.6
1205080 2579.6
1205090 2579.6
1205100 2579.7
1205110 2579.3
1205120 2579.3
1205130 2579.3
1205140 2584.5
1205150 2584.5
1205160 2590.0
1205170 2592.8
1205180 2592.8
1205190 2595.3
1205200 2596.5
1205210 2596.6
1205220 2596.6
1205230 2595.6
1205240 2592.6
1205250 2592.6
1205260 2589.9
1205270 2586.9
1205280 2586.9
1205290 2585.7
1205300 2586.0
1205310 2586.0
1205320 2587.9
1205330 2591.8
1205340 2591.8
1205350 2596.8
1205360 2601.2
1205370 2601.2
1205380 2606.1
1205390 2611.6
1205400 2611.6
1205410 2617.1
1205420 2621.0
1205430 2621.0
1205440 2625.3
1205450 2632.0
1205460 2638.5
1205470 2638.5
1205480 2644.2
1205490 2650.0
1205500 2650.0
1205510 2655.8
1205520 2664.7
1205530 2664.7
1205540 2669.5
1205550 2673.3
1205560 2673.3
1205570 2676.0
1205580 2674.7
1205590 2674.7
1205600 2671.7
1205610 2670.6
1205620 2670.6
1205630 2670.5
1205640 2672.1
1205650 2672.1
1205660 2674.9
1205670 2678.0
1205680 2683.4
1205690 2683.4
1205700 2689.8
1205710 2696.3
1205720 2696.3
1205730 2703.3
1205740 2714.2
1205750 2714.2
1205760 2724.2
1205770 2735.7
1205780 2735.7
1205790 2755.5
1205800 2784.5
1205810 2784.5
1205820 2801.5
1205830 2801.3
1205840 2801.3
1205850 2798.6
1205860 2800.1
1205870 2800.1
1205880 2805.2
1205890 2808.2
1205900 2808.2
1205910 2793.8
1205920 2778.4
1205930 2768.8
1205940 2768.8
1205950 2760.8
1205960 2749.8
1205970 2749.8
1205980 2736.3
1205990 2727.0
1206000 2727.0
1206010 2719.9
1206020 2713.0
1206030 2713.0
1206040 2706.5
1206050 2700.2
1206060 2700.2
1206070 2694.2
1206080 2689.2
1206090 2689.2
1206100 2686.1
1206110 2682.9
1206120 2682.9
1206130 2679.5
1206140 2676.0
1206150 2672.3
1206160 2672.3
1206170 2669.2
1206180 2668.1
1206190 2668.1
1206200 2667.6
1206210 2666.0
1206220 2666.0
1206230 2662.3
1206240 2658.8
1206250 2658.8
1206260 2656.0
1206270 2653.3
1206280 2653.3
1206290 2649.8
1206300 2646.3
1206310 2646.3
1206320 2644.0
1206330 2642.1
1206340 2642.1
1206350 2640.7
1206360 2638.6
1206370 2638.6
1206380 2636.5
1206390 2636.2
1206400 2635.8
1206410 2635.8
1206420 2635.6
1206430 2634.2
1206440 2633.1
1206450 2630.9
1206460 2629.6
1206470 2629.6
1206480 2626.9
1206490 2625.5
1206500 2625.5
1206510 2625.4
1206520 2624.1
1206530 2624.1
1206540 2621.0
1206550 2619.0
1206560 2619.0
1206570 2616.7
1206580 2614.8
1206590 2614.8
1206600 2614.7
1206610 2616.1
1206620 2617.8
1206630 2617.8
1206640 2619.2
1206650 2618.6
1206660 2618.6
1206670 2617.1
1206680 2614.8
1206690 2614.8
1206700 2614.8
1206710 2614.7
1206720 2614.7
1206730 2614.7
1206740 2613.3
1206750 2613.3
1206760 2610.3
1206770 2606.9
1206780 2606.9
1206790 2604.4
1206800 2602.6
1206810 2602.6
1206820 2600.1
1206830 2596.3
1206840 2596.3
1206850 2592.9
1206860 2590.7
1206870 2587.7
1206880 2587.7
1206890 2579.3
1206900 2577.4
1206910 2577.4
1206920 2577.0
1206930 2577.1
1206940 2577.1
1206950 2576.7
1206960 2577.5
1206970 2577.5
1206980 2580.7
1206990 2582.9
1207000 2582.9
1207010 2583.8
1207020 2584.0
1207030 2584.0
1207040 2582.9
1207050 2583.3
1207060 2583.3
1207070 2584.4
1207080 2583.9
1207090 2580.3
1207100 2580.3
1207110 2576.1
1207120 2572.3
1207130 2572.3
1207140 2569.8
1207150 2569.9
1207160 2569.9
1207170 2572.6
1207180 2574.8
1207190 2574.8
1207200 2575.5
1207210 2576.8
1207220 2576.8
1207230 2576.2
1207240 2574.8
1207250 2574.8
1207260 2573.9
1207270 2572.3
1207280 2572.3
1207290 2570.4
1207300 2568.0
1207310 2568.0
1207320 2565.8
1207330 2562.0
1207340 2557.7
1207350 2558.8
1207360 2555.5
1207370 2553.4
1207380 2553.4
1207390 2551.7
1207400 2548.9
1207410 2548.9
1207420 2546.0
1207430 2542.3
1207440 2542.3
1207450 2538.4
1207460 2532.7
1207470 2532.7
1207480 2528.7
1207490 2525.8
1207500 2525.8
1207510 2525.3
1207520 2525.6
1207530 2525.6
1207540 2522.6
1207550 2518.3
1207560 2514.2
1207570 2514.2
1207580 2510.9
1207590 2508.0
1207600 2508.0
1207610 2505.3
1207620 2502.9
1207630 2502.9
1207640 2500.0
1207650 2495.1
1207660 2495.1
1207670 2488.5
1207680 2484.0
1207690 2484.0
1207700 2482.7
1207710 2479.0
1207720 2479.0
1207730 2472.6
1207740 2463.5
1207750 2463.5
1207760 2454.9
1207770 2446.0
1207780 2446.0
1207790 2437.7
1207800 2428.8
1207810 2421.5
1207820 2421.5
1207830 2415.4
1207840 2409.4
1207850 2409.4
1207860 2404.5
1207870 2399.8
1207880 2399.8
1207890 2395.4
1207900 2391.8
1207910 2391.8
1207920 2388.8
1207930 2386.2
1207940 2386.2
1207950 2383.6
1207960 2380.4
1207970 2380.4
1207980 2377.6
1207990 2375.4
1208000 2375.4
1208010 2372.7
1208020 2368.2
1208030 2362.7
1208040 2362.7
1208050 2358.6
1208060 2356.7
1208070 2356.7
1208080 2352.8
1208090 2346.6
1208100 2346.6
1208110 2340.5
1208120 2334.9
1208130 2334.9
1208140 2330.0
1208150 2325.8
1208160 2325.8
1208170 2321.4
1208180 2316.4
1208190 2316.4
1208200 2311.1
1208210 2305.8
1208220 2305.8
1208230 2299.1
1208240 2291.1
1208250 2291.1
1208260 2278.2
1208270 2270.6
1208280 2264.4
1208290 2264.4
1208300 2257.5
1208310 2251.7
1208320 2251.7
1208330 2247.0
1208340 2242.5
1208350 2242.5
1208360 2234.4
1208370 2225.4
1208380 2225.4
1208390 2220.5
1208400 2217.4
1208410 2217.4
1208420 2215.4
1208430 2213.9
1208440 2213.9
1208450 2210.3
1208460 2205.9
1208470 2205.9
1208480 2201.4
1208490 2194.9
1208500 2188.2
1208510 2188.2
1208520 2181.6
1208530 2173.4
1208540 2173.4
1208550 2165.5
1208560 2159.0
1208570 2159.0
1208580 2153.0
1208590 2148.4
1208600 2148.4
1208610 2144.2
1208620 2140.1
1208630 2140.1
1208640 2135.6
1208650 2130.6
1208660 2130.6
1208670 2124.8
1208680 2118.9
1208690 2118.9
1208700 2112.9
1208710 2105.8
1208720 2105.8
1208730 2114.8
1208740 2098.9
1208750 2081.6
1208760 2081.6
1208770 2073.5
1208780 2065.7
1208790 2065.7
1208800 2057.8
1208810 2050.3
1208820 2050.3
1208830 2042.1
1208840 2034.6
1208850 2034.6
1208860 2029.7
1208870 2026.8
1208880 2026.8
1208890 2024.8
1208900 2021.4
1208910 2021.4
1208920 2017.3
1208930 2013.0
1208940 2013.0
1208950 2007.9
1208960 2002.0
1208970 1995.4
1208980 1995.4
1208990 1990.2
1209000 1986.2
1209010 1986.2
1209020 1983.5
1209030 1981.1
1209040 1981.1
1209050 1978.6
1209060 1976.2
1209070 1976.2
1209080 1972.9
1209090 1969.9
1209100 1969.9
1209110 1967.2
1209120 1964.1
1209130 1964.1
1209140 1961.3
1209150 1958.4
1209160 1958.4
1209170 1955.5
1209180 1952.9
1209190 1950.0
1209200 1947.3
1209210 1944.1
1209220 1941.3
1209230 1941.3
1209240 1938.7
1209250 1936.4
1209260 1936.4
1209270 1934.5
1209280 1932.4
1209290 1932.4
1209300 1929.9
1209310 1927.4
1209320 1927.4
1209330 1924.0
1209340 1920.2
1209350 1920.2
1209360 1916.1
1209370 1911.7
1209380 1911.7
1209390 1907.5
1209400 1904.1
1209410 1904.1
1209420 1903.1
1209430 1903.6
1209440 1904.4
1209450 1904.4
1209460 1904.6
1209470 1903.9
1209480 1903.9
1209490 1902.6
1209500 1900.3
1209510 1900.3
1209520 1898.3
1209530 1896.0
1209540 1896.0
1209550 1892.5
1209560 1888.6
1209570 1888.6
1209580 1884.7
1209590 1880.5
1209600 1880.5
1209610 1877.0
1209620 1874.5
1209630 1874.5
1209640 1872.7
1209650 1867.4
1209660 1867.4
1209670 1865.5
1209680 1863.0
1209690 1861.2
1209700 1861.2
1209710 1861.1
1209720 1861.1
1209730 1861.1
1209740 1860.5
1209750 1859.8
1209760 1859.8
1209770 1857.7
1209780 1855.2
1209790 1855.2
1209800 1853.6
1209810 1854.1
1209820 1854.1
1209830 1854.5
1209840 1854.2
1209850 1854.2
1209860 1854.1
1209870 1854.3
1209880 1854.3
1209890 1853.6
1209900 1854.2
1209910 1854.2
1209920 1854.6
1209930 1854.8
1209940 1855.0
1209950 1855.0
1209960 1855.2
1209970 1855.3
1209980 1855.3
1209990 1855.3
1210000 1855.6
1210010 1855.6
1210020 1853.4
1210030 1852.9
1210040 1852.9
1210050 1853.4
1210060 1851.9
1210070 1851.9
1210080 1849.8
1210090 1847.8
1210100 1847.8
1210110 1841.0
1210120 1840.4
1210130 1840.4
1210140 1839.2
1210150 1837.3
1210160 1835.6
1210170 1835.6
1210180 1834.4
1210190 1831.8
1210200 1831.8
1210210 1830.3
1210220 1829.3
1210230 1829.3
1210240 1827.6
1210250 1825.7
1210260 1825.7
1210270 1824.6
1210280 1823.2
1210290 1823.2
1210300 1820.6
1210310 1817.3
1210320 1817.3
1210330 1815.9
1210340 1816.3
1210350 1816.3
1210360 1814.6
1210370 1811.9
1210380 1811.9
1210390 1810.1
1210400 1808.1
1210410 1807.0
1210420 1807.0
1210430 1806.4
1210440 1806.6
1210450 1806.6
1210460 1806.9
1210470 1808.3
1210480 1808.3
1210490 1809.9
1210500 1810.9
1210510 1810.9
1210520 1810.9
1210530 1810.0
1210540 1810.0
1210550 1808.3
1210560 1806.7
1210570 1803.5
1210580 1801.4
1210590 1799.5
1210600 1799.5
1210610 1796.2
1210620 1792.9
1210630 1791.9
1210640 1791.9
1210650 1790.7
1210660 1790.7
1210670 1790.7
1210680 1791.0
1210690 1791.2
1210700 1791.2
1210710 1791.2
1210720 1790.8
1210730 1790.8
1210740 1790.6
1210750 1790.4
1210760 1790.4
1210770 1790.1
1210780 1788.6
1210790 1788.6
1210800 1786.8
1210810 1785.3
1210820 1785.3
1210830 1784.5
1210840 1783.5
1210850 1783.5
1210860 1782.3
1210870 1780.8
1210880 1779.5
1210890 1779.5
1210900 1779.7
1210910 1780.5
1210920 1780.5
1210930 1779.9
1210940 1780.2
1210950 1780.2
1210960 1779.9
1210970 1779.0
1210980 1779.0
1210990 1777.1
1211000 1774.9
1211010 1774.9
1211020 1774.7
1211030 1775.9
1211040 1771.0
1211050 1771.0
1211060 1771.0
1211070 1771.0
1211080 1770.4
1211090 1769.0
1211100 1766.1
1211110 1766.1
1211120 1763.8
1211130 1762.5
1211140 1762.5
1211150 1761.0
1211160 1758.9
1211170 1758.9
1211180 1756.6
1211190 1754.1
1211200 1754.1
1211210 1751.2
1211220 1747.6
1211230 1747.6
1211240 1743.4
1211250 1739.3
1211260 1739.3
1211270 1735.7
1211280 1733.2
1211290 1733.2
1211300 1730.7
1211310 1728.3
1211320 1728.3
1211330 1725.8
1211340 1722.8
1211350 1719.7
1211360 1719.7
1211370 1716.9
1211380 1714.2
1211390 1714.2
1211400 1710.9
1211410 1707.8
1211420 1707.8
1211430 1705.6
1211440 1703.7
1211450 1703.7
1211460 1702.4
1211470 1700.8
1211480 1700.8
1211490 1698.5
1211500 1689.4
1211510 1689.4
1211520 1688.5
1211530 1686.8
1211540 1686.8
1211550 1685.0
1211560 1682.4
1211570 1677.9
1211580 1677.9
1211590 1673.5
1211600 1669.1
1211610 1669.1
1211620 1663.9
1211630 1659.6
1211640 1659.6
1211650 1656.9
1211660 1654.4
1211670 1654.4
1211680 1651.9
1211690 1654.5
1211700 1654.5
1211710 1656.3
1211720 1653.2
1211730 1653.2
1211740 1649.2
1211750 1647.7
1211760 1647.7
1211770 1647.5
1211780 1645.0
1211790 1645.0
1211800 1642.9
1211810 1642.6
1211820 1642.0
1211830 1642.0
1211840 1641.1
1211850 1639.4
1211860 1639.4
1211870 1638.8
1211880 1637.0
1211890 1637.0
1211900 1634.0
1211910 1629.0
1211920 1629.0
1211930 1621.1
1211940 1612.9
1211950 1612.9
1211960 1605.2
1211970 1593.6
1211980 1593.6
1211990 1585.2
1212000 1577.5
1212010 1577.5
1212020 1573.5
1212030 1570.8
1212040 1568.0
1212050 1568.0
1212060 1563.5
1212070 1556.6
1212080 1556.6
1212090 1552.6
1212100 1548.8
1212110 1548.8
1212120 1544.0
1212130 1539.0
1212140 1539.0
1212150 1533.8
1212160 1529.3
1212170 1529.3
1212180 1527.2
1212190 1525.2
1212200 1525.2
1212210 1524.4
1212220 1523.6
1212230 1523.6
1212240 1523.5
1212250 1523.8
1212260 1523.8
1212270 1524.1
1212280 1523.4
1212290 1521.9
1212300 1521.9
1212310 1519.6
1212320 1515.8
1212330 1515.8
1212340 1510.5
1212350 1505.3
1212360 1505.3
1212370 1501.6
1212380 1496.6
1212390 1496.6
1212400 1491.0
1212410 1486.3
1212420 1486.3
1212430 1484.2
1212440 1475.3
1212450 1475.3
1212460 1474.8
1212470 1483.8
1212480 1483.8
1212490 1496.6
1212500 1503.1
1212510 1507.6
1212520 1507.6
1212530 1504.5
1212540 1502.2
1212550 1502.2
1212560 1499.2
1212570 1495.3
1212580 1495.3
1212590 1490.9
1212600 1483.7
1212610 1483.7
1212620 1473.3
1212630 1463.6
1212640 1463.6
1212650 1450.5
1212660 1439.0
1212670 1439.0
1212680 1431.4
1212690 1423.8
1212700 1423.8
1212710 1420.5
1212720 1419.3
1212730 1419.3
1212740 1415.9
1212750 1411.5
1212760 1409.2
1212770 1409.2
1212780 1406.9
1212790 1403.8
1212800 1403.8
1212810 1400.6
1212820 1396.4
1212830 1396.4
1212840 1391.7
1212850 1386.9
1212860 1386.9
1212870 1382.2
1212880 1379.5
1212890 1379.5
1212900 1371.6
1212910 1371.8
1212920 1371.8
1212930 1368.6
1212940 1365.5
1212950 1365.5
1212960 1362.9
1212970 1358.8
1212980 1352.5
1212990 1352.5
1213000 1344.8
1213010 1338.0
1213020 1338.0
1213030 1334.5
1213040 1333.2
1213050 1333.2
1213060 1329.7
1213070 1325.6
1213080 1325.6
1213090 1323.6
1213100 1319.1
1213110 1319.1
1213120 1312.0
1213130 1308.7
1213140 1308.7
1213150 1312.2
1213160 1314.6
1213170 1314.6
1213180 1312.5
1213190 1310.2
1213200 1310.2
1213210 1310.5
1213220 1310.2
1213230 1301.9
1213240 1301.9
1213250 1294.7
1213260 1292.4
1213270 1292.4
1213280 1293.6
1213290 1292.9
1213300 1292.9
1213310 1286.8
1213320 1279.7
1213330 1279.7
1213340 1275.0
1213350 1275.9
1213360 1275.9
1213370 1273.8
1213380 1274.8
1213390 1274.8
1213400 1271.5
1213410 1268.6
1213420 1268.6
1213430 1269.6
1213440 1267.8
1213450 1264.0
1213460 1264.0
1213470 1257.5
1213480 1252.3
1213490 1252.3
1213500 1253.0
1213510 1251.4
1213520 1251.4
1213530 1247.3
1213540 1244.7
1213550 1244.7
1213560 1239.1
1213570 1233.4
1213580 1233.4
1213590 1230.8
1213600 1232.1
1213610 1232.1
1213620 1231.3
1213630 1230.6
1213640 1230.6
1213650 1231.5
1213660 1230.4
1213670 1230.4
1213680 1225.4
1213690 1221.6
1213700 1220.3
1213710 1220.3
1213720 1221.7
1213730 1225.4
1213740 1225.4
1213750 1225.3
1213760 1220.0
1213770 1220.0
1213780 1220.2
1213790 1219.9
1213800 1219.9
1213810 1216.7
1213820 1216.2
1213830 1216.2
1213840 1204.3
1213850 1201.1
1213860 1201.1
1213870 1197.8
1213880 1192.2
1213890 1192.2
1213900 1186.4
1213910 1184.8
1213920 1184.8
1213930 1186.9
1213940 1185.5
1213950 1182.8
1213960 1182.8
1213970 1181.4
1213980 1181.7
1213990 1181.7
1214000 1180.7
1214010 1182.4
1214020 1182.4
1214030 1183.1
1214040 1183.3
1214050 1183.3
1214060 1182.1
1214070 1177.8
1214080 1177.8
1214090 1169.1
1214100 1159.3
1214110 1159.3
1214120 1146.8
1214130 1139.0
1214140 1139.0
1214150 1137.3
1214160 1142.5
1214170 1145.7
1214180 1145.7
1214190 1144.4
1214200 1144.6
1214210 1144.6
1214220 1148.5
1214230 1151.2
1214240 1151.2
1214250 1150.5
1214260 1146.7
1214270 1146.7
1214280 1141.2
1214290 1132.4
1214300 1132.4
1214310 1115.5
1214320 1111.9
1214330 1111.9
1214340 1111.5
1214350 1105.9
1214360 1105.9
1214370 1094.2
1214380 1081.5
1214390 1081.5
1214400 1071.2
1214410 1062.4
1214420 1054.2
1214430 1054.2
1214440 1044.8
1214450 1033.8
1214460 1033.8
1214470 1023.1
1214480 1014.4
1214490 1014.4
1214500 1006.0
1214510 997.4
1214520 997.4
1214530 988.7
1214540 980.5
1214550 980.5
1214560 973.6
1214570 967.9
1214580 967.9
1214590 966.4
1214600 966.1
1214610 966.1
1214620 964.7
1214630 964.1
1214640 964.2
1214650 964.2
1214660 964.1
1214670 963.2
1214680 963.2
1214690 962.5
1214700 961.8
1214710 961.8
1214720 961.2
1214730 959.1
1214740 959.1
1214750 958.4
1214760 959.0
1214770 959.0
1214780 959.2
1214790 957.9
1214800 957.9
1214810 956.2
1214820 955.7
1214830 955.7
1214840 955.6
1214850 955.7
1214860 955.7
1214870 955.5
1214880 955.6
1214890 957.6
1214900 957.6
1214910 958.2
1214920 958.2
1214930 958.2
1214940 962.0
1214950 971.1
1214960 971.1
1214970 978.9
1214980 981.9
1214990 981.9
1215000 982.5
1215010 982.6
1215020 982.6
1215030 982.5
1215040 982.2
1215050 982.2
1215060 981.9
1215070 981.6
1215080 981.6
1215090 981.7
1215100 981.5
1215110 981.9
1215120 981.9
1215130 982.7
1215140 983.2
1215150 983.2
1215160 983.5
1215170 983.5
1215180 983.5
1215190 983.4
1215200 983.5
1215210 983.5
1215220 983.4
1215230 983.3
1215240 983.3
1215250 983.5
1215260 983.2
1215270 983.2
1215280 982.9
1215290 982.3
1215300 982.3
1215310 982.3
1215320 982.4
1215330 982.4
1215340 982.4
1215350 982.5
1215360 982.6
1215370 982.6
1215380 982.9
1215390 983.1
1215400 983.1
1215410 983.0
1215420 983.0
1215430 983.0
1215440 982.9
1215450 982.7
1215460 982.7
1215470 981.2
1215480 982.3
1215490 982.3
1215500 982.8
1215510 982.9
1215520 982.9
1215530 983.2
1215540 984.0
1215550 984.0
1215560 986.9
1215570 988.5
1215580 989.6
1215590 989.6
1215600 990.5
1215610 991.6
1215620 991.6
1215630 992.8
1215640 994.1
1215650 994.1
1215660 995.3
1215670 996.4
1215680 996.4
1215690 997.7
1215700 999.1
1215710 999.1
1215720 1000.8
1215730 1001.9
1215740 1001.9
1215750 1003.4
1215760 1005.1
1215770 1005.1
1215780 1006.9
1215790 1008.9
1215800 1008.9
1215810 1009.9
1215820 1011.6
1215830 1012.9
1215840 1012.9
1215850 1014.2
1215860 1015.5
1215870 1015.5
1215880 1016.7
1215890 1017.8
1215900 1017.8
1215910 1018.9
1215920 1020.0
1215930 1020.0
1215940 1021.0
1215950 1022.1
1215960 1022.1
1215970 1023.3
1215980 1024.8
1215990 1024.8
1216000 1025.9
1216010 1026.9
1216020 1026.9
1216030 1027.9
1216040 1029.0
1216050 1030.3
1216060 1030.3
1216070 1031.6
1216080 1033.0
1216090 1033.0
1216100 1034.2
1216110 1035.4
1216120 1035.4
1216130 1036.7
1216140 1038.0
1216150 1038.0
1216160 1039.1
1216170 1040.3
1216180 1040.3
1216190 1042.2
1216200 1043.7
1216210 1043.7
1216220 1045.3
1216230 1046.8
1216240 1046.8
1216250 1048.3
1216260 1049.8
1216270 1049.8
1216280 1051.3
1216290 1052.9
1216300 1054.5
1216310 1054.5
1216320 1055.9
1216330 1057.3
1216340 1057.3
1216350 1058.9
1216360 1060.4
1216370 1060.4
1216380 1062.0
1216390 1063.8
1216400 1063.8
1216410 1065.9
1216420 1067.9
1216430 1067.9
1216440 1069.7
1216450 1071.5
1216460 1071.5
1216470 1073.3
1216480 1075.2
1216490 1075.2
1216500 1077.3
1216510 1079.2
1216520 1080.7
1216530 1080.7
1216540 1082.2
1216550 1083.8
1216560 1083.8
1216570 1085.5
1216580 1087.1
1216590 1087.1
1216600 1088.8
1216610 1090.5
1216620 1090.5
1216630 1092.2
1216640 1094.3
1216650 1094.3
1216660 1095.8
1216670 1096.5
1216680 1096.5
1216690 1098.0
1216700 1099.5
1216710 1099.5
1216720 1101.1
1216730 1103.4
1216740 1103.4
1216750 1106.0
1216760 1108.3
1216770 1110.1
1216780 1110.1
1216790 1111.8
1216800 1112.8
1216810 1112.8
1216820 1113.0
1216830 1113.4
1216840 1113.4
1216850 1114.7
1216860 1115.6
1216870 1115.6
1216880 1115.9
1216890 1115.7
1216900 1115.7
1216910 1115.3
1216920 1115.6
1216930 1115.6
1216940 1116.7
1216950 1117.4
1216960 1117.4
1216970 1119.0
1216980 1119.8
1216990 1119.8
1217000 1119.8
1217010 1121.4
1217020 1126.5
1217030 1126.5
1217040 1133.4
1217050 1139.8
1217060 1139.8
1217070 1144.8
1217080 1148.3
1217090 1148.3
1217100 1149.3
1217110 1148.4
1217120 1148.4
1217130 1149.2
1217140 1145.8
1217150 1145.8
1217160 1150.8
1217170 1157.7
1217180 1157.7
1217190 1164.6
1217200 1169.7
1217210 1169.7
1217220 1175.2
1217230 1180.8
1217240 1189.0
1217250 1189.0
1217260 1196.5
1217270 1201.2
1217280 1201.2
1217290 1206.4
1217300 1213.2
1217310 1213.2
1217320 1222.2
1217330 1230.0
1217340 1230.0
1217350 1238.5
1217360 1247.5
1217370 1247.5
1217380 1254.6
1217390 1261.5
1217400 1261.5
1217410 1267.9
1217420 1274.2
1217430 1274.2
1217440 1280.5
1217450 1286.7
1217460 1291.5
1217470 1291.5
1217480 1294.4
1217490 1296.1
1217500 1296.1
1217510 1297.5
1217520 1298.9
1217530 1298.9
1217540 1299.8
1217550 1300.6
1217560 1300.6
1217570 1301.5
1217580 1302.9
1217590 1302.9
1217600 1304.2
1217610 1305.5
1217620 1312.7
1217630 1314.3
1217640 1317.1
1217650 1317.1
1217660 1319.5
1217670 1321.3
1217680 1321.3
1217690 1323.4
1217700 1326.3
1217710 1328.8
1217720 1328.8
1217730 1330.1
1217740 1331.0
1217750 1331.0
1217760 1331.7
1217770 1332.3
1217780 1332.3
1217790 1332.8
1217800 1334.7
1217810 1334.7
1217820 1337.2
1217830 1340.8
1217840 1340.8
1217850 1343.9
1217860 1345.6
1217870 1345.6
1217880 1346.9
1217890 1348.0
1217900 1348.0
1217910 1349.2
1217920 1350.8
1217930 1353.4
1217940 1353.4
1217950 1356.6
1217960 1359.1
1217970 1359.1
1217980 1360.8
1217990 1363.4
1218000 1363.4
1218010 1369.7
1218020 1376.8
1218030 1376.8
1218040 1383.7
1218050 1392.8
1218060 1392.8
1218070 1401.5
1218080 1407.2
1218090 1414.9
1218100 1421.1
1218110 1429.9
1218120 1429.9
1218130 1438.0
1218140 1445.0
1218150 1445.0
1218160 1450.7
1218170 1454.9
1218180 1460.7
1218190 1460.7
1218200 1466.4
1218210 1471.8
1218220 1471.8
1218230 1476.4
1218240 1480.7
1218250 1480.7
1218260 1484.7
1218270 1487.8
1218280 1487.8
1218290 1491.1
1218300 1494.2
1218310 1494.2
1218320 1497.6
1218330 1500.8
1218340 1500.8
1218350 1502.8
1218360 1504.0
1218370 1504.0
1218380 1505.0
1218390 1507.2
1218400 1510.7
1218410 1510.7
1218420 1515.2
1218430 1519.8
1218440 1519.8
1218450 1524.9
1218460 1530.3
1218470 1530.3
1218480 1535.3
1218490 1542.2
1218500 1542.2
1218510 1549.0
1218520 1552.7
1218530 1552.7
1218540 1557.3
1218550 1560.9
1218560 1560.9
1218570 1576.6
1218580 1584.3
1218590 1584.3
1218600 1589.7
1218610 1593.3
1218620 1593.3
1218630 1598.8
1218640 1602.3
1218650 1605.6
1218660 1605.6
1218670 1609.1
1218680 1612.5
1218690 1612.5
1218700 1615.8
1218710 1619.2
1218720 1619.2
1218730 1620.3
1218740 1620.6
1218750 1620.6
1218760 1621.0
1218770 1622.9
1218780 1622.9
1218790 1625.0
1218800 1625.3
1218810 1625.3
1218820 1625.8
1218830 1624.7
1218840 1624.7
1218850 1622.4
1218860 1620.1
1218870 1620.1
1218880 1620.4
1218890 1624.0
1218900 1630.2
1218910 1630.2
1218920 1639.3
1218930 1649.9
1218940 1649.9
1218950 1660.3
1218960 1667.9
1218970 1667.9
1218980 1672.1
1218990 1674.4
1219000 1674.4
1219010 1676.4
1219020 1676.1
1219030 1676.1
1219040 1676.2
1219050 1686.2
1219060 1686.2
1219070 1690.0
1219080 1693.1
1219090 1693.1
1219100 1696.4
1219110 1696.9
1219120 1699.6
1219130 1699.6
1219140 1704.6
1219150 1711.1
1219160 1711.1
1219170 1716.4
1219180 1720.4
1219190 1720.4
1219200 1725.7
1219210 1730.9
1219220 1730.9
1219230 1735.7
1219240 1740.0
1219250 1740.0
1219260 1743.2
1219270 1745.4
1219280 1745.4
1219290 1747.6
1219300 1749.8
1219310 1749.8
1219320 1752.2
1219330 1752.8
1219340 1752.8
1219350 1748.3
1219360 1743.4
1219370 1747.8
1219380 1747.8
1219390 1755.9
1219400 1761.4
1219410 1761.4
1219420 1768.1
1219430 1773.1
1219440 1773.1
1219450 1776.5
1219460 1778.5
1219470 1778.5
1219480 1778.3
1219490 1775.8
1219500 1775.8
1219510 1777.2
1219520 1789.1
1219530 1789.1
1219540 1797.2
1219550 1804.7
1219560 1804.7
1219570 1811.1
1219580 1818.0
1219590 1825.6
1219600 1825.6
1219610 1833.1
1219620 1840.7
1219630 1840.7
1219640 1849.2
1219650 1859.1
1219660 1859.1
1219670 1871.2
1219680 1876.1
1219690 1876.1
1219700 1883.7
1219710 1892.7
1219720 1892.7
1219730 1902.0
1219740 1911.0
1219750 1911.0
1219760 1918.6
1219770 1921.1
1219780 1921.1
1219790 1922.2
1219800 1925.4
1219810 1925.4
1219820 1929.7
1219830 1934.8
1219840 1938.2
1219850 1938.2
1219860 1942.5
1219870 1951.7
1219880 1951.7
1219890 1958.0
1219900 1963.2
1219910 1963.2
1219920 1971.1
1219930 1976.2
1219940 1976.2
1219950 1969.3
1219960 1963.1
1219970 1963.1
1219980 1965.1
1219990 1969.1
1200000 2122.0
1200010 2123.0
1200020 2123.0
1200030 2124.9
1200040 2127.5
1200050 2127.5
1200060 2129.3
1200070 2129.8
1200080 2129.8
1200090 2132.7
1200100 2135.9
1200110 2135.9
1200120 2141.5
1200130 2141.5
1200140 2141.5
1200150 2141.9
1200160 2143.4
1200170 2143.4
1200180 2145.9
1200190 2149.3
1200200 2149.3
1200210 2153.3
1200220 2156.8
1200230 2156.8
1200240 2160.4
1200250 2162.5
1200260 2162.8
1200270 2162.8
1200280 2162.4
1200290 2163.5
1200300 2163.5
1200310 2165.2
1200320 2165.0
1200330 2165.0
1200340 2163.5
1200350 2165.0
1200360 2165.0
1200370 2167.9
1200380 2170.8
1200390 2170.8
1200400 2173.6
1200410 2176.2
1200420 2176.2
1200430 2178.4
1200440 2182.2
1200450 2182.2
1200460 2187.1
1200470 2189.3
1200480 2190.2
1200490 2190.2
1200500 2191.6
1200510 2194.8
1200520 2194.8
1200530 2197.7
1200540 2198.9
1200550 2198.9
1200560 2202.8
1200570 2205.3
1200580 2205.3
1200590 2209.6
1200600 2213.3
1200610 2213.3
1200620 2216.1
1200630 2217.7
1200640 2217.7
1200650 2219.0
1200660 2220.2
1200670 2220.2
1200680 2221.8
1200690 2222.4
1200700 2222.4
1200710 2223.8
1200720 2228.4
1200730 2234.8
1200740 2234.8
1200750 2242.7
1200760 2251.4
1200770 2251.4
1200780 2257.3
1200790 2263.5
1200800 2263.5
1200810 2270.7
1200820 2277.7
1200830 2277.7
1200840 2284.1
1200850 2289.6
1200860 2289.6
1200870 2293.3
1200880 2295.0
1200890 2295.0
1200900 2298.8
1200910 2305.7
1200920 2305.7
1200930 2315.7
1200940 2319.9
1200950 2320.9
1200960 2320.9
1200970 2323.4
1200980 2326.5
1200990 2326.5
1201000 2331.1
1201010 2338.1
1201020 2338.1
1201030 2339.6
1201040 2342.9
1201050 2342.9
1201060 2347.2
1201070 2352.0
1201080 2352.0
1201090 2357.3
1201100 2362.3
1201110 2362.3
1201120 2366.2
1201130 2371.0
1201140 2371.0
1201150 2376.5
1201160 2382.4
1201170 2382.4
1201180 2389.2
1201190 2395.7
1201200 2402.2
1201210 2402.2
1201220 2406.9
1201230 2412.7
1201240 2412.7
1201250 2420.4
1201260 2428.5
1201270 2428.5
1201280 2434.9
1201290 2440.7
1201300 2440.7
1201310 2445.5
1201320 2448.4
1201330 2448.4
1201340 2448.5
1201350 2449.6
1201360 2449.6
1201370 2452.0
1201380 2455.0
1201390 2455.0
1201400 2459.4
1201410 2463.3
1201420 2463.3
1201430 2466.2
1201440 2470.2
1201450 2476.3
1201460 2478.8
1201470 2483.1
1201480 2487.4
1201490 2487.4
1201500 2491.3
1201510 2495.6
1201520 2495.6
1201530 2501.2
1201540 2502.0
1201550 2502.0
1201560 2503.3
1201570 2507.2
1201580 2507.2
1201590 2511.1
1201600 2502.4
1201610 2502.4
1201620 2494.6
1201630 2497.3
1201640 2497.3
1201650 2500.4
1201660 2508.5
1201670 2517.1
1201680 2517.1
1201690 2524.6
1201700 2537.5
1201710 2537.5
1201720 2541.1
1201730 2529.1
1201740 2529.1
1201750 2518.6
1201760 2518.6
1201770 2518.6
1201780 2523.4
1201790 2529.7
1201800 2529.7
1201810 2536.3
1201820 2537.0
1201830 2537.0
1201840 2537.4
1201850 2539.2
1201860 2539.2
1201870 2545.6
1201880 2545.0
1201890 2545.0
1201900 2548.2
1201910 2547.4
1201920 2548.6
1201930 2548.6
1201940 2550.1
1201950 2547.4
1201960 2547.4
1201970 2545.9
1201980 2545.6
1201990 2545.6
1202000 2544.1
1202010 2544.1
1202020 2544.1
1202030 2544.7
1202040 2545.0
1202050 2545.0
1202060 2544.1
1202070 2545.8
1202080 2545.8
1202090 2550.2
1202100 2557.6
1202110 2557.6
1202120 2565.2
1202130 2572.9
1202140 2576.4
1202150 2576.4
1202160 2562.5
1202170 2557.9
1202180 2557.9
1202190 2563.9
1202200 2556.9
1202210 2556.9
1202220 2545.3
1202230 2543.4
1202240 2543.4
1202250 2567.0
1202260 2579.2
1202270 2579.2
1202280 2581.3
1202290 2575.4
1202300 2575.4
1202310 2567.2
1202320 2558.5
1202330 2558.5
1202340 2549.5
1202350 2543.0
1202360 2550.5
1202370 2544.5
1202380 2538.0
1202390 2530.0
1202400 2530.0
1202410 2523.5
1202420 2519.0
1202430 2519.0
1202440 2518.0
1202450 2518.2
1202460 2518.2
1202470 2518.5
1202480 2519.6
1202490 2519.6
1202500 2521.1
1202510 2523.4
1202520 2523.4
1202530 2527.7
1202540 2537.4
1202550 2537.4
1202560 2544.2
1202570 2547.2
1202580 2547.2
1202590 2549.3
1202600 2552.4
1202610 2553.1
1202620 2553.1
1202630 2556.5
1202640 2556.0
1202650 2556.0
1202660 2555.8
1202670 2555.4
1202680 2555.4
1202690 2553.9
1202700 2542.9
1202710 2542.9
1202720 2521.0
1202730 2513.6
1202740 2513.6
1202750 2540.7
1202760 2561.7
1202770 2561.7
1202780 2572.6
1202790 2584.2
1202800 2584.2
1202810 2591.4
1202820 2583.3
1202830 2583.3
1202840 2574.7
1202850 2567.9
1202860 2562.9
1202870 2562.9
1202880 2559.3
1202890 2553.1
1202900 2553.1
1202910 2543.5
1202920 2531.4
1202930 2531.4
1202940 2521.1
1202950 2517.0
1202960 2517.0
1202970 2518.1
1202980 2514.8
1202990 2514.8
1203000 2507.4
1203010 2499.6
1203020 2499.6
1203030 2481.7
1203040 2466.5
1203050 2466.5
1203060 2455.6
1203070 2437.7
1203080 2420.7
1203090 2420.7
1203100 2412.7
1203110 2404.0
1203120 2404.0
1203130 2393.3
1203140 2384.8
1203150 2384.8
1203160 2373.0
1203170 2359.1
1203180 2359.1
1203190 2348.3
1203200 2336.4
1203210 2336.4
1203220 2328.3
1203230 2322.4
1203240 2322.4
1203250 2318.4
1203260 2320.8
1203270 2320.8
1203280 2318.1
1203290 2314.9
1203300 2314.9
1203310 2311.2
1203320 2308.7
1203330 2307.6
1203340 2307.6
1203350 2306.5
1203360 2305.4
1203370 2305.4
1203380 2304.9
1203390 2305.0
1203400 2305.0
1203410 2303.9
1203420 2302.9
1203430 2302.9
1203440 2302.7
1203450 2303.8
1203460 2303.8
1203470 2304.7
1203480 2304.7
1203490 2304.7
1203500 2304.2
1203510 2303.6
1203520 2303.6
1203530 2302.8
1203540 2301.9
1203550 2301.7
1203560 2301.7
1203570 2301.7
1203580 2304.8
1203590 2304.8
1203600 2308.7
1203610 2311.4
1203620 2311.4
1203630 2314.2
1203640 2319.7
1203650 2319.7
1203660 2326.4
1203670 2332.8
1203680 2332.8
1203690 2339.8
1203700 2346.4
1203710 2348.9
1203720 2355.8
1203730 2362.7
1203740 2362.7
1203750 2368.0
1203760 2373.6
1203770 2373.6
1203780 2386.1
1203790 2402.7
1203800 2416.2
1203810 2416.2
1203820 2428.4
1203830 2441.5
1203840 2441.5
1203850 2453.4
1203860 2464.0
1203870 2464.0
1203880 2465.9
1203890 2451.1
1203900 2451.1
1203910 2444.5
1203920 2442.6
1203930 2442.6
1203940 2442.5
1203950 2442.7
1203960 2442.7
1203970 2443.4
1203980 2445.0
1203990 2445.0
1204000 2450.5
1204010 2454.6
1204020 2456.3
1204030 2456.3
1204040 2461.4
1204050 2468.3
1204060 2468.3
1204070 2472.7
1204080 2477.0
1204090 2477.0
1204100 2482.9
1204110 2491.5
1204120 2491.5
1204130 2502.0
1204140 2521.9
1204150 2521.9
1204160 2539.8
1204170 2552.7
1204180 2552.7
1204190 2562.0
1204200 2572.9
1204210 2572.9
1204220 2587.4
1204230 2613.0
1204240 2613.0
1204250 2629.6
1204260 2636.2
1204270 2644.7
1204280 2644.7
1204290 2658.4
1204300 2667.0
1204310 2667.0
1204320 2666.9
1204330 2662.7
1204340 2662.7
1204350 2666.6
1204360 2666.6
1204370 2666.6
1204380 2659.4
1204390 2657.4
1204400 2657.4
1204410 2659.2
1204420 2662.4
1204430 2662.4
1204440 2660.1
1204450 2647.0
1204460 2647.0
1204470 2642.0
1204480 2646.8
1204490 2656.0
1204500 2656.0
1204510 2667.4
1204520 2678.8
1204530 2678.8
1204540 2677.7
1204550 2656.7
1204560 2656.7
1204570 2636.6
1204580 2628.2
1204590 2628.2
1204600 2620.3
1204610 2611.3
1204620 2611.3
1204630 2604.3
1204640 2597.9
1204650 2597.9
1204660 2591.9
1204670 2587.0
1204680 2587.0
1204690 2582.7
1204700 2579.2
1204710 2579.2
1204720 2578.4
1204730 2575.5
1204740 2570.2
1204750 2570.2
1204760 2564.7
1204770 2559.2
1204780 2559.2
1204790 2555.7
1204800 2556.6
1204810 2556.6
1204820 2558.5
1204830 2558.7
1204840 2558.7
1204850 2558.8
1204860 2559.5
1204870 2559.5
1204880 2560.5
1204890 2561.4
1204900 2561.4
1204910 2563.0
1204920 2565.2
1204930 2565.2
1204940 2567.8
1204950 2570.0
1204960 2570.9
1204970 2570.9
1204980 2571.5
1204990 2572.2
1205000 2572.2
1205010 2573.3
1205020 2574.2
1205030 2574.2
1205040 2574.2
1205050 2574.2
1205060 2574.2
1205070 2579.6
1205080 2579.6
1205090 2579.6
1205100 2579.7
1205110 2579.3
1205120 2579.3
1205130 2579.3
1205140 2584.5
1205150 2584.5
1205160 2590.0
1205170 2592.8
1205180 2592.8
1205190 2595.3
1205200 2596.5
1205210 2596.6
1205220 2596.6
1205230 2595.6
1205240 2592.6
1205250 2592.6
1205260 2589.9
1205270 2586.9
1205280 2586.9
1205290 2585.7
1205300 2586.0
1205310 2586.0
1205320 2587.9
1205330 2591.8
1205340 2591.8
1205350 2596.8
1205360 2601.2
1205370 2601.2
1205380 2606.1
1205390 2611.6
1205400 2611.6
1205410 2617.1
1205420 2621.0
1205430 2621.0
1205440 2625.3
1205450 2632.0
1205460 2638.5
1205470 2638.5
1205480 2644.2
1205490 2650.0
1205500 2650.0
1205510 2655.8
1205520 2664.7
1205530 2664.7
1205540 2669.5
1205550 2673.3
1205560 2673.3
1205570 2676.0
1205580 2674.7
1205590 2674.7
1205600 2671.7
1205610 2670.6
1205620 2670.6
1205630 2670.5
1205640 2672.1
1205650 2672.1
1205660 2674.9
1205670 2678.0
1205680 2683.4
1205690 2683.4
1205700 2689.8
1205710 2696.3
1205720 2696.3
1205730 2703.3
1205740 2714.2
1205750 2714.2
1205760 2724.2
1205770 2735.7
1205780 2735.7
1205790 2755.5
1205800 2784.5
1205810 2784.5
1205820 2801.5
1205830 2801.3
1205840 2801.3
1205850 2798.6
1205860 2800.1
1205870 2800.1
1205880 2805.2
1205890 2808.2
1205900 2808.2
1205910 2793.8
1205920 2778.4
1205930 2768.8
1205940 2768.8
1205950 2760.8
1205960 2749.8
1205970 2749.8
1205980 2736.3
1205990 2727.0
1206000 2727.0
1206010 2719.9
1206020 2713.0
1206030 2713.0
1206040 2706.5
1206050 2700.2
1206060 2700.2
1206070 2694.2
1206080 2689.2
1206090 2689.2
1206100 2686.1
1206110 2682.9
1206120 2682.9
1206130 2679.5
1206140 2676.0
1206150 2672.3
1206160 2672.3
1206170 2669.2
1206180 2668.1
1206190 2668.1
1206200 2667.6
1206210 2666.0
1206220 2666.0
1206230 2662.3
1206240 2658.8
1206250 2658.8
1206260 2656.0
1206270 2653.3
1206280 2653.3
1206290 2649.8
1206300 2646.3
1206310 2646.3
1206320 2644.0
1206330 2642.1
1206340 2642.1
1206350 2640.7
1206360 2638.6
1206370 2638.6
1206380 2636.5
1206390 2636.2
1206400 2635.8
1206410 2635.8
1206420 2635.6
1206430 2634.2
1206440 2633.1
1206450 2630.9
1206460 2629.6
1206470 2629.6
1206480 2626.9
1206490 2625.5
1206500 2625.5
1206510 2625.4
1206520 2624.1
1206530 2624.1
1206540 2621.0
1206550 2619.0
1206560 2619.0
1206570 2616.7
1206580 2614.8
1206590 2614.8
1206600 2614.7
1206610 2616.1
1206620 2617.8
1206630 2617.8
1206640 2619.2
1206650 2618.6
1206660 2618.6
1206670 2617.1
1206680 2614.8
1206690 2614.8
1206700 2614.8
1206710 2614.7
1206720 2614.7
1206730 2614.7
1206740 2613.3
1206750 2613.3
1206760 2610.3
1206770 2606.9
1206780 2606.9
1206790 2604.4
1206800 2602.6
1206810 2602.6
1206820 2600.1
1206830 2596.3
1206840 2596.3
1206850 2592.9
1206860 2590.7
1206870 2587.7
1206880 2587.7
1206890 2579.3
1206900 2577.4
1206910 2577.4
1206920 2577.0
1206930 2577.1
1206940 2577.1
1206950 2576.7
1206960 2577.5
1206970 2577.5
1206980 2580.7
1206990 2582.9
1207000 2582.9
1207010 2583.8
1207020 2584.0
1207030 2584.0
1207040 2582.9
1207050 2583.3
1207060 2583.3
1207070 2584.4
1207080 2583.9
1207090 2580.3
1207100 2580.3
1207110 2576.1
1207120 2572.3
1207130 2572.3
1207140 2569.8
1207150 2569.9
1207160 2569.9
1207170 2572.6
1207180 2574.8
1207190 2574.8
1207200 2575.5
1207210 2576.8
1207220 2576.8
1207230 2576.2
1207240 2574.8
1207250 2574.8
1207260 2573.9
1207270 2572.3
1207280 2572.3
1207290 2570.4
1207300 2568.0
1207310 2568.0
1207320 2565.8
1207330 2562.0
1207340 2557.7
1207350 2558.8
1207360 2555.5
1207370 2553.4
1207380 2553.4
1207390 2551.7
1207400 2548.9
1207410 2548.9
1207420 2546.0
1207430 2542.3
1207440 2542.3
1207450 2538.4
1207460 2532.7
1207470 2532.7
1207480 2528.7
1207490 2525.8
1207500 2525.8
1207510 2525.3
1207520 2525.6
1207530 2525.6
1207540 2522.6
1207550 2518.3
1207560 2514.2
1207570 2514.2
1207580 2510.9
1207590 2508.0
1207600 2508.0
1207610 2505.3
1207620 2502.9
1207630 2502.9
1207640 2500.0
1207650 2495.1
1207660 2495.1
1207670 2488.5
1207680 2484.0
1207690 2484.0
1207700 2482.7
1207710 2479.0
1207720 2479.0
1207730 2472.6
1207740 2463.5
1207750 2463.5
1207760 2454.9
1207770 2446.0
1207780 2446.0
1207790 2437.7
1207800 2428.8
1207810 2421.5
1207820 2421.5
1207830 2415.4
1207840 2409.4
1207850 2409.4
1207860 2404.5
1207870 2399.8
1207880 2399.8
1207890 2395.4
1207900 2391.8
1207910 2391.8
1207920 2388.8
1207930 2386.2
1207940 2386.2
1207950 2383.6
1207960 2380.4
1207970 2380.4
1207980 2377.6
1207990 2375.4
1208000 2375.4
1208010 2372.7
1208020 2368.2
1208030 2362.7
1208040 2362.7
1208050 2358.6
1208060 2356.7
1208070 2356.7
1208080 2352.8
1208090 2346.6
1208100 2346.6
1208110 2340.5
1208120 2334.9
1208130 2334.9
1208140 2330.0
1208150 2325.8
1208160 2325.8
1208170 2321.4
1208180 2316.4
1208190 2316.4
1208200 2311.1
1208210 2305.8
1208220 2305.8
1208230 2299.1
1208240 2291.1
1208250 2291.1
1208260 2278.2
1208270 2270.6
1208280 2264.4
1208290 2264.4
1208300 2257.5
1208310 2251.7
1208320 2251.7
1208330 2247.0
1208340 2242.5
1208350 2242.5
1208360 2234.4
1208370 2225.4
1208380 2225.4
1208390 2220.5
1208400 2217.4
1208410 2217.4
1208420 2215.4
1208430 2213.9
1208440 2213.9
1208450 2210.3
1208460 2205.9
1208470 2205.9
1208480 2201.4
1208490 2194.9
1208500 2188.2
1208510 2188.2
1208520 2181.6
1208530 2173.4
1208540 2173.4
1208550 2165.5
1208560 2159.0
1208570 2159.0
1208580 2153.0
1208590 2148.4
1208600 2148.4
1208610 2144.2
1208620 2140.1
1208630 2140.1
1208640 2135.6
1208650 2130.6
1208660 2130.6
1208670 2124.8
1208680 2118.9
1208690 2118.9
1208700 2112.9
1208710 2105.8
1208720 2105.8
1208730 2114.8
1208740 2098.9
1208750 2081.6
1208760 2081.6
1208770 2073.5
1208780 2065.7
1208790 2065.7
1208800 2057.8
1208810 2050.3
1208820 2050.3
1208830 2042.1
1208840 2034.6
1208850 2034.6
1208860 2029.7
1208870 2026.8
1208880 2026.8
1208890 2024.8
1208900 2021.4
1208910 2021.4
1208920 2017.3
1208930 2013.0
1208940 2013.0
1208950 2007.9
1208960 2002.0
1208970 1995.4
1208980 1995.4
1208990 1990.2
1209000 1986.2
1209010 1986.2
1209020 1983.5
1209030 1981.1
1209040 1981.1
1209050 1978.6
1209060 1976.2
1209070 1976.2
1209080 1972.9
1209090 1969.9
1209100 1969.9
1209110 1967.2
1209120 1964.1
1209130 1964.1
1209140 1961.3
1209150 1958.4
1209160 1958.4
1209170 1955.5
1209180 1952.9
1209190 1950.0
1209200 1947.3
1209210 1944.1
1209220 1941.3
1209230 1941.3
1209240 1938.7
1209250 1936.4
1209260 1936.4
1209270 1934.5
1209280 1932.4
1209290 1932.4
1209300 1929.9
1209310 1927.4
1209320 1927.4
1209330 1924.0
1209340 1920.2
1209350 1920.2
1209360 1916.1
1209370 1911.7
1209380 1911.7
1209390 1907.5
1209400 1904.1
1209410 1904.1
1209420 1903.1
1209430 1903.6
1209440 1904.4
1209450 1904.4
1209460 1904.6
1209470 1903.9
1209480 1903.9
1209490 1902.6
1209500 1900.3
1209510 1900.3
1209520 1898.3
1209530 1896.0
1209540 1896.0
1209550 1892.5
1209560 1888.6
1209570 1888.6
1209580 1884.7
1209590 1880.5
1209600 1880.5
1209610 1877.0
1209620 1874.5
1209630 1874.5
1209640 1872.7
1209650 1867.4
1209660 1867.4
1209670 1865.5
1209680 1863.0
1209690 1861.2
1209700 1861.2
1209710 1861.1
1209720 1861.1
1209730 1861.1
1209740 1860.5
1209750 1859.8
1209760 1859.8
1209770 1857.7
1209780 1855.2
1209790 1855.2
1209800 1853.6
1209810 1854.1
1209820 1854.1
1209830 1854.5
1209840 1854.2
1209850 1854.2
1209860 1854.1
1209870 1854.3
1209880 1854.3
1209890 1853.6
1209900 1854.2
1209910 1854.2
1209920 1854.6
1209930 1854.8
1209940 1855.0
1209950 1855.0
1209960 1855.2
1209970 1855.3
1209980 1855.3
1209990 1855.3
1210000 1855.6
1210010 1855.6
1210020 1853.4
1210030 1852.9
1210040 1852.9
1210050 1853.4
1210060 1851.9
1210070 1851.9
1210080 1849.8
1210090 1847.8
1210100 1847.8
1210110 1841.0
1210120 1840.4
1210130 1840.4
1210140 1839.2
1210150 1837.3
1210160 1835.6
1210170 1835.6
1210180 1834.4
1210190 1831.8
1210200 1831.8
1210210 1830.3
1210220 1829.3
1210230 1829.3
1210240 1827.6
1210250 1825.7
1210260 1825.7
1210270 1824.6
1210280 1823.2
1210290 1823.2
1210300 1820.6
1210310 1817.3
1210320 1817.3
1210330 1815.9
1210340 1816.3
1210350 1816.3
1210360 1814.6
1210370 1811.9
1210380 1811.9
1210390 1810.1
1210400 1808.1
1210410 1807.0
1210420 1807.0
1210430 1806.4
1210440 1806.6
1210450 1806.6
1210460 1806.9
1210470 1808.3
1210480 1808.3
1210490 1809.9
1210500 1810.9
1210510 1810.9
1210520 1810.9
1210530 1810.0
1210540 1810.0
1210550 1808.3
1210560 1806.7
1210570 1803.5
1210580 1801.4
1210590 1799.5
1210600 1799.5
1210610 1796.2
1210620 1792.9
1210630 1791.9
1210640 1791.9
1210650 1790.7
1210660 1790.7
1210670 1790.7
1210680 1791.0
1210690 1791.2
1210700 1791.2
1210710 1791.2
1210720 1790.8
1210730 1790.8
1210740 1790.6
1210750 1790.4
1210760 1790.4
1210770 1790.1
1210780 1788.6
1210790 1788.6
1210800 1786.8
1210810 1785.3
1210820 1785.3
1210830 1784.5
1210840 1783.5
1210850 1783.5
1210860 1782.3
1210870 1780.8
1210880 1779.5
1210890 1779.5
1210900 1779.7
1210910 1780.5
1210920 1780.5
1210930 1779.9
1210940 1780.2
1210950 1780.2
1210960 1779.9
1210970 1779.0
1210980 1779.0
1210990 1777.1
1211000 1774.9
1211010 1774.9
1211020 1774.7
1211030 1775.9
1211040 1771.0
1211050 1771.0
1211060 1771.0
1211070 1771.0
1211080 1770.4
1211090 1769.0
1211100 1766.1
1211110 1766.1
1211120 1763.8
1211130 1762.5
1211140 1762.5
1211150 1761.0
1211160 1758.9
1211170 1758.9
1211180 1756.6
1211190 1754.1
1211200 1754.1
1211210 1751.2
1211220 1747.6
1211230 1747.6
1211240 1743.4
1211250 1739.3
1211260 1739.3
1211270 1735.7
1211280 1733.2
1211290 1733.2
1211300 1730.7
1211310 1728.3
1211320 1728.3
1211330 1725.8
1211340 1722.8
1211350 1719.7
1211360 1719.7
1211370 1716.9
1211380 1714.2
1211390 1714.2
1211400 1710.9
1211410 1707.8
1211420 1707.8
1211430 1705.6
1211440 1703.7
1211450 1703.7
1211460 1702.4
1211470 1700.8
1211480 1700.8
1211490 1698.5
1211500 1689.4
1211510 1689.4
1211520 1688.5
1211530 1686.8
1211540 1686.8
1211550 1685.0
1211560 1682.4
1211570 1677.9
1211580 1677.9
1211590 1673.5
1211600 1669.1
1211610 1669.1
1211620 1663.9
1211630 1659.6
1211640 1659.6
1211650 1656.9
1211660 1654.4
1211670 1654.4
1211680 1651.9
1211690 1654.5
1211700 1654.5
1211710 1656.3
1211720 1653.2
1211730 1653.2
1211740 1649.2
1211750 1647.7
1211760 1647.7
1211770 1647.5
1211780 1645.0
1211790 1645.0
1211800 1642.9
1211810 1642.6
1211820 1642.0
1211830 1642.0
1211840 1641.1
1211850 1639.4
1211860 1639.4
1211870 1638.8
1211880 1637.0
1211890 1637.0
1211900 1634.0
1211910 1629.0
1211920 1629.0
1211930 1621.1
1211940 1612.9
1211950 1612.9
1211960 1605.2
1211970 1593.6
1211980 1593.6
1211990 1585.2
1212000 1577.5
1212010 1577.5
1212020 1573.5
1212030 1570.8
1212040 1568.0
1212050 1568.0
1212060 1563.5
1212070 1556.6
1212080 1556.6
1212090 1552.6
1212100 1548.8
1212110 1548.8
1212120 1544.0
1212130 1539.0
1212140 1539.0
1212150 1533.8
1212160 1529.3
1212170 1529.3
1212180 1527.2
1212190 1525.2
1212200 1525.2
1212210 1524.4
1212220 1523.6
1212230 1523.6
1212240 1523.5
1212250 1523.8
1212260 1523.8
1212270 1524.1
1212280 1523.4
1212290 1521.9
1212300 1521.9
1212310 1519.6
1212320 1515.8
1212330 1515.8
1212340 1510.5
1212350 1505.3
1212360 1505.3
1212370 1501.6
1212380 1496.6
1212390 1496.6
1212400 1491.0
1212410 1486.3
1212420 1486.3
1212430 1484.2
1212440 1475.3
1212450 1475.3
1212460 1474.8
1212470 1483.8
1212480 1483.8
1212490 1496.6
1212500 1503.1
1212510 1507.6
1212520 1507.6
1212530 1504.5
1212540 1502.2
1212550 1502.2
1212560 1499.2
1212570 1495.3
1212580 1495.3
1212590 1490.9
1212600 1483.7
1212610 1483.7
1212620 1473.3
1212630 1463.6
1212640 1463.6
1212650 1450.5
1212660 1439.0
1212670 1439.0
1212680 1431.4
1212690 1423.8
1212700 1423.8
1212710 1420.5
1212720 1419.3
1212730 1419.3
1212740 1415.9
1212750 1411.5
1212760 1409.2
1212770 1409.2
1212780 1406.9
1212790 1403.8
1212800 1403.8
1212810 1400.6
1212820 1396.4
1212830 1396.4
1212840 1391.7
1212850 1386.9
1212860 1386.9
1212870 1382.2
1212880 1379.5
1212890 1379.5
1212900 1371.6
1212910 1371.8
1212920 1371.8
1212930 1368.6
1212940 1365.5
1212950 1365.5
1212960 1362.9
1212970 1358.8
1212980 1352.5
1212990 1352.5
1213000 1344.8
1213010 1338.0
1213020 1338.0
1213030 1334.5
1213040 1333.2
1213050 1333.2
1213060 1329.7
1213070 1325.6
1213080 1325.6
1213090 1323.6
1213100 1319.1
1213110 1319.1
1213120 1312.0
1213130 1308.7
1213140 1308.7
1213150 1312.2
1213160 1314.6
1213170 1314.6
1213180 1312.5
1213190 1310.2
1213200 1310.2
1213210 1310.5
1213220 1310.2
1213230 1301.9
1213240 1301.9
1213250 1294.7
1213260 1292.4
1213270 1292.4
1213280 1293.6
1213290 1292.9
1213300 1292.9
1213310 1286.8
1213320 1279.7
1213330 1279.7
1213340 1275.0
1213350 1275.9
1213360 1275.9
1213370 1273.8
1213380 1274.8
1213390 1274.8
1213400 1271.5
1213410 1268.6
1213420 1268.6
1213430 1269.6
1213440 1267.8
1213450 1264.0
1213460 1264.0
1213470 1257.5
1213480 1252.3
1213490 1252.3
1213500 1253.0
1213510 1251.4
1213520 1251.4
1213530 1247.3
1213540 1244.7
1213550 1244.7
1213560 1239.1
1213570 1233.4
1213580 1233.4
1213590 1230.8
1213600 1232.1
1213610 1232.1
1213620 1231.3
1213630 1230.6
1213640 1230.6
1213650 1231.5
1213660 1230.4
1213670 1230.4
1213680 1225.4
1213690 1221.6
1213700 1220.3
1213710 1220.3
1213720 1221.7
1213730 1225.4
1213740 1225.4
1213750 1225.3
1213760 1220.0
1213770 1220.0
1213780 1220.2
1213790 1219.9
1213800 1219.9
1213810 1216.7
1213820 1216.2
1213830 1216.2
1213840 1204.3
1213850 1201.1
1213860 1201.1
1213870 1197.8
1213880 1192.2
1213890 1192.2
1213900 1186.4
1213910 1184.8
1213920 1184.8
1213930 1186.9
1213940 1185.5
1213950 1182.8
1213960 1182.8
1213970 1181.4
1213980 1181.7
1213990 1181.7
1214000 1180.7
1214010 1182.4
1214020 1182.4
1214030 1183.1
1214040 1183.3
1214050 1183.3
1214060 1182.1
1214070 1177.8
1214080 1177.8
1214090 1169.1
1214100 1159.3
1214110 1159.3
1214120 1146.8
1214130 1139.0
1214140 1139.0
1214150 1137.3
1214160 1142.5
1214170 1145.7
1214180 1145.7
1214190 1144.4
1214200 1144.6
1214210 1144.6
1214220 1148.5
1214230 1151.2
1214240 1151.2
1214250 1150.5
1214260 1146.7
1214270 1146.7
1214280 1141.2
1214290 1132.4
1214300 1132.4
1214310 1115.5
1214320 1111.9
1214330 1111.9
1214340 1111.5
1214350 1105.9
1214360 1105.9
1214370 1094.2
1214380 1081.5
1214390 1081.5
1214400 1071.2
1214410 1062.4
1214420 1054.2
1214430 1054.2
1214440 1044.8
1214450 1033.8
1214460 1033.8
1214470 1023.1
1214480 1014.4
1214490 1014.4
1214500 1006.0
1214510 997.4
1214520 997.4
1214530 988.7
1214540 980.5
1214550 980.5
1214560 973.6
1214570 967.9
1214580 967.9
1214590 966.4
1214600 966.1
1214610 966.1
1214620 964.7
1214630 964.1
1214640 964.2
1214650 964.2
1214660 964.1
1214670 963.2
1214680 963.2
1214690 962.5
1214700 961.8
1214710 961.8
1214720 961.2
1214730 959.1
1214740 959.1
1214750 958.4
1214760 959.0
1214770 959.0
1214780 959.2
1214790 957.9
1214800 957.9
1214810 956.2
1214820 955.7
1214830 955.7
1214840 955.6
1214850 955.7
1214860 955.7
1214870 955.5
1214880 955.6
1214890 957.6
1214900 957.6
1214910 958.2
1214920 958.2
1214930 958.2
1214940 962.0
1214950 971.1
1214960 971.1
1214970 978.9
1214980 981.9
1214990 981.9
1215000 982.5
1215010 982.6
1215020 982.6
1215030 982.5
1215040 982.2
1215050 982.2
1215060 981.9
1215070 981.6
1215080 981.6
1215090 981.7
1215100 981.5
1215110 981.9
1215120 981.9
1215130 982.7
1215140 983.2
1215150 983.2
1215160 983.5
1215170 983.5
1215180 983.5
1215190 983.4
1215200 983.5
1215210 983.5
1215220 983.4
1215230 983.3
1215240 983.3
1215250 983.5
1215260 983.2
1215270 983.2
1215280 982.9
1215290 982.3
1215300 982.3
1215310 982.3
1215320 982.4
1215330 982.4
1215340 982.4
1215350 982.5
1215360 982.6
1215370 982.6
1215380 982.9
1215390 983.1
1215400 983.1
1215410 983.0
1215420 983.0
1215430 983.0
1215440 982.9
1215450 982.7
1215460 982.7
1215470 981.2
1215480 982.3
1215490 982.3
1215500 982.8
1215510 982.9
1215520 982.9
1215530 983.2
1215540 984.0
1215550 984.0
1215560 986.9
1215570 988.5
1215580 989.6
1215590 989.6
1215600 990.5
1215610 991.6
1215620 991.6
1215630 992.8
1215640 994.1
1215650 994.1
1215660 995.3
1215670 996.4
1215680 996.4
1215690 997.7
1215700 999.1
1215710 999.1
1215720 1000.8
1215730 1001.9
1215740 1001.9
1215750 1003.4
1215760 1005.1
1215770 1005.1
1215780 1006.9
1215790 1008.9
1215800 1008.9
1215810 1009.9
1215820 1011.6
1215830 1012.9
1215840 1012.9
1215850 1014.2
1215860 1015.5
1215870 1015.5
1215880 1016.7
1215890 1017.8
1215900 1017.8
1215910 1018.9
1215920 1020.0
1215930 1020.0
1215940 1021.0
1215950 1022.1
1215960 1022.1
1215970 1023.3
1215980 1024.8
1215990 1024.8
1216000 1025.9
1216010 1026.9
1216020 1026.9
1216030 1027.9
1216040 1029.0
1216050 1030.3
1216060 1030.3
1216070 1031.6
1216080 1033.0
1216090 1033.0
1216100 1034.2
1216110 1035.4
1216120 1035.4
1216130 1036.7
1216140 1038.0
1216150 1038.0
1216160 1039.1
1216170 1040.3
1216180 1040.3
1216190 1042.2
1216200 1043.7
1216210 1043.7
1216220 1045.3
1216230 1046.8
1216240 1046.8
1216250 1048.3
1216260 1049.8
1216270 1049.8
1216280 1051.3
1216290 1052.9
1216300 1054.5
1216310 1054.5
1216320 1055.9
1216330 1057.3
1216340 1057.3
1216350 1058.9
1216360 1060.4
1216370 1060.4
1216380 1062.0
1216390 1063.8
1216400 1063.8
1216410 1065.9
1216420 1067.9
1216430 1067.9
1216440 1069.7
1216450 1071.5
1216460 1071.5
1216470 1073.3
1216480 1075.2
1216490 1075.2
1216500 1077.3
1216510 1079.2
1216520 1080.7
1216530 1080.7
1216540 1082.2
1216550 1083.8
1216560 1083.8
1216570 1085.5
1216580 1087.1
1216590 1087.1
1216600 1088.8
1216610 1090.5
1216620 1090.5
1216630 1092.2
1216640 1094.3
1216650 1094.3
1216660 1095.8
1216670 1096.5
1216680 1096.5
1216690 1098.0
1216700 1099.5
1216710 1099.5
1216720 1101.1
1216730 1103.4
1216740 1103.4
1216750 1106.0
1216760 1108.3
1216770 1110.1
1216780 1110.1
1216790 1111.8
1216800 1112.8
1216810 1112.8
1216820 1113.0
1216830 1113.4
1216840 1113.4
1216850 1114.7
1216860 1115.6
1216870 1115.6
1216880 1115.9
1216890 1115.7
1216900 1115.7
1216910 1115.3
1216920 1115.6
1216930 1115.6
1216940 1116.7
1216950 1117.4
1216960 1117.4
1216970 1119.0
1216980 1119.8
1216990 1119.8
1217000 1119.8
1217010 1121.4
1217020 1126.5
1217030 1126.5
1217040 1133.4
1217050 1139.8
1217060 1139.8
1217070 1144.8
1217080 1148.3
1217090 1148.3
1217100 1149.3
1217110 1148.4
1217120 1148.4
1217130 1149.2
1217140 1145.8
1217150 1145.8
1217160 1150.8
1217170 1157.7
1217180 1157.7
1217190 1164.6
1217200 1169.7
1217210 1169.7
1217220 1175.2
1217230 1180.8
1217240 1189.0
1217250 1189.0
1217260 1196.5
1217270 1201.2
1217280 1201.2
1217290 1206.4
1217300 1213.2
1217310 1213.2
1217320 1222.2
1217330 1230.0
1217340 1230.0
1217350 1238.5
1217360 1247.5
1217370 1247.5
1217380 1254.6
1217390 1261.5
1217400 1261.5
1217410 1267.9
1217420 1274.2
1217430 1274.2
1217440 1280.5
1217450 1286.7
1217460 1291.5
1217470 1291.5
1217480 1294.4
1217490 1296.1
1217500 1296.1
1217510 1297.5
1217520 1298.9
1217530 1298.9
1217540 1299.8
1217550 1300.6
1217560 1300.6
1217570 1301.5
1217580 1302.9
1217590 1302.9
1217600 1304.2
1217610 1305.5
1217620 1312.7
1217630 1314.3
1217640 1317.1
1217650 1317.1
1217660 1319.5
1217670 1321.3
1217680 1321.3
1217690 1323.4
1217700 1326.3
1217710 1328.8
1217720 1328.8
1217730 1330.1
1217740 1331.0
1217750 1331.0
1217760 1331.7
1217770 1332.3
1217780 1332.3
1217790 1332.8
1217800 1334.7
1217810 1334.7
1217820 1337.2
1217830 1340.8
1217840 1340.8
1217850 1343.9
1217860 1345.6
1217870 1345.6
1217880 1346.9
1217890 1348.0
1217900 1348.0
1217910 1349.2
1217920 1350.8
1217930 1353.4
1217940 1353.4
1217950 1356.6
1217960 1359.1
1217970 1359.1
1217980 1360.8
1217990 1363.4
1218000 1363.4
1218010 1369.7
1218020 1376.8
1218030 1376.8
1218040 1383.7
1218050 1392.8
1218060 1392.8
1218070 1401.5
1218080 1407.2
1218090 1414.9
1218100 1421.1
1218110 1429.9
1218120 1429.9
1218130 1438.0
1218140 1445.0
1218150 1445.0
1218160 1450.7
1218170 1454.9
1218180 1460.7
1218190 1460.7
1218200 1466.4
1218210 1471.8
1218220 1471.8
1218230 1476.4
1218240 1480.7
1218250 1480.7
1218260 1484.7
1218270 1487.8
1218280 1487.8
1218290 1491.1
1218300 1494.2
1218310 1494.2
1218320 1497.6
1218330 1500.8
1218340 1500.8
1218350 1502.8
1218360 1504.0
1218370 1504.0
1218380 1505.0
1218390 1507.2
1218400 1510.7
1218410 1510.7
1218420 1515.2
1218430 1519.8
1218440 1519.8
1218450 1524.9
1218460 1530.3
1218470 1530.3
1218480 1535.3
1218490 1542.2
1218500 1542.2
1218510 1549.0
1218520 1552.7
1218530 1552.7
1218540 1557.3
1218550 1560.9
1218560 1560.9
1218570 1576.6
1218580 1584.3
1218590 1584.3
1218600 1589.7
1218610 1593.3
1218620 1593.3
1218630 1598.8
1218640 1602.3
1218650 1605.6
1218660 1605.6
1218670 1609.1
1218680 1612.5
1218690 1612.5
1218700 1615.8
1218710 1619.2
1218720 1619.2
1218730 1620.3
1218740 1620.6
1218750 1620.6
1218760 1621.0
1218770 1622.9
1218780 1622.9
1218790 1625.0
1218800 1625.3
1218810 1625.3
1218820 1625.8
1218830 1624.7
1218840 1624.7
1218850 1622.4
1218860 1620.1
1218870 1620.1
1218880 1620.4
1218890 1624.0
1218900 1630.2
1218910 1630.2
1218920 1639.3
1218930 1649.9
1218940 1649.9
1218950 1660.3
1218960 1667.9
1218970 1667.9
1218980 1672.1
1218990 1674.4
1219000 1674.4
1219010 1676.4
1219020 1676.1
1219030 1676.1
1219040 1676.2
1219050 1686.2
1219060 1686.2
1219070 1690.0
1219080 1693.1
1219090 1693.1
1219100 1696.4
1219110 1696.9
1219120 1699.6
1219130 1699.6
1219140 1704.6
1219150 1711.1
1219160 1711.1
1219170 1716.4
1219180 1720.4
1219190 1720.4
1219200 1725.7
1219210 1730.9
1219220 1730.9
1219230 1735.7
1219240 1740.0
1219250 1740.0
1219260 1743.2
1219270 1745.4
1219280 1745.4
1219290 1747.6
1219300 1749.8
1219310 1749.8
1219320 1752.2
1219330 1752.8
1219340 1752.8
1219350 1748.3
1219360 1743.4
1219370 1747.8
1219380 1747.8
1219390 1755.9
1219400 1761.4
1219410 1761.4
1219420 1768.1
1219430 1773.1
1219440 1773.1
1219450 1776.5
1219460 1778.5
1219470 1778.5
1219480 1778.3
1219490 1775.8
1219500 1775.8
1219510 1777.2
1219520 1789.1
1219530 1789.1
1219540 1797.2
1219550 1804.7
1219560 1804.7
1219570 1811.1
1219580 1818.0
1219590 1825.6
1219600 1825.6
1219610 1833.1
1219620 1840.7
1219630 1840.7
1219640 1849.2
1219650 1859.1
1219660 1859.1
1219670 1871.2
1219680 1876.1
1219690 1876.1
1219700 1883.7
1219710 1892.7
1219720 1892.7
1219730 1902.0
1219740 1911.0
1219750 1911.0
1219760 1918.6
1219770 1921.1
1219780 1921.1
1219790 1922.2
1219800 1925.4
1219810 1925.4
1219820 1929.7
1219830 1934.8
1219840 1938.2
1219850 1938.2
1219860 1942.5
1219870 1951.7
1219880 1951.7
1219890 1958.0
1219900 1963.2
1219910 1963.2
1219920 1971.1
1219930 1976.2
1219940 1976.2
1219950 1969.3
1219960 1963.1
1219970 1963.1
1219980 1965.1
1219990 1969.1
