1200000 1979.0
1200010 1979.0
1200020 1982.9
1200030 1987.1
1200040 1987.1
1200050 1992.3
1200060 1998.2
1200070 2002.1
1200080 2002.1
1200090 2005.8
1200100 2011.4
1200110 2011.4
1200120 2015.3
1200130 2017.4
1200140 2017.4
1200150 2019.3
1200160 2022.6
1200170 2022.6
1200180 2028.5
1200190 2033.2
1200200 2033.2
1200210 2036.1
1200220 2039.5
1200230 2039.5
1200240 2045.3
1200250 2052.7
1200260 2052.7
1200270 2057.3
1200280 2061.8
1200290 2061.8
1200300 2064.1
1200310 2066.4
1200320 2068.3
1200330 2068.3
1200340 2070.7
1200350 2073.9
1200360 2073.9
1200370 2077.3
1200380 2081.1
1200390 2081.1
1200400 2084.8
1200410 2088.8
1200420 2088.8
1200430 2093.3
1200440 2098.0
1200450 2098.0
1200460 2101.8
1200470 2104.5
1200480 2104.5
1200490 2106.7
1200500 2108.6
1200510 2108.6
1200520 2111.0
1200530 2114.4
1200540 2118.8
1200550 2118.8
1200560 2123.7
1200570 2127.7
1200580 2127.7
1200590 2132.4
1200600 2137.2
1200610 2137.2
1200620 2141.7
1200630 2146.4
1200640 2146.4
1200650 2152.0
1200660 2158.2
1200670 2158.2
1200680 2163.1
1200690 2167.8
1200700 2167.8
1200710 2172.9
1200720 2177.0
1200730 2177.0
1200740 2182.3
1200750 2188.8
1200760 2188.8
1200770 2195.4
1200780 2199.4
1200790 2203.9
1200800 2203.9
1200810 2208.6
1200820 2213.0
1200830 2213.0
1200840 2217.7
1200850 2223.3
1200860 2223.3
1200870 2227.7
1200880 2232.4
1200890 2232.4
1200900 2237.4
1200910 2241.9
1200920 2241.9
1200930 2246.2
1200940 2249.7
1200950 2249.7
1200960 2253.1
1200970 2256.4
1200980 2256.4
1200990 2259.9
1201000 2264.3
1201010 2267.3
1201020 2267.3
1201030 2270.9
1201040 2276.7
1201050 2276.7
1201060 2283.4
1201070 2288.8
1201080 2288.8
1201090 2292.8
1201100 2296.9
1201110 2296.9
1201120 2300.9
1201130 2304.3
1201140 2304.3
1201150 2308.0
1201160 2311.5
1201170 2312.2
1201180 2315.4
1201190 2317.9
1201200 2317.9
1201210 2319.8
1201220 2321.8
1201230 2321.8
1201240 2324.1
1201250 2326.4
1201260 2328.6
1201270 2328.6
1201280 2330.1
1201290 2331.6
1201300 2331.6
1201310 2332.8
1201320 2334.4
1201330 2334.4
1201340 2336.7
1201350 2340.7
1201360 2340.7
1201370 2349.2
1201380 2356.5
1201390 2356.5
1201400 2359.4
1201410 2359.7
1201420 2359.7
1201430 2360.8
1201440 2362.9
1201450 2362.9
1201460 2366.1
1201470 2370.0
1201480 2370.0
1201490 2374.3
1201500 2378.9
1201510 2382.9
1201520 2382.9
1201530 2385.8
1201540 2387.4
1201550 2387.4
1201560 2388.7
1201570 2390.2
1201580 2390.2
1201590 2393.3
1201600 2397.6
1201610 2397.6
1201620 2403.2
1201630 2409.3
1201640 2409.3
1201650 2414.0
1201660 2416.7
1201670 2416.7
1201680 2418.7
1201690 2421.7
1201700 2421.7
1201710 2421.6
1201720 2422.8
1201730 2425.8
1201740 2425.8
1201750 2420.4
1201760 2412.2
1201770 2412.2
1201780 2404.7
1201790 2397.1
1201800 2397.1
1201810 2386.8
1201820 2373.0
1201830 2373.0
1201840 2360.3
1201850 2349.3
1201860 2349.3
1201870 2338.3
1201880 2329.2
1201890 2329.2
1201900 2321.2
1201910 2313.5
1201920 2313.5
1201930 2305.9
1201940 2298.8
1201950 2298.8
1201960 2291.8
1201970 2284.8
1201980 2278.0
1201990 2278.0
1202000 2270.9
1202010 2263.8
1202020 2263.8
1202030 2256.4
1202040 2249.0
1202050 2249.0
1202060 2241.8
1202070 2234.9
1202080 2234.9
1202090 2228.8
1202100 2223.4
1202110 2223.4
1202120 2219.6
1202130 2217.8
1202140 2217.8
1202150 2216.8
1202160 2213.3
1202170 2213.3
1202180 2209.7
1202190 2208.0
1202200 2206.0
1202210 2206.0
1202220 2204.4
1202230 2204.1
1202240 2204.1
1202250 2204.0
1202260 2204.3
1202270 2204.3
1202280 2206.5
1202290 2210.5
1202300 2210.5
1202310 2213.8
1202320 2216.9
1202330 2216.9
1202340 2220.4
1202350 2222.1
1202360 2222.1
1202370 2221.6
1202380 2220.3
1202390 2220.3
1202400 2215.1
1202410 2208.5
1202420 2208.5
1202430 2203.8
1202440 2197.8
1202450 2192.6
1202460 2192.6
1202470 2187.1
1202480 2177.1
1202490 2177.1
1202500 2166.7
1202510 2154.4
1202520 2159.6
1202530 2148.6
1202540 2134.6
1202550 2134.6
1202560 2125.5
1202570 2119.2
1202580 2119.2
1202590 2110.9
1202600 2095.6
1202610 2095.6
1202620 2087.1
1202630 2083.4
1202640 2083.4
1202650 2079.9
1202660 2075.1
1202670 2070.1
1202680 2070.1
1202690 2065.1
1202700 2061.2
1202710 2061.2
1202720 2058.2
1202730 2055.5
1202740 2055.5
1202750 2052.7
1202760 2049.7
1202770 2049.7
1202780 2047.1
1202790 2044.5
1202800 2044.5
1202810 2041.9
1202820 2041.4
1202830 2041.4
1202840 2042.1
1202850 2042.3
1202860 2042.3
1202870 2042.8
1202880 2043.1
1202890 2043.1
1202900 2043.7
1202910 2045.2
1202920 2046.3
1202930 2046.3
1202940 2047.4
1202950 2049.5
1202960 2049.5
1202970 2058.2
1202980 2062.2
1202990 2062.2
1203000 2065.6
1203010 2067.2
1203020 2067.2
1203030 2068.2
1203040 2067.9
1203050 2067.9
1203060 2067.7
1203070 2069.6
1203080 2069.6
1203090 2071.6
1203100 2070.3
1203110 2070.3
1203120 2067.7
1203130 2068.8
1203140 2068.8
1203150 2072.5
1203160 2075.7
1203170 2079.1
1203180 2079.1
1203190 2083.7
1203200 2087.8
1203210 2087.8
1203220 2091.5
1203230 2094.6
1203240 2094.6
1203250 2098.3
1203260 2102.3
1203270 2102.3
1203280 2106.3
1203290 2110.6
1203300 2110.6
1203310 2115.3
1203320 2119.6
1203330 2119.6
1203340 2123.5
1203350 2127.4
1203360 2127.4
1203370 2131.2
1203380 2134.1
1203390 2136.4
1203400 2136.4
1203410 2137.9
1203420 2137.5
1203430 2137.5
1203440 2140.2
1203450 2142.8
1203460 2142.8
1203470 2145.7
1203480 2148.5
1203490 2148.5
1203500 2151.7
1203510 2155.1
1203520 2155.1
1203530 2158.3
1203540 2161.7
1203550 2161.7
1203560 2165.0
1203570 2168.5
1203580 2168.5
1203590 2171.6
1203600 2174.0
1203610 2174.0
1203620 2176.7
1203630 2180.2
1203640 2184.4
1203650 2184.4
1203660 2188.5
1203670 2191.9
1203680 2191.9
1203690 2195.7
1203700 2200.0
1203710 2200.0
1203720 2204.5
1203730 2209.5
1203740 2209.5
1203750 2214.7
1203760 2218.8
1203770 2218.8
1203780 2219.8
1203790 2218.8
1203800 2218.8
1203810 2217.9
1203820 2216.1
1203830 2216.1
1203840 2213.9
1203850 2211.8
1203860 2211.3
1203870 2214.1
1203880 2212.3
1203890 2211.4
1203900 2211.4
1203910 2211.3
1203920 2212.1
1203930 2212.1
1203940 2213.0
1203950 2213.7
1203960 2213.7
1203970 2214.7
1203980 2218.5
1203990 2218.5
1204000 2226.0
1204010 2233.2
1204020 2233.2
1204030 2237.3
1204040 2240.2
1204050 2240.2
1204060 2242.7
1204070 2244.8
1204080 2244.8
1204090 2246.4
1204100 2247.6
1204110 2248.6
1204120 2248.6
1204130 2249.7
1204140 2250.4
1204150 2250.4
1204160 2250.8
1204170 2252.1
1204180 2252.1
1204190 2253.0
1204200 2254.2
1204210 2254.2
1204220 2255.1
1204230 2256.2
1204240 2256.2
1204250 2258.3
1204260 2261.9
1204270 2261.9
1204280 2266.2
1204290 2272.1
1204300 2272.1
1204310 2279.5
1204320 2286.5
1204330 2288.2
1204340 2288.2
1204350 2291.6
1204360 2294.4
1204370 2294.4
1204380 2297.2
1204390 2299.8
1204400 2299.8
1204410 2303.0
1204420 2305.9
1204430 2305.9
1204440 2308.2
1204450 2310.3
1204460 2310.3
1204470 2312.7
1204480 2315.8
1204490 2315.8
1204500 2318.4
1204510 2321.7
1204520 2321.7
1204530 2324.6
1204540 2327.6
1204550 2327.6
1204560 2330.2
1204570 2332.4
1204580 2335.0
1204590 2335.0
1204600 2337.9
1204610 2341.5
1204620 2341.5
1204630 2346.9
1204640 2353.2
1204650 2353.2
1204660 2359.7
1204670 2366.3
1204680 2366.3
1204690 2373.2
1204700 2380.0
1204710 2380.0
1204720 2385.8
1204730 2389.8
1204740 2389.8
1204750 2393.9
1204760 2397.9
1204770 2397.9
1204780 2394.5
1204790 2398.7
1204800 2398.7
1204810 2403.6
1204820 2408.0
1204830 2411.0
1204840 2411.0
1204850 2414.1
1204860 2418.3
1204870 2418.3
1204880 2422.9
1204890 2428.4
1204900 2428.4
1204910 2434.5
1204920 2440.0
1204930 2440.0
1204940 2445.2
1204950 2450.1
1204960 2450.1
1204970 2454.8
1204980 2459.8
1204990 2459.8
1205000 2465.1
1205010 2470.9
1205020 2470.9
1205030 2480.2
1205040 2490.1
1205050 2495.0
1205060 2495.0
1205070 2495.0
1205080 2489.4
1205090 2489.4
1205100 2487.8
1205110 2487.9
1205120 2487.9
1205130 2489.4
1205140 2492.5
1205150 2492.5
1205160 2495.6
1205170 2498.5
1205180 2498.5
1205190 2501.2
1205200 2504.0
1205210 2504.0
1205220 2507.3
1205230 2512.2
1205240 2512.2
1205250 2516.2
1205260 2520.6
1205270 2520.6
1205280 2525.1
1205290 2529.7
1205300 2534.5
1205310 2534.5
1205320 2539.2
1205330 2543.5
1205340 2543.5
1205350 2547.9
1205360 2553.3
1205370 2553.3
1205380 2559.4
1205390 2565.8
1205400 2565.8
1205410 2572.7
1205420 2580.0
1205430 2580.0
1205440 2587.4
1205450 2594.9
1205460 2594.9
1205470 2605.6
1205480 2618.6
1205490 2618.6
1205500 2629.1
1205510 2637.8
1205520 2646.9
1205530 2646.9
1205540 2657.1
1205550 2666.6
1205560 2666.6
1205570 2677.2
1205580 2688.6
1205590 2688.6
1205600 2698.0
1205610 2705.6
1205620 2705.6
1205630 2712.5
1205640 2718.4
1205650 2718.4
1205660 2724.1
1205670 2729.4
1205680 2729.4
1205690 2733.6
1205700 2730.5
1205710 2730.5
1205720 2724.0
1205730 2717.7
1205740 2717.7
1205750 2710.9
1205760 2708.5
1205770 2705.9
1205780 2705.9
1205790 2700.8
1205800 2694.0
1205810 2694.0
1205820 2687.2
1205830 2682.7
1205840 2682.7
1205850 2679.9
1205860 2674.6
1205870 2674.6
1205880 2668.7
1205890 2661.4
1205900 2661.4
1205910 2654.4
1205920 2651.1
1205930 2651.1
1205940 2647.2
1205950 2642.8
1205960 2642.8
1205970 2639.4
1205980 2636.1
1205990 2634.0
1206000 2634.0
1206010 2633.9
1206020 2634.8
1206030 2634.8
1206040 2634.4
1206050 2633.5
1206060 2633.5
1206070 2635.6
1206080 2636.1
1206090 2636.1
1206100 2635.9
1206110 2635.9
1206120 2635.9
1206130 2636.4
1206140 2636.2
1206150 2636.2
1206160 2634.3
1206170 2631.3
1206180 2631.3
1206190 2628.1
1206200 2626.3
1206210 2626.3
1206220 2623.7
1206230 2620.8
1206240 2617.5
1206250 2617.5
1206260 2613.4
1206270 2609.7
1206280 2609.7
1206290 2605.8
1206300 2602.4
1206310 2602.4
1206320 2601.2
1206330 2598.6
1206340 2598.6
1206350 2597.4
1206360 2596.2
1206370 2596.2
1206380 2593.9
1206390 2591.4
1206400 2591.4
1206410 2588.4
1206420 2585.6
1206430 2585.6
1206440 2584.5
1206450 2583.4
1206460 2583.4
1206470 2581.6
1206480 2584.2
1206490 2590.4
1206500 2590.4
1206510 2596.2
1206520 2598.4
1206530 2598.4
1206540 2597.1
1206550 2598.2
1206560 2598.2
1206570 2598.8
1206580 2597.2
1206590 2597.2
1206600 2599.3
1206610 2599.5
1206620 2599.5
1206630 2598.8
1206640 2598.8
1206650 2598.8
1206660 2599.4
1206670 2600.1
1206680 2600.1
1206690 2602.6
1206700 2604.0
1206710 2603.6
1206720 2603.6
1206730 2604.1
1206740 2602.9
1206750 2602.9
1206760 2601.3
1206770 2602.4
1206780 2602.4
1206790 2605.1
1206800 2606.8
1206810 2606.8
1206820 2606.0
1206830 2602.1
1206840 2602.1
1206850 2594.8
1206860 2588.9
1206870 2588.9
1206880 2586.2
1206890 2585.5
1206900 2585.5
1206910 2586.5
1206920 2589.3
1206930 2589.3
1206940 2592.0
1206950 2592.6
1206960 2591.7
1206970 2591.7
1206980 2590.1
1206990 2588.6
1207000 2588.6
1207010 2587.3
1207020 2586.0
1207030 2586.0
1207040 2584.5
1207050 2583.7
1207060 2590.9
1207070 2592.1
1207080 2596.1
1207090 2596.1
1207100 2602.7
1207110 2605.2
1207120 2605.2
1207130 2607.1
1207140 2610.5
1207150 2610.5
1207160 2608.9
1207170 2598.3
1207180 2587.8
1207190 2587.8
1207200 2578.8
1207210 2571.2
1207220 2571.2
1207230 2565.9
1207240 2564.8
1207250 2564.8
1207260 2564.9
1207270 2565.7
1207280 2565.7
1207290 2566.4
1207300 2567.5
1207310 2567.5
1207320 2567.9
1207330 2567.8
1207340 2567.8
1207350 2567.9
1207360 2568.9
1207370 2568.9
1207380 2571.8
1207390 2575.2
1207400 2575.2
1207410 2578.1
1207420 2581.3
1207430 2585.8
1207440 2585.8
1207450 2591.2
1207460 2597.4
1207470 2597.4
1207480 2605.1
1207490 2619.8
1207500 2619.8
1207510 2645.3
1207520 2652.6
1207530 2652.6
1207540 2674.6
1207550 2684.1
1207560 2684.1
1207570 2689.1
1207580 2694.3
1207590 2694.3
1207600 2698.3
1207610 2697.7
1207620 2697.7
1207630 2696.6
1207640 2700.9
1207650 2707.4
1207660 2707.4
1207670 2709.0
1207680 2702.8
1207690 2702.8
1207700 2695.8
1207710 2693.6
1207720 2693.6
1207730 2691.1
1207740 2684.8
1207750 2684.8
1207760 2678.2
1207770 2671.4
1207780 2671.4
1207790 2664.7
1207800 2657.8
1207810 2657.8
1207820 2651.2
1207830 2644.9
1207840 2644.9
1207850 2640.2
1207860 2636.7
1207870 2636.7
1207880 2633.5
1207890 2630.3
1207900 2627.0
1207910 2627.0
1207920 2624.2
1207930 2619.5
1207940 2619.5
1207950 2618.9
1207960 2617.9
1207970 2609.7
1207980 2604.4
1207990 2596.8
1208000 2596.8
1208010 2590.5
1208020 2586.1
1208030 2586.1
1208040 2584.8
1208050 2585.0
1208060 2585.0
1208070 2586.5
1208080 2585.3
1208090 2585.3
1208100 2582.0
1208110 2576.3
1208120 2567.4
1208130 2567.4
1208140 2553.8
1208150 2543.0
1208160 2543.0
1208170 2538.0
1208180 2535.0
1208190 2535.0
1208200 2531.5
1208210 2527.3
1208220 2527.3
1208230 2518.1
1208240 2508.3
1208250 2508.3
1208260 2501.4
1208270 2495.9
1208280 2495.9
1208290 2491.1
1208300 2488.2
1208310 2488.2
1208320 2485.9
1208330 2482.7
1208340 2482.7
1208350 2481.2
1208360 2479.6
1208370 2477.6
1208380 2477.6
1208390 2475.9
1208400 2474.3
1208410 2474.3
1208420 2473.3
1208430 2464.3
1208440 2464.3
1208450 2463.9
1208460 2463.9
1208470 2463.9
1208480 2466.2
1208490 2466.8
1208500 2466.8
1208510 2469.9
1208520 2472.5
1208530 2472.5
1208540 2474.1
1208550 2475.7
1208560 2475.7
1208570 2478.5
1208580 2481.5
1208590 2481.5
1208600 2484.7
1208610 2486.9
1208620 2488.1
1208630 2488.1
1208640 2488.9
1208650 2489.6
1208660 2489.6
1208670 2490.6
1208680 2491.2
1208690 2491.2
1208700 2491.0
1208710 2490.7
1208720 2490.7
1208730 2490.5
1208740 2488.9
1208750 2488.9
1208760 2485.8
1208770 2482.2
1208780 2482.2
1208790 2480.1
1208800 2478.8
1208810 2478.8
1208820 2478.4
1208830 2479.3
1208840 2481.0
1208850 2481.0
1208860 2482.8
1208870 2483.9
1208880 2483.9
1208890 2477.4
1208900 2476.4
1208910 2476.4
1208920 2475.0
1208930 2473.2
1208940 2473.2
1208950 2471.1
1208960 2467.6
1208970 2467.6
1208980 2463.5
1208990 2458.0
1209000 2458.0
1209010 2450.9
1209020 2443.6
1209030 2443.6
1209040 2437.9
1209050 2432.8
1209060 2432.8
1209070 2428.7
1209080 2421.6
1209090 2415.5
1209100 2415.5
1209110 2410.0
1209120 2403.0
1209130 2403.0
1209140 2395.1
1209150 2391.3
1209160 2391.3
1209170 2394.1
1209180 2394.3
1209190 2394.3
1209200 2392.3
1209210 2390.3
1209220 2390.3
1209230 2389.1
1209240 2386.3
1209250 2386.3
1209260 2379.2
1209270 2377.0
1209280 2377.0
1209290 2380.6
1209300 2383.0
1209310 2380.5
1209320 2380.5
1209330 2376.7
1209340 2369.5
1209350 2369.5
1209360 2354.9
1209370 2349.8
1209380 2349.8
1209390 2346.0
1209400 2338.3
1209410 2338.3
1209420 2332.5
1209430 2332.3
1209440 2332.3
1209450 2328.3
1209460 2323.6
1209470 2323.6
1209480 2315.9
1209490 2304.6
1209500 2304.6
1209510 2294.5
1209520 2292.6
1209530 2292.6
1209540 2290.0
1209550 2289.1
1209560 2288.3
1209570 2288.3
1209580 2286.8
1209590 2284.6
1209600 2284.6
1209610 2284.4
1209620 2285.8
1209630 2285.8
1209640 2289.7
1209650 2291.5
1209660 2291.5
1209670 2291.6
1209680 2289.5
1209690 2289.5
1209700 2282.6
1209710 2281.8
1209720 2281.8
1209730 2282.8
1209740 2281.2
1209750 2281.2
1209760 2287.6
1209770 2298.1
1209780 2302.5
1209790 2302.5
1209800 2302.7
1209810 2301.5
1209820 2294.9
1209830 2290.0
1209840 2279.0
1209850 2279.0
1209860 2270.2
1209870 2262.5
1209880 2262.5
1209890 2249.5
1209900 2237.2
1209910 2237.2
1209920 2225.7
1209930 2217.9
1209940 2217.9
1209950 2212.2
1209960 2209.9
1209970 2209.9
1209980 2208.0
1209990 2206.5
1210000 2206.5
1210010 2204.0
1210020 2207.2
1210030 2214.1
1210040 2214.1
1210050 2219.2
1210060 2218.4
1210070 2218.4
1210080 2222.4
1210090 2225.3
1210100 2225.3
1210110 2226.3
1210120 2225.5
1210130 2225.5
1210140 2223.5
1210150 2218.6
1210160 2218.6
1210170 2218.7
1210180 2220.5
1210190 2220.5
1210200 2216.4
1210210 2203.6
1210220 2203.6
1210230 2196.4
1210240 2206.9
1210250 2206.9
1210260 2224.8
1210270 2230.3
1210280 2216.2
1210290 2216.2
1210300 2217.2
1210310 2219.2
1210320 2219.2
1210330 2222.1
1210340 2220.5
1210350 2220.5
1210360 2220.1
1210370 2211.5
1210380 2211.5
1210390 2207.8
1210400 2215.4
1210410 2215.4
1210420 2223.2
1210430 2223.0
1210440 2223.0
1210450 2223.0
1210460 2226.8
1210470 2226.8
1210480 2230.1
1210490 2228.4
1210500 2230.4
1210510 2230.4
1210520 2233.0
1210530 2233.2
1210540 2233.2
1210550 2232.6
1210560 2230.7
1210570 2230.7
1210580 2224.2
1210590 2212.2
1210600 2212.2
1210610 2204.5
1210620 2199.0
1210630 2199.0
1210640 2193.4
1210650 2189.9
1210660 2189.9
1210670 2186.9
1210680 2182.3
1210690 2182.3
1210700 2176.6
1210710 2172.6
1210720 2172.6
1210730 2168.9
1210740 2159.6
1210750 2157.3
1210760 2157.3
1210770 2155.7
1210780 2157.5
1210790 2157.5
1210800 2158.6
1210810 2153.6
1210820 2153.6
1210830 2151.0
1210840 2151.8
1210850 2151.8
1210860 2149.1
1210870 2145.2
1210880 2145.2
1210890 2139.9
1210900 2140.2
1210910 2140.2
1210920 2145.5
1210930 2146.6
1210940 2146.6
1210950 2149.5
1210960 2151.4
1210970 2148.2
1210980 2148.2
1210990 2146.4
1211000 2147.0
1211010 2147.0
1211020 2143.5
1211030 2141.2
1211040 2141.2
1211050 2140.1
1211060 2139.1
1211070 2139.1
1211080 2138.7
1211090 2138.1
1211100 2138.1
1211110 2139.1
1211120 2142.8
1211130 2142.8
1211140 2145.8
1211150 2147.0
1211160 2147.0
1211170 2147.4
1211180 2148.5
1211190 2148.5
1211200 2149.6
1211210 2148.7
1211220 2151.8
1211230 2151.8
1211240 2154.4
1211250 2156.5
1211260 2156.5
1211270 2154.7
1211280 2152.0
1211290 2152.0
1211300 2153.5
1211310 2158.0
1211320 2158.0
1211330 2162.1
1211340 2163.0
1211350 2163.0
1211360 2158.4
1211370 2149.1
1211380 2149.1
1211390 2138.7
1211400 2128.3
1211410 2128.3
1211420 2118.1
1211430 2114.2
1211440 2116.5
1211450 2116.5
1211460 2123.4
1211470 2128.8
1211480 2128.8
1211490 2134.9
1211500 2139.3
1211510 2139.3
1211520 2144.3
1211530 2147.6
1211540 2147.6
1211550 2149.2
1211560 2152.1
1211570 2152.1
1211580 2157.0
1211590 2167.5
1211600 2167.5
1211610 2175.9
1211620 2180.6
1211630 2180.6
1211640 2181.3
1211650 2180.2
1211660 2180.2
1211670 2173.5
1211680 2172.8
1211690 2170.3
1211700 2170.3
1211710 2166.6
1211720 2161.9
1211730 2161.9
1211740 2156.4
1211750 2148.8
1211760 2148.8
1211770 2141.4
1211780 2135.2
1211790 2135.2
1211800 2132.1
1211810 2129.1
1211820 2129.1
1211830 2125.4
1211840 2121.0
1211850 2121.0
1211860 2114.2
1211870 2107.4
1211880 2107.4
1211890 2102.2
1211900 2098.1
1211910 2098.1
1211920 2093.8
1211930 2088.4
1211940 2082.3
1211950 2082.3
1211960 2077.1
1211970 2072.0
1211980 2072.0
1211990 2061.9
1212000 2055.9
1212010 2055.9
1212020 2051.5
1212030 2047.5
1212040 2047.5
1212050 2043.6
1212060 2041.3
1212070 2041.3
1212080 2040.3
1212090 2039.2
1212100 2039.2
1212110 2036.6
1212120 2034.6
1212130 2034.6
1212140 2029.9
1212150 2028.1
1212160 2025.2
1212170 2025.2
1212180 2021.8
1212190 2017.2
1212200 2017.2
1212210 2011.6
1212220 2004.5
1212230 2004.5
1212240 1995.4
1212250 1987.6
1212260 1987.6
1212270 1981.3
1212280 1977.3
1212290 1977.3
1212300 1973.5
1212310 1967.5
1212320 1967.5
1212330 1959.5
1212340 1952.6
1212350 1952.6
1212360 1948.5
1212370 1945.9
1212380 1945.9
1212390 1941.5
1212400 1936.3
1212410 1932.5
1212420 1932.5
1212430 1928.6
1212440 1925.0
1212450 1925.0
1212460 1920.7
1212470 1915.8
1212480 1915.8
1212490 1910.3
1212500 1905.5
1212510 1905.5
1212520 1902.9
1212530 1900.3
1212540 1900.3
1212550 1896.8
1212560 1892.1
1212570 1892.1
1212580 1887.2
1212590 1883.3
1212600 1883.3
1212610 1878.4
1212620 1875.8
1212630 1872.6
1212640 1872.6
1212650 1868.0
1212660 1863.1
1212670 1863.1
1212680 1858.9
1212690 1854.6
1212700 1854.6
1212710 1850.3
1212720 1845.3
1212730 1845.3
1212740 1839.6
1212750 1833.7
1212760 1833.7
1212770 1829.0
1212780 1826.8
1212790 1826.8
1212800 1825.1
1212810 1822.3
1212820 1822.3
1212830 1820.4
1212840 1819.4
1212850 1819.4
1212860 1818.5
1212870 1815.5
1212880 1810.1
1212890 1810.1
1212900 1803.6
1212910 1793.2
1212920 1793.2
1212930 1787.0
1212940 1779.6
1212950 1779.6
1212960 1772.8
1212970 1765.5
1212980 1765.5
1212990 1754.7
1213000 1742.9
1213010 1742.9
1213020 1732.8
1213030 1722.9
1213040 1722.9
1213050 1716.1
1213060 1709.9
1213070 1705.2
1213080 1698.5
1213090 1689.3
1213100 1682.4
1213110 1682.4
1213120 1677.1
1213130 1672.6
1213140 1672.6
1213150 1668.3
1213160 1663.3
1213170 1663.3
1213180 1658.6
1213190 1653.3
1213200 1653.3
1213210 1647.5
1213220 1641.2
1213230 1641.2
1213240 1635.0
1213250 1627.8
1213260 1627.8
1213270 1614.5
1213280 1599.4
1213290 1599.4
1213300 1586.2
1213310 1579.2
1213320 1579.2
1213330 1566.9
1213340 1552.0
1213350 1544.7
1213360 1544.7
1213370 1538.2
1213380 1529.3
1213390 1529.3
1213400 1518.6
1213410 1508.7
1213420 1508.7
1213430 1497.7
1213440 1482.2
1213450 1482.2
1213460 1464.7
1213470 1450.4
1213480 1450.4
1213490 1436.2
1213500 1422.3
1213510 1422.3
1213520 1416.5
1213530 1409.5
1213540 1415.2
1213550 1402.6
1213560 1386.4
1213570 1373.2
1213580 1373.2
1213590 1363.5
1213600 1356.0
1213610 1356.0
1213620 1348.3
1213630 1338.7
1213640 1338.7
1213650 1328.1
1213660 1315.8
1213670 1315.8
1213680 1305.6
1213690 1297.7
1213700 1297.7
1213710 1290.2
1213720 1282.8
1213730 1282.8
1213740 1275.7
1213750 1268.3
1213760 1268.3
1213770 1261.5
1213780 1254.5
1213790 1254.5
1213800 1246.0
1213810 1236.8
1213820 1230.0
1213830 1230.0
1213840 1223.9
1213850 1216.5
1213860 1216.5
1213870 1208.0
1213880 1200.8
1213890 1200.8
1213900 1193.0
1213910 1184.5
1213920 1184.5
1213930 1176.1
1213940 1168.3
1213950 1168.3
1213960 1159.9
1213970 1153.1
1213980 1153.1
1213990 1147.2
1214000 1142.3
1214010 1146.6
1214020 1141.5
1214030 1136.7
1214040 1136.7
1214050 1131.9
1214060 1126.6
1214070 1120.8
1214080 1120.8
1214090 1114.5
1214100 1106.0
1214110 1106.0
1214120 1097.6
1214130 1091.3
1214140 1091.3
1214150 1085.3
1214160 1080.5
1214170 1080.5
1214180 1074.8
1214190 1069.3
1214200 1069.3
1214210 1066.7
1214220 1062.4
1214230 1062.4
1214240 1057.6
1214250 1052.0
1214260 1052.0
1214270 1047.4
1214280 1041.4
1214290 1037.3
1214300 1037.3
1214310 1030.7
1214320 1023.3
1214330 1023.3
1214340 1015.4
1214350 1007.9
1214360 1007.9
1214370 1000.7
1214380 993.4
1214390 993.4
1214400 986.4
1214410 980.1
1214420 980.1
1214430 974.0
1214440 969.0
1214450 969.0
1214460 965.0
1214470 961.6
1214480 964.5
1214490 960.4
1214500 954.5
1214510 954.5
1214520 949.0
1214530 947.9
1214540 947.9
1214550 947.9
1214560 947.9
1214570 948.1
1214580 948.1
1214590 948.3
1214600 948.1
1214610 948.1
1214620 948.1
1214630 949.0
1214640 949.0
1214650 950.0
1214660 948.1
1214670 948.1
1214680 947.4
1214690 947.4
1214700 947.4
1214710 948.1
1214720 950.9
1214730 950.9
1214740 951.2
1214750 950.1
1214760 950.4
1214770 950.4
1214780 950.7
1214790 951.0
1214800 951.0
1214810 951.5
1214820 952.2
1214830 952.2
1214840 952.4
1214850 952.9
1214860 952.9
1214870 953.4
1214880 954.1
1214890 954.1
1214900 955.0
1214910 955.4
1214920 955.4
1214930 955.4
1214940 955.3
1214950 955.7
1214960 955.8
1214970 956.1
1214980 956.1
1214990 956.1
1215000 955.4
1215010 955.9
1215020 955.9
1215030 958.2
1215040 959.2
1215050 959.2
1215060 960.0
1215070 960.9
1215080 960.9
1215090 961.7
1215100 962.5
1215110 962.5
1215120 963.2
1215130 963.9
1215140 963.9
1215150 964.7
1215160 965.3
1215170 965.3
1215180 966.1
1215190 967.0
1215200 967.0
1215210 968.1
1215220 968.9
1215230 969.8
1215240 969.8
1215250 970.9
1215260 972.1
1215270 972.1
1215280 973.1
1215290 973.9
1215300 973.9
1215310 974.7
1215320 975.7
1215330 975.7
1215340 976.7
1215350 978.1
1215360 978.1
1215370 979.2
1215380 980.0
1215390 980.0
1215400 980.7
1215410 981.3
1215420 980.8
1215430 981.6
1215440 982.7
1215450 982.7
1215460 983.7
1215470 984.8
1215480 986.0
1215490 986.0
1215500 987.0
1215510 987.9
1215520 987.9
1215530 988.6
1215540 989.2
1215550 989.2
1215560 989.9
1215570 991.2
1215580 991.2
1215590 993.1
1215600 993.8
1215610 993.8
1215620 994.2
1215630 994.7
1215640 994.7
1215650 995.4
1215660 996.5
1215670 996.5
1215680 997.6
1215690 998.7
1215700 998.7
1215710 999.8
1215720 1000.8
1215730 1001.7
1215740 1001.7
1215750 1002.5
1215760 1003.4
1215770 1003.4
1215780 1004.3
1215790 1005.0
1215800 1005.0
1215810 1005.8
1215820 1006.5
1215830 1006.5
1215840 1007.2
1215850 1008.1
1215860 1008.1
1215870 1008.9
1215880 1009.6
1215890 1008.9
1215900 1009.9
1215910 1010.9
1215920 1010.9
1215930 1011.8
1215940 1012.5
1215950 1013.2
1215960 1013.2
1215970 1014.1
1215980 1014.5
1215990 1014.5
1216000 1015.1
1216010 1016.0
1216020 1016.0
1216030 1016.9
1216040 1017.6
1216050 1017.6
1216060 1018.4
1216070 1019.9
1216080 1019.9
1216090 1020.8
1216100 1021.1
1216110 1021.1
1216120 1022.0
1216130 1023.0
1216140 1023.0
1216150 1023.9
1216160 1025.0
1216170 1025.0
1216180 1026.2
1216190 1027.3
1216200 1028.2
1216210 1028.2
1216220 1029.2
1216230 1030.1
1216240 1030.1
1216250 1030.9
1216260 1031.5
1216270 1031.5
1216280 1032.2
1216290 1033.2
1216300 1033.2
1216310 1036.3
1216320 1042.4
1216330 1042.4
1216340 1049.1
1216350 1056.1
1216360 1056.1
1216370 1064.2
1216380 1070.8
1216390 1070.8
1216400 1078.1
1216410 1085.9
1216420 1094.0
1216430 1094.0
1216440 1101.6
1216450 1108.5
1216460 1108.5
1216470 1114.9
1216480 1121.3
1216490 1121.3
1216500 1128.0
1216510 1134.0
1216520 1134.0
1216530 1138.8
1216540 1142.8
1216550 1142.8
1216560 1146.7
1216570 1151.2
1216580 1151.2
1216590 1155.3
1216600 1159.1
1216610 1159.1
1216620 1162.5
1216630 1164.5
1216640 1164.5
1216650 1166.2
1216660 1168.3
1216670 1170.7
1216680 1170.7
1216690 1173.7
1216700 1177.8
1216710 1177.8
1216720 1182.5
1216730 1187.3
1216740 1187.3
1216750 1193.2
1216760 1201.6
1216770 1201.6
1216780 1209.7
1216790 1218.2
1216800 1218.2
1216810 1228.8
1216820 1238.5
1216830 1238.5
1216840 1243.6
1216850 1250.9
1216860 1250.9
1216870 1259.4
1216880 1268.8
1216890 1274.7
1216900 1274.7
1216910 1282.1
1216920 1293.1
1216930 1293.1
1216940 1301.5
1216950 1306.7
1216960 1306.7
1216970 1312.0
1216980 1317.3
1216990 1317.3
1217000 1322.6
1217010 1327.3
1217020 1327.3
1217030 1332.6
1217040 1337.3
1217050 1337.3
1217060 1342.6
1217070 1354.5
1217080 1354.5
1217090 1364.6
1217100 1371.2
1217110 1371.2
1217120 1376.8
1217130 1380.7
1217140 1383.4
1217150 1383.4
1217160 1382.8
1217170 1381.0
1217180 1381.0
1217190 1381.3
1217200 1382.5
1217210 1382.5
1217220 1384.1
1217230 1386.8
1217240 1386.8
1217250 1390.5
1217260 1394.4
1217270 1394.4
1217280 1398.1
1217290 1404.0
1217300 1404.0
1217310 1400.3
1217320 1403.7
1217330 1403.7
1217340 1406.2
1217350 1408.2
1217360 1409.5
1217370 1409.5
1217380 1411.3
1217390 1412.7
1217400 1412.7
1217410 1413.0
1217420 1413.4
1217430 1413.4
1217440 1415.5
1217450 1418.1
1217460 1418.1
1217470 1420.2
1217480 1420.6
1217490 1420.6
1217500 1422.3
1217510 1424.5
1217520 1424.5
1217530 1425.2
1217540 1424.0
1217550 1424.0
1217560 1421.8
1217570 1418.2
1217580 1418.2
1217590 1417.1
1217600 1417.0
1217610 1416.5
1217620 1416.5
1217630 1417.5
1217640 1414.8
1217650 1414.8
1217660 1409.9
1217670 1406.0
1217680 1406.0
1217690 1405.7
1217700 1407.9
1217710 1407.9
1217720 1414.6
1217730 1425.6
1217740 1425.6
1217750 1442.6
1217760 1452.6
1217770 1452.6
1217780 1452.9
1217790 1472.5
1217800 1472.5
1217810 1467.8
1217820 1466.3
1217830 1466.3
1217840 1470.0
1217850 1475.9
1217860 1482.4
1217870 1482.4
1217880 1489.9
1217890 1497.9
1217900 1497.9
1217910 1505.9
1217920 1515.3
1217930 1515.3
1217940 1523.3
1217950 1532.1
1217960 1532.1
1217970 1540.9
1217980 1550.2
1217990 1550.2
1218000 1560.7
1218010 1571.4
1218020 1571.4
1218030 1580.6
1218040 1588.2
1218050 1588.2
1218060 1594.4
1218070 1599.5
1218080 1602.4
1218090 1602.4
1218100 1603.1
1218110 1604.4
1218120 1604.4
1218130 1606.2
1218140 1608.9
1218150 1608.9
1218160 1612.3
1218170 1616.1
1218180 1616.1
1218190 1619.0
1218200 1620.0
1218210 1620.0
1218220 1619.1
1218230 1617.3
1218240 1617.3
1218250 1615.0
1218260 1616.0
1218270 1607.8
1218280 1612.5
1218290 1621.4
1218300 1621.4
1218310 1633.3
1218320 1640.2
1218330 1642.6
1218340 1642.6
1218350 1644.1
1218360 1643.4
1218370 1643.4
1218380 1640.8
1218390 1642.8
1218400 1642.8
1218410 1641.8
1218420 1642.4
1218430 1642.4
1218440 1646.6
1218450 1651.9
1218460 1651.9
1218470 1655.9
1218480 1659.1
1218490 1659.1
1218500 1662.6
1218510 1666.1
1218520 1666.1
1218530 1666.6
1218540 1665.6
1218550 1671.0
1218560 1671.0
1218570 1678.4
1218580 1684.5
1218590 1684.5
1218600 1689.5
1218610 1695.6
1218620 1695.6
1218630 1703.0
1218640 1711.2
1218650 1711.2
1218660 1718.5
1218670 1725.8
1218680 1725.8
1218690 1733.6
1218700 1741.2
1218710 1741.2
1218720 1749.4
1218730 1756.8
1218740 1748.1
1218750 1753.9
1218760 1758.0
1218770 1758.0
1218780 1758.4
1218790 1758.0
1218800 1758.4
1218810 1758.4
1218820 1761.9
1218830 1766.0
1218840 1766.0
1218850 1771.0
1218860 1774.9
1218870 1774.9
1218880 1777.5
1218890 1778.1
1218900 1778.1
1218910 1777.0
1218920 1776.1
1218930 1776.1
1218940 1776.1
1218950 1778.3
1218960 1778.3
1218970 1781.1
1218980 1785.3
1218990 1785.3
1219000 1790.4
1219010 1795.8
1219020 1801.8
1219030 1801.8
1219040 1808.9
1219050 1816.4
1219060 1816.4
1219070 1823.3
1219080 1825.5
1219090 1825.5
1219100 1825.9
1219110 1828.3
1219120 1828.3
1219130 1829.9
1219140 1825.4
1219150 1825.4
1219160 1829.7
1219170 1836.0
1219180 1836.0
1219190 1840.4
1219200 1843.3
1219210 1843.3
1219220 1842.9
1219230 1846.9
1219240 1846.9
1219250 1851.7
1219260 1850.3
1219270 1855.1
1219280 1855.1
1219290 1865.2
1219300 1870.8
1219310 1870.8
1219320 1873.7
1219330 1878.9
1219340 1878.9
1219350 1885.7
1219360 1892.0
1219370 1892.0
1219380 1898.5
1219390 1904.6
1219400 1904.6
1219410 1907.9
1219420 1909.3
1219430 1909.3
1219440 1914.6
1219450 1917.2
1219460 1917.2
1219470 1919.0
1219480 1923.0
1219490 1927.8
1219500 1927.8
1219510 1931.3
1219520 1935.5
1219530 1935.5
1219540 1940.4
1219550 1946.0
1219560 1946.0
1219570 1949.8
1219580 1953.0
1219590 1953.0
1219600 1956.3
1219610 1957.8
1219620 1957.8
1219630 1958.5
1219640 1960.0
1219650 1960.0
1219660 1964.0
1219670 1965.7
1219680 1965.7
1219690 1967.1
1219700 1958.3
1219710 1958.3
1219720 1961.0
1219730 1958.5
1219740 1953.6
1219750 1953.6
1219760 1949.5
1219770 1947.3
1219780 1947.3
1219790 1947.3
1219800 1948.6
1219810 1948.6
1219820 1950.1
1219830 1950.1
1219840 1950.1
1219850 1950.4
1219860 1951.4
1219870 1951.4
1219880 1952.6
1219890 1954.6
1219900 1954.6
1219910 1956.9
1219920 1958.5
1219930 1958.5
1219940 1962.3
1219950 1968.0
1219960 1968.0
1219970 1973.6
1219980 1977.1
1219990 1983.6
