1200000 1989.6
1200010 1994.5
1200020 1997.5
1200030 1999.8
1200040 1999.8
1200050 2001.9
1200060 2004.7
1200070 2004.7
1200080 2009.7
1200090 2015.2
1200100 2015.2
1200110 2020.6
1200120 2025.0
1200130 2025.0
1200140 2029.2
1200150 2033.5
1200160 2033.5
1200170 2038.5
1200180 2043.8
1200190 2043.8
1200200 2048.6
1200210 2053.3
1200220 2053.3
1200230 2054.5
1200240 2056.0
1200250 2058.1
1200260 2058.1
1200270 2059.3
1200280 2060.5
1200290 2060.5
1200300 2062.5
1200310 2064.5
1200320 2064.5
1200330 2066.9
1200340 2070.0
1200350 2070.0
1200360 2075.8
1200370 2083.2
1200380 2083.2
1200390 2088.7
1200400 2091.7
1200410 2091.7
1200420 2093.9
1200430 2096.2
1200440 2096.2
1200450 2097.7
1200460 2098.5
1200470 2098.5
1200480 2099.3
1200490 2100.5
1200500 2102.8
1200510 2102.8
1200520 2106.0
1200530 2110.0
1200540 2110.0
1200550 2114.1
1200560 2118.0
1200570 2118.0
1200580 2122.0
1200590 2126.4
1200600 2126.4
1200610 2132.0
1200620 2138.1
1200630 2138.1
1200640 2143.5
1200650 2147.7
1200660 2146.4
1200670 2151.2
1200680 2155.2
1200690 2155.2
1200700 2158.7
1200710 2164.1
1200720 2164.1
1200730 2170.8
1200740 2177.6
1200750 2183.4
1200760 2183.4
1200770 2189.3
1200780 2195.9
1200790 2195.9
1200800 2202.1
1200810 2207.7
1200820 2207.7
1200830 2213.0
1200840 2218.3
1200850 2218.3
1200860 2223.2
1200870 2228.1
1200880 2228.1
1200890 2232.9
1200900 2237.4
1200910 2237.4
1200920 2241.2
1200930 2244.3
1200940 2244.3
1200950 2247.2
1200960 2251.4
1200970 2256.4
1200980 2256.4
1200990 2260.4
1201000 2263.7
1201010 2263.7
1201020 2267.5
1201030 2272.7
1201040 2272.7
1201050 2277.8
1201060 2282.0
1201070 2282.0
1201080 2286.0
1201090 2290.4
1201100 2290.4
1201110 2292.4
1201120 2297.3
1201130 2297.3
1201140 2302.3
1201150 2307.1
1201160 2307.1
1201170 2312.4
1201180 2317.3
1201190 2317.3
1201200 2321.3
1201210 2324.2
1201220 2327.1
1201230 2327.1
1201240 2329.8
1201250 2333.3
1201260 2333.3
1201270 2337.8
1201280 2341.6
1201290 2341.6
1201300 2345.3
1201310 2348.5
1201320 2348.5
1201330 2350.4
1201340 2352.5
1201350 2352.5
1201360 2355.8
1201370 2360.0
1201380 2360.0
1201390 2364.0
1201400 2367.4
1201410 2367.4
1201420 2369.9
1201430 2371.9
1201440 2374.3
1201450 2374.3
1201460 2379.1
1201470 2387.4
1201480 2387.4
1201490 2396.1
1201500 2399.8
1201510 2399.8
1201520 2400.8
1201530 2401.6
1201540 2401.6
1201550 2402.7
1201560 2407.0
1201570 2407.0
1201580 2408.1
1201590 2409.6
1201600 2409.6
1201610 2410.9
1201620 2412.2
1201630 2412.2
1201640 2416.1
1201650 2422.7
1201660 2422.7
1201670 2428.6
1201680 2431.2
1201690 2427.8
1201700 2427.8
1201710 2422.9
1201720 2421.9
1201730 2421.9
1201740 2423.9
1201750 2424.9
1201760 2424.9
1201770 2423.4
1201780 2416.7
1201790 2416.7
1201800 2399.1
1201810 2380.4
1201820 2380.4
1201830 2370.6
1201840 2360.4
1201850 2360.4
1201860 2350.6
1201870 2342.2
1201880 2342.2
1201890 2334.9
1201900 2327.5
1201910 2320.3
1201920 2320.3
1201930 2313.0
1201940 2305.5
1201950 2305.5
1201960 2297.8
1201970 2290.4
1201980 2290.4
1201990 2282.6
1202000 2275.4
1202010 2275.4
1202020 2268.1
1202030 2260.9
1202040 2260.9
1202050 2253.7
1202060 2247.4
1202070 2247.4
1202080 2241.3
1202090 2235.3
1202100 2235.3
1202110 2229.8
1202120 2225.7
1202130 2225.7
1202140 2223.4
1202150 2221.6
1202160 2220.0
1202170 2220.0
1202180 2219.4
1202190 2218.0
1202200 2218.0
1202210 2218.7
1202220 2222.5
1202230 2222.5
1202240 2226.4
1202250 2229.7
1202260 2229.7
1202270 2231.5
1202280 2233.6
1202290 2233.6
1202300 2236.9
1202310 2240.1
1202320 2240.1
1202330 2243.7
1202340 2246.4
1202350 2246.4
1202360 2245.3
1202370 2240.8
1202380 2240.8
1202390 2236.8
1202400 2235.4
1202410 2234.4
1202420 2234.4
1202430 2231.6
1202440 2226.7
1202450 2229.8
1202460 2224.2
1202470 2215.0
1202480 2215.0
1202490 2202.1
1202500 2196.3
1202510 2196.3
1202520 2192.8
1202530 2188.5
1202540 2188.5
1202550 2184.0
1202560 2180.7
1202570 2180.7
1202580 2178.3
1202590 2174.3
1202600 2174.3
1202610 2159.7
1202620 2143.7
1202630 2131.2
1202640 2131.2
1202650 2121.2
1202660 2113.9
1202670 2113.9
1202680 2107.1
1202690 2104.8
1202700 2104.8
1202710 2099.8
1202720 2094.9
1202730 2094.9
1202740 2090.9
1202750 2087.1
1202760 2087.1
1202770 2083.7
1202780 2081.3
1202790 2081.3
1202800 2080.0
1202810 2078.5
1202820 2078.5
1202830 2076.0
1202840 2073.2
1202850 2073.2
1202860 2071.5
1202870 2072.0
1202880 2072.3
1202890 2072.3
1202900 2073.8
1202910 2080.3
1202920 2080.3
1202930 2080.3
1202940 2078.9
1202950 2078.9
1202960 2077.0
1202970 2075.7
1202980 2075.7
1202990 2073.8
1203000 2072.5
1203010 2072.5
1203020 2073.0
1203030 2073.3
1203040 2073.3
1203050 2074.3
1203060 2075.7
1203070 2075.7
1203080 2077.3
1203090 2078.5
1203100 2079.5
1203110 2079.5
1203120 2080.6
1203130 2082.5
1203140 2082.5
1203150 2085.8
1203160 2089.4
1203170 2089.4
1203180 2089.8
1203190 2089.8
1203200 2089.8
1203210 2091.3
1203220 2093.4
1203230 2093.4
1203240 2095.6
1203250 2097.0
1203260 2097.0
1203270 2098.6
1203280 2100.5
1203290 2100.5
1203300 2103.1
1203310 2107.1
1203320 2107.1
1203330 2110.5
1203340 2113.2
1203350 2115.6
1203360 2116.8
1203370 2119.9
1203380 2121.1
1203390 2121.1
1203400 2121.7
1203410 2122.8
1203420 2122.8
1203430 2124.1
1203440 2126.5
1203450 2126.5
1203460 2129.8
1203470 2132.7
1203480 2132.7
1203490 2135.5
1203500 2137.7
1203510 2137.7
1203520 2139.5
1203530 2142.5
1203540 2142.5
1203550 2146.0
1203560 2148.9
1203570 2152.2
1203580 2152.2
1203590 2156.7
1203600 2161.4
1203610 2161.4
1203620 2165.9
1203630 2170.7
1203640 2170.7
1203650 2175.6
1203660 2180.9
1203670 2180.9
1203680 2186.9
1203690 2193.2
1203700 2193.2
1203710 2199.9
1203720 2206.7
1203730 2206.7
1203740 2213.3
1203750 2219.1
1203760 2219.1
1203770 2222.7
1203780 2224.5
1203790 2224.5
1203800 2225.8
1203810 2224.5
1203820 2225.0
1203830 2225.0
1203840 2226.9
1203850 2229.1
1203860 2229.1
1203870 2229.1
1203880 2227.3
1203890 2227.3
1203900 2226.7
1203910 2226.3
1203920 2226.3
1203930 2227.2
1203940 2228.2
1203950 2228.2
1203960 2229.1
1203970 2230.2
1203980 2230.2
1203990 2231.7
1204000 2233.3
1204010 2233.3
1204020 2235.1
1204030 2237.2
1204040 2237.2
1204050 2240.2
1204060 2244.2
1204070 2247.2
1204080 2247.2
1204090 2249.9
1204100 2251.7
1204110 2251.7
1204120 2254.3
1204130 2256.3
1204140 2256.3
1204150 2258.4
1204160 2260.9
1204170 2260.9
1204180 2263.3
1204190 2266.0
1204200 2266.0
1204210 2268.8
1204220 2271.7
1204230 2271.7
1204240 2273.9
1204250 2276.3
1204260 2279.3
1204270 2282.0
1204280 2284.5
1204290 2286.5
1204300 2286.5
1204310 2288.6
1204320 2291.0
1204330 2291.0
1204340 2294.2
1204350 2297.3
1204360 2297.3
1204370 2300.6
1204380 2304.3
1204390 2304.3
1204400 2307.5
1204410 2309.4
1204420 2309.4
1204430 2311.8
1204440 2315.9
1204450 2315.9
1204460 2320.6
1204470 2325.1
1204480 2325.1
1204490 2329.9
1204500 2334.4
1204510 2334.4
1204520 2337.7
1204530 2341.3
1204540 2347.5
1204550 2347.5
1204560 2352.9
1204570 2354.2
1204580 2354.2
1204590 2354.8
1204600 2356.2
1204610 2356.2
1204620 2357.6
1204630 2359.1
1204640 2359.1
1204650 2362.2
1204660 2365.5
1204670 2365.5
1204680 2368.9
1204690 2371.6
1204700 2371.6
1204710 2374.5
1204720 2377.0
1204730 2377.0
1204740 2379.9
1204750 2380.8
1204760 2380.8
1204770 2380.8
1204780 2380.9
1204790 2385.2
1204800 2385.2
1204810 2398.4
1204820 2408.6
1204830 2408.6
1204840 2418.1
1204850 2430.1
1204860 2430.1
1204870 2439.6
1204880 2442.5
1204890 2442.5
1204900 2444.4
1204910 2447.6
1204920 2447.6
1204930 2449.4
1204940 2449.6
1204950 2449.6
1204960 2451.7
1204970 2456.8
1204980 2456.8
1204990 2464.8
1205000 2472.4
1205010 2479.9
1205020 2479.9
1205030 2488.6
1205040 2498.2
1205050 2498.2
1205060 2508.4
1205070 2522.6
1205080 2522.6
1205090 2534.1
1205100 2542.4
1205110 2542.4
1205120 2544.9
1205130 2541.0
1205140 2541.0
1205150 2535.6
1205160 2531.0
1205170 2544.8
1205180 2549.8
1205190 2553.2
1205200 2553.2
1205210 2544.6
1205220 2534.5
1205230 2538.8
1205240 2538.8
1205250 2542.8
1205260 2542.8
1205270 2542.8
1205280 2546.3
1205290 2550.2
1205300 2550.2
1205310 2554.1
1205320 2558.2
1205330 2558.2
1205340 2562.6
1205350 2567.5
1205360 2567.5
1205370 2572.7
1205380 2578.2
1205390 2578.2
1205400 2583.8
1205410 2589.5
1205420 2589.5
1205430 2595.3
1205440 2601.3
1205450 2601.3
1205460 2607.1
1205470 2612.9
1205480 2618.5
1205490 2618.5
1205500 2624.3
1205510 2630.4
1205520 2630.4
1205530 2640.3
1205540 2650.3
1205550 2650.3
1205560 2658.5
1205570 2667.4
1205580 2667.4
1205590 2676.0
1205600 2684.8
1205610 2684.8
1205620 2692.0
1205630 2700.5
1205640 2700.5
1205650 2709.0
1205660 2717.3
1205670 2717.3
1205680 2725.9
1205690 2733.1
1205700 2739.1
1205710 2739.1
1205720 2741.2
1205730 2736.2
1205740 2736.2
1205750 2730.0
1205760 2724.0
1205770 2724.0
1205780 2719.6
1205790 2715.1
1205800 2715.1
1205810 2709.2
1205820 2702.8
1205830 2702.8
1205840 2697.7
1205850 2693.0
1205860 2693.0
1205870 2688.3
1205880 2684.6
1205890 2684.6
1205900 2681.3
1205910 2678.5
1205920 2678.5
1205930 2676.1
1205940 2673.8
1205950 2672.4
1205960 2672.4
1205970 2672.0
1205980 2671.9
1205990 2671.9
1206000 2668.6
1206010 2663.8
1206020 2663.8
1206030 2658.1
1206040 2652.2
1206050 2652.2
1206060 2650.3
1206070 2651.1
1206080 2655.9
1206090 2655.1
1206100 2654.5
1206110 2654.5
1206120 2654.3
1206130 2655.3
1206140 2655.3
1206150 2654.2
1206160 2652.3
1206170 2652.3
1206180 2651.1
1206190 2649.3
1206200 2648.7
1206210 2648.7
1206220 2645.1
1206230 2642.0
1206240 2642.0
1206250 2637.9
1206260 2633.0
1206270 2633.0
1206280 2626.8
1206290 2621.2
1206300 2621.2
1206310 2615.9
1206320 2610.3
1206330 2610.3
1206340 2604.5
1206350 2601.0
1206360 2601.0
1206370 2598.3
1206380 2597.2
1206390 2597.2
1206400 2596.5
1206410 2596.8
1206420 2597.9
1206430 2597.9
1206440 2597.1
1206450 2593.0
1206460 2593.0
1206470 2591.8
1206480 2593.3
1206490 2593.3
1206500 2596.4
1206510 2601.6
1206520 2601.6
1206530 2605.9
1206540 2613.7
1206550 2613.7
1206560 2615.5
1206570 2619.4
1206580 2619.4
1206590 2623.2
1206600 2625.6
1206610 2625.6
1206620 2627.5
1206630 2631.9
1206640 2631.9
1206650 2637.5
1206660 2643.2
1206670 2647.4
1206680 2647.4
1206690 2649.3
1206700 2650.4
1206710 2650.4
1206720 2653.6
1206730 2657.6
1206740 2657.6
1206750 2662.0
1206760 2666.3
1206770 2666.3
1206780 2671.0
1206790 2676.8
1206800 2676.8
1206810 2682.6
1206820 2687.0
1206830 2687.0
1206840 2690.5
1206850 2692.8
1206860 2692.8
1206870 2694.8
1206880 2697.1
1206890 2689.6
1206900 2689.6
1206910 2675.6
1206920 2666.9
1206930 2666.9
1206940 2661.5
1206950 2660.1
1206960 2660.1
1206970 2655.8
1206980 2651.5
1206990 2666.7
1207000 2666.2
1207010 2662.6
1207020 2662.6
1207030 2661.8
1207040 2662.0
1207050 2662.0
1207060 2664.2
1207070 2663.9
1207080 2663.9
1207090 2661.2
1207100 2659.9
1207110 2659.9
1207120 2658.3
1207130 2657.1
1207140 2657.4
1207150 2657.4
1207160 2661.6
1207170 2667.7
1207180 2667.7
1207190 2673.7
1207200 2675.9
1207210 2675.9
1207220 2667.6
1207230 2661.1
1207240 2661.1
1207250 2656.1
1207260 2654.6
1207270 2654.6
1207280 2655.2
1207290 2652.9
1207300 2652.9
1207310 2649.9
1207320 2655.2
1207330 2655.2
1207340 2660.9
1207350 2664.9
1207360 2666.9
1207370 2666.9
1207380 2667.5
1207390 2666.2
1207400 2666.2
1207410 2655.9
1207420 2645.6
1207430 2645.6
1207440 2649.7
1207450 2665.1
1207460 2665.1
1207470 2669.7
1207480 2667.5
1207490 2667.5
1207500 2667.5
1207510 2667.8
1207520 2667.8
1207530 2666.9
1207540 2664.9
1207550 2664.9
1207560 2664.0
1207570 2666.8
1207580 2666.8
1207590 2668.7
1207600 2671.8
1207610 2676.2
1207620 2676.2
1207630 2681.2
1207640 2684.9
1207650 2684.9
1207660 2683.1
1207670 2677.5
1207680 2677.5
1207690 2671.7
1207700 2666.1
1207710 2666.1
1207720 2660.5
1207730 2654.2
1207740 2654.2
1207750 2647.7
1207760 2641.1
1207770 2641.1
1207780 2634.5
1207790 2624.1
1207800 2624.1
1207810 2607.5
1207820 2597.1
1207830 2597.1
1207840 2589.9
1207850 2584.3
1207860 2578.3
1207870 2578.3
1207880 2570.9
1207890 2565.8
1207900 2565.8
1207910 2554.6
1207920 2550.8
1207930 2550.8
1207940 2547.4
1207950 2543.4
1207960 2543.4
1207970 2538.4
1207980 2534.2
1207990 2534.2
1208000 2531.6
1208010 2528.5
1208020 2528.5
1208030 2525.9
1208040 2522.2
1208050 2522.2
1208060 2517.9
1208070 2513.4
1208080 2510.0
1208090 2510.0
1208100 2506.6
1208110 2502.4
1208120 2502.4
1208130 2498.5
1208140 2495.6
1208150 2495.6
1208160 2493.0
1208170 2490.2
1208180 2490.2
1208190 2488.3
1208200 2486.9
1208210 2486.9
1208220 2485.0
1208230 2483.0
1208240 2483.0
1208250 2480.4
1208260 2477.4
1208270 2477.4
1208280 2474.3
1208290 2468.8
1208300 2468.8
1208310 2463.2
1208320 2457.5
1208330 2452.9
1208340 2452.9
1208350 2448.6
1208360 2443.3
1208370 2440.7
1208380 2435.5
1208390 2429.3
1208400 2429.3
1208410 2420.4
1208420 2412.8
1208430 2412.8
1208440 2409.0
1208450 2406.7
1208460 2406.7
1208470 2406.0
1208480 2406.4
1208490 2406.4
1208500 2407.0
1208510 2407.1
1208520 2407.1
1208530 2407.2
1208540 2407.8
1208550 2408.1
1208560 2408.1
1208570 2408.6
1208580 2410.0
1208590 2410.0
1208600 2412.1
1208610 2414.2
1208620 2414.2
1208630 2418.4
1208640 2422.7
1208650 2422.7
1208660 2426.9
1208670 2431.1
1208680 2431.1
1208690 2433.7
1208700 2434.4
1208710 2434.4
1208720 2435.4
1208730 2437.0
1208740 2437.0
1208750 2437.8
1208760 2437.0
1208770 2437.0
1208780 2435.4
1208790 2433.1
1208800 2430.2
1208810 2430.2
1208820 2428.0
1208830 2420.0
1208840 2420.0
1208850 2420.3
1208860 2421.0
1208870 2421.0
1208880 2420.8
1208890 2417.3
1208900 2417.3
1208910 2412.9
1208920 2407.5
1208930 2407.5
1208940 2400.0
1208950 2395.0
1208960 2395.0
1208970 2389.9
1208980 2381.4
1208990 2381.4
1209000 2373.6
1209010 2367.1
1209020 2362.8
1209030 2362.8
1209040 2357.1
1209050 2349.9
1209060 2349.9
1209070 2341.3
1209080 2331.7
1209090 2331.7
1209100 2322.4
1209110 2314.5
1209120 2314.5
1209130 2307.3
1209140 2300.0
1209150 2300.0
1209160 2294.3
1209170 2290.6
1209180 2290.6
1209190 2286.8
1209200 2286.1
1209210 2286.1
1209220 2289.9
1209230 2287.2
1209240 2287.2
1209250 2288.5
1209260 2284.3
1209270 2276.1
1209280 2276.1
1209290 2261.9
1209300 2256.2
1209310 2256.2
1209320 2259.7
1209330 2262.8
1209340 2262.8
1209350 2262.3
1209360 2261.0
1209370 2261.0
1209380 2253.1
1209390 2245.0
1209400 2245.0
1209410 2246.4
1209420 2254.2
1209430 2254.2
1209440 2257.7
1209450 2259.5
1209460 2259.5
1209470 2260.7
1209480 2262.5
1209490 2258.8
1209500 2258.8
1209510 2254.4
1209520 2251.2
1209530 2251.2
1209540 2244.8
1209550 2238.1
1209560 2238.1
1209570 2233.5
1209580 2226.8
1209590 2226.8
1209600 2216.1
1209610 2207.9
1209620 2207.9
1209630 2203.3
1209640 2197.9
1209650 2197.9
1209660 2192.0
1209670 2190.4
1209680 2190.4
1209690 2193.0
1209700 2197.2
1209710 2197.2
1209720 2194.6
1209730 2189.1
1209740 2183.7
1209750 2169.1
1209760 2163.9
1209770 2157.5
1209780 2157.5
1209790 2153.6
1209800 2149.3
1209810 2149.3
1209820 2145.1
1209830 2138.8
1209840 2138.8
1209850 2137.8
1209860 2137.5
1209870 2137.5
1209880 2136.1
1209890 2135.7
1209900 2135.7
1209910 2133.2
1209920 2127.7
1209930 2127.7
1209940 2127.3
1209950 2125.7
1209960 2125.7
1209970 2124.8
1209980 2122.0
1209990 2120.2
1210000 2120.2
1210010 2125.7
1210020 2132.0
1210030 2132.0
1210040 2130.9
1210050 2136.6
1210060 2136.6
1210070 2135.7
1210080 2136.2
1210090 2136.2
1210100 2135.3
1210110 2136.4
1210120 2136.4
1210130 2136.7
1210140 2136.8
1210150 2136.8
1210160 2137.7
1210170 2139.6
1210180 2139.6
1210190 2143.1
1210200 2145.3
1210210 2137.1
1210220 2137.1
1210230 2134.0
1210240 2132.1
1210250 2132.1
1210260 2130.5
1210270 2128.1
1210280 2128.1
1210290 2122.2
1210300 2117.1
1210310 2117.1
1210320 2116.6
1210330 2122.4
1210340 2122.4
1210350 2129.8
1210360 2134.6
1210370 2134.6
1210380 2136.1
1210390 2135.7
1210400 2135.7
1210410 2131.9
1210420 2128.5
1210430 2128.5
1210440 2135.7
1210450 2143.8
1210460 2146.3
1210470 2146.3
1210480 2157.1
1210490 2167.6
1210500 2167.6
1210510 2173.0
1210520 2176.5
1210530 2176.5
1210540 2181.0
1210550 2182.8
1210560 2182.8
1210570 2181.8
1210580 2180.3
1210590 2180.3
1210600 2175.7
1210610 2168.9
1210620 2168.9
1210630 2162.1
1210640 2157.0
1210650 2157.0
1210660 2151.8
1210670 2145.7
1210680 2136.4
1210690 2136.4
1210700 2129.1
1210710 2119.7
1210720 2119.7
1210730 2109.6
1210740 2103.1
1210750 2103.1
1210760 2098.6
1210770 2094.1
1210780 2094.1
1210790 2091.9
1210800 2093.3
1210810 2093.3
1210820 2095.3
1210830 2092.7
1210840 2092.7
1210850 2088.7
1210860 2085.8
1210870 2085.8
1210880 2084.4
1210890 2078.7
1210900 2078.7
1210910 2079.6
1210920 2085.5
1210930 2090.7
1210940 2090.7
1210950 2092.6
1210960 2086.4
1210970 2086.4
1210980 2082.7
1210990 2082.5
1211000 2082.5
1211010 2083.0
1211020 2085.0
1211030 2085.0
1211040 2087.5
1211050 2090.9
1211060 2090.9
1211070 2094.3
1211080 2096.0
1211090 2096.0
1211100 2097.1
1211110 2097.9
1211120 2097.9
1211130 2098.4
1211140 2093.8
1211150 2093.2
1211160 2093.2
1211170 2094.2
1211180 2094.6
1211190 2094.6
1211200 2095.4
1211210 2097.8
1211220 2097.8
1211230 2100.8
1211240 2104.2
1211250 2104.2
1211260 2106.9
1211270 2109.3
1211280 2109.3
1211290 2113.0
1211300 2118.2
1211310 2118.2
1211320 2120.8
1211330 2116.7
1211340 2116.7
1211350 2108.4
1211360 2098.6
1211370 2098.6
1211380 2091.0
1211390 2085.1
1211400 2075.6
1211410 2075.6
1211420 2066.4
1211430 2058.4
1211440 2058.4
1211450 2049.1
1211460 2048.3
1211470 2048.3
1211480 2051.3
1211490 2056.3
1211500 2056.3
1211510 2063.4
1211520 2070.6
1211530 2070.6
1211540 2076.8
1211550 2083.1
1211560 2083.1
1211570 2088.9
1211580 2095.2
1211590 2095.2
1211600 2102.4
1211610 2100.2
1211620 2103.8
1211630 2103.8
1211640 2106.5
1211650 2109.2
1211660 2109.2
1211670 2109.8
1211680 2108.0
1211690 2108.0
1211700 2106.7
1211710 2104.8
1211720 2104.8
1211730 2101.8
1211740 2099.7
1211750 2099.7
1211760 2096.8
1211770 2089.9
1211780 2089.9
1211790 2080.5
1211800 2071.7
1211810 2071.7
1211820 2063.9
1211830 2058.1
1211840 2058.1
1211850 2051.9
1211860 2043.7
1211870 2032.4
1211880 2032.4
1211890 2022.5
1211900 2015.5
1211910 2015.5
1211920 2025.8
1211930 2028.0
1211940 2028.0
1211950 2022.4
1211960 2018.2
1211970 2018.2
1211980 2013.7
1211990 2008.6
1212000 2008.6
1212010 2004.0
1212020 2001.7
1212030 2001.7
1212040 2001.3
1212050 2000.4
1212060 2000.4
1212070 1985.2
1212080 1982.6
1212090 1982.6
1212100 1978.8
1212110 1975.6
1212120 1972.4
1212130 1972.4
1212140 1969.3
1212150 1966.5
1212160 1966.5
1212170 1962.7
1212180 1956.5
1212190 1956.5
1212200 1951.7
1212210 1947.4
1212220 1947.4
1212230 1943.2
1212240 1938.0
1212250 1938.0
1212260 1933.8
1212270 1929.6
1212280 1929.6
1212290 1925.1
1212300 1920.0
1212310 1920.0
1212320 1915.0
1212330 1910.7
1212340 1906.3
1212350 1906.3
1212360 1902.1
1212370 1897.9
1212380 1897.9
1212390 1894.0
1212400 1890.5
1212410 1890.5
1212420 1886.9
1212430 1883.0
1212440 1883.0
1212450 1879.3
1212460 1875.1
1212470 1875.1
1212480 1872.1
1212490 1869.8
1212500 1869.8
1212510 1867.6
1212520 1864.9
1212530 1864.9
1212540 1854.8
1212550 1850.7
1212560 1850.7
1212570 1845.6
1212580 1837.7
1212590 1829.5
1212600 1829.5
1212610 1817.7
1212620 1802.7
1212630 1802.7
1212640 1788.2
1212650 1780.7
1212660 1780.7
1212670 1773.2
1212680 1768.3
1212690 1768.3
1212700 1761.0
1212710 1755.4
1212720 1755.4
1212730 1752.9
1212740 1751.0
1212750 1751.0
1212760 1751.2
1212770 1751.6
1212780 1751.6
1212790 1748.3
1212800 1746.0
1212810 1752.3
1212820 1752.3
1212830 1754.5
1212840 1751.0
1212850 1751.0
1212860 1744.3
1212870 1737.7
1212880 1737.7
1212890 1732.8
1212900 1729.9
1212910 1729.9
1212920 1731.5
1212930 1733.5
1212940 1733.5
1212950 1733.8
1212960 1730.1
1212970 1730.1
1212980 1723.4
1212990 1716.0
1213000 1716.0
1213010 1706.4
1213020 1699.3
1213030 1699.3
1213040 1692.7
1213050 1686.1
1213060 1678.9
1213070 1678.9
1213080 1671.4
1213090 1665.1
1213100 1665.1
1213110 1659.3
1213120 1653.7
1213130 1653.7
1213140 1648.5
1213150 1643.7
1213160 1643.7
1213170 1639.4
1213180 1635.5
1213190 1635.5
1213200 1631.7
1213210 1627.7
1213220 1627.7
1213230 1624.8
1213240 1621.8
1213250 1621.8
1213260 1617.1
1213270 1611.0
1213280 1602.9
1213290 1602.9
1213300 1595.9
1213310 1589.8
1213320 1589.8
1213330 1583.6
1213340 1571.7
1213350 1571.7
1213360 1560.5
1213370 1551.3
1213380 1551.3
1213390 1542.9
1213400 1535.8
1213410 1535.8
1213420 1529.4
1213430 1522.9
1213440 1522.9
1213450 1515.6
1213460 1507.6
1213470 1512.3
1213480 1504.2
1213490 1491.6
1213500 1491.6
1213510 1479.4
1213520 1468.3
1213530 1457.4
1213540 1457.4
1213550 1443.4
1213560 1430.8
1213570 1430.8
1213580 1416.5
1213590 1402.9
1213600 1402.9
1213610 1390.0
1213620 1376.4
1213630 1376.4
1213640 1365.7
1213650 1357.8
1213660 1357.8
1213670 1350.0
1213680 1341.5
1213690 1341.5
1213700 1331.6
1213710 1321.6
1213720 1321.6
1213730 1313.1
1213740 1305.3
1213750 1305.3
1213760 1297.4
1213770 1289.9
1213780 1282.9
1213790 1282.9
1213800 1276.0
1213810 1269.6
1213820 1269.6
1213830 1263.6
1213840 1257.7
1213850 1257.7
1213860 1251.3
1213870 1242.8
1213880 1242.8
1213890 1233.0
1213900 1225.2
1213910 1225.2
1213920 1219.4
1213930 1213.3
1213940 1217.8
1213950 1210.1
1213960 1202.5
1213970 1202.5
1213980 1195.2
1213990 1187.8
1214000 1180.2
1214010 1180.2
1214020 1172.4
1214030 1164.7
1214040 1164.7
1214050 1157.5
1214060 1151.5
1214070 1151.5
1214080 1145.2
1214090 1138.1
1214100 1138.1
1214110 1131.0
1214120 1120.9
1214130 1120.9
1214140 1106.9
1214150 1096.8
1214160 1096.8
1214170 1087.7
1214180 1079.5
1214190 1079.5
1214200 1074.8
1214210 1069.8
1214220 1069.8
1214230 1064.2
1214240 1060.6
1214250 1057.3
1214260 1057.3
1214270 1051.6
1214280 1044.5
1214290 1044.5
1214300 1036.0
1214310 1029.5
1214320 1029.5
1214330 1021.2
1214340 1012.4
1214350 1012.4
1214360 1004.8
1214370 997.5
1214380 997.5
1214390 990.8
1214400 983.3
1214410 981.7
1214420 975.6
1214430 968.7
1214440 968.7
1214450 961.9
1214460 955.0
1214470 951.0
1214480 951.0
1214490 949.1
1214500 948.8
1214510 948.8
1214520 948.7
1214530 948.8
1214540 948.8
1214550 949.1
1214560 949.2
1214570 949.2
1214580 949.3
1214590 949.2
1214600 949.2
1214610 949.2
1214620 949.6
1214630 949.6
1214640 949.8
1214650 950.7
1214660 950.7
1214670 950.8
1214680 949.3
1214690 949.3
1214700 948.7
1214710 948.7
1214720 948.8
1214730 948.8
1214740 950.1
1214750 951.3
1214760 951.3
1214770 951.3
1214780 951.3
1214790 951.3
1214800 951.5
1214810 951.6
1214820 951.6
1214830 951.6
1214840 951.7
1214850 951.7
1214860 951.6
1214870 951.5
1214880 951.6
1214890 951.9
1214900 955.9
1214910 955.9
1214920 958.6
1214930 958.9
1214940 958.8
1214950 958.8
1214960 958.8
1214970 959.1
1214980 959.1
1214990 959.0
1215000 958.9
1215010 958.9
1215020 958.8
1215030 959.2
1215040 959.2
1215050 959.8
1215060 959.2
1215070 959.2
1215080 959.4
1215090 961.7
1215100 961.7
1215110 961.9
1215120 962.4
1215130 962.4
1215140 963.2
1215150 964.1
1215160 964.1
1215170 964.8
1215180 965.1
1215190 965.6
1215200 965.6
1215210 966.6
1215220 967.5
1215230 967.5
1215240 968.6
1215250 969.5
1215260 969.5
1215270 970.4
1215280 971.5
1215290 971.5
1215300 972.1
1215310 972.4
1215320 972.4
1215330 972.9
1215340 973.6
1215350 973.6
1215360 974.4
1215370 975.4
1215380 975.4
1215390 976.2
1215400 977.1
1215410 977.8
1215420 977.8
1215430 978.4
1215440 979.4
1215450 979.4
1215460 980.2
1215470 981.0
1215480 981.0
1215490 981.6
1215500 982.8
1215510 982.8
1215520 983.9
1215530 984.8
1215540 984.8
1215550 985.6
1215560 986.3
1215570 986.3
1215580 987.0
1215590 987.6
1215600 987.6
1215610 988.3
1215620 989.0
1215630 989.0
1215640 989.8
1215650 990.6
1215660 991.9
1215670 991.9
1215680 993.3
1215690 994.5
1215700 994.5
1215710 995.8
1215720 996.9
1215730 996.9
1215740 997.9
1215750 998.8
1215760 998.8
1215770 999.6
1215780 1000.4
1215790 1000.4
1215800 1001.2
1215810 1002.1
1215820 1002.1
1215830 1002.8
1215840 1003.8
1215850 1003.8
1215860 1004.8
1215870 1005.7
1215880 1005.7
1215890 1006.8
1215900 1007.8
1215910 1008.9
1215920 1008.9
1215930 1010.2
1215940 1011.3
1215950 1011.3
1215960 1012.2
1215970 1013.0
1215980 1013.0
1215990 1013.9
1216000 1014.8
1216010 1014.8
1216020 1015.7
1216030 1017.0
1216040 1017.0
1216050 1018.4
1216060 1019.8
1216070 1019.8
1216080 1021.7
1216090 1024.9
1216100 1024.9
1216110 1025.0
1216120 1026.3
1216130 1027.3
1216140 1027.3
1216150 1028.6
1216160 1030.2
1216170 1030.2
1216180 1031.8
1216190 1033.0
1216200 1033.0
1216210 1034.3
1216220 1035.8
1216230 1035.8
1216240 1037.4
1216250 1039.1
1216260 1039.1
1216270 1040.9
1216280 1042.5
1216290 1042.5
1216300 1045.2
1216310 1047.9
1216320 1047.9
1216330 1053.6
1216340 1060.1
1216350 1060.1
1216360 1066.1
1216370 1071.9
1216380 1077.6
1216390 1077.6
1216400 1083.5
1216410 1089.4
1216420 1089.4
1216430 1095.5
1216440 1100.8
1216450 1100.8
1216460 1106.0
1216470 1110.6
1216480 1110.6
1216490 1115.8
1216500 1121.2
1216510 1121.2
1216520 1126.5
1216530 1131.1
1216540 1131.1
1216550 1134.7
1216560 1137.3
1216570 1137.3
1216580 1139.1
1216590 1140.9
1216600 1142.7
1216610 1142.7
1216620 1144.5
1216630 1146.3
1216640 1146.3
1216650 1148.4
1216660 1150.4
1216670 1150.4
1216680 1152.5
1216690 1153.9
1216700 1153.9
1216710 1155.8
1216720 1156.6
1216730 1156.6
1216740 1158.7
1216750 1166.0
1216760 1166.0
1216770 1170.8
1216780 1179.1
1216790 1179.1
1216800 1187.8
1216810 1192.7
1216820 1192.7
1216830 1198.4
1216840 1209.0
1216850 1219.2
1216860 1219.2
1216870 1232.0
1216880 1246.5
1216890 1246.5
1216900 1260.5
1216910 1268.2
1216920 1268.2
1216930 1276.7
1216940 1284.7
1216950 1284.7
1216960 1290.2
1216970 1294.2
1216980 1294.2
1216990 1297.4
1217000 1301.9
1217010 1301.9
1217020 1304.6
1217030 1308.8
1217040 1308.8
1217050 1313.9
1217060 1317.2
1217070 1320.3
1217080 1320.3
1217090 1323.2
1217100 1325.0
1217110 1325.0
1217120 1326.3
1217130 1326.2
1217140 1326.2
1217150 1326.2
1217160 1326.9
1217170 1326.9
1217180 1327.8
1217190 1329.7
1217200 1329.7
1217210 1331.6
1217220 1332.7
1217230 1332.7
1217240 1333.5
1217250 1328.4
1217260 1328.4
1217270 1332.4
1217280 1335.9
1217290 1335.9
1217300 1339.5
1217310 1341.9
1217320 1343.6
1217330 1343.6
1217340 1346.4
1217350 1348.0
1217360 1348.0
1217370 1349.0
1217380 1349.5
1217390 1349.5
1217400 1346.8
1217410 1346.9
1217420 1346.9
1217430 1351.4
1217440 1355.1
1217450 1355.1
1217460 1358.5
1217470 1361.0
1217480 1361.0
1217490 1359.9
1217500 1351.7
1217510 1351.7
1217520 1340.0
1217530 1340.0
1217540 1345.7
1217550 1345.7
1217560 1354.7
1217570 1363.8
1217580 1363.8
1217590 1371.3
1217600 1378.5
1217610 1378.5
1217620 1388.0
1217630 1401.5
1217640 1401.5
1217650 1410.7
1217660 1419.4
1217670 1419.4
1217680 1429.3
1217690 1440.0
1217700 1440.0
1217710 1448.9
1217720 1461.1
1217730 1461.1
1217740 1468.2
1217750 1475.2
1217760 1475.2
1217770 1481.6
1217780 1487.0
1217790 1492.3
1217800 1492.3
1217810 1497.6
1217820 1503.6
1217830 1503.6
1217840 1509.1
1217850 1513.9
1217860 1513.9
1217870 1516.6
1217880 1519.9
1217890 1519.9
1217900 1523.9
1217910 1529.8
1217920 1529.8
1217930 1536.6
1217940 1541.3
1217950 1541.3
1217960 1544.1
1217970 1546.1
1217980 1546.1
1217990 1545.8
1218000 1542.1
1218010 1542.1
1218020 1539.7
1218030 1540.6
1218040 1543.1
1218050 1543.1
1218060 1545.9
1218070 1548.8
1218080 1548.8
1218090 1548.0
1218100 1543.5
1218110 1543.5
1218120 1537.3
1218130 1533.6
1218140 1533.6
1218150 1536.9
1218160 1542.1
1218170 1542.1
1218180 1544.5
1218190 1546.1
1218200 1538.3
1218210 1538.7
1218220 1539.3
1218230 1539.3
1218240 1542.3
1218250 1547.4
1218260 1555.2
1218270 1555.2
1218280 1558.8
1218290 1562.1
1218300 1562.1
1218310 1568.9
1218320 1573.4
1218330 1573.4
1218340 1573.6
1218350 1574.4
1218360 1574.4
1218370 1575.6
1218380 1576.5
1218390 1576.5
1218400 1577.3
1218410 1579.0
1218420 1579.0
1218430 1583.1
1218440 1588.8
1218450 1588.8
1218460 1595.0
1218470 1598.8
1218480 1598.8
1218490 1602.6
1218500 1605.1
1218510 1605.2
1218520 1605.2
1218530 1606.4
1218540 1612.0
1218550 1612.0
1218560 1617.1
1218570 1622.3
1218580 1622.3
1218590 1627.6
1218600 1632.9
1218610 1632.9
1218620 1637.8
1218630 1642.8
1218640 1642.8
1218650 1649.3
1218660 1657.4
1218670 1648.6
1218680 1655.2
1218690 1661.9
1218700 1661.9
1218710 1668.8
1218720 1675.1
1218730 1680.4
1218740 1680.4
1218750 1686.4
1218760 1688.7
1218770 1688.7
1218780 1693.2
1218790 1699.0
1218800 1699.0
1218810 1700.9
1218820 1703.1
1218830 1703.1
1218840 1703.8
1218850 1704.1
1218860 1704.1
1218870 1704.5
1218880 1704.9
1218890 1704.9
1218900 1705.6
1218910 1708.2
1218920 1708.2
1218930 1712.2
1218940 1716.7
1218950 1716.7
1218960 1721.2
1218970 1725.7
1218980 1728.7
1218990 1728.7
1219000 1733.1
1219010 1738.8
1219020 1738.8
1219030 1743.2
1219040 1748.5
1219050 1748.5
1219060 1754.6
1219070 1759.9
1219080 1759.9
1219090 1761.4
1219100 1758.6
1219110 1758.6
1219120 1761.7
1219130 1767.6
1219140 1767.6
1219150 1764.2
1219160 1764.9
1219170 1764.9
1219180 1767.9
1219190 1774.7
1219200 1781.1
1219210 1781.1
1219220 1787.2
1219230 1793.0
1219240 1793.0
1219250 1798.3
1219260 1803.0
1219270 1803.0
1219280 1807.2
1219290 1810.9
1219300 1810.9
1219310 1814.4
1219320 1817.9
1219330 1817.9
1219340 1819.5
1219350 1822.6
1219360 1822.6
1219370 1829.1
1219380 1837.4
1219390 1837.4
1219400 1846.0
1219410 1856.3
1219420 1856.3
1219430 1859.3
1219440 1855.0
1219450 1857.8
1219460 1857.8
1219470 1865.2
1219480 1869.0
1219490 1869.0
1219500 1870.7
1219510 1875.0
1219520 1875.0
1219530 1881.2
1219540 1888.2
1219550 1888.2
1219560 1892.4
1219570 1895.8
1219580 1895.8
1219590 1899.8
1219600 1898.2
1219610 1898.2
1219620 1893.9
1219630 1882.8
1219640 1882.8
1219650 1881.8
1219660 1883.8
1219670 1887.4
1219680 1887.4
1219690 1893.1
1219700 1895.6
1219710 1895.6
1219720 1893.2
1219730 1891.3
1219740 1891.3
1219750 1888.4
1219760 1883.5
1219770 1883.5
1219780 1882.2
1219790 1885.0
1219800 1885.0
1219810 1886.2
1219820 1888.7
1219830 1888.7
1219840 1892.3
1219850 1894.9
1219860 1894.9
1219870 1898.0
1219880 1900.7
1219890 1900.7
1219900 1902.7
1219910 1906.9
1219920 1907.8
1219930 1907.8
1219940 1906.6
1219950 1906.1
1219960 1906.1
1219970 1908.4
1219980 1914.8
1219990 1914.8
