1200000 2173.0
1200010 2176.0
1200020 2176.0
1200030 2178.7
1200040 2182.4
1200050 2182.4
1200060 2183.2
1200070 2185.9
1200080 2185.9
1200090 2191.3
1200100 2198.6
1200110 2198.6
1200120 2204.5
1200130 2208.8
1200140 2208.8
1200150 2211.1
1200160 2211.6
1200170 2209.9
1200180 2209.9
1200190 2205.3
1200200 2200.4
1200210 2200.4
1200220 2197.5
1200230 2198.0
1200240 2198.0
1200250 2200.9
1200260 2203.9
1200270 2203.9
1200280 2206.5
1200290 2209.0
1200300 2209.0
1200310 2211.9
1200320 2215.4
1200330 2215.4
1200340 2218.2
1200350 2220.6
1200360 2220.6
1200370 2222.7
1200380 2225.9
1200390 2225.9
1200400 2230.0
1200410 2235.7
1200420 2240.8
1200430 2240.8
1200440 2244.6
1200450 2247.4
1200460 2247.4
1200470 2249.9
1200480 2252.5
1200490 2252.5
1200500 2253.9
1200510 2256.2
1200520 2256.2
1200530 2259.7
1200540 2263.3
1200550 2263.3
1200560 2266.5
1200570 2268.6
1200580 2268.6
1200590 2266.3
1200600 2264.9
1200610 2264.9
1200620 2266.6
1200630 2269.5
1200640 2269.5
1200650 2272.4
1200660 2274.7
1200670 2277.0
1200680 2277.0
1200690 2278.3
1200700 2278.9
1200710 2278.9
1200720 2278.9
1200730 2278.0
1200740 2278.0
1200750 2277.5
1200760 2275.4
1200770 2275.4
1200780 2271.9
1200790 2266.6
1200800 2266.6
1200810 2261.5
1200820 2254.9
1200830 2254.9
1200840 2248.0
1200850 2242.5
1200860 2242.5
1200870 2236.7
1200880 2232.1
1200890 2227.1
1200900 2227.1
1200910 2222.1
1200920 2217.5
1200930 2219.3
1200940 2214.8
1200950 2210.3
1200960 2210.3
1200970 2205.7
1200980 2202.4
1200990 2202.4
1201000 2198.6
1201010 2193.8
1201020 2193.8
1201030 2189.5
1201040 2184.7
1201050 2184.7
1201060 2178.6
1201070 2172.0
1201080 2172.0
1201090 2166.0
1201100 2160.5
1201110 2160.5
1201120 2154.9
1201130 2149.5
1201140 2145.3
1201150 2145.3
1201160 2141.8
1201170 2136.4
1201180 2136.4
1201190 2130.6
1201200 2123.6
1201210 2123.6
1201220 2115.8
1201230 2108.2
1201240 2108.2
1201250 2102.6
1201260 2095.5
1201270 2095.5
1201280 2087.4
1201290 2081.7
1201300 2081.7
1201310 2075.9
1201320 2069.9
1201330 2069.9
1201340 2064.8
1201350 2059.8
1201360 2059.8
1201370 2054.6
1201380 2046.8
1201390 2042.9
1201400 2042.9
1201410 2040.5
1201420 2034.3
1201430 2034.3
1201440 2022.3
1201450 2009.3
1201460 2009.3
1201470 1998.4
1201480 1988.9
1201490 1988.9
1201500 1981.1
1201510 1972.9
1201520 1972.9
1201530 1964.6
1201540 1955.4
1201550 1955.4
1201560 1944.2
1201570 1936.5
1201580 1936.5
1201590 1929.7
1201600 1919.4
1201610 1915.7
1201620 1915.7
1201630 1912.9
1201640 1906.3
1201650 1906.3
1201660 1899.1
1201670 1888.2
1201680 1888.2
1201690 1875.0
1201700 1864.6
1201710 1864.6
1201720 1853.9
1201730 1844.4
1201740 1844.4
1201750 1836.3
1201760 1828.1
1201770 1828.1
1201780 1818.6
1201790 1811.9
1201800 1811.9
1201810 1803.6
1201820 1795.6
1201830 1795.4
1201840 1786.5
1201850 1778.9
1201860 1771.5
1201870 1771.5
1201880 1764.8
1201890 1758.5
1201900 1758.5
1201910 1752.4
1201920 1746.8
1201930 1746.8
1201940 1741.3
1201950 1735.7
1201960 1735.7
1201970 1730.4
1201980 1725.8
1201990 1725.8
1202000 1721.0
1202010 1716.2
1202020 1716.2
1202030 1711.5
1202040 1707.6
1202050 1707.6
1202060 1704.7
1202070 1703.7
1202080 1703.7
1202090 1703.0
1202100 1703.7
1202110 1705.1
1202120 1705.1
1202130 1707.5
1202140 1710.1
1202150 1710.1
1202160 1713.1
1202170 1716.3
1202180 1716.3
1202190 1719.3
1202200 1722.4
1202210 1722.4
1202220 1725.7
1202230 1729.5
1202240 1729.5
1202250 1733.9
1202260 1738.7
1202270 1738.7
1202280 1742.2
1202290 1747.9
1202300 1747.9
1202310 1754.2
1202320 1760.3
1202330 1760.3
1202340 1766.4
1202350 1772.0
1202360 1777.9
1202370 1777.9
1202380 1783.6
1202390 1789.3
1202400 1789.3
1202410 1795.4
1202420 1802.0
1202430 1802.0
1202440 1809.3
1202450 1817.1
1202460 1817.1
1202470 1824.7
1202480 1831.2
1202490 1831.2
1202500 1837.0
1202510 1842.4
1202520 1842.4
1202530 1848.3
1202540 1853.9
1202550 1853.9
1202560 1859.8
1202570 1865.7
1202580 1871.0
1202590 1871.0
1202600 1876.1
1202610 1881.0
1202620 1881.0
1202630 1885.9
1202640 1890.7
1202650 1890.7
1202660 1895.6
1202670 1900.5
1202680 1900.5
1202690 1905.4
1202700 1910.6
1202710 1910.6
1202720 1915.8
1202730 1922.1
1202740 1922.1
1202750 1927.5
1202760 1932.8
1202770 1932.8
1202780 1938.2
1202790 1943.8
1202800 1943.8
1202810 1949.4
1202820 1954.8
1202830 1960.8
1202840 1960.8
1202850 1967.0
1202860 1973.0
1202870 1973.0
1202880 1978.6
1202890 1984.2
1202900 1984.2
1202910 1989.8
1202920 1995.5
1202930 1995.5
1202940 2002.0
1202950 2008.9
1202960 2008.9
1202970 2016.0
1202980 2023.2
1202990 2023.2
1203000 2030.2
1203010 2037.7
1203020 2037.7
1203030 2045.2
1203040 2053.5
1203050 2053.5
1203060 2061.8
1203070 2070.6
1203080 2079.3
1203090 2079.3
1203100 2089.4
1203110 2098.7
1203120 2098.7
1203130 2106.1
1203140 2112.9
1203150 2112.9
1203160 2120.8
1203170 2130.5
1203180 2131.0
1203190 2139.1
1203200 2147.9
1203210 2147.9
1203220 2156.2
1203230 2164.6
1203240 2164.6
1203250 2173.4
1203260 2183.1
1203270 2183.1
1203280 2195.3
1203290 2208.9
1203300 2208.9
1203310 2219.4
1203320 2229.3
1203330 2237.1
1203340 2237.1
1203350 2245.1
1203360 2252.8
1203370 2252.8
1203380 2259.4
1203390 2263.8
1203400 2263.8
1203410 2259.6
1203420 2253.2
1203430 2253.2
1203440 2238.1
1203450 2224.1
1203460 2224.1
1203470 2214.8
1203480 2208.2
1203490 2208.2
1203500 2203.5
1203510 2195.9
1203520 2195.9
1203530 2181.1
1203540 2167.6
1203550 2157.4
1203560 2157.4
1203570 2149.3
1203580 2139.3
1203590 2139.3
1203600 2127.5
1203610 2118.6
1203620 2118.6
1203630 2113.6
1203640 2105.5
1203650 2105.5
1203660 2098.0
1203670 2089.3
1203680 2089.3
1203690 2080.8
1203700 2071.7
1203710 2071.7
1203720 2061.1
1203730 2052.0
1203740 2052.0
1203750 2045.6
1203760 2039.2
1203770 2039.2
1203780 2033.4
1203790 2027.9
1203800 2022.7
1203810 2022.7
1203820 2018.0
1203830 2014.6
1203840 2014.6
1203850 2013.2
1203860 2012.2
1203870 2012.2
1203880 2010.7
1203890 2009.9
1203900 2009.9
1203910 2010.0
1203920 2009.6
1203930 2009.6
1203940 2009.9
1203950 2009.6
1203960 2009.6
1203970 2008.7
1203980 2008.3
1203990 2008.3
1204000 2007.2
1204010 2005.0
1204020 2005.0
1204030 2002.4
1204040 1999.8
1204050 1996.0
1204060 1996.0
1204070 1994.4
1204080 1996.4
1204090 1999.9
1204100 1999.7
1204110 2000.5
1204120 2000.5
1204130 2001.5
1204140 2002.1
1204150 2002.1
1204160 2002.3
1204170 2001.6
1204180 2001.6
1204190 2003.6
1204200 2006.2
1204210 2006.2
1204220 2008.4
1204230 2010.4
1204240 2010.4
1204250 2012.8
1204260 2014.7
1204270 2018.9
1204280 2018.9
1204290 2024.6
1204300 2029.6
1204310 2029.6
1204320 2034.9
1204330 2040.7
1204340 2040.7
1204350 2046.6
1204360 2053.2
1204370 2053.2
1204380 2060.2
1204390 2068.0
1204400 2068.0
1204410 2079.3
1204420 2102.9
1204430 2102.9
1204440 2115.6
1204450 2121.8
1204460 2121.8
1204470 2126.0
1204480 2132.7
1204490 2132.7
1204500 2140.6
1204510 2149.0
1204520 2158.4
1204530 2158.4
1204540 2166.9
1204550 2174.0
1204560 2174.0
1204570 2180.0
1204580 2184.8
1204590 2184.8
1204600 2187.5
1204610 2188.9
1204620 2188.9
1204630 2191.0
1204640 2193.9
1204650 2193.9
1204660 2199.5
1204670 2202.4
1204680 2202.4
1204690 2201.5
1204700 2202.7
1204710 2202.7
1204720 2208.6
1204730 2217.7
1204740 2217.7
1204750 2228.7
1204760 2241.6
1204770 2251.6
1204780 2251.6
1204790 2260.7
1204800 2270.5
1204810 2270.5
1204820 2277.5
1204830 2279.6
1204840 2279.6
1204850 2279.2
1204860 2283.2
1204870 2283.2
1204880 2289.8
1204890 2297.8
1204900 2297.8
1204910 2306.3
1204920 2314.9
1204930 2314.9
1204940 2323.2
1204950 2330.6
1204960 2330.6
1204970 2335.5
1204980 2337.8
1204990 2343.8
1205000 2346.0
1205010 2348.6
1205020 2352.9
1205030 2352.9
1205040 2356.9
1205050 2361.8
1205060 2361.8
1205070 2366.8
1205080 2372.7
1205090 2372.7
1205100 2379.2
1205110 2385.6
1205120 2385.6
1205130 2391.8
1205140 2398.7
1205150 2398.7
1205160 2405.7
1205170 2412.6
1205180 2412.6
1205190 2418.5
1205200 2424.4
1205210 2424.4
1205220 2429.8
1205230 2434.8
1205240 2439.2
1205250 2439.2
1205260 2442.4
1205270 2444.1
1205280 2444.1
1205290 2439.2
1205300 2433.5
1205310 2433.5
1205320 2429.1
1205330 2425.1
1205340 2425.1
1205350 2421.6
1205360 2417.8
1205370 2417.8
1205380 2413.4
1205390 2409.6
1205400 2409.6
1205410 2404.7
1205420 2399.5
1205430 2399.5
1205440 2395.7
1205450 2390.1
1205460 2390.1
1205470 2386.4
1205480 2383.4
1205490 2380.0
1205500 2380.0
1205510 2375.9
1205520 2372.6
1205530 2372.6
1205540 2370.2
1205550 2367.6
1205560 2367.6
1205570 2364.9
1205580 2362.8
1205590 2362.8
1205600 2362.3
1205610 2359.9
1205620 2359.9
1205630 2356.7
1205640 2355.2
1205650 2355.2
1205660 2351.6
1205670 2346.8
1205680 2346.8
1205690 2342.6
1205700 2337.4
1205710 2337.4
1205720 2331.3
1205730 2325.4
1205740 2320.5
1205750 2320.5
1205760 2315.6
1205770 2310.7
1205780 2310.7
1205790 2306.1
1205800 2301.8
1205810 2301.8
1205820 2297.1
1205830 2291.6
1205840 2291.6
1205850 2285.9
1205860 2281.9
1205870 2281.9
1205880 2279.3
1205890 2278.5
1205900 2277.2
1205910 2276.7
1205920 2276.4
1205930 2276.4
1205940 2276.9
1205950 2276.9
1205960 2276.6
1205970 2276.6
1205980 2276.0
1205990 2275.3
1206000 2275.3
1206010 2274.5
1206020 2274.2
1206030 2274.2
1206040 2273.6
1206050 2273.0
1206060 2273.0
1206070 2272.3
1206080 2272.4
1206090 2272.4
1206100 2272.6
1206110 2272.8
1206120 2272.8
1206130 2273.5
1206140 2274.2
1206150 2274.2
1206160 2275.1
1206170 2276.0
1206180 2276.0
1206190 2278.9
1206200 2283.2
1206210 2288.7
1206220 2288.7
1206230 2294.2
1206240 2297.5
1206250 2297.5
1206260 2298.8
1206270 2299.6
1206280 2299.6
1206290 2300.7
1206300 2301.8
1206310 2301.8
1206320 2304.5
1206330 2305.8
1206340 2305.8
1206350 2304.8
1206360 2309.9
1206370 2309.9
1206380 2310.8
1206390 2311.4
1206400 2311.4
1206410 2310.1
1206420 2310.4
1206430 2310.4
1206440 2313.4
1206450 2318.6
1206460 2324.5
1206470 2324.5
1206480 2331.0
1206490 2337.1
1206500 2337.1
1206510 2340.6
1206520 2341.1
1206530 2341.1
1206540 2340.8
1206550 2340.8
1206560 2340.8
1206570 2341.2
1206580 2341.8
1206590 2341.8
1206600 2342.6
1206610 2344.0
1206620 2344.0
1206630 2345.3
1206640 2346.7
1206650 2346.7
1206660 2347.9
1206670 2349.0
1206680 2349.0
1206690 2350.8
1206700 2352.8
1206710 2356.7
1206720 2356.7
1206730 2361.0
1206740 2365.8
1206750 2365.8
1206760 2372.3
1206770 2380.1
1206780 2380.1
1206790 2388.0
1206800 2395.7
1206810 2395.7
1206820 2402.5
1206830 2410.4
1206840 2410.4
1206850 2419.2
1206860 2427.6
1206870 2427.6
1206880 2434.7
1206890 2440.9
1206900 2440.9
1206910 2448.1
1206920 2454.1
1206930 2459.6
1206940 2459.6
1206950 2464.9
1206960 2471.4
1206970 2471.4
1206980 2478.5
1206990 2485.7
1207000 2485.7
1207010 2492.7
1207020 2499.4
1207030 2499.4
1207040 2506.7
1207050 2516.0
1207060 2516.0
1207070 2524.5
1207080 2532.0
1207090 2532.0
1207100 2540.7
1207110 2546.8
1207120 2546.8
1207130 2551.6
1207140 2556.6
1207150 2556.6
1207160 2561.7
1207170 2567.1
1207180 2575.6
1207190 2575.6
1207200 2585.2
1207210 2592.1
1207220 2592.1
1207230 2600.0
1207240 2605.4
1207250 2605.4
1207260 2610.1
1207270 2614.0
1207280 2617.9
1207290 2620.1
1207300 2620.4
1207310 2620.4
1207320 2622.7
1207330 2627.6
1207340 2627.6
1207350 2633.7
1207360 2642.2
1207370 2642.2
1207380 2649.9
1207390 2656.3
1207400 2656.3
1207410 2661.8
1207420 2658.6
1207430 2652.8
1207440 2652.8
1207450 2647.3
1207460 2638.8
1207470 2638.8
1207480 2626.5
1207490 2614.4
1207500 2614.4
1207510 2606.1
1207520 2599.5
1207530 2599.5
1207540 2590.4
1207550 2580.1
1207560 2580.1
1207570 2571.4
1207580 2565.3
1207590 2565.3
1207600 2559.9
1207610 2554.4
1207620 2554.4
1207630 2549.9
1207640 2546.2
1207650 2542.1
1207660 2542.1
1207670 2537.8
1207680 2534.7
1207690 2534.7
1207700 2534.5
1207710 2530.3
1207720 2530.3
1207730 2522.9
1207740 2522.7
1207750 2522.7
1207760 2524.9
1207770 2526.7
1207780 2526.7
1207790 2525.3
1207800 2522.9
1207810 2522.9
1207820 2522.6
1207830 2523.4
1207840 2523.4
1207850 2523.4
1207860 2521.3
1207870 2521.3
1207880 2522.0
1207890 2519.8
1207900 2517.7
1207910 2517.7
1207920 2516.9
1207930 2514.0
1207940 2514.0
1207950 2510.0
1207960 2504.9
1207970 2504.9
1207980 2497.2
1207990 2488.0
1208000 2488.0
1208010 2478.0
1208020 2468.5
1208030 2468.5
1208040 2458.9
1208050 2446.6
1208060 2446.6
1208070 2439.6
1208080 2434.1
1208090 2434.1
1208100 2427.0
1208110 2420.7
1208120 2420.7
1208130 2418.2
1208140 2415.1
1208150 2412.9
1208160 2412.9
1208170 2410.9
1208180 2408.9
1208190 2412.1
1208200 2409.4
1208210 2407.4
1208220 2407.4
1208230 2403.2
1208240 2396.4
1208250 2396.4
1208260 2391.1
1208270 2389.7
1208280 2389.7
1208290 2389.0
1208300 2386.2
1208310 2386.2
1208320 2381.2
1208330 2376.0
1208340 2376.0
1208350 2371.5
1208360 2368.6
1208370 2368.6
1208380 2366.5
1208390 2364.9
1208400 2364.9
1208410 2364.9
1208420 2365.5
1208430 2367.0
1208440 2367.0
1208450 2368.6
1208460 2366.8
1208470 2366.8
1208480 2363.9
1208490 2364.0
1208500 2364.0
1208510 2364.4
1208520 2363.6
1208530 2363.6
1208540 2363.2
1208550 2362.8
1208560 2362.8
1208570 2363.2
1208580 2363.4
1208590 2363.4
1208600 2363.3
1208610 2363.8
1208620 2365.2
1208630 2365.2
1208640 2365.7
1208650 2360.2
1208660 2360.2
1208670 2358.1
1208680 2356.4
1208690 2356.4
1208700 2356.0
1208710 2357.6
1208720 2357.6
1208730 2360.0
1208740 2361.2
1208750 2361.2
1208760 2361.6
1208770 2362.7
1208780 2362.7
1208790 2363.4
1208800 2362.8
1208810 2362.8
1208820 2361.7
1208830 2362.6
1208840 2362.6
1208850 2360.4
1208860 2355.2
1208870 2350.8
1208880 2350.8
1208890 2347.9
1208900 2338.3
1208910 2338.3
1208920 2323.5
1208930 2315.4
1208940 2315.4
1208950 2309.8
1208960 2305.6
1208970 2305.6
1208980 2301.0
1208990 2295.8
1209000 2295.8
1209010 2290.9
1209020 2287.5
1209030 2287.5
1209040 2285.9
1209050 2285.3
1209060 2285.3
1209070 2286.6
1209080 2288.3
1209090 2288.3
1209100 2289.5
1209110 2286.7
1209120 2290.5
1209130 2290.5
1209140 2295.6
1209150 2300.8
1209160 2300.8
1209170 2303.6
1209180 2302.0
1209190 2302.0
1209200 2300.0
1209210 2297.0
1209220 2297.0
1209230 2292.9
1209240 2289.8
1209250 2289.8
1209260 2287.8
1209270 2285.0
1209280 2285.0
1209290 2281.7
1209300 2279.0
1209310 2279.0
1209320 2276.6
1209330 2274.5
1209340 2273.1
1209350 2273.1
1209360 2272.4
1209370 2271.4
1209380 2271.4
1209390 2269.2
1209400 2267.0
1209410 2267.0
1209420 2264.6
1209430 2262.0
1209440 2262.0
1209450 2259.8
1209460 2258.0
1209470 2258.0
1209480 2255.6
1209490 2253.1
1209500 2253.1
1209510 2250.3
1209520 2246.2
1209530 2246.2
1209540 2241.1
1209550 2238.9
1209560 2238.9
1209570 2238.7
1209580 2233.7
1209590 2232.1
1209600 2232.1
1209610 2229.4
1209620 2224.6
1209630 2224.6
1209640 2221.4
1209650 2220.7
1209660 2220.7
1209670 2219.9
1209680 2218.7
1209690 2218.7
1209700 2217.1
1209710 2214.6
1209720 2214.6
1209730 2211.4
1209740 2207.0
1209750 2207.0
1209760 2201.0
1209770 2196.3
1209780 2196.3
1209790 2192.3
1209800 2191.0
1209810 2191.0
1209820 2188.0
1209830 2181.1
1209840 2173.5
1209850 2173.5
1209860 2165.4
1209870 2157.3
1209880 2157.3
1209890 2149.7
1209900 2142.3
1209910 2142.3
1209920 2134.6
1209930 2128.0
1209940 2128.0
1209950 2122.6
1209960 2117.5
1209970 2117.5
1209980 2112.7
1209990 2109.8
1210000 2109.8
1210010 2108.4
1210020 2107.1
1210030 2107.1
1210040 2101.3
1210050 2099.8
1210060 2099.8
1210070 2097.4
1210080 2094.8
1210090 2093.2
1210100 2093.2
1210110 2092.2
1210120 2091.5
1210130 2091.5
1210140 2090.5
1210150 2088.1
1210160 2088.1
1210170 2084.8
1210180 2081.6
1210190 2081.6
1210200 2078.5
1210210 2075.2
1210220 2075.2
1210230 2072.0
1210240 2068.6
1210250 2068.6
1210260 2065.3
1210270 2063.6
1210280 2063.6
1210290 2061.9
1210300 2060.0
1210310 2057.0
1210320 2057.0
1210330 2053.2
1210340 2048.6
1210350 2048.6
1210360 2044.9
1210370 2041.5
1210380 2041.5
1210390 2037.2
1210400 2034.4
1210410 2034.4
1210420 2031.4
1210430 2027.7
1210440 2027.7
1210450 2023.2
1210460 2016.9
1210470 2016.9
1210480 2008.9
1210490 2000.8
1210500 1998.6
1210510 1991.7
1210520 1986.2
1210530 1986.2
1210540 1981.5
1210550 1977.2
1210560 1971.8
1210570 1971.8
1210580 1965.3
1210590 1958.0
1210600 1958.0
1210610 1951.8
1210620 1946.2
1210630 1946.2
1210640 1940.2
1210650 1933.8
1210660 1933.8
1210670 1927.7
1210680 1922.5
1210690 1922.5
1210700 1916.5
1210710 1910.8
1210720 1910.8
1210730 1905.0
1210740 1899.1
1210750 1899.1
1210760 1893.9
1210770 1888.0
1210780 1888.0
1210790 1883.4
1210800 1877.9
1210810 1873.2
1210820 1873.2
1210830 1868.3
1210840 1865.3
1210850 1865.3
1210860 1863.2
1210870 1861.3
1210880 1861.3
1210890 1860.2
1210900 1859.0
1210910 1859.0
1210920 1858.1
1210930 1857.2
1210940 1857.2
1210950 1856.2
1210960 1855.2
1210970 1855.2
1210980 1853.0
1210990 1852.1
1211000 1852.1
1211010 1852.2
1211020 1852.2
1211030 1854.0
1211040 1854.0
1211050 1855.7
1211060 1855.6
1211070 1855.6
1211080 1854.4
1211090 1853.6
1211100 1853.6
1211110 1852.4
1211120 1851.2
1211130 1851.2
1211140 1849.3
1211150 1847.1
1211160 1847.1
1211170 1844.1
1211180 1842.6
1211190 1842.6
1211200 1842.6
1211210 1842.2
1211220 1842.2
1211230 1842.4
1211240 1845.0
1211250 1845.0
1211260 1849.1
1211270 1853.7
1211280 1857.5
1211290 1857.5
1211300 1861.6
1211310 1866.0
1211320 1866.0
1211330 1870.4
1211340 1874.8
1211350 1874.8
1211360 1879.3
1211370 1883.9
1211380 1883.9
1211390 1888.1
1211400 1892.3
1211410 1892.3
1211420 1895.9
1211430 1904.2
1211440 1904.2
1211450 1908.9
1211460 1913.9
1211470 1913.9
1211480 1918.7
1211490 1923.9
1211500 1923.9
1211510 1927.0
1211520 1929.1
1211530 1930.2
1211540 1930.2
1211550 1931.2
1211560 1932.4
1211570 1932.4
1211580 1934.0
1211590 1937.2
1211600 1937.2
1211610 1941.7
1211620 1943.8
1211630 1943.8
1211640 1944.8
1211650 1945.3
1211660 1945.3
1211670 1946.1
1211680 1946.5
1211690 1946.5
1211700 1944.8
1211710 1942.2
1211720 1942.2
1211730 1939.8
1211740 1937.8
1211750 1935.8
1211760 1935.8
1211770 1933.3
1211780 1930.2
1211790 1930.2
1211800 1926.5
1211810 1922.4
1211820 1922.4
1211830 1918.0
1211840 1913.7
1211850 1913.7
1211860 1909.3
1211870 1904.2
1211880 1904.2
1211890 1898.3
1211900 1888.4
1211910 1888.4
1211920 1882.7
1211930 1876.8
1211940 1876.8
1211950 1871.0
1211960 1866.1
1211970 1866.1
1211980 1861.6
1211990 1857.6
1212000 1854.1
1212010 1854.1
1212020 1849.6
1212030 1844.3
1212040 1844.3
1212050 1839.4
1212060 1835.6
1212070 1835.6
1212080 1831.4
1212090 1826.8
1212100 1826.8
1212110 1821.9
1212120 1816.3
1212130 1816.3
1212140 1810.8
1212150 1804.4
1212160 1804.4
1212170 1798.0
1212180 1791.8
1212190 1791.8
1212200 1786.6
1212210 1781.2
1212220 1781.2
1212230 1775.4
1212240 1768.0
1212250 1760.2
1212260 1760.2
1212270 1751.6
1212280 1744.5
1212290 1744.5
1212300 1738.4
1212310 1733.4
1212320 1733.4
1212330 1728.7
1212340 1723.6
1212350 1723.6
1212360 1721.6
1212370 1715.5
1212380 1715.5
1212390 1710.5
1212400 1706.3
1212410 1706.3
1212420 1701.6
1212430 1695.6
1212440 1695.6
1212450 1688.0
1212460 1682.1
1212470 1682.1
1212480 1676.4
1212490 1670.3
1212500 1663.2
1212510 1663.2
1212520 1655.6
1212530 1648.4
1212540 1648.4
1212550 1640.2
1212560 1630.8
1212570 1630.8
1212580 1622.8
1212590 1615.3
1212600 1615.3
1212610 1606.1
1212620 1597.8
1212630 1597.8
1212640 1588.1
1212650 1578.2
1212660 1578.2
1212670 1570.7
1212680 1564.3
1212690 1564.3
1212700 1556.5
1212710 1549.7
1212720 1542.7
1212730 1542.7
1212740 1533.1
1212750 1524.6
1212760 1524.6
1212770 1517.1
1212780 1507.3
1212790 1507.3
1212800 1495.6
1212810 1480.0
1212820 1480.0
1212830 1468.3
1212840 1455.5
1212850 1455.5
1212860 1445.1
1212870 1429.6
1212880 1429.6
1212890 1410.9
1212900 1400.9
1212910 1400.9
1212920 1393.3
1212930 1385.7
1212940 1385.7
1212950 1378.5
1212960 1369.8
1212970 1360.4
1212980 1360.4
1212990 1351.4
1213000 1344.2
1213010 1344.2
1213020 1338.4
1213030 1331.2
1213040 1331.2
1213050 1325.5
1213060 1318.6
1213070 1318.6
1213080 1311.9
1213090 1305.1
1213100 1305.1
1213110 1296.9
1213120 1290.2
1213130 1290.2
1213140 1285.5
1213150 1281.1
1213160 1281.1
1213170 1273.1
1213180 1263.2
1213190 1263.2
1213200 1255.5
1213210 1244.8
1213220 1234.1
1213230 1234.1
1213240 1225.1
1213250 1214.2
1213260 1214.2
1213270 1201.5
1213280 1188.5
1213290 1188.5
1213300 1185.5
1213310 1175.3
1213320 1175.3
1213330 1167.5
1213340 1158.9
1213350 1158.9
1213360 1150.8
1213370 1142.9
1213380 1142.9
1213390 1136.4
1213400 1132.2
1213410 1132.2
1213420 1124.8
1213430 1116.4
1213440 1108.2
1213450 1108.2
1213460 1100.0
1213470 1092.7
1213480 1092.7
1213490 1085.2
1213500 1078.5
1213510 1078.5
1213520 1072.4
1213530 1066.1
1213540 1066.1
1213550 1060.9
1213560 1056.2
1213570 1056.2
1213580 1051.1
1213590 1044.9
1213600 1044.9
1213610 1038.9
1213620 1033.7
1213630 1033.7
1213640 1028.6
1213650 1023.7
1213660 1023.7
1213670 1018.8
1213680 1014.1
1213690 1010.0
1213700 1010.0
1213710 1006.3
1213720 1002.8
1213730 1002.8
1213740 999.0
1213750 994.5
1213760 994.5
1213770 990.6
1213780 987.6
1213790 987.6
1213800 987.0
1213810 986.8
1213820 986.8
1213830 984.8
1213840 979.5
1213850 979.5
1213860 976.5
1213870 974.4
1213880 974.4
1213890 972.6
1213900 970.6
1213910 970.6
1213920 968.7
1213930 966.9
1213940 965.3
1213950 965.3
1213960 963.9
1213970 962.7
1213980 962.7
1213990 961.5
1214000 960.5
1214010 960.5
1214020 959.6
1214030 958.8
1214040 958.8
1214050 958.0
1214060 957.0
1214070 957.0
1214080 956.0
1214090 954.9
1214100 954.9
1214110 953.7
1214120 952.7
1214130 952.7
1214140 951.9
1214150 951.2
1214160 951.2
1214170 950.7
1214180 950.4
1214190 950.6
1214200 950.6
1214210 951.9
1214220 954.0
1214230 954.0
1214240 954.4
1214250 954.5
1214260 954.5
1214270 954.5
1214280 954.2
1214290 954.2
1214300 952.5
1214310 950.1
1214320 950.1
1214330 948.9
1214340 948.6
1214350 948.6
1214360 948.3
1214370 948.2
1214380 948.2
1214390 947.9
1214400 947.4
1214410 947.6
1214420 947.6
1214430 947.3
1214440 946.7
1214450 946.7
1214460 946.1
1214470 944.4
1214480 944.4
1214490 941.9
1214500 940.6
1214510 940.6
1214520 938.5
1214530 935.4
1214540 935.4
1214550 931.9
1214560 929.6
1214570 929.6
1214580 929.2
1214590 927.7
1214600 927.7
1214610 927.4
1214620 928.2
1214630 928.2
1214640 929.1
1214650 927.9
1214660 927.6
1214670 927.6
1214680 927.2
1214690 927.1
1214700 927.1
1214710 927.2
1214720 927.1
1214730 927.1
1214740 927.0
1214750 926.9
1214760 926.9
1214770 926.8
1214780 926.6
1214790 926.6
1214800 926.4
1214810 927.4
1214820 927.4
1214830 928.3
1214840 927.2
1214850 927.2
1214860 926.7
1214870 926.7
1214880 926.7
1214890 926.7
1214900 926.8
1214910 926.9
1214920 926.9
1214930 927.1
1214940 927.1
1214950 927.1
1214960 927.1
1214970 926.5
1214980 926.5
1214990 926.4
1215000 926.4
1215010 926.4
1215020 926.7
1215030 927.2
1215040 927.2
1215050 927.1
1215060 926.9
1215070 926.9
1215080 926.9
1215090 926.8
1215100 926.8
1215110 926.8
1215120 927.8
1215130 929.1
1215140 929.1
1215150 929.8
1215160 929.8
1215170 929.8
1215180 931.3
1215190 932.0
1215200 932.0
1215210 932.9
1215220 934.5
1215230 934.5
1215240 936.2
1215250 940.4
1215260 940.4
1215270 946.1
1215280 952.4
1215290 952.4
1215300 958.6
1215310 963.8
1215320 963.8
1215330 969.8
1215340 975.9
1215350 975.9
1215360 982.4
1215370 989.0
1215380 995.0
1215390 995.0
1215400 1001.6
1215410 1007.7
1215420 1007.7
1215430 1013.6
1215440 1020.2
1215450 1020.2
1215460 1026.6
1215470 1033.2
1215480 1033.2
1215490 1039.0
1215500 1044.3
1215510 1044.3
1215520 1050.1
1215530 1056.6
1215540 1056.6
1215550 1061.5
1215560 1066.7
1215570 1066.7
1215580 1072.5
1215590 1078.8
1215600 1078.8
1215610 1083.8
1215620 1089.6
1215630 1096.4
1215640 1096.4
1215650 1097.0
1215660 1104.8
1215670 1104.8
1215680 1114.0
1215690 1124.0
1215700 1124.0
1215710 1131.2
1215720 1138.2
1215730 1138.2
1215740 1146.1
1215750 1155.4
1215760 1155.4
1215770 1161.9
1215780 1168.5
1215790 1168.5
1215800 1176.4
1215810 1184.1
1215820 1184.1
1215830 1192.0
1215840 1202.3
1215850 1212.6
1215860 1212.6
1215870 1222.5
1215880 1230.8
1215890 1230.8
1215900 1242.5
1215910 1251.5
1215920 1251.5
1215930 1260.2
1215940 1276.3
1215950 1276.3
1215960 1301.2
1215970 1325.2
1215980 1325.2
1215990 1337.5
1216000 1346.8
1216010 1346.8
1216020 1353.7
1216030 1359.7
1216040 1359.7
1216050 1365.3
1216060 1371.2
1216070 1371.2
1216080 1376.6
1216090 1382.1
1216100 1388.0
1216110 1388.0
1216120 1403.3
1216130 1410.2
1216140 1410.2
1216150 1416.6
1216160 1419.7
1216170 1419.7
1216180 1424.1
1216190 1430.5
1216200 1430.5
1216210 1436.5
1216220 1442.6
1216230 1442.6
1216240 1449.6
1216250 1455.6
1216260 1455.6
1216270 1462.4
1216280 1469.3
1216290 1469.3
1216300 1475.2
1216310 1482.4
1216320 1482.4
1216330 1490.4
1216340 1497.7
1216350 1506.6
1216360 1506.6
1216370 1512.8
1216380 1519.3
1216390 1519.3
1216400 1527.2
1216410 1536.1
1216420 1536.1
1216430 1543.1
1216440 1550.1
1216450 1550.1
1216460 1556.8
1216470 1562.5
1216480 1562.5
1216490 1570.2
1216500 1579.4
1216510 1579.4
1216520 1593.0
1216530 1606.0
1216540 1606.0
1216550 1616.2
1216560 1620.5
1216570 1620.5
1216580 1624.4
1216590 1644.8
1216600 1645.3
1216610 1645.3
1216620 1645.4
1216630 1648.6
1216640 1648.6
1216650 1659.0
1216660 1670.1
1216670 1670.1
1216680 1683.3
1216690 1694.7
1216700 1694.7
1216710 1707.4
1216720 1719.1
1216730 1719.1
1216740 1728.3
1216750 1739.5
1216760 1739.5
1216770 1749.1
1216780 1759.8
1216790 1759.8
1216800 1764.5
1216810 1764.0
1216820 1767.2
1216830 1767.2
1216840 1775.6
1216850 1782.5
1216860 1782.5
1216870 1787.4
1216880 1792.2
1216890 1792.2
1216900 1797.7
1216910 1801.5
1216920 1801.5
1216930 1810.4
1216940 1821.1
1216950 1821.1
1216960 1836.6
1216970 1850.4
1216980 1850.4
1216990 1858.5
1217000 1866.3
1217010 1866.3
1217020 1873.7
1217030 1880.8
1217040 1880.8
1217050 1887.9
1217060 1895.6
1217070 1907.6
1217080 1907.6
1217090 1925.0
1217100 1935.5
1217110 1935.5
1217120 1944.1
1217130 1951.0
1217140 1951.0
1217150 1956.3
1217160 1960.9
1217170 1960.9
1217180 1967.9
1217190 1976.0
1217200 1976.0
1217210 1981.4
1217220 1987.4
1217230 1987.4
1217240 1991.6
1217250 1993.9
1217260 1993.9
1217270 1998.3
1217280 2005.1
1217290 2005.1
1217300 2009.2
1217310 2012.5
1217320 2016.8
1217330 2016.8
1217340 2022.3
1217350 2026.6
1217360 2026.6
1217370 2032.0
1217380 2037.2
1217390 2037.2
1217400 2041.1
1217410 2048.0
1217420 2048.0
1217430 2056.3
1217440 2065.2
1217450 2065.2
1217460 2074.0
1217470 2083.0
1217480 2083.0
1217490 2090.9
1217500 2098.9
1217510 2098.9
1217520 2107.0
1217530 2115.2
1217540 2121.8
1217550 2121.8
1217560 2128.7
1217570 2134.7
1217580 2134.7
1217590 2140.1
1217600 2144.9
1217610 2144.9
1217620 2150.4
1217630 2156.1
1217640 2156.1
1217650 2160.8
1217660 2161.3
1217670 2161.3
1217680 2159.7
1217690 2159.1
1217700 2159.1
1217710 2158.9
1217720 2158.2
1217730 2158.2
1217740 2156.3
1217750 2154.1
1217760 2154.1
1217770 2152.0
1217780 2149.0
1217790 2145.8
1217800 2145.8
1217810 2142.8
1217820 2140.8
1217830 2140.8
1217840 2139.3
1217850 2136.6
1217860 2136.6
1217870 2132.9
1217880 2128.9
1217890 2128.9
1217900 2126.5
1217910 2125.2
1217920 2125.2
1217930 2123.4
1217940 2121.8
1217950 2121.8
1217960 2120.2
1217970 2119.3
1217980 2119.3
1217990 2119.1
1218000 2119.1
1218010 2119.1
1218020 2112.8
1218030 2112.6
1218040 2112.1
1218050 2112.1
1218060 2111.9
1218070 2112.1
1218080 2112.1
1218090 2112.0
1218100 2110.8
1218110 2110.8
1218120 2107.1
1218130 2103.9
1218140 2103.9
1218150 2105.0
1218160 2108.6
1218170 2108.6
1218180 2110.0
1218190 2109.9
1218200 2109.9
1218210 2109.3
1218220 2108.9
1218230 2108.9
1218240 2109.7
1218250 2110.8
1218260 2111.9
1218270 2111.9
1218280 2112.4
1218290 2112.7
1218300 2112.7
1218310 2112.6
1218320 2112.2
1218330 2112.2
1218340 2111.9
1218350 2112.0
1218360 2112.0
1218370 2112.1
1218380 2112.1
1218390 2112.1
1218400 2112.0
1218410 2111.3
1218420 2111.3
1218430 2111.0
1218440 2110.8
1218450 2110.8
1218460 2110.7
1218470 2109.9
1218480 2109.9
1218490 2109.1
1218500 2104.1
1218510 2103.6
1218520 2103.6
1218530 2104.1
1218540 2104.3
1218550 2104.3
1218560 2105.6
1218570 2106.7
1218580 2106.7
1218590 2107.4
1218600 2107.9
1218610 2107.9
1218620 2108.0
1218630 2107.5
1218640 2107.5
1218650 2108.5
1218660 2109.3
1218670 2109.3
1218680 2110.4
1218690 2111.9
1218700 2111.9
1218710 2113.1
1218720 2114.5
1218730 2114.5
1218740 2115.9
1218750 2116.9
1218760 2117.5
1218770 2117.5
1218780 2118.5
1218790 2119.5
1218800 2119.5
1218810 2118.6
1218820 2111.5
1218830 2111.5
1218840 2106.4
1218850 2109.1
1218860 2109.1
1218870 2110.9
1218880 2107.9
1218890 2107.9
1218900 2101.6
1218910 2095.1
1218920 2095.1
1218930 2090.6
1218940 2085.1
1218950 2085.1
1218960 2081.0
1218970 2078.5
1218980 2072.3
1218990 2068.1
1219000 2060.3
1219010 2053.4
1219020 2053.4
1219030 2054.1
1219040 2060.7
1219050 2060.7
1219060 2065.9
1219070 2070.1
1219080 2070.1
1219090 2074.1
1219100 2080.7
1219110 2080.7
1219120 2090.1
1219130 2098.5
1219140 2098.5
1219150 2102.6
1219160 2107.1
1219170 2107.1
1219180 2113.4
1219190 2120.3
1219200 2120.3
1219210 2128.2
1219220 2137.1
1219230 2145.8
1219240 2145.8
1219250 2153.2
1219260 2158.5
1219270 2158.5
1219280 2161.6
1219290 2164.9
1219300 2164.9
1219310 2170.9
1219320 2177.7
1219330 2177.7
1219340 2183.9
1219350 2193.6
1219360 2193.6
1219370 2204.7
1219380 2214.3
1219390 2214.3
1219400 2222.5
1219410 2229.0
1219420 2229.0
1219430 2235.3
1219440 2241.8
1219450 2237.7
1219460 2245.5
1219470 2254.9
1219480 2261.3
1219490 2261.3
1219500 2268.7
1219510 2275.3
1219520 2275.3
1219530 2281.3
1219540 2285.2
1219550 2285.2
1219560 2288.1
1219570 2291.1
1219580 2291.1
1219590 2294.1
1219600 2297.7
1219610 2297.7
1219620 2300.5
1219630 2302.8
1219640 2302.8
1219650 2305.2
1219660 2307.7
1219670 2307.7
1219680 2310.6
1219690 2312.9
1219700 2312.9
1219710 2315.4
1219720 2316.3
1219730 2319.4
1219740 2319.4
1219750 2326.8
1219760 2332.2
1219770 2332.2
1219780 2337.2
1219790 2342.1
1219800 2342.1
1219810 2345.8
1219820 2346.5
1219830 2346.5
1219840 2346.9
1219850 2348.9
1219860 2348.9
1219870 2349.6
1219880 2353.0
1219890 2353.0
1219900 2358.7
1219910 2368.9
1219920 2368.9
1219930 2387.7
1219940 2393.9
1219950 2399.7
1219960 2399.7
1219970 2405.4
1219980 2410.8
1219990 2410.8
1200000 2173.0
1200010 2176.0
1200020 2176.0
1200030 2178.7
1200040 2182.4
1200050 2182.4
1200060 2183.2
1200070 2185.9
1200080 2185.9
1200090 2191.3
1200100 2198.6
1200110 2198.6
1200120 2204.5
1200130 2208.8
1200140 2208.8
1200150 2211.1
1200160 2211.6
1200170 2209.9
1200180 2209.9
1200190 2205.3
1200200 2200.4
1200210 2200.4
1200220 2197.5
1200230 2198.0
1200240 2198.0
1200250 2200.9
1200260 2203.9
1200270 2203.9
1200280 2206.5
1200290 2209.0
1200300 2209.0
1200310 2211.9
1200320 2215.4
1200330 2215.4
1200340 2218.2
1200350 2220.6
1200360 2220.6
1200370 2222.7
1200380 2225.9
1200390 2225.9
1200400 2230.0
1200410 2235.7
1200420 2240.8
1200430 2240.8
1200440 2244.6
1200450 2247.4
1200460 2247.4
1200470 2249.9
1200480 2252.5
1200490 2252.5
1200500 2253.9
1200510 2256.2
1200520 2256.2
1200530 2259.7
1200540 2263.3
1200550 2263.3
1200560 2266.5
1200570 2268.6
1200580 2268.6
1200590 2266.3
1200600 2264.9
1200610 2264.9
1200620 2266.6
1200630 2269.5
1200640 2269.5
1200650 2272.4
1200660 2274.7
1200670 2277.0
1200680 2277.0
1200690 2278.3
1200700 2278.9
1200710 2278.9
1200720 2278.9
1200730 2278.0
1200740 2278.0
1200750 2277.5
1200760 2275.4
1200770 2275.4
1200780 2271.9
1200790 2266.6
1200800 2266.6
1200810 2261.5
1200820 2254.9
1200830 2254.9
1200840 2248.0
1200850 2242.5
1200860 2242.5
1200870 2236.7
1200880 2232.1
1200890 2227.1
1200900 2227.1
1200910 2222.1
1200920 2217.5
1200930 2219.3
1200940 2214.8
1200950 2210.3
1200960 2210.3
1200970 2205.7
1200980 2202.4
1200990 2202.4
1201000 2198.6
1201010 2193.8
1201020 2193.8
1201030 2189.5
1201040 2184.7
1201050 2184.7
1201060 2178.6
1201070 2172.0
1201080 2172.0
1201090 2166.0
1201100 2160.5
1201110 2160.5
1201120 2154.9
1201130 2149.5
1201140 2145.3
1201150 2145.3
1201160 2141.8
1201170 2136.4
1201180 2136.4
1201190 2130.6
1201200 2123.6
1201210 2123.6
1201220 2115.8
1201230 2108.2
1201240 2108.2
1201250 2102.6
1201260 2095.5
1201270 2095.5
1201280 2087.4
1201290 2081.7
1201300 2081.7
1201310 2075.9
1201320 2069.9
1201330 2069.9
1201340 2064.8
1201350 2059.8
1201360 2059.8
1201370 2054.6
1201380 2046.8
1201390 2042.9
1201400 2042.9
1201410 2040.5
1201420 2034.3
1201430 2034.3
1201440 2022.3
1201450 2009.3
1201460 2009.3
1201470 1998.4
1201480 1988.9
1201490 1988.9
1201500 1981.1
1201510 1972.9
1201520 1972.9
1201530 1964.6
1201540 1955.4
1201550 1955.4
1201560 1944.2
1201570 1936.5
1201580 1936.5
1201590 1929.7
1201600 1919.4
1201610 1915.7
1201620 1915.7
1201630 1912.9
1201640 1906.3
1201650 1906.3
1201660 1899.1
1201670 1888.2
1201680 1888.2
1201690 1875.0
1201700 1864.6
1201710 1864.6
1201720 1853.9
1201730 1844.4
1201740 1844.4
1201750 1836.3
1201760 1828.1
1201770 1828.1
1201780 1818.6
1201790 1811.9
1201800 1811.9
1201810 1803.6
1201820 1795.6
1201830 1795.4
1201840 1786.5
1201850 1778.9
1201860 1771.5
1201870 1771.5
1201880 1764.8
1201890 1758.5
1201900 1758.5
1201910 1752.4
1201920 1746.8
1201930 1746.8
1201940 1741.3
1201950 1735.7
1201960 1735.7
1201970 1730.4
1201980 1725.8
1201990 1725.8
1202000 1721.0
1202010 1716.2
1202020 1716.2
1202030 1711.5
1202040 1707.6
1202050 1707.6
1202060 1704.7
1202070 1703.7
1202080 1703.7
1202090 1703.0
1202100 1703.7
1202110 1705.1
1202120 1705.1
1202130 1707.5
1202140 1710.1
1202150 1710.1
1202160 1713.1
1202170 1716.3
1202180 1716.3
1202190 1719.3
1202200 1722.4
1202210 1722.4
1202220 1725.7
1202230 1729.5
1202240 1729.5
1202250 1733.9
1202260 1738.7
1202270 1738.7
1202280 1742.2
1202290 1747.9
1202300 1747.9
1202310 1754.2
1202320 1760.3
1202330 1760.3
1202340 1766.4
1202350 1772.0
1202360 1777.9
1202370 1777.9
1202380 1783.6
1202390 1789.3
1202400 1789.3
1202410 1795.4
1202420 1802.0
1202430 1802.0
1202440 1809.3
1202450 1817.1
1202460 1817.1
1202470 1824.7
1202480 1831.2
1202490 1831.2
1202500 1837.0
1202510 1842.4
1202520 1842.4
1202530 1848.3
1202540 1853.9
1202550 1853.9
1202560 1859.8
1202570 1865.7
1202580 1871.0
1202590 1871.0
1202600 1876.1
1202610 1881.0
1202620 1881.0
1202630 1885.9
1202640 1890.7
1202650 1890.7
1202660 1895.6
1202670 1900.5
1202680 1900.5
1202690 1905.4
1202700 1910.6
1202710 1910.6
1202720 1915.8
1202730 1922.1
1202740 1922.1
1202750 1927.5
1202760 1932.8
1202770 1932.8
1202780 1938.2
1202790 1943.8
1202800 1943.8
1202810 1949.4
1202820 1954.8
1202830 1960.8
1202840 1960.8
1202850 1967.0
1202860 1973.0
1202870 1973.0
1202880 1978.6
1202890 1984.2
1202900 1984.2
1202910 1989.8
1202920 1995.5
1202930 1995.5
1202940 2002.0
1202950 2008.9
1202960 2008.9
1202970 2016.0
1202980 2023.2
1202990 2023.2
1203000 2030.2
1203010 2037.7
1203020 2037.7
1203030 2045.2
1203040 2053.5
1203050 2053.5
1203060 2061.8
1203070 2070.6
1203080 2079.3
1203090 2079.3
1203100 2089.4
1203110 2098.7
1203120 2098.7
1203130 2106.1
1203140 2112.9
1203150 2112.9
1203160 2120.8
1203170 2130.5
1203180 2131.0
1203190 2139.1
1203200 2147.9
1203210 2147.9
1203220 2156.2
1203230 2164.6
1203240 2164.6
1203250 2173.4
1203260 2183.1
1203270 2183.1
1203280 2195.3
1203290 2208.9
1203300 2208.9
1203310 2219.4
1203320 2229.3
1203330 2237.1
1203340 2237.1
1203350 2245.1
1203360 2252.8
1203370 2252.8
1203380 2259.4
1203390 2263.8
1203400 2263.8
1203410 2259.6
1203420 2253.2
1203430 2253.2
1203440 2238.1
1203450 2224.1
1203460 2224.1
1203470 2214.8
1203480 2208.2
1203490 2208.2
1203500 2203.5
1203510 2195.9
1203520 2195.9
1203530 2181.1
1203540 2167.6
1203550 2157.4
1203560 2157.4
1203570 2149.3
1203580 2139.3
1203590 2139.3
1203600 2127.5
1203610 2118.6
1203620 2118.6
1203630 2113.6
1203640 2105.5
1203650 2105.5
1203660 2098.0
1203670 2089.3
1203680 2089.3
1203690 2080.8
1203700 2071.7
1203710 2071.7
1203720 2061.1
1203730 2052.0
1203740 2052.0
1203750 2045.6
1203760 2039.2
1203770 2039.2
1203780 2033.4
1203790 2027.9
1203800 2022.7
1203810 2022.7
1203820 2018.0
1203830 2014.6
1203840 2014.6
1203850 2013.2
1203860 2012.2
1203870 2012.2
1203880 2010.7
1203890 2009.9
1203900 2009.9
1203910 2010.0
1203920 2009.6
1203930 2009.6
1203940 2009.9
1203950 2009.6
1203960 2009.6
1203970 2008.7
1203980 2008.3
1203990 2008.3
1204000 2007.2
1204010 2005.0
1204020 2005.0
1204030 2002.4
1204040 1999.8
1204050 1996.0
1204060 1996.0
1204070 1994.4
1204080 1996.4
1204090 1999.9
1204100 1999.7
1204110 2000.5
1204120 2000.5
1204130 2001.5
1204140 2002.1
1204150 2002.1
1204160 2002.3
1204170 2001.6
1204180 2001.6
1204190 2003.6
1204200 2006.2
1204210 2006.2
1204220 2008.4
1204230 2010.4
1204240 2010.4
1204250 2012.8
1204260 2014.7
1204270 2018.9
1204280 2018.9
1204290 2024.6
1204300 2029.6
1204310 2029.6
1204320 2034.9
1204330 2040.7
1204340 2040.7
1204350 2046.6
1204360 2053.2
1204370 2053.2
1204380 2060.2
1204390 2068.0
1204400 2068.0
1204410 2079.3
1204420 2102.9
1204430 2102.9
1204440 2115.6
1204450 2121.8
1204460 2121.8
1204470 2126.0
1204480 2132.7
1204490 2132.7
1204500 2140.6
1204510 2149.0
1204520 2158.4
1204530 2158.4
1204540 2166.9
1204550 2174.0
1204560 2174.0
1204570 2180.0
1204580 2184.8
1204590 2184.8
1204600 2187.5
1204610 2188.9
1204620 2188.9
1204630 2191.0
1204640 2193.9
1204650 2193.9
1204660 2199.5
1204670 2202.4
1204680 2202.4
1204690 2201.5
1204700 2202.7
1204710 2202.7
1204720 2208.6
1204730 2217.7
1204740 2217.7
1204750 2228.7
1204760 2241.6
1204770 2251.6
1204780 2251.6
1204790 2260.7
1204800 2270.5
1204810 2270.5
1204820 2277.5
1204830 2279.6
1204840 2279.6
1204850 2279.2
1204860 2283.2
1204870 2283.2
1204880 2289.8
1204890 2297.8
1204900 2297.8
1204910 2306.3
1204920 2314.9
1204930 2314.9
1204940 2323.2
1204950 2330.6
1204960 2330.6
1204970 2335.5
1204980 2337.8
1204990 2343.8
1205000 2346.0
1205010 2348.6
1205020 2352.9
1205030 2352.9
1205040 2356.9
1205050 2361.8
1205060 2361.8
1205070 2366.8
1205080 2372.7
1205090 2372.7
1205100 2379.2
1205110 2385.6
1205120 2385.6
1205130 2391.8
1205140 2398.7
1205150 2398.7
1205160 2405.7
1205170 2412.6
1205180 2412.6
1205190 2418.5
1205200 2424.4
1205210 2424.4
1205220 2429.8
1205230 2434.8
1205240 2439.2
1205250 2439.2
1205260 2442.4
1205270 2444.1
1205280 2444.1
1205290 2439.2
1205300 2433.5
1205310 2433.5
1205320 2429.1
1205330 2425.1
1205340 2425.1
1205350 2421.6
1205360 2417.8
1205370 2417.8
1205380 2413.4
1205390 2409.6
1205400 2409.6
1205410 2404.7
1205420 2399.5
1205430 2399.5
1205440 2395.7
1205450 2390.1
1205460 2390.1
1205470 2386.4
1205480 2383.4
1205490 2380.0
1205500 2380.0
1205510 2375.9
1205520 2372.6
1205530 2372.6
1205540 2370.2
1205550 2367.6
1205560 2367.6
1205570 2364.9
1205580 2362.8
1205590 2362.8
1205600 2362.3
1205610 2359.9
1205620 2359.9
1205630 2356.7
1205640 2355.2
1205650 2355.2
1205660 2351.6
1205670 2346.8
1205680 2346.8
1205690 2342.6
1205700 2337.4
1205710 2337.4
1205720 2331.3
1205730 2325.4
1205740 2320.5
1205750 2320.5
1205760 2315.6
1205770 2310.7
1205780 2310.7
1205790 2306.1
1205800 2301.8
1205810 2301.8
1205820 2297.1
1205830 2291.6
1205840 2291.6
1205850 2285.9
1205860 2281.9
1205870 2281.9
1205880 2279.3
1205890 2278.5
1205900 2277.2
1205910 2276.7
1205920 2276.4
1205930 2276.4
1205940 2276.9
1205950 2276.9
1205960 2276.6
1205970 2276.6
1205980 2276.0
1205990 2275.3
1206000 2275.3
1206010 2274.5
1206020 2274.2
1206030 2274.2
1206040 2273.6
1206050 2273.0
1206060 2273.0
1206070 2272.3
1206080 2272.4
1206090 2272.4
1206100 2272.6
1206110 2272.8
1206120 2272.8
1206130 2273.5
1206140 2274.2
1206150 2274.2
1206160 2275.1
1206170 2276.0
1206180 2276.0
1206190 2278.9
1206200 2283.2
1206210 2288.7
1206220 2288.7
1206230 2294.2
1206240 2297.5
1206250 2297.5
1206260 2298.8
1206270 2299.6
1206280 2299.6
1206290 2300.7
1206300 2301.8
1206310 2301.8
1206320 2304.5
1206330 2305.8
1206340 2305.8
1206350 2304.8
1206360 2309.9
1206370 2309.9
1206380 2310.8
1206390 2311.4
1206400 2311.4
1206410 2310.1
1206420 2310.4
1206430 2310.4
1206440 2313.4
1206450 2318.6
1206460 2324.5
1206470 2324.5
1206480 2331.0
1206490 2337.1
1206500 2337.1
1206510 2340.6
1206520 2341.1
1206530 2341.1
1206540 2340.8
1206550 2340.8
1206560 2340.8
1206570 2341.2
1206580 2341.8
1206590 2341.8
1206600 2342.6
1206610 2344.0
1206620 2344.0
1206630 2345.3
1206640 2346.7
1206650 2346.7
1206660 2347.9
1206670 2349.0
1206680 2349.0
1206690 2350.8
1206700 2352.8
1206710 2356.7
1206720 2356.7
1206730 2361.0
1206740 2365.8
1206750 2365.8
1206760 2372.3
1206770 2380.1
1206780 2380.1
1206790 2388.0
1206800 2395.7
1206810 2395.7
1206820 2402.5
1206830 2410.4
1206840 2410.4
1206850 2419.2
1206860 2427.6
1206870 2427.6
1206880 2434.7
1206890 2440.9
1206900 2440.9
1206910 2448.1
1206920 2454.1
1206930 2459.6
1206940 2459.6
1206950 2464.9
1206960 2471.4
1206970 2471.4
1206980 2478.5
1206990 2485.7
1207000 2485.7
1207010 2492.7
1207020 2499.4
1207030 2499.4
1207040 2506.7
1207050 2516.0
1207060 2516.0
1207070 2524.5
1207080 2532.0
1207090 2532.0
1207100 2540.7
1207110 2546.8
1207120 2546.8
1207130 2551.6
1207140 2556.6
1207150 2556.6
1207160 2561.7
1207170 2567.1
1207180 2575.6
1207190 2575.6
1207200 2585.2
1207210 2592.1
1207220 2592.1
1207230 2600.0
1207240 2605.4
1207250 2605.4
1207260 2610.1
1207270 2614.0
1207280 2617.9
1207290 2620.1
1207300 2620.4
1207310 2620.4
1207320 2622.7
1207330 2627.6
1207340 2627.6
1207350 2633.7
1207360 2642.2
1207370 2642.2
1207380 2649.9
1207390 2656.3
1207400 2656.3
1207410 2661.8
1207420 2658.6
1207430 2652.8
1207440 2652.8
1207450 2647.3
1207460 2638.8
1207470 2638.8
1207480 2626.5
1207490 2614.4
1207500 2614.4
1207510 2606.1
1207520 2599.5
1207530 2599.5
1207540 2590.4
1207550 2580.1
1207560 2580.1
1207570 2571.4
1207580 2565.3
1207590 2565.3
1207600 2559.9
1207610 2554.4
1207620 2554.4
1207630 2549.9
1207640 2546.2
1207650 2542.1
1207660 2542.1
1207670 2537.8
1207680 2534.7
1207690 2534.7
1207700 2534.5
1207710 2530.3
1207720 2530.3
1207730 2522.9
1207740 2522.7
1207750 2522.7
1207760 2524.9
1207770 2526.7
1207780 2526.7
1207790 2525.3
1207800 2522.9
1207810 2522.9
1207820 2522.6
1207830 2523.4
1207840 2523.4
1207850 2523.4
1207860 2521.3
1207870 2521.3
1207880 2522.0
1207890 2519.8
1207900 2517.7
1207910 2517.7
1207920 2516.9
1207930 2514.0
1207940 2514.0
1207950 2510.0
1207960 2504.9
1207970 2504.9
1207980 2497.2
1207990 2488.0
1208000 2488.0
1208010 2478.0
1208020 2468.5
1208030 2468.5
1208040 2458.9
1208050 2446.6
1208060 2446.6
1208070 2439.6
1208080 2434.1
1208090 2434.1
1208100 2427.0
1208110 2420.7
1208120 2420.7
1208130 2418.2
1208140 2415.1
1208150 2412.9
1208160 2412.9
1208170 2410.9
1208180 2408.9
1208190 2412.1
1208200 2409.4
1208210 2407.4
1208220 2407.4
1208230 2403.2
1208240 2396.4
1208250 2396.4
1208260 2391.1
1208270 2389.7
1208280 2389.7
1208290 2389.0
1208300 2386.2
1208310 2386.2
1208320 2381.2
1208330 2376.0
1208340 2376.0
1208350 2371.5
1208360 2368.6
1208370 2368.6
1208380 2366.5
1208390 2364.9
1208400 2364.9
1208410 2364.9
1208420 2365.5
1208430 2367.0
1208440 2367.0
1208450 2368.6
1208460 2366.8
1208470 2366.8
1208480 2363.9
1208490 2364.0
1208500 2364.0
1208510 2364.4
1208520 2363.6
1208530 2363.6
1208540 2363.2
1208550 2362.8
1208560 2362.8
1208570 2363.2
1208580 2363.4
1208590 2363.4
1208600 2363.3
1208610 2363.8
1208620 2365.2
1208630 2365.2
1208640 2365.7
1208650 2360.2
1208660 2360.2
1208670 2358.1
1208680 2356.4
1208690 2356.4
1208700 2356.0
1208710 2357.6
1208720 2357.6
1208730 2360.0
1208740 2361.2
1208750 2361.2
1208760 2361.6
1208770 2362.7
1208780 2362.7
1208790 2363.4
1208800 2362.8
1208810 2362.8
1208820 2361.7
1208830 2362.6
1208840 2362.6
1208850 2360.4
1208860 2355.2
1208870 2350.8
1208880 2350.8
1208890 2347.9
1208900 2338.3
1208910 2338.3
1208920 2323.5
1208930 2315.4
1208940 2315.4
1208950 2309.8
1208960 2305.6
1208970 2305.6
1208980 2301.0
1208990 2295.8
1209000 2295.8
1209010 2290.9
1209020 2287.5
1209030 2287.5
1209040 2285.9
1209050 2285.3
1209060 2285.3
1209070 2286.6
1209080 2288.3
1209090 2288.3
1209100 2289.5
1209110 2286.7
1209120 2290.5
1209130 2290.5
1209140 2295.6
1209150 2300.8
1209160 2300.8
1209170 2303.6
1209180 2302.0
1209190 2302.0
1209200 2300.0
1209210 2297.0
1209220 2297.0
1209230 2292.9
1209240 2289.8
1209250 2289.8
1209260 2287.8
1209270 2285.0
1209280 2285.0
1209290 2281.7
1209300 2279.0
1209310 2279.0
1209320 2276.6
1209330 2274.5
1209340 2273.1
1209350 2273.1
1209360 2272.4
1209370 2271.4
1209380 2271.4
1209390 2269.2
1209400 2267.0
1209410 2267.0
1209420 2264.6
1209430 2262.0
1209440 2262.0
1209450 2259.8
1209460 2258.0
1209470 2258.0
1209480 2255.6
1209490 2253.1
1209500 2253.1
1209510 2250.3
1209520 2246.2
1209530 2246.2
1209540 2241.1
1209550 2238.9
1209560 2238.9
1209570 2238.7
1209580 2233.7
1209590 2232.1
1209600 2232.1
1209610 2229.4
1209620 2224.6
1209630 2224.6
1209640 2221.4
1209650 2220.7
1209660 2220.7
1209670 2219.9
1209680 2218.7
1209690 2218.7
1209700 2217.1
1209710 2214.6
1209720 2214.6
1209730 2211.4
1209740 2207.0
1209750 2207.0
1209760 2201.0
1209770 2196.3
1209780 2196.3
1209790 2192.3
1209800 2191.0
1209810 2191.0
1209820 2188.0
1209830 2181.1
1209840 2173.5
1209850 2173.5
1209860 2165.4
1209870 2157.3
1209880 2157.3
1209890 2149.7
1209900 2142.3
1209910 2142.3
1209920 2134.6
1209930 2128.0
1209940 2128.0
1209950 2122.6
1209960 2117.5
1209970 2117.5
1209980 2112.7
1209990 2109.8
1210000 2109.8
1210010 2108.4
1210020 2107.1
1210030 2107.1
1210040 2101.3
1210050 2099.8
1210060 2099.8
1210070 2097.4
1210080 2094.8
1210090 2093.2
1210100 2093.2
1210110 2092.2
1210120 2091.5
1210130 2091.5
1210140 2090.5
1210150 2088.1
1210160 2088.1
1210170 2084.8
1210180 2081.6
1210190 2081.6
1210200 2078.5
1210210 2075.2
1210220 2075.2
1210230 2072.0
1210240 2068.6
1210250 2068.6
1210260 2065.3
1210270 2063.6
1210280 2063.6
1210290 2061.9
1210300 2060.0
1210310 2057.0
1210320 2057.0
1210330 2053.2
1210340 2048.6
1210350 2048.6
1210360 2044.9
1210370 2041.5
1210380 2041.5
1210390 2037.2
1210400 2034.4
1210410 2034.4
1210420 2031.4
1210430 2027.7
1210440 2027.7
1210450 2023.2
1210460 2016.9
1210470 2016.9
1210480 2008.9
1210490 2000.8
1210500 1998.6
1210510 1991.7
1210520 1986.2
1210530 1986.2
1210540 1981.5
1210550 1977.2
1210560 1971.8
1210570 1971.8
1210580 1965.3
1210590 1958.0
1210600 1958.0
1210610 1951.8
1210620 1946.2
1210630 1946.2
1210640 1940.2
1210650 1933.8
1210660 1933.8
1210670 1927.7
1210680 1922.5
1210690 1922.5
1210700 1916.5
1210710 1910.8
1210720 1910.8
1210730 1905.0
1210740 1899.1
1210750 1899.1
1210760 1893.9
1210770 1888.0
1210780 1888.0
1210790 1883.4
1210800 1877.9
1210810 1873.2
1210820 1873.2
1210830 1868.3
1210840 1865.3
1210850 1865.3
1210860 1863.2
1210870 1861.3
1210880 1861.3
1210890 1860.2
1210900 1859.0
1210910 1859.0
1210920 1858.1
1210930 1857.2
1210940 1857.2
1210950 1856.2
1210960 1855.2
1210970 1855.2
1210980 1853.0
1210990 1852.1
1211000 1852.1
1211010 1852.2
1211020 1852.2
1211030 1854.0
1211040 1854.0
1211050 1855.7
1211060 1855.6
1211070 1855.6
1211080 1854.4
1211090 1853.6
1211100 1853.6
1211110 1852.4
1211120 1851.2
1211130 1851.2
1211140 1849.3
1211150 1847.1
1211160 1847.1
1211170 1844.1
1211180 1842.6
1211190 1842.6
1211200 1842.6
1211210 1842.2
1211220 1842.2
1211230 1842.4
1211240 1845.0
1211250 1845.0
1211260 1849.1
1211270 1853.7
1211280 1857.5
1211290 1857.5
1211300 1861.6
1211310 1866.0
1211320 1866.0
1211330 1870.4
1211340 1874.8
1211350 1874.8
1211360 1879.3
1211370 1883.9
1211380 1883.9
1211390 1888.1
1211400 1892.3
1211410 1892.3
1211420 1895.9
1211430 1904.2
1211440 1904.2
1211450 1908.9
1211460 1913.9
1211470 1913.9
1211480 1918.7
1211490 1923.9
1211500 1923.9
1211510 1927.0
1211520 1929.1
1211530 1930.2
1211540 1930.2
1211550 1931.2
1211560 1932.4
1211570 1932.4
1211580 1934.0
1211590 1937.2
1211600 1937.2
1211610 1941.7
1211620 1943.8
1211630 1943.8
1211640 1944.8
1211650 1945.3
1211660 1945.3
1211670 1946.1
1211680 1946.5
1211690 1946.5
1211700 1944.8
1211710 1942.2
1211720 1942.2
1211730 1939.8
1211740 1937.8
1211750 1935.8
1211760 1935.8
1211770 1933.3
1211780 1930.2
1211790 1930.2
1211800 1926.5
1211810 1922.4
1211820 1922.4
1211830 1918.0
1211840 1913.7
1211850 1913.7
1211860 1909.3
1211870 1904.2
1211880 1904.2
1211890 1898.3
1211900 1888.4
1211910 1888.4
1211920 1882.7
1211930 1876.8
1211940 1876.8
1211950 1871.0
1211960 1866.1
1211970 1866.1
1211980 1861.6
1211990 1857.6
1212000 1854.1
1212010 1854.1
1212020 1849.6
1212030 1844.3
1212040 1844.3
1212050 1839.4
1212060 1835.6
1212070 1835.6
1212080 1831.4
1212090 1826.8
1212100 1826.8
1212110 1821.9
1212120 1816.3
1212130 1816.3
1212140 1810.8
1212150 1804.4
1212160 1804.4
1212170 1798.0
1212180 1791.8
1212190 1791.8
1212200 1786.6
1212210 1781.2
1212220 1781.2
1212230 1775.4
1212240 1768.0
1212250 1760.2
1212260 1760.2
1212270 1751.6
1212280 1744.5
1212290 1744.5
1212300 1738.4
1212310 1733.4
1212320 1733.4
1212330 1728.7
1212340 1723.6
1212350 1723.6
1212360 1721.6
1212370 1715.5
1212380 1715.5
1212390 1710.5
1212400 1706.3
1212410 1706.3
1212420 1701.6
1212430 1695.6
1212440 1695.6
1212450 1688.0
1212460 1682.1
1212470 1682.1
1212480 1676.4
1212490 1670.3
1212500 1663.2
1212510 1663.2
1212520 1655.6
1212530 1648.4
1212540 1648.4
1212550 1640.2
1212560 1630.8
1212570 1630.8
1212580 1622.8
1212590 1615.3
1212600 1615.3
1212610 1606.1
1212620 1597.8
1212630 1597.8
1212640 1588.1
1212650 1578.2
1212660 1578.2
1212670 1570.7
1212680 1564.3
1212690 1564.3
1212700 1556.5
1212710 1549.7
1212720 1542.7
1212730 1542.7
1212740 1533.1
1212750 1524.6
1212760 1524.6
1212770 1517.1
1212780 1507.3
1212790 1507.3
1212800 1495.6
1212810 1480.0
1212820 1480.0
1212830 1468.3
1212840 1455.5
1212850 1455.5
1212860 1445.1
1212870 1429.6
1212880 1429.6
1212890 1410.9
1212900 1400.9
1212910 1400.9
1212920 1393.3
1212930 1385.7
1212940 1385.7
1212950 1378.5
1212960 1369.8
1212970 1360.4
1212980 1360.4
1212990 1351.4
1213000 1344.2
1213010 1344.2
1213020 1338.4
1213030 1331.2
1213040 1331.2
1213050 1325.5
1213060 1318.6
1213070 1318.6
1213080 1311.9
1213090 1305.1
1213100 1305.1
1213110 1296.9
1213120 1290.2
1213130 1290.2
1213140 1285.5
1213150 1281.1
1213160 1281.1
1213170 1273.1
1213180 1263.2
1213190 1263.2
1213200 1255.5
1213210 1244.8
1213220 1234.1
1213230 1234.1
1213240 1225.1
1213250 1214.2
1213260 1214.2
1213270 1201.5
1213280 1188.5
1213290 1188.5
1213300 1185.5
1213310 1175.3
1213320 1175.3
1213330 1167.5
1213340 1158.9
1213350 1158.9
1213360 1150.8
1213370 1142.9
1213380 1142.9
1213390 1136.4
1213400 1132.2
1213410 1132.2
1213420 1124.8
1213430 1116.4
1213440 1108.2
1213450 1108.2
1213460 1100.0
1213470 1092.7
1213480 1092.7
1213490 1085.2
1213500 1078.5
1213510 1078.5
1213520 1072.4
1213530 1066.1
1213540 1066.1
1213550 1060.9
1213560 1056.2
1213570 1056.2
1213580 1051.1
1213590 1044.9
1213600 1044.9
1213610 1038.9
1213620 1033.7
1213630 1033.7
1213640 1028.6
1213650 1023.7
1213660 1023.7
1213670 1018.8
1213680 1014.1
1213690 1010.0
1213700 1010.0
1213710 1006.3
1213720 1002.8
1213730 1002.8
1213740 999.0
1213750 994.5
1213760 994.5
1213770 990.6
1213780 987.6
1213790 987.6
1213800 987.0
1213810 986.8
1213820 986.8
1213830 984.8
1213840 979.5
1213850 979.5
1213860 976.5
1213870 974.4
1213880 974.4
1213890 972.6
1213900 970.6
1213910 970.6
1213920 968.7
1213930 966.9
1213940 965.3
1213950 965.3
1213960 963.9
1213970 962.7
1213980 962.7
1213990 961.5
1214000 960.5
1214010 960.5
1214020 959.6
1214030 958.8
1214040 958.8
1214050 958.0
1214060 957.0
1214070 957.0
1214080 956.0
1214090 954.9
1214100 954.9
1214110 953.7
1214120 952.7
1214130 952.7
1214140 951.9
1214150 951.2
1214160 951.2
1214170 950.7
1214180 950.4
1214190 950.6
1214200 950.6
1214210 951.9
1214220 954.0
1214230 954.0
1214240 954.4
1214250 954.5
1214260 954.5
1214270 954.5
1214280 954.2
1214290 954.2
1214300 952.5
1214310 950.1
1214320 950.1
1214330 948.9
1214340 948.6
1214350 948.6
1214360 948.3
1214370 948.2
1214380 948.2
1214390 947.9
1214400 947.4
1214410 947.6
1214420 947.6
1214430 947.3
1214440 946.7
1214450 946.7
1214460 946.1
1214470 944.4
1214480 944.4
1214490 941.9
1214500 940.6
1214510 940.6
1214520 938.5
1214530 935.4
1214540 935.4
1214550 931.9
1214560 929.6
1214570 929.6
1214580 929.2
1214590 927.7
1214600 927.7
1214610 927.4
1214620 928.2
1214630 928.2
1214640 929.1
1214650 927.9
1214660 927.6
1214670 927.6
1214680 927.2
1214690 927.1
1214700 927.1
1214710 927.2
1214720 927.1
1214730 927.1
1214740 927.0
1214750 926.9
1214760 926.9
1214770 926.8
1214780 926.6
1214790 926.6
1214800 926.4
1214810 927.4
1214820 927.4
1214830 928.3
1214840 927.2
1214850 927.2
1214860 926.7
1214870 926.7
1214880 926.7
1214890 926.7
1214900 926.8
1214910 926.9
1214920 926.9
1214930 927.1
1214940 927.1
1214950 927.1
1214960 927.1
1214970 926.5
1214980 926.5
1214990 926.4
1215000 926.4
1215010 926.4
1215020 926.7
1215030 927.2
1215040 927.2
1215050 927.1
1215060 926.9
1215070 926.9
1215080 926.9
1215090 926.8
1215100 926.8
1215110 926.8
1215120 927.8
1215130 929.1
1215140 929.1
1215150 929.8
1215160 929.8
1215170 929.8
1215180 931.3
1215190 932.0
1215200 932.0
1215210 932.9
1215220 934.5
1215230 934.5
1215240 936.2
1215250 940.4
1215260 940.4
1215270 946.1
1215280 952.4
1215290 952.4
1215300 958.6
1215310 963.8
1215320 963.8
1215330 969.8
1215340 975.9
1215350 975.9
1215360 982.4
1215370 989.0
1215380 995.0
1215390 995.0
1215400 1001.6
1215410 1007.7
1215420 1007.7
1215430 1013.6
1215440 1020.2
1215450 1020.2
1215460 1026.6
1215470 1033.2
1215480 1033.2
1215490 1039.0
1215500 1044.3
1215510 1044.3
1215520 1050.1
1215530 1056.6
1215540 1056.6
1215550 1061.5
1215560 1066.7
1215570 1066.7
1215580 1072.5
1215590 1078.8
1215600 1078.8
1215610 1083.8
1215620 1089.6
1215630 1096.4
1215640 1096.4
1215650 1097.0
1215660 1104.8
1215670 1104.8
1215680 1114.0
1215690 1124.0
1215700 1124.0
1215710 1131.2
1215720 1138.2
1215730 1138.2
1215740 1146.1
1215750 1155.4
1215760 1155.4
1215770 1161.9
1215780 1168.5
1215790 1168.5
1215800 1176.4
1215810 1184.1
1215820 1184.1
1215830 1192.0
1215840 1202.3
1215850 1212.6
1215860 1212.6
1215870 1222.5
1215880 1230.8
1215890 1230.8
1215900 1242.5
1215910 1251.5
1215920 1251.5
1215930 1260.2
1215940 1276.3
1215950 1276.3
1215960 1301.2
1215970 1325.2
1215980 1325.2
1215990 1337.5
1216000 1346.8
1216010 1346.8
1216020 1353.7
1216030 1359.7
1216040 1359.7
1216050 1365.3
1216060 1371.2
1216070 1371.2
1216080 1376.6
1216090 1382.1
1216100 1388.0
1216110 1388.0
1216120 1403.3
1216130 1410.2
1216140 1410.2
1216150 1416.6
1216160 1419.7
1216170 1419.7
1216180 1424.1
1216190 1430.5
1216200 1430.5
1216210 1436.5
1216220 1442.6
1216230 1442.6
1216240 1449.6
1216250 1455.6
1216260 1455.6
1216270 1462.4
1216280 1469.3
1216290 1469.3
1216300 1475.2
1216310 1482.4
1216320 1482.4
1216330 1490.4
1216340 1497.7
1216350 1506.6
1216360 1506.6
1216370 1512.8
1216380 1519.3
1216390 1519.3
1216400 1527.2
1216410 1536.1
1216420 1536.1
1216430 1543.1
1216440 1550.1
1216450 1550.1
1216460 1556.8
1216470 1562.5
1216480 1562.5
1216490 1570.2
1216500 1579.4
1216510 1579.4
1216520 1593.0
1216530 1606.0
1216540 1606.0
1216550 1616.2
1216560 1620.5
1216570 1620.5
1216580 1624.4
1216590 1644.8
1216600 1645.3
1216610 1645.3
1216620 1645.4
1216630 1648.6
1216640 1648.6
1216650 1659.0
1216660 1670.1
1216670 1670.1
1216680 1683.3
1216690 1694.7
1216700 1694.7
1216710 1707.4
1216720 1719.1
1216730 1719.1
1216740 1728.3
1216750 1739.5
1216760 1739.5
1216770 1749.1
1216780 1759.8
1216790 1759.8
1216800 1764.5
1216810 1764.0
1216820 1767.2
1216830 1767.2
1216840 1775.6
1216850 1782.5
1216860 1782.5
1216870 1787.4
1216880 1792.2
1216890 1792.2
1216900 1797.7
1216910 1801.5
1216920 1801.5
1216930 1810.4
1216940 1821.1
1216950 1821.1
1216960 1836.6
1216970 1850.4
1216980 1850.4
1216990 1858.5
1217000 1866.3
1217010 1866.3
1217020 1873.7
1217030 1880.8
1217040 1880.8
1217050 1887.9
1217060 1895.6
1217070 1907.6
1217080 1907.6
1217090 1925.0
1217100 1935.5
1217110 1935.5
1217120 1944.1
1217130 1951.0
1217140 1951.0
1217150 1956.3
1217160 1960.9
1217170 1960.9
1217180 1967.9
1217190 1976.0
1217200 1976.0
1217210 1981.4
1217220 1987.4
1217230 1987.4
1217240 1991.6
1217250 1993.9
1217260 1993.9
1217270 1998.3
1217280 2005.1
1217290 2005.1
1217300 2009.2
1217310 2012.5
1217320 2016.8
1217330 2016.8
1217340 2022.3
1217350 2026.6
1217360 2026.6
1217370 2032.0
1217380 2037.2
1217390 2037.2
1217400 2041.1
1217410 2048.0
1217420 2048.0
1217430 2056.3
1217440 2065.2
1217450 2065.2
1217460 2074.0
1217470 2083.0
1217480 2083.0
1217490 2090.9
1217500 2098.9
1217510 2098.9
1217520 2107.0
1217530 2115.2
1217540 2121.8
1217550 2121.8
1217560 2128.7
1217570 2134.7
1217580 2134.7
1217590 2140.1
1217600 2144.9
1217610 2144.9
1217620 2150.4
1217630 2156.1
1217640 2156.1
1217650 2160.8
1217660 2161.3
1217670 2161.3
1217680 2159.7
1217690 2159.1
1217700 2159.1
1217710 2158.9
1217720 2158.2
1217730 2158.2
1217740 2156.3
1217750 2154.1
1217760 2154.1
1217770 2152.0
1217780 2149.0
1217790 2145.8
1217800 2145.8
1217810 2142.8
1217820 2140.8
1217830 2140.8
1217840 2139.3
1217850 2136.6
1217860 2136.6
1217870 2132.9
1217880 2128.9
1217890 2128.9
1217900 2126.5
1217910 2125.2
1217920 2125.2
1217930 2123.4
1217940 2121.8
1217950 2121.8
1217960 2120.2
1217970 2119.3
1217980 2119.3
1217990 2119.1
1218000 2119.1
1218010 2119.1
1218020 2112.8
1218030 2112.6
1218040 2112.1
1218050 2112.1
1218060 2111.9
1218070 2112.1
1218080 2112.1
1218090 2112.0
1218100 2110.8
1218110 2110.8
1218120 2107.1
1218130 2103.9
1218140 2103.9
1218150 2105.0
1218160 2108.6
1218170 2108.6
1218180 2110.0
1218190 2109.9
1218200 2109.9
1218210 2109.3
1218220 2108.9
1218230 2108.9
1218240 2109.7
1218250 2110.8
1218260 2111.9
1218270 2111.9
1218280 2112.4
1218290 2112.7
1218300 2112.7
1218310 2112.6
1218320 2112.2
1218330 2112.2
1218340 2111.9
1218350 2112.0
1218360 2112.0
1218370 2112.1
1218380 2112.1
1218390 2112.1
1218400 2112.0
1218410 2111.3
1218420 2111.3
1218430 2111.0
1218440 2110.8
1218450 2110.8
1218460 2110.7
1218470 2109.9
1218480 2109.9
1218490 2109.1
1218500 2104.1
1218510 2103.6
1218520 2103.6
1218530 2104.1
1218540 2104.3
1218550 2104.3
1218560 2105.6
1218570 2106.7
1218580 2106.7
1218590 2107.4
1218600 2107.9
1218610 2107.9
1218620 2108.0
1218630 2107.5
1218640 2107.5
1218650 2108.5
1218660 2109.3
1218670 2109.3
1218680 2110.4
1218690 2111.9
1218700 2111.9
1218710 2113.1
1218720 2114.5
1218730 2114.5
1218740 2115.9
1218750 2116.9
1218760 2117.5
1218770 2117.5
1218780 2118.5
1218790 2119.5
1218800 2119.5
1218810 2118.6
1218820 2111.5
1218830 2111.5
1218840 2106.4
1218850 2109.1
1218860 2109.1
1218870 2110.9
1218880 2107.9
1218890 2107.9
1218900 2101.6
1218910 2095.1
1218920 2095.1
1218930 2090.6
1218940 2085.1
1218950 2085.1
1218960 2081.0
1218970 2078.5
1218980 2072.3
1218990 2068.1
1219000 2060.3
1219010 2053.4
1219020 2053.4
1219030 2054.1
1219040 2060.7
1219050 2060.7
1219060 2065.9
1219070 2070.1
1219080 2070.1
1219090 2074.1
1219100 2080.7
1219110 2080.7
1219120 2090.1
1219130 2098.5
1219140 2098.5
1219150 2102.6
1219160 2107.1
1219170 2107.1
1219180 2113.4
1219190 2120.3
1219200 2120.3
1219210 2128.2
1219220 2137.1
1219230 2145.8
1219240 2145.8
1219250 2153.2
1219260 2158.5
1219270 2158.5
1219280 2161.6
1219290 2164.9
1219300 2164.9
1219310 2170.9
1219320 2177.7
1219330 2177.7
1219340 2183.9
1219350 2193.6
1219360 2193.6
1219370 2204.7
1219380 2214.3
1219390 2214.3
1219400 2222.5
1219410 2229.0
1219420 2229.0
1219430 2235.3
1219440 2241.8
1219450 2237.7
1219460 2245.5
1219470 2254.9
1219480 2261.3
1219490 2261.3
1219500 2268.7
1219510 2275.3
1219520 2275.3
1219530 2281.3
1219540 2285.2
1219550 2285.2
1219560 2288.1
1219570 2291.1
1219580 2291.1
1219590 2294.1
1219600 2297.7
1219610 2297.7
1219620 2300.5
1219630 2302.8
1219640 2302.8
1219650 2305.2
1219660 2307.7
1219670 2307.7
1219680 2310.6
1219690 2312.9
1219700 2312.9
1219710 2315.4
1219720 2316.3
1219730 2319.4
1219740 2319.4
1219750 2326.8
1219760 2332.2
1219770 2332.2
1219780 2337.2
1219790 2342.1
1219800 2342.1
1219810 2345.8
1219820 2346.5
1219830 2346.5
1219840 2346.9
1219850 2348.9
1219860 2348.9
1219870 2349.6
1219880 2353.0
1219890 2353.0
1219900 2358.7
1219910 2368.9
1219920 2368.9
1219930 2387.7
1219940 2393.9
1219950 2399.7
1219960 2399.7
1219970 2405.4
1219980 2410.8
1219990 2410.8
