1200000 2130.7
1200010 2130.7
1200020 2136.9
1200030 2143.2
1200040 2143.2
1200050 2149.2
1200060 2151.6
1200070 2151.6
1200080 2153.2
1200090 2154.8
1200100 2154.8
1200110 2157.1
1200120 2160.0
1200130 2160.0
1200140 2163.3
1200150 2166.3
1200160 2168.6
1200170 2168.6
1200180 2168.9
1200190 2169.8
1200200 2169.8
1200210 2171.4
1200220 2173.6
1200230 2173.6
1200240 2177.2
1200250 2181.1
1200260 2181.1
1200270 2185.4
1200280 2189.2
1200290 2189.2
1200300 2192.0
1200310 2195.2
1200320 2195.2
1200330 2198.0
1200340 2199.6
1200350 2199.6
1200360 2198.7
1200370 2194.8
1200380 2194.8
1200390 2191.9
1200400 2193.2
1200410 2196.5
1200420 2196.5
1200430 2201.6
1200440 2207.2
1200450 2207.2
1200460 2210.6
1200470 2213.3
1200480 2213.3
1200490 2214.6
1200500 2216.0
1200510 2216.0
1200520 2218.8
1200530 2221.6
1200540 2221.6
1200550 2224.7
1200560 2227.5
1200570 2227.5
1200580 2229.0
1200590 2229.4
1200600 2229.4
1200610 2228.2
1200620 2229.3
1200630 2231.3
1200640 2231.3
1200650 2233.0
1200660 2233.1
1200670 2233.1
1200680 2232.5
1200690 2231.0
1200700 2231.0
1200710 2228.9
1200720 2226.2
1200730 2226.2
1200740 2222.7
1200750 2218.5
1200760 2218.5
1200770 2213.4
1200780 2207.6
1200790 2207.6
1200800 2201.3
1200810 2195.2
1200820 2195.2
1200830 2188.9
1200840 2182.2
1200850 2182.2
1200860 2176.0
1200870 2169.8
1200880 2163.1
1200890 2163.1
1200900 2155.9
1200910 2149.6
1200920 2149.6
1200930 2144.5
1200940 2140.0
1200950 2140.0
1200960 2134.4
1200970 2129.0
1200980 2129.0
1200990 2125.5
1201000 2121.3
1201010 2121.3
1201020 2115.0
1201030 2108.9
1201040 2108.9
1201050 2102.0
1201060 2094.5
1201070 2094.5
1201080 2087.4
1201090 2079.5
1201100 2079.5
1201110 2072.0
1201120 2064.8
1201130 2056.2
1201140 2056.2
1201150 2047.7
1201160 2038.0
1201170 2038.0
1201180 2029.4
1201190 2018.2
1201200 2018.2
1201210 2007.1
1201220 1999.1
1201230 1999.1
1201240 1992.5
1201250 1986.6
1201260 1986.6
1201270 1983.0
1201280 1975.8
1201290 1975.8
1201300 1965.5
1201310 1958.8
1201320 1958.8
1201330 1951.4
1201340 1942.3
1201350 1942.3
1201360 1939.3
1201370 1935.8
1201380 1928.6
1201390 1938.8
1201400 1925.8
1201410 1916.8
1201420 1916.8
1201430 1908.2
1201440 1898.3
1201450 1898.3
1201460 1889.1
1201470 1884.4
1201480 1884.4
1201490 1880.2
1201500 1873.6
1201510 1873.6
1201520 1865.5
1201530 1860.5
1201540 1860.5
1201550 1856.2
1201560 1850.7
1201570 1850.7
1201580 1845.1
1201590 1839.8
1201600 1833.9
1201610 1833.9
1201620 1827.3
1201630 1820.6
1201640 1820.6
1201650 1813.7
1201660 1806.7
1201670 1806.7
1201680 1800.1
1201690 1794.0
1201700 1794.0
1201710 1787.6
1201720 1781.1
1201730 1781.1
1201740 1774.3
1201750 1768.0
1201760 1768.0
1201770 1761.8
1201780 1755.8
1201790 1755.8
1201800 1749.8
1201810 1744.0
1201820 1744.0
1201830 1738.3
1201840 1733.1
1201850 1727.8
1201860 1727.8
1201870 1722.8
1201880 1717.9
1201890 1717.9
1201900 1712.9
1201910 1707.3
1201920 1707.3
1201930 1701.8
1201940 1696.7
1201950 1696.7
1201960 1691.7
1201970 1687.4
1201980 1687.4
1201990 1683.6
1202000 1678.8
1202010 1678.8
1202020 1672.5
1202030 1668.2
1202040 1668.2
1202050 1667.9
1202060 1669.4
1202070 1669.4
1202080 1672.3
1202090 1674.8
1202100 1676.6
1202110 1676.6
1202120 1678.6
1202130 1681.3
1202140 1681.3
1202150 1684.6
1202160 1688.4
1202170 1688.4
1202180 1692.5
1202190 1696.7
1202200 1696.7
1202210 1700.9
1202220 1705.7
1202230 1705.7
1202240 1710.6
1202250 1715.7
1202260 1715.7
1202270 1720.3
1202280 1725.4
1202290 1726.7
1202300 1731.6
1202310 1736.4
1202320 1741.9
1202330 1741.9
1202340 1748.1
1202350 1754.9
1202360 1754.9
1202370 1762.2
1202380 1769.0
1202390 1769.0
1202400 1775.4
1202410 1781.3
1202420 1781.3
1202430 1786.9
1202440 1792.3
1202450 1792.3
1202460 1797.8
1202470 1803.3
1202480 1803.3
1202490 1808.5
1202500 1814.4
1202510 1814.4
1202520 1820.2
1202530 1825.6
1202540 1825.6
1202550 1831.2
1202560 1836.9
1202570 1842.6
1202580 1842.6
1202590 1848.4
1202600 1854.2
1202610 1854.2
1202620 1859.8
1202630 1865.1
1202640 1865.1
1202650 1870.4
1202660 1877.0
1202670 1877.0
1202680 1884.2
1202690 1892.1
1202700 1892.1
1202710 1901.5
1202720 1912.3
1202730 1912.3
1202740 1920.9
1202750 1930.9
1202760 1930.9
1202770 1941.9
1202780 1955.5
1202790 1955.5
1202800 1965.1
1202810 1973.6
1202820 1985.3
1202830 1985.3
1202840 1997.5
1202850 2012.1
1202860 2012.1
1202870 2023.2
1202880 2030.7
1202890 2030.7
1202900 2034.1
1202910 2036.3
1202920 2036.3
1202930 2038.4
1202940 2042.2
1202950 2042.2
1202960 2047.9
1202970 2057.4
1202980 2057.4
1202990 2069.4
1203000 2075.8
1203010 2075.8
1203020 2079.4
1203030 2083.5
1203040 2083.5
1203050 2088.3
1203060 2095.3
1203070 2102.7
1203080 2102.7
1203090 2108.8
1203100 2114.4
1203110 2114.4
1203120 2119.6
1203130 2124.6
1203140 2124.6
1203150 2131.4
1203160 2139.7
1203170 2139.7
1203180 2148.1
1203190 2152.7
1203200 2152.7
1203210 2161.4
1203220 2167.6
1203230 2167.6
1203240 2173.4
1203250 2179.6
1203260 2179.6
1203270 2186.2
1203280 2194.0
1203290 2203.2
1203300 2203.2
1203310 2212.3
1203320 2221.0
1203330 2221.0
1203340 2228.3
1203350 2234.7
1203360 2234.7
1203370 2237.7
1203380 2230.9
1203390 2230.9
1203400 2218.6
1203410 2203.9
1203420 2203.9
1203430 2191.4
1203440 2186.1
1203450 2186.1
1203460 2177.8
1203470 2163.4
1203480 2163.4
1203490 2151.7
1203500 2141.6
1203510 2141.6
1203520 2131.1
1203530 2119.8
1203540 2108.0
1203550 2108.0
1203560 2097.8
1203570 2086.7
1203580 2086.7
1203590 2076.1
1203600 2065.5
1203610 2065.5
1203620 2057.5
1203630 2049.5
1203640 2049.5
1203650 2047.6
1203660 2041.1
1203670 2041.1
1203680 2031.1
1203690 2019.3
1203700 2019.3
1203710 2008.2
1203720 2000.2
1203730 2000.2
1203740 1993.2
1203750 1987.9
1203760 1987.9
1203770 1982.9
1203780 1977.9
1203790 1972.4
1203800 1972.4
1203810 1967.1
1203820 1961.5
1203830 1961.5
1203840 1956.2
1203850 1951.0
1203860 1951.0
1203870 1945.9
1203880 1941.2
1203890 1941.2
1203900 1936.6
1203910 1931.3
1203920 1931.3
1203930 1926.0
1203940 1921.5
1203950 1921.5
1203960 1917.3
1203970 1913.5
1203980 1913.5
1203990 1910.4
1204000 1908.6
1204010 1908.6
1204020 1907.8
1204030 1908.8
1204040 1910.8
1204050 1910.8
1204060 1912.6
1204070 1913.9
1204080 1913.9
1204090 1916.6
1204100 1921.2
1204110 1921.2
1204120 1923.6
1204130 1926.4
1204140 1926.4
1204150 1929.1
1204160 1932.8
1204170 1932.8
1204180 1936.3
1204190 1938.7
1204200 1938.7
1204210 1940.8
1204220 1943.9
1204230 1943.9
1204240 1947.0
1204250 1950.4
1204260 1954.3
1204270 1954.3
1204280 1958.6
1204290 1963.3
1204300 1963.3
1204310 1967.6
1204320 1970.4
1204330 1970.4
1204340 1973.7
1204350 1979.3
1204360 1979.3
1204370 1984.6
1204380 1990.5
1204390 1990.5
1204400 1996.7
1204410 2003.4
1204420 2003.4
1204430 2010.7
1204440 2018.5
1204450 2018.5
1204460 2026.1
1204470 2033.0
1204480 2033.0
1204490 2040.2
1204500 2047.3
1204510 2052.4
1204520 2052.4
1204530 2056.4
1204540 2062.4
1204550 2066.0
1204560 2072.5
1204570 2078.7
1204580 2078.7
1204590 2085.4
1204600 2092.3
1204610 2092.3
1204620 2098.7
1204630 2105.3
1204640 2105.3
1204650 2112.6
1204660 2121.9
1204670 2121.9
1204680 2138.1
1204690 2145.8
1204700 2145.8
1204710 2150.1
1204720 2155.9
1204730 2155.9
1204740 2161.8
1204750 2168.2
1204760 2174.7
1204770 2174.7
1204780 2181.2
1204790 2189.6
1204800 2189.6
1204810 2198.3
1204820 2203.1
1204830 2203.1
1204840 2206.4
1204850 2211.0
1204860 2211.0
1204870 2215.9
1204880 2217.9
1204890 2217.9
1204900 2221.1
1204910 2225.1
1204920 2225.1
1204930 2229.3
1204940 2235.3
1204950 2235.3
1204960 2242.3
1204970 2251.2
1204980 2251.2
1204990 2259.0
1205000 2263.4
1205010 2269.4
1205020 2269.4
1205030 2274.0
1205040 2277.7
1205050 2277.7
1205060 2282.8
1205070 2289.0
1205080 2289.0
1205090 2295.4
1205100 2302.2
1205110 2302.2
1205120 2307.4
1205130 2312.1
1205140 2312.1
1205150 2317.1
1205160 2322.3
1205170 2322.3
1205180 2328.6
1205190 2336.0
1205200 2336.0
1205210 2343.4
1205220 2350.9
1205230 2359.7
1205240 2359.7
1205250 2369.5
1205260 2382.3
1205270 2382.3
1205280 2393.4
1205290 2402.7
1205300 2402.7
1205310 2412.4
1205320 2419.6
1205330 2419.6
1205340 2425.7
1205350 2422.3
1205360 2422.3
1205370 2412.5
1205380 2403.4
1205390 2403.4
1205400 2392.6
1205410 2379.0
1205420 2379.0
1205430 2364.4
1205440 2353.4
1205450 2353.4
1205460 2352.5
1205470 2348.2
1205480 2344.0
1205490 2344.0
1205500 2340.3
1205510 2338.0
1205520 2338.0
1205530 2336.3
1205540 2335.5
1205550 2335.5
1205560 2336.4
1205570 2337.0
1205580 2337.0
1205590 2331.6
1205600 2324.7
1205610 2324.7
1205620 2317.5
1205630 2311.5
1205640 2311.5
1205650 2306.5
1205660 2302.6
1205670 2302.6
1205680 2300.2
1205690 2296.9
1205700 2296.9
1205710 2292.1
1205720 2287.9
1205730 2285.2
1205740 2285.2
1205750 2282.9
1205760 2277.7
1205770 2277.7
1205780 2271.1
1205790 2264.1
1205800 2264.1
1205810 2257.9
1205820 2252.9
1205830 2252.9
1205840 2249.7
1205850 2247.8
1205860 2247.8
1205870 2246.2
1205880 2245.2
1205890 2245.2
1205900 2244.8
1205910 2244.0
1205920 2245.1
1205930 2243.3
1205940 2240.8
1205950 2238.5
1205960 2238.5
1205970 2237.4
1205980 2236.7
1205990 2236.7
1206000 2235.4
1206010 2235.6
1206020 2235.6
1206030 2237.2
1206040 2241.5
1206050 2241.5
1206060 2246.8
1206070 2250.1
1206080 2250.1
1206090 2252.4
1206100 2254.5
1206110 2254.5
1206120 2256.5
1206130 2258.4
1206140 2258.4
1206150 2259.7
1206160 2260.2
1206170 2260.2
1206180 2260.4
1206190 2259.8
1206200 2258.5
1206210 2258.5
1206220 2256.9
1206230 2257.0
1206240 2257.0
1206250 2257.1
1206260 2257.5
1206270 2257.5
1206280 2258.8
1206290 2260.0
1206300 2260.0
1206310 2259.7
1206320 2260.8
1206330 2260.8
1206340 2263.2
1206350 2264.1
1206360 2264.1
1206370 2265.6
1206380 2266.5
1206390 2266.5
1206400 2267.8
1206410 2270.0
1206420 2270.0
1206430 2270.4
1206440 2271.1
1206450 2272.3
1206460 2272.3
1206470 2275.5
1206480 2281.7
1206490 2281.7
1206500 2290.5
1206510 2297.6
1206520 2297.6
1206530 2303.3
1206540 2310.0
1206550 2310.0
1206560 2317.8
1206570 2325.0
1206580 2325.0
1206590 2330.3
1206600 2336.9
1206610 2336.9
1206620 2345.8
1206630 2353.8
1206640 2353.8
1206650 2360.6
1206660 2365.6
1206670 2365.6
1206680 2369.7
1206690 2375.1
1206700 2381.3
1206710 2381.3
1206720 2388.6
1206730 2396.0
1206740 2396.0
1206750 2402.7
1206760 2409.0
1206770 2409.0
1206780 2415.2
1206790 2421.0
1206800 2421.0
1206810 2426.6
1206820 2431.1
1206830 2431.6
1206840 2434.4
1206850 2436.3
1206860 2436.3
1206870 2439.2
1206880 2443.0
1206890 2443.0
1206900 2447.6
1206910 2451.9
1206920 2455.9
1206930 2455.9
1206940 2459.5
1206950 2463.1
1206960 2463.1
1206970 2466.8
1206980 2471.5
1206990 2471.5
1207000 2475.8
1207010 2479.9
1207020 2479.9
1207030 2484.6
1207040 2489.6
1207050 2489.6
1207060 2494.9
1207070 2500.1
1207080 2500.1
1207090 2505.8
1207100 2512.5
1207110 2512.5
1207120 2519.6
1207130 2527.2
1207140 2527.2
1207150 2535.0
1207160 2543.4
1207170 2552.1
1207180 2552.1
1207190 2559.7
1207200 2566.9
1207210 2566.9
1207220 2573.8
1207230 2583.5
1207240 2583.5
1207250 2593.0
1207260 2600.9
1207270 2600.9
1207280 2608.4
1207290 2610.4
1207300 2610.4
1207310 2617.7
1207320 2625.1
1207330 2625.1
1207340 2632.5
1207350 2637.7
1207360 2637.7
1207370 2637.2
1207380 2636.7
1207390 2636.7
1207400 2638.6
1207410 2640.6
1207420 2641.8
1207430 2641.8
1207440 2641.7
1207450 2641.3
1207460 2641.3
1207470 2640.9
1207480 2640.7
1207490 2640.7
1207500 2639.1
1207510 2636.6
1207520 2636.6
1207530 2634.1
1207540 2633.9
1207550 2633.9
1207560 2637.1
1207570 2639.7
1207580 2639.7
1207590 2640.2
1207600 2637.4
1207610 2637.4
1207620 2629.8
1207630 2621.1
1207640 2621.1
1207650 2612.7
1207660 2603.6
1207670 2594.8
1207680 2594.8
1207690 2586.6
1207700 2578.9
1207710 2578.9
1207720 2570.4
1207730 2562.6
1207740 2562.6
1207750 2553.1
1207760 2543.4
1207770 2543.4
1207780 2533.2
1207790 2525.8
1207800 2525.8
1207810 2519.6
1207820 2513.5
1207830 2513.5
1207840 2507.0
1207850 2500.5
1207860 2500.5
1207870 2494.5
1207880 2489.2
1207890 2483.4
1207900 2483.4
1207910 2477.5
1207920 2472.6
1207930 2472.6
1207940 2468.6
1207950 2464.8
1207960 2464.8
1207970 2461.4
1207980 2458.4
1207990 2458.4
1208000 2455.8
1208010 2453.7
1208020 2453.7
1208030 2453.3
1208040 2451.2
1208050 2451.2
1208060 2447.8
1208070 2444.6
1208080 2444.6
1208090 2443.3
1208100 2442.2
1208110 2442.2
1208120 2440.5
1208130 2438.7
1208140 2436.9
1208150 2436.9
1208160 2436.9
1208170 2438.1
1208180 2438.1
1208190 2438.9
1208200 2439.4
1208210 2433.6
1208220 2435.3
1208230 2436.7
1208240 2436.7
1208250 2437.5
1208260 2438.7
1208270 2438.7
1208280 2439.9
1208290 2441.4
1208300 2441.4
1208310 2443.8
1208320 2445.3
1208330 2445.3
1208340 2446.4
1208350 2447.4
1208360 2447.4
1208370 2448.1
1208380 2448.4
1208390 2448.9
1208400 2448.9
1208410 2449.9
1208420 2449.5
1208430 2449.5
1208440 2448.2
1208450 2447.9
1208460 2447.9
1208470 2447.8
1208480 2448.1
1208490 2448.1
1208500 2448.5
1208510 2448.4
1208520 2448.4
1208530 2449.2
1208540 2451.3
1208550 2451.3
1208560 2454.2
1208570 2457.1
1208580 2457.1
1208590 2460.2
1208600 2462.2
1208610 2459.5
1208620 2459.5
1208630 2451.0
1208640 2445.0
1208650 2445.0
1208660 2440.6
1208670 2433.3
1208680 2433.3
1208690 2432.9
1208700 2433.3
1208710 2433.3
1208720 2432.8
1208730 2432.3
1208740 2432.3
1208750 2432.4
1208760 2432.4
1208770 2432.4
1208780 2431.6
1208790 2431.5
1208800 2431.5
1208810 2434.0
1208820 2437.0
1208830 2437.0
1208840 2440.4
1208850 2442.5
1208860 2439.6
1208870 2439.6
1208880 2432.1
1208890 2427.4
1208900 2427.4
1208910 2425.7
1208920 2423.2
1208930 2423.2
1208940 2419.6
1208950 2415.6
1208960 2415.6
1208970 2411.6
1208980 2408.9
1208990 2408.9
1209000 2408.8
1209010 2409.9
1209020 2409.9
1209030 2409.8
1209040 2409.5
1209050 2409.5
1209060 2408.9
1209070 2407.2
1209080 2407.2
1209090 2404.3
1209100 2401.0
1209110 2397.5
1209120 2397.5
1209130 2388.5
1209140 2385.2
1209150 2385.2
1209160 2382.5
1209170 2380.9
1209180 2380.9
1209190 2379.7
1209200 2378.1
1209210 2378.1
1209220 2376.9
1209230 2375.3
1209240 2375.3
1209250 2374.5
1209260 2373.3
1209270 2373.3
1209280 2370.8
1209290 2367.9
1209300 2367.9
1209310 2364.7
1209320 2361.9
1209330 2361.9
1209340 2359.6
1209350 2357.5
1209360 2355.7
1209370 2355.7
1209380 2353.3
1209390 2350.7
1209400 2350.7
1209410 2349.3
1209420 2347.0
1209430 2347.0
1209440 2343.9
1209450 2340.7
1209460 2340.7
1209470 2338.7
1209480 2337.2
1209490 2337.2
1209500 2334.4
1209510 2331.2
1209520 2331.2
1209530 2329.6
1209540 2328.2
1209550 2328.2
1209560 2325.9
1209570 2323.0
1209580 2319.8
1209590 2315.3
1209600 2312.0
1209610 2308.4
1209620 2308.4
1209630 2304.8
1209640 2304.7
1209650 2304.7
1209660 2303.9
1209670 2300.1
1209680 2300.1
1209690 2292.3
1209700 2280.7
1209710 2280.7
1209720 2267.1
1209730 2253.9
1209740 2253.9
1209750 2244.8
1209760 2238.7
1209770 2238.7
1209780 2232.3
1209790 2225.1
1209800 2225.1
1209810 2217.9
1209820 2211.7
1209830 2206.6
1209840 2206.6
1209850 2202.9
1209860 2200.6
1209870 2200.6
1209880 2198.9
1209890 2196.4
1209900 2196.4
1209910 2194.1
1209920 2190.9
1209930 2190.9
1209940 2188.8
1209950 2185.9
1209960 2185.9
1209970 2182.8
1209980 2181.1
1209990 2181.1
1210000 2179.0
1210010 2177.2
1210020 2177.2
1210030 2176.2
1210040 2174.3
1210050 2168.7
1210060 2166.4
1210070 2163.8
1210080 2162.4
1210090 2162.4
1210100 2163.6
1210110 2164.3
1210120 2164.3
1210130 2163.5
1210140 2162.2
1210150 2162.2
1210160 2160.4
1210170 2158.5
1210180 2158.5
1210190 2157.7
1210200 2157.3
1210210 2157.3
1210220 2156.9
1210230 2155.5
1210240 2155.5
1210250 2153.1
1210260 2150.6
1210270 2150.6
1210280 2147.4
1210290 2144.1
1210300 2144.1
1210310 2140.1
1210320 2135.6
1210330 2130.5
1210340 2130.5
1210350 2126.5
1210360 2122.9
1210370 2122.9
1210380 2118.1
1210390 2113.4
1210400 2113.4
1210410 2109.1
1210420 2104.8
1210430 2104.8
1210440 2100.2
1210450 2095.8
1210460 2095.8
1210470 2091.9
1210480 2087.9
1210490 2087.9
1210500 2083.9
1210510 2079.8
1210520 2076.2
1210530 2071.8
1210540 2065.4
1210550 2058.7
1210560 2058.7
1210570 2051.9
1210580 2045.9
1210590 2045.9
1210600 2040.1
1210610 2032.9
1210620 2032.9
1210630 2024.1
1210640 2015.2
1210650 2015.2
1210660 2006.6
1210670 1998.0
1210680 1998.0
1210690 1988.8
1210700 1981.3
1210710 1981.3
1210720 1975.7
1210730 1969.5
1210740 1969.5
1210750 1963.2
1210760 1957.0
1210770 1957.0
1210780 1950.9
1210790 1945.2
1210800 1939.3
1210810 1939.3
1210820 1933.3
1210830 1928.4
1210840 1928.4
1210850 1923.9
1210860 1919.2
1210870 1919.2
1210880 1915.8
1210890 1912.8
1210900 1912.8
1210910 1910.0
1210920 1907.3
1210930 1907.3
1210940 1904.0
1210950 1899.5
1210960 1899.5
1210970 1894.3
1210980 1886.1
1210990 1886.1
1211000 1882.2
1211010 1877.3
1211020 1877.3
1211030 1872.2
1211040 1868.2
1211050 1864.3
1211060 1864.3
1211070 1860.3
1211080 1855.7
1211090 1855.7
1211100 1850.9
1211110 1846.3
1211120 1846.3
1211130 1843.0
1211140 1840.8
1211150 1840.8
1211160 1839.1
1211170 1837.5
1211180 1837.5
1211190 1837.0
1211200 1838.1
1211210 1838.1
1211220 1835.0
1211230 1828.6
1211240 1828.6
1211250 1824.7
1211260 1823.7
1211270 1822.8
1211280 1822.8
1211290 1822.2
1211300 1823.5
1211310 1823.5
1211320 1829.0
1211330 1830.9
1211340 1830.9
1211350 1832.2
1211360 1830.0
1211370 1830.0
1211380 1827.5
1211390 1825.5
1211400 1825.5
1211410 1825.8
1211420 1824.5
1211430 1824.5
1211440 1828.1
1211450 1830.1
1211460 1830.1
1211470 1832.1
1211480 1835.4
1211490 1835.4
1211500 1838.7
1211510 1841.6
1211520 1844.5
1211530 1844.5
1211540 1847.4
1211550 1849.7
1211560 1849.7
1211570 1851.5
1211580 1853.1
1211590 1853.1
1211600 1854.3
1211610 1854.8
1211620 1854.8
1211630 1854.5
1211640 1854.2
1211650 1854.2
1211660 1853.4
1211670 1852.4
1211680 1852.4
1211690 1851.0
1211700 1850.9
1211710 1850.9
1211720 1851.2
1211730 1852.3
1211740 1852.3
1211750 1854.6
1211760 1856.2
1211770 1857.4
1211780 1857.4
1211790 1858.1
1211800 1859.9
1211810 1859.9
1211820 1861.9
1211830 1862.7
1211840 1862.7
1211850 1862.9
1211860 1864.1
1211870 1864.1
1211880 1865.9
1211890 1867.7
1211900 1867.7
1211910 1875.0
1211920 1877.4
1211930 1877.4
1211940 1879.4
1211950 1881.0
1211960 1881.0
1211970 1881.6
1211980 1880.6
1211990 1880.6
1212000 1877.7
1212010 1874.6
1212020 1871.4
1212030 1871.4
1212040 1867.2
1212050 1863.2
1212060 1863.2
1212070 1859.0
1212080 1853.0
1212090 1853.0
1212100 1845.5
1212110 1838.6
1212120 1838.6
1212130 1831.7
1212140 1827.7
1212150 1827.7
1212160 1823.4
1212170 1818.2
1212180 1818.2
1212190 1812.9
1212200 1802.7
1212210 1802.7
1212220 1794.2
1212230 1787.1
1212240 1780.1
1212250 1780.1
1212260 1772.9
1212270 1765.6
1212280 1765.6
1212290 1758.3
1212300 1751.3
1212310 1751.3
1212320 1744.4
1212330 1737.6
1212340 1737.6
1212350 1732.3
1212360 1729.2
1212370 1729.2
1212380 1718.4
1212390 1715.2
1212400 1715.2
1212410 1710.8
1212420 1703.5
1212430 1703.5
1212440 1691.7
1212450 1681.4
1212460 1681.4
1212470 1668.8
1212480 1656.8
1212490 1644.3
1212500 1644.3
1212510 1634.8
1212520 1623.8
1212530 1623.8
1212540 1615.3
1212550 1607.3
1212560 1607.3
1212570 1598.7
1212580 1589.7
1212590 1589.7
1212600 1582.1
1212610 1575.1
1212620 1575.1
1212630 1568.0
1212640 1561.1
1212650 1561.1
1212660 1552.6
1212670 1544.4
1212680 1544.4
1212690 1537.4
1212700 1531.3
1212710 1531.3
1212720 1522.8
1212730 1509.5
1212740 1495.2
1212750 1495.2
1212760 1475.8
1212770 1459.7
1212780 1459.7
1212790 1451.2
1212800 1444.0
1212810 1444.0
1212820 1437.4
1212830 1431.0
1212840 1430.2
1212850 1423.9
1212860 1418.0
1212870 1418.0
1212880 1413.5
1212890 1408.1
1212900 1408.1
1212910 1400.3
1212920 1397.2
1212930 1397.2
1212940 1393.4
1212950 1386.6
1212960 1386.6
1212970 1378.6
1212980 1371.3
1212990 1364.2
1213000 1364.2
1213010 1357.3
1213020 1351.6
1213030 1351.6
1213040 1347.0
1213050 1342.6
1213060 1342.6
1213070 1338.0
1213080 1334.3
1213090 1334.3
1213100 1331.2
1213110 1326.9
1213120 1326.9
1213130 1321.6
1213140 1315.9
1213150 1315.9
1213160 1309.5
1213170 1302.7
1213180 1302.7
1213190 1297.3
1213200 1290.5
1213210 1284.4
1213220 1284.4
1213230 1278.5
1213240 1272.6
1213250 1272.6
1213260 1267.0
1213270 1261.8
1213280 1261.8
1213290 1255.7
1213300 1249.7
1213310 1249.9
1213320 1243.7
1213330 1237.6
1213340 1237.6
1213350 1232.3
1213360 1226.7
1213370 1226.7
1213380 1220.5
1213390 1214.2
1213400 1214.2
1213410 1208.0
1213420 1200.0
1213430 1200.0
1213440 1193.0
1213450 1187.3
1213460 1182.3
1213470 1182.3
1213480 1176.0
1213490 1168.9
1213500 1168.9
1213510 1161.1
1213520 1156.2
1213530 1156.2
1213540 1152.1
1213550 1142.1
1213560 1142.1
1213570 1133.9
1213580 1127.6
1213590 1127.6
1213600 1121.7
1213610 1116.2
1213620 1116.2
1213630 1111.2
1213640 1104.8
1213650 1104.8
1213660 1095.7
1213670 1085.5
1213680 1085.5
1213690 1073.8
1213700 1062.0
1213710 1051.7
1213720 1051.7
1213730 1041.5
1213740 1032.3
1213750 1032.3
1213760 1025.0
1213770 1019.0
1213780 1015.6
1213790 1009.2
1213800 1003.1
1213810 1003.1
1213820 997.5
1213830 991.4
1213840 991.4
1213850 985.2
1213860 980.5
1213870 980.5
1213880 975.6
1213890 970.8
1213900 970.8
1213910 968.2
1213920 965.7
1213930 964.1
1213940 964.1
1213950 962.9
1213960 959.6
1213970 959.6
1213980 955.4
1213990 951.3
1214000 951.3
1214010 947.6
1214020 945.7
1214030 945.7
1214040 944.2
1214050 941.6
1214060 941.6
1214070 940.0
1214080 939.2
1214090 939.2
1214100 938.3
1214110 937.9
1214120 937.9
1214130 937.3
1214140 936.7
1214150 936.7
1214160 935.6
1214170 935.1
1214180 934.7
1214190 934.7
1214200 934.4
1214210 934.0
1214220 934.0
1214230 933.6
1214240 933.0
1214250 933.6
1214260 933.0
1214270 932.0
1214280 932.0
1214290 931.4
1214300 932.7
1214310 932.7
1214320 932.7
1214330 931.9
1214340 931.9
1214350 931.9
1214360 932.5
1214370 932.5
1214380 933.4
1214390 934.0
1214400 934.0
1214410 932.7
1214420 932.1
1214430 931.5
1214440 931.5
1214450 931.2
1214460 931.9
1214470 931.9
1214480 931.8
1214490 931.7
1214500 931.7
1214510 930.6
1214520 929.1
1214530 929.1
1214540 928.1
1214550 927.7
1214560 927.7
1214570 926.2
1214580 926.0
1214590 926.0
1214600 926.5
1214610 927.5
1214620 927.5
1214630 927.7
1214640 927.1
1214650 927.1
1214660 925.9
1214670 925.8
1214680 925.7
1214690 925.7
1214700 925.7
1214710 925.8
1214720 925.8
1214730 925.8
1214740 925.8
1214750 925.8
1214760 925.9
1214770 925.9
1214780 925.9
1214790 925.9
1214800 926.0
1214810 926.0
1214820 926.1
1214830 926.1
1214840 926.1
1214850 926.0
1214860 925.9
1214870 925.9
1214880 925.9
1214890 925.9
1214900 926.0
1214910 926.0
1214920 926.0
1214930 925.9
1214940 925.9
1214950 926.0
1214960 925.9
1214970 925.9
1214980 925.9
1214990 926.0
1215000 926.0
1215010 926.0
1215020 926.0
1215030 926.0
1215040 925.9
1215050 926.0
1215060 926.0
1215070 925.5
1215080 925.1
1215090 925.1
1215100 925.2
1215110 925.2
1215120 925.2
1215130 925.3
1215140 927.8
1215150 931.2
1215160 931.2
1215170 934.7
1215180 938.7
1215190 939.3
1215200 944.1
1215210 949.2
1215220 949.2
1215230 954.7
1215240 960.6
1215250 960.6
1215260 966.5
1215270 972.6
1215280 972.6
1215290 978.9
1215300 985.2
1215310 985.2
1215320 991.3
1215330 997.6
1215340 997.6
1215350 1004.0
1215360 1010.5
1215370 1010.5
1215380 1017.2
1215390 1024.1
1215400 1031.0
1215410 1031.0
1215420 1037.8
1215430 1044.7
1215440 1044.7
1215450 1051.4
1215460 1058.2
1215470 1058.2
1215480 1065.1
1215490 1072.3
1215500 1072.3
1215510 1079.0
1215520 1085.5
1215530 1085.5
1215540 1091.9
1215550 1098.3
1215560 1098.3
1215570 1105.8
1215580 1113.4
1215590 1113.4
1215600 1123.5
1215610 1142.3
1215620 1157.8
1215630 1157.8
1215640 1169.3
1215650 1179.3
1215660 1187.0
1215670 1197.3
1215680 1206.2
1215690 1206.2
1215700 1217.9
1215710 1235.1
1215720 1235.1
1215730 1250.6
1215740 1264.9
1215750 1264.9
1215760 1279.0
1215770 1293.0
1215780 1293.0
1215790 1307.2
1215800 1320.1
1215810 1320.1
1215820 1333.1
1215830 1345.5
1215840 1345.5
1215850 1354.6
1215860 1358.2
1215870 1356.2
1215880 1356.2
1215890 1359.8
1215900 1374.1
1215910 1374.1
1215920 1398.3
1215930 1416.1
1215940 1416.1
1215950 1421.3
1215960 1423.5
1215970 1423.5
1215980 1429.7
1215990 1437.9
1216000 1437.9
1216010 1451.7
1216020 1470.0
1216030 1470.0
1216040 1489.4
1216050 1499.7
1216060 1499.7
1216070 1509.3
1216080 1518.1
1216090 1518.1
1216100 1526.6
1216110 1534.1
1216120 1544.2
1216130 1544.2
1216140 1555.2
1216150 1563.5
1216160 1563.5
1216170 1571.4
1216180 1578.0
1216190 1578.0
1216200 1587.7
1216210 1599.0
1216220 1599.0
1216230 1607.7
1216240 1615.9
1216250 1615.9
1216260 1624.9
1216270 1632.4
1216280 1632.4
1216290 1638.4
1216300 1644.4
1216310 1644.4
1216320 1650.6
1216330 1657.1
1216340 1657.1
1216350 1663.9
1216360 1670.4
1216370 1676.7
1216380 1676.7
1216390 1680.9
1216400 1684.5
1216410 1684.5
1216420 1689.5
1216430 1696.1
1216440 1696.1
1216450 1703.6
1216460 1711.8
1216470 1711.8
1216480 1719.6
1216490 1726.6
1216500 1726.6
1216510 1734.4
1216520 1742.9
1216530 1742.9
1216540 1750.1
1216550 1758.1
1216560 1758.1
1216570 1765.1
1216580 1769.4
1216590 1772.9
1216600 1772.9
1216610 1773.4
1216620 1782.2
1216630 1782.2
1216640 1792.5
1216650 1800.3
1216660 1800.3
1216670 1807.1
1216680 1814.3
1216690 1814.3
1216700 1822.1
1216710 1829.3
1216720 1829.3
1216730 1837.5
1216740 1846.6
1216750 1846.6
1216760 1856.2
1216770 1865.6
1216780 1865.6
1216790 1875.9
1216800 1885.1
1216810 1885.1
1216820 1891.7
1216830 1895.3
1216840 1898.8
1216850 1898.8
1216860 1901.9
1216870 1905.4
1216880 1905.4
1216890 1908.6
1216900 1912.1
1216910 1912.1
1216920 1915.7
1216930 1920.1
1216940 1920.1
1216950 1924.2
1216960 1926.5
1216970 1926.5
1216980 1929.0
1216990 1932.4
1217000 1932.4
1217010 1936.5
1217020 1941.1
1217030 1941.1
1217040 1946.6
1217050 1952.3
1217060 1952.3
1217070 1958.1
1217080 1960.5
1217090 1967.1
1217100 1967.1
1217110 1973.1
1217120 1979.6
1217130 1979.6
1217140 1986.2
1217150 1992.2
1217160 1992.2
1217170 1998.1
1217180 2005.1
1217190 2005.1
1217200 2015.1
1217210 2025.4
1217220 2025.4
1217230 2033.8
1217240 2040.3
1217250 2040.3
1217260 2050.1
1217270 2057.6
1217280 2057.6
1217290 2064.3
1217300 2070.5
1217310 2076.7
1217320 2076.7
1217330 2083.8
1217340 2092.3
1217350 2092.3
1217360 2101.7
1217370 2109.7
1217380 2109.7
1217390 2117.8
1217400 2125.2
1217410 2125.2
1217420 2131.8
1217430 2139.2
1217440 2139.2
1217450 2146.9
1217460 2156.0
1217470 2156.0
1217480 2165.9
1217490 2175.8
1217500 2175.8
1217510 2184.3
1217520 2192.0
1217530 2192.0
1217540 2199.2
1217550 2206.5
1217560 2217.0
1217570 2217.0
1217580 2225.0
1217590 2232.5
1217600 2232.5
1217610 2239.7
1217620 2246.6
1217630 2246.6
1217640 2254.1
1217650 2260.2
1217660 2260.2
1217670 2265.0
1217680 2269.0
1217690 2269.0
1217700 2270.9
1217710 2271.3
1217720 2271.3
1217730 2270.2
1217740 2270.1
1217750 2270.1
1217760 2271.4
1217770 2274.0
1217780 2274.0
1217790 2277.1
1217800 2280.1
1217810 2283.1
1217820 2283.1
1217830 2285.8
1217840 2284.5
1217850 2284.5
1217860 2279.1
1217870 2273.9
1217880 2273.9
1217890 2268.0
1217900 2261.3
1217910 2261.3
1217920 2254.9
1217930 2249.1
1217940 2249.1
1217950 2245.3
1217960 2243.3
1217970 2243.3
1217980 2241.5
1217990 2239.9
1218000 2239.9
1218010 2238.0
1218020 2235.9
1218030 2232.5
1218040 2229.8
1218050 2227.4
1218060 2225.8
1218070 2225.8
1218080 2224.9
1218090 2224.2
1218100 2224.2
1218110 2223.0
1218120 2221.7
1218130 2221.7
1218140 2219.9
1218150 2218.0
1218160 2218.0
1218170 2216.1
1218180 2213.7
1218190 2213.7
1218200 2211.0
1218210 2208.4
1218220 2208.4
1218230 2206.1
1218240 2204.7
1218250 2204.7
1218260 2203.0
1218270 2201.5
1218280 2200.4
1218290 2200.4
1218300 2199.7
1218310 2199.2
1218320 2199.2
1218330 2199.1
1218340 2198.7
1218350 2198.7
1218360 2198.4
1218370 2197.9
1218380 2197.9
1218390 2197.2
1218400 2197.3
1218410 2197.3
1218420 2199.3
1218430 2199.9
1218440 2199.9
1218450 2200.6
1218460 2201.5
1218470 2201.5
1218480 2202.2
1218490 2203.0
1218500 2203.0
1218510 2199.4
1218520 2200.4
1218530 2200.4
1218540 2200.4
1218550 2201.6
1218560 2199.3
1218570 2199.3
1218580 2202.4
1218590 2203.2
1218600 2203.2
1218610 2203.7
1218620 2203.6
1218630 2203.6
1218640 2203.7
1218650 2205.2
1218660 2205.2
1218670 2206.3
1218680 2205.7
1218690 2205.7
1218700 2210.4
1218710 2212.4
1218720 2212.4
1218730 2214.1
1218740 2215.2
1218750 2215.2
1218760 2216.2
1218770 2217.2
1218780 2217.4
1218790 2217.4
1218800 2217.7
1218810 2217.4
1218820 2217.4
1218830 2217.1
1218840 2217.2
1218850 2217.2
1218860 2217.4
1218870 2218.0
1218880 2218.0
1218890 2218.3
1218900 2213.6
1218910 2213.6
1218920 2213.0
1218930 2215.3
1218940 2215.3
1218950 2213.3
1218960 2216.9
1218970 2216.9
1218980 2219.3
1218990 2213.5
1219000 2210.9
1219010 2210.9
1219020 2207.4
1219030 2207.0
1219040 2207.0
1219050 2208.9
1219060 2208.4
1219070 2208.4
1219080 2205.8
1219090 2201.6
1219100 2201.6
1219110 2198.7
1219120 2202.8
1219130 2202.8
1219140 2205.6
1219150 2211.0
1219160 2211.0
1219170 2217.3
1219180 2223.0
1219190 2223.0
1219200 2226.0
1219210 2223.1
1219220 2223.1
1219230 2219.0
1219240 2215.6
1219250 2219.9
1219260 2219.9
1219270 2230.3
1219280 2242.8
1219290 2242.8
1219300 2254.0
1219310 2268.1
1219320 2268.1
1219330 2278.3
1219340 2286.2
1219350 2286.2
1219360 2293.1
1219370 2297.8
1219380 2297.8
1219390 2302.4
1219400 2305.9
1219410 2305.9
1219420 2309.1
1219430 2313.2
1219440 2313.2
1219450 2318.4
1219460 2324.9
1219470 2320.9
1219480 2327.9
1219490 2332.5
1219500 2336.6
1219510 2336.6
1219520 2341.4
1219530 2346.8
1219540 2346.8
1219550 2353.8
1219560 2361.1
1219570 2361.1
1219580 2367.9
1219590 2374.3
1219600 2374.3
1219610 2380.4
1219620 2386.8
1219630 2386.8
1219640 2393.7
1219650 2400.4
1219660 2400.4
1219670 2407.6
1219680 2414.5
1219690 2414.5
1219700 2420.9
1219710 2428.0
1219720 2428.0
1219730 2439.2
1219740 2451.1
1219750 2463.4
1219760 2463.4
1219770 2471.4
1219780 2477.3
1219790 2477.3
1219800 2481.0
1219810 2478.7
1219820 2478.7
1219830 2476.6
1219840 2478.5
1219850 2478.5
1219860 2483.7
1219870 2490.5
1219880 2490.5
1219890 2494.9
1219900 2500.1
1219910 2500.1
1219920 2506.6
1219930 2512.5
1219940 2512.5
1219950 2507.2
1219960 2504.9
1219970 2504.3
1219980 2504.3
1219990 2502.7
