1200000 1743.8
1200010 1743.8
1200020 1746.4
1200030 1750.5
1200040 1750.5
1200050 1754.8
1200060 1760.6
1200070 1760.6
1200080 1763.8
1200090 1766.9
1200100 1766.9
1200110 1770.4
1200120 1774.0
1200130 1774.0
1200140 1777.4
1200150 1780.1
1200160 1780.1
1200170 1782.7
1200180 1785.3
1200190 1785.3
1200200 1787.5
1200210 1790.7
1200220 1790.7
1200230 1795.0
1200240 1800.2
1200250 1805.5
1200260 1805.5
1200270 1810.2
1200280 1814.0
1200290 1814.0
1200300 1817.4
1200310 1820.7
1200320 1820.7
1200330 1823.5
1200340 1825.8
1200350 1825.8
1200360 1827.7
1200370 1829.3
1200380 1829.3
1200390 1831.0
1200400 1832.9
1200410 1832.9
1200420 1835.0
1200430 1837.5
1200440 1837.5
1200450 1839.8
1200460 1841.0
1200470 1841.0
1200480 1842.2
1200490 1843.8
1200500 1849.8
1200510 1849.8
1200520 1850.4
1200530 1850.2
1200540 1850.2
1200550 1850.1
1200560 1850.1
1200570 1850.1
1200580 1850.5
1200590 1852.1
1200600 1852.1
1200610 1854.1
1200620 1855.4
1200630 1855.4
1200640 1855.7
1200650 1856.1
1200660 1856.1
1200670 1857.0
1200680 1857.5
1200690 1857.5
1200700 1858.1
1200710 1858.3
1200720 1857.8
1200730 1857.8
1200740 1856.5
1200750 1854.4
1200760 1854.4
1200770 1851.4
1200780 1847.9
1200790 1847.9
1200800 1844.4
1200810 1841.1
1200820 1841.1
1200830 1838.0
1200840 1834.7
1200850 1834.7
1200860 1831.6
1200870 1827.9
1200880 1827.9
1200890 1822.8
1200900 1816.3
1200910 1816.3
1200920 1809.0
1200930 1802.7
1200940 1802.7
1200950 1797.2
1200960 1789.0
1200970 1781.5
1200980 1781.5
1200990 1774.6
1201000 1768.6
1201010 1768.6
1201020 1762.9
1201030 1756.6
1201040 1756.6
1201050 1750.8
1201060 1746.1
1201070 1746.1
1201080 1741.7
1201090 1736.8
1201100 1736.8
1201110 1732.5
1201120 1729.2
1201130 1729.2
1201140 1727.3
1201150 1726.3
1201160 1726.3
1201170 1724.0
1201180 1720.9
1201190 1720.9
1201200 1717.1
1201210 1712.3
1201220 1706.6
1201230 1706.6
1201240 1701.7
1201250 1696.7
1201260 1696.7
1201270 1692.7
1201280 1690.0
1201290 1690.0
1201300 1688.1
1201310 1685.2
1201320 1685.2
1201330 1680.3
1201340 1677.8
1201350 1677.8
1201360 1676.8
1201370 1676.6
1201380 1676.6
1201390 1676.1
1201400 1675.1
1201410 1675.1
1201420 1672.7
1201430 1668.7
1201440 1668.7
1201450 1663.5
1201460 1658.1
1201470 1651.5
1201480 1651.5
1201490 1646.0
1201500 1641.5
1201510 1641.5
1201520 1638.3
1201530 1636.2
1201540 1636.2
1201550 1635.3
1201560 1634.6
1201570 1634.6
1201580 1630.7
1201590 1625.6
1201600 1625.6
1201610 1619.8
1201620 1614.8
1201630 1614.8
1201640 1613.1
1201650 1610.4
1201660 1610.4
1201670 1606.3
1201680 1600.9
1201690 1600.9
1201700 1595.6
1201710 1591.4
1201720 1586.6
1201730 1586.6
1201740 1581.3
1201750 1576.2
1201760 1576.2
1201770 1571.8
1201780 1567.6
1201790 1567.6
1201800 1563.6
1201810 1560.0
1201820 1560.0
1201830 1556.3
1201840 1551.7
1201850 1552.3
1201860 1547.8
1201870 1545.1
1201880 1545.1
1201890 1543.6
1201900 1542.0
1201910 1542.0
1201920 1541.1
1201930 1541.5
1201940 1537.4
1201950 1537.4
1201960 1531.8
1201970 1530.0
1201980 1530.0
1201990 1530.4
1202000 1527.6
1202010 1527.6
1202020 1520.8
1202030 1514.6
1202040 1514.6
1202050 1509.3
1202060 1505.0
1202070 1505.0
1202080 1499.8
1202090 1493.7
1202100 1493.7
1202110 1487.1
1202120 1481.0
1202130 1481.0
1202140 1475.4
1202150 1469.6
1202160 1469.6
1202170 1467.3
1202180 1465.1
1202190 1467.9
1202200 1467.9
1202210 1473.7
1202220 1480.2
1202230 1480.2
1202240 1486.9
1202250 1492.9
1202260 1492.9
1202270 1499.5
1202280 1507.2
1202290 1507.2
1202300 1516.6
1202310 1519.9
1202320 1519.9
1202330 1522.3
1202340 1525.7
1202350 1525.7
1202360 1528.9
1202370 1532.9
1202380 1532.9
1202390 1537.0
1202400 1541.5
1202410 1541.5
1202420 1545.9
1202430 1550.4
1202440 1555.3
1202450 1555.3
1202460 1560.3
1202470 1564.5
1202480 1564.5
1202490 1568.8
1202500 1574.1
1202510 1574.1
1202520 1579.6
1202530 1584.7
1202540 1584.7
1202550 1589.7
1202560 1594.6
1202570 1594.6
1202580 1599.7
1202590 1605.2
1202600 1605.2
1202610 1611.0
1202620 1617.2
1202630 1617.2
1202640 1623.6
1202650 1630.6
1202660 1630.6
1202670 1637.6
1202680 1644.2
1202690 1650.3
1202700 1650.3
1202710 1656.2
1202720 1662.2
1202730 1662.2
1202740 1668.4
1202750 1674.0
1202760 1674.0
1202770 1682.1
1202780 1689.7
1202790 1689.7
1202800 1696.4
1202810 1703.4
1202820 1703.4
1202830 1710.5
1202840 1717.9
1202850 1717.9
1202860 1725.5
1202870 1733.2
1202880 1733.2
1202890 1741.2
1202900 1749.1
1202910 1749.1
1202920 1757.5
1202930 1765.6
1202940 1773.7
1202950 1773.7
1202960 1781.5
1202970 1789.1
1202980 1789.1
1202990 1797.1
1203000 1804.7
1203010 1804.7
1203020 1812.3
1203030 1820.1
1203040 1820.1
1203050 1827.8
1203060 1835.8
1203070 1835.8
1203080 1843.0
1203090 1849.6
1203100 1849.6
1203110 1855.8
1203120 1864.5
1203130 1864.5
1203140 1873.6
1203150 1881.5
1203160 1890.0
1203170 1890.0
1203180 1898.4
1203190 1906.2
1203200 1907.1
1203210 1912.8
1203220 1913.9
1203230 1913.9
1203240 1911.3
1203250 1906.2
1203260 1906.2
1203270 1900.7
1203280 1895.1
1203290 1895.1
1203300 1889.6
1203310 1884.3
1203320 1884.3
1203330 1879.1
1203340 1873.8
1203350 1873.8
1203360 1868.8
1203370 1863.7
1203380 1863.7
1203390 1858.6
1203400 1853.1
1203410 1846.1
1203420 1846.1
1203430 1838.7
1203440 1831.5
1203450 1831.5
1203460 1824.0
1203470 1816.5
1203480 1816.5
1203490 1809.4
1203500 1802.6
1203510 1802.6
1203520 1795.6
1203530 1788.9
1203540 1788.9
1203550 1782.1
1203560 1775.4
1203570 1775.4
1203580 1768.6
1203590 1761.8
1203600 1761.8
1203610 1755.3
1203620 1749.5
1203630 1749.5
1203640 1744.1
1203650 1740.2
1203660 1734.7
1203670 1734.7
1203680 1727.6
1203690 1723.8
1203700 1723.8
1203710 1718.5
1203720 1708.9
1203730 1708.9
1203740 1698.0
1203750 1687.0
1203760 1687.0
1203770 1675.5
1203780 1666.8
1203790 1666.8
1203800 1659.2
1203810 1651.8
1203820 1651.8
1203830 1645.5
1203840 1639.5
1203850 1639.5
1203860 1633.8
1203870 1629.6
1203880 1629.6
1203890 1624.8
1203900 1619.9
1203910 1616.1
1203920 1616.1
1203930 1619.7
1203940 1625.0
1203950 1625.0
1203960 1628.1
1203970 1630.8
1203980 1630.8
1203990 1633.9
1204000 1638.9
1204010 1638.9
1204020 1642.3
1204030 1644.5
1204040 1644.5
1204050 1647.6
1204060 1652.1
1204070 1652.1
1204080 1657.9
1204090 1663.4
1204100 1663.4
1204110 1672.1
1204120 1677.0
1204130 1677.0
1204140 1681.7
1204150 1686.0
1204160 1690.9
1204170 1690.9
1204180 1695.6
1204190 1701.2
1204200 1701.2
1204210 1707.5
1204220 1712.9
1204230 1712.9
1204240 1718.6
1204250 1723.2
1204260 1723.2
1204270 1727.9
1204280 1735.4
1204290 1735.4
1204300 1744.7
1204310 1752.1
1204320 1752.1
1204330 1758.7
1204340 1766.4
1204350 1766.4
1204360 1773.5
1204370 1781.0
1204380 1781.0
1204390 1788.9
1204400 1796.8
1204410 1804.0
1204420 1804.0
1204430 1809.9
1204440 1816.1
1204450 1816.1
1204460 1822.3
1204470 1828.4
1204480 1828.4
1204490 1835.0
1204500 1841.8
1204510 1841.8
1204520 1848.8
1204530 1855.3
1204540 1855.3
1204550 1862.0
1204560 1869.1
1204570 1869.1
1204580 1876.1
1204590 1883.3
1204600 1883.3
1204610 1890.8
1204620 1898.4
1204630 1906.4
1204640 1906.4
1204650 1914.7
1204660 1922.8
1204670 1922.8
1204680 1931.1
1204690 1939.5
1204700 1939.5
1204710 1948.8
1204720 1958.5
1204730 1958.5
1204740 1968.2
1204750 1977.1
1204760 1977.1
1204770 1987.5
1204780 1997.2
1204790 1997.2
1204800 2004.4
1204810 2011.9
1204820 2011.9
1204830 2019.2
1204840 2026.4
1204850 2026.4
1204860 2035.2
1204870 2043.5
1204880 2052.7
1204890 2052.7
1204900 2063.7
1204910 2070.1
1204920 2070.1
1204930 2074.6
1204940 2079.7
1204950 2079.7
1204960 2084.6
1204970 2089.2
1204980 2089.2
1204990 2093.6
1205000 2097.5
1205010 2097.5
1205020 2107.9
1205030 2110.5
1205040 2110.5
1205050 2114.0
1205060 2118.7
1205070 2118.7
1205080 2123.5
1205090 2127.3
1205100 2127.3
1205110 2132.0
1205120 2135.1
1205130 2135.5
1205140 2135.5
1205150 2138.3
1205160 2145.9
1205170 2145.9
1205180 2155.3
1205190 2164.9
1205200 2164.9
1205210 2170.6
1205220 2175.2
1205230 2175.2
1205240 2180.3
1205250 2185.8
1205260 2185.8
1205270 2187.9
1205280 2185.1
1205290 2185.1
1205300 2181.0
1205310 2176.1
1205320 2176.1
1205330 2170.4
1205340 2164.9
1205350 2164.9
1205360 2158.2
1205370 2148.6
1205380 2139.3
1205390 2139.3
1205400 2131.1
1205410 2124.0
1205420 2124.0
1205430 2118.3
1205440 2113.2
1205450 2113.2
1205460 2106.5
1205470 2099.2
1205480 2099.2
1205490 2091.3
1205500 2083.9
1205510 2083.9
1205520 2077.4
1205530 2071.8
1205540 2071.8
1205550 2064.1
1205560 2054.8
1205570 2054.8
1205580 2046.1
1205590 2037.5
1205600 2037.5
1205610 2030.1
1205620 2022.5
1205630 2015.8
1205640 2015.8
1205650 2008.6
1205660 2000.9
1205670 2000.9
1205680 1991.8
1205690 1983.5
1205700 1983.5
1205710 1976.3
1205720 1969.4
1205730 1969.4
1205740 1963.0
1205750 1956.9
1205760 1956.9
1205770 1950.8
1205780 1945.3
1205790 1945.3
1205800 1939.7
1205810 1934.0
1205820 1934.0
1205830 1928.4
1205840 1923.1
1205850 1918.2
1205860 1918.2
1205870 1913.8
1205880 1910.2
1205890 1910.2
1205900 1906.9
1205910 1903.8
1205920 1903.8
1205930 1904.1
1205940 1901.2
1205950 1901.2
1205960 1899.9
1205970 1901.4
1205980 1901.4
1205990 1899.1
1206000 1892.6
1206010 1892.6
1206020 1887.4
1206030 1884.3
1206040 1884.3
1206050 1883.0
1206060 1886.1
1206070 1886.1
1206080 1889.8
1206090 1892.0
1206100 1893.6
1206110 1893.6
1206120 1895.3
1206130 1896.6
1206140 1896.6
1206150 1898.1
1206160 1900.6
1206170 1900.6
1206180 1904.1
1206190 1909.1
1206200 1909.1
1206210 1914.9
1206220 1921.1
1206230 1921.1
1206240 1926.7
1206250 1931.4
1206260 1931.4
1206270 1934.7
1206280 1938.5
1206290 1938.5
1206300 1943.2
1206310 1948.3
1206320 1948.3
1206330 1954.0
1206340 1959.9
1206350 1965.5
1206360 1965.5
1206370 1971.1
1206380 1977.5
1206390 1977.5
1206400 1983.4
1206410 1989.6
1206420 1989.6
1206430 1995.3
1206440 2001.2
1206450 2001.2
1206460 2007.0
1206470 2012.9
1206480 2012.9
1206490 2018.9
1206500 2024.9
1206510 2024.9
1206520 2031.0
1206530 2036.3
1206540 2036.3
1206550 2038.8
1206560 2043.0
1206570 2043.0
1206580 2047.8
1206590 2052.0
1206600 2057.4
1206610 2057.4
1206620 2063.7
1206630 2071.4
1206640 2071.4
1206650 2082.0
1206660 2092.2
1206670 2092.2
1206680 2100.8
1206690 2108.7
1206700 2108.7
1206710 2115.3
1206720 2123.3
1206730 2123.3
1206740 2133.2
1206750 2145.8
1206760 2145.8
1206770 2156.6
1206780 2168.8
1206790 2168.8
1206800 2177.3
1206810 2185.5
1206820 2185.5
1206830 2197.5
1206840 2194.9
1206850 2200.8
1206860 2200.8
1206870 2210.6
1206880 2222.6
1206890 2222.6
1206900 2231.7
1206910 2241.7
1206920 2241.7
1206930 2252.9
1206940 2265.1
1206950 2265.1
1206960 2274.8
1206970 2284.1
1206980 2284.1
1206990 2287.1
1207000 2299.2
1207010 2299.2
1207020 2314.2
1207030 2322.4
1207040 2322.4
1207050 2326.9
1207060 2333.0
1207070 2333.0
1207080 2340.8
1207090 2351.0
1207100 2359.1
1207110 2359.1
1207120 2367.5
1207130 2375.7
1207140 2375.7
1207150 2382.9
1207160 2382.3
1207170 2382.3
1207180 2381.9
1207190 2386.3
1207200 2386.3
1207210 2392.7
1207220 2400.2
1207230 2400.2
1207240 2405.4
1207250 2407.1
1207260 2407.1
1207270 2408.8
1207280 2413.9
1207290 2413.9
1207300 2426.1
1207310 2432.9
1207320 2439.9
1207330 2439.9
1207340 2447.7
1207350 2451.6
1207360 2451.6
1207370 2457.7
1207380 2466.2
1207390 2466.2
1207400 2470.2
1207410 2472.1
1207420 2472.1
1207430 2474.4
1207440 2478.5
1207450 2478.5
1207460 2484.2
1207470 2489.2
1207480 2489.2
1207490 2491.7
1207500 2493.8
1207510 2493.8
1207520 2495.3
1207530 2497.3
1207540 2497.3
1207550 2499.7
1207560 2500.1
1207570 2498.6
1207580 2498.6
1207590 2497.1
1207600 2493.0
1207610 2493.0
1207620 2488.3
1207630 2483.5
1207640 2483.5
1207650 2476.1
1207660 2465.2
1207670 2465.2
1207680 2456.9
1207690 2449.9
1207700 2449.9
1207710 2443.2
1207720 2437.0
1207730 2437.0
1207740 2431.5
1207750 2425.0
1207760 2425.7
1207770 2419.6
1207780 2415.2
1207790 2415.2
1207800 2412.0
1207810 2406.4
1207820 2403.2
1207830 2403.2
1207840 2396.0
1207850 2389.1
1207860 2389.1
1207870 2382.8
1207880 2377.7
1207890 2377.7
1207900 2371.3
1207910 2363.8
1207920 2363.8
1207930 2356.2
1207940 2348.9
1207950 2348.9
1207960 2342.9
1207970 2336.1
1207980 2336.1
1207990 2330.1
1208000 2319.9
1208010 2319.9
1208020 2305.9
1208030 2290.2
1208040 2290.2
1208050 2272.6
1208060 2265.2
1208070 2257.7
1208080 2257.7
1208090 2250.2
1208100 2243.0
1208110 2243.0
1208120 2237.0
1208130 2229.5
1208140 2229.5
1208150 2224.0
1208160 2216.0
1208170 2216.0
1208180 2208.6
1208190 2202.0
1208200 2202.0
1208210 2196.4
1208220 2187.8
1208230 2187.8
1208240 2182.4
1208250 2177.0
1208260 2177.0
1208270 2171.5
1208280 2165.5
1208290 2165.5
1208300 2159.5
1208310 2154.0
1208320 2148.8
1208330 2148.8
1208340 2143.4
1208350 2137.8
1208360 2137.8
1208370 2133.7
1208380 2130.9
1208390 2130.9
1208400 2126.7
1208410 2124.2
1208420 2124.2
1208430 2121.5
1208440 2119.9
1208450 2119.9
1208460 2118.3
1208470 2116.2
1208480 2116.2
1208490 2113.9
1208500 2114.6
1208510 2114.6
1208520 2116.3
1208530 2117.1
1208540 2118.9
1208550 2118.9
1208560 2119.5
1208570 2119.9
1208580 2119.9
1208590 2119.0
1208600 2116.1
1208610 2116.1
1208620 2111.9
1208630 2109.3
1208640 2109.3
1208650 2108.4
1208660 2109.0
1208670 2109.0
1208680 2113.9
1208690 2116.4
1208700 2116.4
1208710 2118.4
1208720 2119.7
1208730 2119.7
1208740 2119.5
1208750 2116.2
1208760 2116.2
1208770 2116.8
1208780 2118.6
1208790 2121.9
1208800 2121.9
1208810 2125.5
1208820 2129.8
1208830 2129.8
1208840 2134.2
1208850 2139.1
1208860 2139.1
1208870 2144.0
1208880 2148.1
1208890 2148.1
1208900 2151.9
1208910 2155.7
1208920 2155.7
1208930 2159.2
1208940 2162.4
1208950 2162.4
1208960 2165.6
1208970 2168.7
1208980 2168.7
1208990 2171.3
1209000 2174.4
1209010 2174.4
1209020 2177.8
1209030 2181.5
1209040 2185.3
1209050 2185.3
1209060 2188.7
1209070 2192.0
1209080 2192.0
1209090 2195.6
1209100 2199.4
1209110 2199.4
1209120 2203.0
1209130 2206.0
1209140 2212.9
1209150 2213.4
1209160 2211.5
1209170 2211.5
1209180 2208.9
1209190 2205.1
1209200 2205.1
1209210 2197.9
1209220 2191.3
1209230 2191.3
1209240 2184.0
1209250 2175.9
1209260 2175.9
1209270 2167.6
1209280 2156.8
1209290 2147.2
1209300 2147.2
1209310 2137.9
1209320 2126.0
1209330 2126.0
1209340 2118.4
1209350 2111.1
1209360 2111.1
1209370 2099.5
1209380 2086.0
1209390 2086.0
1209400 2078.8
1209410 2073.9
1209420 2073.9
1209430 2071.0
1209440 2067.8
1209450 2067.8
1209460 2066.5
1209470 2066.8
1209480 2066.8
1209490 2065.9
1209500 2062.7
1209510 2062.7
1209520 2058.7
1209530 2056.8
1209540 2054.9
1209550 2054.9
1209560 2052.7
1209570 2053.4
1209580 2053.4
1209590 2052.3
1209600 2048.7
1209610 2048.7
1209620 2045.0
1209630 2047.0
1209640 2047.0
1209650 2047.4
1209660 2045.3
1209670 2045.3
1209680 2040.5
1209690 2035.9
1209700 2035.9
1209710 2031.5
1209720 2029.8
1209730 2029.8
1209740 2029.4
1209750 2030.0
1209760 2029.1
1209770 2029.1
1209780 2029.9
1209790 2037.7
1209800 2037.7
1209810 2045.6
1209820 2056.3
1209830 2056.3
1209840 2066.4
1209850 2077.7
1209860 2077.7
1209870 2088.8
1209880 2092.9
1209890 2092.9
1209900 2095.2
1209910 2103.3
1209920 2103.3
1209930 2110.8
1209940 2116.5
1209950 2116.5
1209960 2122.7
1209970 2127.7
1209980 2127.7
1209990 2130.9
1210000 2134.4
1210010 2135.7
1210020 2135.7
1210030 2136.1
1210040 2135.6
1210050 2135.6
1210060 2146.9
1210070 2152.0
1210080 2152.0
1210090 2158.8
1210100 2163.3
1210110 2163.3
1210120 2166.9
1210130 2169.6
1210140 2169.6
1210150 2170.6
1210160 2167.6
1210170 2167.6
1210180 2162.4
1210190 2156.7
1210200 2156.7
1210210 2147.7
1210220 2138.1
1210230 2138.1
1210240 2129.0
1210250 2120.2
1210260 2113.2
1210270 2113.2
1210280 2105.9
1210290 2099.6
1210300 2099.6
1210310 2095.4
1210320 2092.0
1210330 2092.0
1210340 2089.8
1210350 2088.5
1210360 2088.5
1210370 2089.1
1210380 2090.1
1210390 2090.1
1210400 2091.7
1210410 2095.7
1210420 2095.7
1210430 2100.6
1210440 2105.4
1210450 2105.4
1210460 2109.9
1210470 2114.4
1210480 2114.4
1210490 2116.9
1210500 2117.3
1210510 2114.2
1210520 2114.2
1210530 2117.9
1210540 2112.0
1210550 2112.0
1210560 2107.4
1210570 2103.8
1210580 2103.8
1210590 2102.1
1210600 2102.6
1210610 2102.6
1210620 2103.7
1210630 2104.7
1210640 2104.7
1210650 2105.8
1210660 2107.0
1210670 2107.0
1210680 2108.1
1210690 2108.3
1210700 2108.3
1210710 2110.3
1210720 2112.3
1210730 2112.3
1210740 2114.0
1210750 2117.2
1210760 2120.5
1210770 2120.5
1210780 2123.1
1210790 2127.0
1210800 2127.0
1210810 2130.8
1210820 2133.4
1210830 2133.4
1210840 2134.3
1210850 2132.5
1210860 2132.5
1210870 2128.3
1210880 2125.3
1210890 2125.3
1210900 2121.4
1210910 2115.5
1210920 2115.5
1210930 2109.9
1210940 2104.5
1210950 2104.5
1210960 2102.6
1210970 2105.0
1210980 2105.0
1210990 2116.4
1211000 2116.6
1211010 2117.3
1211020 2117.3
1211030 2114.1
1211040 2109.2
1211050 2109.2
1211060 2104.8
1211070 2099.1
1211080 2099.1
1211090 2090.3
1211100 2080.3
1211110 2080.3
1211120 2072.7
1211130 2063.5
1211140 2063.5
1211150 2057.2
1211160 2047.8
1211170 2047.8
1211180 2038.0
1211190 2030.6
1211200 2030.6
1211210 2021.2
1211220 2010.8
1211230 1998.4
1211240 1998.4
1211250 1985.4
1211260 1979.1
1211270 1979.1
1211280 1975.0
1211290 1968.9
1211300 1968.9
1211310 1962.8
1211320 1958.1
1211330 1958.1
1211340 1953.8
1211350 1949.6
1211360 1949.6
1211370 1944.2
1211380 1939.6
1211390 1939.6
1211400 1935.0
1211410 1931.1
1211420 1931.1
1211430 1926.4
1211440 1921.1
1211450 1921.1
1211460 1921.4
1211470 1918.8
1211480 1915.2
1211490 1915.2
1211500 1908.5
1211510 1906.3
1211520 1906.3
1211530 1905.8
1211540 1905.9
1211550 1905.9
1211560 1905.4
1211570 1900.9
1211580 1900.9
1211590 1896.5
1211600 1896.2
1211610 1896.2
1211620 1895.6
1211630 1893.7
1211640 1893.7
1211650 1889.4
1211660 1885.8
1211670 1885.8
1211680 1882.6
1211690 1878.5
1211700 1878.5
1211710 1874.4
1211720 1871.0
1211730 1868.0
1211740 1868.0
1211750 1864.4
1211760 1860.5
1211770 1860.5
1211780 1856.9
1211790 1853.5
1211800 1853.5
1211810 1849.2
1211820 1837.3
1211830 1837.3
1211840 1819.7
1211850 1808.3
1211860 1808.3
1211870 1802.2
1211880 1796.1
1211890 1796.1
1211900 1791.5
1211910 1788.3
1211920 1800.6
1211930 1798.0
1211940 1800.0
1211950 1800.0
1211960 1801.8
1211970 1804.0
1211980 1806.7
1211990 1806.7
1212000 1807.3
1212010 1803.0
1212020 1803.0
1212030 1798.7
1212040 1793.8
1212050 1793.8
1212060 1788.4
1212070 1783.0
1212080 1783.0
1212090 1783.1
1212100 1785.0
1212110 1785.0
1212120 1786.1
1212130 1785.0
1212140 1785.0
1212150 1781.6
1212160 1776.5
1212170 1776.5
1212180 1771.8
1212190 1763.9
1212200 1763.9
1212210 1755.6
1212220 1750.0
1212230 1746.9
1212240 1746.9
1212250 1742.4
1212260 1737.5
1212270 1737.5
1212280 1732.8
1212290 1727.2
1212300 1727.2
1212310 1722.5
1212320 1721.2
1212330 1721.2
1212340 1716.3
1212350 1709.9
1212360 1709.9
1212370 1704.7
1212380 1704.3
1212390 1712.8
1212400 1708.2
1212410 1704.5
1212420 1704.5
1212430 1698.9
1212440 1690.6
1212450 1683.8
1212460 1683.8
1212470 1676.0
1212480 1667.1
1212490 1667.1
1212500 1661.5
1212510 1658.3
1212520 1658.3
1212530 1653.1
1212540 1647.6
1212550 1647.6
1212560 1644.0
1212570 1633.9
1212580 1633.9
1212590 1627.1
1212600 1624.4
1212610 1624.4
1212620 1620.3
1212630 1615.0
1212640 1615.0
1212650 1608.9
1212660 1602.6
1212670 1602.6
1212680 1595.0
1212690 1585.4
1212700 1578.3
1212710 1578.3
1212720 1571.9
1212730 1565.2
1212740 1565.2
1212750 1555.1
1212760 1544.9
1212770 1544.9
1212780 1536.1
1212790 1528.1
1212800 1528.1
1212810 1520.0
1212820 1514.2
1212830 1514.2
1212840 1508.4
1212850 1502.6
1212860 1512.8
1212870 1506.6
1212880 1500.0
1212890 1500.0
1212900 1494.8
1212910 1491.3
1212920 1491.3
1212930 1488.1
1212940 1482.9
1212950 1472.5
1212960 1472.5
1212970 1467.2
1212980 1467.3
1212990 1467.3
1213000 1467.8
1213010 1452.7
1213020 1452.7
1213030 1428.6
1213040 1403.4
1213050 1403.4
1213060 1379.7
1213070 1360.6
1213080 1360.6
1213090 1339.5
1213100 1320.3
1213110 1320.3
1213120 1309.3
1213130 1300.7
1213140 1300.7
1213150 1292.0
1213160 1280.1
1213170 1280.1
1213180 1269.5
1213190 1260.1
1213200 1252.1
1213210 1252.1
1213220 1244.9
1213230 1237.3
1213240 1237.3
1213250 1230.1
1213260 1223.3
1213270 1223.3
1213280 1215.8
1213290 1206.9
1213300 1206.9
1213310 1197.6
1213320 1185.7
1213330 1185.7
1213340 1160.2
1213350 1144.8
1213360 1144.8
1213370 1137.2
1213380 1128.5
1213390 1128.5
1213400 1118.0
1213410 1107.8
1213420 1107.8
1213430 1096.4
1213440 1082.1
1213450 1064.8
1213460 1064.8
1213470 1041.1
1213480 1024.1
1213490 1024.1
1213500 1017.5
1213510 1011.4
1213520 1011.4
1213530 1005.7
1213540 999.7
1213550 999.7
1213560 993.7
1213570 987.8
1213580 987.8
1213590 981.5
1213600 975.4
1213610 975.4
1213620 969.5
1213630 963.6
1213640 963.6
1213650 957.7
1213660 951.9
1213670 945.6
1213680 945.6
1213690 939.9
1213700 934.1
1213710 934.1
1213720 928.6
1213730 923.3
1213740 923.3
1213750 919.1
1213760 915.5
1213770 915.5
1213780 912.9
1213790 910.9
1213800 910.9
1213810 908.3
1213820 904.8
1213830 904.8
1213840 903.4
1213850 903.8
1213860 903.8
1213870 903.8
1213880 903.9
1213890 903.9
1213900 905.2
1213910 906.2
1213920 906.8
1213930 906.8
1213940 905.8
1213950 905.7
1213960 905.7
1213970 907.4
1213980 910.1
1213990 910.1
1214000 912.1
1214010 914.5
1214020 914.5
1214030 918.4
1214040 923.8
1214050 923.8
1214060 929.8
1214070 934.8
1214080 934.8
1214090 940.2
1214100 943.0
1214110 943.0
1214120 944.5
1214130 945.2
1214140 945.2
1214150 946.4
1214160 949.3
1214170 951.4
1214180 951.4
1214190 950.2
1214200 945.9
1214210 945.9
1214220 942.3
1214230 939.1
1214240 939.1
1214250 936.6
1214260 938.3
1214270 938.3
1214280 936.6
1214290 936.0
1214300 936.0
1214310 935.4
1214320 934.0
1214330 934.0
1214340 932.1
1214350 930.3
1214360 930.3
1214370 928.2
1214380 925.6
1214390 925.6
1214400 924.7
1214410 921.5
1214420 915.4
1214430 915.4
1214440 912.0
1214450 911.3
1214460 911.3
1214470 906.9
1214480 902.4
1214490 902.4
1214500 893.7
1214510 886.5
1214520 886.5
1214530 882.4
1214540 880.4
1214550 880.4
1214560 879.3
1214570 881.3
1214580 881.3
1214590 886.0
1214600 891.9
1214610 891.9
1214620 898.8
1214630 910.3
1214640 910.3
1214650 919.7
1214660 924.8
1214670 929.8
1214680 929.8
1214690 934.6
1214700 940.0
1214710 940.0
1214720 945.6
1214730 951.7
1214740 951.7
1214750 956.6
1214760 962.0
1214770 962.0
1214780 967.8
1214790 973.5
1214800 973.5
1214810 978.1
1214820 983.5
1214830 983.5
1214840 989.0
1214850 993.6
1214860 993.6
1214870 998.0
1214880 1002.5
1214890 1006.1
1214900 1006.1
1214910 1008.9
1214920 1011.8
1214930 1011.8
1214940 1015.8
1214950 1020.8
1214960 1020.8
1214970 1026.7
1214980 1030.8
1214990 1030.8
1215000 1035.6
1215010 1040.1
1215020 1040.1
1215030 1045.2
1215040 1051.1
1215050 1051.1
1215060 1056.6
1215070 1061.4
1215080 1061.4
1215090 1066.1
1215100 1071.0
1215110 1071.0
1215120 1078.1
1215130 1086.3
1215140 1097.3
1215150 1097.3
1215160 1109.4
1215170 1118.8
1215180 1118.8
1215190 1127.3
1215200 1140.9
1215210 1140.9
1215220 1150.0
1215230 1160.5
1215240 1160.5
1215250 1173.3
1215260 1185.8
1215270 1185.8
1215280 1198.6
1215290 1210.6
1215300 1210.6
1215310 1221.7
1215320 1234.0
1215330 1234.0
1215340 1242.8
1215350 1250.8
1215360 1250.8
1215370 1258.9
1215380 1266.3
1215390 1272.2
1215400 1272.2
1215410 1277.9
1215420 1284.1
1215430 1284.1
1215440 1290.4
1215450 1296.8
1215460 1296.8
1215470 1303.0
1215480 1310.0
1215490 1310.0
1215500 1316.4
1215510 1321.9
1215520 1321.9
1215530 1327.9
1215540 1334.5
1215550 1334.5
1215560 1341.4
1215570 1347.5
1215580 1347.5
1215590 1353.3
1215600 1358.0
1215610 1358.0
1215620 1364.4
1215630 1369.7
1215640 1373.8
1215650 1373.8
1215660 1377.6
1215670 1381.8
1215680 1377.1
1215690 1379.9
1215700 1385.9
1215710 1385.9
1215720 1391.6
1215730 1397.1
1215740 1397.1
1215750 1402.4
1215760 1408.3
1215770 1408.3
1215780 1414.6
1215790 1421.0
1215800 1421.0
1215810 1426.6
1215820 1431.5
1215830 1431.5
1215840 1436.4
1215850 1441.9
1215860 1447.1
1215870 1447.1
1215880 1452.2
1215890 1458.1
1215900 1458.1
1215910 1464.2
1215920 1470.8
1215930 1470.8
1215940 1477.9
1215950 1484.7
1215960 1484.7
1215970 1497.2
1215980 1509.4
1215990 1509.4
1216000 1516.8
1216010 1524.2
1216020 1524.2
1216030 1532.4
1216040 1540.5
1216050 1540.5
1216060 1550.4
1216070 1560.4
1216080 1560.4
1216090 1569.2
1216100 1575.3
1216110 1582.3
1216120 1582.3
1216130 1588.9
1216140 1594.0
1216150 1582.8
1216160 1588.6
1216170 1593.9
1216180 1593.9
1216190 1597.6
1216200 1600.0
1216210 1600.0
1216220 1599.8
1216230 1603.3
1216240 1603.3
1216250 1606.6
1216260 1609.2
1216270 1609.2
1216280 1614.1
1216290 1618.6
1216300 1618.6
1216310 1620.6
1216320 1620.6
1216330 1620.6
1216340 1619.5
1216350 1619.8
1216360 1626.5
1216370 1626.5
1216380 1636.5
1216390 1646.4
1216400 1646.4
1216410 1655.0
1216420 1663.4
1216430 1663.4
1216440 1671.9
1216450 1680.8
1216460 1680.8
1216470 1691.1
1216480 1704.1
1216490 1704.1
1216500 1716.0
1216510 1728.0
1216520 1728.0
1216530 1742.9
1216540 1757.6
1216550 1757.6
1216560 1768.7
1216570 1780.3
1216580 1780.3
1216590 1791.5
1216600 1801.3
1216610 1800.0
1216620 1774.0
1216630 1761.0
1216640 1751.4
1216650 1751.4
1216660 1748.9
1216670 1736.0
1216680 1736.0
1216690 1724.1
1216700 1741.9
1216710 1741.9
1216720 1780.3
1216730 1794.6
1216740 1794.6
1216750 1806.2
1216760 1814.0
1216770 1814.0
1216780 1812.6
1216790 1811.3
1216800 1811.3
1216810 1809.1
1216820 1806.0
1216830 1806.0
1216840 1801.2
1216850 1796.4
1216860 1791.1
1216870 1791.1
1216880 1784.8
1216890 1781.1
1216900 1781.1
1216910 1776.5
1216920 1774.0
1216930 1774.0
1216940 1774.8
1216950 1776.7
1216960 1776.7
1216970 1773.4
1216980 1762.2
1216990 1762.2
1217000 1749.2
1217010 1739.2
1217020 1739.2
1217030 1732.5
1217040 1729.0
1217050 1729.0
1217060 1723.8
1217070 1717.6
1217080 1709.4
1217090 1709.4
1217100 1710.1
1217110 1761.8
1217120 1761.8
1217130 1786.1
1217140 1789.5
1217150 1789.5
1217160 1784.0
1217170 1781.6
1217180 1781.6
1217190 1782.3
1217200 1782.7
1217210 1782.7
1217220 1783.0
1217230 1783.5
1217240 1783.5
1217250 1783.2
1217260 1782.2
1217270 1782.2
1217280 1782.2
1217290 1783.9
1217300 1783.9
1217310 1784.9
1217320 1786.6
1217330 1788.7
1217340 1788.7
1217350 1791.8
1217360 1795.1
1217370 1795.1
1217380 1797.7
1217390 1800.7
1217400 1800.7
1217410 1806.3
1217420 1816.7
1217430 1816.7
1217440 1838.3
1217450 1863.4
1217460 1863.4
1217470 1894.3
1217480 1925.4
1217490 1925.4
1217500 1937.6
1217510 1949.4
1217520 1949.4
1217530 1966.7
1217540 1981.7
1217550 1981.7
1217560 1999.7
1217570 2001.2
1217580 2011.2
1217590 2011.2
1217600 2022.6
1217610 2035.3
1217620 2035.3
1217630 2038.1
1217640 2038.8
1217650 2038.8
1217660 2039.8
1217670 2041.3
1217680 2041.3
1217690 2035.1
1217700 2027.8
1217710 2027.8
1217720 2022.5
1217730 2017.0
1217740 2017.0
1217750 2010.3
1217760 2005.9
1217770 2005.9
1217780 2002.9
1217790 1995.5
1217800 1995.5
1217810 1986.8
1217820 1976.3
1217830 1964.0
1217840 1964.0
1217850 1945.9
1217860 1929.8
1217870 1929.8
1217880 1921.1
1217890 1913.6
1217900 1913.6
1217910 1914.8
1217920 1918.5
1217930 1918.5
1217940 1916.1
1217950 1912.1
1217960 1912.1
1217970 1908.6
1217980 1904.2
1217990 1904.2
1218000 1906.8
1218010 1914.6
1218020 1914.6
1218030 1931.7
1218040 1953.2
1218050 1961.3
1218060 1974.0
1218070 1979.3
1218080 1979.5
1218090 1979.5
1218100 1985.3
1218110 1986.0
1218120 1986.0
1218130 1988.5
1218140 1998.9
1218150 1998.9
1218160 1999.2
1218170 1992.2
1218180 1992.2
1218190 1989.3
1218200 1983.4
1218210 1983.4
1218220 1974.0
1218230 1967.7
1218240 1967.7
1218250 1966.2
1218260 1969.1
1218270 1969.1
1218280 1976.6
1218290 1986.3
1218300 1998.2
1218310 1998.2
1218320 2012.5
1218330 2018.6
1218340 2018.6
1218350 2023.1
1218360 2024.8
1218370 2024.8
1218380 2027.8
1218390 2027.6
1218400 2027.6
1218410 2024.2
1218420 2017.5
1218430 2017.5
1218440 2021.1
1218450 2036.9
1218460 2036.9
1218470 2061.3
1218480 2079.3
1218490 2079.3
1218500 2090.1
1218510 2104.4
1218520 2090.9
1218530 2102.6
1218540 2114.1
1218550 2125.8
1218560 2125.8
1218570 2136.0
1218580 2140.4
1218590 2140.4
1218600 2143.0
1218610 2149.9
1218620 2149.9
1218630 2161.9
1218640 2172.0
1218650 2172.0
1218660 2184.0
1218670 2191.6
1218680 2191.6
1218690 2191.9
1218700 2187.4
1218710 2187.4
1218720 2187.4
1218730 2192.2
1218740 2192.2
1218750 2200.9
1218760 2208.5
1218770 2208.5
1218780 2214.9
1218790 2221.8
1218800 2228.7
1218810 2228.7
1218820 2236.0
1218830 2242.6
1218840 2242.6
1218850 2247.8
1218860 2253.0
1218870 2253.0
1218880 2256.4
1218890 2254.0
1218900 2254.0
1218910 2244.4
1218920 2236.3
1218930 2236.3
1218940 2234.9
1218950 2241.8
1218960 2241.8
1218970 2249.8
1218980 2254.1
1218990 2254.1
1219000 2248.9
1219010 2255.3
1219020 2255.3
1219030 2261.9
1219040 2267.2
1219050 2270.7
1219060 2270.7
1219070 2274.5
1219080 2284.9
1219090 2284.9
1219100 2295.6
1219110 2299.2
1219120 2299.2
1219130 2299.8
1219140 2305.2
1219150 2305.2
1219160 2309.6
1219170 2315.3
1219180 2315.3
1219190 2321.3
1219200 2323.1
1219210 2323.1
1219220 2333.0
1219230 2340.5
1219240 2340.5
1219250 2344.8
1219260 2350.0
1219270 2360.0
1219280 2360.0
1219290 2369.7
1219300 2383.8
1219310 2383.8
1219320 2399.3
1219330 2410.3
1219340 2410.3
1219350 2420.3
1219360 2430.4
1219370 2430.4
1219380 2438.9
1219390 2446.9
1219400 2446.9
1219410 2454.4
1219420 2459.4
1219430 2459.4
1219440 2462.8
1219450 2465.5
1219460 2465.5
1219470 2469.0
1219480 2459.8
1219490 2459.8
1219500 2461.2
1219510 2461.9
1219520 2463.7
1219530 2463.7
1219540 2465.6
1219550 2467.1
1219560 2467.1
1219570 2469.9
1219580 2472.1
1219590 2472.1
1219600 2480.5
1219610 2490.5
1219620 2490.5
1219630 2485.7
1219640 2485.8
1219650 2485.8
1219660 2488.0
1219670 2488.9
1219680 2488.9
1219690 2495.2
1219700 2495.8
1219710 2495.8
1219720 2499.8
1219730 2506.2
1219740 2506.2
1219750 2512.4
1219760 2519.3
1219770 2526.3
1219780 2526.3
1219790 2532.6
1219800 2538.5
1219810 2538.5
1219820 2543.8
1219830 2548.0
1219840 2548.0
1219850 2551.1
1219860 2558.6
1219870 2558.6
1219880 2575.8
1219890 2590.9
1219900 2590.9
1219910 2601.7
1219920 2611.0
1219930 2611.0
1219940 2620.6
1219950 2632.8
1219960 2615.5
1219970 2630.5
1219980 2631.8
1219990 2631.8
