1200000 1682.4
1200010 1689.4
1200020 1689.4
1200030 1693.6
1200040 1696.0
1200050 1696.0
1200060 1697.3
1200070 1699.2
1200080 1699.2
1200090 1701.6
1200100 1705.0
1200110 1705.0
1200120 1709.0
1200130 1712.1
1200140 1712.1
1200150 1715.1
1200160 1717.9
1200170 1721.1
1200180 1721.1
1200190 1725.3
1200200 1730.1
1200210 1730.1
1200220 1734.8
1200230 1740.4
1200240 1740.4
1200250 1745.0
1200260 1749.5
1200270 1749.5
1200280 1754.7
1200290 1759.8
1200300 1759.8
1200310 1764.1
1200320 1767.5
1200330 1767.5
1200340 1770.7
1200350 1773.3
1200360 1773.3
1200370 1775.1
1200380 1776.9
1200390 1776.9
1200400 1778.5
1200410 1779.2
1200420 1779.1
1200430 1779.1
1200440 1780.1
1200450 1786.3
1200460 1786.3
1200470 1788.0
1200480 1789.2
1200490 1789.2
1200500 1790.3
1200510 1791.3
1200520 1791.3
1200530 1792.8
1200540 1795.0
1200550 1795.0
1200560 1797.2
1200570 1799.5
1200580 1799.5
1200590 1801.8
1200600 1803.3
1200610 1803.3
1200620 1804.6
1200630 1806.0
1200640 1806.0
1200650 1806.4
1200660 1804.3
1200670 1804.2
1200680 1804.2
1200690 1805.0
1200700 1805.5
1200710 1805.5
1200720 1805.4
1200730 1804.7
1200740 1804.7
1200750 1804.2
1200760 1803.8
1200770 1803.8
1200780 1803.1
1200790 1802.4
1200800 1802.4
1200810 1801.1
1200820 1799.8
1200830 1799.8
1200840 1798.6
1200850 1797.5
1200860 1797.5
1200870 1796.5
1200880 1795.2
1200890 1795.2
1200900 1796.2
1200910 1793.5
1200920 1790.6
1200930 1790.6
1200940 1787.6
1200950 1784.2
1200960 1784.2
1200970 1780.3
1200980 1775.9
1200990 1775.9
1201000 1771.6
1201010 1766.4
1201020 1766.4
1201030 1760.4
1201040 1753.7
1201050 1753.7
1201060 1745.7
1201070 1737.3
1201080 1737.3
1201090 1729.4
1201100 1722.2
1201110 1722.2
1201120 1715.4
1201130 1709.2
1201140 1704.3
1201150 1704.3
1201160 1700.5
1201170 1696.6
1201180 1696.6
1201190 1692.6
1201200 1688.9
1201210 1688.9
1201220 1684.7
1201230 1680.6
1201240 1680.6
1201250 1676.6
1201260 1672.8
1201270 1672.8
1201280 1669.3
1201290 1666.5
1201300 1666.5
1201310 1663.3
1201320 1659.0
1201330 1659.0
1201340 1654.6
1201350 1649.9
1201360 1649.9
1201370 1646.4
1201380 1643.0
1201390 1640.3
1201400 1640.3
1201410 1637.3
1201420 1633.5
1201430 1633.5
1201440 1628.9
1201450 1625.8
1201460 1625.8
1201470 1622.3
1201480 1619.2
1201490 1619.2
1201500 1617.2
1201510 1616.8
1201520 1616.8
1201530 1615.1
1201540 1613.0
1201550 1613.0
1201560 1611.9
1201570 1609.2
1201580 1609.2
1201590 1604.1
1201600 1597.7
1201610 1597.7
1201620 1588.9
1201630 1582.2
1201640 1577.4
1201650 1577.4
1201660 1571.6
1201670 1563.3
1201680 1563.3
1201690 1555.6
1201700 1548.9
1201710 1548.9
1201720 1542.0
1201730 1535.9
1201740 1535.9
1201750 1530.8
1201760 1527.0
1201770 1527.0
1201780 1524.4
1201790 1520.2
1201800 1523.2
1201810 1518.1
1201820 1512.7
1201830 1512.7
1201840 1507.3
1201850 1502.5
1201860 1502.5
1201870 1499.1
1201880 1494.8
1201890 1492.0
1201900 1492.0
1201910 1489.8
1201920 1487.1
1201930 1487.1
1201940 1485.3
1201950 1483.7
1201960 1483.7
1201970 1480.0
1201980 1473.8
1201990 1473.8
1202000 1467.8
1202010 1461.6
1202020 1461.6
1202030 1457.2
1202040 1453.3
1202050 1453.3
1202060 1450.5
1202070 1448.5
1202080 1448.5
1202090 1444.4
1202100 1441.6
1202110 1441.6
1202120 1438.9
1202130 1437.7
1202140 1438.6
1202150 1438.6
1202160 1437.3
1202170 1440.3
1202180 1440.3
1202190 1446.1
1202200 1452.4
1202210 1452.4
1202220 1458.4
1202230 1463.4
1202240 1463.4
1202250 1472.8
1202260 1477.9
1202270 1477.9
1202280 1484.2
1202290 1490.8
1202300 1490.8
1202310 1495.4
1202320 1498.6
1202330 1498.6
1202340 1501.6
1202350 1505.5
1202360 1505.5
1202370 1509.8
1202380 1513.4
1202390 1518.1
1202400 1518.1
1202410 1523.2
1202420 1527.7
1202430 1527.7
1202440 1532.0
1202450 1536.0
1202460 1536.0
1202470 1540.3
1202480 1544.8
1202490 1544.8
1202500 1549.7
1202510 1554.3
1202520 1554.3
1202530 1559.2
1202540 1564.4
1202550 1564.4
1202560 1569.5
1202570 1575.1
1202580 1575.1
1202590 1580.9
1202600 1586.9
1202610 1593.3
1202620 1593.3
1202630 1599.8
1202640 1606.5
1202650 1606.5
1202660 1612.9
1202670 1619.1
1202680 1619.1
1202690 1625.3
1202700 1633.2
1202710 1633.2
1202720 1639.0
1202730 1645.3
1202740 1645.3
1202750 1652.2
1202760 1658.2
1202770 1658.2
1202780 1665.8
1202790 1673.0
1202800 1673.0
1202810 1680.4
1202820 1688.2
1202830 1688.2
1202840 1695.9
1202850 1704.5
1202860 1713.5
1202870 1713.5
1202880 1720.9
1202890 1728.1
1202900 1728.1
1202910 1735.2
1202920 1742.8
1202930 1742.8
1202940 1751.0
1202950 1759.1
1202960 1759.1
1202970 1766.9
1202980 1774.5
1202990 1774.5
1203000 1782.4
1203010 1789.8
1203020 1789.8
1203030 1797.1
1203040 1804.5
1203050 1804.5
1203060 1812.1
1203070 1819.6
1203080 1819.6
1203090 1827.4
1203100 1835.6
1203110 1843.4
1203120 1843.4
1203130 1850.7
1203140 1858.1
1203150 1857.7
1203160 1865.7
1203170 1873.3
1203180 1873.3
1203190 1878.9
1203200 1879.3
1203210 1879.3
1203220 1876.8
1203230 1873.8
1203240 1873.8
1203250 1870.8
1203260 1866.9
1203270 1866.9
1203280 1862.2
1203290 1857.3
1203300 1857.3
1203310 1853.1
1203320 1849.2
1203330 1849.2
1203340 1844.9
1203350 1840.2
1203360 1835.5
1203370 1835.5
1203380 1831.4
1203390 1827.2
1203400 1827.2
1203410 1822.9
1203420 1818.6
1203430 1818.6
1203440 1813.4
1203450 1806.3
1203460 1806.3
1203470 1798.6
1203480 1790.4
1203490 1790.4
1203500 1782.6
1203510 1774.9
1203520 1774.9
1203530 1767.3
1203540 1760.3
1203550 1760.3
1203560 1753.5
1203570 1746.5
1203580 1746.5
1203590 1739.5
1203600 1735.7
1203610 1729.5
1203620 1729.5
1203630 1723.0
1203640 1716.4
1203650 1716.4
1203660 1710.9
1203670 1705.2
1203680 1705.2
1203690 1699.6
1203700 1693.0
1203710 1693.0
1203720 1684.5
1203730 1675.9
1203740 1675.9
1203750 1668.4
1203760 1661.8
1203770 1661.8
1203780 1655.2
1203790 1648.0
1203800 1648.0
1203810 1640.3
1203820 1632.6
1203830 1632.6
1203840 1625.2
1203850 1617.8
1203860 1610.0
1203870 1610.0
1203880 1601.4
1203890 1593.3
1203900 1593.3
1203910 1586.2
1203920 1579.1
1203930 1579.1
1203940 1573.9
1203950 1574.2
1203960 1574.2
1203970 1578.7
1203980 1582.4
1203990 1582.4
1204000 1585.9
1204010 1590.9
1204020 1590.9
1204030 1595.9
1204040 1601.3
1204050 1601.3
1204060 1612.6
1204070 1619.5
1204080 1625.2
1204090 1625.2
1204100 1628.0
1204110 1630.3
1204120 1630.3
1204130 1632.2
1204140 1633.6
1204150 1633.6
1204160 1634.6
1204170 1636.8
1204180 1636.8
1204190 1641.0
1204200 1646.5
1204210 1646.5
1204220 1653.4
1204230 1663.0
1204240 1663.0
1204250 1674.1
1204260 1685.9
1204270 1685.9
1204280 1699.0
1204290 1710.6
1204300 1710.6
1204310 1720.0
1204320 1729.8
1204330 1738.3
1204340 1738.3
1204350 1745.1
1204360 1749.1
1204370 1749.1
1204380 1753.0
1204390 1754.9
1204400 1754.9
1204410 1758.5
1204420 1765.7
1204430 1765.7
1204440 1775.1
1204450 1785.4
1204460 1785.4
1204470 1795.6
1204480 1805.6
1204490 1805.6
1204500 1815.8
1204510 1825.7
1204520 1825.7
1204530 1833.0
1204540 1839.0
1204550 1839.0
1204560 1844.5
1204570 1850.8
1204580 1857.5
1204590 1857.5
1204600 1865.0
1204610 1871.8
1204620 1871.8
1204630 1878.0
1204640 1884.4
1204650 1884.4
1204660 1891.0
1204670 1898.2
1204680 1898.2
1204690 1905.6
1204700 1912.2
1204710 1912.2
1204720 1918.8
1204730 1925.7
1204740 1925.7
1204750 1932.4
1204760 1938.6
1204770 1938.6
1204780 1944.2
1204790 1948.3
1204800 1948.3
1204810 1952.2
1204820 1956.0
1204830 1958.0
1204840 1958.0
1204850 1961.3
1204860 1966.1
1204870 1966.1
1204880 1970.3
1204890 1975.4
1204900 1975.4
1204910 1980.2
1204920 1984.5
1204930 1984.5
1204940 1991.1
1204950 1998.5
1204960 2001.0
1204970 2007.1
1204980 2012.8
1204990 2012.8
1205000 2019.1
1205010 2029.3
1205020 2029.3
1205030 2040.7
1205040 2049.9
1205050 2049.9
1205060 2059.2
1205070 2067.9
1205080 2077.4
1205090 2077.4
1205100 2082.2
1205110 2091.9
1205120 2091.9
1205130 2095.9
1205140 2103.4
1205150 2103.4
1205160 2111.8
1205170 2119.0
1205180 2119.0
1205190 2125.7
1205200 2132.6
1205210 2132.6
1205220 2140.4
1205230 2147.9
1205240 2147.9
1205250 2154.6
1205260 2154.1
1205270 2154.1
1205280 2149.2
1205290 2145.0
1205300 2137.9
1205310 2137.9
1205320 2130.3
1205330 2129.6
1205340 2129.6
1205350 2125.8
1205360 2119.7
1205370 2119.7
1205380 2114.0
1205390 2109.9
1205400 2109.9
1205410 2107.4
1205420 2106.1
1205430 2106.1
1205440 2102.0
1205450 2100.9
1205460 2100.9
1205470 2098.4
1205480 2091.6
1205490 2091.6
1205500 2080.8
1205510 2071.0
1205520 2071.0
1205530 2062.6
1205540 2055.5
1205550 2049.4
1205560 2049.4
1205570 2042.6
1205580 2036.3
1205590 2036.3
1205600 2030.0
1205610 2025.6
1205620 2025.6
1205630 2020.3
1205640 2013.4
1205650 2013.4
1205660 2006.9
1205670 1999.8
1205680 1999.8
1205690 1991.8
1205700 1983.9
1205710 1983.9
1205720 1975.6
1205730 1967.7
1205740 1967.7
1205750 1961.0
1205760 1954.7
1205770 1954.7
1205780 1948.5
1205790 1942.6
1205800 1936.1
1205810 1936.1
1205820 1929.6
1205830 1921.9
1205840 1921.9
1205850 1914.1
1205860 1906.5
1205870 1910.6
1205880 1902.6
1205890 1894.8
1205900 1894.8
1205910 1887.5
1205920 1883.4
1205930 1883.4
1205940 1880.8
1205950 1877.5
1205960 1877.5
1205970 1873.4
1205980 1868.5
1205990 1868.5
1206000 1863.5
1206010 1858.9
1206020 1858.9
1206030 1854.7
1206040 1850.0
1206050 1848.2
1206060 1848.2
1206070 1850.8
1206080 1859.1
1206090 1859.1
1206100 1867.7
1206110 1871.2
1206120 1871.2
1206130 1873.3
1206140 1875.2
1206150 1875.2
1206160 1876.7
1206170 1880.8
1206180 1880.8
1206190 1885.0
1206200 1888.8
1206210 1888.8
1206220 1892.8
1206230 1896.9
1206240 1896.9
1206250 1901.1
1206260 1905.7
1206270 1905.7
1206280 1910.6
1206290 1915.0
1206300 1919.0
1206310 1919.0
1206320 1921.8
1206330 1929.1
1206340 1929.1
1206350 1932.5
1206360 1933.8
1206370 1933.8
1206380 1935.4
1206390 1940.7
1206400 1940.7
1206410 1948.6
1206420 1956.5
1206430 1956.5
1206440 1962.5
1206450 1967.0
1206460 1967.0
1206470 1971.4
1206480 1975.6
1206490 1975.6
1206500 1981.2
1206510 1986.3
1206520 1986.3
1206530 1989.9
1206540 1994.3
1206550 2002.1
1206560 2002.1
1206570 2012.0
1206580 2020.9
1206590 2020.9
1206600 2031.9
1206610 2041.6
1206620 2041.6
1206630 2051.5
1206640 2060.0
1206650 2060.0
1206660 2068.3
1206670 2077.2
1206680 2077.2
1206690 2084.2
1206700 2088.2
1206710 2088.2
1206720 2096.5
1206730 2107.3
1206740 2107.3
1206750 2116.2
1206760 2123.2
1206770 2127.5
1206780 2127.5
1206790 2144.1
1206800 2149.7
1206810 2149.7
1206820 2155.5
1206830 2163.5
1206840 2163.5
1206850 2170.6
1206860 2175.8
1206870 2175.8
1206880 2180.8
1206890 2184.4
1206900 2184.4
1206910 2191.0
1206920 2200.6
1206930 2200.6
1206940 2202.9
1206950 2206.7
1206960 2206.7
1206970 2214.7
1206980 2223.2
1206990 2223.2
1207000 2232.2
1207010 2243.2
1207020 2253.5
1207030 2253.5
1207040 2259.5
1207050 2266.3
1207060 2266.3
1207070 2272.4
1207080 2273.1
1207090 2273.1
1207100 2274.7
1207110 2280.7
1207120 2280.7
1207130 2287.3
1207140 2291.5
1207150 2291.5
1207160 2297.8
1207170 2306.3
1207180 2306.3
1207190 2314.4
1207200 2321.6
1207210 2321.6
1207220 2329.0
1207230 2337.0
1207240 2337.0
1207250 2345.9
1207260 2353.2
1207270 2361.8
1207280 2361.8
1207290 2371.5
1207300 2376.7
1207310 2376.7
1207320 2382.6
1207330 2387.9
1207340 2387.9
1207350 2392.9
1207360 2398.4
1207370 2398.4
1207380 2402.5
1207390 2407.3
1207400 2407.3
1207410 2411.8
1207420 2416.8
1207430 2416.8
1207440 2420.8
1207450 2422.4
1207460 2422.4
1207470 2420.5
1207480 2419.5
1207490 2419.5
1207500 2419.9
1207510 2418.4
1207520 2416.3
1207530 2416.3
1207540 2415.0
1207550 2413.7
1207560 2413.7
1207570 2412.7
1207580 2412.1
1207590 2412.1
1207600 2411.2
1207610 2412.3
1207620 2412.3
1207630 2413.7
1207640 2414.1
1207650 2414.1
1207660 2414.6
1207670 2414.8
1207680 2414.8
1207690 2413.3
1207700 2414.6
1207710 2414.6
1207720 2410.3
1207730 2408.8
1207740 2408.8
1207750 2406.9
1207760 2405.0
1207770 2402.3
1207780 2402.3
1207790 2398.2
1207800 2391.6
1207810 2391.6
1207820 2385.3
1207830 2379.5
1207840 2379.5
1207850 2373.3
1207860 2366.9
1207870 2366.9
1207880 2360.9
1207890 2356.3
1207900 2356.3
1207910 2352.3
1207920 2346.1
1207930 2346.1
1207940 2341.0
1207950 2336.0
1207960 2336.0
1207970 2329.8
1207980 2325.2
1207990 2325.2
1208000 2323.8
1208010 2317.8
1208020 2307.5
1208030 2307.5
1208040 2298.4
1208050 2290.2
1208060 2290.2
1208070 2284.0
1208080 2281.9
1208090 2281.9
1208100 2279.0
1208110 2271.2
1208120 2271.2
1208130 2261.7
1208140 2250.5
1208150 2250.5
1208160 2244.8
1208170 2235.2
1208180 2235.2
1208190 2228.1
1208200 2222.9
1208210 2222.9
1208220 2216.1
1208230 2208.6
1208240 2201.6
1208250 2201.6
1208260 2196.3
1208270 2193.5
1208280 2193.5
1208290 2189.3
1208300 2183.2
1208310 2183.2
1208320 2175.5
1208330 2167.8
1208340 2167.8
1208350 2162.3
1208360 2155.9
1208370 2155.9
1208380 2150.0
1208390 2142.2
1208400 2142.2
1208410 2126.7
1208420 2114.7
1208430 2114.7
1208440 2108.1
1208450 2100.1
1208460 2100.1
1208470 2093.0
1208480 2089.0
1208490 2084.3
1208500 2084.3
1208510 2081.1
1208520 2077.0
1208530 2077.0
1208540 2074.2
1208550 2073.0
1208560 2073.0
1208570 2070.8
1208580 2068.4
1208590 2068.4
1208600 2065.9
1208610 2062.5
1208620 2066.9
1208630 2067.9
1208640 2067.0
1208650 2067.0
1208660 2066.2
1208670 2065.6
1208680 2065.6
1208690 2064.7
1208700 2059.7
1208710 2059.7
1208720 2054.5
1208730 2048.1
1208740 2041.9
1208750 2041.9
1208760 2037.0
1208770 2034.2
1208780 2034.2
1208790 2034.2
1208800 2036.4
1208810 2036.4
1208820 2040.0
1208830 2043.2
1208840 2043.2
1208850 2045.5
1208860 2047.2
1208870 2047.2
1208880 2047.9
1208890 2048.2
1208900 2048.2
1208910 2048.7
1208920 2049.0
1208930 2049.0
1208940 2050.1
1208950 2052.3
1208960 2052.3
1208970 2055.4
1208980 2059.1
1208990 2064.3
1209000 2064.3
1209010 2075.7
1209020 2087.8
1209030 2087.8
1209040 2096.7
1209050 2103.9
1209060 2103.9
1209070 2108.8
1209080 2108.5
1209090 2117.1
1209100 2116.0
1209110 2119.8
1209120 2119.8
1209130 2126.8
1209140 2136.8
1209150 2136.8
1209160 2144.4
1209170 2148.8
1209180 2148.8
1209190 2148.9
1209200 2144.2
1209210 2144.2
1209220 2136.7
1209230 2127.8
1209240 2116.3
1209250 2116.3
1209260 2104.8
1209270 2095.0
1209280 2095.0
1209290 2086.4
1209300 2077.7
1209310 2077.7
1209320 2069.8
1209330 2062.7
1209340 2062.7
1209350 2054.7
1209360 2046.0
1209370 2046.0
1209380 2034.7
1209390 2022.3
1209400 2022.3
1209410 2014.3
1209420 2009.3
1209430 2009.3
1209440 2003.4
1209450 1997.4
1209460 1991.0
1209470 1991.0
1209480 1984.6
1209490 1973.2
1209500 1973.2
1209510 1960.1
1209520 1951.7
1209530 1951.7
1209540 1942.1
1209550 1941.1
1209560 1941.1
1209570 1934.5
1209580 1928.6
1209590 1928.6
1209600 1922.9
1209610 1919.2
1209620 1919.2
1209630 1919.6
1209640 1923.5
1209650 1923.5
1209660 1926.0
1209670 1925.7
1209680 1925.7
1209690 1922.4
1209700 1921.0
1209710 1920.4
1209720 1920.4
1209730 1922.1
1209740 1928.6
1209750 1928.6
1209760 1930.9
1209770 1928.9
1209780 1928.9
1209790 1929.0
1209800 1930.3
1209810 1930.3
1209820 1933.1
1209830 1936.7
1209840 1936.7
1209850 1943.2
1209860 1953.3
1209870 1953.3
1209880 1963.9
1209890 1974.1
1209900 1974.1
1209910 1982.2
1209920 1990.6
1209930 1990.6
1209940 1998.2
1209950 2004.7
1209960 2008.2
1209970 2008.2
1209980 2009.0
1209990 2011.7
1210000 2011.7
1210010 2024.4
1210020 2031.8
1210030 2031.8
1210040 2035.0
1210050 2033.8
1210060 2033.8
1210070 2033.3
1210080 2035.6
1210090 2035.6
1210100 2034.8
1210110 2035.5
1210120 2035.5
1210130 2040.1
1210140 2043.3
1210150 2043.3
1210160 2043.3
1210170 2043.9
1210180 2043.9
1210190 2042.7
1210200 2039.5
1210210 2035.7
1210220 2035.7
1210230 2030.3
1210240 2024.4
1210250 2024.4
1210260 2019.2
1210270 2015.4
1210280 2015.4
1210290 2010.8
1210300 2006.2
1210310 2006.2
1210320 2001.7
1210330 1998.4
1210340 1998.4
1210350 1996.3
1210360 1993.4
1210370 1993.4
1210380 1989.5
1210390 1991.2
1210400 1991.2
1210410 1992.1
1210420 1994.7
1210430 1994.7
1210440 1998.4
1210450 2004.5
1210460 2010.9
1210470 2016.0
1210480 2024.2
1210490 2029.8
1210500 2029.8
1210510 2030.4
1210520 2031.5
1210530 2031.5
1210540 2031.0
1210550 2027.5
1210560 2027.5
1210570 2025.4
1210580 2026.7
1210590 2026.7
1210600 2029.0
1210610 2030.3
1210620 2030.3
1210630 2032.9
1210640 2036.6
1210650 2036.6
1210660 2030.6
1210670 2027.0
1210680 2027.0
1210690 2021.6
1210700 2018.2
1210710 2016.5
1210720 2016.5
1210730 2013.9
1210740 2011.0
1210750 2011.0
1210760 2009.8
1210770 2006.8
1210780 2006.8
1210790 2003.4
1210800 1999.2
1210810 1999.2
1210820 1995.3
1210830 1993.0
1210840 1993.0
1210850 1989.3
1210860 1985.4
1210870 1985.4
1210880 1982.3
1210890 1981.1
1210900 1981.1
1210910 1978.0
1210920 1973.9
1210930 1969.7
1210940 1979.6
1210950 1974.7
1210960 1968.8
1210970 1968.8
1210980 1966.6
1210990 1963.4
1211000 1963.4
1211010 1962.2
1211020 1962.5
1211030 1962.5
1211040 1963.6
1211050 1968.1
1211060 1968.1
1211070 1970.1
1211080 1968.0
1211090 1968.0
1211100 1966.2
1211110 1964.9
1211120 1964.9
1211130 1961.6
1211140 1954.7
1211150 1954.7
1211160 1945.5
1211170 1939.5
1211180 1936.8
1211190 1936.8
1211200 1932.0
1211210 1924.9
1211220 1924.9
1211230 1915.7
1211240 1907.8
1211250 1907.8
1211260 1900.2
1211270 1891.8
1211280 1891.8
1211290 1883.9
1211300 1876.4
1211310 1876.4
1211320 1867.7
1211330 1857.4
1211340 1857.4
1211350 1850.9
1211360 1846.3
1211370 1846.3
1211380 1846.0
1211390 1845.5
1211400 1851.0
1211410 1849.0
1211420 1847.0
1211430 1845.0
1211440 1845.0
1211450 1843.7
1211460 1843.8
1211470 1843.8
1211480 1843.1
1211490 1844.3
1211500 1844.3
1211510 1845.4
1211520 1843.4
1211530 1843.4
1211540 1841.1
1211550 1837.5
1211560 1837.5
1211570 1834.5
1211580 1832.3
1211590 1832.3
1211600 1830.1
1211610 1828.3
1211620 1828.3
1211630 1824.7
1211640 1821.3
1211650 1821.3
1211660 1818.6
1211670 1816.4
1211680 1814.3
1211690 1814.3
1211700 1812.5
1211710 1810.7
1211720 1810.7
1211730 1808.5
1211740 1804.2
1211750 1804.2
1211760 1793.1
1211770 1780.5
1211780 1780.5
1211790 1768.8
1211800 1757.5
1211810 1757.5
1211820 1744.2
1211830 1728.8
1211840 1728.8
1211850 1711.9
1211860 1693.8
1211870 1698.9
1211880 1687.4
1211890 1679.0
1211900 1679.0
1211910 1672.0
1211920 1667.9
1211930 1663.8
1211940 1663.8
1211950 1654.4
1211960 1643.5
1211970 1643.5
1211980 1638.2
1211990 1634.2
1212000 1634.2
1212010 1637.8
1212020 1641.7
1212030 1641.7
1212040 1638.3
1212050 1638.5
1212060 1638.5
1212070 1639.2
1212080 1638.5
1212090 1638.5
1212100 1628.4
1212110 1623.7
1212120 1623.7
1212130 1625.8
1212140 1626.7
1212150 1620.0
1212160 1620.0
1212170 1611.3
1212180 1601.2
1212190 1601.2
1212200 1592.1
1212210 1580.3
1212220 1580.3
1212230 1569.8
1212240 1558.3
1212250 1558.3
1212260 1546.7
1212270 1538.5
1212280 1538.5
1212290 1537.1
1212300 1539.8
1212310 1539.8
1212320 1548.5
1212330 1555.9
1212340 1583.0
1212350 1581.6
1212360 1577.2
1212370 1577.2
1212380 1571.4
1212390 1565.5
1212400 1560.1
1212410 1560.1
1212420 1550.0
1212430 1538.6
1212440 1538.6
1212450 1523.3
1212460 1507.0
1212470 1507.0
1212480 1496.4
1212490 1488.2
1212500 1488.2
1212510 1483.6
1212520 1479.9
1212530 1479.9
1212540 1476.0
1212550 1469.7
1212560 1469.7
1212570 1462.6
1212580 1460.4
1212590 1460.4
1212600 1455.0
1212610 1445.8
1212620 1445.8
1212630 1436.5
1212640 1427.0
1212650 1408.1
1212660 1408.1
1212670 1381.7
1212680 1364.6
1212690 1364.6
1212700 1351.8
1212710 1345.1
1212720 1345.1
1212730 1339.6
1212740 1332.2
1212750 1332.2
1212760 1323.6
1212770 1312.1
1212780 1312.1
1212790 1302.8
1212800 1315.5
1212810 1315.5
1212820 1306.8
1212830 1299.3
1212840 1299.3
1212850 1289.9
1212860 1282.2
1212870 1282.2
1212880 1276.8
1212890 1270.6
1212900 1263.6
1212910 1263.6
1212920 1258.9
1212930 1256.3
1212940 1256.3
1212950 1251.0
1212960 1246.8
1212970 1246.8
1212980 1241.1
1212990 1229.5
1213000 1229.5
1213010 1227.2
1213020 1226.5
1213030 1226.5
1213040 1232.4
1213050 1238.1
1213060 1238.1
1213070 1241.6
1213080 1243.0
1213090 1243.0
1213100 1245.9
1213110 1250.1
1213120 1250.1
1213130 1255.9
1213140 1258.2
1213150 1255.3
1213160 1255.3
1213170 1254.4
1213180 1252.8
1213190 1252.8
1213200 1249.3
1213210 1243.2
1213220 1243.2
1213230 1235.1
1213240 1227.6
1213250 1227.6
1213260 1220.2
1213270 1214.5
1213280 1214.5
1213290 1206.5
1213300 1198.6
1213310 1198.6
1213320 1190.2
1213330 1177.3
1213340 1177.3
1213350 1138.1
1213360 1104.9
1213370 1104.9
1213380 1089.9
1213390 1079.3
1213400 1071.7
1213410 1071.7
1213420 1064.6
1213430 1057.3
1213440 1057.3
1213450 1050.0
1213460 1042.9
1213470 1042.9
1213480 1035.7
1213490 1028.7
1213500 1028.7
1213510 1021.6
1213520 1014.8
1213530 1014.8
1213540 1008.2
1213550 1002.2
1213560 1002.2
1213570 995.4
1213580 989.2
1213590 989.2
1213600 983.0
1213610 977.0
1213620 970.8
1213630 970.8
1213640 964.3
1213650 957.6
1213660 957.6
1213670 951.5
1213680 945.6
1213690 945.6
1213700 939.9
1213710 934.1
1213720 934.1
1213730 928.8
1213740 921.7
1213750 921.7
1213760 916.3
1213770 912.0
1213780 912.0
1213790 907.8
1213800 903.8
1213810 903.8
1213820 901.8
1213830 900.8
1213840 900.8
1213850 901.2
1213860 901.2
1213870 901.6
1213880 901.6
1213890 901.9
1213900 899.9
1213910 899.9
1213920 897.8
1213930 895.2
1213940 895.2
1213950 895.4
1213960 896.3
1213970 896.3
1213980 896.9
1213990 897.6
1214000 897.6
1214010 898.3
1214020 899.4
1214030 899.4
1214040 901.2
1214050 902.8
1214060 902.8
1214070 904.6
1214080 906.3
1214090 906.3
1214100 906.9
1214110 907.7
1214120 909.0
1214130 909.0
1214140 910.0
1214150 910.1
1214160 910.1
1214170 909.2
1214180 906.1
1214190 906.1
1214200 902.9
1214210 905.6
1214220 905.6
1214230 908.3
1214240 911.9
1214250 911.9
1214260 911.4
1214270 910.0
1214280 910.0
1214290 908.1
1214300 906.0
1214310 906.0
1214320 902.9
1214330 901.2
1214340 901.2
1214350 901.7
1214360 901.4
1214370 898.5
1214380 898.5
1214390 890.7
1214400 882.0
1214410 882.0
1214420 874.2
1214430 866.4
1214440 866.4
1214450 862.6
1214460 862.0
1214470 862.0
1214480 862.2
1214490 864.4
1214500 864.4
1214510 868.1
1214520 870.4
1214530 870.4
1214540 872.3
1214550 876.7
1214560 876.7
1214570 884.0
1214580 891.8
1214590 891.8
1214600 899.1
1214610 905.7
1214620 911.1
1214630 911.1
1214640 916.5
1214650 924.1
1214660 924.1
1214670 932.4
1214680 932.9
1214690 932.9
1214700 940.8
1214710 948.7
1214720 948.7
1214730 956.1
1214740 965.1
1214750 965.1
1214760 975.0
1214770 980.2
1214780 980.2
1214790 985.5
1214800 991.5
1214810 991.5
1214820 998.2
1214830 1004.2
1214840 1010.3
1214850 1010.3
1214860 1017.8
1214870 1024.6
1214880 1024.6
1214890 1031.7
1214900 1039.6
1214910 1039.6
1214920 1047.5
1214930 1055.0
1214940 1055.0
1214950 1062.2
1214960 1069.2
1214970 1069.2
1214980 1076.2
1214990 1081.9
1215000 1081.9
1215010 1087.0
1215020 1091.4
1215030 1091.4
1215040 1096.4
1215050 1103.8
1215060 1103.8
1215070 1107.7
1215080 1111.5
1215090 1117.0
1215100 1117.0
1215110 1122.1
1215120 1128.5
1215130 1128.5
1215140 1134.9
1215150 1134.6
1215160 1134.6
1215170 1139.4
1215180 1147.7
1215190 1147.7
1215200 1153.1
1215210 1158.4
1215220 1158.4
1215230 1164.5
1215240 1170.9
1215250 1170.9
1215260 1178.6
1215270 1185.3
1215280 1185.3
1215290 1190.9
1215300 1198.4
1215310 1198.4
1215320 1206.5
1215330 1212.6
1215340 1219.3
1215350 1219.3
1215360 1226.4
1215370 1233.3
1215380 1233.3
1215390 1249.4
1215400 1265.6
1215410 1265.6
1215420 1281.6
1215430 1297.3
1215440 1297.3
1215450 1302.8
1215460 1313.9
1215470 1313.9
1215480 1330.4
1215490 1343.6
1215500 1343.6
1215510 1357.1
1215520 1370.5
1215530 1370.5
1215540 1385.6
1215550 1406.0
1215560 1406.0
1215570 1423.2
1215580 1439.7
1215590 1450.3
1215600 1450.3
1215610 1454.3
1215620 1451.0
1215630 1451.0
1215640 1459.5
1215650 1468.8
1215660 1468.8
1215670 1477.3
1215680 1485.8
1215690 1485.8
1215700 1493.2
1215710 1499.8
1215720 1499.8
1215730 1507.3
1215740 1517.7
1215750 1517.7
1215760 1527.2
1215770 1534.3
1215780 1534.3
1215790 1539.5
1215800 1547.1
1215810 1555.4
1215820 1555.4
1215830 1563.8
1215840 1572.9
1215850 1572.9
1215860 1583.2
1215870 1607.7
1215880 1607.7
1215890 1629.9
1215900 1640.6
1215910 1640.6
1215920 1650.6
1215930 1660.6
1215940 1660.6
1215950 1671.2
1215960 1681.7
1215970 1681.7
1215980 1689.1
1215990 1696.4
1216000 1696.4
1216010 1708.5
1216020 1715.3
1216030 1715.3
1216040 1714.5
1216050 1711.5
1216060 1708.6
1216070 1708.6
1216080 1705.2
1216090 1695.7
1216100 1695.7
1216110 1695.9
1216120 1694.5
1216130 1694.5
1216140 1695.7
1216150 1704.7
1216160 1704.7
1216170 1714.8
1216180 1729.5
1216190 1729.5
1216200 1742.5
1216210 1753.4
1216220 1753.4
1216230 1770.5
1216240 1782.6
1216250 1782.6
1216260 1798.2
1216270 1809.2
1216280 1809.2
1216290 1819.9
1216300 1831.7
1216310 1840.9
1216320 1840.9
1216330 1848.1
1216340 1860.5
1216350 1860.5
1216360 1874.3
1216370 1883.4
1216380 1883.4
1216390 1895.0
1216400 1905.2
1216410 1905.2
1216420 1913.4
1216430 1920.1
1216440 1920.1
1216450 1927.5
1216460 1937.3
1216470 1937.3
1216480 1947.5
1216490 1958.8
1216500 1958.8
1216510 1969.6
1216520 1979.2
1216530 1979.2
1216540 1983.7
1216550 1984.4
1216560 1980.8
1216570 1972.7
1216580 1964.4
1216590 1950.7
1216600 1950.7
1216610 1937.8
1216620 1930.0
1216630 1930.0
1216640 1931.7
1216650 1941.2
1216660 1941.2
1216670 1943.6
1216680 1933.1
1216690 1933.1
1216700 1918.9
1216710 1906.4
1216720 1906.4
1216730 1898.2
1216740 1887.2
1216750 1887.2
1216760 1870.8
1216770 1860.2
1216780 1860.2
1216790 1870.9
1216800 1890.9
1216810 1901.0
1216820 1901.0
1216830 1909.6
1216840 1911.0
1216850 1911.0
1216860 1906.6
1216870 1902.0
1216880 1902.0
1216890 1897.6
1216900 1891.3
1216910 1891.3
1216920 1883.8
1216930 1875.4
1216940 1875.4
1216950 1867.7
1216960 1859.0
1216970 1859.0
1216980 1849.0
1216990 1837.9
1217000 1837.9
1217010 1829.7
1217020 1819.0
1217030 1816.8
1217040 1805.8
1217050 1818.2
1217060 1829.8
1217070 1829.8
1217080 1831.8
1217090 1834.7
1217100 1834.7
1217110 1840.1
1217120 1845.3
1217130 1845.3
1217140 1852.0
1217150 1857.0
1217160 1857.0
1217170 1862.9
1217180 1867.3
1217190 1867.3
1217200 1872.2
1217210 1884.0
1217220 1884.0
1217230 1900.3
1217240 1915.3
1217250 1915.3
1217260 1929.5
1217270 1947.6
1217280 1959.7
1217290 1959.7
1217300 1969.6
1217310 1978.9
1217320 1978.9
1217330 1988.4
1217340 1999.6
1217350 1999.6
1217360 2016.6
1217370 2036.5
1217380 2036.5
1217390 2051.2
1217400 2058.6
1217410 2058.6
1217420 2058.7
1217430 2058.4
1217440 2058.4
1217450 2067.2
1217460 2080.0
1217470 2080.0
1217480 2085.9
1217490 2088.7
1217500 2088.7
1217510 2091.0
1217520 2083.6
1217530 2087.5
1217540 2087.5
1217550 2092.6
1217560 2098.0
1217570 2098.0
1217580 2104.1
1217590 2112.2
1217600 2112.2
1217610 2118.1
1217620 2114.3
1217630 2114.3
1217640 2105.8
1217650 2095.6
1217660 2095.6
1217670 2085.8
1217680 2076.9
1217690 2076.9
1217700 2070.6
1217710 2064.5
1217720 2064.5
1217730 2049.7
1217740 2039.9
1217750 2039.9
1217760 2036.9
1217770 2036.5
1217780 2030.5
1217790 2030.5
1217800 2019.5
1217810 2014.3
1217820 2014.3
1217830 2018.2
1217840 2021.7
1217850 2021.7
1217860 2022.4
1217870 2022.6
1217880 2022.6
1217890 2024.2
1217900 2027.8
1217910 2027.8
1217920 2025.0
1217930 2017.8
1217940 2017.8
1217950 2011.7
1217960 2009.3
1217970 2009.3
1217980 2013.1
1217990 2001.2
1218000 2001.2
1218010 2000.5
1218020 2011.1
1218030 2018.6
1218040 2018.6
1218050 2025.0
1218060 2023.5
1218070 2023.5
1218080 2026.5
1218090 2033.1
1218100 2033.1
1218110 2042.9
1218120 2051.5
1218130 2051.5
1218140 2061.2
1218150 2069.8
1218160 2069.8
1218170 2074.6
1218180 2076.7
1218190 2076.7
1218200 2077.6
1218210 2081.0
1218220 2081.0
1218230 2084.6
1218240 2091.2
1218250 2094.4
1218260 2094.4
1218270 2088.3
1218280 2082.2
1218290 2082.2
1218300 2080.7
1218310 2077.0
1218320 2077.0
1218330 2074.5
1218340 2073.0
1218350 2073.0
1218360 2072.6
1218370 2081.8
1218380 2081.8
1218390 2099.0
1218400 2110.9
1218410 2110.9
1218420 2127.9
1218430 2150.1
1218440 2150.1
1218450 2164.4
1218460 2178.0
1218470 2174.5
1218480 2187.8
1218490 2199.5
1218500 2210.3
1218510 2210.3
1218520 2220.1
1218530 2223.6
1218540 2223.6
1218550 2227.6
1218560 2231.9
1218570 2231.9
1218580 2237.7
1218590 2250.4
1218600 2250.4
1218610 2268.7
1218620 2284.2
1218630 2284.2
1218640 2295.5
1218650 2302.6
1218660 2302.6
1218670 2306.6
1218680 2306.5
1218690 2306.5
1218700 2310.5
1218710 2316.1
1218720 2316.1
1218730 2321.2
1218740 2327.9
1218750 2339.1
1218760 2339.1
1218770 2353.2
1218780 2359.8
1218790 2359.8
1218800 2354.3
1218810 2348.7
1218820 2348.7
1218830 2344.7
1218840 2342.9
1218850 2342.9
1218860 2342.7
1218870 2343.0
1218880 2343.0
1218890 2343.2
1218900 2344.0
1218910 2344.0
1218920 2346.6
1218930 2345.1
1218940 2345.1
1218950 2336.3
1218960 2335.9
1218970 2335.9
1218980 2339.7
1218990 2343.7
1219000 2347.0
1219010 2347.0
1219020 2349.9
1219030 2353.7
1219040 2353.7
1219050 2356.9
1219060 2359.3
1219070 2359.3
1219080 2363.5
1219090 2371.0
1219100 2371.0
1219110 2377.4
1219120 2380.8
1219130 2380.8
1219140 2383.9
1219150 2385.3
1219160 2385.3
1219170 2382.6
1219180 2381.8
1219190 2381.8
1219200 2390.8
1219210 2410.6
1219220 2410.6
1219230 2419.6
1219240 2430.4
1219250 2438.5
1219260 2438.5
1219270 2445.5
1219280 2450.1
1219290 2450.1
1219300 2452.3
1219310 2452.9
1219320 2452.9
1219330 2454.6
1219340 2458.6
1219350 2458.6
1219360 2468.1
1219370 2472.4
1219380 2472.4
1219390 2473.0
1219400 2476.5
1219410 2476.5
1219420 2481.5
1219430 2477.1
1219440 2477.1
1219450 2483.2
1219460 2492.0
1219470 2494.1
1219480 2494.1
1219490 2494.5
1219500 2500.9
1219510 2500.9
1219520 2508.8
1219530 2526.5
1219540 2526.5
1219550 2539.4
1219560 2544.6
1219570 2544.6
1219580 2561.1
1219590 2575.8
1219600 2575.8
1219610 2590.8
1219620 2599.1
1219630 2599.1
1219640 2613.0
1219650 2633.1
1219660 2633.1
1219670 2645.2
1219680 2649.6
1219690 2649.6
1219700 2664.4
1219710 2672.2
1219720 2674.8
1219730 2674.8
1219740 2680.2
1219750 2677.4
1219760 2677.4
1219770 2669.8
1219780 2662.2
1219790 2662.2
1219800 2662.0
1219810 2659.7
1219820 2659.7
1219830 2667.6
1219840 2708.7
1219850 2708.7
1219860 2728.9
1219870 2738.8
1219880 2738.8
1219890 2736.8
1219900 2730.2
1219910 2718.4
1219920 2714.7
1219930 2721.7
1219940 2721.7
1219950 2739.2
1219960 2768.5
1219970 2788.4
1219980 2788.4
1219990 2806.4
1200000 1682.4
1200010 1689.4
1200020 1689.4
1200030 1693.6
1200040 1696.0
1200050 1696.0
1200060 1697.3
1200070 1699.2
1200080 1699.2
1200090 1701.6
1200100 1705.0
1200110 1705.0
1200120 1709.0
1200130 1712.1
1200140 1712.1
1200150 1715.1
1200160 1717.9
1200170 1721.1
1200180 1721.1
1200190 1725.3
1200200 1730.1
1200210 1730.1
1200220 1734.8
1200230 1740.4
1200240 1740.4
1200250 1745.0
1200260 1749.5
1200270 1749.5
1200280 1754.7
1200290 1759.8
1200300 1759.8
1200310 1764.1
1200320 1767.5
1200330 1767.5
1200340 1770.7
1200350 1773.3
1200360 1773.3
1200370 1775.1
1200380 1776.9
1200390 1776.9
1200400 1778.5
1200410 1779.2
1200420 1779.1
1200430 1779.1
1200440 1780.1
1200450 1786.3
1200460 1786.3
1200470 1788.0
1200480 1789.2
1200490 1789.2
1200500 1790.3
1200510 1791.3
1200520 1791.3
1200530 1792.8
1200540 1795.0
1200550 1795.0
1200560 1797.2
1200570 1799.5
1200580 1799.5
1200590 1801.8
1200600 1803.3
1200610 1803.3
1200620 1804.6
1200630 1806.0
1200640 1806.0
1200650 1806.4
1200660 1804.3
1200670 1804.2
1200680 1804.2
1200690 1805.0
1200700 1805.5
1200710 1805.5
1200720 1805.4
1200730 1804.7
1200740 1804.7
1200750 1804.2
1200760 1803.8
1200770 1803.8
1200780 1803.1
1200790 1802.4
1200800 1802.4
1200810 1801.1
1200820 1799.8
1200830 1799.8
1200840 1798.6
1200850 1797.5
1200860 1797.5
1200870 1796.5
1200880 1795.2
1200890 1795.2
1200900 1796.2
1200910 1793.5
1200920 1790.6
1200930 1790.6
1200940 1787.6
1200950 1784.2
1200960 1784.2
1200970 1780.3
1200980 1775.9
1200990 1775.9
1201000 1771.6
1201010 1766.4
1201020 1766.4
1201030 1760.4
1201040 1753.7
1201050 1753.7
1201060 1745.7
1201070 1737.3
1201080 1737.3
1201090 1729.4
1201100 1722.2
1201110 1722.2
1201120 1715.4
1201130 1709.2
1201140 1704.3
1201150 1704.3
1201160 1700.5
1201170 1696.6
1201180 1696.6
1201190 1692.6
1201200 1688.9
1201210 1688.9
1201220 1684.7
1201230 1680.6
1201240 1680.6
1201250 1676.6
1201260 1672.8
1201270 1672.8
1201280 1669.3
1201290 1666.5
1201300 1666.5
1201310 1663.3
1201320 1659.0
1201330 1659.0
1201340 1654.6
1201350 1649.9
1201360 1649.9
1201370 1646.4
1201380 1643.0
1201390 1640.3
1201400 1640.3
1201410 1637.3
1201420 1633.5
1201430 1633.5
1201440 1628.9
1201450 1625.8
1201460 1625.8
1201470 1622.3
1201480 1619.2
1201490 1619.2
1201500 1617.2
1201510 1616.8
1201520 1616.8
1201530 1615.1
1201540 1613.0
1201550 1613.0
1201560 1611.9
1201570 1609.2
1201580 1609.2
1201590 1604.1
1201600 1597.7
1201610 1597.7
1201620 1588.9
1201630 1582.2
1201640 1577.4
1201650 1577.4
1201660 1571.6
1201670 1563.3
1201680 1563.3
1201690 1555.6
1201700 1548.9
1201710 1548.9
1201720 1542.0
1201730 1535.9
1201740 1535.9
1201750 1530.8
1201760 1527.0
1201770 1527.0
1201780 1524.4
1201790 1520.2
1201800 1523.2
1201810 1518.1
1201820 1512.7
1201830 1512.7
1201840 1507.3
1201850 1502.5
1201860 1502.5
1201870 1499.1
1201880 1494.8
1201890 1492.0
1201900 1492.0
1201910 1489.8
1201920 1487.1
1201930 1487.1
1201940 1485.3
1201950 1483.7
1201960 1483.7
1201970 1480.0
1201980 1473.8
1201990 1473.8
1202000 1467.8
1202010 1461.6
1202020 1461.6
1202030 1457.2
1202040 1453.3
1202050 1453.3
1202060 1450.5
1202070 1448.5
1202080 1448.5
1202090 1444.4
1202100 1441.6
1202110 1441.6
1202120 1438.9
1202130 1437.7
1202140 1438.6
1202150 1438.6
1202160 1437.3
1202170 1440.3
1202180 1440.3
1202190 1446.1
1202200 1452.4
1202210 1452.4
1202220 1458.4
1202230 1463.4
1202240 1463.4
1202250 1472.8
1202260 1477.9
1202270 1477.9
1202280 1484.2
1202290 1490.8
1202300 1490.8
1202310 1495.4
1202320 1498.6
1202330 1498.6
1202340 1501.6
1202350 1505.5
1202360 1505.5
1202370 1509.8
1202380 1513.4
1202390 1518.1
1202400 1518.1
1202410 1523.2
1202420 1527.7
1202430 1527.7
1202440 1532.0
1202450 1536.0
1202460 1536.0
1202470 1540.3
1202480 1544.8
1202490 1544.8
1202500 1549.7
1202510 1554.3
1202520 1554.3
1202530 1559.2
1202540 1564.4
1202550 1564.4
1202560 1569.5
1202570 1575.1
1202580 1575.1
1202590 1580.9
1202600 1586.9
1202610 1593.3
1202620 1593.3
1202630 1599.8
1202640 1606.5
1202650 1606.5
1202660 1612.9
1202670 1619.1
1202680 1619.1
1202690 1625.3
1202700 1633.2
1202710 1633.2
1202720 1639.0
1202730 1645.3
1202740 1645.3
1202750 1652.2
1202760 1658.2
1202770 1658.2
1202780 1665.8
1202790 1673.0
1202800 1673.0
1202810 1680.4
1202820 1688.2
1202830 1688.2
1202840 1695.9
1202850 1704.5
1202860 1713.5
1202870 1713.5
1202880 1720.9
1202890 1728.1
1202900 1728.1
1202910 1735.2
1202920 1742.8
1202930 1742.8
1202940 1751.0
1202950 1759.1
1202960 1759.1
1202970 1766.9
1202980 1774.5
1202990 1774.5
1203000 1782.4
1203010 1789.8
1203020 1789.8
1203030 1797.1
1203040 1804.5
1203050 1804.5
1203060 1812.1
1203070 1819.6
1203080 1819.6
1203090 1827.4
1203100 1835.6
1203110 1843.4
1203120 1843.4
1203130 1850.7
1203140 1858.1
1203150 1857.7
1203160 1865.7
1203170 1873.3
1203180 1873.3
1203190 1878.9
1203200 1879.3
1203210 1879.3
1203220 1876.8
1203230 1873.8
1203240 1873.8
1203250 1870.8
1203260 1866.9
1203270 1866.9
1203280 1862.2
1203290 1857.3
1203300 1857.3
1203310 1853.1
1203320 1849.2
1203330 1849.2
1203340 1844.9
1203350 1840.2
1203360 1835.5
1203370 1835.5
1203380 1831.4
1203390 1827.2
1203400 1827.2
1203410 1822.9
1203420 1818.6
1203430 1818.6
1203440 1813.4
1203450 1806.3
1203460 1806.3
1203470 1798.6
1203480 1790.4
1203490 1790.4
1203500 1782.6
1203510 1774.9
1203520 1774.9
1203530 1767.3
1203540 1760.3
1203550 1760.3
1203560 1753.5
1203570 1746.5
1203580 1746.5
1203590 1739.5
1203600 1735.7
1203610 1729.5
1203620 1729.5
1203630 1723.0
1203640 1716.4
1203650 1716.4
1203660 1710.9
1203670 1705.2
1203680 1705.2
1203690 1699.6
1203700 1693.0
1203710 1693.0
1203720 1684.5
1203730 1675.9
1203740 1675.9
1203750 1668.4
1203760 1661.8
1203770 1661.8
1203780 1655.2
1203790 1648.0
1203800 1648.0
1203810 1640.3
1203820 1632.6
1203830 1632.6
1203840 1625.2
1203850 1617.8
1203860 1610.0
1203870 1610.0
1203880 1601.4
1203890 1593.3
1203900 1593.3
1203910 1586.2
1203920 1579.1
1203930 1579.1
1203940 1573.9
1203950 1574.2
1203960 1574.2
1203970 1578.7
1203980 1582.4
1203990 1582.4
1204000 1585.9
1204010 1590.9
1204020 1590.9
1204030 1595.9
1204040 1601.3
1204050 1601.3
1204060 1612.6
1204070 1619.5
1204080 1625.2
1204090 1625.2
1204100 1628.0
1204110 1630.3
1204120 1630.3
1204130 1632.2
1204140 1633.6
1204150 1633.6
1204160 1634.6
1204170 1636.8
1204180 1636.8
1204190 1641.0
1204200 1646.5
1204210 1646.5
1204220 1653.4
1204230 1663.0
1204240 1663.0
1204250 1674.1
1204260 1685.9
1204270 1685.9
1204280 1699.0
1204290 1710.6
1204300 1710.6
1204310 1720.0
1204320 1729.8
1204330 1738.3
1204340 1738.3
1204350 1745.1
1204360 1749.1
1204370 1749.1
1204380 1753.0
1204390 1754.9
1204400 1754.9
1204410 1758.5
1204420 1765.7
1204430 1765.7
1204440 1775.1
1204450 1785.4
1204460 1785.4
1204470 1795.6
1204480 1805.6
1204490 1805.6
1204500 1815.8
1204510 1825.7
1204520 1825.7
1204530 1833.0
1204540 1839.0
1204550 1839.0
1204560 1844.5
1204570 1850.8
1204580 1857.5
1204590 1857.5
1204600 1865.0
1204610 1871.8
1204620 1871.8
1204630 1878.0
1204640 1884.4
1204650 1884.4
1204660 1891.0
1204670 1898.2
1204680 1898.2
1204690 1905.6
1204700 1912.2
1204710 1912.2
1204720 1918.8
1204730 1925.7
1204740 1925.7
1204750 1932.4
1204760 1938.6
1204770 1938.6
1204780 1944.2
1204790 1948.3
1204800 1948.3
1204810 1952.2
1204820 1956.0
1204830 1958.0
1204840 1958.0
1204850 1961.3
1204860 1966.1
1204870 1966.1
1204880 1970.3
1204890 1975.4
1204900 1975.4
1204910 1980.2
1204920 1984.5
1204930 1984.5
1204940 1991.1
1204950 1998.5
1204960 2001.0
1204970 2007.1
1204980 2012.8
1204990 2012.8
1205000 2019.1
1205010 2029.3
1205020 2029.3
1205030 2040.7
1205040 2049.9
1205050 2049.9
1205060 2059.2
1205070 2067.9
1205080 2077.4
1205090 2077.4
1205100 2082.2
1205110 2091.9
1205120 2091.9
1205130 2095.9
1205140 2103.4
1205150 2103.4
1205160 2111.8
1205170 2119.0
1205180 2119.0
1205190 2125.7
1205200 2132.6
1205210 2132.6
1205220 2140.4
1205230 2147.9
1205240 2147.9
1205250 2154.6
1205260 2154.1
1205270 2154.1
1205280 2149.2
1205290 2145.0
1205300 2137.9
1205310 2137.9
1205320 2130.3
1205330 2129.6
1205340 2129.6
1205350 2125.8
1205360 2119.7
1205370 2119.7
1205380 2114.0
1205390 2109.9
1205400 2109.9
1205410 2107.4
1205420 2106.1
1205430 2106.1
1205440 2102.0
1205450 2100.9
1205460 2100.9
1205470 2098.4
1205480 2091.6
1205490 2091.6
1205500 2080.8
1205510 2071.0
1205520 2071.0
1205530 2062.6
1205540 2055.5
1205550 2049.4
1205560 2049.4
1205570 2042.6
1205580 2036.3
1205590 2036.3
1205600 2030.0
1205610 2025.6
1205620 2025.6
1205630 2020.3
1205640 2013.4
1205650 2013.4
1205660 2006.9
1205670 1999.8
1205680 1999.8
1205690 1991.8
1205700 1983.9
1205710 1983.9
1205720 1975.6
1205730 1967.7
1205740 1967.7
1205750 1961.0
1205760 1954.7
1205770 1954.7
1205780 1948.5
1205790 1942.6
1205800 1936.1
1205810 1936.1
1205820 1929.6
1205830 1921.9
1205840 1921.9
1205850 1914.1
1205860 1906.5
1205870 1910.6
1205880 1902.6
1205890 1894.8
1205900 1894.8
1205910 1887.5
1205920 1883.4
1205930 1883.4
1205940 1880.8
1205950 1877.5
1205960 1877.5
1205970 1873.4
1205980 1868.5
1205990 1868.5
1206000 1863.5
1206010 1858.9
1206020 1858.9
1206030 1854.7
1206040 1850.0
1206050 1848.2
1206060 1848.2
1206070 1850.8
1206080 1859.1
1206090 1859.1
1206100 1867.7
1206110 1871.2
1206120 1871.2
1206130 1873.3
1206140 1875.2
1206150 1875.2
1206160 1876.7
1206170 1880.8
1206180 1880.8
1206190 1885.0
1206200 1888.8
1206210 1888.8
1206220 1892.8
1206230 1896.9
1206240 1896.9
1206250 1901.1
1206260 1905.7
1206270 1905.7
1206280 1910.6
1206290 1915.0
1206300 1919.0
1206310 1919.0
1206320 1921.8
1206330 1929.1
1206340 1929.1
1206350 1932.5
1206360 1933.8
1206370 1933.8
1206380 1935.4
1206390 1940.7
1206400 1940.7
1206410 1948.6
1206420 1956.5
1206430 1956.5
1206440 1962.5
1206450 1967.0
1206460 1967.0
1206470 1971.4
1206480 1975.6
1206490 1975.6
1206500 1981.2
1206510 1986.3
1206520 1986.3
1206530 1989.9
1206540 1994.3
1206550 2002.1
1206560 2002.1
1206570 2012.0
1206580 2020.9
1206590 2020.9
1206600 2031.9
1206610 2041.6
1206620 2041.6
1206630 2051.5
1206640 2060.0
1206650 2060.0
1206660 2068.3
1206670 2077.2
1206680 2077.2
1206690 2084.2
1206700 2088.2
1206710 2088.2
1206720 2096.5
1206730 2107.3
1206740 2107.3
1206750 2116.2
1206760 2123.2
1206770 2127.5
1206780 2127.5
1206790 2144.1
1206800 2149.7
1206810 2149.7
1206820 2155.5
1206830 2163.5
1206840 2163.5
1206850 2170.6
1206860 2175.8
1206870 2175.8
1206880 2180.8
1206890 2184.4
1206900 2184.4
1206910 2191.0
1206920 2200.6
1206930 2200.6
1206940 2202.9
1206950 2206.7
1206960 2206.7
1206970 2214.7
1206980 2223.2
1206990 2223.2
1207000 2232.2
1207010 2243.2
1207020 2253.5
1207030 2253.5
1207040 2259.5
1207050 2266.3
1207060 2266.3
1207070 2272.4
1207080 2273.1
1207090 2273.1
1207100 2274.7
1207110 2280.7
1207120 2280.7
1207130 2287.3
1207140 2291.5
1207150 2291.5
1207160 2297.8
1207170 2306.3
1207180 2306.3
1207190 2314.4
1207200 2321.6
1207210 2321.6
1207220 2329.0
1207230 2337.0
1207240 2337.0
1207250 2345.9
1207260 2353.2
1207270 2361.8
1207280 2361.8
1207290 2371.5
1207300 2376.7
1207310 2376.7
1207320 2382.6
1207330 2387.9
1207340 2387.9
1207350 2392.9
1207360 2398.4
1207370 2398.4
1207380 2402.5
1207390 2407.3
1207400 2407.3
1207410 2411.8
1207420 2416.8
1207430 2416.8
1207440 2420.8
1207450 2422.4
1207460 2422.4
1207470 2420.5
1207480 2419.5
1207490 2419.5
1207500 2419.9
1207510 2418.4
1207520 2416.3
1207530 2416.3
1207540 2415.0
1207550 2413.7
1207560 2413.7
1207570 2412.7
1207580 2412.1
1207590 2412.1
1207600 2411.2
1207610 2412.3
1207620 2412.3
1207630 2413.7
1207640 2414.1
1207650 2414.1
1207660 2414.6
1207670 2414.8
1207680 2414.8
1207690 2413.3
1207700 2414.6
1207710 2414.6
1207720 2410.3
1207730 2408.8
1207740 2408.8
1207750 2406.9
1207760 2405.0
1207770 2402.3
1207780 2402.3
1207790 2398.2
1207800 2391.6
1207810 2391.6
1207820 2385.3
1207830 2379.5
1207840 2379.5
1207850 2373.3
1207860 2366.9
1207870 2366.9
1207880 2360.9
1207890 2356.3
1207900 2356.3
1207910 2352.3
1207920 2346.1
1207930 2346.1
1207940 2341.0
1207950 2336.0
1207960 2336.0
1207970 2329.8
1207980 2325.2
1207990 2325.2
1208000 2323.8
1208010 2317.8
1208020 2307.5
1208030 2307.5
1208040 2298.4
1208050 2290.2
1208060 2290.2
1208070 2284.0
1208080 2281.9
1208090 2281.9
1208100 2279.0
1208110 2271.2
1208120 2271.2
1208130 2261.7
1208140 2250.5
1208150 2250.5
1208160 2244.8
1208170 2235.2
1208180 2235.2
1208190 2228.1
1208200 2222.9
1208210 2222.9
1208220 2216.1
1208230 2208.6
1208240 2201.6
1208250 2201.6
1208260 2196.3
1208270 2193.5
1208280 2193.5
1208290 2189.3
1208300 2183.2
1208310 2183.2
1208320 2175.5
1208330 2167.8
1208340 2167.8
1208350 2162.3
1208360 2155.9
1208370 2155.9
1208380 2150.0
1208390 2142.2
1208400 2142.2
1208410 2126.7
1208420 2114.7
1208430 2114.7
1208440 2108.1
1208450 2100.1
1208460 2100.1
1208470 2093.0
1208480 2089.0
1208490 2084.3
1208500 2084.3
1208510 2081.1
1208520 2077.0
1208530 2077.0
1208540 2074.2
1208550 2073.0
1208560 2073.0
1208570 2070.8
1208580 2068.4
1208590 2068.4
1208600 2065.9
1208610 2062.5
1208620 2066.9
1208630 2067.9
1208640 2067.0
1208650 2067.0
1208660 2066.2
1208670 2065.6
1208680 2065.6
1208690 2064.7
1208700 2059.7
1208710 2059.7
1208720 2054.5
1208730 2048.1
1208740 2041.9
1208750 2041.9
1208760 2037.0
1208770 2034.2
1208780 2034.2
1208790 2034.2
1208800 2036.4
1208810 2036.4
1208820 2040.0
1208830 2043.2
1208840 2043.2
1208850 2045.5
1208860 2047.2
1208870 2047.2
1208880 2047.9
1208890 2048.2
1208900 2048.2
1208910 2048.7
1208920 2049.0
1208930 2049.0
1208940 2050.1
1208950 2052.3
1208960 2052.3
1208970 2055.4
1208980 2059.1
1208990 2064.3
1209000 2064.3
1209010 2075.7
1209020 2087.8
1209030 2087.8
1209040 2096.7
1209050 2103.9
1209060 2103.9
1209070 2108.8
1209080 2108.5
1209090 2117.1
1209100 2116.0
1209110 2119.8
1209120 2119.8
1209130 2126.8
1209140 2136.8
1209150 2136.8
1209160 2144.4
1209170 2148.8
1209180 2148.8
1209190 2148.9
1209200 2144.2
1209210 2144.2
1209220 2136.7
1209230 2127.8
1209240 2116.3
1209250 2116.3
1209260 2104.8
1209270 2095.0
1209280 2095.0
1209290 2086.4
1209300 2077.7
1209310 2077.7
1209320 2069.8
1209330 2062.7
1209340 2062.7
1209350 2054.7
1209360 2046.0
1209370 2046.0
1209380 2034.7
1209390 2022.3
1209400 2022.3
1209410 2014.3
1209420 2009.3
1209430 2009.3
1209440 2003.4
1209450 1997.4
1209460 1991.0
1209470 1991.0
1209480 1984.6
1209490 1973.2
1209500 1973.2
1209510 1960.1
1209520 1951.7
1209530 1951.7
1209540 1942.1
1209550 1941.1
1209560 1941.1
1209570 1934.5
1209580 1928.6
1209590 1928.6
1209600 1922.9
1209610 1919.2
1209620 1919.2
1209630 1919.6
1209640 1923.5
1209650 1923.5
1209660 1926.0
1209670 1925.7
1209680 1925.7
1209690 1922.4
1209700 1921.0
1209710 1920.4
1209720 1920.4
1209730 1922.1
1209740 1928.6
1209750 1928.6
1209760 1930.9
1209770 1928.9
1209780 1928.9
1209790 1929.0
1209800 1930.3
1209810 1930.3
1209820 1933.1
1209830 1936.7
1209840 1936.7
1209850 1943.2
1209860 1953.3
1209870 1953.3
1209880 1963.9
1209890 1974.1
1209900 1974.1
1209910 1982.2
1209920 1990.6
1209930 1990.6
1209940 1998.2
1209950 2004.7
1209960 2008.2
1209970 2008.2
1209980 2009.0
1209990 2011.7
1210000 2011.7
1210010 2024.4
1210020 2031.8
1210030 2031.8
1210040 2035.0
1210050 2033.8
1210060 2033.8
1210070 2033.3
1210080 2035.6
1210090 2035.6
1210100 2034.8
1210110 2035.5
1210120 2035.5
1210130 2040.1
1210140 2043.3
1210150 2043.3
1210160 2043.3
1210170 2043.9
1210180 2043.9
1210190 2042.7
1210200 2039.5
1210210 2035.7
1210220 2035.7
1210230 2030.3
1210240 2024.4
1210250 2024.4
1210260 2019.2
1210270 2015.4
1210280 2015.4
1210290 2010.8
1210300 2006.2
1210310 2006.2
1210320 2001.7
1210330 1998.4
1210340 1998.4
1210350 1996.3
1210360 1993.4
1210370 1993.4
1210380 1989.5
1210390 1991.2
1210400 1991.2
1210410 1992.1
1210420 1994.7
1210430 1994.7
1210440 1998.4
1210450 2004.5
1210460 2010.9
1210470 2016.0
1210480 2024.2
1210490 2029.8
1210500 2029.8
1210510 2030.4
1210520 2031.5
1210530 2031.5
1210540 2031.0
1210550 2027.5
1210560 2027.5
1210570 2025.4
1210580 2026.7
1210590 2026.7
1210600 2029.0
1210610 2030.3
1210620 2030.3
1210630 2032.9
1210640 2036.6
1210650 2036.6
1210660 2030.6
1210670 2027.0
1210680 2027.0
1210690 2021.6
1210700 2018.2
1210710 2016.5
1210720 2016.5
1210730 2013.9
1210740 2011.0
1210750 2011.0
1210760 2009.8
1210770 2006.8
1210780 2006.8
1210790 2003.4
1210800 1999.2
1210810 1999.2
1210820 1995.3
1210830 1993.0
1210840 1993.0
1210850 1989.3
1210860 1985.4
1210870 1985.4
1210880 1982.3
1210890 1981.1
1210900 1981.1
1210910 1978.0
1210920 1973.9
1210930 1969.7
1210940 1979.6
1210950 1974.7
1210960 1968.8
1210970 1968.8
1210980 1966.6
1210990 1963.4
1211000 1963.4
1211010 1962.2
1211020 1962.5
1211030 1962.5
1211040 1963.6
1211050 1968.1
1211060 1968.1
1211070 1970.1
1211080 1968.0
1211090 1968.0
1211100 1966.2
1211110 1964.9
1211120 1964.9
1211130 1961.6
1211140 1954.7
1211150 1954.7
1211160 1945.5
1211170 1939.5
1211180 1936.8
1211190 1936.8
1211200 1932.0
1211210 1924.9
1211220 1924.9
1211230 1915.7
1211240 1907.8
1211250 1907.8
1211260 1900.2
1211270 1891.8
1211280 1891.8
1211290 1883.9
1211300 1876.4
1211310 1876.4
1211320 1867.7
1211330 1857.4
1211340 1857.4
1211350 1850.9
1211360 1846.3
1211370 1846.3
1211380 1846.0
1211390 1845.5
1211400 1851.0
1211410 1849.0
1211420 1847.0
1211430 1845.0
1211440 1845.0
1211450 1843.7
1211460 1843.8
1211470 1843.8
1211480 1843.1
1211490 1844.3
1211500 1844.3
1211510 1845.4
1211520 1843.4
1211530 1843.4
1211540 1841.1
1211550 1837.5
1211560 1837.5
1211570 1834.5
1211580 1832.3
1211590 1832.3
1211600 1830.1
1211610 1828.3
1211620 1828.3
1211630 1824.7
1211640 1821.3
1211650 1821.3
1211660 1818.6
1211670 1816.4
1211680 1814.3
1211690 1814.3
1211700 1812.5
1211710 1810.7
1211720 1810.7
1211730 1808.5
1211740 1804.2
1211750 1804.2
1211760 1793.1
1211770 1780.5
1211780 1780.5
1211790 1768.8
1211800 1757.5
1211810 1757.5
1211820 1744.2
1211830 1728.8
1211840 1728.8
1211850 1711.9
1211860 1693.8
1211870 1698.9
1211880 1687.4
1211890 1679.0
1211900 1679.0
1211910 1672.0
1211920 1667.9
1211930 1663.8
1211940 1663.8
1211950 1654.4
1211960 1643.5
1211970 1643.5
1211980 1638.2
1211990 1634.2
1212000 1634.2
1212010 1637.8
1212020 1641.7
1212030 1641.7
1212040 1638.3
1212050 1638.5
1212060 1638.5
1212070 1639.2
1212080 1638.5
1212090 1638.5
1212100 1628.4
1212110 1623.7
1212120 1623.7
1212130 1625.8
1212140 1626.7
1212150 1620.0
1212160 1620.0
1212170 1611.3
1212180 1601.2
1212190 1601.2
1212200 1592.1
1212210 1580.3
1212220 1580.3
1212230 1569.8
1212240 1558.3
1212250 1558.3
1212260 1546.7
1212270 1538.5
1212280 1538.5
1212290 1537.1
1212300 1539.8
1212310 1539.8
1212320 1548.5
1212330 1555.9
1212340 1583.0
1212350 1581.6
1212360 1577.2
1212370 1577.2
1212380 1571.4
1212390 1565.5
1212400 1560.1
1212410 1560.1
1212420 1550.0
1212430 1538.6
1212440 1538.6
1212450 1523.3
1212460 1507.0
1212470 1507.0
1212480 1496.4
1212490 1488.2
1212500 1488.2
1212510 1483.6
1212520 1479.9
1212530 1479.9
1212540 1476.0
1212550 1469.7
1212560 1469.7
1212570 1462.6
1212580 1460.4
1212590 1460.4
1212600 1455.0
1212610 1445.8
1212620 1445.8
1212630 1436.5
1212640 1427.0
1212650 1408.1
1212660 1408.1
1212670 1381.7
1212680 1364.6
1212690 1364.6
1212700 1351.8
1212710 1345.1
1212720 1345.1
1212730 1339.6
1212740 1332.2
1212750 1332.2
1212760 1323.6
1212770 1312.1
1212780 1312.1
1212790 1302.8
1212800 1315.5
1212810 1315.5
1212820 1306.8
1212830 1299.3
1212840 1299.3
1212850 1289.9
1212860 1282.2
1212870 1282.2
1212880 1276.8
1212890 1270.6
1212900 1263.6
1212910 1263.6
1212920 1258.9
1212930 1256.3
1212940 1256.3
1212950 1251.0
1212960 1246.8
1212970 1246.8
1212980 1241.1
1212990 1229.5
1213000 1229.5
1213010 1227.2
1213020 1226.5
1213030 1226.5
1213040 1232.4
1213050 1238.1
1213060 1238.1
1213070 1241.6
1213080 1243.0
1213090 1243.0
1213100 1245.9
1213110 1250.1
1213120 1250.1
1213130 1255.9
1213140 1258.2
1213150 1255.3
1213160 1255.3
1213170 1254.4
1213180 1252.8
1213190 1252.8
1213200 1249.3
1213210 1243.2
1213220 1243.2
1213230 1235.1
1213240 1227.6
1213250 1227.6
1213260 1220.2
1213270 1214.5
1213280 1214.5
1213290 1206.5
1213300 1198.6
1213310 1198.6
1213320 1190.2
1213330 1177.3
1213340 1177.3
1213350 1138.1
1213360 1104.9
1213370 1104.9
1213380 1089.9
1213390 1079.3
1213400 1071.7
1213410 1071.7
1213420 1064.6
1213430 1057.3
1213440 1057.3
1213450 1050.0
1213460 1042.9
1213470 1042.9
1213480 1035.7
1213490 1028.7
1213500 1028.7
1213510 1021.6
1213520 1014.8
1213530 1014.8
1213540 1008.2
1213550 1002.2
1213560 1002.2
1213570 995.4
1213580 989.2
1213590 989.2
1213600 983.0
1213610 977.0
1213620 970.8
1213630 970.8
1213640 964.3
1213650 957.6
1213660 957.6
1213670 951.5
1213680 945.6
1213690 945.6
1213700 939.9
1213710 934.1
1213720 934.1
1213730 928.8
1213740 921.7
1213750 921.7
1213760 916.3
1213770 912.0
1213780 912.0
1213790 907.8
1213800 903.8
1213810 903.8
1213820 901.8
1213830 900.8
1213840 900.8
1213850 901.2
1213860 901.2
1213870 901.6
1213880 901.6
1213890 901.9
1213900 899.9
1213910 899.9
1213920 897.8
1213930 895.2
1213940 895.2
1213950 895.4
1213960 896.3
1213970 896.3
1213980 896.9
1213990 897.6
1214000 897.6
1214010 898.3
1214020 899.4
1214030 899.4
1214040 901.2
1214050 902.8
1214060 902.8
1214070 904.6
1214080 906.3
1214090 906.3
1214100 906.9
1214110 907.7
1214120 909.0
1214130 909.0
1214140 910.0
1214150 910.1
1214160 910.1
1214170 909.2
1214180 906.1
1214190 906.1
1214200 902.9
1214210 905.6
1214220 905.6
1214230 908.3
1214240 911.9
1214250 911.9
1214260 911.4
1214270 910.0
1214280 910.0
1214290 908.1
1214300 906.0
1214310 906.0
1214320 902.9
1214330 901.2
1214340 901.2
1214350 901.7
1214360 901.4
1214370 898.5
1214380 898.5
1214390 890.7
1214400 882.0
1214410 882.0
1214420 874.2
1214430 866.4
1214440 866.4
1214450 862.6
1214460 862.0
1214470 862.0
1214480 862.2
1214490 864.4
1214500 864.4
1214510 868.1
1214520 870.4
1214530 870.4
1214540 872.3
1214550 876.7
1214560 876.7
1214570 884.0
1214580 891.8
1214590 891.8
1214600 899.1
1214610 905.7
1214620 911.1
1214630 911.1
1214640 916.5
1214650 924.1
1214660 924.1
1214670 932.4
1214680 932.9
1214690 932.9
1214700 940.8
1214710 948.7
1214720 948.7
1214730 956.1
1214740 965.1
1214750 965.1
1214760 975.0
1214770 980.2
1214780 980.2
1214790 985.5
1214800 991.5
1214810 991.5
1214820 998.2
1214830 1004.2
1214840 1010.3
1214850 1010.3
1214860 1017.8
1214870 1024.6
1214880 1024.6
1214890 1031.7
1214900 1039.6
1214910 1039.6
1214920 1047.5
1214930 1055.0
1214940 1055.0
1214950 1062.2
1214960 1069.2
1214970 1069.2
1214980 1076.2
1214990 1081.9
1215000 1081.9
1215010 1087.0
1215020 1091.4
1215030 1091.4
1215040 1096.4
1215050 1103.8
1215060 1103.8
1215070 1107.7
1215080 1111.5
1215090 1117.0
1215100 1117.0
1215110 1122.1
1215120 1128.5
1215130 1128.5
1215140 1134.9
1215150 1134.6
1215160 1134.6
1215170 1139.4
1215180 1147.7
1215190 1147.7
1215200 1153.1
1215210 1158.4
1215220 1158.4
1215230 1164.5
1215240 1170.9
1215250 1170.9
1215260 1178.6
1215270 1185.3
1215280 1185.3
1215290 1190.9
1215300 1198.4
1215310 1198.4
1215320 1206.5
1215330 1212.6
1215340 1219.3
1215350 1219.3
1215360 1226.4
1215370 1233.3
1215380 1233.3
1215390 1249.4
1215400 1265.6
1215410 1265.6
1215420 1281.6
1215430 1297.3
1215440 1297.3
1215450 1302.8
1215460 1313.9
1215470 1313.9
1215480 1330.4
1215490 1343.6
1215500 1343.6
1215510 1357.1
1215520 1370.5
1215530 1370.5
1215540 1385.6
1215550 1406.0
1215560 1406.0
1215570 1423.2
1215580 1439.7
1215590 1450.3
1215600 1450.3
1215610 1454.3
1215620 1451.0
1215630 1451.0
1215640 1459.5
1215650 1468.8
1215660 1468.8
1215670 1477.3
1215680 1485.8
1215690 1485.8
1215700 1493.2
1215710 1499.8
1215720 1499.8
1215730 1507.3
1215740 1517.7
1215750 1517.7
1215760 1527.2
1215770 1534.3
1215780 1534.3
1215790 1539.5
1215800 1547.1
1215810 1555.4
1215820 1555.4
1215830 1563.8
1215840 1572.9
1215850 1572.9
1215860 1583.2
1215870 1607.7
1215880 1607.7
1215890 1629.9
1215900 1640.6
1215910 1640.6
1215920 1650.6
1215930 1660.6
1215940 1660.6
1215950 1671.2
1215960 1681.7
1215970 1681.7
1215980 1689.1
1215990 1696.4
1216000 1696.4
1216010 1708.5
1216020 1715.3
1216030 1715.3
1216040 1714.5
1216050 1711.5
1216060 1708.6
1216070 1708.6
1216080 1705.2
1216090 1695.7
1216100 1695.7
1216110 1695.9
1216120 1694.5
1216130 1694.5
1216140 1695.7
1216150 1704.7
1216160 1704.7
1216170 1714.8
1216180 1729.5
1216190 1729.5
1216200 1742.5
1216210 1753.4
1216220 1753.4
1216230 1770.5
1216240 1782.6
1216250 1782.6
1216260 1798.2
1216270 1809.2
1216280 1809.2
1216290 1819.9
1216300 1831.7
1216310 1840.9
1216320 1840.9
1216330 1848.1
1216340 1860.5
1216350 1860.5
1216360 1874.3
1216370 1883.4
1216380 1883.4
1216390 1895.0
1216400 1905.2
1216410 1905.2
1216420 1913.4
1216430 1920.1
1216440 1920.1
1216450 1927.5
1216460 1937.3
1216470 1937.3
1216480 1947.5
1216490 1958.8
1216500 1958.8
1216510 1969.6
1216520 1979.2
1216530 1979.2
1216540 1983.7
1216550 1984.4
1216560 1980.8
1216570 1972.7
1216580 1964.4
1216590 1950.7
1216600 1950.7
1216610 1937.8
1216620 1930.0
1216630 1930.0
1216640 1931.7
1216650 1941.2
1216660 1941.2
1216670 1943.6
1216680 1933.1
1216690 1933.1
1216700 1918.9
1216710 1906.4
1216720 1906.4
1216730 1898.2
1216740 1887.2
1216750 1887.2
1216760 1870.8
1216770 1860.2
1216780 1860.2
1216790 1870.9
1216800 1890.9
1216810 1901.0
1216820 1901.0
1216830 1909.6
1216840 1911.0
1216850 1911.0
1216860 1906.6
1216870 1902.0
1216880 1902.0
1216890 1897.6
1216900 1891.3
1216910 1891.3
1216920 1883.8
1216930 1875.4
1216940 1875.4
1216950 1867.7
1216960 1859.0
1216970 1859.0
1216980 1849.0
1216990 1837.9
1217000 1837.9
1217010 1829.7
1217020 1819.0
1217030 1816.8
1217040 1805.8
1217050 1818.2
1217060 1829.8
1217070 1829.8
1217080 1831.8
1217090 1834.7
1217100 1834.7
1217110 1840.1
1217120 1845.3
1217130 1845.3
1217140 1852.0
1217150 1857.0
1217160 1857.0
1217170 1862.9
1217180 1867.3
1217190 1867.3
1217200 1872.2
1217210 1884.0
1217220 1884.0
1217230 1900.3
1217240 1915.3
1217250 1915.3
1217260 1929.5
1217270 1947.6
1217280 1959.7
1217290 1959.7
1217300 1969.6
1217310 1978.9
1217320 1978.9
1217330 1988.4
1217340 1999.6
1217350 1999.6
1217360 2016.6
1217370 2036.5
1217380 2036.5
1217390 2051.2
1217400 2058.6
1217410 2058.6
1217420 2058.7
1217430 2058.4
1217440 2058.4
1217450 2067.2
1217460 2080.0
1217470 2080.0
1217480 2085.9
1217490 2088.7
1217500 2088.7
1217510 2091.0
1217520 2083.6
1217530 2087.5
1217540 2087.5
1217550 2092.6
1217560 2098.0
1217570 2098.0
1217580 2104.1
1217590 2112.2
1217600 2112.2
1217610 2118.1
1217620 2114.3
1217630 2114.3
1217640 2105.8
1217650 2095.6
1217660 2095.6
1217670 2085.8
1217680 2076.9
1217690 2076.9
1217700 2070.6
1217710 2064.5
1217720 2064.5
1217730 2049.7
1217740 2039.9
1217750 2039.9
1217760 2036.9
1217770 2036.5
1217780 2030.5
1217790 2030.5
1217800 2019.5
1217810 2014.3
1217820 2014.3
1217830 2018.2
1217840 2021.7
1217850 2021.7
1217860 2022.4
1217870 2022.6
1217880 2022.6
1217890 2024.2
1217900 2027.8
1217910 2027.8
1217920 2025.0
1217930 2017.8
1217940 2017.8
1217950 2011.7
1217960 2009.3
1217970 2009.3
1217980 2013.1
1217990 2001.2
1218000 2001.2
1218010 2000.5
1218020 2011.1
1218030 2018.6
1218040 2018.6
1218050 2025.0
1218060 2023.5
1218070 2023.5
1218080 2026.5
1218090 2033.1
1218100 2033.1
1218110 2042.9
1218120 2051.5
1218130 2051.5
1218140 2061.2
1218150 2069.8
1218160 2069.8
1218170 2074.6
1218180 2076.7
1218190 2076.7
1218200 2077.6
1218210 2081.0
1218220 2081.0
1218230 2084.6
1218240 2091.2
1218250 2094.4
1218260 2094.4
1218270 2088.3
1218280 2082.2
1218290 2082.2
1218300 2080.7
1218310 2077.0
1218320 2077.0
1218330 2074.5
1218340 2073.0
1218350 2073.0
1218360 2072.6
1218370 2081.8
1218380 2081.8
1218390 2099.0
1218400 2110.9
1218410 2110.9
1218420 2127.9
1218430 2150.1
1218440 2150.1
1218450 2164.4
1218460 2178.0
1218470 2174.5
1218480 2187.8
1218490 2199.5
1218500 2210.3
1218510 2210.3
1218520 2220.1
1218530 2223.6
1218540 2223.6
1218550 2227.6
1218560 2231.9
1218570 2231.9
1218580 2237.7
1218590 2250.4
1218600 2250.4
1218610 2268.7
1218620 2284.2
1218630 2284.2
1218640 2295.5
1218650 2302.6
1218660 2302.6
1218670 2306.6
1218680 2306.5
1218690 2306.5
1218700 2310.5
1218710 2316.1
1218720 2316.1
1218730 2321.2
1218740 2327.9
1218750 2339.1
1218760 2339.1
1218770 2353.2
1218780 2359.8
1218790 2359.8
1218800 2354.3
1218810 2348.7
1218820 2348.7
1218830 2344.7
1218840 2342.9
1218850 2342.9
1218860 2342.7
1218870 2343.0
1218880 2343.0
1218890 2343.2
1218900 2344.0
1218910 2344.0
1218920 2346.6
1218930 2345.1
1218940 2345.1
1218950 2336.3
1218960 2335.9
1218970 2335.9
1218980 2339.7
1218990 2343.7
1219000 2347.0
1219010 2347.0
1219020 2349.9
1219030 2353.7
1219040 2353.7
1219050 2356.9
1219060 2359.3
1219070 2359.3
1219080 2363.5
1219090 2371.0
1219100 2371.0
1219110 2377.4
1219120 2380.8
1219130 2380.8
1219140 2383.9
1219150 2385.3
1219160 2385.3
1219170 2382.6
1219180 2381.8
1219190 2381.8
1219200 2390.8
1219210 2410.6
1219220 2410.6
1219230 2419.6
1219240 2430.4
1219250 2438.5
1219260 2438.5
1219270 2445.5
1219280 2450.1
1219290 2450.1
1219300 2452.3
1219310 2452.9
1219320 2452.9
1219330 2454.6
1219340 2458.6
1219350 2458.6
1219360 2468.1
1219370 2472.4
1219380 2472.4
1219390 2473.0
1219400 2476.5
1219410 2476.5
1219420 2481.5
1219430 2477.1
1219440 2477.1
1219450 2483.2
1219460 2492.0
1219470 2494.1
1219480 2494.1
1219490 2494.5
1219500 2500.9
1219510 2500.9
1219520 2508.8
1219530 2526.5
1219540 2526.5
1219550 2539.4
1219560 2544.6
1219570 2544.6
1219580 2561.1
1219590 2575.8
1219600 2575.8
1219610 2590.8
1219620 2599.1
1219630 2599.1
1219640 2613.0
1219650 2633.1
1219660 2633.1
1219670 2645.2
1219680 2649.6
1219690 2649.6
1219700 2664.4
1219710 2672.2
1219720 2674.8
1219730 2674.8
1219740 2680.2
1219750 2677.4
1219760 2677.4
1219770 2669.8
1219780 2662.2
1219790 2662.2
1219800 2662.0
1219810 2659.7
1219820 2659.7
1219830 2667.6
1219840 2708.7
1219850 2708.7
1219860 2728.9
1219870 2738.8
1219880 2738.8
1219890 2736.8
1219900 2730.2
1219910 2718.4
1219920 2714.7
1219930 2721.7
1219940 2721.7
1219950 2739.2
1219960 2768.5
1219970 2788.4
1219980 2788.4
1219990 2806.4
