1200000 1273.9
1200010 1274.3
1200020 1274.3
1200030 1275.0
1200040 1275.5
1200050 1275.5
1200060 1275.1
1200070 1273.9
1200080 1273.9
1200090 1274.7
1200100 1276.0
1200110 1279.9
1200120 1280.3
1200130 1280.7
1200140 1280.9
1200150 1280.9
1200160 1281.5
1200170 1282.4
1200180 1282.4
1200190 1283.9
1200200 1283.9
1200210 1283.9
1200220 1283.3
1200230 1282.9
1200240 1282.9
1200250 1282.6
1200260 1282.6
1200270 1282.6
1200280 1283.4
1200290 1285.5
1200300 1285.5
1200310 1286.6
1200320 1286.8
1200330 1286.8
1200340 1286.5
1200350 1286.3
1200360 1286.3
1200370 1285.8
1200380 1285.4
1200390 1285.2
1200400 1285.2
1200410 1284.3
1200420 1282.5
1200430 1282.5
1200440 1283.0
1200450 1285.5
1200460 1285.5
1200470 1286.5
1200480 1286.8
1200490 1286.8
1200500 1286.8
1200510 1286.5
1200520 1286.5
1200530 1286.7
1200540 1287.5
1200550 1293.6
1200560 1294.6
1200570 1295.7
1200580 1295.7
1200590 1296.7
1200600 1297.5
1200610 1297.5
1200620 1299.4
1200630 1302.8
1200640 1304.0
1200650 1304.0
1200660 1305.2
1200670 1306.6
1200680 1306.6
1200690 1307.3
1200700 1309.9
1200710 1309.9
1200720 1310.0
1200730 1309.8
1200740 1309.8
1200750 1312.1
1200760 1315.4
1200770 1315.4
1200780 1317.2
1200790 1314.9
1200800 1314.9
1200810 1314.6
1200820 1314.9
1200830 1314.9
1200840 1316.0
1200850 1317.6
1200860 1317.6
1200870 1318.3
1200880 1318.6
1200890 1317.2
1200900 1317.2
1200910 1316.0
1200920 1315.7
1200930 1315.7
1200940 1316.1
1200950 1317.0
1200960 1317.0
1200970 1317.0
1200980 1316.5
1200990 1316.5
1201000 1321.8
1201010 1323.8
1201020 1323.8
1201030 1326.2
1201040 1328.2
1201050 1328.2
1201060 1329.2
1201070 1330.9
1201080 1330.9
1201090 1333.0
1201100 1335.8
1201110 1335.8
1201120 1338.0
1201130 1340.2
1201140 1342.7
1201150 1342.7
1201160 1346.2
1201170 1348.1
1201180 1348.1
1201190 1349.9
1201200 1352.9
1201210 1352.9
1201220 1354.5
1201230 1357.2
1201240 1357.2
1201250 1357.5
1201260 1357.7
1201270 1357.7
1201280 1357.7
1201290 1356.9
1201300 1356.9
1201310 1359.6
1201320 1359.3
1201330 1359.3
1201340 1359.6
1201350 1358.6
1201360 1358.6
1201370 1355.3
1201380 1354.4
1201390 1357.9
1201400 1357.9
1201410 1359.2
1201420 1358.2
1201430 1358.2
1201440 1352.6
1201450 1345.6
1201460 1345.6
1201470 1338.4
1201480 1331.9
1201490 1331.9
1201500 1325.6
1201510 1319.8
1201520 1319.8
1201530 1315.3
1201540 1314.2
1201550 1314.2
1201560 1311.3
1201570 1305.6
1201580 1305.6
1201590 1303.3
1201600 1300.8
1201610 1300.8
1201620 1294.3
1201630 1289.2
1201640 1285.2
1201650 1285.2
1201660 1279.9
1201670 1273.4
1201680 1273.4
1201690 1266.6
1201700 1260.8
1201710 1260.8
1201720 1256.1
1201730 1255.0
1201740 1255.0
1201750 1252.8
1201760 1251.3
1201770 1251.3
1201780 1252.7
1201790 1258.4
1201800 1258.4
1201810 1264.7
1201820 1271.3
1201830 1271.3
1201840 1278.5
1201850 1285.4
1201860 1285.4
1201870 1292.6
1201880 1299.8
1201890 1306.7
1201900 1303.0
1201910 1310.8
1201920 1319.1
1201930 1319.1
1201940 1328.6
1201950 1341.4
1201960 1341.4
1201970 1354.5
1201980 1367.5
1201990 1367.5
1202000 1377.8
1202010 1386.2
1202020 1386.2
1202030 1393.4
1202040 1400.7
1202050 1400.7
1202060 1406.3
1202070 1410.0
1202080 1410.0
1202090 1412.5
1202100 1415.1
1202110 1417.8
1202120 1417.8
1202130 1420.9
1202140 1423.3
1202150 1423.3
1202160 1426.4
1202170 1428.9
1202180 1428.9
1202190 1431.0
1202200 1432.1
1202210 1432.1
1202220 1432.9
1202230 1433.6
1202240 1433.6
1202250 1433.9
1202260 1433.8
1202270 1433.8
1202280 1434.1
1202290 1434.6
1202300 1434.6
1202310 1435.3
1202320 1436.7
1202330 1436.7
1202340 1438.5
1202350 1442.0
1202360 1442.9
1202370 1442.9
1202380 1440.8
1202390 1440.5
1202400 1440.5
1202410 1444.3
1202420 1447.7
1202430 1447.7
1202440 1449.4
1202450 1450.8
1202460 1450.8
1202470 1452.3
1202480 1453.9
1202490 1453.9
1202500 1455.2
1202510 1455.9
1202520 1455.9
1202530 1456.4
1202540 1458.0
1202550 1458.0
1202560 1457.7
1202570 1457.4
1202580 1457.4
1202590 1457.8
1202600 1457.8
1202610 1457.8
1202620 1457.8
1202630 1457.6
1202640 1456.6
1202650 1456.6
1202660 1455.4
1202670 1455.6
1202680 1455.6
1202690 1456.9
1202700 1458.5
1202710 1458.5
1202720 1459.6
1202730 1460.9
1202740 1460.9
1202750 1463.2
1202760 1465.7
1202770 1465.7
1202780 1467.6
1202790 1468.8
1202800 1473.2
1202810 1474.5
1202820 1475.9
1202830 1475.9
1202840 1476.9
1202850 1477.5
1202860 1478.1
1202870 1478.1
1202880 1478.2
1202890 1476.9
1202900 1476.9
1202910 1476.6
1202920 1477.0
1202930 1477.0
1202940 1476.2
1202950 1473.8
1202960 1473.8
1202970 1471.7
1202980 1469.8
1202990 1469.8
1203000 1469.2
1203010 1469.3
1203020 1469.3
1203030 1469.3
1203040 1468.2
1203050 1468.2
1203060 1466.2
1203070 1463.8
1203080 1463.8
1203090 1463.0
1203100 1463.3
1203110 1464.9
1203120 1464.9
1203130 1465.7
1203140 1466.2
1203150 1466.2
1203160 1465.7
1203170 1465.0
1203180 1465.0
1203190 1464.7
1203200 1465.0
1203210 1465.0
1203220 1465.6
1203230 1465.8
1203240 1465.8
1203250 1467.5
1203260 1464.7
1203270 1464.7
1203280 1462.2
1203290 1461.3
1203300 1461.3
1203310 1461.1
1203320 1458.6
1203330 1458.6
1203340 1451.0
1203350 1443.1
1203360 1435.8
1203370 1435.8
1203380 1428.5
1203390 1421.2
1203400 1421.2
1203410 1413.5
1203420 1405.6
1203430 1405.6
1203440 1399.8
1203450 1396.5
1203460 1396.5
1203470 1393.1
1203480 1390.4
1203490 1390.4
1203500 1387.8
1203510 1383.9
1203520 1383.9
1203530 1379.0
1203540 1375.2
1203550 1375.2
1203560 1372.3
1203570 1370.0
1203580 1370.0
1203590 1369.1
1203600 1367.0
1203610 1360.8
1203620 1360.8
1203630 1355.5
1203640 1350.0
1203650 1350.0
1203660 1345.7
1203670 1345.5
1203680 1345.5
1203690 1342.9
1203700 1337.2
1203710 1335.3
1203720 1327.5
1203730 1319.7
1203740 1319.7
1203750 1312.3
1203760 1308.6
1203770 1308.6
1203780 1309.7
1203790 1315.5
1203800 1315.5
1203810 1324.7
1203820 1333.2
1203830 1333.2
1203840 1341.9
1203850 1350.6
1203860 1360.0
1203870 1360.0
1203880 1370.0
1203890 1379.4
1203900 1379.4
1203910 1387.3
1203920 1394.3
1203930 1394.3
1203940 1403.5
1203950 1413.3
1203960 1413.3
1203970 1422.9
1203980 1431.7
1203990 1431.7
1204000 1440.2
1204010 1453.1
1204020 1453.1
1204030 1465.0
1204040 1477.3
1204050 1477.3
1204060 1494.9
1204070 1503.8
1204080 1503.8
1204090 1509.9
1204100 1518.7
1204110 1527.9
1204120 1527.9
1204130 1537.0
1204140 1545.5
1204150 1545.5
1204160 1556.0
1204170 1564.0
1204180 1564.0
1204190 1569.6
1204200 1573.8
1204210 1573.8
1204220 1578.3
1204230 1582.8
1204240 1582.8
1204250 1587.7
1204260 1592.6
1204270 1592.6
1204280 1599.0
1204290 1605.4
1204300 1605.4
1204310 1611.8
1204320 1619.4
1204330 1625.1
1204340 1625.1
1204350 1630.5
1204360 1639.0
1204370 1639.0
1204380 1646.5
1204390 1652.2
1204400 1652.2
1204410 1658.2
1204420 1664.1
1204430 1664.1
1204440 1669.8
1204450 1675.3
1204460 1675.3
1204470 1681.0
1204480 1687.2
1204490 1687.2
1204500 1693.1
1204510 1699.1
1204520 1699.1
1204530 1704.6
1204540 1709.4
1204550 1709.4
1204560 1713.1
1204570 1716.6
1204580 1722.1
1204590 1722.1
1204600 1726.8
1204610 1733.2
1204620 1733.2
1204630 1737.5
1204640 1741.8
1204650 1741.8
1204660 1745.8
1204670 1749.4
1204680 1749.4
1204690 1753.1
1204700 1757.1
1204710 1757.1
1204720 1760.7
1204730 1764.0
1204740 1764.0
1204750 1767.5
1204760 1771.3
1204770 1771.3
1204780 1775.5
1204790 1780.1
1204800 1780.1
1204810 1784.5
1204820 1790.2
1204830 1795.4
1204840 1795.4
1204850 1800.3
1204860 1804.6
1204870 1804.6
1204880 1807.8
1204890 1811.0
1204900 1811.0
1204910 1814.4
1204920 1817.8
1204930 1817.8
1204940 1821.4
1204950 1824.3
1204960 1824.3
1204970 1826.3
1204980 1827.9
1204990 1827.9
1205000 1829.4
1205010 1831.1
1205020 1831.1
1205030 1834.7
1205040 1839.1
1205050 1839.1
1205060 1845.3
1205070 1856.6
1205080 1860.6
1205090 1860.6
1205100 1863.5
1205110 1865.5
1205120 1865.5
1205130 1866.5
1205140 1867.3
1205150 1867.3
1205160 1867.5
1205170 1867.1
1205180 1867.1
1205190 1866.6
1205200 1866.4
1205210 1866.4
1205220 1865.6
1205230 1865.1
1205240 1865.1
1205250 1864.8
1205260 1865.7
1205270 1865.7
1205280 1865.9
1205290 1864.7
1205300 1864.7
1205310 1863.8
1205320 1862.5
1205330 1860.7
1205340 1860.7
1205350 1858.5
1205360 1854.9
1205370 1854.9
1205380 1850.5
1205390 1844.9
1205400 1844.9
1205410 1839.0
1205420 1834.0
1205430 1834.0
1205440 1829.5
1205450 1825.1
1205460 1825.1
1205470 1820.1
1205480 1814.3
1205490 1814.3
1205500 1808.4
1205510 1802.1
1205520 1802.0
1205530 1795.9
1205540 1789.7
1205550 1789.7
1205560 1783.3
1205570 1776.5
1205580 1768.8
1205590 1768.8
1205600 1759.8
1205610 1752.3
1205620 1752.3
1205630 1745.2
1205640 1739.2
1205650 1739.2
1205660 1733.4
1205670 1727.9
1205680 1727.9
1205690 1723.2
1205700 1716.0
1205710 1716.0
1205720 1707.9
1205730 1699.8
1205740 1699.8
1205750 1691.7
1205760 1687.3
1205770 1687.3
1205780 1682.2
1205790 1677.0
1205800 1677.0
1205810 1670.1
1205820 1661.6
1205830 1652.8
1205840 1652.8
1205850 1644.2
1205860 1636.1
1205870 1636.1
1205880 1627.6
1205890 1619.0
1205900 1619.0
1205910 1610.6
1205920 1603.3
1205930 1603.3
1205940 1596.7
1205950 1589.9
1205960 1589.9
1205970 1583.8
1205980 1584.3
1205990 1584.3
1206000 1583.1
1206010 1587.8
1206020 1587.8
1206030 1595.4
1206040 1604.3
1206050 1604.3
1206060 1612.8
1206070 1620.7
1206080 1627.9
1206090 1627.9
1206100 1635.6
1206110 1643.7
1206120 1643.7
1206130 1651.2
1206140 1655.6
1206150 1655.6
1206160 1659.7
1206170 1663.3
1206180 1663.3
1206190 1666.3
1206200 1668.5
1206210 1668.5
1206220 1670.7
1206230 1673.2
1206240 1673.2
1206250 1675.7
1206260 1679.0
1206270 1679.0
1206280 1683.7
1206290 1689.7
1206300 1689.7
1206310 1696.4
1206320 1702.0
1206330 1708.0
1206340 1708.0
1206350 1715.3
1206360 1721.8
1206370 1721.8
1206380 1730.7
1206390 1738.9
1206400 1738.9
1206410 1745.7
1206420 1751.1
1206430 1751.1
1206440 1757.4
1206450 1763.3
1206460 1763.3
1206470 1769.5
1206480 1775.7
1206490 1775.7
1206500 1781.9
1206510 1787.7
1206520 1787.7
1206530 1793.1
1206540 1799.3
1206550 1805.4
1206560 1805.4
1206570 1811.2
1206580 1816.8
1206590 1816.8
1206600 1822.7
1206610 1828.7
1206620 1828.7
1206630 1834.5
1206640 1840.1
1206650 1840.1
1206660 1846.0
1206670 1852.0
1206680 1852.0
1206690 1857.8
1206700 1863.2
1206710 1863.2
1206720 1868.7
1206730 1874.1
1206740 1874.1
1206750 1880.3
1206760 1886.9
1206770 1886.9
1206780 1893.3
1206790 1898.9
1206800 1904.7
1206810 1904.7
1206820 1910.4
1206830 1915.9
1206840 1915.9
1206850 1921.6
1206860 1927.1
1206870 1927.1
1206880 1931.8
1206890 1936.4
1206900 1936.4
1206910 1933.1
1206920 1927.4
1206930 1927.4
1206940 1923.3
1206950 1921.0
1206960 1921.0
1206970 1916.4
1206980 1908.9
1206990 1908.9
1207000 1902.0
1207010 1897.6
1207020 1897.6
1207030 1896.8
1207040 1896.9
1207050 1898.4
1207060 1898.4
1207070 1903.3
1207080 1910.2
1207090 1910.2
1207100 1917.5
1207110 1924.4
1207120 1924.4
1207130 1932.1
1207140 1939.6
1207150 1939.6
1207160 1944.8
1207170 1948.2
1207180 1948.2
1207190 1950.4
1207200 1951.6
1207210 1951.6
1207220 1946.5
1207230 1941.8
1207240 1941.8
1207250 1929.4
1207260 1925.5
1207270 1925.5
1207280 1927.2
1207290 1934.2
1207300 1943.1
1207310 1943.1
1207320 1946.0
1207330 1942.7
1207340 1942.7
1207350 1928.5
1207360 1916.8
1207370 1916.8
1207380 1904.5
1207390 1894.4
1207400 1894.4
1207410 1882.9
1207420 1870.2
1207430 1870.2
1207440 1861.5
1207450 1852.0
1207460 1852.0
1207470 1843.5
1207480 1836.4
1207490 1836.4
1207500 1829.4
1207510 1818.6
1207520 1818.6
1207530 1808.1
1207540 1800.4
1207550 1794.2
1207560 1794.2
1207570 1788.4
1207580 1784.4
1207590 1784.4
1207600 1775.7
1207610 1762.6
1207620 1762.6
1207630 1752.9
1207640 1747.5
1207650 1747.5
1207660 1744.4
1207670 1742.0
1207680 1742.0
1207690 1739.4
1207700 1736.1
1207710 1736.1
1207720 1732.3
1207730 1727.7
1207740 1727.7
1207750 1722.8
1207760 1722.5
1207770 1722.5
1207780 1721.8
1207790 1720.9
1207800 1719.4
1207810 1724.9
1207820 1724.1
1207830 1723.8
1207840 1723.8
1207850 1722.7
1207860 1721.2
1207870 1721.2
1207880 1719.9
1207890 1717.9
1207900 1717.9
1207910 1713.8
1207920 1710.3
1207930 1710.3
1207940 1707.3
1207950 1704.1
1207960 1704.1
1207970 1700.7
1207980 1697.5
1207990 1697.5
1208000 1693.8
1208010 1689.7
1208020 1689.7
1208030 1685.3
1208040 1680.7
1208050 1676.1
1208060 1676.1
1208070 1671.3
1208080 1666.3
1208090 1666.3
1208100 1661.4
1208110 1656.9
1208120 1656.9
1208130 1652.3
1208140 1647.8
1208150 1647.8
1208160 1643.2
1208170 1638.2
1208180 1638.2
1208190 1632.5
1208200 1628.8
1208210 1628.8
1208220 1626.5
1208230 1623.6
1208240 1623.6
1208250 1619.7
1208260 1615.6
1208270 1622.4
1208280 1619.6
1208290 1615.4
1208300 1611.4
1208310 1611.4
1208320 1608.0
1208330 1604.1
1208340 1604.1
1208350 1600.3
1208360 1596.3
1208370 1596.3
1208380 1592.1
1208390 1587.9
1208400 1587.9
1208410 1583.1
1208420 1578.8
1208430 1578.8
1208440 1574.8
1208450 1570.2
1208460 1570.2
1208470 1565.5
1208480 1559.7
1208490 1559.7
1208500 1552.9
1208510 1545.6
1208520 1545.6
1208530 1536.9
1208540 1526.3
1208550 1514.9
1208560 1514.9
1208570 1504.9
1208580 1495.5
1208590 1495.5
1208600 1486.2
1208610 1477.4
1208620 1477.4
1208630 1469.9
1208640 1464.2
1208650 1464.2
1208660 1458.3
1208670 1451.6
1208680 1451.6
1208690 1447.7
1208700 1449.7
1208710 1449.7
1208720 1453.7
1208730 1468.0
1208740 1468.0
1208750 1470.8
1208760 1472.8
1208770 1472.9
1208780 1472.9
1208790 1475.6
1208800 1477.5
1208810 1477.5
1208820 1474.0
1208830 1469.4
1208840 1469.4
1208850 1464.8
1208860 1460.5
1208870 1460.5
1208880 1456.0
1208890 1450.8
1208900 1450.8
1208910 1445.4
1208920 1439.6
1208930 1439.6
1208940 1433.2
1208950 1426.5
1208960 1426.5
1208970 1420.4
1208980 1413.3
1208990 1413.3
1209000 1406.3
1209010 1399.9
1209020 1393.2
1209030 1393.2
1209040 1386.9
1209050 1380.1
1209060 1380.1
1209070 1373.6
1209080 1366.9
1209090 1366.9
1209100 1365.7
1209110 1366.7
1209120 1366.7
1209130 1366.3
1209140 1366.6
1209150 1366.6
1209160 1367.4
1209170 1368.4
1209180 1368.4
1209190 1376.9
1209200 1375.1
1209210 1375.1
1209220 1373.5
1209230 1373.5
1209240 1373.5
1209250 1372.8
1209260 1369.9
1209270 1368.0
1209280 1368.0
1209290 1367.5
1209300 1364.3
1209310 1364.3
1209320 1364.0
1209330 1365.2
1209340 1365.2
1209350 1364.9
1209360 1364.5
1209370 1364.5
1209380 1366.0
1209390 1367.4
1209400 1367.4
1209410 1369.0
1209420 1371.3
1209430 1371.3
1209440 1375.6
1209450 1383.0
1209460 1383.0
1209470 1390.8
1209480 1398.5
1209490 1398.5
1209500 1409.1
1209510 1422.7
1209520 1434.7
1209530 1434.7
1209540 1443.7
1209550 1444.7
1209560 1444.7
1209570 1444.0
1209580 1443.2
1209590 1443.2
1209600 1439.1
1209610 1433.5
1209620 1433.5
1209630 1427.4
1209640 1420.6
1209650 1423.9
1209660 1414.6
1209670 1403.6
1209680 1403.6
1209690 1393.9
1209700 1386.1
1209710 1386.1
1209720 1381.0
1209730 1379.4
1209740 1379.4
1209750 1380.5
1209760 1381.6
1209770 1381.2
1209780 1381.2
1209790 1378.4
1209800 1374.3
1209810 1374.3
1209820 1369.8
1209830 1365.3
1209840 1365.3
1209850 1360.5
1209860 1353.8
1209870 1353.8
1209880 1347.1
1209890 1339.3
1209900 1339.3
1209910 1329.5
1209920 1320.4
1209930 1320.4
1209940 1313.3
1209950 1307.1
1209960 1307.1
1209970 1301.4
1209980 1296.5
1209990 1296.5
1210000 1292.7
1210010 1291.8
1210020 1291.4
1210030 1291.4
1210040 1291.2
1210050 1292.1
1210060 1292.1
1210070 1294.2
1210080 1296.3
1210090 1296.3
1210100 1297.2
1210110 1298.3
1210120 1311.9
1210130 1315.0
1210140 1315.2
1210150 1315.2
1210160 1315.1
1210170 1316.0
1210180 1316.0
1210190 1316.4
1210200 1315.4
1210210 1315.4
1210220 1312.8
1210230 1308.5
1210240 1308.5
1210250 1301.9
1210260 1296.9
1210270 1293.9
1210280 1293.9
1210290 1287.9
1210300 1277.1
1210310 1277.1
1210320 1274.6
1210330 1267.3
1210340 1267.3
1210350 1262.8
1210360 1259.8
1210370 1259.8
1210380 1257.9
1210390 1256.7
1210400 1256.7
1210410 1255.3
1210420 1252.2
1210430 1252.2
1210440 1249.2
1210450 1244.7
1210460 1244.7
1210470 1239.0
1210480 1232.6
1210490 1232.6
1210500 1233.8
1210510 1235.6
1210520 1233.7
1210530 1233.7
1210540 1231.3
1210550 1225.5
1210560 1225.5
1210570 1223.5
1210580 1233.1
1210590 1233.1
1210600 1237.2
1210610 1237.6
1210620 1237.6
1210630 1237.5
1210640 1234.1
1210650 1234.1
1210660 1229.4
1210670 1225.9
1210680 1225.9
1210690 1221.0
1210700 1218.5
1210710 1218.5
1210720 1215.4
1210730 1212.7
1210740 1212.7
1210750 1212.4
1210760 1212.2
1210770 1210.8
1210780 1210.8
1210790 1209.2
1210800 1207.7
1210810 1207.7
1210820 1205.8
1210830 1202.8
1210840 1202.8
1210850 1199.4
1210860 1195.7
1210870 1195.7
1210880 1191.8
1210890 1189.0
1210900 1189.0
1210910 1185.7
1210920 1180.7
1210930 1180.7
1210940 1174.7
1210950 1169.7
1210960 1169.7
1210970 1165.6
1210980 1161.3
1210990 1157.4
1211000 1157.4
1211010 1153.5
1211020 1149.9
1211030 1149.9
1211040 1146.8
1211050 1150.6
1211060 1150.6
1211070 1147.3
1211080 1144.1
1211090 1144.1
1211100 1140.3
1211110 1136.4
1211120 1136.4
1211130 1133.4
1211140 1131.3
1211150 1131.3
1211160 1130.6
1211170 1128.9
1211180 1128.9
1211190 1125.2
1211200 1121.9
1211210 1121.9
1211220 1119.1
1211230 1118.2
1211240 1114.5
1211250 1114.5
1211260 1109.5
1211270 1107.2
1211280 1107.2
1211290 1105.1
1211300 1101.2
1211310 1101.2
1211320 1097.8
1211330 1095.4
1211340 1095.4
1211350 1092.1
1211360 1089.3
1211370 1089.3
1211380 1087.9
1211390 1086.0
1211400 1086.0
1211410 1081.9
1211420 1081.5
1211430 1081.5
1211440 1081.3
1211450 1081.1
1211460 1081.1
1211470 1080.9
1211480 1078.9
1211490 1078.5
1211500 1078.5
1211510 1081.1
1211520 1082.6
1211530 1082.6
1211540 1083.5
1211550 1083.9
1211560 1083.9
1211570 1085.2
1211580 1085.7
1211590 1085.7
1211600 1085.7
1211610 1086.9
1211620 1086.9
1211630 1087.6
1211640 1087.3
1211650 1087.3
1211660 1086.5
1211670 1085.5
1211680 1085.5
1211690 1084.8
1211700 1084.3
1211710 1084.3
1211720 1085.0
1211730 1084.2
1211740 1080.4
1211750 1080.4
1211760 1075.5
1211770 1072.3
1211780 1072.3
1211790 1069.4
1211800 1065.3
1211810 1065.3
1211820 1063.3
1211830 1062.3
1211840 1062.3
1211850 1060.2
1211860 1056.7
1211870 1056.7
1211880 1052.5
1211890 1050.0
1211900 1050.0
1211910 1048.9
1211920 1048.8
1211930 1048.8
1211940 1048.0
1211950 1047.2
1211960 1047.2
1211970 1045.2
1211980 1043.2
1211990 1040.5
1212000 1040.5
1212010 1038.5
1212020 1037.5
1212030 1037.5
1212040 1035.5
1212050 1033.7
1212060 1033.7
1212070 1033.3
1212080 1033.1
1212090 1033.1
1212100 1031.4
1212110 1028.0
1212120 1028.0
1212130 1021.0
1212140 1012.3
1212150 1012.3
1212160 1006.1
1212170 999.2
1212180 999.2
1212190 991.8
1212200 987.7
1212210 987.7
1212220 986.5
1212230 986.4
1212240 986.2
1212250 986.2
1212260 985.5
1212270 985.2
1212280 985.2
1212290 985.9
1212300 987.4
1212310 987.4
1212320 988.1
1212330 988.2
1212340 988.2
1212350 990.3
1212360 992.6
1212370 992.6
1212380 993.6
1212390 990.4
1212400 990.4
1212410 986.4
1212420 981.4
1212430 981.4
1212440 979.3
1212450 973.9
1212460 973.9
1212470 969.8
1212480 969.0
1212490 968.5
1212500 968.5
1212510 965.7
1212520 961.3
1212530 961.3
1212540 955.5
1212550 948.2
1212560 948.2
1212570 939.7
1212580 930.8
1212590 930.8
1212600 925.9
1212610 926.2
1212620 926.2
1212630 927.9
1212640 928.8
1212650 928.8
1212660 928.7
1212670 924.6
1212680 924.6
1212690 921.5
1212700 923.2
1212710 923.2
1212720 926.9
1212730 929.0
1212740 930.0
1212750 930.0
1212760 930.3
1212770 930.4
1212780 930.4
1212790 932.3
1212800 935.3
1212810 935.3
1212820 938.1
1212830 940.9
1212840 940.9
1212850 943.0
1212860 944.9
1212870 944.9
1212880 946.0
1212890 946.1
1212900 946.1
1212910 944.7
1212920 943.0
1212930 943.0
1212940 941.1
1212950 939.9
1212960 937.5
1212970 937.5
1212980 933.1
1212990 927.3
1213000 927.3
1213010 921.4
1213020 916.1
1213030 916.1
1213040 912.1
1213050 909.0
1213060 909.0
1213070 905.7
1213080 902.9
1213090 902.9
1213100 900.4
1213110 899.3
1213120 899.3
1213130 898.5
1213140 897.6
1213150 897.6
1213160 897.3
1213170 898.6
1213180 898.6
1213190 899.0
1213200 898.6
1213210 893.1
1213220 893.1
1213230 885.3
1213240 880.8
1213250 880.8
1213260 877.9
1213270 875.1
1213280 875.1
1213290 871.5
1213300 869.0
1213310 869.0
1213320 866.4
1213330 864.1
1213340 864.1
1213350 861.5
1213360 859.4
1213370 859.4
1213380 858.2
1213390 856.8
1213400 856.8
1213410 855.1
1213420 853.9
1213430 853.9
1213440 852.8
1213450 851.4
1213460 850.3
1213470 850.3
1213480 848.8
1213490 847.5
1213500 847.5
1213510 846.8
1213520 846.3
1213530 846.3
1213540 844.8
1213550 842.5
1213560 842.5
1213570 840.2
1213580 837.0
1213590 837.0
1213600 831.7
1213610 824.4
1213620 824.4
1213630 818.3
1213640 816.9
1213650 816.9
1213660 817.1
1213670 817.4
1213680 817.4
1213690 818.6
1213700 826.0
1213710 832.0
1213720 832.0
1213730 834.0
1213740 835.2
1213750 835.2
1213760 836.2
1213770 836.5
1213780 836.5
1213790 836.7
1213800 836.7
1213810 836.7
1213820 836.7
1213830 836.7
1213840 836.7
1213850 837.1
1213860 837.2
1213870 837.2
1213880 837.2
1213890 837.1
1213900 837.1
1213910 837.0
1213920 836.9
1213930 836.9
1213940 836.9
1213950 836.8
1213960 836.9
1213970 836.9
1213980 837.0
1213990 837.1
1214000 837.1
1214010 837.2
1214020 837.3
1214030 837.3
1214040 837.2
1214050 837.1
1214060 837.1
1214070 837.1
1214080 837.1
1214090 837.1
1214100 837.1
1214110 837.1
1214120 837.1
1214130 837.0
1214140 836.9
1214150 836.9
1214160 837.4
1214170 838.0
1214180 838.0
1214190 838.2
1214200 838.3
1214210 838.8
1214220 838.8
1214230 839.2
1214240 839.3
1214250 839.3
1214260 839.9
1214270 841.3
1214280 841.3
1214290 842.2
1214300 843.1
1214310 843.1
1214320 844.4
1214330 845.7
1214340 845.7
1214350 846.9
1214360 848.1
1214370 848.1
1214380 849.3
1214390 850.4
1214400 850.4
1214410 851.6
1214420 852.7
1214430 852.7
1214440 854.5
1214450 856.5
1214460 858.2
1214470 858.2
1214480 860.2
1214490 862.5
1214500 862.5
1214510 866.0
1214520 868.9
1214530 868.9
1214540 868.8
1214550 869.0
1214560 869.0
1214570 870.6
1214580 872.4
1214590 872.4
1214600 874.4
1214610 876.8
1214620 876.8
1214630 879.2
1214640 881.8
1214650 881.8
1214660 883.6
1214670 885.5
1214680 887.8
1214690 887.8
1214700 890.1
1214710 891.9
1214720 891.9
1214730 893.6
1214740 895.5
1214750 895.5
1214760 897.8
1214770 899.8
1214780 899.8
1214790 902.8
1214800 904.6
1214810 904.6
1214820 906.6
1214830 909.4
1214840 909.4
1214850 915.8
1214860 922.7
1214870 922.7
1214880 929.7
1214890 937.1
1214900 937.1
1214910 944.5
1214920 952.8
1214930 962.0
1214940 962.0
1214950 969.4
1214960 976.6
1214970 976.6
1214980 984.0
1214990 990.2
1215000 990.2
1215010 997.5
1215020 1004.7
1215030 1004.7
1215040 1012.7
1215050 1021.5
1215060 1021.5
1215070 1030.0
1215080 1036.3
1215090 1036.3
1215100 1042.2
1215110 1048.3
1215120 1048.3
1215130 1055.3
1215140 1061.5
1215150 1061.5
1215160 1067.7
1215170 1074.0
1215180 1079.8
1215190 1079.8
1215200 1085.0
1215210 1090.7
1215220 1090.7
1215230 1097.4
1215240 1104.4
1215250 1104.4
1215260 1106.8
1215270 1112.5
1215280 1112.5
1215290 1117.4
1215300 1123.8
1215310 1123.8
1215320 1132.1
1215330 1137.6
1215340 1137.6
1215350 1142.1
1215360 1144.8
1215370 1144.8
1215380 1149.4
1215390 1154.1
1215400 1154.1
1215410 1158.6
1215420 1164.4
1215430 1171.7
1215440 1171.7
1215450 1178.2
1215460 1185.6
1215470 1185.6
1215480 1191.1
1215490 1197.4
1215500 1197.4
1215510 1202.7
1215520 1207.6
1215530 1207.6
1215540 1214.5
1215550 1220.4
1215560 1220.4
1215570 1224.5
1215580 1228.8
1215590 1228.8
1215600 1235.7
1215610 1242.7
1215620 1242.7
1215630 1250.6
1215640 1259.3
1215650 1259.3
1215660 1266.7
1215670 1273.4
1215680 1280.8
1215690 1280.8
1215700 1289.7
1215710 1299.2
1215720 1299.2
1215730 1304.7
1215740 1311.7
1215750 1311.7
1215760 1318.8
1215770 1325.8
1215780 1325.8
1215790 1332.7
1215800 1339.7
1215810 1339.7
1215820 1347.2
1215830 1353.6
1215840 1353.6
1215850 1358.7
1215860 1363.3
1215870 1363.3
1215880 1369.0
1215890 1375.4
1215900 1375.4
1215910 1382.9
1215920 1390.6
1215930 1398.6
1215940 1398.6
1215950 1406.3
1215960 1411.2
1215970 1411.2
1215980 1415.5
1215990 1420.4
1216000 1420.4
1216010 1425.0
1216020 1431.1
1216030 1431.1
1216040 1438.3
1216050 1445.2
1216060 1445.2
1216070 1450.2
1216080 1453.0
1216090 1453.0
1216100 1457.6
1216110 1463.8
1216120 1463.8
1216130 1470.4
1216140 1477.6
1216150 1477.6
1216160 1484.0
1216170 1491.2
1216180 1499.6
1216190 1499.6
1216200 1505.6
1216210 1513.3
1216220 1513.3
1216230 1522.0
1216240 1530.5
1216250 1530.5
1216260 1538.1
1216270 1545.0
1216280 1545.0
1216290 1551.7
1216300 1558.5
1216310 1558.5
1216320 1564.6
1216330 1571.2
1216340 1571.2
1216350 1577.8
1216360 1584.2
1216370 1584.2
1216380 1591.8
1216390 1601.4
1216400 1612.3
1216410 1612.3
1216420 1622.2
1216430 1629.4
1216440 1629.4
1216450 1633.9
1216460 1637.1
1216470 1637.1
1216480 1643.7
1216490 1657.7
1216500 1657.7
1216510 1670.8
1216520 1680.8
1216530 1680.8
1216540 1694.1
1216550 1713.8
1216560 1713.8
1216570 1734.7
1216580 1748.5
1216590 1748.5
1216600 1763.2
1216610 1775.8
1216620 1775.8
1216630 1783.8
1216640 1790.1
1216650 1796.6
1216660 1796.6
1216670 1803.9
1216680 1807.5
1216690 1807.5
1216700 1814.6
1216710 1822.4
1216720 1822.4
1216730 1829.5
1216740 1836.2
1216750 1836.2
1216760 1843.1
1216770 1849.2
1216780 1849.2
1216790 1855.1
1216800 1860.4
1216810 1860.4
1216820 1865.4
1216830 1870.6
1216840 1870.6
1216850 1875.9
1216860 1883.4
1216870 1883.4
1216880 1892.4
1216890 1901.2
1216900 1909.1
1216910 1909.1
1216920 1917.0
1216930 1924.4
1216940 1924.4
1216950 1932.4
1216960 1940.5
1216970 1940.5
1216980 1948.5
1216990 1956.2
1217000 1956.2
1217010 1963.7
1217020 1971.2
1217030 1971.2
1217040 1978.8
1217050 1986.2
1217060 1986.2
1217070 1993.4
1217080 2000.0
1217090 2000.0
1217100 2005.8
1217110 2008.8
1217120 2008.8
1217130 2010.3
1217140 2014.4
1217150 2026.4
1217160 2026.4
1217170 2030.0
1217180 2033.5
1217190 2033.5
1217200 2035.6
1217210 2037.0
1217220 2037.0
1217230 2034.8
1217240 2035.4
1217250 2035.4
1217260 2045.2
1217270 2052.2
1217280 2052.2
1217290 2056.0
1217300 2060.8
1217310 2060.8
1217320 2064.7
1217330 2068.0
1217340 2068.0
1217350 2073.7
1217360 2080.5
1217370 2080.5
1217380 2085.5
1217390 2089.2
1217400 2093.5
1217410 2093.5
1217420 2098.5
1217430 2103.1
1217440 2103.1
1217450 2106.2
1217460 2111.6
1217470 2111.6
1217480 2117.3
1217490 2120.9
1217500 2120.9
1217510 2121.8
1217520 2124.6
1217530 2124.6
1217540 2130.2
1217550 2136.0
1217560 2136.0
1217570 2140.3
1217580 2143.5
1217590 2143.5
1217600 2143.7
1217610 2138.9
1217620 2138.9
1217630 2150.7
1217640 2148.9
1217650 2149.5
1217660 2149.5
1217670 2152.3
1217680 2159.3
1217690 2159.3
1217700 2166.0
1217710 2164.0
1217720 2164.0
1217730 2164.6
1217740 2161.8
1217750 2161.8
1217760 2162.2
1217770 2163.7
1217780 2163.7
1217790 2166.2
1217800 2167.6
1217810 2167.6
1217820 2167.8
1217830 2168.2
1217840 2168.2
1217850 2165.9
1217860 2163.7
1217870 2163.7
1217880 2159.6
1217890 2157.2
1217900 2154.0
1217910 2154.0
1217920 2154.2
1217930 2156.8
1217940 2156.8
1217950 2160.9
1217960 2165.2
1217970 2165.2
1217980 2167.8
1217990 2167.6
1218000 2167.6
1218010 2166.6
1218020 2166.7
1218030 2166.7
1218040 2168.1
1218050 2171.8
1218060 2171.8
1218070 2175.6
1218080 2178.8
1218090 2178.8
1218100 2186.7
1218110 2185.4
1218120 2185.6
1218130 2185.6
1218140 2183.8
1218150 2184.0
1218160 2184.0
1218170 2185.8
1218180 2186.3
1218190 2186.3
1218200 2192.1
1218210 2195.0
1218220 2195.0
1218230 2196.3
1218240 2197.6
1218250 2197.6
1218260 2199.5
1218270 2203.0
1218280 2203.0
1218290 2208.2
1218300 2214.2
1218310 2214.2
1218320 2221.0
1218330 2230.7
1218340 2230.7
1218350 2235.2
1218360 2239.5
1218370 2245.3
1218380 2245.3
1218390 2250.7
1218400 2255.0
1218410 2255.0
1218420 2257.2
1218430 2261.2
1218440 2261.2
1218450 2266.2
1218460 2270.4
1218470 2270.4
1218480 2274.9
1218490 2277.6
1218500 2277.6
1218510 2280.4
1218520 2283.3
1218530 2283.3
1218540 2285.9
1218550 2288.5
1218560 2288.5
1218570 2291.7
1218580 2300.4
1218590 2300.4
1218600 2304.7
1218610 2309.0
1218620 2313.3
1218630 2313.3
1218640 2317.4
1218650 2321.6
1218660 2321.6
1218670 2325.6
1218680 2329.0
1218690 2329.0
1218700 2331.7
1218710 2333.9
1218720 2333.9
1218730 2335.7
1218740 2337.2
1218750 2337.2
1218760 2338.4
1218770 2340.3
1218780 2340.3
1218790 2343.7
1218800 2345.7
1218810 2345.7
1218820 2347.1
1218830 2349.5
1218840 2349.5
1218850 2352.8
1218860 2356.0
1218870 2360.0
1218880 2360.0
1218890 2362.4
1218900 2363.8
1218910 2363.8
1218920 2365.9
1218930 2371.4
1218940 2371.4
1218950 2377.8
1218960 2384.0
1218970 2384.0
1218980 2389.9
1218990 2395.7
1219000 2395.7
1219010 2399.5
1219020 2407.5
1219030 2407.5
1219040 2419.3
1219050 2428.3
1219060 2429.9
1219070 2446.1
1219080 2458.0
1219090 2458.0
1219100 2466.0
1219110 2476.5
1219120 2485.5
1219130 2485.5
1219140 2490.5
1219150 2495.8
1219160 2495.8
1219170 2502.8
1219180 2510.4
1219190 2510.4
1219200 2518.3
1219210 2527.7
1219220 2527.7
1219230 2536.3
1219240 2538.7
1219250 2538.7
1219260 2539.2
1219270 2542.0
1219280 2542.0
1219290 2546.3
1219300 2551.0
1219310 2551.0
1219320 2557.3
1219330 2563.3
1219340 2563.3
1219350 2569.2
1219360 2575.7
1219370 2582.1
1219380 2582.1
1219390 2587.6
1219400 2591.6
1219410 2591.6
1219420 2595.3
1219430 2599.2
1219440 2599.2
1219450 2603.3
1219460 2608.0
1219470 2608.0
1219480 2613.2
1219490 2618.1
1219500 2618.1
1219510 2622.9
1219520 2628.3
1219530 2628.3
1219540 2638.2
1219550 2648.8
1219560 2648.8
1219570 2657.9
1219580 2666.2
1219590 2666.2
1219600 2672.2
1219610 2676.7
1219620 2681.8
1219630 2681.8
1219640 2689.1
1219650 2706.0
1219660 2706.0
1219670 2724.4
1219680 2732.8
1219690 2732.8
1219700 2737.5
1219710 2741.5
1219720 2741.5
1219730 2744.0
1219740 2743.1
1219750 2743.1
1219760 2742.1
1219770 2742.9
1219780 2742.9
1219790 2743.3
1219800 2744.5
1219810 2744.5
1219820 2743.7
1219830 2744.1
1219840 2749.5
1219850 2749.5
1219860 2756.4
1219870 2768.4
1219880 2768.4
1219890 2787.0
1219900 2804.9
1219910 2804.9
1219920 2818.7
1219930 2822.6
1219940 2822.6
1219950 2818.0
1219960 2813.2
1219970 2813.2
1219980 2810.9
1219990 2802.4
1200000 1273.9
1200010 1274.3
1200020 1274.3
1200030 1275.0
1200040 1275.5
1200050 1275.5
1200060 1275.1
1200070 1273.9
1200080 1273.9
1200090 1274.7
1200100 1276.0
1200110 1279.9
1200120 1280.3
1200130 1280.7
1200140 1280.9
1200150 1280.9
1200160 1281.5
1200170 1282.4
1200180 1282.4
1200190 1283.9
1200200 1283.9
1200210 1283.9
1200220 1283.3
1200230 1282.9
1200240 1282.9
1200250 1282.6
1200260 1282.6
1200270 1282.6
1200280 1283.4
1200290 1285.5
1200300 1285.5
1200310 1286.6
1200320 1286.8
1200330 1286.8
1200340 1286.5
1200350 1286.3
1200360 1286.3
1200370 1285.8
1200380 1285.4
1200390 1285.2
1200400 1285.2
1200410 1284.3
1200420 1282.5
1200430 1282.5
1200440 1283.0
1200450 1285.5
1200460 1285.5
1200470 1286.5
1200480 1286.8
1200490 1286.8
1200500 1286.8
1200510 1286.5
1200520 1286.5
1200530 1286.7
1200540 1287.5
1200550 1293.6
1200560 1294.6
1200570 1295.7
1200580 1295.7
1200590 1296.7
1200600 1297.5
1200610 1297.5
1200620 1299.4
1200630 1302.8
1200640 1304.0
1200650 1304.0
1200660 1305.2
1200670 1306.6
1200680 1306.6
1200690 1307.3
1200700 1309.9
1200710 1309.9
1200720 1310.0
1200730 1309.8
1200740 1309.8
1200750 1312.1
1200760 1315.4
1200770 1315.4
1200780 1317.2
1200790 1314.9
1200800 1314.9
1200810 1314.6
1200820 1314.9
1200830 1314.9
1200840 1316.0
1200850 1317.6
1200860 1317.6
1200870 1318.3
1200880 1318.6
1200890 1317.2
1200900 1317.2
1200910 1316.0
1200920 1315.7
1200930 1315.7
1200940 1316.1
1200950 1317.0
1200960 1317.0
1200970 1317.0
1200980 1316.5
1200990 1316.5
1201000 1321.8
1201010 1323.8
1201020 1323.8
1201030 1326.2
1201040 1328.2
1201050 1328.2
1201060 1329.2
1201070 1330.9
1201080 1330.9
1201090 1333.0
1201100 1335.8
1201110 1335.8
1201120 1338.0
1201130 1340.2
1201140 1342.7
1201150 1342.7
1201160 1346.2
1201170 1348.1
1201180 1348.1
1201190 1349.9
1201200 1352.9
1201210 1352.9
1201220 1354.5
1201230 1357.2
1201240 1357.2
1201250 1357.5
1201260 1357.7
1201270 1357.7
1201280 1357.7
1201290 1356.9
1201300 1356.9
1201310 1359.6
1201320 1359.3
1201330 1359.3
1201340 1359.6
1201350 1358.6
1201360 1358.6
1201370 1355.3
1201380 1354.4
1201390 1357.9
1201400 1357.9
1201410 1359.2
1201420 1358.2
1201430 1358.2
1201440 1352.6
1201450 1345.6
1201460 1345.6
1201470 1338.4
1201480 1331.9
1201490 1331.9
1201500 1325.6
1201510 1319.8
1201520 1319.8
1201530 1315.3
1201540 1314.2
1201550 1314.2
1201560 1311.3
1201570 1305.6
1201580 1305.6
1201590 1303.3
1201600 1300.8
1201610 1300.8
1201620 1294.3
1201630 1289.2
1201640 1285.2
1201650 1285.2
1201660 1279.9
1201670 1273.4
1201680 1273.4
1201690 1266.6
1201700 1260.8
1201710 1260.8
1201720 1256.1
1201730 1255.0
1201740 1255.0
1201750 1252.8
1201760 1251.3
1201770 1251.3
1201780 1252.7
1201790 1258.4
1201800 1258.4
1201810 1264.7
1201820 1271.3
1201830 1271.3
1201840 1278.5
1201850 1285.4
1201860 1285.4
1201870 1292.6
1201880 1299.8
1201890 1306.7
1201900 1303.0
1201910 1310.8
1201920 1319.1
1201930 1319.1
1201940 1328.6
1201950 1341.4
1201960 1341.4
1201970 1354.5
1201980 1367.5
1201990 1367.5
1202000 1377.8
1202010 1386.2
1202020 1386.2
1202030 1393.4
1202040 1400.7
1202050 1400.7
1202060 1406.3
1202070 1410.0
1202080 1410.0
1202090 1412.5
1202100 1415.1
1202110 1417.8
1202120 1417.8
1202130 1420.9
1202140 1423.3
1202150 1423.3
1202160 1426.4
1202170 1428.9
1202180 1428.9
1202190 1431.0
1202200 1432.1
1202210 1432.1
1202220 1432.9
1202230 1433.6
1202240 1433.6
1202250 1433.9
1202260 1433.8
1202270 1433.8
1202280 1434.1
1202290 1434.6
1202300 1434.6
1202310 1435.3
1202320 1436.7
1202330 1436.7
1202340 1438.5
1202350 1442.0
1202360 1442.9
1202370 1442.9
1202380 1440.8
1202390 1440.5
1202400 1440.5
1202410 1444.3
1202420 1447.7
1202430 1447.7
1202440 1449.4
1202450 1450.8
1202460 1450.8
1202470 1452.3
1202480 1453.9
1202490 1453.9
1202500 1455.2
1202510 1455.9
1202520 1455.9
1202530 1456.4
1202540 1458.0
1202550 1458.0
1202560 1457.7
1202570 1457.4
1202580 1457.4
1202590 1457.8
1202600 1457.8
1202610 1457.8
1202620 1457.8
1202630 1457.6
1202640 1456.6
1202650 1456.6
1202660 1455.4
1202670 1455.6
1202680 1455.6
1202690 1456.9
1202700 1458.5
1202710 1458.5
1202720 1459.6
1202730 1460.9
1202740 1460.9
1202750 1463.2
1202760 1465.7
1202770 1465.7
1202780 1467.6
1202790 1468.8
1202800 1473.2
1202810 1474.5
1202820 1475.9
1202830 1475.9
1202840 1476.9
1202850 1477.5
1202860 1478.1
1202870 1478.1
1202880 1478.2
1202890 1476.9
1202900 1476.9
1202910 1476.6
1202920 1477.0
1202930 1477.0
1202940 1476.2
1202950 1473.8
1202960 1473.8
1202970 1471.7
1202980 1469.8
1202990 1469.8
1203000 1469.2
1203010 1469.3
1203020 1469.3
1203030 1469.3
1203040 1468.2
1203050 1468.2
1203060 1466.2
1203070 1463.8
1203080 1463.8
1203090 1463.0
1203100 1463.3
1203110 1464.9
1203120 1464.9
1203130 1465.7
1203140 1466.2
1203150 1466.2
1203160 1465.7
1203170 1465.0
1203180 1465.0
1203190 1464.7
1203200 1465.0
1203210 1465.0
1203220 1465.6
1203230 1465.8
1203240 1465.8
1203250 1467.5
1203260 1464.7
1203270 1464.7
1203280 1462.2
1203290 1461.3
1203300 1461.3
1203310 1461.1
1203320 1458.6
1203330 1458.6
1203340 1451.0
1203350 1443.1
1203360 1435.8
1203370 1435.8
1203380 1428.5
1203390 1421.2
1203400 1421.2
1203410 1413.5
1203420 1405.6
1203430 1405.6
1203440 1399.8
1203450 1396.5
1203460 1396.5
1203470 1393.1
1203480 1390.4
1203490 1390.4
1203500 1387.8
1203510 1383.9
1203520 1383.9
1203530 1379.0
1203540 1375.2
1203550 1375.2
1203560 1372.3
1203570 1370.0
1203580 1370.0
1203590 1369.1
1203600 1367.0
1203610 1360.8
1203620 1360.8
1203630 1355.5
1203640 1350.0
1203650 1350.0
1203660 1345.7
1203670 1345.5
1203680 1345.5
1203690 1342.9
1203700 1337.2
1203710 1335.3
1203720 1327.5
1203730 1319.7
1203740 1319.7
1203750 1312.3
1203760 1308.6
1203770 1308.6
1203780 1309.7
1203790 1315.5
1203800 1315.5
1203810 1324.7
1203820 1333.2
1203830 1333.2
1203840 1341.9
1203850 1350.6
1203860 1360.0
1203870 1360.0
1203880 1370.0
1203890 1379.4
1203900 1379.4
1203910 1387.3
1203920 1394.3
1203930 1394.3
1203940 1403.5
1203950 1413.3
1203960 1413.3
1203970 1422.9
1203980 1431.7
1203990 1431.7
1204000 1440.2
1204010 1453.1
1204020 1453.1
1204030 1465.0
1204040 1477.3
1204050 1477.3
1204060 1494.9
1204070 1503.8
1204080 1503.8
1204090 1509.9
1204100 1518.7
1204110 1527.9
1204120 1527.9
1204130 1537.0
1204140 1545.5
1204150 1545.5
1204160 1556.0
1204170 1564.0
1204180 1564.0
1204190 1569.6
1204200 1573.8
1204210 1573.8
1204220 1578.3
1204230 1582.8
1204240 1582.8
1204250 1587.7
1204260 1592.6
1204270 1592.6
1204280 1599.0
1204290 1605.4
1204300 1605.4
1204310 1611.8
1204320 1619.4
1204330 1625.1
1204340 1625.1
1204350 1630.5
1204360 1639.0
1204370 1639.0
1204380 1646.5
1204390 1652.2
1204400 1652.2
1204410 1658.2
1204420 1664.1
1204430 1664.1
1204440 1669.8
1204450 1675.3
1204460 1675.3
1204470 1681.0
1204480 1687.2
1204490 1687.2
1204500 1693.1
1204510 1699.1
1204520 1699.1
1204530 1704.6
1204540 1709.4
1204550 1709.4
1204560 1713.1
1204570 1716.6
1204580 1722.1
1204590 1722.1
1204600 1726.8
1204610 1733.2
1204620 1733.2
1204630 1737.5
1204640 1741.8
1204650 1741.8
1204660 1745.8
1204670 1749.4
1204680 1749.4
1204690 1753.1
1204700 1757.1
1204710 1757.1
1204720 1760.7
1204730 1764.0
1204740 1764.0
1204750 1767.5
1204760 1771.3
1204770 1771.3
1204780 1775.5
1204790 1780.1
1204800 1780.1
1204810 1784.5
1204820 1790.2
1204830 1795.4
1204840 1795.4
1204850 1800.3
1204860 1804.6
1204870 1804.6
1204880 1807.8
1204890 1811.0
1204900 1811.0
1204910 1814.4
1204920 1817.8
1204930 1817.8
1204940 1821.4
1204950 1824.3
1204960 1824.3
1204970 1826.3
1204980 1827.9
1204990 1827.9
1205000 1829.4
1205010 1831.1
1205020 1831.1
1205030 1834.7
1205040 1839.1
1205050 1839.1
1205060 1845.3
1205070 1856.6
1205080 1860.6
1205090 1860.6
1205100 1863.5
1205110 1865.5
1205120 1865.5
1205130 1866.5
1205140 1867.3
1205150 1867.3
1205160 1867.5
1205170 1867.1
1205180 1867.1
1205190 1866.6
1205200 1866.4
1205210 1866.4
1205220 1865.6
1205230 1865.1
1205240 1865.1
1205250 1864.8
1205260 1865.7
1205270 1865.7
1205280 1865.9
1205290 1864.7
1205300 1864.7
1205310 1863.8
1205320 1862.5
1205330 1860.7
1205340 1860.7
1205350 1858.5
1205360 1854.9
1205370 1854.9
1205380 1850.5
1205390 1844.9
1205400 1844.9
1205410 1839.0
1205420 1834.0
1205430 1834.0
1205440 1829.5
1205450 1825.1
1205460 1825.1
1205470 1820.1
1205480 1814.3
1205490 1814.3
1205500 1808.4
1205510 1802.1
1205520 1802.0
1205530 1795.9
1205540 1789.7
1205550 1789.7
1205560 1783.3
1205570 1776.5
1205580 1768.8
1205590 1768.8
1205600 1759.8
1205610 1752.3
1205620 1752.3
1205630 1745.2
1205640 1739.2
1205650 1739.2
1205660 1733.4
1205670 1727.9
1205680 1727.9
1205690 1723.2
1205700 1716.0
1205710 1716.0
1205720 1707.9
1205730 1699.8
1205740 1699.8
1205750 1691.7
1205760 1687.3
1205770 1687.3
1205780 1682.2
1205790 1677.0
1205800 1677.0
1205810 1670.1
1205820 1661.6
1205830 1652.8
1205840 1652.8
1205850 1644.2
1205860 1636.1
1205870 1636.1
1205880 1627.6
1205890 1619.0
1205900 1619.0
1205910 1610.6
1205920 1603.3
1205930 1603.3
1205940 1596.7
1205950 1589.9
1205960 1589.9
1205970 1583.8
1205980 1584.3
1205990 1584.3
1206000 1583.1
1206010 1587.8
1206020 1587.8
1206030 1595.4
1206040 1604.3
1206050 1604.3
1206060 1612.8
1206070 1620.7
1206080 1627.9
1206090 1627.9
1206100 1635.6
1206110 1643.7
1206120 1643.7
1206130 1651.2
1206140 1655.6
1206150 1655.6
1206160 1659.7
1206170 1663.3
1206180 1663.3
1206190 1666.3
1206200 1668.5
1206210 1668.5
1206220 1670.7
1206230 1673.2
1206240 1673.2
1206250 1675.7
1206260 1679.0
1206270 1679.0
1206280 1683.7
1206290 1689.7
1206300 1689.7
1206310 1696.4
1206320 1702.0
1206330 1708.0
1206340 1708.0
1206350 1715.3
1206360 1721.8
1206370 1721.8
1206380 1730.7
1206390 1738.9
1206400 1738.9
1206410 1745.7
1206420 1751.1
1206430 1751.1
1206440 1757.4
1206450 1763.3
1206460 1763.3
1206470 1769.5
1206480 1775.7
1206490 1775.7
1206500 1781.9
1206510 1787.7
1206520 1787.7
1206530 1793.1
1206540 1799.3
1206550 1805.4
1206560 1805.4
1206570 1811.2
1206580 1816.8
1206590 1816.8
1206600 1822.7
1206610 1828.7
1206620 1828.7
1206630 1834.5
1206640 1840.1
1206650 1840.1
1206660 1846.0
1206670 1852.0
1206680 1852.0
1206690 1857.8
1206700 1863.2
1206710 1863.2
1206720 1868.7
1206730 1874.1
1206740 1874.1
1206750 1880.3
1206760 1886.9
1206770 1886.9
1206780 1893.3
1206790 1898.9
1206800 1904.7
1206810 1904.7
1206820 1910.4
1206830 1915.9
1206840 1915.9
1206850 1921.6
1206860 1927.1
1206870 1927.1
1206880 1931.8
1206890 1936.4
1206900 1936.4
1206910 1933.1
1206920 1927.4
1206930 1927.4
1206940 1923.3
1206950 1921.0
1206960 1921.0
1206970 1916.4
1206980 1908.9
1206990 1908.9
1207000 1902.0
1207010 1897.6
1207020 1897.6
1207030 1896.8
1207040 1896.9
1207050 1898.4
1207060 1898.4
1207070 1903.3
1207080 1910.2
1207090 1910.2
1207100 1917.5
1207110 1924.4
1207120 1924.4
1207130 1932.1
1207140 1939.6
1207150 1939.6
1207160 1944.8
1207170 1948.2
1207180 1948.2
1207190 1950.4
1207200 1951.6
1207210 1951.6
1207220 1946.5
1207230 1941.8
1207240 1941.8
1207250 1929.4
1207260 1925.5
1207270 1925.5
1207280 1927.2
1207290 1934.2
1207300 1943.1
1207310 1943.1
1207320 1946.0
1207330 1942.7
1207340 1942.7
1207350 1928.5
1207360 1916.8
1207370 1916.8
1207380 1904.5
1207390 1894.4
1207400 1894.4
1207410 1882.9
1207420 1870.2
1207430 1870.2
1207440 1861.5
1207450 1852.0
1207460 1852.0
1207470 1843.5
1207480 1836.4
1207490 1836.4
1207500 1829.4
1207510 1818.6
1207520 1818.6
1207530 1808.1
1207540 1800.4
1207550 1794.2
1207560 1794.2
1207570 1788.4
1207580 1784.4
1207590 1784.4
1207600 1775.7
1207610 1762.6
1207620 1762.6
1207630 1752.9
1207640 1747.5
1207650 1747.5
1207660 1744.4
1207670 1742.0
1207680 1742.0
1207690 1739.4
1207700 1736.1
1207710 1736.1
1207720 1732.3
1207730 1727.7
1207740 1727.7
1207750 1722.8
1207760 1722.5
1207770 1722.5
1207780 1721.8
1207790 1720.9
1207800 1719.4
1207810 1724.9
1207820 1724.1
1207830 1723.8
1207840 1723.8
1207850 1722.7
1207860 1721.2
1207870 1721.2
1207880 1719.9
1207890 1717.9
1207900 1717.9
1207910 1713.8
1207920 1710.3
1207930 1710.3
1207940 1707.3
1207950 1704.1
1207960 1704.1
1207970 1700.7
1207980 1697.5
1207990 1697.5
1208000 1693.8
1208010 1689.7
1208020 1689.7
1208030 1685.3
1208040 1680.7
1208050 1676.1
1208060 1676.1
1208070 1671.3
1208080 1666.3
1208090 1666.3
1208100 1661.4
1208110 1656.9
1208120 1656.9
1208130 1652.3
1208140 1647.8
1208150 1647.8
1208160 1643.2
1208170 1638.2
1208180 1638.2
1208190 1632.5
1208200 1628.8
1208210 1628.8
1208220 1626.5
1208230 1623.6
1208240 1623.6
1208250 1619.7
1208260 1615.6
1208270 1622.4
1208280 1619.6
1208290 1615.4
1208300 1611.4
1208310 1611.4
1208320 1608.0
1208330 1604.1
1208340 1604.1
1208350 1600.3
1208360 1596.3
1208370 1596.3
1208380 1592.1
1208390 1587.9
1208400 1587.9
1208410 1583.1
1208420 1578.8
1208430 1578.8
1208440 1574.8
1208450 1570.2
1208460 1570.2
1208470 1565.5
1208480 1559.7
1208490 1559.7
1208500 1552.9
1208510 1545.6
1208520 1545.6
1208530 1536.9
1208540 1526.3
1208550 1514.9
1208560 1514.9
1208570 1504.9
1208580 1495.5
1208590 1495.5
1208600 1486.2
1208610 1477.4
1208620 1477.4
1208630 1469.9
1208640 1464.2
1208650 1464.2
1208660 1458.3
1208670 1451.6
1208680 1451.6
1208690 1447.7
1208700 1449.7
1208710 1449.7
1208720 1453.7
1208730 1468.0
1208740 1468.0
1208750 1470.8
1208760 1472.8
1208770 1472.9
1208780 1472.9
1208790 1475.6
1208800 1477.5
1208810 1477.5
1208820 1474.0
1208830 1469.4
1208840 1469.4
1208850 1464.8
1208860 1460.5
1208870 1460.5
1208880 1456.0
1208890 1450.8
1208900 1450.8
1208910 1445.4
1208920 1439.6
1208930 1439.6
1208940 1433.2
1208950 1426.5
1208960 1426.5
1208970 1420.4
1208980 1413.3
1208990 1413.3
1209000 1406.3
1209010 1399.9
1209020 1393.2
1209030 1393.2
1209040 1386.9
1209050 1380.1
1209060 1380.1
1209070 1373.6
1209080 1366.9
1209090 1366.9
1209100 1365.7
1209110 1366.7
1209120 1366.7
1209130 1366.3
1209140 1366.6
1209150 1366.6
1209160 1367.4
1209170 1368.4
1209180 1368.4
1209190 1376.9
1209200 1375.1
1209210 1375.1
1209220 1373.5
1209230 1373.5
1209240 1373.5
1209250 1372.8
1209260 1369.9
1209270 1368.0
1209280 1368.0
1209290 1367.5
1209300 1364.3
1209310 1364.3
1209320 1364.0
1209330 1365.2
1209340 1365.2
1209350 1364.9
1209360 1364.5
1209370 1364.5
1209380 1366.0
1209390 1367.4
1209400 1367.4
1209410 1369.0
1209420 1371.3
1209430 1371.3
1209440 1375.6
1209450 1383.0
1209460 1383.0
1209470 1390.8
1209480 1398.5
1209490 1398.5
1209500 1409.1
1209510 1422.7
1209520 1434.7
1209530 1434.7
1209540 1443.7
1209550 1444.7
1209560 1444.7
1209570 1444.0
1209580 1443.2
1209590 1443.2
1209600 1439.1
1209610 1433.5
1209620 1433.5
1209630 1427.4
1209640 1420.6
1209650 1423.9
1209660 1414.6
1209670 1403.6
1209680 1403.6
1209690 1393.9
1209700 1386.1
1209710 1386.1
1209720 1381.0
1209730 1379.4
1209740 1379.4
1209750 1380.5
1209760 1381.6
1209770 1381.2
1209780 1381.2
1209790 1378.4
1209800 1374.3
1209810 1374.3
1209820 1369.8
1209830 1365.3
1209840 1365.3
1209850 1360.5
1209860 1353.8
1209870 1353.8
1209880 1347.1
1209890 1339.3
1209900 1339.3
1209910 1329.5
1209920 1320.4
1209930 1320.4
1209940 1313.3
1209950 1307.1
1209960 1307.1
1209970 1301.4
1209980 1296.5
1209990 1296.5
1210000 1292.7
1210010 1291.8
1210020 1291.4
1210030 1291.4
1210040 1291.2
1210050 1292.1
1210060 1292.1
1210070 1294.2
1210080 1296.3
1210090 1296.3
1210100 1297.2
1210110 1298.3
1210120 1311.9
1210130 1315.0
1210140 1315.2
1210150 1315.2
1210160 1315.1
1210170 1316.0
1210180 1316.0
1210190 1316.4
1210200 1315.4
1210210 1315.4
1210220 1312.8
1210230 1308.5
1210240 1308.5
1210250 1301.9
1210260 1296.9
1210270 1293.9
1210280 1293.9
1210290 1287.9
1210300 1277.1
1210310 1277.1
1210320 1274.6
1210330 1267.3
1210340 1267.3
1210350 1262.8
1210360 1259.8
1210370 1259.8
1210380 1257.9
1210390 1256.7
1210400 1256.7
1210410 1255.3
1210420 1252.2
1210430 1252.2
1210440 1249.2
1210450 1244.7
1210460 1244.7
1210470 1239.0
1210480 1232.6
1210490 1232.6
1210500 1233.8
1210510 1235.6
1210520 1233.7
1210530 1233.7
1210540 1231.3
1210550 1225.5
1210560 1225.5
1210570 1223.5
1210580 1233.1
1210590 1233.1
1210600 1237.2
1210610 1237.6
1210620 1237.6
1210630 1237.5
1210640 1234.1
1210650 1234.1
1210660 1229.4
1210670 1225.9
1210680 1225.9
1210690 1221.0
1210700 1218.5
1210710 1218.5
1210720 1215.4
1210730 1212.7
1210740 1212.7
1210750 1212.4
1210760 1212.2
1210770 1210.8
1210780 1210.8
1210790 1209.2
1210800 1207.7
1210810 1207.7
1210820 1205.8
1210830 1202.8
1210840 1202.8
1210850 1199.4
1210860 1195.7
1210870 1195.7
1210880 1191.8
1210890 1189.0
1210900 1189.0
1210910 1185.7
1210920 1180.7
1210930 1180.7
1210940 1174.7
1210950 1169.7
1210960 1169.7
1210970 1165.6
1210980 1161.3
1210990 1157.4
1211000 1157.4
1211010 1153.5
1211020 1149.9
1211030 1149.9
1211040 1146.8
1211050 1150.6
1211060 1150.6
1211070 1147.3
1211080 1144.1
1211090 1144.1
1211100 1140.3
1211110 1136.4
1211120 1136.4
1211130 1133.4
1211140 1131.3
1211150 1131.3
1211160 1130.6
1211170 1128.9
1211180 1128.9
1211190 1125.2
1211200 1121.9
1211210 1121.9
1211220 1119.1
1211230 1118.2
1211240 1114.5
1211250 1114.5
1211260 1109.5
1211270 1107.2
1211280 1107.2
1211290 1105.1
1211300 1101.2
1211310 1101.2
1211320 1097.8
1211330 1095.4
1211340 1095.4
1211350 1092.1
1211360 1089.3
1211370 1089.3
1211380 1087.9
1211390 1086.0
1211400 1086.0
1211410 1081.9
1211420 1081.5
1211430 1081.5
1211440 1081.3
1211450 1081.1
1211460 1081.1
1211470 1080.9
1211480 1078.9
1211490 1078.5
1211500 1078.5
1211510 1081.1
1211520 1082.6
1211530 1082.6
1211540 1083.5
1211550 1083.9
1211560 1083.9
1211570 1085.2
1211580 1085.7
1211590 1085.7
1211600 1085.7
1211610 1086.9
1211620 1086.9
1211630 1087.6
1211640 1087.3
1211650 1087.3
1211660 1086.5
1211670 1085.5
1211680 1085.5
1211690 1084.8
1211700 1084.3
1211710 1084.3
1211720 1085.0
1211730 1084.2
1211740 1080.4
1211750 1080.4
1211760 1075.5
1211770 1072.3
1211780 1072.3
1211790 1069.4
1211800 1065.3
1211810 1065.3
1211820 1063.3
1211830 1062.3
1211840 1062.3
1211850 1060.2
1211860 1056.7
1211870 1056.7
1211880 1052.5
1211890 1050.0
1211900 1050.0
1211910 1048.9
1211920 1048.8
1211930 1048.8
1211940 1048.0
1211950 1047.2
1211960 1047.2
1211970 1045.2
1211980 1043.2
1211990 1040.5
1212000 1040.5
1212010 1038.5
1212020 1037.5
1212030 1037.5
1212040 1035.5
1212050 1033.7
1212060 1033.7
1212070 1033.3
1212080 1033.1
1212090 1033.1
1212100 1031.4
1212110 1028.0
1212120 1028.0
1212130 1021.0
1212140 1012.3
1212150 1012.3
1212160 1006.1
1212170 999.2
1212180 999.2
1212190 991.8
1212200 987.7
1212210 987.7
1212220 986.5
1212230 986.4
1212240 986.2
1212250 986.2
1212260 985.5
1212270 985.2
1212280 985.2
1212290 985.9
1212300 987.4
1212310 987.4
1212320 988.1
1212330 988.2
1212340 988.2
1212350 990.3
1212360 992.6
1212370 992.6
1212380 993.6
1212390 990.4
1212400 990.4
1212410 986.4
1212420 981.4
1212430 981.4
1212440 979.3
1212450 973.9
1212460 973.9
1212470 969.8
1212480 969.0
1212490 968.5
1212500 968.5
1212510 965.7
1212520 961.3
1212530 961.3
1212540 955.5
1212550 948.2
1212560 948.2
1212570 939.7
1212580 930.8
1212590 930.8
1212600 925.9
1212610 926.2
1212620 926.2
1212630 927.9
1212640 928.8
1212650 928.8
1212660 928.7
1212670 924.6
1212680 924.6
1212690 921.5
1212700 923.2
1212710 923.2
1212720 926.9
1212730 929.0
1212740 930.0
1212750 930.0
1212760 930.3
1212770 930.4
1212780 930.4
1212790 932.3
1212800 935.3
1212810 935.3
1212820 938.1
1212830 940.9
1212840 940.9
1212850 943.0
1212860 944.9
1212870 944.9
1212880 946.0
1212890 946.1
1212900 946.1
1212910 944.7
1212920 943.0
1212930 943.0
1212940 941.1
1212950 939.9
1212960 937.5
1212970 937.5
1212980 933.1
1212990 927.3
1213000 927.3
1213010 921.4
1213020 916.1
1213030 916.1
1213040 912.1
1213050 909.0
1213060 909.0
1213070 905.7
1213080 902.9
1213090 902.9
1213100 900.4
1213110 899.3
1213120 899.3
1213130 898.5
1213140 897.6
1213150 897.6
1213160 897.3
1213170 898.6
1213180 898.6
1213190 899.0
1213200 898.6
1213210 893.1
1213220 893.1
1213230 885.3
1213240 880.8
1213250 880.8
1213260 877.9
1213270 875.1
1213280 875.1
1213290 871.5
1213300 869.0
1213310 869.0
1213320 866.4
1213330 864.1
1213340 864.1
1213350 861.5
1213360 859.4
1213370 859.4
1213380 858.2
1213390 856.8
1213400 856.8
1213410 855.1
1213420 853.9
1213430 853.9
1213440 852.8
1213450 851.4
1213460 850.3
1213470 850.3
1213480 848.8
1213490 847.5
1213500 847.5
1213510 846.8
1213520 846.3
1213530 846.3
1213540 844.8
1213550 842.5
1213560 842.5
1213570 840.2
1213580 837.0
1213590 837.0
1213600 831.7
1213610 824.4
1213620 824.4
1213630 818.3
1213640 816.9
1213650 816.9
1213660 817.1
1213670 817.4
1213680 817.4
1213690 818.6
1213700 826.0
1213710 832.0
1213720 832.0
1213730 834.0
1213740 835.2
1213750 835.2
1213760 836.2
1213770 836.5
1213780 836.5
1213790 836.7
1213800 836.7
1213810 836.7
1213820 836.7
1213830 836.7
1213840 836.7
1213850 837.1
1213860 837.2
1213870 837.2
1213880 837.2
1213890 837.1
1213900 837.1
1213910 837.0
1213920 836.9
1213930 836.9
1213940 836.9
1213950 836.8
1213960 836.9
1213970 836.9
1213980 837.0
1213990 837.1
1214000 837.1
1214010 837.2
1214020 837.3
1214030 837.3
1214040 837.2
1214050 837.1
1214060 837.1
1214070 837.1
1214080 837.1
1214090 837.1
1214100 837.1
1214110 837.1
1214120 837.1
1214130 837.0
1214140 836.9
1214150 836.9
1214160 837.4
1214170 838.0
1214180 838.0
1214190 838.2
1214200 838.3
1214210 838.8
1214220 838.8
1214230 839.2
1214240 839.3
1214250 839.3
1214260 839.9
1214270 841.3
1214280 841.3
1214290 842.2
1214300 843.1
1214310 843.1
1214320 844.4
1214330 845.7
1214340 845.7
1214350 846.9
1214360 848.1
1214370 848.1
1214380 849.3
1214390 850.4
1214400 850.4
1214410 851.6
1214420 852.7
1214430 852.7
1214440 854.5
1214450 856.5
1214460 858.2
1214470 858.2
1214480 860.2
1214490 862.5
1214500 862.5
1214510 866.0
1214520 868.9
1214530 868.9
1214540 868.8
1214550 869.0
1214560 869.0
1214570 870.6
1214580 872.4
1214590 872.4
1214600 874.4
1214610 876.8
1214620 876.8
1214630 879.2
1214640 881.8
1214650 881.8
1214660 883.6
1214670 885.5
1214680 887.8
1214690 887.8
1214700 890.1
1214710 891.9
1214720 891.9
1214730 893.6
1214740 895.5
1214750 895.5
1214760 897.8
1214770 899.8
1214780 899.8
1214790 902.8
1214800 904.6
1214810 904.6
1214820 906.6
1214830 909.4
1214840 909.4
1214850 915.8
1214860 922.7
1214870 922.7
1214880 929.7
1214890 937.1
1214900 937.1
1214910 944.5
1214920 952.8
1214930 962.0
1214940 962.0
1214950 969.4
1214960 976.6
1214970 976.6
1214980 984.0
1214990 990.2
1215000 990.2
1215010 997.5
1215020 1004.7
1215030 1004.7
1215040 1012.7
1215050 1021.5
1215060 1021.5
1215070 1030.0
1215080 1036.3
1215090 1036.3
1215100 1042.2
1215110 1048.3
1215120 1048.3
1215130 1055.3
1215140 1061.5
1215150 1061.5
1215160 1067.7
1215170 1074.0
1215180 1079.8
1215190 1079.8
1215200 1085.0
1215210 1090.7
1215220 1090.7
1215230 1097.4
1215240 1104.4
1215250 1104.4
1215260 1106.8
1215270 1112.5
1215280 1112.5
1215290 1117.4
1215300 1123.8
1215310 1123.8
1215320 1132.1
1215330 1137.6
1215340 1137.6
1215350 1142.1
1215360 1144.8
1215370 1144.8
1215380 1149.4
1215390 1154.1
1215400 1154.1
1215410 1158.6
1215420 1164.4
1215430 1171.7
1215440 1171.7
1215450 1178.2
1215460 1185.6
1215470 1185.6
1215480 1191.1
1215490 1197.4
1215500 1197.4
1215510 1202.7
1215520 1207.6
1215530 1207.6
1215540 1214.5
1215550 1220.4
1215560 1220.4
1215570 1224.5
1215580 1228.8
1215590 1228.8
1215600 1235.7
1215610 1242.7
1215620 1242.7
1215630 1250.6
1215640 1259.3
1215650 1259.3
1215660 1266.7
1215670 1273.4
1215680 1280.8
1215690 1280.8
1215700 1289.7
1215710 1299.2
1215720 1299.2
1215730 1304.7
1215740 1311.7
1215750 1311.7
1215760 1318.8
1215770 1325.8
1215780 1325.8
1215790 1332.7
1215800 1339.7
1215810 1339.7
1215820 1347.2
1215830 1353.6
1215840 1353.6
1215850 1358.7
1215860 1363.3
1215870 1363.3
1215880 1369.0
1215890 1375.4
1215900 1375.4
1215910 1382.9
1215920 1390.6
1215930 1398.6
1215940 1398.6
1215950 1406.3
1215960 1411.2
1215970 1411.2
1215980 1415.5
1215990 1420.4
1216000 1420.4
1216010 1425.0
1216020 1431.1
1216030 1431.1
1216040 1438.3
1216050 1445.2
1216060 1445.2
1216070 1450.2
1216080 1453.0
1216090 1453.0
1216100 1457.6
1216110 1463.8
1216120 1463.8
1216130 1470.4
1216140 1477.6
1216150 1477.6
1216160 1484.0
1216170 1491.2
1216180 1499.6
1216190 1499.6
1216200 1505.6
1216210 1513.3
1216220 1513.3
1216230 1522.0
1216240 1530.5
1216250 1530.5
1216260 1538.1
1216270 1545.0
1216280 1545.0
1216290 1551.7
1216300 1558.5
1216310 1558.5
1216320 1564.6
1216330 1571.2
1216340 1571.2
1216350 1577.8
1216360 1584.2
1216370 1584.2
1216380 1591.8
1216390 1601.4
1216400 1612.3
1216410 1612.3
1216420 1622.2
1216430 1629.4
1216440 1629.4
1216450 1633.9
1216460 1637.1
1216470 1637.1
1216480 1643.7
1216490 1657.7
1216500 1657.7
1216510 1670.8
1216520 1680.8
1216530 1680.8
1216540 1694.1
1216550 1713.8
1216560 1713.8
1216570 1734.7
1216580 1748.5
1216590 1748.5
1216600 1763.2
1216610 1775.8
1216620 1775.8
1216630 1783.8
1216640 1790.1
1216650 1796.6
1216660 1796.6
1216670 1803.9
1216680 1807.5
1216690 1807.5
1216700 1814.6
1216710 1822.4
1216720 1822.4
1216730 1829.5
1216740 1836.2
1216750 1836.2
1216760 1843.1
1216770 1849.2
1216780 1849.2
1216790 1855.1
1216800 1860.4
1216810 1860.4
1216820 1865.4
1216830 1870.6
1216840 1870.6
1216850 1875.9
1216860 1883.4
1216870 1883.4
1216880 1892.4
1216890 1901.2
1216900 1909.1
1216910 1909.1
1216920 1917.0
1216930 1924.4
1216940 1924.4
1216950 1932.4
1216960 1940.5
1216970 1940.5
1216980 1948.5
1216990 1956.2
1217000 1956.2
1217010 1963.7
1217020 1971.2
1217030 1971.2
1217040 1978.8
1217050 1986.2
1217060 1986.2
1217070 1993.4
1217080 2000.0
1217090 2000.0
1217100 2005.8
1217110 2008.8
1217120 2008.8
1217130 2010.3
1217140 2014.4
1217150 2026.4
1217160 2026.4
1217170 2030.0
1217180 2033.5
1217190 2033.5
1217200 2035.6
1217210 2037.0
1217220 2037.0
1217230 2034.8
1217240 2035.4
1217250 2035.4
1217260 2045.2
1217270 2052.2
1217280 2052.2
1217290 2056.0
1217300 2060.8
1217310 2060.8
1217320 2064.7
1217330 2068.0
1217340 2068.0
1217350 2073.7
1217360 2080.5
1217370 2080.5
1217380 2085.5
1217390 2089.2
1217400 2093.5
1217410 2093.5
1217420 2098.5
1217430 2103.1
1217440 2103.1
1217450 2106.2
1217460 2111.6
1217470 2111.6
1217480 2117.3
1217490 2120.9
1217500 2120.9
1217510 2121.8
1217520 2124.6
1217530 2124.6
1217540 2130.2
1217550 2136.0
1217560 2136.0
1217570 2140.3
1217580 2143.5
1217590 2143.5
1217600 2143.7
1217610 2138.9
1217620 2138.9
1217630 2150.7
1217640 2148.9
1217650 2149.5
1217660 2149.5
1217670 2152.3
1217680 2159.3
1217690 2159.3
1217700 2166.0
1217710 2164.0
1217720 2164.0
1217730 2164.6
1217740 2161.8
1217750 2161.8
1217760 2162.2
1217770 2163.7
1217780 2163.7
1217790 2166.2
1217800 2167.6
1217810 2167.6
1217820 2167.8
1217830 2168.2
1217840 2168.2
1217850 2165.9
1217860 2163.7
1217870 2163.7
1217880 2159.6
1217890 2157.2
1217900 2154.0
1217910 2154.0
1217920 2154.2
1217930 2156.8
1217940 2156.8
1217950 2160.9
1217960 2165.2
1217970 2165.2
1217980 2167.8
1217990 2167.6
1218000 2167.6
1218010 2166.6
1218020 2166.7
1218030 2166.7
1218040 2168.1
1218050 2171.8
1218060 2171.8
1218070 2175.6
1218080 2178.8
1218090 2178.8
1218100 2186.7
1218110 2185.4
1218120 2185.6
1218130 2185.6
1218140 2183.8
1218150 2184.0
1218160 2184.0
1218170 2185.8
1218180 2186.3
1218190 2186.3
1218200 2192.1
1218210 2195.0
1218220 2195.0
1218230 2196.3
1218240 2197.6
1218250 2197.6
1218260 2199.5
1218270 2203.0
1218280 2203.0
1218290 2208.2
1218300 2214.2
1218310 2214.2
1218320 2221.0
1218330 2230.7
1218340 2230.7
1218350 2235.2
1218360 2239.5
1218370 2245.3
1218380 2245.3
1218390 2250.7
1218400 2255.0
1218410 2255.0
1218420 2257.2
1218430 2261.2
1218440 2261.2
1218450 2266.2
1218460 2270.4
1218470 2270.4
1218480 2274.9
1218490 2277.6
1218500 2277.6
1218510 2280.4
1218520 2283.3
1218530 2283.3
1218540 2285.9
1218550 2288.5
1218560 2288.5
1218570 2291.7
1218580 2300.4
1218590 2300.4
1218600 2304.7
1218610 2309.0
1218620 2313.3
1218630 2313.3
1218640 2317.4
1218650 2321.6
1218660 2321.6
1218670 2325.6
1218680 2329.0
1218690 2329.0
1218700 2331.7
1218710 2333.9
1218720 2333.9
1218730 2335.7
1218740 2337.2
1218750 2337.2
1218760 2338.4
1218770 2340.3
1218780 2340.3
1218790 2343.7
1218800 2345.7
1218810 2345.7
1218820 2347.1
1218830 2349.5
1218840 2349.5
1218850 2352.8
1218860 2356.0
1218870 2360.0
1218880 2360.0
1218890 2362.4
1218900 2363.8
1218910 2363.8
1218920 2365.9
1218930 2371.4
1218940 2371.4
1218950 2377.8
1218960 2384.0
1218970 2384.0
1218980 2389.9
1218990 2395.7
1219000 2395.7
1219010 2399.5
1219020 2407.5
1219030 2407.5
1219040 2419.3
1219050 2428.3
1219060 2429.9
1219070 2446.1
1219080 2458.0
1219090 2458.0
1219100 2466.0
1219110 2476.5
1219120 2485.5
1219130 2485.5
1219140 2490.5
1219150 2495.8
1219160 2495.8
1219170 2502.8
1219180 2510.4
1219190 2510.4
1219200 2518.3
1219210 2527.7
1219220 2527.7
1219230 2536.3
1219240 2538.7
1219250 2538.7
1219260 2539.2
1219270 2542.0
1219280 2542.0
1219290 2546.3
1219300 2551.0
1219310 2551.0
1219320 2557.3
1219330 2563.3
1219340 2563.3
1219350 2569.2
1219360 2575.7
1219370 2582.1
1219380 2582.1
1219390 2587.6
1219400 2591.6
1219410 2591.6
1219420 2595.3
1219430 2599.2
1219440 2599.2
1219450 2603.3
1219460 2608.0
1219470 2608.0
1219480 2613.2
1219490 2618.1
1219500 2618.1
1219510 2622.9
1219520 2628.3
1219530 2628.3
1219540 2638.2
1219550 2648.8
1219560 2648.8
1219570 2657.9
1219580 2666.2
1219590 2666.2
1219600 2672.2
1219610 2676.7
1219620 2681.8
1219630 2681.8
1219640 2689.1
1219650 2706.0
1219660 2706.0
1219670 2724.4
1219680 2732.8
1219690 2732.8
1219700 2737.5
1219710 2741.5
1219720 2741.5
1219730 2744.0
1219740 2743.1
1219750 2743.1
1219760 2742.1
1219770 2742.9
1219780 2742.9
1219790 2743.3
1219800 2744.5
1219810 2744.5
1219820 2743.7
1219830 2744.1
1219840 2749.5
1219850 2749.5
1219860 2756.4
1219870 2768.4
1219880 2768.4
1219890 2787.0
1219900 2804.9
1219910 2804.9
1219920 2818.7
1219930 2822.6
1219940 2822.6
1219950 2818.0
1219960 2813.2
1219970 2813.2
1219980 2810.9
1219990 2802.4
