1200000 1196.2
1200010 1196.2
1200020 1196.9
1200030 1197.2
1200040 1197.2
1200050 1198.2
1200060 1197.9
1200070 1197.9
1200080 1198.6
1200090 1198.8
1200100 1198.8
1200110 1197.9
1200120 1197.8
1200130 1197.3
1200140 1197.3
1200150 1195.2
1200160 1192.6
1200170 1192.6
1200180 1190.5
1200190 1188.2
1200200 1188.2
1200210 1186.5
1200220 1184.5
1200230 1184.5
1200240 1182.6
1200250 1181.7
1200260 1181.7
1200270 1180.8
1200280 1179.2
1200290 1179.2
1200300 1178.8
1200310 1178.9
1200320 1178.9
1200330 1178.1
1200340 1177.2
1200350 1177.2
1200360 1176.8
1200370 1176.6
1200380 1176.3
1200390 1176.3
1200400 1176.2
1200410 1176.4
1200420 1176.4
1200430 1178.6
1200440 1178.7
1200450 1178.7
1200460 1176.7
1200470 1174.9
1200480 1174.9
1200490 1173.9
1200500 1173.8
1200510 1173.8
1200520 1174.0
1200530 1173.9
1200540 1173.9
1200550 1173.8
1200560 1173.6
1200570 1173.6
1200580 1172.9
1200590 1171.7
1200600 1171.7
1200610 1171.1
1200620 1170.8
1200630 1171.0
1200640 1171.0
1200650 1171.4
1200660 1171.7
1200670 1171.7
1200680 1171.3
1200690 1170.9
1200700 1170.9
1200710 1170.3
1200720 1169.9
1200730 1169.9
1200740 1169.9
1200750 1169.8
1200760 1169.8
1200770 1169.1
1200780 1168.7
1200790 1169.8
1200800 1169.5
1200810 1169.0
1200820 1169.0
1200830 1169.0
1200840 1169.3
1200850 1169.3
1200860 1169.4
1200870 1170.6
1200880 1172.6
1200890 1172.6
1200900 1173.5
1200910 1173.2
1200920 1173.2
1200930 1172.9
1200940 1172.2
1200950 1172.2
1200960 1171.3
1200970 1173.9
1200980 1173.9
1200990 1176.6
1201000 1178.6
1201010 1178.6
1201020 1179.2
1201030 1178.2
1201040 1178.2
1201050 1177.2
1201060 1177.2
1201070 1177.2
1201080 1176.8
1201090 1175.9
1201100 1175.9
1201110 1175.8
1201120 1176.0
1201130 1176.2
1201140 1176.2
1201150 1176.3
1201160 1174.9
1201170 1174.9
1201180 1168.9
1201190 1162.0
1201200 1162.0
1201210 1154.9
1201220 1147.2
1201230 1147.2
1201240 1141.1
1201250 1132.1
1201260 1132.1
1201270 1124.4
1201280 1119.5
1201290 1119.5
1201300 1115.9
1201310 1114.0
1201320 1114.0
1201330 1112.4
1201340 1111.0
1201350 1111.0
1201360 1107.4
1201370 1102.7
1201380 1097.9
1201390 1097.9
1201400 1093.2
1201410 1090.0
1201420 1090.0
1201430 1086.1
1201440 1082.6
1201450 1082.6
1201460 1082.1
1201470 1082.0
1201480 1082.0
1201490 1082.7
1201500 1085.2
1201510 1085.2
1201520 1089.3
1201530 1095.7
1201540 1095.7
1201550 1101.9
1201560 1108.4
1201570 1108.4
1201580 1116.3
1201590 1125.1
1201600 1125.1
1201610 1131.9
1201620 1138.4
1201630 1144.6
1201640 1144.6
1201650 1150.0
1201660 1155.0
1201670 1155.0
1201680 1160.3
1201690 1167.6
1201700 1167.6
1201710 1176.2
1201720 1184.8
1201730 1184.8
1201740 1191.5
1201750 1199.2
1201760 1199.2
1201770 1208.9
1201780 1219.4
1201790 1219.4
1201800 1227.9
1201810 1234.8
1201820 1234.8
1201830 1240.3
1201840 1245.1
1201850 1247.7
1201860 1247.7
1201870 1248.5
1201880 1250.8
1201890 1250.8
1201900 1253.8
1201910 1256.8
1201920 1256.8
1201930 1259.8
1201940 1262.6
1201950 1262.6
1201960 1264.9
1201970 1265.6
1201980 1265.6
1201990 1264.4
1202000 1263.5
1202010 1263.5
1202020 1264.3
1202030 1267.0
1202040 1267.0
1202050 1269.6
1202060 1271.6
1202070 1271.6
1202080 1272.6
1202090 1273.1
1202100 1273.8
1202110 1273.8
1202120 1273.9
1202130 1274.0
1202140 1278.1
1202150 1278.1
1202160 1277.9
1202170 1277.9
1202180 1278.2
1202190 1278.2
1202200 1278.2
1202210 1278.4
1202220 1278.9
1202230 1278.9
1202240 1279.6
1202250 1280.0
1202260 1280.0
1202270 1280.1
1202280 1280.2
1202290 1280.2
1202300 1280.7
1202310 1281.7
1202320 1281.7
1202330 1283.6
1202340 1287.1
1202350 1290.7
1202360 1290.7
1202370 1294.5
1202380 1296.1
1202390 1296.1
1202400 1295.9
1202410 1296.8
1202420 1296.8
1202430 1297.1
1202440 1295.6
1202450 1295.6
1202460 1295.5
1202470 1297.1
1202480 1297.1
1202490 1298.2
1202500 1298.3
1202510 1298.3
1202520 1298.9
1202530 1300.5
1202540 1300.5
1202550 1302.0
1202560 1303.3
1202570 1303.3
1202580 1304.4
1202590 1308.8
1202600 1310.1
1202610 1310.1
1202620 1311.6
1202630 1313.6
1202640 1313.6
1202650 1314.3
1202660 1315.0
1202670 1315.0
1202680 1316.9
1202690 1318.5
1202700 1318.5
1202710 1319.7
1202720 1320.5
1202730 1320.5
1202740 1321.2
1202750 1322.1
1202760 1322.1
1202770 1323.1
1202780 1324.2
1202790 1324.2
1202800 1324.9
1202810 1326.2
1202820 1326.2
1202830 1326.5
1202840 1325.5
1202850 1326.0
1202860 1326.0
1202870 1327.7
1202880 1330.2
1202890 1330.2
1202900 1330.9
1202910 1331.2
1202920 1331.2
1202930 1326.4
1202940 1319.4
1202950 1319.4
1202960 1316.4
1202970 1316.1
1202980 1316.1
1202990 1318.7
1203000 1321.1
1203010 1321.1
1203020 1316.7
1203030 1312.1
1203040 1319.2
1203050 1315.6
1203060 1314.9
1203070 1314.9
1203080 1314.3
1203090 1315.8
1203100 1317.6
1203110 1317.6
1203120 1319.2
1203130 1320.1
1203140 1320.1
1203150 1320.1
1203160 1319.4
1203170 1319.4
1203180 1318.4
1203190 1315.0
1203200 1315.0
1203210 1310.5
1203220 1305.0
1203230 1305.0
1203240 1299.4
1203250 1292.8
1203260 1292.8
1203270 1284.6
1203280 1277.8
1203290 1277.8
1203300 1272.6
1203310 1267.6
1203320 1267.6
1203330 1261.9
1203340 1255.6
1203350 1248.7
1203360 1248.7
1203370 1242.9
1203380 1238.9
1203390 1238.9
1203400 1235.2
1203410 1232.0
1203420 1232.0
1203430 1231.5
1203440 1233.9
1203450 1233.9
1203460 1235.2
1203470 1238.2
1203480 1238.2
1203490 1240.6
1203500 1242.5
1203510 1242.5
1203520 1243.1
1203530 1237.4
1203540 1237.4
1203550 1229.9
1203560 1221.6
1203570 1221.6
1203580 1213.6
1203590 1208.0
1203600 1204.9
1203610 1204.9
1203620 1199.9
1203630 1191.9
1203640 1191.9
1203650 1183.3
1203660 1173.7
1203670 1173.7
1203680 1164.6
1203690 1162.6
1203700 1162.6
1203710 1170.7
1203720 1182.4
1203730 1182.4
1203740 1195.3
1203750 1206.5
1203760 1206.5
1203770 1215.8
1203780 1226.1
1203790 1226.1
1203800 1235.6
1203810 1243.9
1203820 1243.9
1203830 1253.7
1203840 1262.6
1203850 1268.1
1203860 1268.1
1203870 1273.2
1203880 1278.8
1203890 1278.8
1203900 1284.9
1203910 1292.4
1203920 1292.4
1203930 1298.6
1203940 1306.1
1203950 1302.0
1203960 1308.9
1203970 1315.5
1203980 1315.5
1203990 1322.7
1204000 1329.5
1204010 1329.5
1204020 1335.1
1204030 1339.8
1204040 1339.8
1204050 1345.5
1204060 1351.7
1204070 1351.7
1204080 1358.6
1204090 1365.8
1204100 1375.3
1204110 1375.3
1204120 1385.3
1204130 1392.6
1204140 1392.6
1204150 1399.0
1204160 1405.3
1204170 1405.3
1204180 1410.7
1204190 1416.0
1204200 1416.0
1204210 1421.5
1204220 1424.9
1204230 1424.9
1204240 1427.0
1204250 1429.2
1204260 1429.2
1204270 1432.3
1204280 1435.3
1204290 1435.3
1204300 1438.2
1204310 1440.8
1204320 1440.8
1204330 1443.2
1204340 1445.8
1204350 1449.3
1204360 1449.3
1204370 1453.5
1204380 1456.3
1204390 1456.3
1204400 1461.4
1204410 1465.3
1204420 1465.3
1204430 1469.4
1204440 1472.5
1204450 1472.5
1204460 1475.7
1204470 1479.0
1204480 1479.0
1204490 1482.5
1204500 1486.0
1204510 1486.0
1204520 1488.8
1204530 1491.3
1204540 1491.3
1204550 1493.9
1204560 1496.5
1204570 1496.5
1204580 1499.0
1204590 1502.3
1204600 1505.7
1204610 1505.7
1204620 1509.0
1204630 1511.9
1204640 1511.9
1204650 1515.3
1204660 1519.8
1204670 1519.8
1204680 1524.1
1204690 1526.7
1204700 1526.7
1204710 1528.6
1204720 1534.0
1204730 1534.0
1204740 1537.0
1204750 1535.5
1204760 1535.5
1204770 1535.5
1204780 1537.2
1204790 1537.2
1204800 1538.8
1204810 1540.4
1204820 1540.4
1204830 1541.8
1204840 1543.3
1204850 1551.5
1204860 1551.5
1204870 1553.5
1204880 1555.7
1204890 1555.7
1204900 1558.2
1204910 1560.5
1204920 1560.5
1204930 1562.5
1204940 1564.0
1204950 1564.0
1204960 1565.1
1204970 1566.1
1204980 1566.1
1204990 1566.5
1205000 1566.7
1205010 1566.7
1205020 1567.5
1205030 1568.7
1205040 1568.7
1205050 1570.1
1205060 1571.9
1205070 1574.6
1205080 1574.6
1205090 1577.4
1205100 1578.9
1205110 1578.9
1205120 1579.4
1205130 1579.7
1205140 1579.7
1205150 1580.7
1205160 1581.8
1205170 1581.8
1205180 1581.8
1205190 1582.0
1205200 1582.0
1205210 1582.5
1205220 1582.3
1205230 1582.3
1205240 1581.9
1205250 1581.0
1205260 1581.0
1205270 1580.4
1205280 1580.0
1205290 1580.0
1205300 1579.5
1205310 1581.9
1205320 1580.4
1205330 1580.4
1205340 1579.0
1205350 1578.3
1205360 1578.3
1205370 1577.6
1205380 1577.3
1205390 1577.3
1205400 1577.1
1205410 1577.0
1205420 1577.0
1205430 1577.0
1205440 1576.9
1205450 1576.9
1205460 1576.4
1205470 1575.7
1205480 1575.7
1205490 1574.9
1205500 1574.1
1205510 1574.1
1205520 1573.6
1205530 1573.5
1205540 1573.5
1205550 1573.6
1205560 1573.3
1205570 1572.9
1205580 1572.9
1205590 1572.6
1205600 1572.1
1205610 1572.1
1205620 1571.7
1205630 1571.0
1205640 1571.0
1205650 1568.2
1205660 1567.0
1205670 1567.0
1205680 1570.3
1205690 1573.7
1205700 1573.7
1205710 1570.8
1205720 1565.4
1205730 1565.4
1205740 1560.5
1205750 1555.7
1205760 1555.7
1205770 1551.0
1205780 1542.2
1205790 1542.2
1205800 1532.5
1205810 1522.9
1205820 1513.6
1205830 1513.6
1205840 1505.1
1205850 1497.0
1205860 1497.0
1205870 1488.9
1205880 1481.7
1205890 1481.7
1205900 1475.2
1205910 1467.8
1205920 1467.8
1205930 1459.3
1205940 1449.3
1205950 1449.3
1205960 1437.6
1205970 1426.3
1205980 1426.3
1205990 1423.6
1206000 1428.4
1206010 1428.4
1206020 1434.7
1206030 1440.8
1206040 1440.8
1206050 1447.9
1206060 1454.3
1206070 1460.3
1206080 1460.3
1206090 1466.3
1206100 1472.4
1206110 1472.4
1206120 1478.5
1206130 1485.1
1206140 1485.1
1206150 1492.0
1206160 1499.3
1206170 1499.3
1206180 1506.2
1206190 1513.8
1206200 1513.8
1206210 1521.4
1206220 1532.8
1206230 1532.8
1206240 1540.3
1206250 1547.4
1206260 1547.4
1206270 1554.8
1206280 1562.0
1206290 1562.0
1206300 1569.4
1206310 1577.1
1206320 1583.5
1206330 1583.5
1206340 1589.2
1206350 1595.0
1206360 1595.0
1206370 1601.5
1206380 1607.8
1206390 1607.8
1206400 1614.1
1206410 1620.3
1206420 1620.3
1206430 1627.1
1206440 1631.9
1206450 1631.9
1206460 1636.3
1206470 1638.9
1206480 1638.9
1206490 1640.7
1206500 1642.2
1206510 1642.2
1206520 1642.5
1206530 1644.5
1206540 1644.5
1206550 1647.2
1206560 1650.5
1206570 1654.3
1206580 1654.3
1206590 1658.8
1206600 1664.0
1206610 1664.0
1206620 1670.6
1206630 1677.1
1206640 1677.1
1206650 1683.3
1206660 1690.3
1206670 1690.3
1206680 1696.7
1206690 1702.6
1206700 1702.6
1206710 1707.3
1206720 1710.3
1206730 1710.3
1206740 1705.8
1206750 1690.1
1206760 1690.1
1206770 1677.2
1206780 1665.8
1206790 1665.8
1206800 1655.2
1206810 1646.0
1206820 1636.5
1206830 1636.5
1206840 1626.8
1206850 1617.6
1206860 1617.6
1206870 1610.2
1206880 1603.2
1206890 1603.2
1206900 1595.4
1206910 1587.3
1206920 1587.3
1206930 1579.0
1206940 1568.9
1206950 1568.9
1206960 1559.3
1206970 1550.7
1206980 1550.7
1206990 1542.9
1207000 1536.1
1207010 1536.1
1207020 1529.1
1207030 1522.0
1207040 1522.0
1207050 1515.9
1207060 1513.0
1207070 1510.6
1207080 1510.6
1207090 1505.5
1207100 1506.8
1207110 1506.8
1207120 1507.8
1207130 1510.5
1207140 1517.3
1207150 1521.6
1207160 1527.4
1207170 1527.4
1207180 1533.6
1207190 1529.6
1207200 1529.6
1207210 1520.6
1207220 1513.3
1207230 1513.3
1207240 1507.6
1207250 1503.1
1207260 1503.1
1207270 1505.2
1207280 1510.7
1207290 1510.7
1207300 1515.3
1207310 1518.5
1207320 1522.7
1207330 1522.7
1207340 1529.6
1207350 1536.8
1207360 1536.8
1207370 1544.9
1207380 1554.9
1207390 1554.9
1207400 1562.2
1207410 1562.7
1207420 1562.7
1207430 1556.7
1207440 1547.9
1207450 1547.9
1207460 1538.7
1207470 1529.4
1207480 1529.4
1207490 1520.1
1207500 1511.7
1207510 1511.7
1207520 1504.7
1207530 1500.0
1207540 1500.0
1207550 1497.3
1207560 1495.2
1207570 1494.3
1207580 1494.3
1207590 1493.5
1207600 1500.1
1207610 1500.1
1207620 1500.0
1207630 1499.3
1207640 1499.3
1207650 1498.0
1207660 1498.1
1207670 1498.1
1207680 1494.3
1207690 1493.6
1207700 1493.6
1207710 1499.1
1207720 1506.3
1207730 1506.3
1207740 1507.8
1207750 1504.8
1207760 1504.8
1207770 1503.0
1207780 1503.6
1207790 1503.6
1207800 1504.6
1207810 1505.7
1207820 1506.1
1207830 1506.1
1207840 1505.3
1207850 1505.9
1207860 1505.9
1207870 1508.2
1207880 1511.0
1207890 1511.0
1207900 1514.8
1207910 1519.4
1207920 1519.4
1207930 1525.3
1207940 1533.1
1207950 1533.1
1207960 1540.5
1207970 1547.3
1207980 1547.3
1207990 1550.7
1208000 1548.5
1208010 1548.5
1208020 1544.4
1208030 1539.1
1208040 1539.1
1208050 1532.3
1208060 1535.8
1208070 1534.6
1208080 1534.6
1208090 1532.9
1208100 1531.0
1208110 1531.0
1208120 1527.2
1208130 1522.0
1208140 1522.0
1208150 1516.9
1208160 1510.8
1208170 1510.8
1208180 1505.1
1208190 1501.4
1208200 1501.4
1208210 1496.7
1208220 1492.1
1208230 1492.1
1208240 1487.6
1208250 1482.7
1208260 1482.7
1208270 1477.5
1208280 1472.3
1208290 1467.1
1208300 1467.1
1208310 1460.3
1208320 1447.6
1208330 1447.6
1208340 1435.4
1208350 1430.5
1208360 1430.5
1208370 1431.6
1208380 1435.2
1208390 1435.2
1208400 1433.4
1208410 1430.2
1208420 1430.2
1208430 1427.9
1208440 1423.8
1208450 1423.8
1208460 1418.9
1208470 1415.4
1208480 1415.4
1208490 1412.2
1208500 1407.5
1208510 1407.5
1208520 1409.0
1208530 1404.0
1208540 1398.2
1208550 1398.2
1208560 1391.7
1208570 1386.7
1208580 1386.7
1208590 1381.6
1208600 1376.9
1208610 1376.9
1208620 1371.7
1208630 1367.2
1208640 1367.2
1208650 1362.7
1208660 1361.2
1208670 1361.2
1208680 1358.4
1208690 1351.5
1208700 1351.5
1208710 1345.7
1208720 1339.4
1208730 1339.4
1208740 1332.2
1208750 1327.6
1208760 1327.6
1208770 1324.0
1208780 1322.2
1208790 1319.7
1208800 1319.7
1208810 1317.7
1208820 1313.9
1208830 1313.9
1208840 1310.2
1208850 1307.5
1208860 1307.5
1208870 1304.4
1208880 1301.0
1208890 1301.0
1208900 1298.3
1208910 1295.6
1208920 1295.6
1208930 1292.9
1208940 1289.6
1208950 1289.6
1208960 1288.1
1208970 1286.1
1208980 1293.2
1208990 1290.9
1209000 1288.7
1209010 1288.7
1209020 1286.0
1209030 1283.5
1209040 1279.1
1209050 1279.1
1209060 1268.4
1209070 1254.2
1209080 1254.2
1209090 1240.9
1209100 1226.1
1209110 1226.1
1209120 1210.7
1209130 1195.7
1209140 1195.7
1209150 1185.2
1209160 1175.4
1209170 1175.4
1209180 1164.7
1209190 1154.5
1209200 1154.5
1209210 1141.1
1209220 1127.6
1209230 1127.6
1209240 1114.2
1209250 1103.4
1209260 1103.4
1209270 1097.1
1209280 1093.3
1209290 1090.5
1209300 1090.5
1209310 1086.9
1209320 1086.6
1209330 1086.6
1209340 1086.8
1209350 1087.1
1209360 1087.1
1209370 1087.7
1209380 1085.4
1209390 1085.4
1209400 1082.5
1209410 1080.7
1209420 1080.7
1209430 1081.7
1209440 1094.0
1209450 1094.0
1209460 1101.7
1209470 1105.7
1209480 1105.7
1209490 1105.8
1209500 1106.7
1209510 1106.7
1209520 1108.5
1209530 1112.5
1209540 1114.9
1209550 1114.9
1209560 1112.9
1209570 1109.8
1209580 1109.8
1209590 1106.3
1209600 1103.3
1209610 1103.3
1209620 1101.2
1209630 1099.5
1209640 1099.5
1209650 1099.3
1209660 1098.9
1209670 1098.9
1209680 1097.0
1209690 1094.3
1209700 1094.3
1209710 1091.4
1209720 1086.7
1209730 1086.7
1209740 1081.3
1209750 1075.1
1209760 1075.1
1209770 1069.0
1209780 1065.0
1209790 1062.2
1209800 1062.2
1209810 1060.7
1209820 1058.9
1209830 1058.9
1209840 1055.0
1209850 1051.1
1209860 1051.1
1209870 1049.7
1209880 1051.5
1209890 1051.5
1209900 1058.7
1209910 1061.3
1209920 1061.3
1209930 1063.6
1209940 1064.3
1209950 1064.3
1209960 1064.8
1209970 1065.5
1209980 1065.5
1209990 1065.9
1210000 1064.9
1210010 1064.9
1210020 1063.0
1210030 1061.7
1210040 1061.3
1210050 1061.3
1210060 1061.2
1210070 1059.9
1210080 1059.9
1210090 1057.4
1210100 1055.0
1210110 1055.0
1210120 1052.4
1210130 1050.3
1210140 1050.3
1210150 1048.4
1210160 1047.2
1210170 1047.2
1210180 1045.5
1210190 1043.9
1210200 1043.9
1210210 1042.7
1210220 1042.1
1210230 1042.1
1210240 1042.6
1210250 1042.2
1210260 1042.2
1210270 1040.6
1210280 1039.2
1210290 1039.6
1210300 1039.6
1210310 1039.8
1210320 1039.9
1210330 1039.9
1210340 1039.3
1210350 1038.8
1210360 1040.7
1210370 1040.2
1210380 1040.4
1210390 1040.4
1210400 1040.0
1210410 1039.5
1210420 1039.5
1210430 1038.7
1210440 1037.8
1210450 1037.8
1210460 1036.8
1210470 1035.8
1210480 1035.8
1210490 1035.1
1210500 1034.2
1210510 1034.2
1210520 1033.7
1210530 1033.0
1210540 1031.8
1210550 1031.8
1210560 1030.4
1210570 1028.5
1210580 1028.5
1210590 1026.5
1210600 1024.5
1210610 1024.5
1210620 1022.4
1210630 1020.0
1210640 1020.0
1210650 1017.9
1210660 1015.9
1210670 1015.9
1210680 1014.4
1210690 1012.8
1210700 1012.8
1210710 1010.9
1210720 1009.0
1210730 1009.0
1210740 1006.5
1210750 1003.9
1210760 1003.9
1210770 1000.4
1210780 996.0
1210790 991.5
1210800 991.5
1210810 988.2
1210820 986.0
1210830 989.3
1210840 988.3
1210850 986.1
1210860 986.1
1210870 985.1
1210880 985.2
1210890 985.2
1210900 986.8
1210910 989.8
1210920 989.8
1210930 989.2
1210940 985.9
1210950 985.9
1210960 984.6
1210970 982.4
1210980 982.4
1210990 980.2
1211000 978.0
1211010 978.0
1211020 973.4
1211030 970.5
1211040 966.6
1211050 966.6
1211060 962.1
1211070 958.9
1211080 958.9
1211090 957.0
1211100 956.1
1211110 956.1
1211120 955.4
1211130 954.9
1211140 954.9
1211150 954.4
1211160 953.7
1211170 953.7
1211180 952.9
1211190 952.7
1211200 952.7
1211210 954.0
1211220 958.2
1211230 958.2
1211240 964.5
1211250 968.0
1211260 968.0
1211270 970.3
1211280 972.3
1211290 973.5
1211300 973.5
1211310 973.9
1211320 971.4
1211330 971.4
1211340 968.8
1211350 971.1
1211360 971.1
1211370 974.9
1211380 976.5
1211390 976.5
1211400 979.0
1211410 984.5
1211420 984.5
1211430 988.0
1211440 990.0
1211450 990.0
1211460 991.7
1211470 992.2
1211480 992.2
1211490 990.5
1211500 988.7
1211510 987.3
1211520 987.3
1211530 985.7
1211540 983.0
1211550 983.0
1211560 980.2
1211570 978.0
1211580 978.0
1211590 974.3
1211600 970.5
1211610 970.5
1211620 962.5
1211630 949.2
1211640 949.2
1211650 932.1
1211660 926.3
1211670 926.3
1211680 921.1
1211690 917.1
1211700 917.1
1211710 915.3
1211720 914.8
1211730 914.8
1211740 913.9
1211750 913.1
1211760 912.8
1211770 912.8
1211780 912.7
1211790 912.7
1211800 912.7
1211810 912.7
1211820 912.7
1211830 912.7
1211840 912.7
1211850 912.7
1211860 912.7
1211870 912.7
1211880 912.7
1211890 912.7
1211900 912.7
1211910 912.7
1211920 912.7
1211930 912.7
1211940 912.8
1211950 912.8
1211960 913.7
1211970 916.8
1211980 916.8
1211990 921.4
1212000 926.0
1212010 928.9
1212020 928.9
1212030 930.9
1212040 936.1
1212050 936.1
1212060 942.2
1212070 948.1
1212080 948.1
1212090 955.0
1212100 961.7
1212110 961.7
1212120 966.8
1212130 970.6
1212140 970.6
1212150 972.4
1212160 976.1
1212170 976.1
1212180 981.4
1212190 987.5
1212200 987.5
1212210 990.8
1212220 991.6
1212230 991.6
1212240 992.8
1212250 995.2
1212260 996.6
1212270 996.6
1212280 996.3
1212290 995.6
1212300 995.6
1212310 997.1
1212320 996.8
1212330 996.8
1212340 995.7
1212350 997.4
1212360 997.4
1212370 1001.3
1212380 1005.0
1212390 1005.0
1212400 1008.6
1212410 1012.3
1212420 1012.3
1212430 1016.2
1212440 1018.2
1212450 1018.2
1212460 1018.9
1212470 1019.8
1212480 1019.8
1212490 1021.6
1212500 1024.9
1212510 1025.1
1212520 1025.1
1212530 1025.2
1212540 1026.0
1212550 1026.0
1212560 1027.6
1212570 1029.3
1212580 1029.3
1212590 1030.3
1212600 1030.0
1212610 1030.0
1212620 1028.0
1212630 1025.6
1212640 1025.6
1212650 1022.4
1212660 1017.8
1212670 1017.8
1212680 1012.7
1212690 1013.8
1212700 1013.8
1212710 1008.1
1212720 1006.0
1212730 1006.0
1212740 1009.1
1212750 1011.8
1212760 1010.3
1212770 1010.3
1212780 1007.4
1212790 1005.5
1212800 1005.5
1212810 1004.5
1212820 1002.2
1212830 1002.2
1212840 998.8
1212850 996.4
1212860 996.4
1212870 992.8
1212880 986.1
1212890 986.1
1212900 980.4
1212910 973.6
1212920 973.6
1212930 962.7
1212940 950.5
1212950 950.5
1212960 938.0
1212970 929.4
1212980 929.4
1212990 924.9
1213000 922.3
1213010 922.7
1213020 922.7
1213030 923.1
1213040 922.5
1213050 922.5
1213060 920.1
1213070 912.6
1213080 912.6
1213090 902.5
1213100 898.3
1213110 898.3
1213120 895.3
1213130 892.0
1213140 892.0
1213150 888.2
1213160 887.3
1213170 887.3
1213180 882.2
1213190 879.4
1213200 879.4
1213210 879.3
1213220 876.2
1213230 876.2
1213240 871.0
1213250 866.6
1213260 861.4
1213270 861.4
1213280 856.1
1213290 850.8
1213300 850.8
1213310 846.7
1213320 843.2
1213330 843.2
1213340 840.6
1213350 836.5
1213360 836.5
1213370 831.4
1213380 828.5
1213390 828.5
1213400 823.8
1213410 820.3
1213420 820.3
1213430 814.8
1213440 806.4
1213450 806.4
1213460 802.0
1213470 799.5
1213480 799.5
1213490 798.7
1213500 798.0
1213510 797.4
1213520 797.4
1213530 796.1
1213540 792.8
1213550 792.8
1213560 790.0
1213570 789.1
1213580 789.1
1213590 788.8
1213600 789.1
1213610 789.1
1213620 789.5
1213630 789.9
1213640 789.9
1213650 789.1
1213660 786.3
1213670 786.3
1213680 786.0
1213690 786.0
1213700 786.0
1213710 788.4
1213720 791.7
1213730 791.7
1213740 792.4
1213750 793.5
1213760 794.5
1213770 794.5
1213780 795.6
1213790 796.3
1213800 796.3
1213810 797.1
1213820 798.1
1213830 798.1
1213840 798.9
1213850 799.7
1213860 799.7
1213870 800.6
1213880 801.3
1213890 801.3
1213900 801.8
1213910 802.6
1213920 802.6
1213930 803.2
1213940 803.8
1213950 803.8
1213960 804.3
1213970 805.1
1213980 805.1
1213990 805.9
1214000 806.6
1214010 807.9
1214020 807.9
1214030 810.0
1214040 811.9
1214050 811.9
1214060 811.6
1214070 811.0
1214080 811.0
1214090 811.3
1214100 811.2
1214110 811.2
1214120 811.7
1214130 812.2
1214140 812.2
1214150 812.8
1214160 813.3
1214170 813.3
1214180 813.7
1214190 814.2
1214200 814.2
1214210 814.9
1214220 815.5
1214230 816.0
1214240 816.0
1214250 816.6
1214260 817.3
1214270 817.3
1214280 818.1
1214290 818.7
1214300 818.7
1214310 819.0
1214320 819.2
1214330 819.2
1214340 819.3
1214350 819.4
1214360 819.4
1214370 819.6
1214380 820.4
1214390 820.4
1214400 824.4
1214410 830.5
1214420 830.5
1214430 836.9
1214440 844.6
1214450 844.6
1214460 854.4
1214470 862.5
1214480 871.4
1214490 871.4
1214500 880.0
1214510 888.3
1214520 888.3
1214530 900.5
1214540 919.4
1214550 919.4
1214560 932.1
1214570 942.6
1214580 942.6
1214590 949.9
1214600 956.9
1214610 956.9
1214620 963.1
1214630 969.0
1214640 969.0
1214650 974.2
1214660 978.9
1214670 978.9
1214680 984.8
1214690 991.6
1214700 991.6
1214710 998.3
1214720 1004.1
1214730 1009.7
1214740 1009.7
1214750 1014.5
1214760 1018.5
1214770 1018.5
1214780 1021.8
1214790 1026.5
1214800 1026.5
1214810 1031.3
1214820 1036.5
1214830 1036.5
1214840 1041.9
1214850 1047.8
1214860 1047.8
1214870 1053.8
1214880 1059.2
1214890 1059.2
1214900 1065.2
1214910 1071.5
1214920 1071.5
1214930 1077.2
1214940 1083.1
1214950 1083.1
1214960 1088.3
1214970 1093.4
1214980 1098.1
1214990 1098.1
1215000 1103.3
1215010 1108.8
1215020 1108.8
1215030 1114.8
1215040 1119.2
1215050 1119.2
1215060 1124.3
1215070 1129.8
1215080 1129.8
1215090 1135.7
1215100 1141.2
1215110 1141.2
1215120 1147.2
1215130 1153.8
1215140 1153.8
1215150 1160.7
1215160 1167.7
1215170 1167.7
1215180 1174.8
1215190 1181.9
1215200 1181.9
1215210 1187.8
1215220 1194.4
1215230 1201.5
1215240 1201.5
1215250 1209.4
1215260 1217.6
1215270 1217.6
1215280 1225.7
1215290 1234.5
1215300 1234.5
1215310 1242.9
1215320 1249.4
1215330 1249.4
1215340 1252.6
1215350 1254.6
1215360 1254.6
1215370 1257.6
1215380 1261.4
1215390 1261.4
1215400 1265.2
1215410 1268.1
1215420 1268.1
1215430 1271.6
1215440 1276.1
1215450 1276.1
1215460 1282.1
1215470 1286.2
1215480 1291.2
1215490 1291.2
1215500 1297.1
1215510 1302.6
1215520 1302.6
1215530 1307.1
1215540 1311.8
1215550 1311.8
1215560 1313.6
1215570 1311.1
1215580 1311.1
1215590 1307.1
1215600 1305.3
1215610 1305.3
1215620 1306.1
1215630 1306.8
1215640 1306.8
1215650 1308.3
1215660 1311.3
1215670 1311.3
1215680 1315.3
1215690 1320.7
1215700 1320.7
1215710 1326.5
1215720 1332.9
1215730 1337.7
1215740 1337.7
1215750 1339.1
1215760 1340.4
1215770 1340.4
1215780 1342.7
1215790 1343.6
1215800 1343.6
1215810 1342.2
1215820 1340.7
1215830 1340.7
1215840 1343.0
1215850 1347.4
1215860 1347.4
1215870 1350.7
1215880 1357.5
1215890 1357.5
1215900 1365.9
1215910 1373.7
1215920 1373.7
1215930 1380.8
1215940 1387.5
1215950 1387.5
1215960 1393.2
1215970 1398.6
1215980 1398.5
1215990 1398.5
1216000 1405.5
1216010 1413.4
1216020 1413.4
1216030 1418.9
1216040 1424.5
1216050 1424.5
1216060 1429.5
1216070 1433.2
1216080 1433.2
1216090 1432.6
1216100 1433.8
1216110 1433.8
1216120 1437.7
1216130 1443.9
1216140 1443.9
1216150 1451.0
1216160 1458.4
1216170 1458.4
1216180 1465.9
1216190 1471.8
1216200 1471.8
1216210 1477.3
1216220 1481.2
1216230 1483.3
1216240 1483.3
1216250 1488.4
1216260 1493.4
1216270 1493.4
1216280 1498.3
1216290 1503.0
1216300 1503.0
1216310 1508.3
1216320 1516.2
1216330 1516.2
1216340 1523.6
1216350 1527.6
1216360 1527.6
1216370 1531.1
1216380 1531.5
1216390 1531.5
1216400 1531.3
1216410 1532.0
1216420 1532.0
1216430 1535.4
1216440 1541.1
1216450 1547.9
1216460 1542.0
1216470 1545.6
1216480 1548.0
1216490 1548.0
1216500 1552.6
1216510 1557.7
1216520 1557.7
1216530 1563.9
1216540 1571.6
1216550 1571.6
1216560 1578.3
1216570 1584.0
1216580 1584.0
1216590 1592.3
1216600 1601.0
1216610 1601.0
1216620 1608.6
1216630 1617.1
1216640 1617.1
1216650 1625.5
1216660 1633.1
1216670 1633.1
1216680 1639.0
1216690 1643.1
1216700 1647.4
1216710 1647.4
1216720 1652.0
1216730 1658.6
1216740 1658.6
1216750 1667.6
1216760 1677.0
1216770 1677.0
1216780 1684.8
1216790 1690.3
1216800 1690.3
1216810 1695.3
1216820 1700.5
1216830 1700.5
1216840 1706.1
1216850 1711.3
1216860 1711.3
1216870 1716.0
1216880 1720.5
1216890 1720.5
1216900 1725.6
1216910 1732.1
1216920 1732.1
1216930 1734.9
1216940 1739.3
1216950 1743.5
1216960 1743.5
1216970 1748.7
1216980 1754.0
1216990 1754.0
1217000 1758.4
1217010 1761.4
1217020 1761.4
1217030 1764.0
1217040 1767.1
1217050 1767.1
1217060 1769.8
1217070 1772.8
1217080 1772.8
1217090 1777.6
1217100 1782.2
1217110 1782.2
1217120 1786.4
1217130 1790.8
1217140 1790.8
1217150 1795.0
1217160 1799.6
1217170 1799.6
1217180 1804.0
1217190 1808.8
1217200 1814.6
1217210 1814.6
1217220 1821.3
1217230 1827.7
1217240 1827.7
1217250 1833.7
1217260 1838.6
1217270 1838.6
1217280 1843.7
1217290 1849.8
1217300 1849.8
1217310 1857.2
1217320 1864.4
1217330 1864.4
1217340 1871.5
1217350 1877.7
1217360 1877.7
1217370 1883.0
1217380 1888.0
1217390 1888.0
1217400 1888.4
1217410 1893.3
1217420 1893.3
1217430 1899.1
1217440 1904.3
1217450 1909.3
1217460 1909.3
1217470 1914.5
1217480 1918.2
1217490 1918.2
1217500 1922.1
1217510 1926.9
1217520 1926.9
1217530 1932.5
1217540 1938.4
1217550 1938.4
1217560 1944.2
1217570 1949.0
1217580 1949.0
1217590 1953.1
1217600 1958.8
1217610 1958.8
1217620 1964.2
1217630 1969.9
1217640 1969.9
1217650 1976.9
1217660 1984.5
1217670 1984.5
1217680 1993.4
1217690 2003.1
1217700 2012.2
1217710 2012.2
1217720 2020.3
1217730 2027.4
1217740 2027.4
1217750 2033.2
1217760 2039.1
1217770 2039.1
1217780 2043.8
1217790 2047.5
1217800 2047.5
1217810 2052.6
1217820 2056.7
1217830 2056.7
1217840 2060.3
1217850 2063.3
1217860 2063.3
1217870 2066.1
1217880 2068.0
1217890 2068.0
1217900 2072.0
1217910 2075.3
1217920 2075.3
1217930 2078.0
1217940 2081.1
1217950 2084.8
1217960 2084.8
1217970 2088.4
1217980 2091.7
1217990 2091.7
1218000 2094.2
1218010 2097.3
1218020 2097.3
1218030 2101.5
1218040 2105.6
1218050 2105.6
1218060 2109.6
1218070 2113.9
1218080 2113.9
1218090 2118.3
1218100 2122.3
1218110 2122.3
1218120 2126.4
1218130 2130.4
1218140 2130.4
1218150 2133.9
1218160 2137.5
1218170 2137.5
1218180 2141.5
1218190 2147.3
1218200 2152.6
1218210 2152.6
1218220 2157.0
1218230 2161.7
1218240 2161.7
1218250 2166.6
1218260 2171.7
1218270 2171.7
1218280 2176.0
1218290 2180.3
1218300 2180.3
1218310 2184.7
1218320 2189.5
1218330 2189.5
1218340 2194.0
1218350 2198.9
1218360 2194.0
1218370 2198.7
1218380 2202.9
1218390 2202.9
1218400 2206.5
1218410 2209.9
1218420 2209.9
1218430 2213.4
1218440 2217.7
1218450 2224.3
1218460 2224.3
1218470 2231.7
1218480 2238.5
1218490 2238.5
1218500 2246.6
1218510 2253.6
1218520 2253.6
1218530 2258.1
1218540 2262.5
1218550 2262.5
1218560 2269.1
1218570 2277.3
1218580 2277.3
1218590 2285.6
1218600 2292.8
1218610 2292.8
1218620 2299.6
1218630 2311.7
1218640 2311.7
1218650 2322.6
1218660 2330.5
1218670 2339.8
1218680 2339.8
1218690 2350.5
1218700 2356.7
1218710 2356.7
1218720 2362.1
1218730 2368.2
1218740 2368.2
1218750 2371.8
1218760 2376.4
1218770 2376.4
1218780 2380.7
1218790 2378.3
1218800 2378.3
1218810 2373.3
1218820 2374.5
1218830 2374.5
1218840 2367.1
1218850 2368.1
1218860 2368.1
1218870 2371.0
1218880 2374.3
1218890 2374.3
1218900 2377.1
1218910 2380.5
1218920 2382.1
1218930 2382.1
1218940 2379.7
1218950 2380.1
1218960 2380.1
1218970 2391.0
1218980 2392.0
1218990 2392.0
1219000 2387.4
1219010 2389.9
1219020 2389.9
1219030 2393.2
1219040 2394.2
1219050 2394.2
1219060 2396.8
1219070 2401.6
1219080 2401.6
1219090 2406.3
1219100 2409.9
1219110 2409.9
1219120 2413.8
1219130 2418.7
1219140 2418.7
1219150 2421.8
1219160 2425.9
1219170 2429.7
1219180 2429.7
1219190 2433.0
1219200 2435.1
1219210 2435.1
1219220 2437.3
1219230 2437.5
1219240 2437.5
1219250 2438.1
1219260 2442.0
1219270 2442.0
1219280 2448.1
1219290 2454.3
1219300 2454.3
1219310 2452.1
1219320 2458.2
1219330 2458.2
1219340 2464.4
1219350 2470.2
1219360 2470.2
1219370 2475.9
1219380 2481.6
1219390 2481.6
1219400 2486.7
1219410 2490.7
1219420 2497.6
1219430 2497.6
1219440 2505.5
1219450 2512.7
1219460 2512.7
1219470 2521.2
1219480 2534.1
1219490 2534.1
1219500 2545.6
1219510 2553.9
1219520 2553.9
1219530 2560.2
1219540 2564.8
1219550 2564.8
1219560 2570.5
1219570 2582.2
1219580 2582.2
1219590 2595.1
1219600 2599.3
1219610 2599.3
1219620 2604.6
1219630 2612.0
1219640 2612.0
1219650 2618.8
1219660 2624.0
1219670 2631.5
1219680 2631.5
1219690 2641.3
1219700 2652.6
1219710 2652.6
1219720 2664.9
1219730 2675.8
1219740 2675.8
1219750 2682.9
1219760 2687.0
1219770 2687.0
1219780 2692.1
1219790 2695.1
1219800 2695.1
1219810 2706.4
1219820 2716.7
1219830 2716.7
1219840 2719.6
1219850 2708.0
1219860 2708.0
1219870 2680.7
1219880 2666.3
1219890 2666.3
1219900 2660.2
1219910 2655.6
1219920 2652.6
1219930 2652.6
1219940 2650.9
1219950 2656.3
1219960 2656.3
1219970 2660.5
1219980 2655.9
1219990 2655.9
1200000 1196.2
1200010 1196.2
1200020 1196.9
1200030 1197.2
1200040 1197.2
1200050 1198.2
1200060 1197.9
1200070 1197.9
1200080 1198.6
1200090 1198.8
1200100 1198.8
1200110 1197.9
1200120 1197.8
1200130 1197.3
1200140 1197.3
1200150 1195.2
1200160 1192.6
1200170 1192.6
1200180 1190.5
1200190 1188.2
1200200 1188.2
1200210 1186.5
1200220 1184.5
1200230 1184.5
1200240 1182.6
1200250 1181.7
1200260 1181.7
1200270 1180.8
1200280 1179.2
1200290 1179.2
1200300 1178.8
1200310 1178.9
1200320 1178.9
1200330 1178.1
1200340 1177.2
1200350 1177.2
1200360 1176.8
1200370 1176.6
1200380 1176.3
1200390 1176.3
1200400 1176.2
1200410 1176.4
1200420 1176.4
1200430 1178.6
1200440 1178.7
1200450 1178.7
1200460 1176.7
1200470 1174.9
1200480 1174.9
1200490 1173.9
1200500 1173.8
1200510 1173.8
1200520 1174.0
1200530 1173.9
1200540 1173.9
1200550 1173.8
1200560 1173.6
1200570 1173.6
1200580 1172.9
1200590 1171.7
1200600 1171.7
1200610 1171.1
1200620 1170.8
1200630 1171.0
1200640 1171.0
1200650 1171.4
1200660 1171.7
1200670 1171.7
1200680 1171.3
1200690 1170.9
1200700 1170.9
1200710 1170.3
1200720 1169.9
1200730 1169.9
1200740 1169.9
1200750 1169.8
1200760 1169.8
1200770 1169.1
1200780 1168.7
1200790 1169.8
1200800 1169.5
1200810 1169.0
1200820 1169.0
1200830 1169.0
1200840 1169.3
1200850 1169.3
1200860 1169.4
1200870 1170.6
1200880 1172.6
1200890 1172.6
1200900 1173.5
1200910 1173.2
1200920 1173.2
1200930 1172.9
1200940 1172.2
1200950 1172.2
1200960 1171.3
1200970 1173.9
1200980 1173.9
1200990 1176.6
1201000 1178.6
1201010 1178.6
1201020 1179.2
1201030 1178.2
1201040 1178.2
1201050 1177.2
1201060 1177.2
1201070 1177.2
1201080 1176.8
1201090 1175.9
1201100 1175.9
1201110 1175.8
1201120 1176.0
1201130 1176.2
1201140 1176.2
1201150 1176.3
1201160 1174.9
1201170 1174.9
1201180 1168.9
1201190 1162.0
1201200 1162.0
1201210 1154.9
1201220 1147.2
1201230 1147.2
1201240 1141.1
1201250 1132.1
1201260 1132.1
1201270 1124.4
1201280 1119.5
1201290 1119.5
1201300 1115.9
1201310 1114.0
1201320 1114.0
1201330 1112.4
1201340 1111.0
1201350 1111.0
1201360 1107.4
1201370 1102.7
1201380 1097.9
1201390 1097.9
1201400 1093.2
1201410 1090.0
1201420 1090.0
1201430 1086.1
1201440 1082.6
1201450 1082.6
1201460 1082.1
1201470 1082.0
1201480 1082.0
1201490 1082.7
1201500 1085.2
1201510 1085.2
1201520 1089.3
1201530 1095.7
1201540 1095.7
1201550 1101.9
1201560 1108.4
1201570 1108.4
1201580 1116.3
1201590 1125.1
1201600 1125.1
1201610 1131.9
1201620 1138.4
1201630 1144.6
1201640 1144.6
1201650 1150.0
1201660 1155.0
1201670 1155.0
1201680 1160.3
1201690 1167.6
1201700 1167.6
1201710 1176.2
1201720 1184.8
1201730 1184.8
1201740 1191.5
1201750 1199.2
1201760 1199.2
1201770 1208.9
1201780 1219.4
1201790 1219.4
1201800 1227.9
1201810 1234.8
1201820 1234.8
1201830 1240.3
1201840 1245.1
1201850 1247.7
1201860 1247.7
1201870 1248.5
1201880 1250.8
1201890 1250.8
1201900 1253.8
1201910 1256.8
1201920 1256.8
1201930 1259.8
1201940 1262.6
1201950 1262.6
1201960 1264.9
1201970 1265.6
1201980 1265.6
1201990 1264.4
1202000 1263.5
1202010 1263.5
1202020 1264.3
1202030 1267.0
1202040 1267.0
1202050 1269.6
1202060 1271.6
1202070 1271.6
1202080 1272.6
1202090 1273.1
1202100 1273.8
1202110 1273.8
1202120 1273.9
1202130 1274.0
1202140 1278.1
1202150 1278.1
1202160 1277.9
1202170 1277.9
1202180 1278.2
1202190 1278.2
1202200 1278.2
1202210 1278.4
1202220 1278.9
1202230 1278.9
1202240 1279.6
1202250 1280.0
1202260 1280.0
1202270 1280.1
1202280 1280.2
1202290 1280.2
1202300 1280.7
1202310 1281.7
1202320 1281.7
1202330 1283.6
1202340 1287.1
1202350 1290.7
1202360 1290.7
1202370 1294.5
1202380 1296.1
1202390 1296.1
1202400 1295.9
1202410 1296.8
1202420 1296.8
1202430 1297.1
1202440 1295.6
1202450 1295.6
1202460 1295.5
1202470 1297.1
1202480 1297.1
1202490 1298.2
1202500 1298.3
1202510 1298.3
1202520 1298.9
1202530 1300.5
1202540 1300.5
1202550 1302.0
1202560 1303.3
1202570 1303.3
1202580 1304.4
1202590 1308.8
1202600 1310.1
1202610 1310.1
1202620 1311.6
1202630 1313.6
1202640 1313.6
1202650 1314.3
1202660 1315.0
1202670 1315.0
1202680 1316.9
1202690 1318.5
1202700 1318.5
1202710 1319.7
1202720 1320.5
1202730 1320.5
1202740 1321.2
1202750 1322.1
1202760 1322.1
1202770 1323.1
1202780 1324.2
1202790 1324.2
1202800 1324.9
1202810 1326.2
1202820 1326.2
1202830 1326.5
1202840 1325.5
1202850 1326.0
1202860 1326.0
1202870 1327.7
1202880 1330.2
1202890 1330.2
1202900 1330.9
1202910 1331.2
1202920 1331.2
1202930 1326.4
1202940 1319.4
1202950 1319.4
1202960 1316.4
1202970 1316.1
1202980 1316.1
1202990 1318.7
1203000 1321.1
1203010 1321.1
1203020 1316.7
1203030 1312.1
1203040 1319.2
1203050 1315.6
1203060 1314.9
1203070 1314.9
1203080 1314.3
1203090 1315.8
1203100 1317.6
1203110 1317.6
1203120 1319.2
1203130 1320.1
1203140 1320.1
1203150 1320.1
1203160 1319.4
1203170 1319.4
1203180 1318.4
1203190 1315.0
1203200 1315.0
1203210 1310.5
1203220 1305.0
1203230 1305.0
1203240 1299.4
1203250 1292.8
1203260 1292.8
1203270 1284.6
1203280 1277.8
1203290 1277.8
1203300 1272.6
1203310 1267.6
1203320 1267.6
1203330 1261.9
1203340 1255.6
1203350 1248.7
1203360 1248.7
1203370 1242.9
1203380 1238.9
1203390 1238.9
1203400 1235.2
1203410 1232.0
1203420 1232.0
1203430 1231.5
1203440 1233.9
1203450 1233.9
1203460 1235.2
1203470 1238.2
1203480 1238.2
1203490 1240.6
1203500 1242.5
1203510 1242.5
1203520 1243.1
1203530 1237.4
1203540 1237.4
1203550 1229.9
1203560 1221.6
1203570 1221.6
1203580 1213.6
1203590 1208.0
1203600 1204.9
1203610 1204.9
1203620 1199.9
1203630 1191.9
1203640 1191.9
1203650 1183.3
1203660 1173.7
1203670 1173.7
1203680 1164.6
1203690 1162.6
1203700 1162.6
1203710 1170.7
1203720 1182.4
1203730 1182.4
1203740 1195.3
1203750 1206.5
1203760 1206.5
1203770 1215.8
1203780 1226.1
1203790 1226.1
1203800 1235.6
1203810 1243.9
1203820 1243.9
1203830 1253.7
1203840 1262.6
1203850 1268.1
1203860 1268.1
1203870 1273.2
1203880 1278.8
1203890 1278.8
1203900 1284.9
1203910 1292.4
1203920 1292.4
1203930 1298.6
1203940 1306.1
1203950 1302.0
1203960 1308.9
1203970 1315.5
1203980 1315.5
1203990 1322.7
1204000 1329.5
1204010 1329.5
1204020 1335.1
1204030 1339.8
1204040 1339.8
1204050 1345.5
1204060 1351.7
1204070 1351.7
1204080 1358.6
1204090 1365.8
1204100 1375.3
1204110 1375.3
1204120 1385.3
1204130 1392.6
1204140 1392.6
1204150 1399.0
1204160 1405.3
1204170 1405.3
1204180 1410.7
1204190 1416.0
1204200 1416.0
1204210 1421.5
1204220 1424.9
1204230 1424.9
1204240 1427.0
1204250 1429.2
1204260 1429.2
1204270 1432.3
1204280 1435.3
1204290 1435.3
1204300 1438.2
1204310 1440.8
1204320 1440.8
1204330 1443.2
1204340 1445.8
1204350 1449.3
1204360 1449.3
1204370 1453.5
1204380 1456.3
1204390 1456.3
1204400 1461.4
1204410 1465.3
1204420 1465.3
1204430 1469.4
1204440 1472.5
1204450 1472.5
1204460 1475.7
1204470 1479.0
1204480 1479.0
1204490 1482.5
1204500 1486.0
1204510 1486.0
1204520 1488.8
1204530 1491.3
1204540 1491.3
1204550 1493.9
1204560 1496.5
1204570 1496.5
1204580 1499.0
1204590 1502.3
1204600 1505.7
1204610 1505.7
1204620 1509.0
1204630 1511.9
1204640 1511.9
1204650 1515.3
1204660 1519.8
1204670 1519.8
1204680 1524.1
1204690 1526.7
1204700 1526.7
1204710 1528.6
1204720 1534.0
1204730 1534.0
1204740 1537.0
1204750 1535.5
1204760 1535.5
1204770 1535.5
1204780 1537.2
1204790 1537.2
1204800 1538.8
1204810 1540.4
1204820 1540.4
1204830 1541.8
1204840 1543.3
1204850 1551.5
1204860 1551.5
1204870 1553.5
1204880 1555.7
1204890 1555.7
1204900 1558.2
1204910 1560.5
1204920 1560.5
1204930 1562.5
1204940 1564.0
1204950 1564.0
1204960 1565.1
1204970 1566.1
1204980 1566.1
1204990 1566.5
1205000 1566.7
1205010 1566.7
1205020 1567.5
1205030 1568.7
1205040 1568.7
1205050 1570.1
1205060 1571.9
1205070 1574.6
1205080 1574.6
1205090 1577.4
1205100 1578.9
1205110 1578.9
1205120 1579.4
1205130 1579.7
1205140 1579.7
1205150 1580.7
1205160 1581.8
1205170 1581.8
1205180 1581.8
1205190 1582.0
1205200 1582.0
1205210 1582.5
1205220 1582.3
1205230 1582.3
1205240 1581.9
1205250 1581.0
1205260 1581.0
1205270 1580.4
1205280 1580.0
1205290 1580.0
1205300 1579.5
1205310 1581.9
1205320 1580.4
1205330 1580.4
1205340 1579.0
1205350 1578.3
1205360 1578.3
1205370 1577.6
1205380 1577.3
1205390 1577.3
1205400 1577.1
1205410 1577.0
1205420 1577.0
1205430 1577.0
1205440 1576.9
1205450 1576.9
1205460 1576.4
1205470 1575.7
1205480 1575.7
1205490 1574.9
1205500 1574.1
1205510 1574.1
1205520 1573.6
1205530 1573.5
1205540 1573.5
1205550 1573.6
1205560 1573.3
1205570 1572.9
1205580 1572.9
1205590 1572.6
1205600 1572.1
1205610 1572.1
1205620 1571.7
1205630 1571.0
1205640 1571.0
1205650 1568.2
1205660 1567.0
1205670 1567.0
1205680 1570.3
1205690 1573.7
1205700 1573.7
1205710 1570.8
1205720 1565.4
1205730 1565.4
1205740 1560.5
1205750 1555.7
1205760 1555.7
1205770 1551.0
1205780 1542.2
1205790 1542.2
1205800 1532.5
1205810 1522.9
1205820 1513.6
1205830 1513.6
1205840 1505.1
1205850 1497.0
1205860 1497.0
1205870 1488.9
1205880 1481.7
1205890 1481.7
1205900 1475.2
1205910 1467.8
1205920 1467.8
1205930 1459.3
1205940 1449.3
1205950 1449.3
1205960 1437.6
1205970 1426.3
1205980 1426.3
1205990 1423.6
1206000 1428.4
1206010 1428.4
1206020 1434.7
1206030 1440.8
1206040 1440.8
1206050 1447.9
1206060 1454.3
1206070 1460.3
1206080 1460.3
1206090 1466.3
1206100 1472.4
1206110 1472.4
1206120 1478.5
1206130 1485.1
1206140 1485.1
1206150 1492.0
1206160 1499.3
1206170 1499.3
1206180 1506.2
1206190 1513.8
1206200 1513.8
1206210 1521.4
1206220 1532.8
1206230 1532.8
1206240 1540.3
1206250 1547.4
1206260 1547.4
1206270 1554.8
1206280 1562.0
1206290 1562.0
1206300 1569.4
1206310 1577.1
1206320 1583.5
1206330 1583.5
1206340 1589.2
1206350 1595.0
1206360 1595.0
1206370 1601.5
1206380 1607.8
1206390 1607.8
1206400 1614.1
1206410 1620.3
1206420 1620.3
1206430 1627.1
1206440 1631.9
1206450 1631.9
1206460 1636.3
1206470 1638.9
1206480 1638.9
1206490 1640.7
1206500 1642.2
1206510 1642.2
1206520 1642.5
1206530 1644.5
1206540 1644.5
1206550 1647.2
1206560 1650.5
1206570 1654.3
1206580 1654.3
1206590 1658.8
1206600 1664.0
1206610 1664.0
1206620 1670.6
1206630 1677.1
1206640 1677.1
1206650 1683.3
1206660 1690.3
1206670 1690.3
1206680 1696.7
1206690 1702.6
1206700 1702.6
1206710 1707.3
1206720 1710.3
1206730 1710.3
1206740 1705.8
1206750 1690.1
1206760 1690.1
1206770 1677.2
1206780 1665.8
1206790 1665.8
1206800 1655.2
1206810 1646.0
1206820 1636.5
1206830 1636.5
1206840 1626.8
1206850 1617.6
1206860 1617.6
1206870 1610.2
1206880 1603.2
1206890 1603.2
1206900 1595.4
1206910 1587.3
1206920 1587.3
1206930 1579.0
1206940 1568.9
1206950 1568.9
1206960 1559.3
1206970 1550.7
1206980 1550.7
1206990 1542.9
1207000 1536.1
1207010 1536.1
1207020 1529.1
1207030 1522.0
1207040 1522.0
1207050 1515.9
1207060 1513.0
1207070 1510.6
1207080 1510.6
1207090 1505.5
1207100 1506.8
1207110 1506.8
1207120 1507.8
1207130 1510.5
1207140 1517.3
1207150 1521.6
1207160 1527.4
1207170 1527.4
1207180 1533.6
1207190 1529.6
1207200 1529.6
1207210 1520.6
1207220 1513.3
1207230 1513.3
1207240 1507.6
1207250 1503.1
1207260 1503.1
1207270 1505.2
1207280 1510.7
1207290 1510.7
1207300 1515.3
1207310 1518.5
1207320 1522.7
1207330 1522.7
1207340 1529.6
1207350 1536.8
1207360 1536.8
1207370 1544.9
1207380 1554.9
1207390 1554.9
1207400 1562.2
1207410 1562.7
1207420 1562.7
1207430 1556.7
1207440 1547.9
1207450 1547.9
1207460 1538.7
1207470 1529.4
1207480 1529.4
1207490 1520.1
1207500 1511.7
1207510 1511.7
1207520 1504.7
1207530 1500.0
1207540 1500.0
1207550 1497.3
1207560 1495.2
1207570 1494.3
1207580 1494.3
1207590 1493.5
1207600 1500.1
1207610 1500.1
1207620 1500.0
1207630 1499.3
1207640 1499.3
1207650 1498.0
1207660 1498.1
1207670 1498.1
1207680 1494.3
1207690 1493.6
1207700 1493.6
1207710 1499.1
1207720 1506.3
1207730 1506.3
1207740 1507.8
1207750 1504.8
1207760 1504.8
1207770 1503.0
1207780 1503.6
1207790 1503.6
1207800 1504.6
1207810 1505.7
1207820 1506.1
1207830 1506.1
1207840 1505.3
1207850 1505.9
1207860 1505.9
1207870 1508.2
1207880 1511.0
1207890 1511.0
1207900 1514.8
1207910 1519.4
1207920 1519.4
1207930 1525.3
1207940 1533.1
1207950 1533.1
1207960 1540.5
1207970 1547.3
1207980 1547.3
1207990 1550.7
1208000 1548.5
1208010 1548.5
1208020 1544.4
1208030 1539.1
1208040 1539.1
1208050 1532.3
1208060 1535.8
1208070 1534.6
1208080 1534.6
1208090 1532.9
1208100 1531.0
1208110 1531.0
1208120 1527.2
1208130 1522.0
1208140 1522.0
1208150 1516.9
1208160 1510.8
1208170 1510.8
1208180 1505.1
1208190 1501.4
1208200 1501.4
1208210 1496.7
1208220 1492.1
1208230 1492.1
1208240 1487.6
1208250 1482.7
1208260 1482.7
1208270 1477.5
1208280 1472.3
1208290 1467.1
1208300 1467.1
1208310 1460.3
1208320 1447.6
1208330 1447.6
1208340 1435.4
1208350 1430.5
1208360 1430.5
1208370 1431.6
1208380 1435.2
1208390 1435.2
1208400 1433.4
1208410 1430.2
1208420 1430.2
1208430 1427.9
1208440 1423.8
1208450 1423.8
1208460 1418.9
1208470 1415.4
1208480 1415.4
1208490 1412.2
1208500 1407.5
1208510 1407.5
1208520 1409.0
1208530 1404.0
1208540 1398.2
1208550 1398.2
1208560 1391.7
1208570 1386.7
1208580 1386.7
1208590 1381.6
1208600 1376.9
1208610 1376.9
1208620 1371.7
1208630 1367.2
1208640 1367.2
1208650 1362.7
1208660 1361.2
1208670 1361.2
1208680 1358.4
1208690 1351.5
1208700 1351.5
1208710 1345.7
1208720 1339.4
1208730 1339.4
1208740 1332.2
1208750 1327.6
1208760 1327.6
1208770 1324.0
1208780 1322.2
1208790 1319.7
1208800 1319.7
1208810 1317.7
1208820 1313.9
1208830 1313.9
1208840 1310.2
1208850 1307.5
1208860 1307.5
1208870 1304.4
1208880 1301.0
1208890 1301.0
1208900 1298.3
1208910 1295.6
1208920 1295.6
1208930 1292.9
1208940 1289.6
1208950 1289.6
1208960 1288.1
1208970 1286.1
1208980 1293.2
1208990 1290.9
1209000 1288.7
1209010 1288.7
1209020 1286.0
1209030 1283.5
1209040 1279.1
1209050 1279.1
1209060 1268.4
1209070 1254.2
1209080 1254.2
1209090 1240.9
1209100 1226.1
1209110 1226.1
1209120 1210.7
1209130 1195.7
1209140 1195.7
1209150 1185.2
1209160 1175.4
1209170 1175.4
1209180 1164.7
1209190 1154.5
1209200 1154.5
1209210 1141.1
1209220 1127.6
1209230 1127.6
1209240 1114.2
1209250 1103.4
1209260 1103.4
1209270 1097.1
1209280 1093.3
1209290 1090.5
1209300 1090.5
1209310 1086.9
1209320 1086.6
1209330 1086.6
1209340 1086.8
1209350 1087.1
1209360 1087.1
1209370 1087.7
1209380 1085.4
1209390 1085.4
1209400 1082.5
1209410 1080.7
1209420 1080.7
1209430 1081.7
1209440 1094.0
1209450 1094.0
1209460 1101.7
1209470 1105.7
1209480 1105.7
1209490 1105.8
1209500 1106.7
1209510 1106.7
1209520 1108.5
1209530 1112.5
1209540 1114.9
1209550 1114.9
1209560 1112.9
1209570 1109.8
1209580 1109.8
1209590 1106.3
1209600 1103.3
1209610 1103.3
1209620 1101.2
1209630 1099.5
1209640 1099.5
1209650 1099.3
1209660 1098.9
1209670 1098.9
1209680 1097.0
1209690 1094.3
1209700 1094.3
1209710 1091.4
1209720 1086.7
1209730 1086.7
1209740 1081.3
1209750 1075.1
1209760 1075.1
1209770 1069.0
1209780 1065.0
1209790 1062.2
1209800 1062.2
1209810 1060.7
1209820 1058.9
1209830 1058.9
1209840 1055.0
1209850 1051.1
1209860 1051.1
1209870 1049.7
1209880 1051.5
1209890 1051.5
1209900 1058.7
1209910 1061.3
1209920 1061.3
1209930 1063.6
1209940 1064.3
1209950 1064.3
1209960 1064.8
1209970 1065.5
1209980 1065.5
1209990 1065.9
1210000 1064.9
1210010 1064.9
1210020 1063.0
1210030 1061.7
1210040 1061.3
1210050 1061.3
1210060 1061.2
1210070 1059.9
1210080 1059.9
1210090 1057.4
1210100 1055.0
1210110 1055.0
1210120 1052.4
1210130 1050.3
1210140 1050.3
1210150 1048.4
1210160 1047.2
1210170 1047.2
1210180 1045.5
1210190 1043.9
1210200 1043.9
1210210 1042.7
1210220 1042.1
1210230 1042.1
1210240 1042.6
1210250 1042.2
1210260 1042.2
1210270 1040.6
1210280 1039.2
1210290 1039.6
1210300 1039.6
1210310 1039.8
1210320 1039.9
1210330 1039.9
1210340 1039.3
1210350 1038.8
1210360 1040.7
1210370 1040.2
1210380 1040.4
1210390 1040.4
1210400 1040.0
1210410 1039.5
1210420 1039.5
1210430 1038.7
1210440 1037.8
1210450 1037.8
1210460 1036.8
1210470 1035.8
1210480 1035.8
1210490 1035.1
1210500 1034.2
1210510 1034.2
1210520 1033.7
1210530 1033.0
1210540 1031.8
1210550 1031.8
1210560 1030.4
1210570 1028.5
1210580 1028.5
1210590 1026.5
1210600 1024.5
1210610 1024.5
1210620 1022.4
1210630 1020.0
1210640 1020.0
1210650 1017.9
1210660 1015.9
1210670 1015.9
1210680 1014.4
1210690 1012.8
1210700 1012.8
1210710 1010.9
1210720 1009.0
1210730 1009.0
1210740 1006.5
1210750 1003.9
1210760 1003.9
1210770 1000.4
1210780 996.0
1210790 991.5
1210800 991.5
1210810 988.2
1210820 986.0
1210830 989.3
1210840 988.3
1210850 986.1
1210860 986.1
1210870 985.1
1210880 985.2
1210890 985.2
1210900 986.8
1210910 989.8
1210920 989.8
1210930 989.2
1210940 985.9
1210950 985.9
1210960 984.6
1210970 982.4
1210980 982.4
1210990 980.2
1211000 978.0
1211010 978.0
1211020 973.4
1211030 970.5
1211040 966.6
1211050 966.6
1211060 962.1
1211070 958.9
1211080 958.9
1211090 957.0
1211100 956.1
1211110 956.1
1211120 955.4
1211130 954.9
1211140 954.9
1211150 954.4
1211160 953.7
1211170 953.7
1211180 952.9
1211190 952.7
1211200 952.7
1211210 954.0
1211220 958.2
1211230 958.2
1211240 964.5
1211250 968.0
1211260 968.0
1211270 970.3
1211280 972.3
1211290 973.5
1211300 973.5
1211310 973.9
1211320 971.4
1211330 971.4
1211340 968.8
1211350 971.1
1211360 971.1
1211370 974.9
1211380 976.5
1211390 976.5
1211400 979.0
1211410 984.5
1211420 984.5
1211430 988.0
1211440 990.0
1211450 990.0
1211460 991.7
1211470 992.2
1211480 992.2
1211490 990.5
1211500 988.7
1211510 987.3
1211520 987.3
1211530 985.7
1211540 983.0
1211550 983.0
1211560 980.2
1211570 978.0
1211580 978.0
1211590 974.3
1211600 970.5
1211610 970.5
1211620 962.5
1211630 949.2
1211640 949.2
1211650 932.1
1211660 926.3
1211670 926.3
1211680 921.1
1211690 917.1
1211700 917.1
1211710 915.3
1211720 914.8
1211730 914.8
1211740 913.9
1211750 913.1
1211760 912.8
1211770 912.8
1211780 912.7
1211790 912.7
1211800 912.7
1211810 912.7
1211820 912.7
1211830 912.7
1211840 912.7
1211850 912.7
1211860 912.7
1211870 912.7
1211880 912.7
1211890 912.7
1211900 912.7
1211910 912.7
1211920 912.7
1211930 912.7
1211940 912.8
1211950 912.8
1211960 913.7
1211970 916.8
1211980 916.8
1211990 921.4
1212000 926.0
1212010 928.9
1212020 928.9
1212030 930.9
1212040 936.1
1212050 936.1
1212060 942.2
1212070 948.1
1212080 948.1
1212090 955.0
1212100 961.7
1212110 961.7
1212120 966.8
1212130 970.6
1212140 970.6
1212150 972.4
1212160 976.1
1212170 976.1
1212180 981.4
1212190 987.5
1212200 987.5
1212210 990.8
1212220 991.6
1212230 991.6
1212240 992.8
1212250 995.2
1212260 996.6
1212270 996.6
1212280 996.3
1212290 995.6
1212300 995.6
1212310 997.1
1212320 996.8
1212330 996.8
1212340 995.7
1212350 997.4
1212360 997.4
1212370 1001.3
1212380 1005.0
1212390 1005.0
1212400 1008.6
1212410 1012.3
1212420 1012.3
1212430 1016.2
1212440 1018.2
1212450 1018.2
1212460 1018.9
1212470 1019.8
1212480 1019.8
1212490 1021.6
1212500 1024.9
1212510 1025.1
1212520 1025.1
1212530 1025.2
1212540 1026.0
1212550 1026.0
1212560 1027.6
1212570 1029.3
1212580 1029.3
1212590 1030.3
1212600 1030.0
1212610 1030.0
1212620 1028.0
1212630 1025.6
1212640 1025.6
1212650 1022.4
1212660 1017.8
1212670 1017.8
1212680 1012.7
1212690 1013.8
1212700 1013.8
1212710 1008.1
1212720 1006.0
1212730 1006.0
1212740 1009.1
1212750 1011.8
1212760 1010.3
1212770 1010.3
1212780 1007.4
1212790 1005.5
1212800 1005.5
1212810 1004.5
1212820 1002.2
1212830 1002.2
1212840 998.8
1212850 996.4
1212860 996.4
1212870 992.8
1212880 986.1
1212890 986.1
1212900 980.4
1212910 973.6
1212920 973.6
1212930 962.7
1212940 950.5
1212950 950.5
1212960 938.0
1212970 929.4
1212980 929.4
1212990 924.9
1213000 922.3
1213010 922.7
1213020 922.7
1213030 923.1
1213040 922.5
1213050 922.5
1213060 920.1
1213070 912.6
1213080 912.6
1213090 902.5
1213100 898.3
1213110 898.3
1213120 895.3
1213130 892.0
1213140 892.0
1213150 888.2
1213160 887.3
1213170 887.3
1213180 882.2
1213190 879.4
1213200 879.4
1213210 879.3
1213220 876.2
1213230 876.2
1213240 871.0
1213250 866.6
1213260 861.4
1213270 861.4
1213280 856.1
1213290 850.8
1213300 850.8
1213310 846.7
1213320 843.2
1213330 843.2
1213340 840.6
1213350 836.5
1213360 836.5
1213370 831.4
1213380 828.5
1213390 828.5
1213400 823.8
1213410 820.3
1213420 820.3
1213430 814.8
1213440 806.4
1213450 806.4
1213460 802.0
1213470 799.5
1213480 799.5
1213490 798.7
1213500 798.0
1213510 797.4
1213520 797.4
1213530 796.1
1213540 792.8
1213550 792.8
1213560 790.0
1213570 789.1
1213580 789.1
1213590 788.8
1213600 789.1
1213610 789.1
1213620 789.5
1213630 789.9
1213640 789.9
1213650 789.1
1213660 786.3
1213670 786.3
1213680 786.0
1213690 786.0
1213700 786.0
1213710 788.4
1213720 791.7
1213730 791.7
1213740 792.4
1213750 793.5
1213760 794.5
1213770 794.5
1213780 795.6
1213790 796.3
1213800 796.3
1213810 797.1
1213820 798.1
1213830 798.1
1213840 798.9
1213850 799.7
1213860 799.7
1213870 800.6
1213880 801.3
1213890 801.3
1213900 801.8
1213910 802.6
1213920 802.6
1213930 803.2
1213940 803.8
1213950 803.8
1213960 804.3
1213970 805.1
1213980 805.1
1213990 805.9
1214000 806.6
1214010 807.9
1214020 807.9
1214030 810.0
1214040 811.9
1214050 811.9
1214060 811.6
1214070 811.0
1214080 811.0
1214090 811.3
1214100 811.2
1214110 811.2
1214120 811.7
1214130 812.2
1214140 812.2
1214150 812.8
1214160 813.3
1214170 813.3
1214180 813.7
1214190 814.2
1214200 814.2
1214210 814.9
1214220 815.5
1214230 816.0
1214240 816.0
1214250 816.6
1214260 817.3
1214270 817.3
1214280 818.1
1214290 818.7
1214300 818.7
1214310 819.0
1214320 819.2
1214330 819.2
1214340 819.3
1214350 819.4
1214360 819.4
1214370 819.6
1214380 820.4
1214390 820.4
1214400 824.4
1214410 830.5
1214420 830.5
1214430 836.9
1214440 844.6
1214450 844.6
1214460 854.4
1214470 862.5
1214480 871.4
1214490 871.4
1214500 880.0
1214510 888.3
1214520 888.3
1214530 900.5
1214540 919.4
1214550 919.4
1214560 932.1
1214570 942.6
1214580 942.6
1214590 949.9
1214600 956.9
1214610 956.9
1214620 963.1
1214630 969.0
1214640 969.0
1214650 974.2
1214660 978.9
1214670 978.9
1214680 984.8
1214690 991.6
1214700 991.6
1214710 998.3
1214720 1004.1
1214730 1009.7
1214740 1009.7
1214750 1014.5
1214760 1018.5
1214770 1018.5
1214780 1021.8
1214790 1026.5
1214800 1026.5
1214810 1031.3
1214820 1036.5
1214830 1036.5
1214840 1041.9
1214850 1047.8
1214860 1047.8
1214870 1053.8
1214880 1059.2
1214890 1059.2
1214900 1065.2
1214910 1071.5
1214920 1071.5
1214930 1077.2
1214940 1083.1
1214950 1083.1
1214960 1088.3
1214970 1093.4
1214980 1098.1
1214990 1098.1
1215000 1103.3
1215010 1108.8
1215020 1108.8
1215030 1114.8
1215040 1119.2
1215050 1119.2
1215060 1124.3
1215070 1129.8
1215080 1129.8
1215090 1135.7
1215100 1141.2
1215110 1141.2
1215120 1147.2
1215130 1153.8
1215140 1153.8
1215150 1160.7
1215160 1167.7
1215170 1167.7
1215180 1174.8
1215190 1181.9
1215200 1181.9
1215210 1187.8
1215220 1194.4
1215230 1201.5
1215240 1201.5
1215250 1209.4
1215260 1217.6
1215270 1217.6
1215280 1225.7
1215290 1234.5
1215300 1234.5
1215310 1242.9
1215320 1249.4
1215330 1249.4
1215340 1252.6
1215350 1254.6
1215360 1254.6
1215370 1257.6
1215380 1261.4
1215390 1261.4
1215400 1265.2
1215410 1268.1
1215420 1268.1
1215430 1271.6
1215440 1276.1
1215450 1276.1
1215460 1282.1
1215470 1286.2
1215480 1291.2
1215490 1291.2
1215500 1297.1
1215510 1302.6
1215520 1302.6
1215530 1307.1
1215540 1311.8
1215550 1311.8
1215560 1313.6
1215570 1311.1
1215580 1311.1
1215590 1307.1
1215600 1305.3
1215610 1305.3
1215620 1306.1
1215630 1306.8
1215640 1306.8
1215650 1308.3
1215660 1311.3
1215670 1311.3
1215680 1315.3
1215690 1320.7
1215700 1320.7
1215710 1326.5
1215720 1332.9
1215730 1337.7
1215740 1337.7
1215750 1339.1
1215760 1340.4
1215770 1340.4
1215780 1342.7
1215790 1343.6
1215800 1343.6
1215810 1342.2
1215820 1340.7
1215830 1340.7
1215840 1343.0
1215850 1347.4
1215860 1347.4
1215870 1350.7
1215880 1357.5
1215890 1357.5
1215900 1365.9
1215910 1373.7
1215920 1373.7
1215930 1380.8
1215940 1387.5
1215950 1387.5
1215960 1393.2
1215970 1398.6
1215980 1398.5
1215990 1398.5
1216000 1405.5
1216010 1413.4
1216020 1413.4
1216030 1418.9
1216040 1424.5
1216050 1424.5
1216060 1429.5
1216070 1433.2
1216080 1433.2
1216090 1432.6
1216100 1433.8
1216110 1433.8
1216120 1437.7
1216130 1443.9
1216140 1443.9
1216150 1451.0
1216160 1458.4
1216170 1458.4
1216180 1465.9
1216190 1471.8
1216200 1471.8
1216210 1477.3
1216220 1481.2
1216230 1483.3
1216240 1483.3
1216250 1488.4
1216260 1493.4
1216270 1493.4
1216280 1498.3
1216290 1503.0
1216300 1503.0
1216310 1508.3
1216320 1516.2
1216330 1516.2
1216340 1523.6
1216350 1527.6
1216360 1527.6
1216370 1531.1
1216380 1531.5
1216390 1531.5
1216400 1531.3
1216410 1532.0
1216420 1532.0
1216430 1535.4
1216440 1541.1
1216450 1547.9
1216460 1542.0
1216470 1545.6
1216480 1548.0
1216490 1548.0
1216500 1552.6
1216510 1557.7
1216520 1557.7
1216530 1563.9
1216540 1571.6
1216550 1571.6
1216560 1578.3
1216570 1584.0
1216580 1584.0
1216590 1592.3
1216600 1601.0
1216610 1601.0
1216620 1608.6
1216630 1617.1
1216640 1617.1
1216650 1625.5
1216660 1633.1
1216670 1633.1
1216680 1639.0
1216690 1643.1
1216700 1647.4
1216710 1647.4
1216720 1652.0
1216730 1658.6
1216740 1658.6
1216750 1667.6
1216760 1677.0
1216770 1677.0
1216780 1684.8
1216790 1690.3
1216800 1690.3
1216810 1695.3
1216820 1700.5
1216830 1700.5
1216840 1706.1
1216850 1711.3
1216860 1711.3
1216870 1716.0
1216880 1720.5
1216890 1720.5
1216900 1725.6
1216910 1732.1
1216920 1732.1
1216930 1734.9
1216940 1739.3
1216950 1743.5
1216960 1743.5
1216970 1748.7
1216980 1754.0
1216990 1754.0
1217000 1758.4
1217010 1761.4
1217020 1761.4
1217030 1764.0
1217040 1767.1
1217050 1767.1
1217060 1769.8
1217070 1772.8
1217080 1772.8
1217090 1777.6
1217100 1782.2
1217110 1782.2
1217120 1786.4
1217130 1790.8
1217140 1790.8
1217150 1795.0
1217160 1799.6
1217170 1799.6
1217180 1804.0
1217190 1808.8
1217200 1814.6
1217210 1814.6
1217220 1821.3
1217230 1827.7
1217240 1827.7
1217250 1833.7
1217260 1838.6
1217270 1838.6
1217280 1843.7
1217290 1849.8
1217300 1849.8
1217310 1857.2
1217320 1864.4
1217330 1864.4
1217340 1871.5
1217350 1877.7
1217360 1877.7
1217370 1883.0
1217380 1888.0
1217390 1888.0
1217400 1888.4
1217410 1893.3
1217420 1893.3
1217430 1899.1
1217440 1904.3
1217450 1909.3
1217460 1909.3
1217470 1914.5
1217480 1918.2
1217490 1918.2
1217500 1922.1
1217510 1926.9
1217520 1926.9
1217530 1932.5
1217540 1938.4
1217550 1938.4
1217560 1944.2
1217570 1949.0
1217580 1949.0
1217590 1953.1
1217600 1958.8
1217610 1958.8
1217620 1964.2
1217630 1969.9
1217640 1969.9
1217650 1976.9
1217660 1984.5
1217670 1984.5
1217680 1993.4
1217690 2003.1
1217700 2012.2
1217710 2012.2
1217720 2020.3
1217730 2027.4
1217740 2027.4
1217750 2033.2
1217760 2039.1
1217770 2039.1
1217780 2043.8
1217790 2047.5
1217800 2047.5
1217810 2052.6
1217820 2056.7
1217830 2056.7
1217840 2060.3
1217850 2063.3
1217860 2063.3
1217870 2066.1
1217880 2068.0
1217890 2068.0
1217900 2072.0
1217910 2075.3
1217920 2075.3
1217930 2078.0
1217940 2081.1
1217950 2084.8
1217960 2084.8
1217970 2088.4
1217980 2091.7
1217990 2091.7
1218000 2094.2
1218010 2097.3
1218020 2097.3
1218030 2101.5
1218040 2105.6
1218050 2105.6
1218060 2109.6
1218070 2113.9
1218080 2113.9
1218090 2118.3
1218100 2122.3
1218110 2122.3
1218120 2126.4
1218130 2130.4
1218140 2130.4
1218150 2133.9
1218160 2137.5
1218170 2137.5
1218180 2141.5
1218190 2147.3
1218200 2152.6
1218210 2152.6
1218220 2157.0
1218230 2161.7
1218240 2161.7
1218250 2166.6
1218260 2171.7
1218270 2171.7
1218280 2176.0
1218290 2180.3
1218300 2180.3
1218310 2184.7
1218320 2189.5
1218330 2189.5
1218340 2194.0
1218350 2198.9
1218360 2194.0
1218370 2198.7
1218380 2202.9
1218390 2202.9
1218400 2206.5
1218410 2209.9
1218420 2209.9
1218430 2213.4
1218440 2217.7
1218450 2224.3
1218460 2224.3
1218470 2231.7
1218480 2238.5
1218490 2238.5
1218500 2246.6
1218510 2253.6
1218520 2253.6
1218530 2258.1
1218540 2262.5
1218550 2262.5
1218560 2269.1
1218570 2277.3
1218580 2277.3
1218590 2285.6
1218600 2292.8
1218610 2292.8
1218620 2299.6
1218630 2311.7
1218640 2311.7
1218650 2322.6
1218660 2330.5
1218670 2339.8
1218680 2339.8
1218690 2350.5
1218700 2356.7
1218710 2356.7
1218720 2362.1
1218730 2368.2
1218740 2368.2
1218750 2371.8
1218760 2376.4
1218770 2376.4
1218780 2380.7
1218790 2378.3
1218800 2378.3
1218810 2373.3
1218820 2374.5
1218830 2374.5
1218840 2367.1
1218850 2368.1
1218860 2368.1
1218870 2371.0
1218880 2374.3
1218890 2374.3
1218900 2377.1
1218910 2380.5
1218920 2382.1
1218930 2382.1
1218940 2379.7
1218950 2380.1
1218960 2380.1
1218970 2391.0
1218980 2392.0
1218990 2392.0
1219000 2387.4
1219010 2389.9
1219020 2389.9
1219030 2393.2
1219040 2394.2
1219050 2394.2
1219060 2396.8
1219070 2401.6
1219080 2401.6
1219090 2406.3
1219100 2409.9
1219110 2409.9
1219120 2413.8
1219130 2418.7
1219140 2418.7
1219150 2421.8
1219160 2425.9
1219170 2429.7
1219180 2429.7
1219190 2433.0
1219200 2435.1
1219210 2435.1
1219220 2437.3
1219230 2437.5
1219240 2437.5
1219250 2438.1
1219260 2442.0
1219270 2442.0
1219280 2448.1
1219290 2454.3
1219300 2454.3
1219310 2452.1
1219320 2458.2
1219330 2458.2
1219340 2464.4
1219350 2470.2
1219360 2470.2
1219370 2475.9
1219380 2481.6
1219390 2481.6
1219400 2486.7
1219410 2490.7
1219420 2497.6
1219430 2497.6
1219440 2505.5
1219450 2512.7
1219460 2512.7
1219470 2521.2
1219480 2534.1
1219490 2534.1
1219500 2545.6
1219510 2553.9
1219520 2553.9
1219530 2560.2
1219540 2564.8
1219550 2564.8
1219560 2570.5
1219570 2582.2
1219580 2582.2
1219590 2595.1
1219600 2599.3
1219610 2599.3
1219620 2604.6
1219630 2612.0
1219640 2612.0
1219650 2618.8
1219660 2624.0
1219670 2631.5
1219680 2631.5
1219690 2641.3
1219700 2652.6
1219710 2652.6
1219720 2664.9
1219730 2675.8
1219740 2675.8
1219750 2682.9
1219760 2687.0
1219770 2687.0
1219780 2692.1
1219790 2695.1
1219800 2695.1
1219810 2706.4
1219820 2716.7
1219830 2716.7
1219840 2719.6
1219850 2708.0
1219860 2708.0
1219870 2680.7
1219880 2666.3
1219890 2666.3
1219900 2660.2
1219910 2655.6
1219920 2652.6
1219930 2652.6
1219940 2650.9
1219950 2656.3
1219960 2656.3
1219970 2660.5
1219980 2655.9
1219990 2655.9
