1200000 835.9
1200010 834.8
1200020 834.8
1200030 833.5
1200040 832.4
1200050 832.4
1200060 831.5
1200070 830.8
1200080 830.4
1200090 830.4
1200100 831.3
1200110 833.3
1200120 833.3
1200130 835.1
1200140 837.2
1200150 837.2
1200160 839.2
1200170 841.5
1200180 841.5
1200190 844.0
1200200 845.3
1200210 845.3
1200220 844.8
1200230 844.7
1200240 844.7
1200250 843.1
1200260 841.5
1200270 841.5
1200280 840.0
1200290 838.7
1200300 838.7
1200310 837.2
1200320 836.4
1200330 836.7
1200340 836.7
1200350 837.7
1200360 838.0
1200370 838.0
1200380 837.3
1200390 837.0
1200400 837.0
1200410 837.1
1200420 837.8
1200430 837.8
1200440 839.6
1200450 842.5
1200460 842.5
1200470 843.2
1200480 844.9
1200490 844.9
1200500 846.6
1200510 848.5
1200520 848.5
1200530 850.7
1200540 851.6
1200550 851.6
1200560 851.5
1200570 851.2
1200580 850.7
1200590 850.7
1200600 849.5
1200610 849.6
1200620 849.6
1200630 850.2
1200640 849.6
1200650 849.6
1200660 848.9
1200670 848.9
1200680 848.9
1200690 849.7
1200700 850.5
1200710 850.5
1200720 851.8
1200730 853.5
1200740 853.5
1200750 855.1
1200760 854.1
1200770 854.1
1200780 852.7
1200790 852.6
1200800 852.6
1200810 852.5
1200820 850.8
1200830 848.6
1200840 848.6
1200850 843.0
1200860 839.4
1200870 839.4
1200880 837.6
1200890 819.0
1200900 819.0
1200910 811.3
1200920 810.9
1200930 810.9
1200940 807.5
1200950 803.4
1200960 803.4
1200970 800.3
1200980 796.1
1200990 796.1
1201000 792.6
1201010 790.0
1201020 790.0
1201030 787.4
1201040 786.9
1201050 786.9
1201060 791.3
1201070 798.2
1201080 807.5
1201090 807.5
1201100 815.6
1201110 815.6
1201120 815.6
1201130 815.7
1201140 821.4
1201150 821.4
1201160 828.3
1201170 829.2
1201180 829.2
1201190 829.1
1201200 828.6
1201210 828.6
1201220 828.1
1201230 828.2
1201240 828.2
1201250 828.5
1201260 828.5
1201270 828.5
1201280 828.1
1201290 825.8
1201300 825.8
1201310 822.3
1201320 817.3
1201330 813.1
1201340 817.8
1201350 814.6
1201360 810.5
1201370 810.5
1201380 805.9
1201390 804.3
1201400 804.3
1201410 804.0
1201420 803.5
1201430 803.5
1201440 796.8
1201450 788.2
1201460 788.2
1201470 780.9
1201480 778.5
1201490 778.5
1201500 775.3
1201510 771.8
1201520 771.8
1201530 768.2
1201540 764.8
1201550 764.8
1201560 761.9
1201570 760.2
1201580 760.9
1201590 760.9
1201600 762.5
1201610 761.6
1201620 761.6
1201630 760.0
1201640 758.6
1201650 758.6
1201660 756.6
1201670 752.8
1201680 752.8
1201690 747.0
1201700 741.9
1201710 741.9
1201720 737.9
1201730 734.3
1201740 734.3
1201750 728.0
1201760 721.0
1201770 721.0
1201780 717.1
1201790 719.7
1201800 719.7
1201810 721.6
1201820 722.6
1201830 722.6
1201840 722.6
1201850 722.2
1201860 720.2
1201870 720.2
1201880 719.6
1201890 719.6
1201900 719.6
1201910 719.0
1201920 717.7
1201930 717.7
1201940 717.5
1201950 717.1
1201960 717.1
1201970 718.4
1201980 718.6
1201990 718.6
1202000 719.0
1202010 720.2
1202020 720.2
1202030 722.1
1202040 723.5
1202050 723.5
1202060 724.5
1202070 725.4
1202080 725.7
1202090 725.7
1202100 725.7
1202110 726.0
1202120 726.0
1202130 726.6
1202140 727.8
1202150 727.8
1202160 728.1
1202170 728.6
1202180 728.6
1202190 729.1
1202200 729.3
1202210 729.3
1202220 729.2
1202230 729.3
1202240 730.8
1202250 731.3
1202260 732.4
1202270 732.4
1202280 733.0
1202290 733.1
1202300 733.1
1202310 734.1
1202320 735.4
1202330 736.7
1202340 736.7
1202350 738.1
1202360 739.6
1202370 739.6
1202380 742.0
1202390 744.5
1202400 744.5
1202410 747.3
1202420 751.3
1202430 751.3
1202440 756.5
1202450 761.3
1202460 761.3
1202470 766.0
1202480 770.6
1202490 770.6
1202500 775.5
1202510 782.1
1202520 782.1
1202530 789.0
1202540 794.9
1202550 794.9
1202560 801.2
1202570 806.2
1202580 804.2
1202590 804.2
1202600 798.1
1202610 791.6
1202620 791.6
1202630 784.1
1202640 772.8
1202650 772.8
1202660 763.4
1202670 762.0
1202680 762.0
1202690 767.2
1202700 775.8
1202710 775.8
1202720 785.8
1202730 792.0
1202740 792.0
1202750 794.3
1202760 796.0
1202770 796.0
1202780 797.2
1202790 796.7
1202800 796.7
1202810 796.3
1202820 797.1
1202830 796.5
1202840 796.5
1202850 797.1
1202860 796.5
1202870 796.5
1202880 796.8
1202890 796.3
1202900 796.3
1202910 796.6
1202920 797.2
1202930 797.2
1202940 797.7
1202950 797.7
1202960 797.7
1202970 798.4
1202980 800.2
1202990 800.2
1203000 803.9
1203010 810.0
1203020 810.0
1203030 817.3
1203040 824.5
1203050 824.5
1203060 827.7
1203070 827.5
1203080 828.5
1203090 828.5
1203100 829.0
1203110 829.3
1203120 829.3
1203130 829.8
1203140 830.7
1203150 833.2
1203160 833.6
1203170 834.4
1203180 834.4
1203190 835.5
1203200 836.6
1203210 836.6
1203220 837.3
1203230 838.2
1203240 838.2
1203250 839.2
1203260 839.8
1203270 839.8
1203280 840.4
1203290 837.0
1203300 837.0
1203310 833.1
1203320 834.6
1203330 839.0
1203340 839.0
1203350 843.4
1203360 845.8
1203370 845.8
1203380 846.7
1203390 847.8
1203400 847.8
1203410 848.8
1203420 849.6
1203430 849.6
1203440 850.5
1203450 853.3
1203460 853.3
1203470 856.9
1203480 859.5
1203490 859.5
1203500 860.9
1203510 862.7
1203520 862.7
1203530 864.5
1203540 866.6
1203550 866.6
1203560 868.0
1203570 869.4
1203580 871.3
1203590 871.3
1203600 877.2
1203610 876.6
1203620 876.6
1203630 870.2
1203640 862.8
1203650 862.8
1203660 857.0
1203670 851.4
1203680 851.4
1203690 846.2
1203700 844.3
1203710 844.3
1203720 844.1
1203730 843.9
1203740 843.9
1203750 845.1
1203760 846.4
1203770 846.4
1203780 845.7
1203790 845.9
1203800 845.9
1203810 846.2
1203820 847.5
1203830 848.5
1203840 848.5
1203850 847.6
1203860 846.3
1203870 846.3
1203880 851.6
1203890 853.6
1203900 853.6
1203910 847.8
1203920 845.2
1203930 845.2
1203940 845.7
1203950 847.1
1203960 847.1
1203970 848.6
1203980 849.1
1203990 849.1
1204000 850.3
1204010 851.1
1204020 851.1
1204030 854.5
1204040 860.0
1204050 861.8
1204060 868.6
1204070 875.9
1204080 882.8
1204090 882.8
1204100 890.2
1204110 897.3
1204120 897.3
1204130 902.7
1204140 908.8
1204150 908.8
1204160 913.3
1204170 916.0
1204180 916.0
1204190 915.1
1204200 907.5
1204210 907.5
1204220 901.5
1204230 898.8
1204240 898.8
1204250 894.0
1204260 892.3
1204270 892.3
1204280 891.8
1204290 894.1
1204300 894.1
1204310 899.4
1204320 907.3
1204330 912.2
1204340 912.2
1204350 916.5
1204360 922.1
1204370 922.1
1204380 928.6
1204390 935.4
1204400 935.4
1204410 940.7
1204420 946.0
1204430 946.0
1204440 952.1
1204450 958.0
1204460 958.0
1204470 963.9
1204480 970.4
1204490 970.4
1204500 977.4
1204510 986.7
1204520 986.7
1204530 993.6
1204540 1001.1
1204550 1001.1
1204560 1008.0
1204570 1010.7
1204580 1010.1
1204590 1010.1
1204600 1011.2
1204610 1016.4
1204620 1016.4
1204630 1023.0
1204640 1027.5
1204650 1027.5
1204660 1029.5
1204670 1031.8
1204680 1031.8
1204690 1036.0
1204700 1037.7
1204710 1037.7
1204720 1031.5
1204730 1024.5
1204740 1024.5
1204750 1017.9
1204760 1011.2
1204770 1011.2
1204780 1005.1
1204790 1001.1
1204800 1001.1
1204810 999.7
1204820 1001.0
1204830 1006.6
1204840 1006.6
1204850 1012.2
1204860 1017.8
1204870 1017.8
1204880 1023.3
1204890 1029.0
1204900 1029.0
1204910 1034.3
1204920 1039.3
1204930 1039.3
1204940 1045.2
1204950 1051.0
1204960 1056.6
1204970 1060.9
1204980 1062.4
1204990 1062.4
1205000 1063.7
1205010 1064.8
1205020 1064.8
1205030 1066.1
1205040 1068.1
1205050 1068.1
1205060 1067.3
1205070 1061.3
1205080 1054.0
1205090 1054.0
1205100 1046.4
1205110 1038.9
1205120 1038.9
1205130 1031.7
1205140 1024.0
1205150 1024.0
1205160 1016.4
1205170 1009.8
1205180 1009.8
1205190 1003.7
1205200 997.3
1205210 997.3
1205220 988.7
1205230 977.6
1205240 977.6
1205250 969.9
1205260 962.3
1205270 962.3
1205280 954.8
1205290 946.4
1205300 946.4
1205310 938.8
1205320 932.4
1205330 929.1
1205340 929.1
1205350 932.6
1205360 941.5
1205370 941.5
1205380 955.1
1205390 966.5
1205400 966.5
1205410 976.8
1205420 985.0
1205430 985.0
1205440 995.2
1205450 1007.0
1205460 1007.0
1205470 1017.6
1205480 1025.3
1205490 1025.3
1205500 1031.7
1205510 1036.1
1205520 1036.1
1205530 1039.7
1205540 1044.8
1205550 1044.8
1205560 1051.9
1205570 1060.7
1205580 1067.9
1205590 1067.9
1205600 1070.2
1205610 1067.9
1205620 1067.9
1205630 1064.7
1205640 1062.2
1205650 1062.2
1205660 1061.3
1205670 1063.1
1205680 1063.1
1205690 1069.2
1205700 1075.8
1205710 1075.8
1205720 1082.4
1205730 1087.8
1205740 1087.8
1205750 1087.2
1205760 1083.8
1205770 1083.8
1205780 1081.3
1205790 1079.3
1205800 1079.3
1205810 1078.0
1205820 1077.7
1205830 1081.1
1205840 1081.1
1205850 1086.8
1205860 1092.7
1205870 1095.1
1205880 1101.4
1205890 1108.0
1205900 1108.0
1205910 1114.8
1205920 1119.3
1205930 1119.3
1205940 1119.1
1205950 1117.5
1205960 1117.5
1205970 1116.7
1205980 1115.8
1205990 1115.8
1206000 1114.4
1206010 1115.1
1206020 1115.1
1206030 1117.0
1206040 1118.9
1206050 1118.9
1206060 1122.1
1206070 1126.5
1206080 1131.2
1206090 1131.2
1206100 1136.1
1206110 1141.4
1206120 1141.4
1206130 1147.0
1206140 1152.9
1206150 1152.9
1206160 1159.4
1206170 1165.9
1206180 1165.9
1206190 1170.3
1206200 1171.9
1206210 1171.9
1206220 1171.9
1206230 1171.2
1206240 1171.2
1206250 1166.6
1206260 1161.2
1206270 1161.2
1206280 1158.3
1206290 1154.9
1206300 1154.9
1206310 1149.9
1206320 1143.4
1206330 1139.9
1206340 1139.9
1206350 1135.8
1206360 1132.8
1206370 1132.8
1206380 1130.3
1206390 1127.7
1206400 1127.7
1206410 1123.6
1206420 1122.0
1206430 1122.0
1206440 1120.6
1206450 1117.9
1206460 1117.9
1206470 1116.0
1206480 1110.6
1206490 1110.6
1206500 1104.4
1206510 1098.9
1206520 1098.9
1206530 1093.0
1206540 1087.5
1206550 1087.5
1206560 1082.9
1206570 1076.4
1206580 1067.6
1206590 1067.6
1206600 1057.7
1206610 1050.6
1206620 1050.6
1206630 1046.4
1206640 1041.7
1206650 1041.7
1206660 1037.0
1206670 1032.7
1206680 1032.7
1206690 1028.4
1206700 1024.4
1206710 1024.4
1206720 1020.7
1206730 1018.7
1206740 1018.7
1206750 1017.5
1206760 1016.6
1206770 1016.6
1206780 1014.8
1206790 1011.8
1206800 1011.8
1206810 1006.3
1206820 1001.1
1206830 995.2
1206840 995.2
1206850 990.2
1206860 986.5
1206870 986.5
1206880 984.1
1206890 982.5
1206900 982.5
1206910 980.1
1206920 976.2
1206930 976.2
1206940 973.8
1206950 970.4
1206960 970.4
1206970 966.6
1206980 962.8
1206990 962.8
1207000 961.4
1207010 959.8
1207020 959.8
1207030 958.4
1207040 958.1
1207050 958.1
1207060 958.1
1207070 960.3
1207080 962.0
1207090 962.0
1207100 961.1
1207110 959.0
1207120 959.0
1207130 955.3
1207140 952.7
1207150 952.7
1207160 951.6
1207170 950.9
1207180 950.9
1207190 950.4
1207200 949.8
1207210 949.8
1207220 949.3
1207230 949.2
1207240 949.2
1207250 952.1
1207260 952.1
1207270 952.1
1207280 951.1
1207290 950.4
1207300 950.4
1207310 950.2
1207320 950.4
1207330 950.8
1207340 950.8
1207350 949.2
1207360 946.5
1207370 946.5
1207380 943.9
1207390 942.2
1207400 942.2
1207410 940.6
1207420 938.3
1207430 938.3
1207440 934.5
1207450 928.5
1207460 928.5
1207470 921.7
1207480 917.0
1207490 917.0
1207500 914.6
1207510 912.5
1207520 912.5
1207530 909.4
1207540 903.9
1207550 903.9
1207560 898.5
1207570 895.1
1207580 894.9
1207590 894.9
1207600 894.8
1207610 894.6
1207620 894.6
1207630 894.2
1207640 894.1
1207650 894.1
1207660 893.5
1207670 892.9
1207680 892.9
1207690 893.2
1207700 893.7
1207710 895.5
1207720 895.4
1207730 894.3
1207740 894.3
1207750 893.3
1207760 892.9
1207770 892.9
1207780 893.0
1207790 892.7
1207800 892.7
1207810 891.2
1207820 890.6
1207830 889.7
1207840 889.7
1207850 888.2
1207860 887.9
1207870 887.9
1207880 887.7
1207890 888.2
1207900 888.2
1207910 888.1
1207920 887.2
1207930 887.2
1207940 886.2
1207950 886.8
1207960 886.8
1207970 887.8
1207980 888.4
1207990 888.4
1208000 888.3
1208010 887.9
1208020 887.9
1208030 887.6
1208040 887.2
1208050 887.2
1208060 886.9
1208070 886.5
1208080 886.0
1208090 886.0
1208100 885.4
1208110 884.8
1208120 884.8
1208130 883.6
1208140 882.4
1208150 882.4
1208160 882.8
1208170 881.5
1208180 881.5
1208190 880.0
1208200 878.7
1208210 878.7
1208220 877.9
1208230 877.0
1208240 877.0
1208250 875.7
1208260 874.9
1208270 874.9
1208280 874.3
1208290 873.1
1208300 873.1
1208310 871.6
1208320 870.2
1208330 868.9
1208340 868.9
1208350 867.8
1208360 866.2
1208370 866.2
1208380 864.6
1208390 863.7
1208400 863.7
1208410 862.9
1208420 861.9
1208430 861.9
1208440 861.0
1208450 859.7
1208460 859.7
1208470 858.2
1208480 856.8
1208490 856.8
1208500 855.9
1208510 854.6
1208520 854.6
1208530 853.7
1208540 852.6
1208550 852.6
1208560 851.3
1208570 849.8
1208580 847.9
1208590 847.9
1208600 846.0
1208610 844.6
1208620 844.6
1208630 844.4
1208640 843.4
1208650 843.4
1208660 842.4
1208670 841.9
1208680 841.9
1208690 841.8
1208700 841.0
1208710 841.0
1208720 839.9
1208730 838.7
1208740 838.7
1208750 836.5
1208760 835.2
1208770 835.2
1208780 834.2
1208790 833.3
1208800 833.3
1208810 832.2
1208820 830.6
1208830 829.3
1208840 829.3
1208850 827.7
1208860 826.0
1208870 826.0
1208880 824.3
1208890 822.8
1208900 822.8
1208910 821.4
1208920 820.0
1208930 820.0
1208940 818.5
1208950 817.0
1208960 817.0
1208970 815.5
1208980 814.2
1208990 814.2
1209000 812.9
1209010 811.4
1209020 811.4
1209030 809.6
1209040 808.6
1209050 808.6
1209060 807.3
1209070 806.1
1209080 805.7
1209090 805.7
1209100 804.4
1209110 803.4
1209120 803.4
1209130 802.1
1209140 801.3
1209150 801.3
1209160 797.5
1209170 790.1
1209180 790.1
1209190 784.7
1209200 782.4
1209210 782.4
1209220 781.4
1209230 780.9
1209240 780.9
1209250 780.7
1209260 780.7
1209270 780.7
1209280 781.3
1209290 782.1
1209300 782.1
1209310 782.4
1209320 782.6
1209330 782.3
1209340 782.3
1209350 781.7
1209360 781.0
1209370 781.0
1209380 780.8
1209390 780.8
1209400 780.8
1209410 780.8
1209420 781.0
1209430 781.0
1209440 780.9
1209450 781.0
1209460 781.0
1209470 781.6
1209480 781.7
1209490 781.7
1209500 782.1
1209510 782.5
1209520 782.5
1209530 782.2
1209540 781.4
1209550 783.7
1209560 783.2
1209570 782.0
1209580 781.2
1209590 781.2
1209600 780.6
1209610 780.7
1209620 780.7
1209630 780.1
1209640 779.6
1209650 779.6
1209660 779.7
1209670 779.6
1209680 779.6
1209690 779.7
1209700 779.4
1209710 779.4
1209720 779.2
1209730 779.5
1209740 779.5
1209750 779.9
1209760 780.0
1209770 780.0
1209780 779.6
1209790 778.9
1209800 778.9
1209810 778.2
1209820 777.6
1209830 777.4
1209840 777.4
1209850 777.5
1209860 777.7
1209870 777.7
1209880 777.7
1209890 777.2
1209900 777.2
1209910 776.4
1209920 775.9
1209930 775.9
1209940 775.4
1209950 774.8
1209960 774.8
1209970 774.9
1209980 774.4
1209990 774.4
1210000 773.5
1210010 774.2
1210020 774.2
1210030 773.8
1210040 773.5
1210050 773.5
1210060 773.5
1210070 773.0
1210080 772.2
1210090 772.2
1210100 771.4
1210110 771.1
1210120 771.1
1210130 771.5
1210140 771.5
1210150 771.5
1210160 766.5
1210170 757.9
1210180 757.9
1210190 751.6
1210200 747.2
1210210 747.2
1210220 743.6
1210230 742.5
1210240 742.5
1210250 742.6
1210260 742.7
1210270 742.7
1210280 743.2
1210290 745.2
1210300 745.2
1210310 747.6
1210320 751.7
1210330 755.8
1210340 755.8
1210350 757.4
1210360 760.4
1210370 760.4
1210380 762.6
1210390 764.8
1210400 764.8
1210410 767.8
1210420 772.0
1210430 772.0
1210440 779.3
1210450 788.5
1210460 788.5
1210470 794.4
1210480 801.3
1210490 801.3
1210500 806.9
1210510 812.7
1210520 812.7
1210530 819.0
1210540 829.3
1210550 829.3
1210560 837.2
1210570 839.8
1210580 841.0
1210590 841.0
1210600 841.6
1210610 851.4
1210620 851.4
1210630 865.5
1210640 875.5
1210650 875.5
1210660 881.8
1210670 885.9
1210680 885.9
1210690 890.3
1210700 893.2
1210710 893.2
1210720 894.7
1210730 895.8
1210740 895.8
1210750 897.0
1210760 899.2
1210770 899.2
1210780 900.9
1210790 900.4
1210800 900.4
1210810 901.0
1210820 900.1
1210830 897.3
1210840 897.3
1210850 897.8
1210860 898.4
1210870 898.4
1210880 899.1
1210890 899.8
1210900 899.8
1210910 900.9
1210920 902.6
1210930 902.6
1210940 885.2
1210950 885.1
1210960 885.1
1210970 886.7
1210980 889.3
1210990 889.3
1211000 892.4
1211010 895.0
1211020 895.0
1211030 898.9
1211040 901.7
1211050 901.7
1211060 901.7
1211070 901.4
1211080 901.5
1211090 901.5
1211100 902.9
1211110 905.0
1211120 905.0
1211130 905.8
1211140 908.9
1211150 908.9
1211160 912.0
1211170 913.3
1211180 913.3
1211190 913.9
1211200 914.9
1211210 914.9
1211220 916.8
1211230 919.1
1211240 919.1
1211250 922.2
1211260 924.6
1211270 924.6
1211280 926.3
1211290 927.9
1211300 927.9
1211310 929.1
1211320 931.1
1211330 931.9
1211340 931.9
1211350 929.2
1211360 926.4
1211370 926.4
1211380 924.6
1211390 922.7
1211400 915.3
1211410 914.2
1211420 914.6
1211430 914.6
1211440 915.7
1211450 917.0
1211460 917.0
1211470 919.8
1211480 923.3
1211490 923.3
1211500 924.8
1211510 926.0
1211520 926.0
1211530 928.2
1211540 930.4
1211550 930.4
1211560 932.2
1211570 932.1
1211580 934.5
1211590 934.5
1211600 941.8
1211610 948.1
1211620 948.1
1211630 950.6
1211640 952.2
1211650 952.2
1211660 952.9
1211670 952.9
1211680 952.9
1211690 952.7
1211700 952.6
1211710 952.6
1211720 952.4
1211730 952.3
1211740 952.3
1211750 952.1
1211760 951.5
1211770 951.5
1211780 951.1
1211790 950.3
1211800 950.3
1211810 948.8
1211820 946.5
1211830 943.1
1211840 943.1
1211850 939.3
1211860 935.8
1211870 933.2
1211880 929.1
1211890 925.3
1211900 925.3
1211910 922.0
1211920 918.4
1211930 918.4
1211940 914.6
1211950 911.5
1211960 911.5
1211970 908.7
1211980 905.8
1211990 905.8
1212000 902.6
1212010 898.7
1212020 898.7
1212030 894.0
1212040 888.7
1212050 888.7
1212060 883.5
1212070 881.9
1212080 882.9
1212090 882.9
1212100 884.9
1212110 888.5
1212120 888.5
1212130 893.0
1212140 897.2
1212150 897.2
1212160 900.9
1212170 903.2
1212180 903.2
1212190 904.8
1212200 906.7
1212210 906.7
1212220 909.1
1212230 912.1
1212240 912.1
1212250 913.9
1212260 915.5
1212270 915.5
1212280 916.5
1212290 915.7
1212300 915.7
1212310 913.9
1212320 911.7
1212330 911.7
1212340 901.3
1212350 900.4
1212360 899.0
1212370 899.0
1212380 896.6
1212390 896.2
1212400 896.2
1212410 896.9
1212420 896.4
1212430 896.4
1212440 896.4
1212450 898.0
1212460 898.0
1212470 899.3
1212480 902.6
1212490 902.6
1212500 908.2
1212510 912.3
1212520 912.3
1212530 915.4
1212540 919.7
1212550 919.7
1212560 923.7
1212570 928.4
1212580 928.4
1212590 933.4
1212600 938.0
1212610 941.1
1212620 941.1
1212630 943.6
1212640 944.9
1212650 944.9
1212660 945.3
1212670 945.8
1212680 945.8
1212690 946.4
1212700 945.9
1212710 945.9
1212720 945.3
1212730 944.8
1212740 944.8
1212750 943.2
1212760 939.2
1212770 939.2
1212780 937.3
1212790 938.5
1212800 931.7
1212810 937.6
1212820 943.5
1212830 943.5
1212840 946.5
1212850 948.9
1212860 950.3
1212870 950.3
1212880 950.4
1212890 950.4
1212900 950.4
1212910 950.1
1212920 949.3
1212930 949.3
1212940 948.1
1212950 947.2
1212960 947.2
1212970 947.7
1212980 950.3
1212990 950.3
1213000 952.5
1213010 954.3
1213020 954.3
1213030 956.4
1213040 957.7
1213050 957.7
1213060 958.3
1213070 959.3
1213080 959.3
1213090 961.6
1213100 963.4
1213110 964.7
1213120 964.7
1213130 965.4
1213140 966.1
1213150 966.1
1213160 966.9
1213170 967.7
1213180 967.7
1213190 967.7
1213200 965.5
1213210 965.5
1213220 962.7
1213230 961.1
1213240 961.1
1213250 960.3
1213260 960.7
1213270 955.4
1213280 958.3
1213290 963.2
1213300 963.2
1213310 968.9
1213320 972.6
1213330 972.6
1213340 972.6
1213350 970.5
1213360 969.0
1213370 969.0
1213380 969.5
1213390 970.7
1213400 970.7
1213410 975.5
1213420 980.9
1213430 980.9
1213440 985.2
1213450 989.3
1213460 989.3
1213470 993.4
1213480 997.7
1213490 997.7
1213500 1001.5
1213510 1005.6
1213520 1005.6
1213530 1010.4
1213540 1014.9
1213550 1014.9
1213560 1014.6
1213570 1011.8
1213580 1011.8
1213590 1008.4
1213600 1006.4
1213610 1006.3
1213620 1006.3
1213630 1009.5
1213640 1013.4
1213650 1013.4
1213660 1017.5
1213670 1020.8
1213680 1020.8
1213690 1023.8
1213700 1026.1
1213710 1026.1
1213720 1029.0
1213730 1032.7
1213740 1028.2
1213750 1034.8
1213760 1039.7
1213770 1039.7
1213780 1042.7
1213790 1043.0
1213800 1043.0
1213810 1043.1
1213820 1046.0
1213830 1046.0
1213840 1050.2
1213850 1054.2
1213860 1057.1
1213870 1057.1
1213880 1061.7
1213890 1066.2
1213900 1066.2
1213910 1071.0
1213920 1076.3
1213930 1076.3
1213940 1081.7
1213950 1086.4
1213960 1086.4
1213970 1090.8
1213980 1095.6
1213990 1095.6
1214000 1100.3
1214010 1104.4
1214020 1104.4
1214030 1107.8
1214040 1112.0
1214050 1112.0
1214060 1116.7
1214070 1121.2
1214080 1125.8
1214090 1125.8
1214100 1131.0
1214110 1135.8
1214120 1135.8
1214130 1138.6
1214140 1142.8
1214150 1142.8
1214160 1148.0
1214170 1153.7
1214180 1153.7
1214190 1160.3
1214200 1167.5
1214210 1169.8
1214220 1176.7
1214230 1184.2
1214240 1184.2
1214250 1191.0
1214260 1197.4
1214270 1197.4
1214280 1203.6
1214290 1212.4
1214300 1212.4
1214310 1220.5
1214320 1227.5
1214330 1233.7
1214340 1233.7
1214350 1239.7
1214360 1245.9
1214370 1245.9
1214380 1251.5
1214390 1257.4
1214400 1257.4
1214410 1263.3
1214420 1268.2
1214430 1268.2
1214440 1273.2
1214450 1280.1
1214460 1280.1
1214470 1288.9
1214480 1295.2
1214490 1295.2
1214500 1298.8
1214510 1301.9
1214520 1301.9
1214530 1302.6
1214540 1302.7
1214550 1302.7
1214560 1302.8
1214570 1303.5
1214580 1306.7
1214590 1306.7
1214600 1312.3
1214610 1317.8
1214620 1317.8
1214630 1322.0
1214640 1325.0
1214650 1325.0
1214660 1326.1
1214670 1327.3
1214680 1324.7
1214690 1326.5
1214700 1329.0
1214710 1329.0
1214720 1331.5
1214730 1333.7
1214740 1333.7
1214750 1335.5
1214760 1337.8
1214770 1337.8
1214780 1340.6
1214790 1344.4
1214800 1344.4
1214810 1349.8
1214820 1355.6
1214830 1359.9
1214840 1359.9
1214850 1363.2
1214860 1366.1
1214870 1366.1
1214880 1368.7
1214890 1371.9
1214900 1371.9
1214910 1377.5
1214920 1381.3
1214930 1381.3
1214940 1384.0
1214950 1386.4
1214960 1386.4
1214970 1388.1
1214980 1390.4
1214990 1390.4
1215000 1394.6
1215010 1396.8
1215020 1396.8
1215030 1400.0
1215040 1403.6
1215050 1403.6
1215060 1408.3
1215070 1411.2
1215080 1412.4
1215090 1412.4
1215100 1413.4
1215110 1414.8
1215120 1414.8
1215130 1417.1
1215140 1421.0
1215150 1416.7
1215160 1419.7
1215170 1422.7
1215180 1422.7
1215190 1424.9
1215200 1427.0
1215210 1427.0
1215220 1429.4
1215230 1432.2
1215240 1432.2
1215250 1435.4
1215260 1438.7
1215270 1438.7
1215280 1442.4
1215290 1446.0
1215300 1446.0
1215310 1449.9
1215320 1453.4
1215330 1456.0
1215340 1456.0
1215350 1458.2
1215360 1461.4
1215370 1461.4
1215380 1467.3
1215390 1471.7
1215400 1471.7
1215410 1474.9
1215420 1478.7
1215430 1478.7
1215440 1482.1
1215450 1485.6
1215460 1485.6
1215470 1488.4
1215480 1491.6
1215490 1491.6
1215500 1496.5
1215510 1501.2
1215520 1501.2
1215530 1506.2
1215540 1511.0
1215550 1511.0
1215560 1515.5
1215570 1519.6
1215580 1524.2
1215590 1524.2
1215600 1530.4
1215610 1536.6
1215620 1535.1
1215630 1541.5
1215640 1546.6
1215650 1546.6
1215660 1552.0
1215670 1558.0
1215680 1558.0
1215690 1563.4
1215700 1567.6
1215710 1567.6
1215720 1571.8
1215730 1575.8
1215740 1575.8
1215750 1580.7
1215760 1586.7
1215770 1586.7
1215780 1591.9
1215790 1597.3
1215800 1597.3
1215810 1602.4
1215820 1608.0
1215830 1612.9
1215840 1612.9
1215850 1616.5
1215860 1620.7
1215870 1620.7
1215880 1625.0
1215890 1629.5
1215900 1629.5
1215910 1634.2
1215920 1639.9
1215930 1639.9
1215940 1646.7
1215950 1655.0
1215960 1655.0
1215970 1664.1
1215980 1672.6
1215990 1672.6
1216000 1681.2
1216010 1690.4
1216020 1690.4
1216030 1700.5
1216040 1707.9
1216050 1707.9
1216060 1713.7
1216070 1721.6
1216080 1730.3
1216090 1727.6
1216100 1734.0
1216110 1738.4
1216120 1738.4
1216130 1743.6
1216140 1750.3
1216150 1750.3
1216160 1757.4
1216170 1764.4
1216180 1764.4
1216190 1771.5
1216200 1778.9
1216210 1778.9
1216220 1786.7
1216230 1794.2
1216240 1794.2
1216250 1802.9
1216260 1811.3
1216270 1811.3
1216280 1819.7
1216290 1828.3
1216300 1828.3
1216310 1837.1
1216320 1845.4
1216330 1853.7
1216340 1853.7
1216350 1858.7
1216360 1861.6
1216370 1861.6
1216380 1863.3
1216390 1868.1
1216400 1868.1
1216410 1875.2
1216420 1886.9
1216430 1886.9
1216440 1897.0
1216450 1905.4
1216460 1905.4
1216470 1914.4
1216480 1926.6
1216490 1926.6
1216500 1938.6
1216510 1945.8
1216520 1945.8
1216530 1952.9
1216540 1955.9
1216550 1955.9
1216560 1957.5
1216570 1957.0
1216580 1961.7
1216590 1961.7
1216600 1967.7
1216610 1973.0
1216620 1973.0
1216630 1974.8
1216640 1977.4
1216650 1977.4
1216660 1982.5
1216670 1991.4
1216680 1991.4
1216690 2000.9
1216700 2010.5
1216710 2010.5
1216720 2018.6
1216730 2023.9
1216740 2023.9
1216750 2028.4
1216760 2031.9
1216770 2031.9
1216780 2032.9
1216790 2029.9
1216800 2029.9
1216810 2028.6
1216820 2035.1
1216830 2040.8
1216840 2040.8
1216850 2046.9
1216860 2053.1
1216870 2053.1
1216880 2054.8
1216890 2054.7
1216900 2054.7
1216910 2058.3
1216920 2056.1
1216930 2056.1
1216940 2056.9
1216950 2060.4
1216960 2060.4
1216970 2064.7
1216980 2068.4
1216990 2068.4
1217000 2071.3
1217010 2073.8
1217020 2073.8
1217030 2076.8
1217040 2081.3
1217050 2081.3
1217060 2083.2
1217070 2084.2
1217080 2084.6
1217090 2084.6
1217100 2085.1
1217110 2088.3
1217120 2088.3
1217130 2094.7
1217140 2101.4
1217150 2101.4
1217160 2105.6
1217170 2111.1
1217180 2111.1
1217190 2119.4
1217200 2120.5
1217210 2120.5
1217220 2122.5
1217230 2125.8
1217240 2125.8
1217250 2128.8
1217260 2131.8
1217270 2131.8
1217280 2133.7
1217290 2137.2
1217300 2137.2
1217310 2140.8
1217320 2145.1
1217330 2148.3
1217340 2148.3
1217350 2149.7
1217360 2150.8
1217370 2150.8
1217380 2152.7
1217390 2156.4
1217400 2156.4
1217410 2162.3
1217420 2169.9
1217430 2169.9
1217440 2177.5
1217450 2184.3
1217460 2184.3
1217470 2189.2
1217480 2194.8
1217490 2194.8
1217500 2200.9
1217510 2207.4
1217520 2207.1
1217530 2215.1
1217540 2224.7
1217550 2224.7
1217560 2233.0
1217570 2239.7
1217580 2245.8
1217590 2245.8
1217600 2253.9
1217610 2260.9
1217620 2260.9
1217630 2266.3
1217640 2272.9
1217650 2272.9
1217660 2280.9
1217670 2288.8
1217680 2288.8
1217690 2295.0
1217700 2302.7
1217710 2302.7
1217720 2310.8
1217730 2318.5
1217740 2318.5
1217750 2325.9
1217760 2333.5
1217770 2333.5
1217780 2341.1
1217790 2347.7
1217800 2347.7
1217810 2354.5
1217820 2362.2
1217830 2368.0
1217840 2368.0
1217850 2374.0
1217860 2381.6
1217870 2381.6
1217880 2388.6
1217890 2394.8
1217900 2394.8
1217910 2398.1
1217920 2394.0
1217930 2394.0
1217940 2387.8
1217950 2381.1
1217960 2381.1
1217970 2374.1
1217980 2371.9
1217990 2387.3
1218000 2392.7
1218010 2400.0
1218020 2400.0
1218030 2407.0
1218040 2406.4
1218050 2406.4
1218060 2401.3
1218070 2394.1
1218080 2385.2
1218090 2385.2
1218100 2376.7
1218110 2375.4
1218120 2375.4
1218130 2378.5
1218140 2385.5
1218150 2385.5
1218160 2393.4
1218170 2402.8
1218180 2402.8
1218190 2414.7
1218200 2422.0
1218210 2422.0
1218220 2425.7
1218230 2428.8
1218240 2428.8
1218250 2434.2
1218260 2439.6
1218270 2439.6
1218280 2439.2
1218290 2435.6
1218300 2435.6
1218310 2427.6
1218320 2414.3
1218330 2401.7
1218340 2401.7
1218350 2392.3
1218360 2386.5
1218370 2386.5
1218380 2383.4
1218390 2382.8
1218400 2382.8
1218410 2381.8
1218420 2377.4
1218430 2377.4
1218440 2378.6
1218450 2374.5
1218460 2374.5
1218470 2376.6
1218480 2370.7
1218490 2370.7
1218500 2363.9
1218510 2357.8
1218520 2357.8
1218530 2353.4
1218540 2349.2
1218550 2349.2
1218560 2345.3
1218570 2341.2
1218580 2338.9
1218590 2338.9
1218600 2337.9
1218610 2337.5
1218620 2337.5
1218630 2338.8
1218640 2340.8
1218650 2340.8
1218660 2342.2
1218670 2344.1
1218680 2344.1
1218690 2345.6
1218700 2343.2
1218710 2343.2
1218720 2339.0
1218730 2335.5
1218740 2335.5
1218750 2331.4
1218760 2328.6
1218770 2328.6
1218780 2326.2
1218790 2325.6
1218800 2325.6
1218810 2325.5
1218820 2325.2
1218830 2325.2
1218840 2325.2
1218850 2325.3
1218860 2324.9
1218870 2324.9
1218880 2324.3
1218890 2324.0
1218900 2324.0
1218910 2323.2
1218920 2323.0
1218930 2323.0
1218940 2322.7
1218950 2324.9
1218960 2324.9
1218970 2324.3
1218980 2324.0
1218990 2324.0
1219000 2324.4
1219010 2326.7
1219020 2326.7
1219030 2329.4
1219040 2332.6
1219050 2332.6
1219060 2334.8
1219070 2337.1
1219080 2341.0
1219090 2341.0
1219100 2346.3
1219110 2352.5
1219120 2352.5
1219130 2359.3
1219140 2366.2
1219150 2366.2
1219160 2373.8
1219170 2382.1
1219180 2382.1
1219190 2390.6
1219200 2399.0
1219210 2399.0
1219220 2408.2
1219230 2417.7
1219240 2417.7
1219250 2427.1
1219260 2437.3
1219270 2437.3
1219280 2445.0
1219290 2444.9
1219300 2444.9
1219310 2438.3
1219320 2429.8
1219330 2420.5
1219340 2420.5
1219350 2412.8
1219360 2404.5
1219370 2404.5
1219380 2393.5
1219390 2382.1
1219400 2382.1
1219410 2374.5
1219420 2367.9
1219430 2365.2
1219440 2359.1
1219450 2352.4
1219460 2352.4
1219470 2345.4
1219480 2337.9
1219490 2337.9
1219500 2329.7
1219510 2321.0
1219520 2321.0
1219530 2314.9
1219540 2309.6
1219550 2309.6
1219560 2305.6
1219570 2302.8
1219580 2300.9
1219590 2300.9
1219600 2299.7
1219610 2299.5
1219620 2299.5
1219630 2300.0
1219640 2300.5
1219650 2300.5
1219660 2301.4
1219670 2302.6
1219680 2302.6
1219690 2303.2
1219700 2303.0
1219710 2303.0
1219720 2301.1
1219730 2296.5
1219740 2296.5
1219750 2290.8
1219760 2285.9
1219770 2285.9
1219780 2282.2
1219790 2279.1
1219800 2279.1
1219810 2275.6
1219820 2271.4
1219830 2267.2
1219840 2267.2
1219850 2265.1
1219860 2264.3
1219870 2264.3
1219880 2263.8
1219890 2263.4
1219900 2263.4
1219910 2263.6
1219920 2263.1
1219930 2263.1
1219940 2262.0
1219950 2260.4
1219960 2260.4
1219970 2258.7
1219980 2258.4
1219990 2258.4
