1200000 844.0
1200010 843.1
1200020 843.1
1200030 842.5
1200040 842.0
1200050 842.0
1200060 841.9
1200070 842.5
1200080 842.5
1200090 843.6
1200100 845.9
1200110 845.9
1200120 847.5
1200130 848.1
1200140 848.1
1200150 849.5
1200160 850.4
1200170 850.4
1200180 851.0
1200190 851.5
1200200 851.6
1200210 851.6
1200220 851.3
1200230 849.6
1200240 849.6
1200250 847.4
1200260 844.5
1200270 844.5
1200280 843.5
1200290 843.1
1200300 843.1
1200310 843.4
1200320 844.7
1200330 844.7
1200340 846.2
1200350 847.3
1200360 847.3
1200370 848.1
1200380 849.2
1200390 849.2
1200400 851.3
1200410 853.4
1200420 853.4
1200430 855.0
1200440 856.3
1200450 857.6
1200460 857.6
1200470 858.3
1200480 859.3
1200490 859.3
1200500 860.1
1200510 861.1
1200520 861.1
1200530 862.2
1200540 862.8
1200550 862.8
1200560 863.2
1200570 863.3
1200580 863.3
1200590 863.3
1200600 863.2
1200610 863.2
1200620 863.1
1200630 863.2
1200640 863.2
1200650 863.3
1200660 863.2
1200670 863.2
1200680 863.1
1200690 862.6
1200700 861.1
1200710 865.5
1200720 864.1
1200730 860.4
1200740 860.4
1200750 855.7
1200760 853.1
1200770 853.1
1200780 850.9
1200790 844.4
1200800 844.4
1200810 835.3
1200820 824.0
1200830 824.0
1200840 814.8
1200850 809.8
1200860 809.8
1200870 808.4
1200880 810.8
1200890 810.8
1200900 811.5
1200910 813.9
1200920 813.9
1200930 816.6
1200940 818.2
1200950 818.8
1200960 818.8
1200970 820.7
1200980 821.7
1200990 821.7
1201000 822.7
1201010 827.6
1201020 827.6
1201030 823.6
1201040 821.4
1201050 821.4
1201060 824.6
1201070 830.3
1201080 830.3
1201090 833.5
1201100 838.2
1201110 838.2
1201120 840.9
1201130 840.7
1201140 840.7
1201150 843.2
1201160 843.3
1201170 843.3
1201180 842.5
1201190 841.7
1201200 841.2
1201210 841.2
1201220 840.9
1201230 841.1
1201240 841.1
1201250 840.5
1201260 839.4
1201270 839.4
1201280 839.3
1201290 839.0
1201300 839.0
1201310 839.3
1201320 839.8
1201330 839.8
1201340 839.3
1201350 838.8
1201360 838.8
1201370 839.3
1201380 837.4
1201390 837.4
1201400 829.8
1201410 823.1
1201420 823.1
1201430 818.1
1201440 813.8
1201450 806.0
1201460 806.0
1201470 800.2
1201480 796.4
1201490 796.4
1201500 793.6
1201510 791.8
1201520 791.8
1201530 790.5
1201540 789.3
1201550 789.3
1201560 785.8
1201570 786.3
1201580 786.3
1201590 785.9
1201600 788.4
1201610 788.4
1201620 786.3
1201630 783.9
1201640 783.9
1201650 782.9
1201660 782.3
1201670 782.3
1201680 777.3
1201690 771.1
1201700 767.0
1201710 767.0
1201720 763.9
1201730 760.6
1201740 760.6
1201750 757.6
1201760 751.1
1201770 751.1
1201780 744.5
1201790 738.4
1201800 738.4
1201810 734.7
1201820 732.3
1201830 732.3
1201840 732.2
1201850 732.6
1201860 732.6
1201870 734.9
1201880 734.9
1201890 734.9
1201900 734.5
1201910 733.9
1201920 733.9
1201930 733.3
1201940 732.4
1201950 731.0
1201960 731.0
1201970 729.8
1201980 729.0
1201990 729.0
1202000 728.6
1202010 728.5
1202020 728.5
1202030 728.4
1202040 728.4
1202050 730.9
1202060 730.7
1202070 730.6
1202080 730.6
1202090 730.7
1202100 731.2
1202110 731.2
1202120 732.2
1202130 733.9
1202140 733.9
1202150 736.1
1202160 737.5
1202170 737.5
1202180 738.4
1202190 739.7
1202200 740.6
1202210 740.6
1202220 740.5
1202230 739.8
1202240 739.8
1202250 740.6
1202260 744.2
1202270 744.2
1202280 748.8
1202290 753.7
1202300 753.7
1202310 758.1
1202320 761.5
1202330 761.5
1202340 762.7
1202350 764.2
1202360 764.2
1202370 765.7
1202380 766.6
1202390 766.6
1202400 770.5
1202410 777.7
1202420 777.7
1202430 784.7
1202440 790.7
1202450 795.4
1202460 795.4
1202470 800.1
1202480 805.4
1202490 805.4
1202500 816.9
1202510 820.3
1202520 820.3
1202530 822.8
1202540 825.4
1202550 825.4
1202560 829.5
1202570 830.6
1202580 830.6
1202590 824.4
1202600 817.5
1202610 817.5
1202620 810.3
1202630 803.4
1202640 803.4
1202650 799.8
1202660 796.0
1202670 796.0
1202680 793.6
1202690 788.1
1202700 780.0
1202710 780.0
1202720 774.0
1202730 774.2
1202740 774.2
1202750 777.0
1202760 781.8
1202770 781.8
1202780 789.5
1202790 798.4
1202800 798.4
1202810 804.4
1202820 806.0
1202830 806.0
1202840 805.9
1202850 806.8
1202860 806.8
1202870 807.4
1202880 808.5
1202890 808.5
1202900 808.6
1202910 808.0
1202920 808.0
1202930 806.8
1202940 807.3
1202950 808.3
1202960 810.4
1202970 810.1
1202980 811.1
1202990 811.1
1203000 811.9
1203010 813.6
1203020 813.6
1203030 818.1
1203040 824.3
1203050 824.3
1203060 830.6
1203070 836.7
1203080 836.7
1203090 842.0
1203100 843.7
1203110 843.7
1203120 844.1
1203130 844.6
1203140 844.6
1203150 845.4
1203160 846.5
1203170 846.5
1203180 847.7
1203190 849.0
1203200 850.4
1203210 850.4
1203220 851.9
1203230 853.5
1203240 853.5
1203250 855.0
1203260 856.3
1203270 856.3
1203280 857.6
1203290 855.2
1203300 855.2
1203310 851.2
1203320 850.7
1203330 850.7
1203340 854.3
1203350 858.0
1203360 858.0
1203370 858.7
1203380 859.5
1203390 859.5
1203400 860.8
1203410 867.0
1203420 867.0
1203430 868.9
1203440 870.7
1203450 872.9
1203460 872.9
1203470 875.4
1203480 876.9
1203490 876.9
1203500 877.9
1203510 879.3
1203520 879.3
1203530 880.2
1203540 881.2
1203550 881.2
1203560 883.0
1203570 884.7
1203580 884.7
1203590 887.3
1203600 889.1
1203610 889.1
1203620 890.3
1203630 889.6
1203640 889.6
1203650 883.4
1203660 876.7
1203670 876.7
1203680 870.0
1203690 863.8
1203700 859.0
1203710 859.0
1203720 857.0
1203730 856.7
1203740 856.7
1203750 858.3
1203760 858.3
1203770 858.3
1203780 858.1
1203790 858.8
1203800 858.8
1203810 859.3
1203820 860.3
1203830 860.3
1203840 860.7
1203850 859.0
1203860 861.5
1203870 863.3
1203880 865.3
1203890 865.3
1203900 871.1
1203910 875.8
1203920 875.8
1203930 871.8
1203940 866.9
1203950 862.6
1203960 862.6
1203970 861.8
1203980 864.4
1203990 864.4
1204000 867.1
1204010 869.4
1204020 869.4
1204030 871.5
1204040 873.1
1204050 873.1
1204060 873.6
1204070 878.0
1204080 878.0
1204090 882.9
1204100 888.5
1204110 888.5
1204120 894.4
1204130 900.8
1204140 900.8
1204150 907.0
1204160 913.1
1204170 913.1
1204180 919.2
1204190 925.5
1204200 932.1
1204210 932.1
1204220 934.5
1204230 932.2
1204240 932.2
1204250 930.0
1204260 926.1
1204270 926.1
1204280 924.0
1204290 924.9
1204300 924.9
1204310 931.1
1204320 928.4
1204330 928.4
1204340 928.0
1204350 929.8
1204360 929.8
1204370 934.8
1204380 943.5
1204390 943.5
1204400 952.3
1204410 960.1
1204420 960.1
1204430 966.5
1204440 971.5
1204450 976.9
1204460 976.9
1204470 982.8
1204480 989.2
1204490 989.2
1204500 995.7
1204510 1002.5
1204520 1002.5
1204530 1009.7
1204540 1017.4
1204550 1017.4
1204560 1025.1
1204570 1033.0
1204580 1033.0
1204590 1040.3
1204600 1041.5
1204610 1041.5
1204620 1039.0
1204630 1036.3
1204640 1036.3
1204650 1035.9
1204660 1039.0
1204670 1039.0
1204680 1045.3
1204690 1051.7
1204700 1051.9
1204710 1051.9
1204720 1045.2
1204730 1037.7
1204740 1037.7
1204750 1030.9
1204760 1024.7
1204770 1027.2
1204780 1021.2
1204790 1017.8
1204800 1017.8
1204810 1017.6
1204820 1021.8
1204830 1021.8
1204840 1028.6
1204850 1035.3
1204860 1035.3
1204870 1042.0
1204880 1048.8
1204890 1048.8
1204900 1055.4
1204910 1061.4
1204920 1061.4
1204930 1065.4
1204940 1067.7
1204950 1069.7
1204960 1069.7
1204970 1072.1
1204980 1075.2
1204990 1075.2
1205000 1078.3
1205010 1080.8
1205020 1080.8
1205030 1082.2
1205040 1079.7
1205050 1079.7
1205060 1073.4
1205070 1066.0
1205080 1066.0
1205090 1058.6
1205100 1051.1
1205110 1051.1
1205120 1043.6
1205130 1035.9
1205140 1035.9
1205150 1028.9
1205160 1022.6
1205170 1022.6
1205180 1016.3
1205190 1010.2
1205200 1004.5
1205210 1004.5
1205220 996.7
1205230 988.2
1205240 988.2
1205250 975.1
1205260 961.3
1205270 961.3
1205280 948.3
1205290 943.0
1205300 943.0
1205310 942.6
1205320 949.3
1205330 949.3
1205340 957.3
1205350 964.4
1205360 964.4
1205370 971.6
1205380 980.8
1205390 980.8
1205400 990.0
1205410 998.9
1205420 998.9
1205430 1009.2
1205440 1019.6
1205450 1028.4
1205460 1028.4
1205470 1038.0
1205480 1047.9
1205490 1047.9
1205500 1057.8
1205510 1064.8
1205520 1064.8
1205530 1071.7
1205540 1078.0
1205550 1078.0
1205560 1083.3
1205570 1089.2
1205580 1089.2
1205590 1093.0
1205600 1095.3
1205610 1095.3
1205620 1098.0
1205630 1096.9
1205640 1096.9
1205650 1095.7
1205660 1094.2
1205670 1094.2
1205680 1099.1
1205690 1097.3
1205700 1096.9
1205710 1096.9
1205720 1098.3
1205730 1102.5
1205740 1102.5
1205750 1108.6
1205760 1115.5
1205770 1115.5
1205780 1120.3
1205790 1118.4
1205800 1118.4
1205810 1114.6
1205820 1111.6
1205830 1111.6
1205840 1110.9
1205850 1111.7
1205860 1111.7
1205870 1113.7
1205880 1116.3
1205890 1116.3
1205900 1120.5
1205910 1126.5
1205920 1126.5
1205930 1132.6
1205940 1138.5
1205950 1144.8
1205960 1144.8
1205970 1149.4
1205980 1148.6
1205990 1148.6
1206000 1145.8
1206010 1143.4
1206020 1143.4
1206030 1143.1
1206040 1144.6
1206050 1144.6
1206060 1147.2
1206070 1150.3
1206080 1150.3
1206090 1154.0
1206100 1158.6
1206110 1158.6
1206120 1163.6
1206130 1168.6
1206140 1173.2
1206150 1178.3
1206160 1181.8
1206170 1181.8
1206180 1185.5
1206190 1190.8
1206200 1197.3
1206210 1197.3
1206220 1202.2
1206230 1199.0
1206240 1199.0
1206250 1192.7
1206260 1186.7
1206270 1186.7
1206280 1184.1
1206290 1182.6
1206300 1182.6
1206310 1182.6
1206320 1183.3
1206330 1183.3
1206340 1181.1
1206350 1176.1
1206360 1176.1
1206370 1172.7
1206380 1169.2
1206390 1169.2
1206400 1167.4
1206410 1166.0
1206420 1166.0
1206430 1160.8
1206440 1153.3
1206450 1144.2
1206460 1144.2
1206470 1135.0
1206480 1126.3
1206490 1126.3
1206500 1117.8
1206510 1109.5
1206520 1109.5
1206530 1102.1
1206540 1096.1
1206550 1096.1
1206560 1091.4
1206570 1087.0
1206580 1087.0
1206590 1087.3
1206600 1083.0
1206610 1083.0
1206620 1079.2
1206630 1075.3
1206640 1075.3
1206650 1070.6
1206660 1065.7
1206670 1065.7
1206680 1061.6
1206690 1057.4
1206700 1052.4
1206710 1052.4
1206720 1047.3
1206730 1042.7
1206740 1042.7
1206750 1038.6
1206760 1034.9
1206770 1034.9
1206780 1030.9
1206790 1027.3
1206800 1027.3
1206810 1024.9
1206820 1023.0
1206830 1023.0
1206840 1020.6
1206850 1018.1
1206860 1018.1
1206870 1016.0
1206880 1014.2
1206890 1014.2
1206900 1012.5
1206910 1009.0
1206920 1009.0
1206930 1003.8
1206940 1000.2
1206950 998.2
1206960 998.2
1206970 995.6
1206980 993.2
1206990 993.2
1207000 991.0
1207010 989.8
1207020 989.8
1207030 988.0
1207040 987.4
1207050 993.0
1207060 991.7
1207070 989.6
1207080 989.6
1207090 987.4
1207100 985.7
1207110 985.7
1207120 984.5
1207130 983.4
1207140 983.4
1207150 982.0
1207160 980.3
1207170 980.3
1207180 978.7
1207190 976.8
1207200 974.8
1207210 974.8
1207220 973.2
1207230 972.2
1207240 972.2
1207250 970.7
1207260 969.5
1207270 969.5
1207280 968.6
1207290 968.0
1207300 968.0
1207310 967.7
1207320 967.8
1207330 967.8
1207340 967.8
1207350 966.9
1207360 966.9
1207370 965.6
1207380 963.6
1207390 963.6
1207400 961.7
1207410 959.1
1207420 959.1
1207430 954.8
1207440 951.1
1207450 951.1
1207460 947.6
1207470 943.7
1207480 939.5
1207490 939.5
1207500 935.0
1207510 935.9
1207520 935.9
1207530 932.1
1207540 927.7
1207550 927.7
1207560 922.8
1207570 917.5
1207580 917.5
1207590 912.1
1207600 907.6
1207610 907.6
1207620 906.3
1207630 905.8
1207640 905.8
1207650 905.3
1207660 906.2
1207670 906.2
1207680 905.5
1207690 905.2
1207700 905.2
1207710 905.2
1207720 905.1
1207730 904.3
1207740 904.3
1207750 903.5
1207760 902.2
1207770 902.2
1207780 901.8
1207790 902.2
1207800 902.2
1207810 901.6
1207820 900.4
1207830 900.4
1207840 899.4
1207850 899.2
1207860 899.2
1207870 898.8
1207880 897.9
1207890 897.9
1207900 897.9
1207910 897.5
1207920 897.5
1207930 898.0
1207940 898.7
1207950 898.7
1207960 898.4
1207970 899.4
1207980 898.6
1207990 898.6
1208000 897.9
1208010 897.8
1208020 897.8
1208030 897.9
1208040 898.2
1208050 898.2
1208060 898.3
1208070 897.7
1208080 897.7
1208090 896.5
1208100 895.0
1208110 895.0
1208120 893.3
1208130 892.1
1208140 892.1
1208150 891.2
1208160 889.9
1208170 889.9
1208180 888.2
1208190 887.8
1208200 887.8
1208210 887.7
1208220 886.4
1208230 884.5
1208240 884.5
1208250 882.9
1208260 881.3
1208270 881.3
1208280 880.0
1208290 877.9
1208300 877.9
1208310 876.3
1208320 875.2
1208330 875.2
1208340 874.2
1208350 873.2
1208360 873.2
1208370 872.2
1208380 871.3
1208390 871.3
1208400 870.2
1208410 868.9
1208420 868.9
1208430 868.4
1208440 867.1
1208450 867.1
1208460 866.1
1208470 864.9
1208480 863.7
1208490 863.7
1208500 862.7
1208510 861.2
1208520 861.2
1208530 859.3
1208540 857.8
1208550 857.8
1208560 856.6
1208570 855.9
1208580 855.9
1208590 855.2
1208600 854.3
1208610 854.3
1208620 853.0
1208630 851.5
1208640 851.5
1208650 850.5
1208660 849.5
1208670 849.5
1208680 848.3
1208690 847.3
1208700 847.3
1208710 846.0
1208720 844.6
1208730 843.0
1208740 843.0
1208750 841.0
1208760 839.2
1208770 839.2
1208780 837.7
1208790 835.9
1208800 835.9
1208810 834.0
1208820 832.0
1208830 832.0
1208840 830.2
1208850 829.1
1208860 829.1
1208870 828.2
1208880 827.1
1208890 827.7
1208900 826.9
1208910 825.3
1208920 825.3
1208930 824.1
1208940 822.9
1208950 822.9
1208960 821.9
1208970 820.7
1208980 819.3
1208990 819.3
1209000 817.9
1209010 816.6
1209020 816.6
1209030 815.1
1209040 813.5
1209050 813.5
1209060 812.2
1209070 810.5
1209080 810.5
1209090 809.5
1209100 808.9
1209110 808.9
1209120 807.8
1209130 807.0
1209140 807.0
1209150 806.0
1209160 804.2
1209170 804.2
1209180 800.9
1209190 795.3
1209200 795.3
1209210 790.8
1209220 788.7
1209230 787.8
1209240 787.8
1209250 787.8
1209260 787.8
1209270 787.8
1209280 787.9
1209290 788.0
1209300 788.0
1209310 788.3
1209320 788.6
1209330 788.6
1209340 788.6
1209350 789.6
1209360 789.6
1209370 789.0
1209380 789.3
1209390 789.3
1209400 789.2
1209410 789.6
1209420 789.6
1209430 789.6
1209440 788.8
1209450 788.8
1209460 789.3
1209470 789.3
1209480 789.8
1209490 789.8
1209500 790.6
1209510 790.3
1209520 790.3
1209530 790.0
1209540 789.3
1209550 789.3
1209560 788.8
1209570 788.2
1209580 788.2
1209590 787.8
1209600 787.5
1209610 787.5
1209620 787.6
1209630 787.3
1209640 787.3
1209650 786.9
1209660 787.2
1209670 787.2
1209680 787.3
1209690 787.2
1209700 787.2
1209710 786.9
1209720 786.6
1209730 786.7
1209740 786.7
1209750 786.1
1209760 785.9
1209770 785.9
1209780 785.0
1209790 784.1
1209800 784.1
1209810 783.5
1209820 784.9
1209830 784.9
1209840 785.2
1209850 785.0
1209860 785.0
1209870 784.6
1209880 784.1
1209890 784.1
1209900 783.4
1209910 782.7
1209920 782.7
1209930 782.2
1209940 781.9
1209950 781.9
1209960 781.5
1209970 781.3
1209980 780.9
1209990 780.9
1210000 780.5
1210010 778.9
1210020 778.9
1210030 778.6
1210040 778.4
1210050 778.4
1210060 778.2
1210070 778.3
1210080 778.3
1210090 778.3
1210100 778.0
1210110 778.0
1210120 777.7
1210130 777.5
1210140 777.5
1210150 777.7
1210160 778.1
1210170 778.1
1210180 777.7
1210190 776.6
1210200 776.6
1210210 774.7
1210220 768.6
1210230 760.9
1210240 760.9
1210250 754.3
1210260 749.6
1210270 749.6
1210280 750.1
1210290 746.7
1210300 746.7
1210310 744.4
1210320 743.9
1210330 743.9
1210340 743.9
1210350 744.2
1210360 744.2
1210370 745.2
1210380 746.7
1210390 746.7
1210400 748.8
1210410 752.3
1210420 752.3
1210430 755.9
1210440 757.2
1210450 757.2
1210460 759.5
1210470 764.8
1210480 770.9
1210490 770.9
1210500 775.7
1210510 780.8
1210520 780.8
1210530 787.2
1210540 792.7
1210550 792.7
1210560 797.2
1210570 802.5
1210580 802.5
1210590 805.7
1210600 807.9
1210610 807.9
1210620 807.8
1210630 808.1
1210640 808.1
1210650 808.5
1210660 807.4
1210670 807.4
1210680 807.7
1210690 808.8
1210700 808.8
1210710 811.5
1210720 816.2
1210730 820.5
1210740 814.1
1210750 817.2
1210760 820.2
1210770 820.2
1210780 822.7
1210790 824.7
1210800 824.7
1210810 827.9
1210820 832.0
1210830 832.0
1210840 836.8
1210850 839.2
1210860 839.2
1210870 838.9
1210880 837.9
1210890 837.9
1210900 837.9
1210910 840.3
1210920 840.3
1210930 842.7
1210940 843.5
1210950 843.5
1210960 846.0
1210970 845.1
1210980 848.0
1210990 848.0
1211000 851.4
1211010 850.0
1211020 850.0
1211030 849.4
1211040 850.9
1211050 850.9
1211060 852.2
1211070 854.1
1211080 854.1
1211090 855.5
1211100 856.0
1211110 856.0
1211120 857.6
1211130 859.3
1211140 859.3
1211150 860.7
1211160 862.9
1211170 862.9
1211180 866.5
1211190 869.7
1211200 869.7
1211210 864.7
1211220 867.1
1211230 869.4
1211240 869.4
1211250 870.8
1211260 872.8
1211270 872.8
1211280 876.8
1211290 879.7
1211300 879.7
1211310 880.4
1211320 881.1
1211330 881.1
1211340 883.9
1211350 885.9
1211360 885.9
1211370 885.7
1211380 883.6
1211390 883.6
1211400 882.2
1211410 879.8
1211420 879.8
1211430 879.3
1211440 880.1
1211450 880.1
1211460 880.7
1211470 881.3
1211480 881.4
1211490 881.4
1211500 882.1
1211510 883.8
1211520 883.8
1211530 884.9
1211540 885.8
1211550 885.8
1211560 890.3
1211570 899.1
1211580 899.1
1211590 909.0
1211600 916.1
1211610 916.1
1211620 920.9
1211630 923.6
1211640 923.6
1211650 924.6
1211660 924.9
1211670 916.4
1211680 917.2
1211690 920.5
1211700 920.5
1211710 923.9
1211720 925.5
1211730 926.0
1211740 926.0
1211750 925.9
1211760 925.3
1211770 925.3
1211780 925.8
1211790 925.7
1211800 925.7
1211810 926.9
1211820 928.4
1211830 928.4
1211840 926.7
1211850 923.7
1211860 923.7
1211870 921.8
1211880 919.1
1211890 919.1
1211900 914.9
1211910 911.4
1211920 911.4
1211930 909.2
1211940 907.4
1211950 907.4
1211960 904.8
1211970 901.9
1211980 899.1
1211990 899.1
1212000 895.7
1212010 891.9
1212020 891.9
1212030 888.2
1212040 883.6
1212050 883.6
1212060 878.4
1212070 872.9
1212080 872.9
1212090 866.5
1212100 859.3
1212110 859.3
1212120 858.2
1212130 861.4
1212140 853.2
1212150 854.8
1212160 857.0
1212170 857.0
1212180 859.2
1212190 861.6
1212200 861.6
1212210 862.3
1212220 862.5
1212230 864.2
1212240 864.2
1212250 865.8
1212260 866.1
1212270 866.1
1212280 866.1
1212290 866.0
1212300 866.0
1212310 865.3
1212320 864.2
1212330 864.2
1212340 861.8
1212350 858.7
1212360 858.7
1212370 856.8
1212380 856.4
1212390 856.4
1212400 855.3
1212410 855.7
1212420 855.7
1212430 860.7
1212440 867.0
1212450 867.0
1212460 872.5
1212470 878.3
1212480 885.2
1212490 885.2
1212500 892.1
1212510 897.8
1212520 897.8
1212530 904.4
1212540 909.3
1212550 909.3
1212560 914.3
1212570 919.0
1212580 919.0
1212590 922.3
1212600 925.3
1212610 922.6
1212620 925.5
1212630 928.1
1212640 928.1
1212650 929.6
1212660 930.2
1212670 930.2
1212680 930.4
1212690 930.3
1212700 930.3
1212710 929.9
1212720 929.1
1212730 927.4
1212740 927.4
1212750 924.2
1212760 919.1
1212770 919.1
1212780 913.5
1212790 909.5
1212800 909.5
1212810 907.2
1212820 907.0
1212830 907.0
1212840 909.9
1212850 913.3
1212860 913.3
1212870 916.6
1212880 921.2
1212890 921.2
1212900 923.1
1212910 921.5
1212920 921.5
1212930 920.4
1212940 922.1
1212950 922.1
1212960 925.4
1212970 929.5
1212980 933.0
1212990 933.0
1213000 935.5
1213010 938.1
1213020 938.1
1213030 941.7
1213040 944.4
1213050 944.4
1213060 946.1
1213070 941.4
1213080 941.4
1213090 941.0
1213100 942.0
1213110 942.0
1213120 943.9
1213130 944.6
1213140 944.6
1213150 944.1
1213160 943.7
1213170 943.7
1213180 942.5
1213190 940.1
1213200 940.1
1213210 937.9
1213220 937.3
1213230 938.7
1213240 938.7
1213250 942.1
1213260 948.0
1213270 948.0
1213280 954.6
1213290 960.6
1213300 960.6
1213310 964.2
1213320 960.9
1213330 960.9
1213340 955.4
1213350 950.4
1213360 950.4
1213370 946.8
1213380 945.7
1213390 945.7
1213400 948.3
1213410 953.0
1213420 953.0
1213430 957.7
1213440 963.0
1213450 963.0
1213460 968.2
1213470 973.5
1213480 979.1
1213490 979.1
1213500 984.1
1213510 988.3
1213520 988.3
1213530 991.0
1213540 982.9
1213550 982.9
1213560 978.3
1213570 975.6
1213580 975.6
1213590 974.9
1213600 975.9
1213610 975.9
1213620 976.8
1213630 979.4
1213640 979.4
1213650 985.2
1213660 991.8
1213670 991.8
1213680 999.2
1213690 1003.7
1213700 1003.7
1213710 1004.3
1213720 1002.8
1213730 1002.6
1213740 1002.6
1213750 1003.3
1213760 1006.5
1213770 1006.5
1213780 1009.1
1213790 1011.5
1213800 1011.5
1213810 1016.1
1213820 1022.8
1213830 1022.8
1213840 1030.6
1213850 1037.8
1213860 1037.8
1213870 1045.8
1213880 1053.2
1213890 1053.2
1213900 1060.3
1213910 1066.6
1213920 1066.6
1213930 1072.9
1213940 1078.4
1213950 1078.4
1213960 1081.5
1213970 1083.3
1213980 1084.9
1213990 1084.9
1214000 1089.3
1214010 1091.7
1214020 1091.7
1214030 1096.0
1214040 1100.1
1214050 1100.1
1214060 1103.3
1214070 1106.3
1214080 1106.3
1214090 1109.4
1214100 1111.5
1214110 1111.5
1214120 1115.8
1214130 1121.7
1214140 1121.7
1214150 1127.5
1214160 1133.6
1214170 1133.6
1214180 1141.4
1214190 1148.2
1214200 1148.2
1214210 1154.1
1214220 1159.4
1214230 1165.4
1214240 1165.4
1214250 1172.0
1214260 1178.7
1214270 1178.7
1214280 1185.4
1214290 1191.3
1214300 1191.3
1214310 1198.4
1214320 1205.2
1214330 1205.2
1214340 1209.8
1214350 1215.8
1214360 1215.8
1214370 1220.8
1214380 1225.7
1214390 1225.7
1214400 1231.0
1214410 1236.0
1214420 1236.0
1214430 1242.6
1214440 1253.6
1214450 1253.6
1214460 1261.8
1214470 1262.9
1214480 1257.2
1214490 1257.2
1214500 1258.8
1214510 1261.5
1214520 1261.5
1214530 1264.6
1214540 1270.0
1214550 1270.0
1214560 1276.4
1214570 1281.8
1214580 1281.8
1214590 1286.0
1214600 1290.3
1214610 1290.3
1214620 1295.1
1214630 1299.9
1214640 1299.9
1214650 1304.3
1214660 1306.4
1214670 1306.4
1214680 1307.2
1214690 1309.2
1214700 1309.2
1214710 1312.1
1214720 1314.0
1214730 1315.9
1214740 1315.9
1214750 1317.7
1214760 1319.9
1214770 1319.9
1214780 1324.6
1214790 1328.5
1214800 1328.5
1214810 1332.8
1214820 1338.3
1214830 1338.3
1214840 1342.9
1214850 1347.8
1214860 1347.8
1214870 1352.3
1214880 1356.0
1214890 1356.0
1214900 1359.4
1214910 1362.3
1214920 1362.3
1214930 1364.8
1214940 1366.8
1214950 1363.9
1214960 1365.3
1214970 1366.9
1214980 1370.3
1214990 1370.3
1215000 1374.0
1215010 1377.1
1215020 1377.1
1215030 1380.0
1215040 1384.1
1215050 1384.1
1215060 1389.2
1215070 1394.0
1215080 1394.0
1215090 1399.5
1215100 1402.0
1215110 1402.0
1215120 1403.0
1215130 1404.8
1215140 1404.8
1215150 1407.6
1215160 1410.0
1215170 1410.0
1215180 1412.2
1215190 1415.4
1215200 1415.4
1215210 1418.8
1215220 1422.3
1215230 1425.2
1215240 1425.2
1215250 1427.7
1215260 1429.7
1215270 1429.7
1215280 1432.7
1215290 1436.4
1215300 1436.4
1215310 1440.0
1215320 1443.6
1215330 1443.6
1215340 1447.5
1215350 1451.4
1215360 1451.4
1215370 1454.9
1215380 1458.7
1215390 1458.7
1215400 1462.0
1215410 1465.3
1215420 1459.4
1215430 1463.1
1215440 1467.1
1215450 1467.1
1215460 1471.0
1215470 1474.0
1215480 1477.6
1215490 1477.6
1215500 1480.7
1215510 1484.1
1215520 1484.1
1215530 1487.5
1215540 1491.1
1215550 1491.1
1215560 1495.8
1215570 1501.2
1215580 1501.2
1215590 1507.4
1215600 1514.4
1215610 1514.4
1215620 1520.8
1215630 1528.5
1215640 1528.5
1215650 1535.3
1215660 1540.0
1215670 1540.0
1215680 1544.5
1215690 1548.1
1215700 1548.1
1215710 1552.4
1215720 1555.5
1215730 1557.6
1215740 1557.6
1215750 1559.6
1215760 1561.7
1215770 1561.7
1215780 1564.4
1215790 1567.3
1215800 1567.3
1215810 1572.0
1215820 1577.5
1215830 1577.5
1215840 1584.5
1215850 1592.4
1215860 1592.4
1215870 1600.7
1215880 1609.5
1215890 1610.2
1215900 1619.2
1215910 1629.1
1215920 1629.1
1215930 1641.7
1215940 1652.1
1215950 1652.1
1215960 1660.9
1215970 1667.7
1215980 1672.4
1215990 1672.4
1216000 1677.0
1216010 1682.1
1216020 1682.1
1216030 1687.8
1216040 1693.7
1216050 1693.7
1216060 1699.9
1216070 1707.4
1216080 1707.4
1216090 1715.1
1216100 1721.1
1216110 1721.1
1216120 1726.6
1216130 1731.8
1216140 1731.8
1216150 1738.4
1216160 1745.6
1216170 1745.6
1216180 1752.9
1216190 1760.8
1216200 1760.8
1216210 1769.2
1216220 1778.3
1216230 1788.3
1216240 1788.3
1216250 1796.2
1216260 1802.9
1216270 1802.9
1216280 1810.7
1216290 1819.7
1216300 1819.7
1216310 1828.4
1216320 1837.1
1216330 1837.1
1216340 1844.4
1216350 1847.6
1216360 1847.6
1216370 1847.5
1216380 1855.7
1216390 1855.7
1216400 1863.8
1216410 1870.2
1216420 1870.2
1216430 1876.6
1216440 1883.2
1216450 1890.5
1216460 1890.5
1216470 1897.2
1216480 1909.1
1216490 1909.1
1216500 1920.6
1216510 1926.6
1216520 1926.6
1216530 1932.7
1216540 1937.7
1216550 1937.7
1216560 1941.9
1216570 1946.6
1216580 1946.6
1216590 1951.8
1216600 1957.4
1216610 1957.4
1216620 1963.4
1216630 1971.2
1216640 1971.2
1216650 1979.3
1216660 1981.9
1216670 1981.9
1216680 1989.8
1216690 1997.3
1216700 2004.8
1216710 2004.8
1216720 2015.7
1216730 2024.3
1216740 2024.3
1216750 2029.9
1216760 2035.9
1216770 2035.9
1216780 2041.9
1216790 2041.8
1216800 2041.8
1216810 2044.8
1216820 2048.9
1216830 2048.9
1216840 2054.9
1216850 2056.4
1216860 2056.4
1216870 2055.9
1216880 2057.0
1216890 2057.0
1216900 2060.2
1216910 2066.1
1216920 2066.1
1216930 2070.6
1216940 2073.3
1216950 2078.2
1216960 2078.2
1216970 2081.2
1216980 2085.0
1216990 2085.0
1217000 2089.0
1217010 2089.2
1217020 2089.2
1217030 2091.6
1217040 2091.8
1217050 2091.8
1217060 2090.5
1217070 2090.7
1217080 2090.7
1217090 2091.0
1217100 2093.2
1217110 2093.2
1217120 2100.4
1217130 2106.1
1217140 2106.1
1217150 2111.0
1217160 2117.5
1217170 2117.5
1217180 2125.0
1217190 2133.3
1217200 2137.8
1217210 2137.8
1217220 2144.0
1217230 2146.0
1217240 2146.0
1217250 2149.6
1217260 2150.9
1217270 2150.9
1217280 2147.1
1217290 2145.0
1217300 2145.0
1217310 2147.3
1217320 2151.7
1217330 2151.7
1217340 2153.8
1217350 2156.7
1217360 2156.7
1217370 2162.1
1217380 2166.1
1217390 2166.1
1217400 2168.2
1217410 2173.9
1217420 2173.9
1217430 2180.3
1217440 2185.3
1217450 2189.7
1217460 2189.7
1217470 2193.5
1217480 2196.7
1217490 2196.7
1217500 2202.4
1217510 2209.5
1217520 2209.5
1217530 2217.4
1217540 2227.5
1217550 2227.5
1217560 2235.1
1217570 2236.8
1217580 2236.8
1217590 2242.0
1217600 2248.7
1217610 2248.7
1217620 2255.7
1217630 2263.5
1217640 2263.5
1217650 2268.3
1217660 2274.8
1217670 2274.8
1217680 2282.4
1217690 2289.1
1217700 2294.9
1217710 2294.9
1217720 2302.0
1217730 2307.5
1217740 2307.5
1217750 2312.8
1217760 2318.8
1217770 2318.8
1217780 2325.5
1217790 2327.4
1217800 2327.4
1217810 2333.2
1217820 2338.6
1217830 2338.6
1217840 2344.6
1217850 2348.0
1217860 2348.0
1217870 2349.7
1217880 2352.1
1217890 2352.1
1217900 2352.3
1217910 2353.4
1217920 2353.4
1217930 2356.1
1217940 2360.3
1217950 2365.6
1217960 2365.6
1217970 2371.7
1217980 2375.3
1217990 2375.3
1218000 2376.1
1218010 2378.3
1218020 2378.3
1218030 2386.1
1218040 2389.5
1218050 2389.5
1218060 2391.6
1218070 2394.7
1218080 2394.7
1218090 2400.0
1218100 2405.8
1218110 2405.8
1218120 2411.2
1218130 2416.4
1218140 2416.4
1218150 2421.2
1218160 2424.9
1218170 2424.9
1218180 2428.4
1218190 2432.5
1218200 2435.9
1218210 2435.9
1218220 2438.4
1218230 2440.5
1218240 2440.5
1218250 2442.4
1218260 2443.5
1218270 2439.1
1218280 2440.8
1218290 2442.5
1218300 2442.5
1218310 2443.6
1218320 2445.2
1218330 2445.2
1218340 2445.1
1218350 2444.2
1218360 2444.2
1218370 2444.0
1218380 2443.9
1218390 2443.9
1218400 2441.6
1218410 2437.5
1218420 2437.5
1218430 2433.3
1218440 2429.5
1218450 2424.0
1218460 2424.0
1218470 2416.4
1218480 2410.4
1218490 2410.4
1218500 2405.7
1218510 2395.3
1218520 2395.3
1218530 2385.2
1218540 2378.1
1218550 2378.1
1218560 2371.8
1218570 2366.4
1218580 2366.4
1218590 2361.6
1218600 2358.2
1218610 2358.2
1218620 2357.9
1218630 2359.3
1218640 2359.3
1218650 2359.4
1218660 2360.0
1218670 2360.0
1218680 2361.0
1218690 2359.8
1218700 2356.7
1218710 2356.7
1218720 2353.5
1218730 2352.0
1218740 2352.0
1218750 2354.1
1218760 2351.9
1218770 2351.9
1218780 2349.9
1218790 2349.4
1218800 2349.4
1218810 2348.7
1218820 2348.0
1218830 2348.0
1218840 2346.9
1218850 2345.7
1218860 2345.7
1218870 2345.1
1218880 2343.9
1218890 2343.9
1218900 2342.4
1218910 2340.9
1218920 2340.9
1218930 2339.5
1218940 2339.2
1218950 2338.8
1218960 2338.8
1218970 2337.8
1218980 2336.8
1218990 2336.8
1219000 2336.6
1219010 2336.8
1219020 2336.8
1219030 2338.5
1219040 2342.9
1219050 2342.9
1219060 2349.3
1219070 2354.8
1219080 2354.8
1219090 2358.9
1219100 2362.0
1219110 2362.0
1219120 2364.7
1219130 2369.2
1219140 2369.2
1219150 2374.7
1219160 2380.7
1219170 2380.7
1219180 2387.9
1219190 2397.4
1219200 2406.3
1219210 2406.3
1219220 2416.1
1219230 2428.1
1219240 2428.1
1219250 2437.7
1219260 2441.7
1219270 2441.7
1219280 2435.2
1219290 2427.0
1219300 2427.0
1219310 2419.8
1219320 2412.5
1219330 2412.5
1219340 2404.8
1219350 2396.6
1219360 2396.6
1219370 2388.3
1219380 2380.6
1219390 2380.6
1219400 2373.2
1219410 2366.4
1219420 2366.4
1219430 2361.0
1219440 2355.8
1219450 2349.6
1219460 2349.6
1219470 2341.2
1219480 2331.8
1219490 2331.8
1219500 2324.5
1219510 2318.5
1219520 2318.5
1219530 2313.4
1219540 2309.5
1219550 2309.5
1219560 2307.1
1219570 2305.2
1219580 2305.2
1219590 2302.9
1219600 2300.1
1219610 2300.1
1219620 2298.5
1219630 2297.4
1219640 2297.4
1219650 2296.6
1219660 2296.0
1219670 2296.0
1219680 2295.9
1219690 2295.8
1219700 2295.9
1219710 2293.7
1219720 2293.0
1219730 2291.2
1219740 2291.2
1219750 2288.6
1219760 2285.6
1219770 2285.6
1219780 2282.2
1219790 2278.4
1219800 2278.4
1219810 2274.9
1219820 2272.4
1219830 2272.4
1219840 2270.6
1219850 2268.8
1219860 2268.8
1219870 2266.8
1219880 2265.4
1219890 2265.4
1219900 2265.2
1219910 2265.3
1219920 2265.3
1219930 2264.1
1219940 2261.9
1219950 2259.9
1219960 2259.9
1219970 2258.7
1219980 2258.7
1219990 2258.7
