1200000 807.3
1200010 806.8
1200020 806.8
1200030 807.3
1200040 807.4
1200050 807.4
1200060 807.4
1200070 807.4
1200080 807.4
1200090 807.7
1200100 808.0
1200110 808.0
1200120 808.6
1200130 809.8
1200140 809.8
1200150 809.4
1200160 809.6
1200170 809.6
1200180 809.8
1200190 810.2
1200200 810.9
1200210 810.9
1200220 811.2
1200230 811.5
1200240 811.5
1200250 811.9
1200260 812.1
1200270 812.1
1200280 812.3
1200290 812.7
1200300 812.7
1200310 812.9
1200320 813.2
1200330 813.2
1200340 813.4
1200350 813.9
1200360 813.9
1200370 814.3
1200380 814.9
1200390 814.9
1200400 815.3
1200410 816.2
1200420 816.2
1200430 817.4
1200440 818.2
1200450 818.9
1200460 818.9
1200470 819.8
1200480 820.9
1200490 820.9
1200500 821.5
1200510 821.8
1200520 821.8
1200530 821.8
1200540 821.8
1200550 821.8
1200560 822.1
1200570 822.7
1200580 822.7
1200590 823.2
1200600 823.7
1200610 823.7
1200620 823.9
1200630 824.0
1200640 824.0
1200650 824.2
1200660 824.6
1200670 824.6
1200680 825.0
1200690 825.5
1200700 825.7
1200710 825.7
1200720 825.8
1200730 825.5
1200740 825.5
1200750 825.0
1200760 825.0
1200770 825.0
1200780 825.3
1200790 826.1
1200800 826.1
1200810 826.1
1200820 826.2
1200830 826.2
1200840 826.4
1200850 826.5
1200860 826.5
1200870 826.7
1200880 826.9
1200890 826.9
1200900 827.1
1200910 827.3
1200920 827.3
1200930 828.0
1200940 828.6
1200950 829.5
1200960 829.5
1200970 830.5
1200980 831.3
1200990 831.3
1201000 831.7
1201010 831.9
1201020 831.9
1201030 831.9
1201040 831.3
1201050 831.3
1201060 830.6
1201070 829.9
1201080 829.9
1201090 829.3
1201100 828.8
1201110 828.8
1201120 829.2
1201130 830.3
1201140 830.3
1201150 831.3
1201160 832.2
1201170 832.2
1201180 833.3
1201190 834.6
1201200 835.4
1201210 835.4
1201220 835.8
1201230 836.4
1201240 836.4
1201250 836.8
1201260 837.1
1201270 837.1
1201280 837.1
1201290 836.7
1201300 836.7
1201310 836.5
1201320 836.5
1201330 836.5
1201340 836.5
1201350 836.2
1201360 836.2
1201370 836.0
1201380 834.7
1201390 834.7
1201400 833.4
1201410 832.6
1201420 832.6
1201430 832.0
1201440 831.8
1201450 831.9
1201460 831.9
1201470 832.0
1201480 832.1
1201490 832.1
1201500 832.3
1201510 832.3
1201520 832.3
1201530 832.6
1201540 832.9
1201550 832.9
1201560 833.4
1201570 833.8
1201580 833.8
1201590 834.1
1201600 833.8
1201610 833.8
1201620 833.2
1201630 832.3
1201640 832.3
1201650 831.8
1201660 831.7
1201670 831.7
1201680 831.7
1201690 832.0
1201700 832.5
1201710 832.5
1201720 833.5
1201730 834.3
1201740 834.3
1201750 834.8
1201760 835.7
1201770 835.7
1201780 836.8
1201790 838.4
1201800 838.4
1201810 841.1
1201820 842.4
1201830 841.9
1201840 843.1
1201850 844.7
1201860 844.7
1201870 847.6
1201880 849.9
1201890 849.9
1201900 850.9
1201910 851.6
1201920 851.6
1201930 851.5
1201940 850.4
1201950 848.7
1201960 848.7
1201970 847.3
1201980 846.0
1201990 846.0
1202000 844.6
1202010 843.1
1202020 843.1
1202030 841.9
1202040 841.4
1202050 841.4
1202060 841.4
1202070 841.9
1202080 841.9
1202090 841.9
1202100 840.8
1202110 840.8
1202120 839.2
1202130 838.0
1202140 838.0
1202150 837.0
1202160 836.6
1202170 836.6
1202180 836.5
1202190 836.7
1202200 837.3
1202210 837.3
1202220 838.1
1202230 839.2
1202240 839.2
1202250 839.9
1202260 841.8
1202270 841.8
1202280 839.8
1202290 841.5
1202300 841.5
1202310 843.2
1202320 844.1
1202330 844.1
1202340 845.3
1202350 847.3
1202360 847.3
1202370 847.8
1202380 846.9
1202390 846.9
1202400 844.8
1202410 841.4
1202420 841.4
1202430 838.2
1202440 835.4
1202450 835.4
1202460 832.8
1202470 830.8
1202480 829.1
1202490 829.1
1202500 826.2
1202510 823.4
1202520 823.4
1202530 820.4
1202540 816.5
1202550 816.5
1202560 812.0
1202570 806.8
1202580 806.8
1202590 801.7
1202600 797.3
1202610 797.3
1202620 792.6
1202630 788.2
1202640 788.2
1202650 784.6
1202660 780.8
1202670 780.8
1202680 777.3
1202690 774.7
1202700 774.7
1202710 772.3
1202720 769.3
1202730 764.8
1202740 764.8
1202750 762.6
1202760 760.1
1202770 760.1
1202780 758.1
1202790 756.6
1202800 756.6
1202810 755.9
1202820 755.5
1202830 755.5
1202840 755.1
1202850 754.9
1202860 754.9
1202870 754.7
1202880 753.9
1202890 753.9
1202900 752.0
1202910 749.4
1202920 749.4
1202930 747.4
1202940 745.3
1202950 745.3
1202960 743.7
1202970 741.5
1202980 739.0
1202990 739.0
1203000 736.3
1203010 733.7
1203020 733.7
1203030 730.0
1203040 728.0
1203050 728.0
1203060 726.0
1203070 723.4
1203080 723.4
1203090 722.0
1203100 721.1
1203110 721.1
1203120 720.5
1203130 720.0
1203140 720.0
1203150 719.7
1203160 718.9
1203170 718.9
1203180 712.8
1203190 710.4
1203200 710.4
1203210 709.2
1203220 708.8
1203230 708.5
1203240 708.5
1203250 708.2
1203260 708.1
1203270 708.1
1203280 708.0
1203290 708.0
1203300 708.0
1203310 708.0
1203320 708.0
1203330 708.0
1203340 708.0
1203350 708.1
1203360 708.1
1203370 708.0
1203380 708.1
1203390 708.1
1203400 708.0
1203410 707.7
1203420 707.7
1203430 707.6
1203440 707.5
1203450 707.5
1203460 707.4
1203470 707.3
1203480 707.4
1203490 707.4
1203500 707.4
1203510 707.4
1203520 707.4
1203530 707.6
1203540 707.5
1203550 707.5
1203560 707.4
1203570 707.5
1203580 707.5
1203590 707.3
1203600 706.9
1203610 706.9
1203620 705.5
1203630 704.3
1203640 704.3
1203650 704.5
1203660 704.9
1203670 704.9
1203680 705.0
1203690 705.0
1203700 705.0
1203710 704.9
1203720 704.7
1203730 704.8
1203740 704.8
1203750 705.9
1203760 706.3
1203770 706.3
1203780 706.2
1203790 706.1
1203800 706.1
1203810 705.9
1203820 705.4
1203830 705.4
1203840 704.9
1203850 704.7
1203860 704.7
1203870 704.6
1203880 704.5
1203890 704.5
1203900 704.4
1203910 704.3
1203920 704.3
1203930 704.2
1203940 704.2
1203950 704.2
1203960 704.0
1203970 703.7
1203980 703.6
1203990 703.6
1204000 703.3
1204010 702.2
1204020 702.2
1204030 696.3
1204040 690.6
1204050 690.6
1204060 689.7
1204070 689.7
1204080 689.7
1204090 689.8
1204100 691.2
1204110 691.2
1204120 694.2
1204130 696.9
1204140 696.9
1204150 698.0
1204160 698.9
1204170 698.9
1204180 700.4
1204190 701.4
1204200 701.4
1204210 701.9
1204220 702.5
1204230 703.1
1204240 703.1
1204250 703.6
1204260 704.4
1204270 704.4
1204280 706.0
1204290 706.6
1204300 706.6
1204310 707.1
1204320 708.4
1204330 708.4
1204340 710.2
1204350 711.2
1204360 711.2
1204370 712.1
1204380 712.6
1204390 712.6
1204400 713.6
1204410 714.6
1204420 714.6
1204430 715.1
1204440 715.3
1204450 715.3
1204460 716.9
1204470 718.5
1204480 720.1
1204490 720.1
1204500 722.5
1204510 724.5
1204520 724.5
1204530 726.7
1204540 728.2
1204550 728.2
1204560 729.5
1204570 730.7
1204580 730.7
1204590 731.6
1204600 732.6
1204610 732.6
1204620 733.7
1204630 734.8
1204640 734.8
1204650 735.7
1204660 736.4
1204670 736.4
1204680 737.3
1204690 738.0
1204700 738.0
1204710 738.6
1204720 739.2
1204730 739.9
1204740 739.9
1204750 740.6
1204760 741.0
1204770 741.0
1204780 741.5
1204790 742.1
1204800 742.1
1204810 743.0
1204820 744.0
1204830 744.0
1204840 745.0
1204850 745.8
1204860 745.8
1204870 746.6
1204880 747.4
1204890 747.4
1204900 749.0
1204910 752.0
1204920 752.0
1204930 754.4
1204940 755.9
1204950 755.9
1204960 758.5
1204970 759.9
1204980 761.6
1204990 761.6
1205000 765.1
1205010 767.1
1205020 767.1
1205030 768.6
1205040 769.9
1205050 769.9
1205060 771.5
1205070 772.7
1205080 772.7
1205090 773.3
1205100 774.3
1205110 774.3
1205120 775.4
1205130 776.2
1205140 776.2
1205150 776.3
1205160 776.3
1205170 776.3
1205180 776.1
1205190 776.5
1205200 776.5
1205210 777.1
1205220 778.9
1205230 782.1
1205240 782.1
1205250 783.7
1205260 784.6
1205270 784.6
1205280 784.7
1205290 785.8
1205300 785.8
1205310 787.9
1205320 789.1
1205330 789.1
1205340 789.7
1205350 790.2
1205360 790.2
1205370 791.4
1205380 793.0
1205390 793.0
1205400 794.7
1205410 795.9
1205420 795.9
1205430 795.5
1205440 794.0
1205450 794.5
1205460 793.2
1205470 792.6
1205480 792.6
1205490 793.1
1205500 792.7
1205510 793.1
1205520 793.1
1205530 793.7
1205540 793.4
1205550 793.4
1205560 793.2
1205570 791.8
1205580 791.8
1205590 789.4
1205600 786.9
1205610 786.9
1205620 785.6
1205630 786.2
1205640 786.2
1205650 785.4
1205660 783.8
1205670 783.8
1205680 784.5
1205690 785.1
1205700 785.1
1205710 786.0
1205720 787.4
1205730 787.4
1205740 789.2
1205750 792.1
1205760 793.3
1205770 793.3
1205780 793.3
1205790 792.1
1205800 792.1
1205810 791.9
1205820 792.2
1205830 792.2
1205840 791.6
1205850 790.3
1205860 790.3
1205870 789.2
1205880 787.7
1205890 787.7
1205900 786.1
1205910 785.5
1205920 785.5
1205930 785.4
1205940 784.6
1205950 784.6
1205960 782.2
1205970 781.7
1205980 781.7
1205990 782.9
1206000 783.3
1206010 784.6
1206020 784.6
1206030 785.0
1206040 785.3
1206050 785.3
1206060 785.0
1206070 784.6
1206080 784.6
1206090 783.9
1206100 784.5
1206110 784.5
1206120 783.9
1206130 783.0
1206140 783.0
1206150 783.5
1206160 784.2
1206170 784.2
1206180 785.7
1206190 788.0
1206200 788.0
1206210 790.8
1206220 794.5
1206230 794.5
1206240 796.3
1206250 796.9
1206260 796.8
1206270 796.8
1206280 797.3
1206290 798.9
1206300 798.9
1206310 800.5
1206320 802.5
1206330 802.5
1206340 806.1
1206350 811.5
1206360 811.5
1206370 820.5
1206380 826.4
1206390 826.4
1206400 832.6
1206410 836.6
1206420 836.6
1206430 837.6
1206440 836.3
1206450 836.3
1206460 831.6
1206470 828.3
1206480 828.3
1206490 825.9
1206500 823.3
1206510 820.9
1206520 820.9
1206530 819.6
1206540 818.1
1206550 818.1
1206560 816.8
1206570 815.4
1206580 815.4
1206590 813.5
1206600 810.8
1206610 810.8
1206620 809.3
1206630 810.5
1206640 810.5
1206650 811.4
1206660 810.0
1206670 810.0
1206680 808.4
1206690 809.1
1206700 809.1
1206710 810.4
1206720 811.4
1206730 811.4
1206740 812.4
1206750 813.7
1206760 813.6
1206770 813.6
1206780 814.6
1206790 815.9
1206800 815.9
1206810 817.6
1206820 819.2
1206830 819.8
1206840 821.5
1206850 822.7
1206860 822.7
1206870 823.8
1206880 824.6
1206890 824.6
1206900 825.1
1206910 825.8
1206920 825.8
1206930 826.6
1206940 827.6
1206950 827.6
1206960 828.7
1206970 829.6
1206980 829.6
1206990 829.9
1207000 830.2
1207010 830.1
1207020 830.1
1207030 829.5
1207040 827.7
1207050 827.7
1207060 825.4
1207070 822.8
1207080 822.8
1207090 820.5
1207100 818.8
1207110 818.8
1207120 817.3
1207130 814.9
1207140 814.9
1207150 813.8
1207160 813.3
1207170 813.3
1207180 812.3
1207190 812.2
1207200 812.2
1207210 814.2
1207220 816.5
1207230 816.5
1207240 818.2
1207250 818.6
1207260 818.8
1207270 818.8
1207280 815.6
1207290 815.4
1207300 815.4
1207310 815.0
1207320 815.2
1207330 815.2
1207340 813.9
1207350 810.2
1207360 810.2
1207370 809.5
1207380 809.5
1207390 809.5
1207400 809.5
1207410 809.7
1207420 809.7
1207430 809.4
1207440 809.5
1207450 809.5
1207460 808.6
1207470 806.0
1207480 806.0
1207490 803.5
1207500 802.6
1207510 802.8
1207520 802.8
1207530 802.7
1207540 803.5
1207550 803.5
1207560 804.2
1207570 803.6
1207580 803.6
1207590 803.8
1207600 804.4
1207610 804.4
1207620 804.5
1207630 803.9
1207640 803.9
1207650 803.8
1207660 804.3
1207670 804.3
1207680 804.8
1207690 805.5
1207700 805.5
1207710 806.1
1207720 807.0
1207730 807.0
1207740 808.4
1207750 809.3
1207760 809.5
1207770 809.5
1207780 809.6
1207790 809.9
1207800 809.9
1207810 810.5
1207820 811.8
1207830 811.8
1207840 814.5
1207850 817.6
1207860 817.6
1207870 819.3
1207880 819.6
1207890 819.6
1207900 821.0
1207910 821.3
1207920 821.3
1207930 819.7
1207940 817.7
1207950 817.7
1207960 818.7
1207970 821.4
1207980 821.4
1207990 823.3
1208000 822.7
1208010 822.2
1208020 822.2
1208030 821.4
1208040 817.6
1208050 817.6
1208060 815.5
1208070 813.7
1208080 813.7
1208090 811.2
1208100 810.0
1208110 810.0
1208120 808.4
1208130 807.4
1208140 807.4
1208150 806.3
1208160 804.9
1208170 804.9
1208180 804.5
1208190 803.4
1208200 799.7
1208210 798.2
1208220 794.5
1208230 794.5
1208240 792.6
1208250 792.1
1208260 792.1
1208270 789.4
1208280 784.7
1208290 781.3
1208300 781.3
1208310 778.0
1208320 775.9
1208330 775.9
1208340 772.5
1208350 769.8
1208360 769.8
1208370 766.7
1208380 762.1
1208390 762.1
1208400 761.1
1208410 761.4
1208420 761.4
1208430 762.7
1208440 763.4
1208450 763.4
1208460 761.8
1208470 760.3
1208480 760.3
1208490 758.1
1208500 757.7
1208510 757.7
1208520 759.7
1208530 761.7
1208540 762.6
1208550 762.6
1208560 763.6
1208570 763.7
1208580 763.7
1208590 762.6
1208600 766.0
1208610 766.0
1208620 769.4
1208630 768.5
1208640 768.5
1208650 762.8
1208660 763.1
1208670 763.1
1208680 757.2
1208690 751.4
1208700 751.4
1208710 745.8
1208720 740.8
1208730 740.8
1208740 738.0
1208750 736.6
1208760 736.6
1208770 734.1
1208780 731.8
1208790 730.2
1208800 730.2
1208810 728.0
1208820 725.1
1208830 725.1
1208840 722.4
1208850 720.0
1208860 720.0
1208870 719.5
1208880 719.6
1208890 719.6
1208900 719.8
1208910 720.4
1208920 720.4
1208930 721.6
1208940 723.2
1208950 723.2
1208960 724.0
1208970 724.4
1208980 724.4
1208990 725.2
1209000 725.7
1209010 725.7
1209020 726.3
1209030 727.2
1209040 727.1
1209050 727.1
1209060 726.7
1209070 726.2
1209080 726.2
1209090 726.0
1209100 726.4
1209110 726.4
1209120 727.6
1209130 725.4
1209140 725.4
1209150 726.3
1209160 729.1
1209170 729.1
1209180 733.1
1209190 737.7
1209200 737.7
1209210 746.2
1209220 759.0
1209230 759.0
1209240 760.2
1209250 758.8
1209260 758.8
1209270 758.7
1209280 758.3
1209290 759.2
1209300 759.2
1209310 760.8
1209320 764.1
1209330 764.1
1209340 767.0
1209350 767.0
1209360 767.0
1209370 764.9
1209380 763.2
1209390 763.2
1209400 764.1
1209410 763.0
1209420 763.0
1209430 762.1
1209440 761.4
1209450 761.4
1209460 765.0
1209470 766.3
1209480 766.3
1209490 763.3
1209500 760.4
1209510 760.4
1209520 760.8
1209530 762.8
1209540 763.6
1209550 763.6
1209560 764.0
1209570 763.4
1209580 763.4
1209590 761.6
1209600 760.8
1209610 760.8
1209620 760.5
1209630 759.5
1209640 759.5
1209650 756.8
1209660 756.2
1209670 756.2
1209680 756.6
1209690 760.6
1209700 760.6
1209710 762.9
1209720 763.6
1209730 763.6
1209740 766.9
1209750 780.6
1209760 780.6
1209770 800.3
1209780 808.6
1209790 811.0
1209800 811.0
1209810 819.1
1209820 832.5
1209830 832.5
1209840 841.6
1209850 847.6
1209860 847.6
1209870 851.3
1209880 856.6
1209890 856.6
1209900 863.3
1209910 868.3
1209920 868.3
1209930 872.3
1209940 876.8
1209950 876.8
1209960 880.1
1209970 883.5
1209980 883.5
1209990 886.2
1210000 887.7
1210010 887.7
1210020 887.9
1210030 888.1
1210040 889.3
1210050 888.0
1210060 891.1
1210070 893.5
1210080 893.5
1210090 895.1
1210100 895.0
1210110 895.0
1210120 893.2
1210130 891.3
1210140 891.3
1210150 887.8
1210160 882.2
1210170 882.2
1210180 880.0
1210190 881.7
1210200 881.7
1210210 882.2
1210220 882.3
1210230 882.3
1210240 882.2
1210250 881.1
1210260 881.1
1210270 879.5
1210280 879.8
1210290 882.6
1210300 882.6
1210310 886.0
1210320 890.5
1210330 890.5
1210340 895.9
1210350 902.1
1210360 902.1
1210370 908.7
1210380 914.7
1210390 914.7
1210400 919.5
1210410 924.5
1210420 924.5
1210430 929.9
1210440 935.4
1210450 935.4
1210460 940.4
1210470 944.3
1210480 944.3
1210490 945.5
1210500 943.4
1210510 930.6
1210520 924.0
1210530 911.9
1210540 907.7
1210550 907.7
1210560 908.4
1210570 916.5
1210580 916.5
1210590 926.1
1210600 932.7
1210610 932.7
1210620 937.8
1210630 945.0
1210640 945.0
1210650 948.7
1210660 951.5
1210670 951.5
1210680 954.1
1210690 957.6
1210700 957.6
1210710 961.0
1210720 965.0
1210730 965.0
1210740 968.9
1210750 973.4
1210760 973.4
1210770 977.6
1210780 982.6
1210790 987.5
1210800 987.5
1210810 991.8
1210820 996.7
1210830 996.7
1210840 1002.5
1210850 1008.0
1210860 1008.0
1210870 1012.3
1210880 1015.9
1210890 1015.9
1210900 1019.2
1210910 1022.8
1210920 1022.8
1210930 1026.3
1210940 1029.0
1210950 1029.0
1210960 1031.4
1210970 1034.3
1210980 1030.9
1210990 1033.8
1211000 1037.5
1211010 1037.5
1211020 1040.2
1211030 1042.4
1211040 1044.7
1211050 1044.7
1211060 1047.3
1211070 1050.0
1211080 1050.0
1211090 1051.6
1211100 1054.0
1211110 1054.0
1211120 1056.4
1211130 1057.9
1211140 1057.9
1211150 1059.7
1211160 1061.9
1211170 1061.9
1211180 1064.2
1211190 1066.8
1211200 1066.8
1211210 1069.6
1211220 1072.6
1211230 1072.6
1211240 1075.4
1211250 1078.0
1211260 1078.0
1211270 1080.7
1211280 1084.6
1211290 1088.8
1211300 1088.8
1211310 1092.1
1211320 1094.4
1211330 1094.4
1211340 1095.6
1211350 1096.8
1211360 1096.8
1211370 1096.5
1211380 1095.6
1211390 1095.6
1211400 1095.0
1211410 1095.4
1211420 1095.4
1211430 1095.9
1211440 1094.7
1211450 1094.7
1211460 1095.9
1211470 1096.8
1211480 1096.8
1211490 1097.5
1211500 1098.4
1211510 1098.4
1211520 1099.6
1211530 1101.4
1211540 1101.4
1211550 1103.5
1211560 1106.1
1211570 1109.1
1211580 1109.1
1211590 1112.7
1211600 1117.3
1211610 1117.3
1211620 1119.0
1211630 1119.8
1211640 1119.8
1211650 1119.9
1211660 1119.9
1211670 1119.9
1211680 1120.0
1211690 1121.2
1211700 1121.2
1211710 1125.8
1211720 1128.0
1211730 1128.0
1211740 1129.0
1211750 1131.5
1211760 1131.5
1211770 1134.4
1211780 1137.0
1211790 1137.0
1211800 1140.4
1211810 1144.2
1211820 1149.0
1211830 1149.0
1211840 1154.4
1211850 1157.5
1211860 1157.5
1211870 1159.0
1211880 1161.5
1211890 1161.5
1211900 1165.9
1211910 1170.6
1211920 1170.6
1211930 1171.4
1211940 1172.6
1211950 1172.6
1211960 1175.5
1211970 1178.7
1211980 1178.7
1211990 1182.2
1212000 1186.5
1212010 1186.5
1212020 1190.9
1212030 1195.9
1212040 1195.9
1212050 1200.4
1212060 1207.6
1212070 1214.3
1212080 1214.3
1212090 1221.5
1212100 1228.5
1212110 1228.5
1212120 1234.9
1212130 1241.5
1212140 1241.5
1212150 1247.2
1212160 1253.0
1212170 1253.0
1212180 1257.6
1212190 1262.1
1212200 1262.1
1212210 1265.0
1212220 1267.8
1212230 1267.8
1212240 1270.8
1212250 1275.3
1212260 1275.3
1212270 1281.1
1212280 1287.9
1212290 1287.9
1212300 1295.0
1212310 1302.7
1212320 1309.3
1212330 1309.3
1212340 1314.8
1212350 1321.1
1212360 1321.1
1212370 1328.3
1212380 1332.8
1212390 1332.8
1212400 1336.8
1212410 1338.4
1212420 1338.4
1212430 1338.3
1212440 1340.6
1212450 1340.6
1212460 1342.7
1212470 1344.2
1212480 1344.2
1212490 1346.5
1212500 1348.1
1212510 1348.1
1212520 1349.3
1212530 1351.0
1212540 1351.0
1212550 1353.3
1212560 1356.1
1212570 1359.1
1212580 1359.1
1212590 1362.3
1212600 1366.2
1212610 1366.2
1212620 1371.3
1212630 1377.4
1212640 1377.4
1212650 1384.0
1212660 1390.2
1212670 1390.2
1212680 1396.1
1212690 1401.3
1212700 1401.3
1212710 1404.5
1212720 1406.9
1212730 1406.9
1212740 1411.6
1212750 1416.8
1212760 1416.8
1212770 1419.8
1212780 1420.5
1212790 1420.5
1212800 1421.2
1212810 1422.6
1212820 1424.7
1212830 1424.7
1212840 1424.9
1212850 1425.7
1212860 1425.7
1212870 1426.3
1212880 1427.0
1212890 1427.0
1212900 1427.4
1212910 1428.4
1212920 1428.4
1212930 1430.6
1212940 1433.1
1212950 1433.1
1212960 1434.7
1212970 1436.4
1212980 1436.4
1212990 1439.0
1213000 1442.4
1213010 1442.4
1213020 1446.3
1213030 1450.7
1213040 1450.7
1213050 1454.3
1213060 1455.5
1213070 1456.8
1213080 1456.8
1213090 1458.5
1213100 1460.4
1213110 1460.4
1213120 1461.8
1213130 1462.5
1213140 1462.5
1213150 1461.9
1213160 1461.0
1213170 1461.0
1213180 1461.8
1213190 1463.3
1213200 1463.3
1213210 1463.9
1213220 1463.9
1213230 1463.9
1213240 1463.9
1213250 1465.3
1213260 1465.3
1213270 1467.3
1213280 1467.1
1213290 1467.1
1213300 1467.5
1213310 1463.8
1213320 1464.6
1213330 1464.6
1213340 1466.7
1213350 1469.6
1213360 1469.6
1213370 1471.6
1213380 1473.4
1213390 1473.4
1213400 1475.3
1213410 1477.7
1213420 1477.7
1213430 1480.6
1213440 1484.9
1213450 1484.9
1213460 1488.7
1213470 1491.1
1213480 1491.1
1213490 1494.8
1213500 1498.8
1213510 1498.8
1213520 1502.4
1213530 1506.4
1213540 1506.4
1213550 1510.2
1213560 1513.6
1213570 1516.4
1213580 1516.4
1213590 1518.8
1213600 1520.7
1213610 1520.7
1213620 1523.1
1213630 1526.0
1213640 1526.0
1213650 1526.9
1213660 1527.4
1213670 1527.4
1213680 1528.5
1213690 1530.8
1213700 1530.8
1213710 1533.4
1213720 1535.2
1213730 1535.2
1213740 1536.7
1213750 1537.9
1213760 1537.9
1213770 1538.3
1213780 1530.1
1213790 1530.1
1213800 1529.1
1213810 1527.1
1213820 1528.9
1213830 1528.9
1213840 1531.6
1213850 1534.2
1213860 1534.2
1213870 1539.4
1213880 1543.1
1213890 1543.1
1213900 1545.7
1213910 1548.3
1213920 1548.3
1213930 1550.2
1213940 1550.7
1213950 1550.7
1213960 1551.6
1213970 1553.3
1213980 1553.3
1213990 1556.4
1214000 1559.0
1214010 1559.0
1214020 1560.1
1214030 1561.0
1214040 1561.0
1214050 1561.9
1214060 1564.2
1214070 1568.1
1214080 1568.1
1214090 1572.6
1214100 1577.0
1214110 1577.0
1214120 1581.8
1214130 1585.0
1214140 1585.0
1214150 1587.0
1214160 1589.1
1214170 1589.1
1214180 1590.8
1214190 1592.9
1214200 1592.9
1214210 1594.3
1214220 1596.1
1214230 1596.1
1214240 1598.1
1214250 1595.9
1214260 1595.9
1214270 1599.0
1214280 1602.2
1214290 1602.2
1214300 1605.5
1214310 1608.8
1214320 1611.8
1214330 1611.8
1214340 1614.5
1214350 1617.4
1214360 1617.4
1214370 1620.7
1214380 1623.9
1214390 1623.9
1214400 1626.9
1214410 1629.4
1214420 1629.4
1214430 1631.3
1214440 1633.6
1214450 1633.6
1214460 1637.0
1214470 1642.7
1214480 1642.7
1214490 1651.8
1214500 1656.9
1214510 1656.9
1214520 1660.3
1214530 1664.0
1214540 1664.0
1214550 1667.5
1214560 1671.6
1214570 1676.8
1214580 1676.8
1214590 1683.0
1214600 1691.0
1214610 1691.0
1214620 1704.1
1214630 1711.7
1214640 1711.7
1214650 1716.7
1214660 1721.4
1214670 1721.4
1214680 1724.0
1214690 1727.7
1214700 1727.7
1214710 1733.0
1214720 1732.6
1214730 1732.6
1214740 1733.7
1214750 1734.6
1214760 1734.6
1214770 1738.1
1214780 1743.9
1214790 1743.9
1214800 1750.3
1214810 1757.0
1214820 1761.1
1214830 1761.1
1214840 1764.1
1214850 1766.1
1214860 1766.1
1214870 1766.6
1214880 1765.5
1214890 1765.5
1214900 1764.7
1214910 1766.3
1214920 1766.3
1214930 1766.4
1214940 1764.4
1214950 1764.4
1214960 1761.5
1214970 1759.3
1214980 1759.3
1214990 1757.2
1215000 1754.4
1215010 1754.4
1215020 1753.0
1215030 1754.0
1215040 1754.0
1215050 1756.2
1215060 1758.0
1215070 1759.4
1215080 1759.4
1215090 1761.2
1215100 1763.2
1215110 1763.2
1215120 1765.8
1215130 1769.1
1215140 1769.1
1215150 1772.8
1215160 1776.3
1215170 1776.3
1215180 1778.3
1215190 1773.7
1215200 1773.7
1215210 1775.3
1215220 1776.8
1215230 1776.8
1215240 1777.9
1215250 1780.9
1215260 1780.9
1215270 1786.2
1215280 1792.1
1215290 1792.1
1215300 1796.0
1215310 1797.1
1215320 1797.4
1215330 1797.4
1215340 1796.5
1215350 1799.4
1215360 1799.4
1215370 1803.7
1215380 1805.9
1215390 1805.9
1215400 1806.9
1215410 1807.7
1215420 1807.7
1215430 1809.6
1215440 1811.4
1215450 1811.4
1215460 1812.6
1215470 1814.1
1215480 1814.1
1215490 1814.8
1215500 1812.9
1215510 1812.9
1215520 1812.0
1215530 1814.6
1215540 1814.6
1215550 1818.2
1215560 1819.1
1215570 1820.3
1215580 1820.3
1215590 1821.0
1215600 1818.9
1215610 1818.9
1215620 1815.3
1215630 1811.3
1215640 1811.3
1215650 1809.3
1215660 1815.5
1215670 1815.5
1215680 1822.6
1215690 1825.9
1215700 1825.9
1215710 1828.2
1215720 1829.8
1215730 1829.8
1215740 1829.9
1215750 1829.5
1215760 1829.5
1215770 1829.4
1215780 1831.0
1215790 1831.0
1215800 1834.0
1215810 1837.1
1215820 1840.4
1215830 1840.4
1215840 1843.3
1215850 1847.4
1215860 1847.4
1215870 1850.0
1215880 1847.7
1215890 1847.7
1215900 1844.5
1215910 1844.6
1215920 1844.6
1215930 1846.7
1215940 1847.4
1215950 1847.4
1215960 1844.1
1215970 1840.7
1215980 1840.7
1215990 1836.2
1216000 1830.9
1216010 1830.9
1216020 1827.8
1216030 1825.7
1216040 1825.7
1216050 1824.9
1216060 1825.0
1216070 1825.0
1216080 1826.1
1216090 1827.7
1216100 1830.2
1216110 1830.2
1216120 1832.0
1216130 1838.9
1216140 1838.9
1216150 1841.0
1216160 1842.9
1216170 1842.9
1216180 1844.3
1216190 1846.5
1216200 1846.5
1216210 1848.2
1216220 1850.4
1216230 1850.4
1216240 1852.3
1216250 1854.9
1216260 1854.9
1216270 1857.0
1216280 1859.9
1216290 1859.9
1216300 1863.5
1216310 1866.7
1216320 1866.7
1216330 1869.8
1216340 1873.7
1216350 1880.3
1216360 1880.3
1216370 1881.6
1216380 1882.7
1216390 1882.7
1216400 1883.6
1216410 1883.2
1216420 1883.2
1216430 1882.3
1216440 1884.0
1216450 1884.0
1216460 1891.2
1216470 1896.9
1216480 1896.9
1216490 1896.6
1216500 1894.8
1216510 1894.8
1216520 1892.3
1216530 1890.5
1216540 1890.5
1216550 1887.0
1216560 1883.9
1216570 1883.9
1216580 1879.9
1216590 1876.5
1216600 1874.2
1216610 1877.5
1216620 1876.8
1216630 1876.9
1216640 1876.9
1216650 1878.4
1216660 1880.7
1216670 1880.7
1216680 1883.4
1216690 1886.1
1216700 1886.1
1216710 1889.1
1216720 1891.9
1216730 1891.9
1216740 1894.2
1216750 1896.1
1216760 1896.1
1216770 1897.5
1216780 1898.4
1216790 1898.4
1216800 1898.5
1216810 1899.6
1216820 1899.6
1216830 1901.3
1216840 1902.9
1216850 1905.2
1216860 1905.2
1216870 1908.0
1216880 1911.0
1216890 1911.0
1216900 1914.0
1216910 1918.2
1216920 1918.2
1216930 1922.2
1216940 1926.3
1216950 1926.3
1216960 1930.5
1216970 1933.5
1216980 1933.5
1216990 1936.0
1217000 1938.3
1217010 1938.3
1217020 1941.0
1217030 1943.8
1217040 1943.8
1217050 1947.0
1217060 1950.0
1217070 1950.0
1217080 1955.2
1217090 1958.9
1217100 1959.8
1217110 1959.8
1217120 1961.6
1217130 1965.5
1217140 1965.5
1217150 1970.4
1217160 1974.9
1217170 1974.9
1217180 1978.7
1217190 1983.2
1217200 1983.2
1217210 1985.6
1217220 1987.4
1217230 1987.4
1217240 1989.8
1217250 1991.7
1217260 1991.7
1217270 1995.1
1217280 2003.5
1217290 2003.5
1217300 2009.8
1217310 2013.0
1217320 2013.0
1217330 2014.4
1217340 2018.9
1217350 2025.6
1217360 2025.6
1217370 2032.0
1217380 2035.1
1217390 2035.1
1217400 2036.6
1217410 2038.9
1217420 2038.9
1217430 2042.0
1217440 2044.9
1217450 2044.9
1217460 2045.9
1217470 2045.4
1217480 2045.4
1217490 2045.7
1217500 2049.5
1217510 2049.5
1217520 2053.8
1217530 2056.9
1217540 2056.9
1217550 2058.1
1217560 2063.5
1217570 2063.5
1217580 2063.6
1217590 2061.2
1217600 2057.2
1217610 2057.2
1217620 2054.9
1217630 2051.6
1217640 2051.6
1217650 2046.4
1217660 2040.5
1217670 2040.5
1217680 2035.0
1217690 2029.1
1217700 2029.1
1217710 2024.2
1217720 2019.7
1217730 2019.7
1217740 2014.9
1217750 2010.4
1217760 2010.4
1217770 2006.1
1217780 2001.1
1217790 2001.1
1217800 1995.8
1217810 1990.2
1217820 1990.2
1217830 1984.7
1217840 1979.1
1217850 1974.3
1217860 1974.3
1217870 1970.2
1217880 1967.6
1217890 1967.6
1217900 1966.9
1217910 1965.9
1217920 1965.9
1217930 1965.6
1217940 1965.6
1217950 1965.6
1217960 1966.6
1217970 1970.8
1217980 1970.8
1217990 1973.6
1218000 1973.5
1218010 1973.5
1218020 1972.5
1218030 1971.3
1218040 1975.2
1218050 1973.8
1218060 1970.1
1218070 1970.1
1218080 1969.9
1218090 1970.5
1218100 1970.2
1218110 1970.2
1218120 1968.8
1218130 1966.3
1218140 1966.3
1218150 1966.3
1218160 1966.5
1218170 1966.5
1218180 1963.5
1218190 1961.3
1218200 1961.3
1218210 1962.2
1218220 1963.8
1218230 1963.8
1218240 1966.9
1218250 1969.8
1218260 1969.8
1218270 1972.7
1218280 1976.1
1218290 1976.1
1218300 1979.6
1218310 1983.2
1218320 1983.2
1218330 1986.8
1218340 1990.3
1218350 1993.8
1218360 1993.8
1218370 1998.0
1218380 2002.4
1218390 2002.4
1218400 2005.6
1218410 2009.9
1218420 2009.9
1218430 2016.0
1218440 2020.7
1218450 2020.7
1218460 2025.0
1218470 2028.1
1218480 2028.1
1218490 2029.7
1218500 2031.4
1218510 2034.3
1218520 2035.8
1218530 2038.8
1218540 2038.8
1218550 2041.5
1218560 2044.0
1218570 2044.0
1218580 2046.4
1218590 2048.1
1218600 2049.9
1218610 2049.9
1218620 2052.8
1218630 2055.7
1218640 2055.7
1218650 2057.3
1218660 2056.5
1218670 2056.5
1218680 2054.9
1218690 2055.1
1218700 2055.1
1218710 2056.9
1218720 2058.8
1218730 2058.8
1218740 2059.9
1218750 2061.0
1218760 2061.0
1218770 2063.1
1218780 2065.6
1218790 2065.6
1218800 2068.0
1218810 2070.3
1218820 2070.3
1218830 2072.3
1218840 2073.9
1218850 2075.4
1218860 2075.4
1218870 2077.3
1218880 2079.7
1218890 2079.7
1218900 2082.0
1218910 2084.0
1218920 2084.0
1218930 2086.0
1218940 2088.2
1218950 2088.2
1218960 2090.1
1218970 2092.1
1218980 2092.1
1218990 2093.7
1219000 2096.1
1219010 2096.1
1219020 2098.8
1219030 2101.7
1219040 2101.7
1219050 2105.1
1219060 2108.2
1219070 2108.2
1219080 2110.9
1219090 2113.1
1219100 2114.5
1219110 2114.5
1219120 2115.4
1219130 2116.6
1219140 2116.6
1219150 2118.1
1219160 2120.2
1219170 2120.2
1219180 2121.9
1219190 2122.9
1219200 2122.9
1219210 2124.5
1219220 2126.4
1219230 2126.4
1219240 2128.9
1219250 2132.6
1219260 2132.6
1219270 2135.6
1219280 2138.1
1219290 2138.1
1219300 2139.8
1219310 2139.9
1219320 2139.9
1219330 2139.2
1219340 2136.7
1219350 2136.4
1219360 2136.4
1219370 2140.5
1219380 2144.8
1219390 2144.8
1219400 2148.8
1219410 2152.1
1219420 2152.1
1219430 2157.0
1219440 2162.9
1219450 2162.9
1219460 2168.0
1219470 2170.5
1219480 2170.5
1219490 2176.0
1219500 2181.8
1219510 2181.8
1219520 2188.0
1219530 2194.9
1219540 2194.9
1219550 2201.5
1219560 2208.4
1219570 2208.4
1219580 2215.1
1219590 2221.7
1219600 2228.9
1219610 2228.9
1219620 2236.2
1219630 2239.6
1219640 2239.6
1219650 2243.8
1219660 2249.3
1219670 2249.3
1219680 2259.4
1219690 2266.5
1219700 2266.5
1219710 2270.8
1219720 2273.8
1219730 2273.8
1219740 2273.3
1219750 2273.8
1219760 2273.8
1219770 2274.7
1219780 2276.2
1219790 2276.2
1219800 2279.4
1219810 2285.1
1219820 2285.1
1219830 2295.0
1219840 2308.8
1219850 2316.9
1219860 2316.9
1219870 2315.8
1219880 2315.8
1219890 2315.8
1219900 2310.0
1219910 2302.8
1219920 2302.8
1219930 2296.1
1219940 2289.1
1219950 2290.3
1219960 2279.5
1219970 2269.6
1219980 2269.6
1219990 2260.9
1200000 807.3
1200010 806.8
1200020 806.8
1200030 807.3
1200040 807.4
1200050 807.4
1200060 807.4
1200070 807.4
1200080 807.4
1200090 807.7
1200100 808.0
1200110 808.0
1200120 808.6
1200130 809.8
1200140 809.8
1200150 809.4
1200160 809.6
1200170 809.6
1200180 809.8
1200190 810.2
1200200 810.9
1200210 810.9
1200220 811.2
1200230 811.5
1200240 811.5
1200250 811.9
1200260 812.1
1200270 812.1
1200280 812.3
1200290 812.7
1200300 812.7
1200310 812.9
1200320 813.2
1200330 813.2
1200340 813.4
1200350 813.9
1200360 813.9
1200370 814.3
1200380 814.9
1200390 814.9
1200400 815.3
1200410 816.2
1200420 816.2
1200430 817.4
1200440 818.2
1200450 818.9
1200460 818.9
1200470 819.8
1200480 820.9
1200490 820.9
1200500 821.5
1200510 821.8
1200520 821.8
1200530 821.8
1200540 821.8
1200550 821.8
1200560 822.1
1200570 822.7
1200580 822.7
1200590 823.2
1200600 823.7
1200610 823.7
1200620 823.9
1200630 824.0
1200640 824.0
1200650 824.2
1200660 824.6
1200670 824.6
1200680 825.0
1200690 825.5
1200700 825.7
1200710 825.7
1200720 825.8
1200730 825.5
1200740 825.5
1200750 825.0
1200760 825.0
1200770 825.0
1200780 825.3
1200790 826.1
1200800 826.1
1200810 826.1
1200820 826.2
1200830 826.2
1200840 826.4
1200850 826.5
1200860 826.5
1200870 826.7
1200880 826.9
1200890 826.9
1200900 827.1
1200910 827.3
1200920 827.3
1200930 828.0
1200940 828.6
1200950 829.5
1200960 829.5
1200970 830.5
1200980 831.3
1200990 831.3
1201000 831.7
1201010 831.9
1201020 831.9
1201030 831.9
1201040 831.3
1201050 831.3
1201060 830.6
1201070 829.9
1201080 829.9
1201090 829.3
1201100 828.8
1201110 828.8
1201120 829.2
1201130 830.3
1201140 830.3
1201150 831.3
1201160 832.2
1201170 832.2
1201180 833.3
1201190 834.6
1201200 835.4
1201210 835.4
1201220 835.8
1201230 836.4
1201240 836.4
1201250 836.8
1201260 837.1
1201270 837.1
1201280 837.1
1201290 836.7
1201300 836.7
1201310 836.5
1201320 836.5
1201330 836.5
1201340 836.5
1201350 836.2
1201360 836.2
1201370 836.0
1201380 834.7
1201390 834.7
1201400 833.4
1201410 832.6
1201420 832.6
1201430 832.0
1201440 831.8
1201450 831.9
1201460 831.9
1201470 832.0
1201480 832.1
1201490 832.1
1201500 832.3
1201510 832.3
1201520 832.3
1201530 832.6
1201540 832.9
1201550 832.9
1201560 833.4
1201570 833.8
1201580 833.8
1201590 834.1
1201600 833.8
1201610 833.8
1201620 833.2
1201630 832.3
1201640 832.3
1201650 831.8
1201660 831.7
1201670 831.7
1201680 831.7
1201690 832.0
1201700 832.5
1201710 832.5
1201720 833.5
1201730 834.3
1201740 834.3
1201750 834.8
1201760 835.7
1201770 835.7
1201780 836.8
1201790 838.4
1201800 838.4
1201810 841.1
1201820 842.4
1201830 841.9
1201840 843.1
1201850 844.7
1201860 844.7
1201870 847.6
1201880 849.9
1201890 849.9
1201900 850.9
1201910 851.6
1201920 851.6
1201930 851.5
1201940 850.4
1201950 848.7
1201960 848.7
1201970 847.3
1201980 846.0
1201990 846.0
1202000 844.6
1202010 843.1
1202020 843.1
1202030 841.9
1202040 841.4
1202050 841.4
1202060 841.4
1202070 841.9
1202080 841.9
1202090 841.9
1202100 840.8
1202110 840.8
1202120 839.2
1202130 838.0
1202140 838.0
1202150 837.0
1202160 836.6
1202170 836.6
1202180 836.5
1202190 836.7
1202200 837.3
1202210 837.3
1202220 838.1
1202230 839.2
1202240 839.2
1202250 839.9
1202260 841.8
1202270 841.8
1202280 839.8
1202290 841.5
1202300 841.5
1202310 843.2
1202320 844.1
1202330 844.1
1202340 845.3
1202350 847.3
1202360 847.3
1202370 847.8
1202380 846.9
1202390 846.9
1202400 844.8
1202410 841.4
1202420 841.4
1202430 838.2
1202440 835.4
1202450 835.4
1202460 832.8
1202470 830.8
1202480 829.1
1202490 829.1
1202500 826.2
1202510 823.4
1202520 823.4
1202530 820.4
1202540 816.5
1202550 816.5
1202560 812.0
1202570 806.8
1202580 806.8
1202590 801.7
1202600 797.3
1202610 797.3
1202620 792.6
1202630 788.2
1202640 788.2
1202650 784.6
1202660 780.8
1202670 780.8
1202680 777.3
1202690 774.7
1202700 774.7
1202710 772.3
1202720 769.3
1202730 764.8
1202740 764.8
1202750 762.6
1202760 760.1
1202770 760.1
1202780 758.1
1202790 756.6
1202800 756.6
1202810 755.9
1202820 755.5
1202830 755.5
1202840 755.1
1202850 754.9
1202860 754.9
1202870 754.7
1202880 753.9
1202890 753.9
1202900 752.0
1202910 749.4
1202920 749.4
1202930 747.4
1202940 745.3
1202950 745.3
1202960 743.7
1202970 741.5
1202980 739.0
1202990 739.0
1203000 736.3
1203010 733.7
1203020 733.7
1203030 730.0
1203040 728.0
1203050 728.0
1203060 726.0
1203070 723.4
1203080 723.4
1203090 722.0
1203100 721.1
1203110 721.1
1203120 720.5
1203130 720.0
1203140 720.0
1203150 719.7
1203160 718.9
1203170 718.9
1203180 712.8
1203190 710.4
1203200 710.4
1203210 709.2
1203220 708.8
1203230 708.5
1203240 708.5
1203250 708.2
1203260 708.1
1203270 708.1
1203280 708.0
1203290 708.0
1203300 708.0
1203310 708.0
1203320 708.0
1203330 708.0
1203340 708.0
1203350 708.1
1203360 708.1
1203370 708.0
1203380 708.1
1203390 708.1
1203400 708.0
1203410 707.7
1203420 707.7
1203430 707.6
1203440 707.5
1203450 707.5
1203460 707.4
1203470 707.3
1203480 707.4
1203490 707.4
1203500 707.4
1203510 707.4
1203520 707.4
1203530 707.6
1203540 707.5
1203550 707.5
1203560 707.4
1203570 707.5
1203580 707.5
1203590 707.3
1203600 706.9
1203610 706.9
1203620 705.5
1203630 704.3
1203640 704.3
1203650 704.5
1203660 704.9
1203670 704.9
1203680 705.0
1203690 705.0
1203700 705.0
1203710 704.9
1203720 704.7
1203730 704.8
1203740 704.8
1203750 705.9
1203760 706.3
1203770 706.3
1203780 706.2
1203790 706.1
1203800 706.1
1203810 705.9
1203820 705.4
1203830 705.4
1203840 704.9
1203850 704.7
1203860 704.7
1203870 704.6
1203880 704.5
1203890 704.5
1203900 704.4
1203910 704.3
1203920 704.3
1203930 704.2
1203940 704.2
1203950 704.2
1203960 704.0
1203970 703.7
1203980 703.6
1203990 703.6
1204000 703.3
1204010 702.2
1204020 702.2
1204030 696.3
1204040 690.6
1204050 690.6
1204060 689.7
1204070 689.7
1204080 689.7
1204090 689.8
1204100 691.2
1204110 691.2
1204120 694.2
1204130 696.9
1204140 696.9
1204150 698.0
1204160 698.9
1204170 698.9
1204180 700.4
1204190 701.4
1204200 701.4
1204210 701.9
1204220 702.5
1204230 703.1
1204240 703.1
1204250 703.6
1204260 704.4
1204270 704.4
1204280 706.0
1204290 706.6
1204300 706.6
1204310 707.1
1204320 708.4
1204330 708.4
1204340 710.2
1204350 711.2
1204360 711.2
1204370 712.1
1204380 712.6
1204390 712.6
1204400 713.6
1204410 714.6
1204420 714.6
1204430 715.1
1204440 715.3
1204450 715.3
1204460 716.9
1204470 718.5
1204480 720.1
1204490 720.1
1204500 722.5
1204510 724.5
1204520 724.5
1204530 726.7
1204540 728.2
1204550 728.2
1204560 729.5
1204570 730.7
1204580 730.7
1204590 731.6
1204600 732.6
1204610 732.6
1204620 733.7
1204630 734.8
1204640 734.8
1204650 735.7
1204660 736.4
1204670 736.4
1204680 737.3
1204690 738.0
1204700 738.0
1204710 738.6
1204720 739.2
1204730 739.9
1204740 739.9
1204750 740.6
1204760 741.0
1204770 741.0
1204780 741.5
1204790 742.1
1204800 742.1
1204810 743.0
1204820 744.0
1204830 744.0
1204840 745.0
1204850 745.8
1204860 745.8
1204870 746.6
1204880 747.4
1204890 747.4
1204900 749.0
1204910 752.0
1204920 752.0
1204930 754.4
1204940 755.9
1204950 755.9
1204960 758.5
1204970 759.9
1204980 761.6
1204990 761.6
1205000 765.1
1205010 767.1
1205020 767.1
1205030 768.6
1205040 769.9
1205050 769.9
1205060 771.5
1205070 772.7
1205080 772.7
1205090 773.3
1205100 774.3
1205110 774.3
1205120 775.4
1205130 776.2
1205140 776.2
1205150 776.3
1205160 776.3
1205170 776.3
1205180 776.1
1205190 776.5
1205200 776.5
1205210 777.1
1205220 778.9
1205230 782.1
1205240 782.1
1205250 783.7
1205260 784.6
1205270 784.6
1205280 784.7
1205290 785.8
1205300 785.8
1205310 787.9
1205320 789.1
1205330 789.1
1205340 789.7
1205350 790.2
1205360 790.2
1205370 791.4
1205380 793.0
1205390 793.0
1205400 794.7
1205410 795.9
1205420 795.9
1205430 795.5
1205440 794.0
1205450 794.5
1205460 793.2
1205470 792.6
1205480 792.6
1205490 793.1
1205500 792.7
1205510 793.1
1205520 793.1
1205530 793.7
1205540 793.4
1205550 793.4
1205560 793.2
1205570 791.8
1205580 791.8
1205590 789.4
1205600 786.9
1205610 786.9
1205620 785.6
1205630 786.2
1205640 786.2
1205650 785.4
1205660 783.8
1205670 783.8
1205680 784.5
1205690 785.1
1205700 785.1
1205710 786.0
1205720 787.4
1205730 787.4
1205740 789.2
1205750 792.1
1205760 793.3
1205770 793.3
1205780 793.3
1205790 792.1
1205800 792.1
1205810 791.9
1205820 792.2
1205830 792.2
1205840 791.6
1205850 790.3
1205860 790.3
1205870 789.2
1205880 787.7
1205890 787.7
1205900 786.1
1205910 785.5
1205920 785.5
1205930 785.4
1205940 784.6
1205950 784.6
1205960 782.2
1205970 781.7
1205980 781.7
1205990 782.9
1206000 783.3
1206010 784.6
1206020 784.6
1206030 785.0
1206040 785.3
1206050 785.3
1206060 785.0
1206070 784.6
1206080 784.6
1206090 783.9
1206100 784.5
1206110 784.5
1206120 783.9
1206130 783.0
1206140 783.0
1206150 783.5
1206160 784.2
1206170 784.2
1206180 785.7
1206190 788.0
1206200 788.0
1206210 790.8
1206220 794.5
1206230 794.5
1206240 796.3
1206250 796.9
1206260 796.8
1206270 796.8
1206280 797.3
1206290 798.9
1206300 798.9
1206310 800.5
1206320 802.5
1206330 802.5
1206340 806.1
1206350 811.5
1206360 811.5
1206370 820.5
1206380 826.4
1206390 826.4
1206400 832.6
1206410 836.6
1206420 836.6
1206430 837.6
1206440 836.3
1206450 836.3
1206460 831.6
1206470 828.3
1206480 828.3
1206490 825.9
1206500 823.3
1206510 820.9
1206520 820.9
1206530 819.6
1206540 818.1
1206550 818.1
1206560 816.8
1206570 815.4
1206580 815.4
1206590 813.5
1206600 810.8
1206610 810.8
1206620 809.3
1206630 810.5
1206640 810.5
1206650 811.4
1206660 810.0
1206670 810.0
1206680 808.4
1206690 809.1
1206700 809.1
1206710 810.4
1206720 811.4
1206730 811.4
1206740 812.4
1206750 813.7
1206760 813.6
1206770 813.6
1206780 814.6
1206790 815.9
1206800 815.9
1206810 817.6
1206820 819.2
1206830 819.8
1206840 821.5
1206850 822.7
1206860 822.7
1206870 823.8
1206880 824.6
1206890 824.6
1206900 825.1
1206910 825.8
1206920 825.8
1206930 826.6
1206940 827.6
1206950 827.6
1206960 828.7
1206970 829.6
1206980 829.6
1206990 829.9
1207000 830.2
1207010 830.1
1207020 830.1
1207030 829.5
1207040 827.7
1207050 827.7
1207060 825.4
1207070 822.8
1207080 822.8
1207090 820.5
1207100 818.8
1207110 818.8
1207120 817.3
1207130 814.9
1207140 814.9
1207150 813.8
1207160 813.3
1207170 813.3
1207180 812.3
1207190 812.2
1207200 812.2
1207210 814.2
1207220 816.5
1207230 816.5
1207240 818.2
1207250 818.6
1207260 818.8
1207270 818.8
1207280 815.6
1207290 815.4
1207300 815.4
1207310 815.0
1207320 815.2
1207330 815.2
1207340 813.9
1207350 810.2
1207360 810.2
1207370 809.5
1207380 809.5
1207390 809.5
1207400 809.5
1207410 809.7
1207420 809.7
1207430 809.4
1207440 809.5
1207450 809.5
1207460 808.6
1207470 806.0
1207480 806.0
1207490 803.5
1207500 802.6
1207510 802.8
1207520 802.8
1207530 802.7
1207540 803.5
1207550 803.5
1207560 804.2
1207570 803.6
1207580 803.6
1207590 803.8
1207600 804.4
1207610 804.4
1207620 804.5
1207630 803.9
1207640 803.9
1207650 803.8
1207660 804.3
1207670 804.3
1207680 804.8
1207690 805.5
1207700 805.5
1207710 806.1
1207720 807.0
1207730 807.0
1207740 808.4
1207750 809.3
1207760 809.5
1207770 809.5
1207780 809.6
1207790 809.9
1207800 809.9
1207810 810.5
1207820 811.8
1207830 811.8
1207840 814.5
1207850 817.6
1207860 817.6
1207870 819.3
1207880 819.6
1207890 819.6
1207900 821.0
1207910 821.3
1207920 821.3
1207930 819.7
1207940 817.7
1207950 817.7
1207960 818.7
1207970 821.4
1207980 821.4
1207990 823.3
1208000 822.7
1208010 822.2
1208020 822.2
1208030 821.4
1208040 817.6
1208050 817.6
1208060 815.5
1208070 813.7
1208080 813.7
1208090 811.2
1208100 810.0
1208110 810.0
1208120 808.4
1208130 807.4
1208140 807.4
1208150 806.3
1208160 804.9
1208170 804.9
1208180 804.5
1208190 803.4
1208200 799.7
1208210 798.2
1208220 794.5
1208230 794.5
1208240 792.6
1208250 792.1
1208260 792.1
1208270 789.4
1208280 784.7
1208290 781.3
1208300 781.3
1208310 778.0
1208320 775.9
1208330 775.9
1208340 772.5
1208350 769.8
1208360 769.8
1208370 766.7
1208380 762.1
1208390 762.1
1208400 761.1
1208410 761.4
1208420 761.4
1208430 762.7
1208440 763.4
1208450 763.4
1208460 761.8
1208470 760.3
1208480 760.3
1208490 758.1
1208500 757.7
1208510 757.7
1208520 759.7
1208530 761.7
1208540 762.6
1208550 762.6
1208560 763.6
1208570 763.7
1208580 763.7
1208590 762.6
1208600 766.0
1208610 766.0
1208620 769.4
1208630 768.5
1208640 768.5
1208650 762.8
1208660 763.1
1208670 763.1
1208680 757.2
1208690 751.4
1208700 751.4
1208710 745.8
1208720 740.8
1208730 740.8
1208740 738.0
1208750 736.6
1208760 736.6
1208770 734.1
1208780 731.8
1208790 730.2
1208800 730.2
1208810 728.0
1208820 725.1
1208830 725.1
1208840 722.4
1208850 720.0
1208860 720.0
1208870 719.5
1208880 719.6
1208890 719.6
1208900 719.8
1208910 720.4
1208920 720.4
1208930 721.6
1208940 723.2
1208950 723.2
1208960 724.0
1208970 724.4
1208980 724.4
1208990 725.2
1209000 725.7
1209010 725.7
1209020 726.3
1209030 727.2
1209040 727.1
1209050 727.1
1209060 726.7
1209070 726.2
1209080 726.2
1209090 726.0
1209100 726.4
1209110 726.4
1209120 727.6
1209130 725.4
1209140 725.4
1209150 726.3
1209160 729.1
1209170 729.1
1209180 733.1
1209190 737.7
1209200 737.7
1209210 746.2
1209220 759.0
1209230 759.0
1209240 760.2
1209250 758.8
1209260 758.8
1209270 758.7
1209280 758.3
1209290 759.2
1209300 759.2
1209310 760.8
1209320 764.1
1209330 764.1
1209340 767.0
1209350 767.0
1209360 767.0
1209370 764.9
1209380 763.2
1209390 763.2
1209400 764.1
1209410 763.0
1209420 763.0
1209430 762.1
1209440 761.4
1209450 761.4
1209460 765.0
1209470 766.3
1209480 766.3
1209490 763.3
1209500 760.4
1209510 760.4
1209520 760.8
1209530 762.8
1209540 763.6
1209550 763.6
1209560 764.0
1209570 763.4
1209580 763.4
1209590 761.6
1209600 760.8
1209610 760.8
1209620 760.5
1209630 759.5
1209640 759.5
1209650 756.8
1209660 756.2
1209670 756.2
1209680 756.6
1209690 760.6
1209700 760.6
1209710 762.9
1209720 763.6
1209730 763.6
1209740 766.9
1209750 780.6
1209760 780.6
1209770 800.3
1209780 808.6
1209790 811.0
1209800 811.0
1209810 819.1
1209820 832.5
1209830 832.5
1209840 841.6
1209850 847.6
1209860 847.6
1209870 851.3
1209880 856.6
1209890 856.6
1209900 863.3
1209910 868.3
1209920 868.3
1209930 872.3
1209940 876.8
1209950 876.8
1209960 880.1
1209970 883.5
1209980 883.5
1209990 886.2
1210000 887.7
1210010 887.7
1210020 887.9
1210030 888.1
1210040 889.3
1210050 888.0
1210060 891.1
1210070 893.5
1210080 893.5
1210090 895.1
1210100 895.0
1210110 895.0
1210120 893.2
1210130 891.3
1210140 891.3
1210150 887.8
1210160 882.2
1210170 882.2
1210180 880.0
1210190 881.7
1210200 881.7
1210210 882.2
1210220 882.3
1210230 882.3
1210240 882.2
1210250 881.1
1210260 881.1
1210270 879.5
1210280 879.8
1210290 882.6
1210300 882.6
1210310 886.0
1210320 890.5
1210330 890.5
1210340 895.9
1210350 902.1
1210360 902.1
1210370 908.7
1210380 914.7
1210390 914.7
1210400 919.5
1210410 924.5
1210420 924.5
1210430 929.9
1210440 935.4
1210450 935.4
1210460 940.4
1210470 944.3
1210480 944.3
1210490 945.5
1210500 943.4
1210510 930.6
1210520 924.0
1210530 911.9
1210540 907.7
1210550 907.7
1210560 908.4
1210570 916.5
1210580 916.5
1210590 926.1
1210600 932.7
1210610 932.7
1210620 937.8
1210630 945.0
1210640 945.0
1210650 948.7
1210660 951.5
1210670 951.5
1210680 954.1
1210690 957.6
1210700 957.6
1210710 961.0
1210720 965.0
1210730 965.0
1210740 968.9
1210750 973.4
1210760 973.4
1210770 977.6
1210780 982.6
1210790 987.5
1210800 987.5
1210810 991.8
1210820 996.7
1210830 996.7
1210840 1002.5
1210850 1008.0
1210860 1008.0
1210870 1012.3
1210880 1015.9
1210890 1015.9
1210900 1019.2
1210910 1022.8
1210920 1022.8
1210930 1026.3
1210940 1029.0
1210950 1029.0
1210960 1031.4
1210970 1034.3
1210980 1030.9
1210990 1033.8
1211000 1037.5
1211010 1037.5
1211020 1040.2
1211030 1042.4
1211040 1044.7
1211050 1044.7
1211060 1047.3
1211070 1050.0
1211080 1050.0
1211090 1051.6
1211100 1054.0
1211110 1054.0
1211120 1056.4
1211130 1057.9
1211140 1057.9
1211150 1059.7
1211160 1061.9
1211170 1061.9
1211180 1064.2
1211190 1066.8
1211200 1066.8
1211210 1069.6
1211220 1072.6
1211230 1072.6
1211240 1075.4
1211250 1078.0
1211260 1078.0
1211270 1080.7
1211280 1084.6
1211290 1088.8
1211300 1088.8
1211310 1092.1
1211320 1094.4
1211330 1094.4
1211340 1095.6
1211350 1096.8
1211360 1096.8
1211370 1096.5
1211380 1095.6
1211390 1095.6
1211400 1095.0
1211410 1095.4
1211420 1095.4
1211430 1095.9
1211440 1094.7
1211450 1094.7
1211460 1095.9
1211470 1096.8
1211480 1096.8
1211490 1097.5
1211500 1098.4
1211510 1098.4
1211520 1099.6
1211530 1101.4
1211540 1101.4
1211550 1103.5
1211560 1106.1
1211570 1109.1
1211580 1109.1
1211590 1112.7
1211600 1117.3
1211610 1117.3
1211620 1119.0
1211630 1119.8
1211640 1119.8
1211650 1119.9
1211660 1119.9
1211670 1119.9
1211680 1120.0
1211690 1121.2
1211700 1121.2
1211710 1125.8
1211720 1128.0
1211730 1128.0
1211740 1129.0
1211750 1131.5
1211760 1131.5
1211770 1134.4
1211780 1137.0
1211790 1137.0
1211800 1140.4
1211810 1144.2
1211820 1149.0
1211830 1149.0
1211840 1154.4
1211850 1157.5
1211860 1157.5
1211870 1159.0
1211880 1161.5
1211890 1161.5
1211900 1165.9
1211910 1170.6
1211920 1170.6
1211930 1171.4
1211940 1172.6
1211950 1172.6
1211960 1175.5
1211970 1178.7
1211980 1178.7
1211990 1182.2
1212000 1186.5
1212010 1186.5
1212020 1190.9
1212030 1195.9
1212040 1195.9
1212050 1200.4
1212060 1207.6
1212070 1214.3
1212080 1214.3
1212090 1221.5
1212100 1228.5
1212110 1228.5
1212120 1234.9
1212130 1241.5
1212140 1241.5
1212150 1247.2
1212160 1253.0
1212170 1253.0
1212180 1257.6
1212190 1262.1
1212200 1262.1
1212210 1265.0
1212220 1267.8
1212230 1267.8
1212240 1270.8
1212250 1275.3
1212260 1275.3
1212270 1281.1
1212280 1287.9
1212290 1287.9
1212300 1295.0
1212310 1302.7
1212320 1309.3
1212330 1309.3
1212340 1314.8
1212350 1321.1
1212360 1321.1
1212370 1328.3
1212380 1332.8
1212390 1332.8
1212400 1336.8
1212410 1338.4
1212420 1338.4
1212430 1338.3
1212440 1340.6
1212450 1340.6
1212460 1342.7
1212470 1344.2
1212480 1344.2
1212490 1346.5
1212500 1348.1
1212510 1348.1
1212520 1349.3
1212530 1351.0
1212540 1351.0
1212550 1353.3
1212560 1356.1
1212570 1359.1
1212580 1359.1
1212590 1362.3
1212600 1366.2
1212610 1366.2
1212620 1371.3
1212630 1377.4
1212640 1377.4
1212650 1384.0
1212660 1390.2
1212670 1390.2
1212680 1396.1
1212690 1401.3
1212700 1401.3
1212710 1404.5
1212720 1406.9
1212730 1406.9
1212740 1411.6
1212750 1416.8
1212760 1416.8
1212770 1419.8
1212780 1420.5
1212790 1420.5
1212800 1421.2
1212810 1422.6
1212820 1424.7
1212830 1424.7
1212840 1424.9
1212850 1425.7
1212860 1425.7
1212870 1426.3
1212880 1427.0
1212890 1427.0
1212900 1427.4
1212910 1428.4
1212920 1428.4
1212930 1430.6
1212940 1433.1
1212950 1433.1
1212960 1434.7
1212970 1436.4
1212980 1436.4
1212990 1439.0
1213000 1442.4
1213010 1442.4
1213020 1446.3
1213030 1450.7
1213040 1450.7
1213050 1454.3
1213060 1455.5
1213070 1456.8
1213080 1456.8
1213090 1458.5
1213100 1460.4
1213110 1460.4
1213120 1461.8
1213130 1462.5
1213140 1462.5
1213150 1461.9
1213160 1461.0
1213170 1461.0
1213180 1461.8
1213190 1463.3
1213200 1463.3
1213210 1463.9
1213220 1463.9
1213230 1463.9
1213240 1463.9
1213250 1465.3
1213260 1465.3
1213270 1467.3
1213280 1467.1
1213290 1467.1
1213300 1467.5
1213310 1463.8
1213320 1464.6
1213330 1464.6
1213340 1466.7
1213350 1469.6
1213360 1469.6
1213370 1471.6
1213380 1473.4
1213390 1473.4
1213400 1475.3
1213410 1477.7
1213420 1477.7
1213430 1480.6
1213440 1484.9
1213450 1484.9
1213460 1488.7
1213470 1491.1
1213480 1491.1
1213490 1494.8
1213500 1498.8
1213510 1498.8
1213520 1502.4
1213530 1506.4
1213540 1506.4
1213550 1510.2
1213560 1513.6
1213570 1516.4
1213580 1516.4
1213590 1518.8
1213600 1520.7
1213610 1520.7
1213620 1523.1
1213630 1526.0
1213640 1526.0
1213650 1526.9
1213660 1527.4
1213670 1527.4
1213680 1528.5
1213690 1530.8
1213700 1530.8
1213710 1533.4
1213720 1535.2
1213730 1535.2
1213740 1536.7
1213750 1537.9
1213760 1537.9
1213770 1538.3
1213780 1530.1
1213790 1530.1
1213800 1529.1
1213810 1527.1
1213820 1528.9
1213830 1528.9
1213840 1531.6
1213850 1534.2
1213860 1534.2
1213870 1539.4
1213880 1543.1
1213890 1543.1
1213900 1545.7
1213910 1548.3
1213920 1548.3
1213930 1550.2
1213940 1550.7
1213950 1550.7
1213960 1551.6
1213970 1553.3
1213980 1553.3
1213990 1556.4
1214000 1559.0
1214010 1559.0
1214020 1560.1
1214030 1561.0
1214040 1561.0
1214050 1561.9
1214060 1564.2
1214070 1568.1
1214080 1568.1
1214090 1572.6
1214100 1577.0
1214110 1577.0
1214120 1581.8
1214130 1585.0
1214140 1585.0
1214150 1587.0
1214160 1589.1
1214170 1589.1
1214180 1590.8
1214190 1592.9
1214200 1592.9
1214210 1594.3
1214220 1596.1
1214230 1596.1
1214240 1598.1
1214250 1595.9
1214260 1595.9
1214270 1599.0
1214280 1602.2
1214290 1602.2
1214300 1605.5
1214310 1608.8
1214320 1611.8
1214330 1611.8
1214340 1614.5
1214350 1617.4
1214360 1617.4
1214370 1620.7
1214380 1623.9
1214390 1623.9
1214400 1626.9
1214410 1629.4
1214420 1629.4
1214430 1631.3
1214440 1633.6
1214450 1633.6
1214460 1637.0
1214470 1642.7
1214480 1642.7
1214490 1651.8
1214500 1656.9
1214510 1656.9
1214520 1660.3
1214530 1664.0
1214540 1664.0
1214550 1667.5
1214560 1671.6
1214570 1676.8
1214580 1676.8
1214590 1683.0
1214600 1691.0
1214610 1691.0
1214620 1704.1
1214630 1711.7
1214640 1711.7
1214650 1716.7
1214660 1721.4
1214670 1721.4
1214680 1724.0
1214690 1727.7
1214700 1727.7
1214710 1733.0
1214720 1732.6
1214730 1732.6
1214740 1733.7
1214750 1734.6
1214760 1734.6
1214770 1738.1
1214780 1743.9
1214790 1743.9
1214800 1750.3
1214810 1757.0
1214820 1761.1
1214830 1761.1
1214840 1764.1
1214850 1766.1
1214860 1766.1
1214870 1766.6
1214880 1765.5
1214890 1765.5
1214900 1764.7
1214910 1766.3
1214920 1766.3
1214930 1766.4
1214940 1764.4
1214950 1764.4
1214960 1761.5
1214970 1759.3
1214980 1759.3
1214990 1757.2
1215000 1754.4
1215010 1754.4
1215020 1753.0
1215030 1754.0
1215040 1754.0
1215050 1756.2
1215060 1758.0
1215070 1759.4
1215080 1759.4
1215090 1761.2
1215100 1763.2
1215110 1763.2
1215120 1765.8
1215130 1769.1
1215140 1769.1
1215150 1772.8
1215160 1776.3
1215170 1776.3
1215180 1778.3
1215190 1773.7
1215200 1773.7
1215210 1775.3
1215220 1776.8
1215230 1776.8
1215240 1777.9
1215250 1780.9
1215260 1780.9
1215270 1786.2
1215280 1792.1
1215290 1792.1
1215300 1796.0
1215310 1797.1
1215320 1797.4
1215330 1797.4
1215340 1796.5
1215350 1799.4
1215360 1799.4
1215370 1803.7
1215380 1805.9
1215390 1805.9
1215400 1806.9
1215410 1807.7
1215420 1807.7
1215430 1809.6
1215440 1811.4
1215450 1811.4
1215460 1812.6
1215470 1814.1
1215480 1814.1
1215490 1814.8
1215500 1812.9
1215510 1812.9
1215520 1812.0
1215530 1814.6
1215540 1814.6
1215550 1818.2
1215560 1819.1
1215570 1820.3
1215580 1820.3
1215590 1821.0
1215600 1818.9
1215610 1818.9
1215620 1815.3
1215630 1811.3
1215640 1811.3
1215650 1809.3
1215660 1815.5
1215670 1815.5
1215680 1822.6
1215690 1825.9
1215700 1825.9
1215710 1828.2
1215720 1829.8
1215730 1829.8
1215740 1829.9
1215750 1829.5
1215760 1829.5
1215770 1829.4
1215780 1831.0
1215790 1831.0
1215800 1834.0
1215810 1837.1
1215820 1840.4
1215830 1840.4
1215840 1843.3
1215850 1847.4
1215860 1847.4
1215870 1850.0
1215880 1847.7
1215890 1847.7
1215900 1844.5
1215910 1844.6
1215920 1844.6
1215930 1846.7
1215940 1847.4
1215950 1847.4
1215960 1844.1
1215970 1840.7
1215980 1840.7
1215990 1836.2
1216000 1830.9
1216010 1830.9
1216020 1827.8
1216030 1825.7
1216040 1825.7
1216050 1824.9
1216060 1825.0
1216070 1825.0
1216080 1826.1
1216090 1827.7
1216100 1830.2
1216110 1830.2
1216120 1832.0
1216130 1838.9
1216140 1838.9
1216150 1841.0
1216160 1842.9
1216170 1842.9
1216180 1844.3
1216190 1846.5
1216200 1846.5
1216210 1848.2
1216220 1850.4
1216230 1850.4
1216240 1852.3
1216250 1854.9
1216260 1854.9
1216270 1857.0
1216280 1859.9
1216290 1859.9
1216300 1863.5
1216310 1866.7
1216320 1866.7
1216330 1869.8
1216340 1873.7
1216350 1880.3
1216360 1880.3
1216370 1881.6
1216380 1882.7
1216390 1882.7
1216400 1883.6
1216410 1883.2
1216420 1883.2
1216430 1882.3
1216440 1884.0
1216450 1884.0
1216460 1891.2
1216470 1896.9
1216480 1896.9
1216490 1896.6
1216500 1894.8
1216510 1894.8
1216520 1892.3
1216530 1890.5
1216540 1890.5
1216550 1887.0
1216560 1883.9
1216570 1883.9
1216580 1879.9
1216590 1876.5
1216600 1874.2
1216610 1877.5
1216620 1876.8
1216630 1876.9
1216640 1876.9
1216650 1878.4
1216660 1880.7
1216670 1880.7
1216680 1883.4
1216690 1886.1
1216700 1886.1
1216710 1889.1
1216720 1891.9
1216730 1891.9
1216740 1894.2
1216750 1896.1
1216760 1896.1
1216770 1897.5
1216780 1898.4
1216790 1898.4
1216800 1898.5
1216810 1899.6
1216820 1899.6
1216830 1901.3
1216840 1902.9
1216850 1905.2
1216860 1905.2
1216870 1908.0
1216880 1911.0
1216890 1911.0
1216900 1914.0
1216910 1918.2
1216920 1918.2
1216930 1922.2
1216940 1926.3
1216950 1926.3
1216960 1930.5
1216970 1933.5
1216980 1933.5
1216990 1936.0
1217000 1938.3
1217010 1938.3
1217020 1941.0
1217030 1943.8
1217040 1943.8
1217050 1947.0
1217060 1950.0
1217070 1950.0
1217080 1955.2
1217090 1958.9
1217100 1959.8
1217110 1959.8
1217120 1961.6
1217130 1965.5
1217140 1965.5
1217150 1970.4
1217160 1974.9
1217170 1974.9
1217180 1978.7
1217190 1983.2
1217200 1983.2
1217210 1985.6
1217220 1987.4
1217230 1987.4
1217240 1989.8
1217250 1991.7
1217260 1991.7
1217270 1995.1
1217280 2003.5
1217290 2003.5
1217300 2009.8
1217310 2013.0
1217320 2013.0
1217330 2014.4
1217340 2018.9
1217350 2025.6
1217360 2025.6
1217370 2032.0
1217380 2035.1
1217390 2035.1
1217400 2036.6
1217410 2038.9
1217420 2038.9
1217430 2042.0
1217440 2044.9
1217450 2044.9
1217460 2045.9
1217470 2045.4
1217480 2045.4
1217490 2045.7
1217500 2049.5
1217510 2049.5
1217520 2053.8
1217530 2056.9
1217540 2056.9
1217550 2058.1
1217560 2063.5
1217570 2063.5
1217580 2063.6
1217590 2061.2
1217600 2057.2
1217610 2057.2
1217620 2054.9
1217630 2051.6
1217640 2051.6
1217650 2046.4
1217660 2040.5
1217670 2040.5
1217680 2035.0
1217690 2029.1
1217700 2029.1
1217710 2024.2
1217720 2019.7
1217730 2019.7
1217740 2014.9
1217750 2010.4
1217760 2010.4
1217770 2006.1
1217780 2001.1
1217790 2001.1
1217800 1995.8
1217810 1990.2
1217820 1990.2
1217830 1984.7
1217840 1979.1
1217850 1974.3
1217860 1974.3
1217870 1970.2
1217880 1967.6
1217890 1967.6
1217900 1966.9
1217910 1965.9
1217920 1965.9
1217930 1965.6
1217940 1965.6
1217950 1965.6
1217960 1966.6
1217970 1970.8
1217980 1970.8
1217990 1973.6
1218000 1973.5
1218010 1973.5
1218020 1972.5
1218030 1971.3
1218040 1975.2
1218050 1973.8
1218060 1970.1
1218070 1970.1
1218080 1969.9
1218090 1970.5
1218100 1970.2
1218110 1970.2
1218120 1968.8
1218130 1966.3
1218140 1966.3
1218150 1966.3
1218160 1966.5
1218170 1966.5
1218180 1963.5
1218190 1961.3
1218200 1961.3
1218210 1962.2
1218220 1963.8
1218230 1963.8
1218240 1966.9
1218250 1969.8
1218260 1969.8
1218270 1972.7
1218280 1976.1
1218290 1976.1
1218300 1979.6
1218310 1983.2
1218320 1983.2
1218330 1986.8
1218340 1990.3
1218350 1993.8
1218360 1993.8
1218370 1998.0
1218380 2002.4
1218390 2002.4
1218400 2005.6
1218410 2009.9
1218420 2009.9
1218430 2016.0
1218440 2020.7
1218450 2020.7
1218460 2025.0
1218470 2028.1
1218480 2028.1
1218490 2029.7
1218500 2031.4
1218510 2034.3
1218520 2035.8
1218530 2038.8
1218540 2038.8
1218550 2041.5
1218560 2044.0
1218570 2044.0
1218580 2046.4
1218590 2048.1
1218600 2049.9
1218610 2049.9
1218620 2052.8
1218630 2055.7
1218640 2055.7
1218650 2057.3
1218660 2056.5
1218670 2056.5
1218680 2054.9
1218690 2055.1
1218700 2055.1
1218710 2056.9
1218720 2058.8
1218730 2058.8
1218740 2059.9
1218750 2061.0
1218760 2061.0
1218770 2063.1
1218780 2065.6
1218790 2065.6
1218800 2068.0
1218810 2070.3
1218820 2070.3
1218830 2072.3
1218840 2073.9
1218850 2075.4
1218860 2075.4
1218870 2077.3
1218880 2079.7
1218890 2079.7
1218900 2082.0
1218910 2084.0
1218920 2084.0
1218930 2086.0
1218940 2088.2
1218950 2088.2
1218960 2090.1
1218970 2092.1
1218980 2092.1
1218990 2093.7
1219000 2096.1
1219010 2096.1
1219020 2098.8
1219030 2101.7
1219040 2101.7
1219050 2105.1
1219060 2108.2
1219070 2108.2
1219080 2110.9
1219090 2113.1
1219100 2114.5
1219110 2114.5
1219120 2115.4
1219130 2116.6
1219140 2116.6
1219150 2118.1
1219160 2120.2
1219170 2120.2
1219180 2121.9
1219190 2122.9
1219200 2122.9
1219210 2124.5
1219220 2126.4
1219230 2126.4
1219240 2128.9
1219250 2132.6
1219260 2132.6
1219270 2135.6
1219280 2138.1
1219290 2138.1
1219300 2139.8
1219310 2139.9
1219320 2139.9
1219330 2139.2
1219340 2136.7
1219350 2136.4
1219360 2136.4
1219370 2140.5
1219380 2144.8
1219390 2144.8
1219400 2148.8
1219410 2152.1
1219420 2152.1
1219430 2157.0
1219440 2162.9
1219450 2162.9
1219460 2168.0
1219470 2170.5
1219480 2170.5
1219490 2176.0
1219500 2181.8
1219510 2181.8
1219520 2188.0
1219530 2194.9
1219540 2194.9
1219550 2201.5
1219560 2208.4
1219570 2208.4
1219580 2215.1
1219590 2221.7
1219600 2228.9
1219610 2228.9
1219620 2236.2
1219630 2239.6
1219640 2239.6
1219650 2243.8
1219660 2249.3
1219670 2249.3
1219680 2259.4
1219690 2266.5
1219700 2266.5
1219710 2270.8
1219720 2273.8
1219730 2273.8
1219740 2273.3
1219750 2273.8
1219760 2273.8
1219770 2274.7
1219780 2276.2
1219790 2276.2
1219800 2279.4
1219810 2285.1
1219820 2285.1
1219830 2295.0
1219840 2308.8
1219850 2316.9
1219860 2316.9
1219870 2315.8
1219880 2315.8
1219890 2315.8
1219900 2310.0
1219910 2302.8
1219920 2302.8
1219930 2296.1
1219940 2289.1
1219950 2290.3
1219960 2279.5
1219970 2269.6
1219980 2269.6
1219990 2260.9
