1200000 968.8
1200010 973.4
1200020 978.0
1200030 978.0
1200040 984.0
1200050 991.3
1200060 991.3
1200070 996.3
1200080 999.8
1200090 999.8
1200100 1002.0
1200110 992.8
1200120 992.8
1200130 995.2
1200140 998.6
1200150 998.6
1200160 1002.2
1200170 1005.5
1200180 1010.5
1200190 1010.5
1200200 1015.3
1200210 1019.5
1200220 1019.5
1200230 1024.0
1200240 1028.6
1200250 1028.6
1200260 1032.7
1200270 1035.9
1200280 1035.9
1200290 1037.6
1200300 1040.2
1200310 1040.2
1200320 1041.8
1200330 1044.4
1200340 1044.4
1200350 1049.4
1200360 1055.6
1200370 1055.6
1200380 1056.9
1200390 1060.0
1200400 1060.0
1200410 1064.1
1200420 1066.4
1200430 1066.6
1200440 1066.6
1200450 1070.2
1200460 1077.3
1200470 1077.3
1200480 1082.0
1200490 1085.9
1200500 1085.9
1200510 1092.3
1200520 1100.9
1200530 1100.9
1200540 1109.3
1200550 1107.9
1200560 1107.9
1200570 1112.8
1200580 1117.5
1200590 1117.5
1200600 1118.9
1200610 1116.5
1200620 1116.5
1200630 1110.4
1200640 1104.3
1200650 1104.3
1200660 1103.7
1200670 1104.2
1200680 1104.2
1200690 1106.4
1200700 1107.8
1200710 1110.2
1200720 1110.2
1200730 1112.9
1200740 1116.0
1200750 1116.0
1200760 1118.0
1200770 1122.9
1200780 1122.9
1200790 1130.7
1200800 1141.0
1200810 1141.0
1200820 1150.0
1200830 1156.8
1200840 1156.8
1200850 1160.8
1200860 1161.4
1200870 1161.4
1200880 1158.0
1200890 1153.0
1200900 1153.0
1200910 1145.1
1200920 1131.2
1200930 1131.2
1200940 1117.8
1200950 1115.6
1200960 1121.5
1200970 1121.5
1200980 1128.9
1200990 1133.4
1201000 1122.9
1201010 1126.4
1201020 1123.7
1201030 1123.7
1201040 1123.4
1201050 1120.9
1201060 1120.9
1201070 1117.5
1201080 1115.5
1201090 1115.5
1201100 1112.6
1201110 1108.9
1201120 1108.9
1201130 1105.1
1201140 1099.5
1201150 1099.5
1201160 1093.8
1201170 1084.5
1201180 1084.5
1201190 1078.7
1201200 1077.5
1201210 1077.1
1201220 1077.1
1201230 1077.5
1201240 1076.8
1201250 1076.8
1201260 1075.8
1201270 1075.3
1201280 1075.3
1201290 1074.6
1201300 1072.2
1201310 1072.2
1201320 1070.2
1201330 1070.6
1201340 1070.6
1201350 1067.2
1201360 1065.3
1201370 1065.3
1201380 1064.5
1201390 1063.4
1201400 1063.4
1201410 1062.5
1201420 1061.8
1201430 1061.8
1201440 1060.0
1201450 1051.2
1201460 1046.6
1201470 1046.6
1201480 1045.5
1201490 1045.7
1201500 1045.7
1201510 1044.0
1201520 1042.1
1201530 1042.1
1201540 1038.7
1201550 1036.8
1201560 1036.8
1201570 1035.1
1201580 1033.7
1201590 1033.7
1201600 1032.6
1201610 1032.2
1201620 1032.2
1201630 1031.2
1201640 1029.6
1201650 1029.6
1201660 1027.2
1201670 1025.4
1201680 1025.4
1201690 1022.7
1201700 1022.0
1201710 1020.3
1201720 1020.3
1201730 1020.7
1201740 1020.9
1201750 1020.9
1201760 1020.5
1201770 1018.2
1201780 1018.2
1201790 1016.0
1201800 1012.9
1201810 1012.9
1201820 1010.3
1201830 1010.6
1201840 1010.6
1201850 1008.8
1201860 1008.0
1201870 1008.0
1201880 1008.1
1201890 1006.3
1201900 1002.0
1201910 999.4
1201920 996.8
1201930 996.8
1201940 995.1
1201950 994.1
1201960 993.3
1201970 993.3
1201980 992.6
1201990 992.4
1202000 992.4
1202010 992.8
1202020 993.7
1202030 993.7
1202040 994.2
1202050 993.8
1202060 993.8
1202070 993.8
1202080 993.7
1202090 993.7
1202100 993.7
1202110 993.8
1202120 993.8
1202130 993.8
1202140 993.9
1202150 993.9
1202160 994.7
1202170 996.0
1202180 996.0
1202190 998.4
1202200 1001.4
1202210 1004.2
1202220 1004.2
1202230 1007.2
1202240 1010.5
1202250 1010.5
1202260 1013.7
1202270 1015.5
1202280 1015.5
1202290 1016.5
1202300 1018.0
1202310 1018.0
1202320 1019.0
1202330 1018.7
1202340 1018.7
1202350 1010.3
1202360 1009.1
1202370 1009.1
1202380 1008.1
1202390 1007.3
1202400 1007.3
1202410 1006.5
1202420 1004.9
1202430 1004.9
1202440 1002.9
1202450 1001.0
1202460 1001.0
1202470 1001.1
1202480 1002.7
1202490 1004.4
1202500 1004.4
1202510 1006.1
1202520 1007.3
1202530 1007.3
1202540 1008.5
1202550 1009.3
1202560 1009.3
1202570 1009.3
1202580 1008.6
1202590 1008.6
1202600 1009.3
1202610 1011.9
1202620 1011.9
1202630 1012.3
1202640 1012.2
1202650 1012.2
1202660 1013.2
1202670 1011.6
1202680 1011.6
1202690 1008.1
1202700 1003.3
1202710 1003.3
1202720 999.5
1202730 997.0
1202740 994.0
1202750 994.0
1202760 990.8
1202770 988.5
1202780 988.5
1202790 986.8
1202800 982.0
1202810 982.0
1202820 980.8
1202830 978.1
1202840 978.1
1202850 973.9
1202860 968.9
1202870 968.9
1202880 963.9
1202890 959.6
1202900 959.6
1202910 955.7
1202920 951.5
1202930 951.5
1202940 947.2
1202950 943.3
1202960 943.3
1202970 938.4
1202980 933.5
1202990 928.5
1203000 928.5
1203010 923.0
1203020 916.8
1203030 916.8
1203040 911.2
1203050 906.5
1203060 906.5
1203070 902.1
1203080 897.9
1203090 897.9
1203100 893.7
1203110 888.1
1203120 888.1
1203130 880.7
1203140 873.1
1203150 873.1
1203160 866.3
1203170 860.2
1203180 860.2
1203190 854.4
1203200 848.6
1203210 848.6
1203220 842.6
1203230 836.5
1203240 830.7
1203250 830.7
1203260 826.1
1203270 822.3
1203280 822.3
1203290 818.3
1203300 815.6
1203310 815.6
1203320 813.5
1203330 811.5
1203340 811.5
1203350 809.4
1203360 807.9
1203370 807.9
1203380 807.1
1203390 803.4
1203400 803.4
1203410 798.2
1203420 794.4
1203430 794.4
1203440 792.2
1203450 790.1
1203460 790.1
1203470 788.0
1203480 785.9
1203490 784.8
1203500 784.8
1203510 783.4
1203520 781.9
1203530 781.9
1203540 780.0
1203550 777.8
1203560 777.8
1203570 776.5
1203580 774.7
1203590 774.7
1203600 773.1
1203610 771.2
1203620 771.2
1203630 769.3
1203640 767.8
1203650 767.8
1203660 766.6
1203670 765.2
1203680 765.2
1203690 763.7
1203700 762.7
1203710 761.5
1203720 760.2
1203730 759.0
1203740 758.6
1203750 758.6
1203760 760.0
1203770 762.3
1203780 762.3
1203790 764.0
1203800 764.2
1203810 764.2
1203820 761.7
1203830 757.5
1203840 757.5
1203850 753.6
1203860 747.9
1203870 747.9
1203880 742.6
1203890 740.7
1203900 740.7
1203910 740.8
1203920 741.2
1203930 741.2
1203940 740.7
1203950 739.5
1203960 739.5
1203970 738.3
1203980 736.3
1203990 731.4
1204000 731.4
1204010 726.4
1204020 724.6
1204030 724.6
1204040 723.8
1204050 722.7
1204060 722.7
1204070 721.6
1204080 720.6
1204090 720.6
1204100 719.3
1204110 717.6
1204120 717.6
1204130 716.0
1204140 715.3
1204150 715.3
1204160 714.7
1204170 714.2
1204180 714.2
1204190 713.4
1204200 711.6
1204210 711.6
1204220 709.7
1204230 708.8
1204240 708.0
1204250 708.0
1204260 706.9
1204270 705.9
1204280 705.9
1204290 704.8
1204300 703.6
1204310 703.6
1204320 702.8
1204330 702.4
1204340 702.4
1204350 702.0
1204360 701.8
1204370 701.8
1204380 701.6
1204390 701.4
1204400 701.4
1204410 701.3
1204420 701.0
1204430 701.0
1204440 700.3
1204450 698.4
1204460 698.4
1204470 694.8
1204480 691.0
1204490 691.0
1204500 688.3
1204510 687.1
1204520 686.4
1204530 686.4
1204540 686.3
1204550 686.2
1204560 686.2
1204570 686.2
1204580 686.5
1204590 686.5
1204600 689.7
1204610 698.2
1204620 700.8
1204630 707.4
1204640 707.8
1204650 707.8
1204660 708.0
1204670 709.1
1204680 709.1
1204690 710.4
1204700 710.4
1204710 710.4
1204720 710.5
1204730 711.4
1204740 711.4
1204750 711.8
1204760 713.1
1204770 714.3
1204780 714.3
1204790 715.4
1204800 715.0
1204810 715.0
1204820 714.9
1204830 714.9
1204840 714.9
1204850 715.6
1204860 718.0
1204870 718.0
1204880 720.5
1204890 721.8
1204900 721.8
1204910 721.9
1204920 721.2
1204930 721.2
1204940 719.2
1204950 718.9
1204960 718.9
1204970 721.9
1204980 728.1
1204990 728.1
1205000 732.2
1205010 735.1
1205020 734.9
1205030 734.9
1205040 733.4
1205050 730.2
1205060 730.2
1205070 725.4
1205080 724.9
1205090 724.9
1205100 725.2
1205110 725.7
1205120 725.7
1205130 725.8
1205140 726.0
1205150 726.0
1205160 726.9
1205170 727.4
1205180 727.4
1205190 727.4
1205200 729.7
1205210 729.7
1205220 729.1
1205230 727.2
1205240 727.2
1205250 725.7
1205260 726.8
1205270 727.8
1205280 727.8
1205290 726.8
1205300 725.4
1205310 725.4
1205320 725.7
1205330 726.0
1205340 726.0
1205350 726.0
1205360 726.0
1205370 726.0
1205380 726.0
1205390 725.9
1205400 725.9
1205410 726.5
1205420 727.6
1205430 727.6
1205440 728.8
1205450 730.1
1205460 730.1
1205470 732.8
1205480 738.3
1205490 738.3
1205500 741.4
1205510 743.3
1205520 744.4
1205530 744.6
1205540 745.6
1205550 746.1
1205560 746.1
1205570 747.1
1205580 746.2
1205590 746.2
1205600 747.2
1205610 749.0
1205620 749.0
1205630 748.6
1205640 748.3
1205650 748.3
1205660 747.3
1205670 744.3
1205680 744.3
1205690 741.4
1205700 739.4
1205710 739.4
1205720 736.6
1205730 733.9
1205740 733.9
1205750 730.4
1205760 727.4
1205770 726.5
1205780 726.5
1205790 726.9
1205800 727.4
1205810 727.4
1205820 728.0
1205830 731.5
1205840 731.5
1205850 734.1
1205860 732.5
1205870 732.5
1205880 729.8
1205890 727.7
1205900 727.7
1205910 726.9
1205920 725.8
1205930 725.8
1205940 724.3
1205950 722.5
1205960 722.5
1205970 720.0
1205980 722.7
1205990 722.7
1206000 719.8
1206010 718.2
1206020 719.4
1206030 719.4
1206040 719.9
1206050 717.6
1206060 717.6
1206070 719.5
1206080 724.2
1206090 724.2
1206100 730.3
1206110 732.1
1206120 732.1
1206130 732.9
1206140 732.5
1206150 732.5
1206160 730.5
1206170 728.9
1206180 728.9
1206190 728.4
1206200 728.3
1206210 728.3
1206220 728.3
1206230 727.7
1206240 727.7
1206250 725.6
1206260 724.2
1206270 724.2
1206280 724.9
1206290 724.7
1206300 723.0
1206310 723.0
1206320 720.7
1206330 719.4
1206340 719.4
1206350 718.9
1206360 718.7
1206370 718.7
1206380 718.4
1206390 718.6
1206400 718.6
1206410 719.1
1206420 719.5
1206430 719.5
1206440 720.4
1206450 722.0
1206460 722.0
1206470 725.0
1206480 728.4
1206490 728.4
1206500 731.2
1206510 732.8
1206520 732.8
1206530 735.3
1206540 740.9
1206550 745.6
1206560 745.6
1206570 748.1
1206580 751.3
1206590 751.3
1206600 753.0
1206610 752.1
1206620 752.1
1206630 752.4
1206640 753.8
1206650 753.8
1206660 756.4
1206670 758.8
1206680 758.8
1206690 761.5
1206700 765.7
1206710 765.7
1206720 767.8
1206730 768.8
1206740 768.8
1206750 768.0
1206760 766.0
1206770 766.0
1206780 765.5
1206790 763.9
1206800 761.2
1206810 761.2
1206820 758.1
1206830 754.2
1206840 754.2
1206850 750.7
1206860 749.0
1206870 749.0
1206880 748.3
1206890 746.3
1206900 754.2
1206910 752.9
1206920 750.2
1206930 750.2
1206940 746.4
1206950 743.5
1206960 743.5
1206970 743.3
1206980 745.6
1206990 745.6
1207000 748.3
1207010 749.1
1207020 749.1
1207030 745.7
1207040 743.6
1207050 742.0
1207060 742.0
1207070 737.6
1207080 735.5
1207090 735.5
1207100 734.6
1207110 733.2
1207120 733.2
1207130 731.5
1207140 730.3
1207150 730.3
1207160 730.5
1207170 731.4
1207180 731.4
1207190 732.6
1207200 733.4
1207210 733.4
1207220 737.0
1207230 740.8
1207240 740.8
1207250 744.2
1207260 745.5
1207270 745.5
1207280 742.8
1207290 740.2
1207300 740.1
1207310 740.1
1207320 739.6
1207330 738.9
1207340 738.9
1207350 738.9
1207360 740.8
1207370 740.8
1207380 743.0
1207390 744.2
1207400 744.2
1207410 743.6
1207420 740.7
1207430 740.7
1207440 738.0
1207450 735.8
1207460 735.8
1207470 735.9
1207480 736.2
1207490 736.2
1207500 737.0
1207510 737.6
1207520 737.6
1207530 737.3
1207540 737.6
1207550 739.0
1207560 739.0
1207570 741.6
1207580 744.0
1207590 744.0
1207600 747.1
1207610 752.2
1207620 752.2
1207630 757.3
1207640 761.0
1207650 761.0
1207660 763.1
1207670 764.0
1207680 764.0
1207690 764.9
1207700 765.0
1207710 765.0
1207720 765.0
1207730 764.2
1207740 764.2
1207750 762.9
1207760 763.1
1207770 763.1
1207780 764.5
1207790 764.9
1207800 767.2
1207810 767.2
1207820 764.1
1207830 764.6
1207840 764.6
1207850 767.5
1207860 768.2
1207870 768.2
1207880 768.6
1207890 768.6
1207900 768.6
1207910 768.1
1207920 767.6
1207930 767.6
1207940 768.0
1207950 767.8
1207960 767.8
1207970 767.9
1207980 768.6
1207990 768.6
1208000 767.9
1208010 768.4
1208020 768.4
1208030 768.0
1208040 769.0
1208050 769.0
1208060 770.6
1208070 773.0
1208080 771.1
1208090 771.1
1208100 771.0
1208110 771.7
1208120 771.7
1208130 772.8
1208140 773.1
1208150 773.1
1208160 773.3
1208170 773.2
1208180 773.2
1208190 773.6
1208200 771.7
1208210 771.7
1208220 770.9
1208230 770.1
1208240 770.1
1208250 769.6
1208260 768.5
1208270 768.5
1208280 767.6
1208290 766.0
1208300 766.0
1208310 763.7
1208320 760.7
1208330 758.7
1208340 758.7
1208350 755.5
1208360 754.1
1208370 754.1
1208380 757.9
1208390 762.9
1208400 762.9
1208410 767.8
1208420 771.6
1208430 771.6
1208440 773.5
1208450 775.1
1208460 775.1
1208470 775.5
1208480 775.2
1208490 775.2
1208500 771.3
1208510 763.3
1208520 763.3
1208530 755.6
1208540 748.3
1208550 748.3
1208560 741.3
1208570 734.7
1208580 728.4
1208590 728.4
1208600 722.4
1208610 719.1
1208620 719.1
1208630 718.6
1208640 718.4
1208650 718.4
1208660 718.4
1208670 717.7
1208680 717.7
1208690 717.4
1208700 717.8
1208710 717.8
1208720 717.7
1208730 716.8
1208740 716.9
1208750 715.3
1208760 715.6
1208770 715.6
1208780 715.7
1208790 714.6
1208800 714.6
1208810 713.5
1208820 713.1
1208830 712.8
1208840 712.8
1208850 712.6
1208860 712.4
1208870 712.4
1208880 712.2
1208890 711.1
1208900 711.1
1208910 709.7
1208920 709.6
1208930 709.6
1208940 710.0
1208950 711.9
1208960 711.9
1208970 712.5
1208980 712.3
1208990 712.3
1209000 712.2
1209010 713.4
1209020 713.4
1209030 717.7
1209040 723.5
1209050 723.5
1209060 730.4
1209070 735.5
1209080 738.9
1209090 738.9
1209100 746.1
1209110 749.7
1209120 749.7
1209130 752.1
1209140 755.4
1209150 755.4
1209160 759.4
1209170 764.5
1209180 764.5
1209190 770.0
1209200 777.9
1209210 777.9
1209220 782.3
1209230 787.6
1209240 787.6
1209250 793.7
1209260 800.2
1209270 800.2
1209280 806.5
1209290 812.9
1209300 812.9
1209310 819.7
1209320 825.9
1209330 832.5
1209340 832.5
1209350 839.3
1209360 845.3
1209370 845.3
1209380 851.1
1209390 857.7
1209400 857.7
1209410 864.5
1209420 871.1
1209430 871.1
1209440 882.4
1209450 890.8
1209460 890.8
1209470 902.9
1209480 916.0
1209490 916.0
1209500 933.4
1209510 952.9
1209520 952.9
1209530 964.6
1209540 978.1
1209550 978.1
1209560 989.6
1209570 1001.3
1209580 1010.4
1209590 1010.4
1209600 1020.9
1209610 1032.4
1209620 1032.4
1209630 1042.2
1209640 1053.1
1209650 1053.1
1209660 1061.3
1209670 1069.6
1209680 1069.6
1209690 1076.9
1209700 1083.7
1209710 1083.7
1209720 1095.4
1209730 1104.1
1209740 1104.1
1209750 1112.4
1209760 1118.6
1209770 1118.6
1209780 1123.9
1209790 1128.5
1209800 1128.5
1209810 1132.2
1209820 1137.2
1209830 1142.3
1209840 1142.3
1209850 1147.5
1209860 1151.8
1209870 1151.8
1209880 1156.4
1209890 1161.4
1209900 1161.4
1209910 1166.1
1209920 1170.1
1209930 1170.1
1209940 1173.0
1209950 1175.9
1209960 1175.9
1209970 1180.1
1209980 1180.8
1209990 1180.8
1210000 1180.8
1210010 1182.4
1210020 1182.4
1210030 1185.3
1210040 1189.1
1210050 1189.1
1210060 1191.3
1210070 1192.4
1210080 1192.4
1210090 1195.1
1210100 1200.1
1210110 1204.4
1210120 1200.1
1210130 1203.2
1210140 1205.2
1210150 1205.2
1210160 1207.4
1210170 1210.0
1210180 1210.0
1210190 1213.1
1210200 1216.5
1210210 1216.5
1210220 1222.6
1210230 1234.5
1210240 1234.5
1210250 1244.1
1210260 1251.2
1210270 1251.2
1210280 1256.7
1210290 1260.9
1210300 1260.9
1210310 1266.3
1210320 1274.7
1210330 1274.7
1210340 1278.9
1210350 1282.1
1210360 1284.6
1210370 1284.6
1210380 1286.7
1210390 1289.6
1210400 1289.6
1210410 1292.4
1210420 1295.2
1210430 1295.2
1210440 1298.7
1210450 1301.7
1210460 1301.7
1210470 1304.9
1210480 1309.3
1210490 1309.3
1210500 1313.3
1210510 1316.9
1210520 1316.9
1210530 1321.7
1210540 1328.7
1210550 1328.7
1210560 1335.8
1210570 1339.4
1210580 1339.4
1210590 1337.6
1210600 1343.0
1210610 1348.5
1210620 1348.5
1210630 1355.4
1210640 1361.8
1210650 1361.8
1210660 1366.4
1210670 1370.5
1210680 1370.5
1210690 1374.4
1210700 1378.1
1210710 1378.1
1210720 1381.8
1210730 1386.0
1210740 1386.0
1210750 1391.6
1210760 1397.7
1210770 1397.7
1210780 1402.6
1210790 1408.7
1210800 1408.7
1210810 1415.4
1210820 1420.1
1210830 1420.1
1210840 1424.9
1210850 1429.3
1210860 1432.2
1210870 1432.2
1210880 1435.2
1210890 1438.6
1210900 1438.6
1210910 1442.0
1210920 1446.3
1210930 1446.3
1210940 1451.2
1210950 1454.4
1210960 1454.4
1210970 1457.2
1210980 1460.0
1210990 1460.0
1211000 1463.9
1211010 1466.6
1211020 1466.6
1211030 1466.7
1211040 1466.2
1211050 1461.2
1211060 1461.3
1211070 1461.6
1211080 1461.6
1211090 1461.5
1211100 1460.9
1211110 1460.4
1211120 1460.4
1211130 1460.7
1211140 1460.8
1211150 1460.8
1211160 1460.5
1211170 1461.2
1211180 1461.2
1211190 1463.0
1211200 1463.1
1211210 1463.1
1211220 1462.5
1211230 1464.0
1211240 1464.0
1211250 1465.7
1211260 1468.4
1211270 1468.4
1211280 1469.0
1211290 1471.5
1211300 1471.5
1211310 1475.2
1211320 1480.4
1211330 1480.4
1211340 1482.8
1211350 1484.6
1211360 1485.0
1211370 1485.0
1211380 1485.4
1211390 1487.3
1211400 1487.3
1211410 1493.5
1211420 1499.2
1211430 1499.2
1211440 1501.7
1211450 1503.5
1211460 1503.5
1211470 1503.2
1211480 1503.0
1211490 1503.0
1211500 1504.3
1211510 1506.0
1211520 1497.1
1211530 1499.3
1211540 1499.3
1211550 1499.3
1211560 1499.6
1211570 1500.6
1211580 1500.6
1211590 1501.5
1211600 1501.9
1211610 1501.3
1211620 1501.3
1211630 1500.6
1211640 1503.6
1211650 1503.6
1211660 1507.3
1211670 1509.2
1211680 1509.2
1211690 1509.1
1211700 1509.9
1211710 1509.9
1211720 1512.3
1211730 1515.1
1211740 1515.1
1211750 1517.3
1211760 1519.1
1211770 1519.1
1211780 1521.4
1211790 1523.7
1211800 1523.7
1211810 1526.3
1211820 1529.5
1211830 1529.5
1211840 1531.8
1211850 1534.1
1211860 1534.8
1211870 1534.8
1211880 1534.5
1211890 1534.1
1211900 1534.1
1211910 1533.8
1211920 1532.7
1211930 1532.7
1211940 1531.5
1211950 1530.0
1211960 1530.0
1211970 1528.5
1211980 1520.3
1211990 1520.3
1212000 1518.6
1212010 1515.7
1212020 1515.7
1212030 1514.9
1212040 1516.9
1212050 1516.9
1212060 1518.9
1212070 1518.5
1212080 1518.5
1212090 1517.8
1212100 1517.6
1212110 1517.6
1212120 1517.5
1212130 1516.6
1212140 1513.1
1212150 1513.1
1212160 1509.5
1212170 1507.1
1212180 1507.1
1212190 1505.0
1212200 1503.2
1212210 1503.2
1212220 1502.7
1212230 1501.3
1212240 1501.3
1212250 1495.9
1212260 1491.0
1212270 1491.0
1212280 1487.5
1212290 1483.8
1212300 1483.8
1212310 1481.3
1212320 1481.1
1212330 1481.1
1212340 1483.1
1212350 1484.9
1212360 1484.9
1212370 1485.4
1212380 1483.2
1212390 1478.6
1212400 1478.6
1212410 1474.3
1212420 1470.5
1212430 1470.5
1212440 1468.7
1212450 1463.8
1212460 1463.8
1212470 1456.8
1212480 1452.3
1212490 1452.3
1212500 1452.5
1212510 1454.5
1212520 1454.5
1212530 1454.0
1212540 1450.5
1212550 1450.5
1212560 1445.9
1212570 1437.1
1212580 1437.1
1212590 1431.1
1212600 1427.0
1212610 1427.0
1212620 1423.5
1212630 1418.7
1212640 1411.2
1212650 1411.2
1212660 1404.9
1212670 1400.3
1212680 1400.3
1212690 1397.0
1212700 1393.2
1212710 1393.2
1212720 1389.2
1212730 1385.7
1212740 1385.7
1212750 1382.4
1212760 1379.0
1212770 1379.0
1212780 1373.6
1212790 1363.3
1212800 1363.3
1212810 1355.5
1212820 1352.0
1212830 1352.0
1212840 1350.4
1212850 1347.1
1212860 1347.1
1212870 1340.8
1212880 1337.6
1212890 1338.7
1212900 1338.7
1212910 1335.4
1212920 1322.0
1212930 1322.0
1212940 1317.9
1212950 1316.6
1212960 1316.6
1212970 1313.9
1212980 1310.7
1212990 1310.7
1213000 1307.5
1213010 1304.8
1213020 1304.8
1213030 1300.8
1213040 1294.7
1213050 1294.7
1213060 1290.8
1213070 1287.6
1213080 1287.6
1213090 1281.8
1213100 1277.0
1213110 1277.0
1213120 1275.2
1213130 1274.6
1213140 1273.5
1213150 1273.5
1213160 1271.5
1213170 1269.7
1213180 1269.7
1213190 1268.2
1213200 1266.4
1213210 1266.4
1213220 1265.9
1213230 1264.8
1213240 1264.8
1213250 1259.1
1213260 1255.2
1213270 1255.2
1213280 1254.6
1213290 1253.8
1213300 1253.8
1213310 1252.7
1213320 1252.1
1213330 1252.1
1213340 1251.7
1213350 1252.0
1213360 1252.0
1213370 1253.0
1213380 1257.0
1213390 1255.8
1213400 1255.8
1213410 1259.3
1213420 1263.9
1213430 1263.9
1213440 1264.4
1213450 1262.7
1213460 1262.7
1213470 1264.4
1213480 1265.5
1213490 1265.5
1213500 1266.9
1213510 1268.9
1213520 1268.9
1213530 1270.8
1213540 1272.1
1213550 1272.1
1213560 1274.0
1213570 1275.5
1213580 1275.5
1213590 1276.2
1213600 1275.6
1213610 1275.6
1213620 1274.8
1213630 1273.9
1213640 1273.3
1213650 1273.3
1213660 1273.2
1213670 1274.1
1213680 1274.1
1213690 1275.6
1213700 1276.7
1213710 1276.7
1213720 1277.8
1213730 1279.7
1213740 1279.7
1213750 1282.8
1213760 1286.0
1213770 1286.0
1213780 1286.3
1213790 1287.2
1213800 1287.2
1213810 1289.6
1213820 1289.9
1213830 1289.9
1213840 1288.9
1213850 1284.7
1213860 1284.7
1213870 1287.6
1213880 1285.7
1213890 1283.9
1213900 1283.9
1213910 1283.0
1213920 1283.8
1213930 1283.8
1213940 1284.3
1213950 1285.0
1213960 1285.0
1213970 1283.8
1213980 1282.8
1213990 1282.8
1214000 1282.5
1214010 1282.2
1214020 1282.2
1214030 1281.7
1214040 1280.5
1214050 1280.5
1214060 1279.4
1214070 1279.2
1214080 1279.2
1214090 1279.8
1214100 1280.9
1214110 1280.9
1214120 1281.3
1214130 1281.4
1214140 1281.7
1214150 1281.7
1214160 1282.2
1214170 1282.8
1214180 1282.8
1214190 1283.3
1214200 1283.9
1214210 1283.9
1214220 1284.4
1214230 1284.4
1214240 1284.4
1214250 1283.1
1214260 1283.0
1214270 1283.0
1214280 1284.1
1214290 1285.7
1214300 1285.7
1214310 1287.1
1214320 1288.1
1214330 1288.1
1214340 1288.6
1214350 1288.9
1214360 1288.9
1214370 1289.1
1214380 1289.4
1214390 1289.4
1214400 1289.9
1214410 1290.8
1214420 1292.1
1214430 1292.1
1214440 1293.4
1214450 1294.6
1214460 1294.6
1214470 1295.6
1214480 1295.8
1214490 1295.8
1214500 1295.5
1214510 1295.9
1214520 1295.9
1214530 1297.4
1214540 1299.5
1214550 1299.5
1214560 1300.9
1214570 1302.0
1214580 1302.0
1214590 1303.8
1214600 1305.0
1214610 1305.0
1214620 1305.1
1214630 1305.5
1214640 1305.5
1214650 1306.2
1214660 1307.1
1214670 1307.2
1214680 1307.2
1214690 1307.8
1214700 1307.7
1214710 1307.7
1214720 1307.9
1214730 1308.4
1214740 1308.4
1214750 1309.3
1214760 1309.9
1214770 1309.9
1214780 1310.4
1214790 1310.7
1214800 1312.0
1214810 1312.2
1214820 1312.7
1214830 1312.7
1214840 1313.4
1214850 1314.5
1214860 1314.5
1214870 1315.8
1214880 1317.2
1214890 1317.2
1214900 1318.1
1214910 1320.1
1214920 1324.5
1214930 1324.5
1214940 1328.0
1214950 1330.6
1214960 1330.6
1214970 1331.7
1214980 1328.0
1214990 1328.0
1215000 1325.7
1215010 1325.7
1215020 1325.7
1215030 1326.0
1215040 1325.7
1215050 1325.7
1215060 1326.5
1215070 1327.5
1215080 1327.5
1215090 1328.4
1215100 1330.1
1215110 1330.1
1215120 1331.7
1215130 1332.6
1215140 1332.6
1215150 1332.3
1215160 1332.2
1215170 1332.5
1215180 1332.5
1215190 1333.0
1215200 1333.6
1215210 1333.6
1215220 1334.3
1215230 1334.9
1215240 1334.9
1215250 1335.9
1215260 1337.2
1215270 1336.6
1215280 1337.3
1215290 1338.3
1215300 1338.3
1215310 1339.6
1215320 1341.5
1215330 1341.5
1215340 1342.7
1215350 1344.4
1215360 1344.4
1215370 1346.1
1215380 1347.4
1215390 1347.4
1215400 1348.3
1215410 1349.0
1215420 1349.9
1215430 1349.9
1215440 1351.0
1215450 1352.5
1215460 1352.5
1215470 1355.1
1215480 1359.1
1215490 1359.1
1215500 1363.0
1215510 1365.6
1215520 1365.6
1215530 1366.9
1215540 1367.8
1215550 1367.8
1215560 1368.6
1215570 1368.9
1215580 1368.9
1215590 1369.1
1215600 1369.9
1215610 1369.9
1215620 1371.2
1215630 1371.9
1215640 1371.9
1215650 1372.6
1215660 1372.4
1215670 1373.3
1215680 1373.3
1215690 1375.8
1215700 1378.1
1215710 1378.1
1215720 1379.3
1215730 1380.8
1215740 1378.9
1215750 1381.0
1215760 1381.7
1215770 1381.7
1215780 1381.8
1215790 1381.4
1215800 1381.4
1215810 1380.9
1215820 1380.2
1215830 1380.2
1215840 1379.9
1215850 1380.0
1215860 1380.0
1215870 1379.0
1215880 1379.1
1215890 1379.1
1215900 1381.1
1215910 1382.6
1215920 1384.5
1215930 1384.5
1215940 1386.3
1215950 1390.2
1215960 1390.2
1215970 1394.5
1215980 1396.2
1215990 1396.2
1216000 1397.6
1216010 1398.6
1216020 1398.6
1216030 1399.2
1216040 1402.1
1216050 1402.1
1216060 1406.2
1216070 1410.5
1216080 1410.5
1216090 1415.8
1216100 1418.6
1216110 1418.6
1216120 1419.2
1216130 1420.2
1216140 1420.2
1216150 1422.1
1216160 1421.2
1216170 1419.9
1216180 1419.9
1216190 1420.1
1216200 1421.0
1216210 1425.0
1216220 1426.0
1216230 1428.4
1216240 1428.4
1216250 1431.3
1216260 1433.1
1216270 1433.1
1216280 1434.6
1216290 1438.8
1216300 1438.8
1216310 1442.3
1216320 1445.1
1216330 1445.1
1216340 1446.9
1216350 1452.5
1216360 1452.5
1216370 1459.3
1216380 1464.3
1216390 1464.3
1216400 1468.7
1216410 1475.7
1216420 1480.6
1216430 1480.6
1216440 1484.7
1216450 1490.4
1216460 1490.4
1216470 1496.5
1216480 1503.3
1216490 1503.3
1216500 1509.4
1216510 1515.1
1216520 1515.1
1216530 1521.3
1216540 1528.0
1216550 1528.0
1216560 1533.5
1216570 1537.3
1216580 1537.3
1216590 1540.1
1216600 1540.9
1216610 1540.9
1216620 1540.8
1216630 1540.9
1216640 1540.9
1216650 1544.0
1216660 1550.8
1216670 1550.8
1216680 1557.6
1216690 1562.4
1216700 1564.5
1216710 1564.5
1216720 1566.3
1216730 1568.6
1216740 1568.6
1216750 1571.0
1216760 1572.9
1216770 1572.9
1216780 1573.8
1216790 1575.1
1216800 1575.1
1216810 1577.1
1216820 1580.7
1216830 1580.7
1216840 1583.8
1216850 1586.4
1216860 1586.4
1216870 1588.4
1216880 1589.3
1216890 1589.3
1216900 1590.2
1216910 1591.9
1216920 1591.9
1216930 1594.1
1216940 1595.5
1216950 1597.9
1216960 1597.9
1216970 1600.7
1216980 1603.8
1216990 1603.8
1217000 1606.8
1217010 1610.0
1217020 1610.0
1217030 1613.6
1217040 1616.5
1217050 1616.5
1217060 1619.2
1217070 1623.2
1217080 1623.2
1217090 1627.6
1217100 1628.3
1217110 1628.3
1217120 1629.7
1217130 1632.1
1217140 1632.1
1217150 1635.0
1217160 1639.7
1217170 1639.7
1217180 1640.7
1217190 1641.7
1217200 1642.4
1217210 1642.4
1217220 1644.9
1217230 1649.5
1217240 1649.5
1217250 1654.7
1217260 1656.5
1217270 1656.5
1217280 1661.8
1217290 1666.6
1217300 1666.6
1217310 1671.0
1217320 1674.2
1217330 1674.2
1217340 1676.9
1217350 1678.9
1217360 1678.9
1217370 1681.5
1217380 1685.9
1217390 1685.9
1217400 1689.7
1217410 1693.0
1217420 1693.0
1217430 1696.6
1217440 1700.9
1217450 1703.9
1217460 1703.9
1217470 1702.2
1217480 1694.7
1217490 1694.7
1217500 1687.7
1217510 1681.6
1217520 1681.6
1217530 1678.6
1217540 1679.2
1217550 1679.2
1217560 1681.8
1217570 1687.5
1217580 1687.5
1217590 1694.0
1217600 1699.9
1217610 1699.9
1217620 1705.6
1217630 1710.0
1217640 1716.6
1217650 1714.9
1217660 1712.5
1217670 1712.5
1217680 1716.0
1217690 1723.5
1217700 1731.2
1217710 1731.2
1217720 1738.9
1217730 1747.5
1217740 1747.5
1217750 1756.4
1217760 1764.0
1217770 1764.0
1217780 1772.4
1217790 1779.7
1217800 1779.7
1217810 1786.1
1217820 1793.0
1217830 1793.0
1217840 1799.8
1217850 1806.3
1217860 1806.3
1217870 1812.0
1217880 1816.6
1217890 1816.6
1217900 1821.1
1217910 1825.4
1217920 1825.4
1217930 1829.3
1217940 1832.9
1217950 1835.3
1217960 1835.3
1217970 1836.6
1217980 1837.7
1217990 1837.7
1218000 1838.9
1218010 1839.8
1218020 1839.8
1218030 1839.5
1218040 1838.7
1218050 1838.7
1218060 1838.5
1218070 1838.8
1218080 1838.8
1218090 1839.3
1218100 1840.0
1218110 1840.0
1218120 1849.3
1218130 1849.3
1218140 1849.3
1218150 1849.5
1218160 1849.8
1218170 1849.8
1218180 1851.2
1218190 1853.7
1218200 1856.3
1218210 1856.3
1218220 1859.0
1218230 1862.0
1218240 1862.0
1218250 1867.6
1218260 1874.1
1218270 1874.1
1218280 1879.2
1218290 1881.9
1218300 1881.9
1218310 1883.3
1218320 1885.0
1218330 1885.0
1218340 1886.9
1218350 1888.7
1218360 1888.7
1218370 1890.9
1218380 1894.0
1218390 1894.0
1218400 1897.3
1218410 1900.2
1218420 1900.2
1218430 1904.8
1218440 1909.8
1218450 1915.1
1218460 1915.1
1218470 1919.6
1218480 1923.2
1218490 1923.2
1218500 1925.7
1218510 1929.4
1218520 1929.4
1218530 1932.2
1218540 1934.1
1218550 1934.1
1218560 1936.0
1218570 1938.4
1218580 1938.4
1218590 1946.1
1218600 1948.9
1218610 1948.9
1218620 1951.6
1218630 1952.7
1218640 1952.7
1218650 1953.3
1218660 1954.2
1218670 1954.2
1218680 1955.3
1218690 1956.5
1218700 1958.0
1218710 1958.0
1218720 1961.6
1218730 1964.9
1218740 1964.9
1218750 1967.5
1218760 1968.0
1218770 1968.0
1218780 1966.9
1218790 1964.4
1218800 1964.4
1218810 1960.4
1218820 1957.8
1218830 1957.8
1218840 1954.3
1218850 1954.6
1218860 1954.6
1218870 1954.3
1218880 1953.5
1218890 1953.5
1218900 1951.6
1218910 1948.3
1218920 1948.3
1218930 1945.2
1218940 1941.6
1218950 1941.6
1218960 1938.8
1218970 1936.9
1218980 1935.2
1218990 1935.2
1219000 1933.8
1219010 1933.8
1219020 1933.8
1219030 1935.6
1219040 1938.9
1219050 1938.9
1219060 1942.0
1219070 1951.9
1219080 1951.9
1219090 1955.2
1219100 1957.9
1219110 1957.9
1219120 1959.5
1219130 1961.8
1219140 1961.8
1219150 1963.6
1219160 1964.9
1219170 1964.9
1219180 1967.5
1219190 1970.9
1219200 1970.9
1219210 1975.6
1219220 1980.3
1219230 1983.2
1219240 1983.2
1219250 1985.4
1219260 1985.9
1219270 1985.9
1219280 1985.8
1219290 1983.5
1219300 1983.5
1219310 1983.0
1219320 1984.4
1219330 1984.4
1219340 1984.4
1219350 1984.6
1219360 1984.6
1219370 1985.4
1219380 1986.1
1219390 1986.1
1219400 1986.6
1219410 1985.6
1219420 1985.6
1219430 1985.6
1219440 1987.2
1219450 1987.2
1219460 1987.7
1219470 1990.5
1219480 1993.9
1219490 1993.9
1219500 1995.3
1219510 1995.7
1219520 1995.7
1219530 1995.1
1219540 1996.3
1219550 2003.3
1219560 2003.7
1219570 2003.4
1219580 2003.4
1219590 2002.9
1219600 2001.7
1219610 2001.7
1219620 2000.8
1219630 2000.8
1219640 2000.8
1219650 2001.4
1219660 2002.0
1219670 2002.0
1219680 2002.7
1219690 2003.4
1219700 2003.4
1219710 2004.2
1219720 2005.5
1219730 2009.8
1219740 2009.8
1219750 2015.1
1219760 2020.7
1219770 2020.7
1219780 2026.8
1219790 2033.2
1219800 2033.2
1219810 2040.5
1219820 2047.7
1219830 2047.7
1219840 2052.8
1219850 2055.1
1219860 2055.1
1219870 2056.1
1219880 2056.6
1219890 2056.6
1219900 2054.8
1219910 2052.5
1219920 2052.5
1219930 2049.7
1219940 2045.9
1219950 2045.9
1219960 2042.7
1219970 2039.1
1219980 2036.6
1219990 2036.6
1200000 968.8
1200010 973.4
1200020 978.0
1200030 978.0
1200040 984.0
1200050 991.3
1200060 991.3
1200070 996.3
1200080 999.8
1200090 999.8
1200100 1002.0
1200110 992.8
1200120 992.8
1200130 995.2
1200140 998.6
1200150 998.6
1200160 1002.2
1200170 1005.5
1200180 1010.5
1200190 1010.5
1200200 1015.3
1200210 1019.5
1200220 1019.5
1200230 1024.0
1200240 1028.6
1200250 1028.6
1200260 1032.7
1200270 1035.9
1200280 1035.9
1200290 1037.6
1200300 1040.2
1200310 1040.2
1200320 1041.8
1200330 1044.4
1200340 1044.4
1200350 1049.4
1200360 1055.6
1200370 1055.6
1200380 1056.9
1200390 1060.0
1200400 1060.0
1200410 1064.1
1200420 1066.4
1200430 1066.6
1200440 1066.6
1200450 1070.2
1200460 1077.3
1200470 1077.3
1200480 1082.0
1200490 1085.9
1200500 1085.9
1200510 1092.3
1200520 1100.9
1200530 1100.9
1200540 1109.3
1200550 1107.9
1200560 1107.9
1200570 1112.8
1200580 1117.5
1200590 1117.5
1200600 1118.9
1200610 1116.5
1200620 1116.5
1200630 1110.4
1200640 1104.3
1200650 1104.3
1200660 1103.7
1200670 1104.2
1200680 1104.2
1200690 1106.4
1200700 1107.8
1200710 1110.2
1200720 1110.2
1200730 1112.9
1200740 1116.0
1200750 1116.0
1200760 1118.0
1200770 1122.9
1200780 1122.9
1200790 1130.7
1200800 1141.0
1200810 1141.0
1200820 1150.0
1200830 1156.8
1200840 1156.8
1200850 1160.8
1200860 1161.4
1200870 1161.4
1200880 1158.0
1200890 1153.0
1200900 1153.0
1200910 1145.1
1200920 1131.2
1200930 1131.2
1200940 1117.8
1200950 1115.6
1200960 1121.5
1200970 1121.5
1200980 1128.9
1200990 1133.4
1201000 1122.9
1201010 1126.4
1201020 1123.7
1201030 1123.7
1201040 1123.4
1201050 1120.9
1201060 1120.9
1201070 1117.5
1201080 1115.5
1201090 1115.5
1201100 1112.6
1201110 1108.9
1201120 1108.9
1201130 1105.1
1201140 1099.5
1201150 1099.5
1201160 1093.8
1201170 1084.5
1201180 1084.5
1201190 1078.7
1201200 1077.5
1201210 1077.1
1201220 1077.1
1201230 1077.5
1201240 1076.8
1201250 1076.8
1201260 1075.8
1201270 1075.3
1201280 1075.3
1201290 1074.6
1201300 1072.2
1201310 1072.2
1201320 1070.2
1201330 1070.6
1201340 1070.6
1201350 1067.2
1201360 1065.3
1201370 1065.3
1201380 1064.5
1201390 1063.4
1201400 1063.4
1201410 1062.5
1201420 1061.8
1201430 1061.8
1201440 1060.0
1201450 1051.2
1201460 1046.6
1201470 1046.6
1201480 1045.5
1201490 1045.7
1201500 1045.7
1201510 1044.0
1201520 1042.1
1201530 1042.1
1201540 1038.7
1201550 1036.8
1201560 1036.8
1201570 1035.1
1201580 1033.7
1201590 1033.7
1201600 1032.6
1201610 1032.2
1201620 1032.2
1201630 1031.2
1201640 1029.6
1201650 1029.6
1201660 1027.2
1201670 1025.4
1201680 1025.4
1201690 1022.7
1201700 1022.0
1201710 1020.3
1201720 1020.3
1201730 1020.7
1201740 1020.9
1201750 1020.9
1201760 1020.5
1201770 1018.2
1201780 1018.2
1201790 1016.0
1201800 1012.9
1201810 1012.9
1201820 1010.3
1201830 1010.6
1201840 1010.6
1201850 1008.8
1201860 1008.0
1201870 1008.0
1201880 1008.1
1201890 1006.3
1201900 1002.0
1201910 999.4
1201920 996.8
1201930 996.8
1201940 995.1
1201950 994.1
1201960 993.3
1201970 993.3
1201980 992.6
1201990 992.4
1202000 992.4
1202010 992.8
1202020 993.7
1202030 993.7
1202040 994.2
1202050 993.8
1202060 993.8
1202070 993.8
1202080 993.7
1202090 993.7
1202100 993.7
1202110 993.8
1202120 993.8
1202130 993.8
1202140 993.9
1202150 993.9
1202160 994.7
1202170 996.0
1202180 996.0
1202190 998.4
1202200 1001.4
1202210 1004.2
1202220 1004.2
1202230 1007.2
1202240 1010.5
1202250 1010.5
1202260 1013.7
1202270 1015.5
1202280 1015.5
1202290 1016.5
1202300 1018.0
1202310 1018.0
1202320 1019.0
1202330 1018.7
1202340 1018.7
1202350 1010.3
1202360 1009.1
1202370 1009.1
1202380 1008.1
1202390 1007.3
1202400 1007.3
1202410 1006.5
1202420 1004.9
1202430 1004.9
1202440 1002.9
1202450 1001.0
1202460 1001.0
1202470 1001.1
1202480 1002.7
1202490 1004.4
1202500 1004.4
1202510 1006.1
1202520 1007.3
1202530 1007.3
1202540 1008.5
1202550 1009.3
1202560 1009.3
1202570 1009.3
1202580 1008.6
1202590 1008.6
1202600 1009.3
1202610 1011.9
1202620 1011.9
1202630 1012.3
1202640 1012.2
1202650 1012.2
1202660 1013.2
1202670 1011.6
1202680 1011.6
1202690 1008.1
1202700 1003.3
1202710 1003.3
1202720 999.5
1202730 997.0
1202740 994.0
1202750 994.0
1202760 990.8
1202770 988.5
1202780 988.5
1202790 986.8
1202800 982.0
1202810 982.0
1202820 980.8
1202830 978.1
1202840 978.1
1202850 973.9
1202860 968.9
1202870 968.9
1202880 963.9
1202890 959.6
1202900 959.6
1202910 955.7
1202920 951.5
1202930 951.5
1202940 947.2
1202950 943.3
1202960 943.3
1202970 938.4
1202980 933.5
1202990 928.5
1203000 928.5
1203010 923.0
1203020 916.8
1203030 916.8
1203040 911.2
1203050 906.5
1203060 906.5
1203070 902.1
1203080 897.9
1203090 897.9
1203100 893.7
1203110 888.1
1203120 888.1
1203130 880.7
1203140 873.1
1203150 873.1
1203160 866.3
1203170 860.2
1203180 860.2
1203190 854.4
1203200 848.6
1203210 848.6
1203220 842.6
1203230 836.5
1203240 830.7
1203250 830.7
1203260 826.1
1203270 822.3
1203280 822.3
1203290 818.3
1203300 815.6
1203310 815.6
1203320 813.5
1203330 811.5
1203340 811.5
1203350 809.4
1203360 807.9
1203370 807.9
1203380 807.1
1203390 803.4
1203400 803.4
1203410 798.2
1203420 794.4
1203430 794.4
1203440 792.2
1203450 790.1
1203460 790.1
1203470 788.0
1203480 785.9
1203490 784.8
1203500 784.8
1203510 783.4
1203520 781.9
1203530 781.9
1203540 780.0
1203550 777.8
1203560 777.8
1203570 776.5
1203580 774.7
1203590 774.7
1203600 773.1
1203610 771.2
1203620 771.2
1203630 769.3
1203640 767.8
1203650 767.8
1203660 766.6
1203670 765.2
1203680 765.2
1203690 763.7
1203700 762.7
1203710 761.5
1203720 760.2
1203730 759.0
1203740 758.6
1203750 758.6
1203760 760.0
1203770 762.3
1203780 762.3
1203790 764.0
1203800 764.2
1203810 764.2
1203820 761.7
1203830 757.5
1203840 757.5
1203850 753.6
1203860 747.9
1203870 747.9
1203880 742.6
1203890 740.7
1203900 740.7
1203910 740.8
1203920 741.2
1203930 741.2
1203940 740.7
1203950 739.5
1203960 739.5
1203970 738.3
1203980 736.3
1203990 731.4
1204000 731.4
1204010 726.4
1204020 724.6
1204030 724.6
1204040 723.8
1204050 722.7
1204060 722.7
1204070 721.6
1204080 720.6
1204090 720.6
1204100 719.3
1204110 717.6
1204120 717.6
1204130 716.0
1204140 715.3
1204150 715.3
1204160 714.7
1204170 714.2
1204180 714.2
1204190 713.4
1204200 711.6
1204210 711.6
1204220 709.7
1204230 708.8
1204240 708.0
1204250 708.0
1204260 706.9
1204270 705.9
1204280 705.9
1204290 704.8
1204300 703.6
1204310 703.6
1204320 702.8
1204330 702.4
1204340 702.4
1204350 702.0
1204360 701.8
1204370 701.8
1204380 701.6
1204390 701.4
1204400 701.4
1204410 701.3
1204420 701.0
1204430 701.0
1204440 700.3
1204450 698.4
1204460 698.4
1204470 694.8
1204480 691.0
1204490 691.0
1204500 688.3
1204510 687.1
1204520 686.4
1204530 686.4
1204540 686.3
1204550 686.2
1204560 686.2
1204570 686.2
1204580 686.5
1204590 686.5
1204600 689.7
1204610 698.2
1204620 700.8
1204630 707.4
1204640 707.8
1204650 707.8
1204660 708.0
1204670 709.1
1204680 709.1
1204690 710.4
1204700 710.4
1204710 710.4
1204720 710.5
1204730 711.4
1204740 711.4
1204750 711.8
1204760 713.1
1204770 714.3
1204780 714.3
1204790 715.4
1204800 715.0
1204810 715.0
1204820 714.9
1204830 714.9
1204840 714.9
1204850 715.6
1204860 718.0
1204870 718.0
1204880 720.5
1204890 721.8
1204900 721.8
1204910 721.9
1204920 721.2
1204930 721.2
1204940 719.2
1204950 718.9
1204960 718.9
1204970 721.9
1204980 728.1
1204990 728.1
1205000 732.2
1205010 735.1
1205020 734.9
1205030 734.9
1205040 733.4
1205050 730.2
1205060 730.2
1205070 725.4
1205080 724.9
1205090 724.9
1205100 725.2
1205110 725.7
1205120 725.7
1205130 725.8
1205140 726.0
1205150 726.0
1205160 726.9
1205170 727.4
1205180 727.4
1205190 727.4
1205200 729.7
1205210 729.7
1205220 729.1
1205230 727.2
1205240 727.2
1205250 725.7
1205260 726.8
1205270 727.8
1205280 727.8
1205290 726.8
1205300 725.4
1205310 725.4
1205320 725.7
1205330 726.0
1205340 726.0
1205350 726.0
1205360 726.0
1205370 726.0
1205380 726.0
1205390 725.9
1205400 725.9
1205410 726.5
1205420 727.6
1205430 727.6
1205440 728.8
1205450 730.1
1205460 730.1
1205470 732.8
1205480 738.3
1205490 738.3
1205500 741.4
1205510 743.3
1205520 744.4
1205530 744.6
1205540 745.6
1205550 746.1
1205560 746.1
1205570 747.1
1205580 746.2
1205590 746.2
1205600 747.2
1205610 749.0
1205620 749.0
1205630 748.6
1205640 748.3
1205650 748.3
1205660 747.3
1205670 744.3
1205680 744.3
1205690 741.4
1205700 739.4
1205710 739.4
1205720 736.6
1205730 733.9
1205740 733.9
1205750 730.4
1205760 727.4
1205770 726.5
1205780 726.5
1205790 726.9
1205800 727.4
1205810 727.4
1205820 728.0
1205830 731.5
1205840 731.5
1205850 734.1
1205860 732.5
1205870 732.5
1205880 729.8
1205890 727.7
1205900 727.7
1205910 726.9
1205920 725.8
1205930 725.8
1205940 724.3
1205950 722.5
1205960 722.5
1205970 720.0
1205980 722.7
1205990 722.7
1206000 719.8
1206010 718.2
1206020 719.4
1206030 719.4
1206040 719.9
1206050 717.6
1206060 717.6
1206070 719.5
1206080 724.2
1206090 724.2
1206100 730.3
1206110 732.1
1206120 732.1
1206130 732.9
1206140 732.5
1206150 732.5
1206160 730.5
1206170 728.9
1206180 728.9
1206190 728.4
1206200 728.3
1206210 728.3
1206220 728.3
1206230 727.7
1206240 727.7
1206250 725.6
1206260 724.2
1206270 724.2
1206280 724.9
1206290 724.7
1206300 723.0
1206310 723.0
1206320 720.7
1206330 719.4
1206340 719.4
1206350 718.9
1206360 718.7
1206370 718.7
1206380 718.4
1206390 718.6
1206400 718.6
1206410 719.1
1206420 719.5
1206430 719.5
1206440 720.4
1206450 722.0
1206460 722.0
1206470 725.0
1206480 728.4
1206490 728.4
1206500 731.2
1206510 732.8
1206520 732.8
1206530 735.3
1206540 740.9
1206550 745.6
1206560 745.6
1206570 748.1
1206580 751.3
1206590 751.3
1206600 753.0
1206610 752.1
1206620 752.1
1206630 752.4
1206640 753.8
1206650 753.8
1206660 756.4
1206670 758.8
1206680 758.8
1206690 761.5
1206700 765.7
1206710 765.7
1206720 767.8
1206730 768.8
1206740 768.8
1206750 768.0
1206760 766.0
1206770 766.0
1206780 765.5
1206790 763.9
1206800 761.2
1206810 761.2
1206820 758.1
1206830 754.2
1206840 754.2
1206850 750.7
1206860 749.0
1206870 749.0
1206880 748.3
1206890 746.3
1206900 754.2
1206910 752.9
1206920 750.2
1206930 750.2
1206940 746.4
1206950 743.5
1206960 743.5
1206970 743.3
1206980 745.6
1206990 745.6
1207000 748.3
1207010 749.1
1207020 749.1
1207030 745.7
1207040 743.6
1207050 742.0
1207060 742.0
1207070 737.6
1207080 735.5
1207090 735.5
1207100 734.6
1207110 733.2
1207120 733.2
1207130 731.5
1207140 730.3
1207150 730.3
1207160 730.5
1207170 731.4
1207180 731.4
1207190 732.6
1207200 733.4
1207210 733.4
1207220 737.0
1207230 740.8
1207240 740.8
1207250 744.2
1207260 745.5
1207270 745.5
1207280 742.8
1207290 740.2
1207300 740.1
1207310 740.1
1207320 739.6
1207330 738.9
1207340 738.9
1207350 738.9
1207360 740.8
1207370 740.8
1207380 743.0
1207390 744.2
1207400 744.2
1207410 743.6
1207420 740.7
1207430 740.7
1207440 738.0
1207450 735.8
1207460 735.8
1207470 735.9
1207480 736.2
1207490 736.2
1207500 737.0
1207510 737.6
1207520 737.6
1207530 737.3
1207540 737.6
1207550 739.0
1207560 739.0
1207570 741.6
1207580 744.0
1207590 744.0
1207600 747.1
1207610 752.2
1207620 752.2
1207630 757.3
1207640 761.0
1207650 761.0
1207660 763.1
1207670 764.0
1207680 764.0
1207690 764.9
1207700 765.0
1207710 765.0
1207720 765.0
1207730 764.2
1207740 764.2
1207750 762.9
1207760 763.1
1207770 763.1
1207780 764.5
1207790 764.9
1207800 767.2
1207810 767.2
1207820 764.1
1207830 764.6
1207840 764.6
1207850 767.5
1207860 768.2
1207870 768.2
1207880 768.6
1207890 768.6
1207900 768.6
1207910 768.1
1207920 767.6
1207930 767.6
1207940 768.0
1207950 767.8
1207960 767.8
1207970 767.9
1207980 768.6
1207990 768.6
1208000 767.9
1208010 768.4
1208020 768.4
1208030 768.0
1208040 769.0
1208050 769.0
1208060 770.6
1208070 773.0
1208080 771.1
1208090 771.1
1208100 771.0
1208110 771.7
1208120 771.7
1208130 772.8
1208140 773.1
1208150 773.1
1208160 773.3
1208170 773.2
1208180 773.2
1208190 773.6
1208200 771.7
1208210 771.7
1208220 770.9
1208230 770.1
1208240 770.1
1208250 769.6
1208260 768.5
1208270 768.5
1208280 767.6
1208290 766.0
1208300 766.0
1208310 763.7
1208320 760.7
1208330 758.7
1208340 758.7
1208350 755.5
1208360 754.1
1208370 754.1
1208380 757.9
1208390 762.9
1208400 762.9
1208410 767.8
1208420 771.6
1208430 771.6
1208440 773.5
1208450 775.1
1208460 775.1
1208470 775.5
1208480 775.2
1208490 775.2
1208500 771.3
1208510 763.3
1208520 763.3
1208530 755.6
1208540 748.3
1208550 748.3
1208560 741.3
1208570 734.7
1208580 728.4
1208590 728.4
1208600 722.4
1208610 719.1
1208620 719.1
1208630 718.6
1208640 718.4
1208650 718.4
1208660 718.4
1208670 717.7
1208680 717.7
1208690 717.4
1208700 717.8
1208710 717.8
1208720 717.7
1208730 716.8
1208740 716.9
1208750 715.3
1208760 715.6
1208770 715.6
1208780 715.7
1208790 714.6
1208800 714.6
1208810 713.5
1208820 713.1
1208830 712.8
1208840 712.8
1208850 712.6
1208860 712.4
1208870 712.4
1208880 712.2
1208890 711.1
1208900 711.1
1208910 709.7
1208920 709.6
1208930 709.6
1208940 710.0
1208950 711.9
1208960 711.9
1208970 712.5
1208980 712.3
1208990 712.3
1209000 712.2
1209010 713.4
1209020 713.4
1209030 717.7
1209040 723.5
1209050 723.5
1209060 730.4
1209070 735.5
1209080 738.9
1209090 738.9
1209100 746.1
1209110 749.7
1209120 749.7
1209130 752.1
1209140 755.4
1209150 755.4
1209160 759.4
1209170 764.5
1209180 764.5
1209190 770.0
1209200 777.9
1209210 777.9
1209220 782.3
1209230 787.6
1209240 787.6
1209250 793.7
1209260 800.2
1209270 800.2
1209280 806.5
1209290 812.9
1209300 812.9
1209310 819.7
1209320 825.9
1209330 832.5
1209340 832.5
1209350 839.3
1209360 845.3
1209370 845.3
1209380 851.1
1209390 857.7
1209400 857.7
1209410 864.5
1209420 871.1
1209430 871.1
1209440 882.4
1209450 890.8
1209460 890.8
1209470 902.9
1209480 916.0
1209490 916.0
1209500 933.4
1209510 952.9
1209520 952.9
1209530 964.6
1209540 978.1
1209550 978.1
1209560 989.6
1209570 1001.3
1209580 1010.4
1209590 1010.4
1209600 1020.9
1209610 1032.4
1209620 1032.4
1209630 1042.2
1209640 1053.1
1209650 1053.1
1209660 1061.3
1209670 1069.6
1209680 1069.6
1209690 1076.9
1209700 1083.7
1209710 1083.7
1209720 1095.4
1209730 1104.1
1209740 1104.1
1209750 1112.4
1209760 1118.6
1209770 1118.6
1209780 1123.9
1209790 1128.5
1209800 1128.5
1209810 1132.2
1209820 1137.2
1209830 1142.3
1209840 1142.3
1209850 1147.5
1209860 1151.8
1209870 1151.8
1209880 1156.4
1209890 1161.4
1209900 1161.4
1209910 1166.1
1209920 1170.1
1209930 1170.1
1209940 1173.0
1209950 1175.9
1209960 1175.9
1209970 1180.1
1209980 1180.8
1209990 1180.8
1210000 1180.8
1210010 1182.4
1210020 1182.4
1210030 1185.3
1210040 1189.1
1210050 1189.1
1210060 1191.3
1210070 1192.4
1210080 1192.4
1210090 1195.1
1210100 1200.1
1210110 1204.4
1210120 1200.1
1210130 1203.2
1210140 1205.2
1210150 1205.2
1210160 1207.4
1210170 1210.0
1210180 1210.0
1210190 1213.1
1210200 1216.5
1210210 1216.5
1210220 1222.6
1210230 1234.5
1210240 1234.5
1210250 1244.1
1210260 1251.2
1210270 1251.2
1210280 1256.7
1210290 1260.9
1210300 1260.9
1210310 1266.3
1210320 1274.7
1210330 1274.7
1210340 1278.9
1210350 1282.1
1210360 1284.6
1210370 1284.6
1210380 1286.7
1210390 1289.6
1210400 1289.6
1210410 1292.4
1210420 1295.2
1210430 1295.2
1210440 1298.7
1210450 1301.7
1210460 1301.7
1210470 1304.9
1210480 1309.3
1210490 1309.3
1210500 1313.3
1210510 1316.9
1210520 1316.9
1210530 1321.7
1210540 1328.7
1210550 1328.7
1210560 1335.8
1210570 1339.4
1210580 1339.4
1210590 1337.6
1210600 1343.0
1210610 1348.5
1210620 1348.5
1210630 1355.4
1210640 1361.8
1210650 1361.8
1210660 1366.4
1210670 1370.5
1210680 1370.5
1210690 1374.4
1210700 1378.1
1210710 1378.1
1210720 1381.8
1210730 1386.0
1210740 1386.0
1210750 1391.6
1210760 1397.7
1210770 1397.7
1210780 1402.6
1210790 1408.7
1210800 1408.7
1210810 1415.4
1210820 1420.1
1210830 1420.1
1210840 1424.9
1210850 1429.3
1210860 1432.2
1210870 1432.2
1210880 1435.2
1210890 1438.6
1210900 1438.6
1210910 1442.0
1210920 1446.3
1210930 1446.3
1210940 1451.2
1210950 1454.4
1210960 1454.4
1210970 1457.2
1210980 1460.0
1210990 1460.0
1211000 1463.9
1211010 1466.6
1211020 1466.6
1211030 1466.7
1211040 1466.2
1211050 1461.2
1211060 1461.3
1211070 1461.6
1211080 1461.6
1211090 1461.5
1211100 1460.9
1211110 1460.4
1211120 1460.4
1211130 1460.7
1211140 1460.8
1211150 1460.8
1211160 1460.5
1211170 1461.2
1211180 1461.2
1211190 1463.0
1211200 1463.1
1211210 1463.1
1211220 1462.5
1211230 1464.0
1211240 1464.0
1211250 1465.7
1211260 1468.4
1211270 1468.4
1211280 1469.0
1211290 1471.5
1211300 1471.5
1211310 1475.2
1211320 1480.4
1211330 1480.4
1211340 1482.8
1211350 1484.6
1211360 1485.0
1211370 1485.0
1211380 1485.4
1211390 1487.3
1211400 1487.3
1211410 1493.5
1211420 1499.2
1211430 1499.2
1211440 1501.7
1211450 1503.5
1211460 1503.5
1211470 1503.2
1211480 1503.0
1211490 1503.0
1211500 1504.3
1211510 1506.0
1211520 1497.1
1211530 1499.3
1211540 1499.3
1211550 1499.3
1211560 1499.6
1211570 1500.6
1211580 1500.6
1211590 1501.5
1211600 1501.9
1211610 1501.3
1211620 1501.3
1211630 1500.6
1211640 1503.6
1211650 1503.6
1211660 1507.3
1211670 1509.2
1211680 1509.2
1211690 1509.1
1211700 1509.9
1211710 1509.9
1211720 1512.3
1211730 1515.1
1211740 1515.1
1211750 1517.3
1211760 1519.1
1211770 1519.1
1211780 1521.4
1211790 1523.7
1211800 1523.7
1211810 1526.3
1211820 1529.5
1211830 1529.5
1211840 1531.8
1211850 1534.1
1211860 1534.8
1211870 1534.8
1211880 1534.5
1211890 1534.1
1211900 1534.1
1211910 1533.8
1211920 1532.7
1211930 1532.7
1211940 1531.5
1211950 1530.0
1211960 1530.0
1211970 1528.5
1211980 1520.3
1211990 1520.3
1212000 1518.6
1212010 1515.7
1212020 1515.7
1212030 1514.9
1212040 1516.9
1212050 1516.9
1212060 1518.9
1212070 1518.5
1212080 1518.5
1212090 1517.8
1212100 1517.6
1212110 1517.6
1212120 1517.5
1212130 1516.6
1212140 1513.1
1212150 1513.1
1212160 1509.5
1212170 1507.1
1212180 1507.1
1212190 1505.0
1212200 1503.2
1212210 1503.2
1212220 1502.7
1212230 1501.3
1212240 1501.3
1212250 1495.9
1212260 1491.0
1212270 1491.0
1212280 1487.5
1212290 1483.8
1212300 1483.8
1212310 1481.3
1212320 1481.1
1212330 1481.1
1212340 1483.1
1212350 1484.9
1212360 1484.9
1212370 1485.4
1212380 1483.2
1212390 1478.6
1212400 1478.6
1212410 1474.3
1212420 1470.5
1212430 1470.5
1212440 1468.7
1212450 1463.8
1212460 1463.8
1212470 1456.8
1212480 1452.3
1212490 1452.3
1212500 1452.5
1212510 1454.5
1212520 1454.5
1212530 1454.0
1212540 1450.5
1212550 1450.5
1212560 1445.9
1212570 1437.1
1212580 1437.1
1212590 1431.1
1212600 1427.0
1212610 1427.0
1212620 1423.5
1212630 1418.7
1212640 1411.2
1212650 1411.2
1212660 1404.9
1212670 1400.3
1212680 1400.3
1212690 1397.0
1212700 1393.2
1212710 1393.2
1212720 1389.2
1212730 1385.7
1212740 1385.7
1212750 1382.4
1212760 1379.0
1212770 1379.0
1212780 1373.6
1212790 1363.3
1212800 1363.3
1212810 1355.5
1212820 1352.0
1212830 1352.0
1212840 1350.4
1212850 1347.1
1212860 1347.1
1212870 1340.8
1212880 1337.6
1212890 1338.7
1212900 1338.7
1212910 1335.4
1212920 1322.0
1212930 1322.0
1212940 1317.9
1212950 1316.6
1212960 1316.6
1212970 1313.9
1212980 1310.7
1212990 1310.7
1213000 1307.5
1213010 1304.8
1213020 1304.8
1213030 1300.8
1213040 1294.7
1213050 1294.7
1213060 1290.8
1213070 1287.6
1213080 1287.6
1213090 1281.8
1213100 1277.0
1213110 1277.0
1213120 1275.2
1213130 1274.6
1213140 1273.5
1213150 1273.5
1213160 1271.5
1213170 1269.7
1213180 1269.7
1213190 1268.2
1213200 1266.4
1213210 1266.4
1213220 1265.9
1213230 1264.8
1213240 1264.8
1213250 1259.1
1213260 1255.2
1213270 1255.2
1213280 1254.6
1213290 1253.8
1213300 1253.8
1213310 1252.7
1213320 1252.1
1213330 1252.1
1213340 1251.7
1213350 1252.0
1213360 1252.0
1213370 1253.0
1213380 1257.0
1213390 1255.8
1213400 1255.8
1213410 1259.3
1213420 1263.9
1213430 1263.9
1213440 1264.4
1213450 1262.7
1213460 1262.7
1213470 1264.4
1213480 1265.5
1213490 1265.5
1213500 1266.9
1213510 1268.9
1213520 1268.9
1213530 1270.8
1213540 1272.1
1213550 1272.1
1213560 1274.0
1213570 1275.5
1213580 1275.5
1213590 1276.2
1213600 1275.6
1213610 1275.6
1213620 1274.8
1213630 1273.9
1213640 1273.3
1213650 1273.3
1213660 1273.2
1213670 1274.1
1213680 1274.1
1213690 1275.6
1213700 1276.7
1213710 1276.7
1213720 1277.8
1213730 1279.7
1213740 1279.7
1213750 1282.8
1213760 1286.0
1213770 1286.0
1213780 1286.3
1213790 1287.2
1213800 1287.2
1213810 1289.6
1213820 1289.9
1213830 1289.9
1213840 1288.9
1213850 1284.7
1213860 1284.7
1213870 1287.6
1213880 1285.7
1213890 1283.9
1213900 1283.9
1213910 1283.0
1213920 1283.8
1213930 1283.8
1213940 1284.3
1213950 1285.0
1213960 1285.0
1213970 1283.8
1213980 1282.8
1213990 1282.8
1214000 1282.5
1214010 1282.2
1214020 1282.2
1214030 1281.7
1214040 1280.5
1214050 1280.5
1214060 1279.4
1214070 1279.2
1214080 1279.2
1214090 1279.8
1214100 1280.9
1214110 1280.9
1214120 1281.3
1214130 1281.4
1214140 1281.7
1214150 1281.7
1214160 1282.2
1214170 1282.8
1214180 1282.8
1214190 1283.3
1214200 1283.9
1214210 1283.9
1214220 1284.4
1214230 1284.4
1214240 1284.4
1214250 1283.1
1214260 1283.0
1214270 1283.0
1214280 1284.1
1214290 1285.7
1214300 1285.7
1214310 1287.1
1214320 1288.1
1214330 1288.1
1214340 1288.6
1214350 1288.9
1214360 1288.9
1214370 1289.1
1214380 1289.4
1214390 1289.4
1214400 1289.9
1214410 1290.8
1214420 1292.1
1214430 1292.1
1214440 1293.4
1214450 1294.6
1214460 1294.6
1214470 1295.6
1214480 1295.8
1214490 1295.8
1214500 1295.5
1214510 1295.9
1214520 1295.9
1214530 1297.4
1214540 1299.5
1214550 1299.5
1214560 1300.9
1214570 1302.0
1214580 1302.0
1214590 1303.8
1214600 1305.0
1214610 1305.0
1214620 1305.1
1214630 1305.5
1214640 1305.5
1214650 1306.2
1214660 1307.1
1214670 1307.2
1214680 1307.2
1214690 1307.8
1214700 1307.7
1214710 1307.7
1214720 1307.9
1214730 1308.4
1214740 1308.4
1214750 1309.3
1214760 1309.9
1214770 1309.9
1214780 1310.4
1214790 1310.7
1214800 1312.0
1214810 1312.2
1214820 1312.7
1214830 1312.7
1214840 1313.4
1214850 1314.5
1214860 1314.5
1214870 1315.8
1214880 1317.2
1214890 1317.2
1214900 1318.1
1214910 1320.1
1214920 1324.5
1214930 1324.5
1214940 1328.0
1214950 1330.6
1214960 1330.6
1214970 1331.7
1214980 1328.0
1214990 1328.0
1215000 1325.7
1215010 1325.7
1215020 1325.7
1215030 1326.0
1215040 1325.7
1215050 1325.7
1215060 1326.5
1215070 1327.5
1215080 1327.5
1215090 1328.4
1215100 1330.1
1215110 1330.1
1215120 1331.7
1215130 1332.6
1215140 1332.6
1215150 1332.3
1215160 1332.2
1215170 1332.5
1215180 1332.5
1215190 1333.0
1215200 1333.6
1215210 1333.6
1215220 1334.3
1215230 1334.9
1215240 1334.9
1215250 1335.9
1215260 1337.2
1215270 1336.6
1215280 1337.3
1215290 1338.3
1215300 1338.3
1215310 1339.6
1215320 1341.5
1215330 1341.5
1215340 1342.7
1215350 1344.4
1215360 1344.4
1215370 1346.1
1215380 1347.4
1215390 1347.4
1215400 1348.3
1215410 1349.0
1215420 1349.9
1215430 1349.9
1215440 1351.0
1215450 1352.5
1215460 1352.5
1215470 1355.1
1215480 1359.1
1215490 1359.1
1215500 1363.0
1215510 1365.6
1215520 1365.6
1215530 1366.9
1215540 1367.8
1215550 1367.8
1215560 1368.6
1215570 1368.9
1215580 1368.9
1215590 1369.1
1215600 1369.9
1215610 1369.9
1215620 1371.2
1215630 1371.9
1215640 1371.9
1215650 1372.6
1215660 1372.4
1215670 1373.3
1215680 1373.3
1215690 1375.8
1215700 1378.1
1215710 1378.1
1215720 1379.3
1215730 1380.8
1215740 1378.9
1215750 1381.0
1215760 1381.7
1215770 1381.7
1215780 1381.8
1215790 1381.4
1215800 1381.4
1215810 1380.9
1215820 1380.2
1215830 1380.2
1215840 1379.9
1215850 1380.0
1215860 1380.0
1215870 1379.0
1215880 1379.1
1215890 1379.1
1215900 1381.1
1215910 1382.6
1215920 1384.5
1215930 1384.5
1215940 1386.3
1215950 1390.2
1215960 1390.2
1215970 1394.5
1215980 1396.2
1215990 1396.2
1216000 1397.6
1216010 1398.6
1216020 1398.6
1216030 1399.2
1216040 1402.1
1216050 1402.1
1216060 1406.2
1216070 1410.5
1216080 1410.5
1216090 1415.8
1216100 1418.6
1216110 1418.6
1216120 1419.2
1216130 1420.2
1216140 1420.2
1216150 1422.1
1216160 1421.2
1216170 1419.9
1216180 1419.9
1216190 1420.1
1216200 1421.0
1216210 1425.0
1216220 1426.0
1216230 1428.4
1216240 1428.4
1216250 1431.3
1216260 1433.1
1216270 1433.1
1216280 1434.6
1216290 1438.8
1216300 1438.8
1216310 1442.3
1216320 1445.1
1216330 1445.1
1216340 1446.9
1216350 1452.5
1216360 1452.5
1216370 1459.3
1216380 1464.3
1216390 1464.3
1216400 1468.7
1216410 1475.7
1216420 1480.6
1216430 1480.6
1216440 1484.7
1216450 1490.4
1216460 1490.4
1216470 1496.5
1216480 1503.3
1216490 1503.3
1216500 1509.4
1216510 1515.1
1216520 1515.1
1216530 1521.3
1216540 1528.0
1216550 1528.0
1216560 1533.5
1216570 1537.3
1216580 1537.3
1216590 1540.1
1216600 1540.9
1216610 1540.9
1216620 1540.8
1216630 1540.9
1216640 1540.9
1216650 1544.0
1216660 1550.8
1216670 1550.8
1216680 1557.6
1216690 1562.4
1216700 1564.5
1216710 1564.5
1216720 1566.3
1216730 1568.6
1216740 1568.6
1216750 1571.0
1216760 1572.9
1216770 1572.9
1216780 1573.8
1216790 1575.1
1216800 1575.1
1216810 1577.1
1216820 1580.7
1216830 1580.7
1216840 1583.8
1216850 1586.4
1216860 1586.4
1216870 1588.4
1216880 1589.3
1216890 1589.3
1216900 1590.2
1216910 1591.9
1216920 1591.9
1216930 1594.1
1216940 1595.5
1216950 1597.9
1216960 1597.9
1216970 1600.7
1216980 1603.8
1216990 1603.8
1217000 1606.8
1217010 1610.0
1217020 1610.0
1217030 1613.6
1217040 1616.5
1217050 1616.5
1217060 1619.2
1217070 1623.2
1217080 1623.2
1217090 1627.6
1217100 1628.3
1217110 1628.3
1217120 1629.7
1217130 1632.1
1217140 1632.1
1217150 1635.0
1217160 1639.7
1217170 1639.7
1217180 1640.7
1217190 1641.7
1217200 1642.4
1217210 1642.4
1217220 1644.9
1217230 1649.5
1217240 1649.5
1217250 1654.7
1217260 1656.5
1217270 1656.5
1217280 1661.8
1217290 1666.6
1217300 1666.6
1217310 1671.0
1217320 1674.2
1217330 1674.2
1217340 1676.9
1217350 1678.9
1217360 1678.9
1217370 1681.5
1217380 1685.9
1217390 1685.9
1217400 1689.7
1217410 1693.0
1217420 1693.0
1217430 1696.6
1217440 1700.9
1217450 1703.9
1217460 1703.9
1217470 1702.2
1217480 1694.7
1217490 1694.7
1217500 1687.7
1217510 1681.6
1217520 1681.6
1217530 1678.6
1217540 1679.2
1217550 1679.2
1217560 1681.8
1217570 1687.5
1217580 1687.5
1217590 1694.0
1217600 1699.9
1217610 1699.9
1217620 1705.6
1217630 1710.0
1217640 1716.6
1217650 1714.9
1217660 1712.5
1217670 1712.5
1217680 1716.0
1217690 1723.5
1217700 1731.2
1217710 1731.2
1217720 1738.9
1217730 1747.5
1217740 1747.5
1217750 1756.4
1217760 1764.0
1217770 1764.0
1217780 1772.4
1217790 1779.7
1217800 1779.7
1217810 1786.1
1217820 1793.0
1217830 1793.0
1217840 1799.8
1217850 1806.3
1217860 1806.3
1217870 1812.0
1217880 1816.6
1217890 1816.6
1217900 1821.1
1217910 1825.4
1217920 1825.4
1217930 1829.3
1217940 1832.9
1217950 1835.3
1217960 1835.3
1217970 1836.6
1217980 1837.7
1217990 1837.7
1218000 1838.9
1218010 1839.8
1218020 1839.8
1218030 1839.5
1218040 1838.7
1218050 1838.7
1218060 1838.5
1218070 1838.8
1218080 1838.8
1218090 1839.3
1218100 1840.0
1218110 1840.0
1218120 1849.3
1218130 1849.3
1218140 1849.3
1218150 1849.5
1218160 1849.8
1218170 1849.8
1218180 1851.2
1218190 1853.7
1218200 1856.3
1218210 1856.3
1218220 1859.0
1218230 1862.0
1218240 1862.0
1218250 1867.6
1218260 1874.1
1218270 1874.1
1218280 1879.2
1218290 1881.9
1218300 1881.9
1218310 1883.3
1218320 1885.0
1218330 1885.0
1218340 1886.9
1218350 1888.7
1218360 1888.7
1218370 1890.9
1218380 1894.0
1218390 1894.0
1218400 1897.3
1218410 1900.2
1218420 1900.2
1218430 1904.8
1218440 1909.8
1218450 1915.1
1218460 1915.1
1218470 1919.6
1218480 1923.2
1218490 1923.2
1218500 1925.7
1218510 1929.4
1218520 1929.4
1218530 1932.2
1218540 1934.1
1218550 1934.1
1218560 1936.0
1218570 1938.4
1218580 1938.4
1218590 1946.1
1218600 1948.9
1218610 1948.9
1218620 1951.6
1218630 1952.7
1218640 1952.7
1218650 1953.3
1218660 1954.2
1218670 1954.2
1218680 1955.3
1218690 1956.5
1218700 1958.0
1218710 1958.0
1218720 1961.6
1218730 1964.9
1218740 1964.9
1218750 1967.5
1218760 1968.0
1218770 1968.0
1218780 1966.9
1218790 1964.4
1218800 1964.4
1218810 1960.4
1218820 1957.8
1218830 1957.8
1218840 1954.3
1218850 1954.6
1218860 1954.6
1218870 1954.3
1218880 1953.5
1218890 1953.5
1218900 1951.6
1218910 1948.3
1218920 1948.3
1218930 1945.2
1218940 1941.6
1218950 1941.6
1218960 1938.8
1218970 1936.9
1218980 1935.2
1218990 1935.2
1219000 1933.8
1219010 1933.8
1219020 1933.8
1219030 1935.6
1219040 1938.9
1219050 1938.9
1219060 1942.0
1219070 1951.9
1219080 1951.9
1219090 1955.2
1219100 1957.9
1219110 1957.9
1219120 1959.5
1219130 1961.8
1219140 1961.8
1219150 1963.6
1219160 1964.9
1219170 1964.9
1219180 1967.5
1219190 1970.9
1219200 1970.9
1219210 1975.6
1219220 1980.3
1219230 1983.2
1219240 1983.2
1219250 1985.4
1219260 1985.9
1219270 1985.9
1219280 1985.8
1219290 1983.5
1219300 1983.5
1219310 1983.0
1219320 1984.4
1219330 1984.4
1219340 1984.4
1219350 1984.6
1219360 1984.6
1219370 1985.4
1219380 1986.1
1219390 1986.1
1219400 1986.6
1219410 1985.6
1219420 1985.6
1219430 1985.6
1219440 1987.2
1219450 1987.2
1219460 1987.7
1219470 1990.5
1219480 1993.9
1219490 1993.9
1219500 1995.3
1219510 1995.7
1219520 1995.7
1219530 1995.1
1219540 1996.3
1219550 2003.3
1219560 2003.7
1219570 2003.4
1219580 2003.4
1219590 2002.9
1219600 2001.7
1219610 2001.7
1219620 2000.8
1219630 2000.8
1219640 2000.8
1219650 2001.4
1219660 2002.0
1219670 2002.0
1219680 2002.7
1219690 2003.4
1219700 2003.4
1219710 2004.2
1219720 2005.5
1219730 2009.8
1219740 2009.8
1219750 2015.1
1219760 2020.7
1219770 2020.7
1219780 2026.8
1219790 2033.2
1219800 2033.2
1219810 2040.5
1219820 2047.7
1219830 2047.7
1219840 2052.8
1219850 2055.1
1219860 2055.1
1219870 2056.1
1219880 2056.6
1219890 2056.6
1219900 2054.8
1219910 2052.5
1219920 2052.5
1219930 2049.7
1219940 2045.9
1219950 2045.9
1219960 2042.7
1219970 2039.1
1219980 2036.6
1219990 2036.6
