1200000 1787.3
1200010 1792.6
1200020 1797.0
1200030 1797.0
1200040 1801.1
1200050 1805.4
1200060 1805.4
1200070 1809.3
1200080 1813.5
1200090 1813.5
1200100 1818.3
1200110 1823.7
1200120 1823.7
1200130 1828.6
1200140 1833.5
1200150 1833.5
1200160 1838.3
1200170 1843.2
1200180 1843.2
1200190 1848.0
1200200 1852.7
1200210 1852.7
1200220 1857.4
1200230 1861.1
1200240 1864.8
1200250 1864.8
1200260 1868.7
1200270 1872.6
1200280 1872.6
1200290 1877.2
1200300 1882.4
1200310 1882.4
1200320 1886.7
1200330 1890.8
1200340 1890.8
1200350 1896.2
1200360 1902.9
1200370 1902.9
1200380 1910.0
1200390 1915.8
1200400 1915.8
1200410 1919.8
1200420 1923.4
1200430 1929.7
1200440 1935.7
1200450 1939.5
1200460 1939.5
1200470 1942.0
1200480 1947.0
1200490 1949.2
1200500 1949.2
1200510 1951.8
1200520 1954.8
1200530 1954.8
1200540 1957.7
1200550 1961.3
1200560 1961.3
1200570 1965.5
1200580 1969.3
1200590 1969.3
1200600 1972.8
1200610 1975.5
1200620 1975.5
1200630 1980.1
1200640 1986.8
1200650 1986.8
1200660 1992.8
1200670 1997.6
1200680 1997.6
1200690 2001.1
1200700 2005.4
1200710 2005.4
1200720 2008.3
1200730 2011.0
1200740 2011.0
1200750 2013.3
1200760 2016.9
1200770 2021.4
1200780 2021.4
1200790 2024.6
1200800 2028.9
1200810 2028.9
1200820 2035.9
1200830 2043.2
1200840 2043.2
1200850 2049.7
1200860 2056.2
1200870 2061.1
1200880 2066.8
1200890 2071.1
1200900 2071.1
1200910 2074.7
1200920 2077.5
1200930 2077.5
1200940 2081.8
1200950 2087.2
1200960 2087.2
1200970 2089.6
1200980 2089.5
1200990 2089.5
1201000 2092.0
1201010 2096.3
1201020 2102.6
1201030 2102.6
1201040 2108.2
1201050 2112.0
1201060 2112.0
1201070 2115.3
1201080 2119.0
1201090 2119.0
1201100 2124.5
1201110 2131.5
1201120 2131.5
1201130 2137.5
1201140 2141.2
1201150 2141.2
1201160 2143.3
1201170 2144.8
1201180 2144.8
1201190 2147.3
1201200 2151.7
1201210 2151.7
1201220 2157.7
1201230 2163.3
1201240 2163.3
1201250 2166.7
1201260 2167.8
1201270 2167.9
1201280 2167.9
1201290 2167.7
1201300 2169.4
1201310 2169.4
1201320 2177.2
1201330 2182.1
1201340 2182.1
1201350 2187.1
1201360 2192.2
1201370 2192.2
1201380 2196.2
1201390 2200.5
1201400 2200.5
1201410 2204.8
1201420 2209.5
1201430 2209.5
1201440 2215.2
1201450 2220.6
1201460 2220.6
1201470 2226.7
1201480 2235.3
1201490 2235.3
1201500 2242.2
1201510 2248.5
1201520 2248.5
1201530 2254.9
1201540 2260.0
1201550 2263.8
1201560 2263.8
1201570 2267.5
1201580 2272.2
1201590 2272.2
1201600 2276.1
1201610 2280.2
1201620 2280.2
1201630 2284.3
1201640 2290.2
1201650 2290.2
1201660 2297.8
1201670 2304.7
1201680 2304.7
1201690 2310.5
1201700 2314.3
1201710 2314.3
1201720 2317.0
1201730 2319.9
1201740 2319.9
1201750 2322.1
1201760 2325.9
1201770 2332.6
1201780 2337.5
1201790 2340.7
1201800 2343.5
1201810 2343.5
1201820 2347.3
1201830 2351.9
1201840 2351.9
1201850 2355.7
1201860 2359.3
1201870 2359.3
1201880 2359.4
1201890 2356.7
1201900 2356.7
1201910 2352.9
1201920 2348.2
1201930 2348.2
1201940 2340.2
1201950 2324.2
1201960 2324.2
1201970 2317.3
1201980 2315.0
1201990 2315.0
1202000 2313.0
1202010 2311.0
1202020 2311.0
1202030 2304.5
1202040 2301.1
1202050 2300.7
1202060 2300.7
1202070 2299.1
1202080 2299.5
1202090 2299.5
1202100 2297.4
1202110 2289.5
1202120 2289.5
1202130 2272.2
1202140 2257.8
1202150 2257.8
1202160 2245.9
1202170 2238.3
1202180 2238.3
1202190 2230.5
1202200 2222.9
1202210 2222.9
1202220 2214.3
1202230 2221.1
1202240 2221.1
1202250 2225.3
1202260 2218.8
1202270 2218.8
1202280 2210.2
1202290 2197.3
1202300 2185.3
1202310 2185.3
1202320 2184.7
1202330 2187.4
1202340 2187.4
1202350 2189.1
1202360 2188.2
1202370 2188.2
1202380 2185.6
1202390 2182.6
1202400 2182.6
1202410 2179.7
1202420 2174.4
1202430 2174.4
1202440 2165.4
1202450 2155.2
1202460 2155.2
1202470 2146.7
1202480 2138.4
1202490 2138.4
1202500 2130.2
1202510 2121.8
1202520 2121.8
1202530 2113.4
1202540 2105.5
1202550 2105.5
1202560 2097.2
1202570 2089.4
1202580 2082.0
1202590 2082.0
1202600 2074.6
1202610 2066.0
1202620 2066.0
1202630 2056.8
1202640 2048.5
1202650 2048.5
1202660 2039.2
1202670 2033.6
1202680 2033.6
1202690 2022.0
1202700 2015.2
1202710 2015.2
1202720 2018.1
1202730 2015.5
1202740 2015.5
1202750 2011.9
1202760 2010.1
1202770 2010.1
1202780 2014.1
1202790 2011.4
1202800 2011.4
1202810 2004.4
1202820 1993.6
1202830 1985.1
1202840 1985.1
1202850 1984.3
1202860 1986.6
1202870 1986.6
1202880 1989.3
1202890 1991.9
1202900 1991.9
1202910 1992.7
1202920 1989.8
1202930 1989.8
1202940 1990.8
1202950 1990.4
1202960 1990.4
1202970 1982.7
1202980 1972.8
1202990 1972.8
1203000 1972.2
1203010 1986.0
1203020 1986.0
1203030 1998.0
1203040 1991.5
1203050 1991.5
1203060 1998.6
1203070 2006.1
1203080 2003.4
1203090 2003.4
1203100 1998.7
1203110 1992.0
1203120 1992.0
1203130 1958.0
1203140 1939.7
1203150 1939.7
1203160 1915.8
1203170 1894.2
1203180 1894.2
1203190 1867.9
1203200 1816.0
1203210 1816.0
1203220 1774.8
1203230 1757.5
1203240 1757.5
1203250 1743.2
1203260 1735.5
1203270 1735.5
1203280 1725.1
1203290 1716.1
1203300 1716.1
1203310 1713.6
1203320 1704.6
1203330 1704.6
1203340 1692.3
1203350 1677.8
1203360 1668.0
1203370 1668.0
1203380 1658.9
1203390 1654.3
1203400 1654.3
1203410 1648.1
1203420 1641.8
1203430 1641.8
1203440 1633.7
1203450 1628.5
1203460 1628.5
1203470 1627.1
1203480 1627.8
1203490 1627.8
1203500 1623.1
1203510 1619.1
1203520 1619.1
1203530 1615.3
1203540 1612.2
1203550 1612.2
1203560 1613.2
1203570 1609.6
1203580 1600.8
1203590 1597.8
1203600 1593.7
1203610 1589.4
1203620 1589.4
1203630 1581.6
1203640 1574.2
1203650 1574.2
1203660 1567.8
1203670 1564.0
1203680 1564.0
1203690 1558.8
1203700 1553.1
1203710 1553.1
1203720 1544.7
1203730 1536.9
1203740 1536.9
1203750 1533.5
1203760 1533.4
1203770 1533.4
1203780 1543.0
1203790 1545.5
1203800 1545.5
1203810 1541.8
1203820 1538.6
1203830 1538.6
1203840 1533.1
1203850 1513.4
1203860 1499.4
1203870 1499.4
1203880 1494.3
1203890 1494.4
1203900 1494.4
1203910 1490.1
1203920 1484.6
1203930 1484.6
1203940 1480.3
1203950 1475.8
1203960 1475.8
1203970 1477.6
1203980 1475.3
1203990 1475.3
1204000 1463.8
1204010 1456.1
1204020 1456.1
1204030 1428.6
1204040 1422.4
1204050 1422.4
1204060 1415.8
1204070 1401.0
1204080 1401.0
1204090 1390.1
1204100 1377.7
1204110 1377.7
1204120 1361.5
1204130 1349.3
1204140 1340.8
1204150 1340.8
1204160 1345.0
1204170 1348.3
1204180 1348.3
1204190 1344.8
1204200 1338.0
1204210 1338.0
1204220 1331.9
1204230 1327.9
1204240 1327.9
1204250 1325.7
1204260 1322.5
1204270 1322.5
1204280 1318.8
1204290 1320.0
1204300 1320.0
1204310 1318.6
1204320 1314.9
1204330 1314.9
1204340 1306.8
1204350 1299.9
1204360 1299.9
1204370 1294.4
1204380 1289.8
1204390 1286.0
1204400 1286.0
1204410 1281.6
1204420 1276.4
1204430 1276.4
1204440 1269.7
1204450 1261.8
1204460 1261.8
1204470 1256.4
1204480 1250.8
1204490 1247.7
1204500 1241.4
1204510 1234.6
1204520 1234.6
1204530 1231.2
1204540 1229.0
1204550 1229.0
1204560 1231.9
1204570 1233.9
1204580 1233.9
1204590 1239.0
1204600 1240.8
1204610 1240.8
1204620 1238.4
1204630 1236.9
1204640 1235.7
1204650 1235.7
1204660 1233.5
1204670 1230.8
1204680 1230.8
1204690 1227.4
1204700 1223.9
1204710 1223.9
1204720 1220.3
1204730 1216.8
1204740 1216.8
1204750 1212.0
1204760 1204.3
1204770 1204.3
1204780 1197.8
1204790 1199.9
1204800 1199.9
1204810 1203.2
1204820 1202.8
1204830 1202.8
1204840 1205.6
1204850 1209.4
1204860 1209.4
1204870 1211.0
1204880 1211.6
1204890 1214.0
1204900 1214.0
1204910 1219.2
1204920 1229.2
1204930 1229.2
1204940 1216.4
1204950 1201.1
1204960 1201.1
1204970 1193.5
1204980 1189.7
1204990 1189.7
1205000 1180.5
1205010 1176.3
1205020 1176.3
1205030 1173.5
1205040 1169.5
1205050 1169.5
1205060 1166.4
1205070 1165.8
1205080 1165.8
1205090 1173.2
1205100 1184.9
1205110 1184.9
1205120 1180.2
1205130 1176.3
1205140 1176.3
1205150 1170.9
1205160 1152.6
1205170 1145.9
1205180 1145.9
1205190 1145.0
1205200 1148.3
1205210 1148.3
1205220 1148.6
1205230 1147.5
1205240 1147.5
1205250 1143.8
1205260 1141.7
1205270 1141.7
1205280 1136.3
1205290 1138.8
1205300 1138.8
1205310 1142.7
1205320 1146.0
1205330 1146.0
1205340 1150.6
1205350 1143.7
1205360 1143.7
1205370 1136.9
1205380 1130.3
1205390 1130.3
1205400 1123.5
1205410 1116.0
1205420 1108.5
1205430 1108.5
1205440 1102.7
1205450 1098.5
1205460 1098.5
1205470 1094.8
1205480 1088.5
1205490 1088.5
1205500 1077.9
1205510 1067.1
1205520 1067.1
1205530 1057.9
1205540 1049.1
1205550 1049.1
1205560 1041.6
1205570 1035.1
1205580 1035.1
1205590 1028.8
1205600 1022.8
1205610 1022.8
1205620 1017.7
1205630 1013.3
1205640 1013.3
1205650 1008.7
1205660 1004.0
1205670 999.6
1205680 999.6
1205690 996.0
1205700 992.6
1205710 992.6
1205720 988.9
1205730 985.0
1205740 985.0
1205750 981.3
1205760 977.0
1205770 977.0
1205780 970.6
1205790 962.3
1205800 962.3
1205810 954.3
1205820 944.6
1205830 944.6
1205840 938.7
1205850 936.3
1205860 936.3
1205870 935.8
1205880 936.3
1205890 936.3
1205900 934.8
1205910 933.9
1205920 933.9
1205930 933.2
1205940 932.8
1205950 932.5
1205960 932.5
1205970 932.7
1205980 933.4
1205990 933.4
1206000 934.4
1206010 936.8
1206020 936.8
1206030 941.0
1206040 944.8
1206050 944.8
1206060 946.2
1206070 945.9
1206080 945.9
1206090 947.4
1206100 943.4
1206110 943.4
1206120 936.6
1206130 929.7
1206140 929.7
1206150 922.8
1206160 916.0
1206170 916.0
1206180 909.0
1206190 902.4
1206200 897.8
1206210 897.8
1206220 895.4
1206230 894.2
1206240 894.2
1206250 893.9
1206260 893.7
1206270 893.7
1206280 893.2
1206290 891.5
1206300 891.5
1206310 886.4
1206320 883.1
1206330 883.1
1206340 876.7
1206350 869.3
1206360 869.3
1206370 863.0
1206380 859.6
1206390 859.6
1206400 856.1
1206410 849.2
1206420 849.2
1206430 843.4
1206440 844.8
1206450 846.6
1206460 846.6
1206470 848.6
1206480 848.3
1206490 848.3
1206500 848.6
1206510 847.9
1206520 847.9
1206530 847.8
1206540 847.8
1206550 847.8
1206560 847.8
1206570 846.8
1206580 846.8
1206590 844.1
1206600 847.1
1206610 847.1
1206620 844.8
1206630 842.4
1206640 842.4
1206650 840.8
1206660 838.9
1206670 838.9
1206680 836.8
1206690 834.5
1206700 834.5
1206710 832.0
1206720 829.8
1206730 827.6
1206740 827.6
1206750 825.4
1206760 823.8
1206770 823.1
1206780 821.3
1206790 819.7
1206800 819.7
1206810 817.6
1206820 814.4
1206830 814.4
1206840 812.2
1206850 811.1
1206860 811.1
1206870 810.9
1206880 811.3
1206890 811.3
1206900 811.3
1206910 812.0
1206920 812.0
1206930 814.5
1206940 816.8
1206950 816.8
1206960 816.8
1206970 816.0
1206980 815.0
1206990 815.0
1207000 813.3
1207010 812.0
1207020 812.0
1207030 811.6
1207040 813.2
1207050 813.2
1207060 814.3
1207070 815.0
1207080 815.0
1207090 814.5
1207100 812.8
1207110 812.8
1207120 810.3
1207130 807.4
1207140 807.4
1207150 804.2
1207160 800.5
1207170 800.5
1207180 795.0
1207190 789.4
1207200 789.4
1207210 784.3
1207220 779.5
1207230 771.3
1207240 771.3
1207250 765.8
1207260 760.1
1207270 760.1
1207280 753.0
1207290 744.0
1207300 744.0
1207310 739.6
1207320 736.8
1207330 736.8
1207340 734.5
1207350 732.8
1207360 732.8
1207370 732.3
1207380 732.8
1207390 732.8
1207400 733.6
1207410 734.5
1207420 734.5
1207430 734.6
1207440 734.4
1207450 734.4
1207460 735.2
1207470 734.3
1207480 733.2
1207490 733.2
1207500 731.8
1207510 730.5
1207520 730.5
1207530 729.6
1207540 728.4
1207550 728.4
1207560 727.7
1207570 728.3
1207580 728.3
1207590 727.6
1207600 722.8
1207610 722.8
1207620 717.9
1207630 716.9
1207640 716.9
1207650 716.8
1207660 716.7
1207670 716.7
1207680 716.2
1207690 715.8
1207700 715.8
1207710 716.4
1207720 715.3
1207730 715.3
1207740 714.1
1207750 712.9
1207760 712.0
1207770 712.0
1207780 711.1
1207790 710.3
1207800 710.3
1207810 709.2
1207820 707.8
1207830 707.8
1207840 706.9
1207850 705.4
1207860 705.4
1207870 703.8
1207880 702.8
1207890 702.8
1207900 701.5
1207910 698.4
1207920 698.4
1207930 693.3
1207940 687.1
1207950 687.1
1207960 682.4
1207970 680.9
1207980 680.9
1207990 679.8
1208000 679.3
1208010 679.1
1208020 679.1
1208030 679.0
1208040 679.2
1208050 679.2
1208060 679.8
1208070 679.9
1208080 679.9
1208090 679.8
1208100 679.5
1208110 679.5
1208120 679.4
1208130 678.8
1208140 678.8
1208150 676.2
1208160 672.7
1208170 672.7
1208180 672.4
1208190 672.5
1208200 672.5
1208210 672.5
1208220 672.5
1208230 672.5
1208240 672.3
1208250 672.2
1208260 672.1
1208270 672.1
1208280 672.2
1208290 672.3
1208300 672.3
1208310 672.4
1208320 672.2
1208330 672.2
1208340 671.9
1208350 671.8
1208360 671.8
1208370 671.8
1208380 671.6
1208390 671.6
1208400 671.5
1208410 671.4
1208420 671.4
1208430 671.4
1208440 671.3
1208450 671.3
1208460 671.0
1208470 670.8
1208480 670.8
1208490 670.6
1208500 670.5
1208510 670.5
1208520 670.7
1208530 670.8
1208540 670.9
1208550 670.9
1208560 670.9
1208570 670.8
1208580 670.8
1208590 670.7
1208600 669.5
1208610 668.5
1208620 666.2
1208630 666.0
1208640 666.0
1208650 665.9
1208660 665.9
1208670 665.9
1208680 665.9
1208690 666.1
1208700 666.1
1208710 667.3
1208720 670.9
1208730 670.9
1208740 675.1
1208750 676.3
1208760 676.3
1208770 676.5
1208780 676.9
1208790 677.0
1208800 677.0
1208810 676.9
1208820 676.8
1208830 676.8
1208840 676.8
1208850 677.2
1208860 677.2
1208870 679.2
1208880 682.4
1208890 682.4
1208900 686.4
1208910 688.5
1208920 688.5
1208930 688.8
1208940 688.7
1208950 688.7
1208960 688.5
1208970 688.5
1208980 688.5
1208990 688.5
1209000 688.6
1209010 688.6
1209020 688.9
1209030 688.9
1209040 688.7
1209050 688.7
1209060 688.7
1209070 688.7
1209080 688.7
1209090 688.8
1209100 688.9
1209110 688.9
1209120 689.0
1209130 688.9
1209140 688.9
1209150 689.1
1209160 689.0
1209170 689.0
1209180 689.1
1209190 689.1
1209200 689.1
1209210 689.1
1209220 689.0
1209230 689.0
1209240 689.3
1209250 690.6
1209260 690.6
1209270 690.1
1209280 689.3
1209290 689.1
1209300 689.1
1209310 688.8
1209320 687.0
1209330 687.0
1209340 686.5
1209350 686.4
1209360 686.4
1209370 686.2
1209380 686.1
1209390 686.1
1209400 686.0
1209410 686.0
1209420 686.0
1209430 685.9
1209440 685.8
1209450 685.8
1209460 685.7
1209470 685.4
1209480 685.4
1209490 685.3
1209500 685.1
1209510 685.1
1209520 684.5
1209530 683.8
1209540 683.8
1209550 683.6
1209560 683.6
1209570 683.9
1209580 683.9
1209590 684.5
1209600 685.3
1209610 685.3
1209620 687.3
1209630 686.6
1209640 686.6
1209650 683.7
1209660 684.0
1209670 684.0
1209680 687.2
1209690 686.8
1209700 686.8
1209710 686.0
1209720 686.2
1209730 686.2
1209740 686.4
1209750 686.5
1209760 686.5
1209770 686.6
1209780 686.6
1209790 686.6
1209800 686.9
1209810 687.2
1209820 686.9
1209830 686.9
1209840 686.6
1209850 686.6
1209860 686.6
1209870 686.6
1209880 686.6
1209890 686.6
1209900 686.7
1209910 686.8
1209920 686.8
1209930 687.1
1209940 687.4
1209950 687.4
1209960 687.6
1209970 687.9
1209980 687.9
1209990 688.1
1210000 688.0
1210010 688.0
1210020 687.9
1210030 687.6
1210040 687.6
1210050 687.4
1210060 687.5
1210070 687.5
1210080 687.5
1210090 687.5
1210100 686.9
1210110 686.9
1210120 686.6
1210130 685.9
1210140 685.9
1210150 684.9
1210160 682.3
1210170 682.3
1210180 679.7
1210190 678.7
1210200 678.7
1210210 678.5
1210220 679.5
1210230 679.5
1210240 680.8
1210250 680.8
1210260 680.8
1210270 681.4
1210280 681.7
1210290 681.7
1210300 681.7
1210310 681.6
1210320 681.6
1210330 681.4
1210340 681.2
1210350 681.2
1210360 681.2
1210370 681.2
1210380 681.2
1210390 681.2
1210400 681.2
1210410 681.2
1210420 681.2
1210430 680.8
1210440 679.8
1210450 679.8
1210460 679.5
1210470 679.9
1210480 679.9
1210490 680.4
1210500 680.9
1210510 680.9
1210520 681.0
1210530 680.9
1210540 680.9
1210550 680.9
1210560 680.8
1210570 680.8
1210580 680.2
1210590 680.0
1210600 680.0
1210610 680.0
1210620 680.1
1210630 679.8
1210640 679.8
1210650 679.2
1210660 679.0
1210670 679.0
1210680 679.0
1210690 679.1
1210700 679.1
1210710 679.4
1210720 679.4
1210730 679.4
1210740 679.7
1210750 680.2
1210760 680.2
1210770 680.1
1210780 680.3
1210790 680.3
1210800 680.5
1210810 680.3
1210820 680.3
1210830 680.1
1210840 680.1
1210850 680.7
1210860 680.7
1210870 682.1
1210880 682.7
1210890 682.7
1210900 682.3
1210910 681.4
1210920 681.4
1210930 681.4
1210940 681.3
1210950 681.3
1210960 681.4
1210970 681.4
1210980 681.4
1210990 681.4
1211000 682.0
1211010 682.0
1211020 682.1
1211030 681.4
1211040 681.4
1211050 681.6
1211060 682.5
1211070 682.5
1211080 683.5
1211090 684.9
1211100 685.4
1211110 685.4
1211120 685.8
1211130 686.2
1211140 686.2
1211150 686.7
1211160 687.1
1211170 687.1
1211180 687.7
1211190 688.6
1211200 688.6
1211210 689.4
1211220 690.1
1211230 690.1
1211240 690.8
1211250 691.7
1211260 691.7
1211270 692.6
1211280 693.3
1211290 693.3
1211300 693.8
1211310 694.4
1211320 694.4
1211330 697.6
1211340 702.3
1211350 702.3
1211360 703.3
1211370 705.7
1211380 705.3
1211390 705.9
1211400 711.5
1211410 718.3
1211420 718.3
1211430 723.6
1211440 729.0
1211450 729.0
1211460 735.1
1211470 740.9
1211480 740.9
1211490 748.0
1211500 755.7
1211510 755.7
1211520 763.3
1211530 769.8
1211540 769.8
1211550 775.6
1211560 781.3
1211570 781.3
1211580 787.2
1211590 792.0
1211600 792.0
1211610 796.2
1211620 800.7
1211630 805.4
1211640 805.4
1211650 809.8
1211660 813.7
1211670 813.7
1211680 816.5
1211690 819.7
1211700 819.7
1211710 823.4
1211720 827.5
1211730 827.5
1211740 831.6
1211750 835.4
1211760 835.4
1211770 839.5
1211780 844.9
1211790 844.9
1211800 849.2
1211810 853.0
1211820 853.0
1211830 857.8
1211840 862.6
1211850 862.6
1211860 870.0
1211870 872.5
1211880 875.2
1211890 875.2
1211900 878.4
1211910 881.6
1211920 881.6
1211930 884.8
1211940 888.2
1211950 888.2
1211960 892.3
1211970 896.2
1211980 896.2
1211990 899.1
1212000 901.4
1212010 901.4
1212020 903.9
1212030 906.0
1212040 906.0
1212050 908.2
1212060 911.5
1212070 911.5
1212080 914.1
1212090 915.7
1212100 915.7
1212110 917.2
1212120 919.0
1212130 919.0
1212140 921.1
1212150 923.3
1212160 925.6
1212170 925.6
1212180 927.9
1212190 930.8
1212200 930.8
1212210 933.9
1212220 936.9
1212230 936.9
1212240 939.1
1212250 941.3
1212260 941.3
1212270 943.6
1212280 946.6
1212290 946.6
1212300 950.1
1212310 954.0
1212320 956.3
1212330 959.9
1212340 962.2
1212350 962.2
1212360 964.8
1212370 967.8
1212380 967.8
1212390 971.4
1212400 974.1
1212410 976.3
1212420 976.3
1212430 979.0
1212440 981.5
1212450 981.5
1212460 984.1
1212470 986.6
1212480 986.6
1212490 988.5
1212500 989.8
1212510 989.8
1212520 991.1
1212530 995.7
1212540 995.7
1212550 1002.7
1212560 1010.6
1212570 1010.6
1212580 1018.0
1212590 1024.8
1212600 1024.8
1212610 1031.3
1212620 1039.2
1212630 1039.2
1212640 1046.5
1212650 1053.1
1212660 1058.3
1212670 1058.3
1212680 1063.5
1212690 1069.9
1212700 1069.9
1212710 1076.8
1212720 1084.4
1212730 1084.4
1212740 1092.1
1212750 1100.3
1212760 1100.3
1212770 1111.4
1212780 1121.7
1212790 1128.3
1212800 1135.6
1212810 1141.6
1212820 1141.6
1212830 1147.3
1212840 1152.5
1212850 1152.5
1212860 1157.9
1212870 1164.2
1212880 1164.2
1212890 1170.2
1212900 1176.1
1212910 1182.6
1212920 1182.6
1212930 1189.4
1212940 1195.8
1212950 1195.8
1212960 1201.7
1212970 1207.4
1212980 1207.4
1212990 1211.8
1213000 1215.7
1213010 1215.7
1213020 1219.3
1213030 1222.8
1213040 1222.8
1213050 1226.1
1213060 1229.2
1213070 1229.2
1213080 1232.0
1213090 1234.4
1213100 1234.4
1213110 1236.5
1213120 1238.4
1213130 1238.4
1213140 1240.0
1213150 1240.6
1213160 1240.6
1213170 1240.6
1213180 1240.5
1213190 1241.2
1213200 1241.2
1213210 1242.0
1213220 1243.1
1213230 1243.1
1213240 1244.2
1213250 1245.4
1213260 1251.2
1213270 1253.2
1213280 1256.2
1213290 1256.2
1213300 1259.7
1213310 1263.1
1213320 1263.1
1213330 1266.4
1213340 1270.0
1213350 1270.0
1213360 1273.4
1213370 1275.7
1213380 1275.7
1213390 1276.9
1213400 1278.1
1213410 1278.1
1213420 1278.7
1213430 1279.2
1213440 1279.6
1213450 1279.6
1213460 1279.8
1213470 1279.7
1213480 1279.7
1213490 1279.5
1213500 1280.3
1213510 1280.3
1213520 1281.3
1213530 1282.6
1213540 1282.6
1213550 1283.5
1213560 1284.1
1213570 1284.1
1213580 1284.5
1213590 1284.9
1213600 1284.9
1213610 1285.2
1213620 1285.5
1213630 1285.5
1213640 1286.1
1213650 1287.0
1213660 1287.0
1213670 1288.3
1213680 1289.3
1213690 1290.1
1213700 1290.1
1213710 1291.2
1213720 1292.6
1213730 1298.7
1213740 1299.6
1213750 1300.4
1213760 1300.4
1213770 1301.5
1213780 1302.7
1213790 1302.7
1213800 1304.0
1213810 1304.9
1213820 1304.9
1213830 1305.6
1213840 1306.6
1213850 1306.6
1213860 1307.6
1213870 1308.6
1213880 1308.6
1213890 1309.6
1213900 1310.6
1213910 1310.6
1213920 1311.0
1213930 1310.9
1213940 1310.5
1213950 1310.5
1213960 1310.1
1213970 1310.0
1213980 1310.0
1213990 1308.9
1214000 1306.1
1214010 1306.1
1214020 1303.4
1214030 1302.6
1214040 1302.6
1214050 1303.6
1214060 1304.8
1214070 1304.8
1214080 1306.2
1214090 1308.2
1214100 1308.2
1214110 1310.0
1214120 1309.3
1214130 1309.3
1214140 1307.0
1214150 1310.8
1214160 1310.8
1214170 1317.4
1214180 1321.0
1214190 1321.0
1214200 1328.3
1214210 1330.7
1214220 1333.7
1214230 1333.7
1214240 1335.2
1214250 1337.3
1214260 1337.3
1214270 1341.6
1214280 1346.4
1214290 1346.4
1214300 1349.9
1214310 1352.5
1214320 1352.5
1214330 1354.6
1214340 1356.6
1214350 1356.6
1214360 1358.6
1214370 1360.7
1214380 1360.7
1214390 1362.2
1214400 1363.0
1214410 1363.0
1214420 1363.1
1214430 1365.4
1214440 1365.4
1214450 1368.6
1214460 1370.9
1214470 1372.4
1214480 1372.4
1214490 1374.1
1214500 1376.0
1214510 1376.0
1214520 1377.4
1214530 1378.7
1214540 1378.7
1214550 1379.6
1214560 1380.4
1214570 1380.4
1214580 1380.9
1214590 1381.1
1214600 1381.1
1214610 1381.0
1214620 1380.2
1214630 1380.2
1214640 1380.4
1214650 1379.9
1214660 1379.9
1214670 1385.3
1214680 1386.4
1214690 1386.4
1214700 1387.3
1214710 1388.6
1214720 1390.0
1214730 1390.0
1214740 1391.2
1214750 1392.6
1214760 1392.6
1214770 1393.5
1214780 1394.4
1214790 1394.4
1214800 1395.5
1214810 1397.0
1214820 1397.0
1214830 1399.7
1214840 1401.3
1214850 1401.3
1214860 1401.7
1214870 1401.2
1214880 1401.2
1214890 1399.1
1214900 1397.3
1214910 1397.3
1214920 1396.7
1214930 1396.7
1214940 1396.7
1214950 1397.0
1214960 1397.9
1214970 1397.9
1214980 1399.5
1214990 1401.3
1215000 1404.0
1215010 1404.0
1215020 1407.4
1215030 1410.6
1215040 1410.6
1215050 1413.5
1215060 1418.8
1215070 1418.8
1215080 1423.6
1215090 1427.9
1215100 1427.9
1215110 1430.2
1215120 1430.5
1215130 1430.5
1215140 1436.6
1215150 1436.4
1215160 1436.4
1215170 1436.3
1215180 1436.2
1215190 1436.2
1215200 1438.2
1215210 1441.0
1215220 1441.0
1215230 1443.9
1215240 1446.2
1215250 1448.2
1215260 1448.2
1215270 1449.6
1215280 1451.2
1215290 1451.2
1215300 1451.6
1215310 1453.0
1215320 1453.0
1215330 1455.1
1215340 1457.4
1215350 1457.4
1215360 1459.7
1215370 1461.3
1215380 1461.3
1215390 1463.0
1215400 1465.0
1215410 1465.0
1215420 1466.5
1215430 1467.3
1215440 1467.3
1215450 1467.7
1215460 1468.3
1215470 1468.3
1215480 1469.2
1215490 1469.6
1215500 1470.2
1215510 1470.2
1215520 1470.7
1215530 1471.3
1215540 1471.3
1215550 1472.4
1215560 1473.1
1215570 1473.1
1215580 1473.1
1215590 1474.4
1215600 1474.4
1215610 1483.2
1215620 1484.9
1215630 1484.9
1215640 1485.5
1215650 1485.1
1215660 1485.1
1215670 1484.4
1215680 1482.7
1215690 1482.7
1215700 1480.6
1215710 1477.5
1215720 1477.5
1215730 1475.1
1215740 1473.9
1215750 1471.7
1215760 1471.7
1215770 1469.0
1215780 1466.9
1215790 1466.9
1215800 1464.0
1215810 1461.2
1215820 1461.2
1215830 1458.6
1215840 1456.0
1215850 1456.0
1215860 1453.6
1215870 1451.6
1215880 1451.6
1215890 1449.9
1215900 1448.1
1215910 1448.1
1215920 1446.0
1215930 1444.3
1215940 1444.3
1215950 1442.6
1215960 1440.3
1215970 1440.3
1215980 1438.1
1215990 1435.4
1216000 1435.4
1216010 1430.3
1216020 1427.7
1216030 1426.0
1216040 1426.0
1216050 1425.2
1216060 1424.7
1216070 1424.7
1216080 1425.2
1216090 1425.3
1216100 1425.3
1216110 1425.7
1216120 1426.8
1216130 1426.8
1216140 1427.3
1216150 1426.9
1216160 1426.9
1216170 1425.9
1216180 1424.8
1216190 1424.8
1216200 1423.5
1216210 1421.5
1216220 1421.5
1216230 1418.7
1216240 1419.8
1216250 1419.8
1216260 1422.3
1216270 1424.3
1216280 1427.7
1216290 1427.7
1216300 1430.6
1216310 1432.7
1216320 1432.7
1216330 1435.3
1216340 1438.4
1216350 1438.4
1216360 1441.1
1216370 1444.4
1216380 1444.4
1216390 1448.1
1216400 1451.8
1216410 1451.8
1216420 1455.0
1216430 1458.0
1216440 1458.0
1216450 1462.9
1216460 1467.6
1216470 1467.6
1216480 1470.5
1216490 1473.6
1216500 1473.6
1216510 1478.8
1216520 1484.5
1216530 1490.4
1216540 1490.4
1216550 1496.5
1216560 1508.6
1216570 1508.6
1216580 1514.9
1216590 1521.4
1216600 1521.4
1216610 1527.0
1216620 1532.1
1216630 1532.1
1216640 1536.0
1216650 1539.5
1216660 1539.5
1216670 1542.9
1216680 1546.8
1216690 1546.8
1216700 1551.1
1216710 1555.0
1216720 1555.0
1216730 1558.4
1216740 1562.6
1216750 1562.6
1216760 1569.9
1216770 1581.5
1216780 1588.4
1216790 1588.4
1216800 1593.5
1216810 1599.5
1216820 1599.5
1216830 1606.3
1216840 1612.0
1216850 1612.0
1216860 1616.0
1216870 1618.3
1216880 1618.3
1216890 1618.3
1216900 1617.2
1216910 1617.2
1216920 1613.3
1216930 1609.8
1216940 1609.8
1216950 1611.0
1216960 1616.6
1216970 1616.6
1216980 1623.9
1216990 1629.9
1217000 1629.9
1217010 1635.7
1217020 1641.8
1217030 1644.8
1217040 1650.5
1217050 1657.4
1217060 1664.0
1217070 1664.0
1217080 1671.0
1217090 1676.8
1217100 1676.8
1217110 1682.5
1217120 1689.0
1217130 1689.0
1217140 1697.0
1217150 1704.6
1217160 1704.6
1217170 1712.4
1217180 1719.2
1217190 1719.2
1217200 1723.6
1217210 1727.1
1217220 1727.1
1217230 1730.9
1217240 1734.4
1217250 1734.4
1217260 1738.9
1217270 1744.0
1217280 1744.0
1217290 1749.6
1217300 1755.7
1217310 1762.1
1217320 1762.1
1217330 1768.0
1217340 1773.1
1217350 1773.1
1217360 1778.2
1217370 1783.2
1217380 1783.2
1217390 1787.1
1217400 1790.4
1217410 1790.4
1217420 1794.4
1217430 1799.0
1217440 1799.0
1217450 1804.3
1217460 1807.9
1217470 1807.9
1217480 1811.3
1217490 1813.9
1217500 1813.9
1217510 1819.2
1217520 1821.7
1217530 1821.7
1217540 1823.9
1217550 1826.1
1217560 1829.8
1217570 1829.8
1217580 1834.8
1217590 1840.6
1217600 1840.6
1217610 1845.8
1217620 1849.9
1217630 1849.9
1217640 1854.1
1217650 1857.9
1217660 1857.9
1217670 1861.1
1217680 1863.7
1217690 1863.7
1217700 1865.7
1217710 1867.8
1217720 1867.8
1217730 1869.9
1217740 1871.7
1217750 1871.7
1217760 1873.1
1217770 1874.3
1217780 1874.3
1217790 1875.8
1217800 1877.5
1217810 1877.5
1217820 1879.5
1217830 1881.4
1217840 1883.2
1217850 1883.2
1217860 1885.4
1217870 1887.6
1217880 1887.6
1217890 1889.0
1217900 1891.1
1217910 1891.1
1217920 1894.2
1217930 1895.4
1217940 1895.4
1217950 1897.7
1217960 1901.3
1217970 1901.3
1217980 1905.3
1217990 1911.7
1218000 1911.7
1218010 1916.0
1218020 1920.2
1218030 1920.2
1218040 1924.4
1218050 1927.5
1218060 1927.5
1218070 1930.8
1218080 1934.2
1218090 1938.0
1218100 1938.0
1218110 1941.7
1218120 1945.6
1218130 1945.6
1218140 1947.2
1218150 1947.4
1218160 1947.4
1218170 1949.0
1218180 1952.3
1218190 1952.3
1218200 1956.3
1218210 1961.5
1218220 1961.5
1218230 1966.0
1218240 1969.3
1218250 1969.3
1218260 1970.4
1218270 1971.7
1218280 1971.7
1218290 1973.3
1218300 1974.3
1218310 1974.3
1218320 1975.4
1218330 1977.4
1218340 1980.3
1218350 1980.3
1218360 1981.7
1218370 1982.9
1218380 1982.9
1218390 1983.8
1218400 1984.0
1218410 1984.0
1218420 1984.7
1218430 1985.9
1218440 1985.9
1218450 1986.1
1218460 1985.3
1218470 1985.3
1218480 1984.8
1218490 1985.4
1218500 1985.4
1218510 1988.6
1218520 1992.7
1218530 1992.7
1218540 1996.6
1218550 2000.4
1218560 2000.4
1218570 2003.2
1218580 2005.2
1218590 2006.8
1218600 2006.8
1218610 2008.1
1218620 2009.1
1218630 2009.1
1218640 2010.8
1218650 2012.6
1218660 2012.6
1218670 2014.5
1218680 2016.4
1218690 2016.4
1218700 2018.4
1218710 2020.6
1218720 2020.6
1218730 2022.6
1218740 2023.8
1218750 2023.8
1218760 2024.3
1218770 2025.0
1218780 2025.0
1218790 2025.8
1218800 2026.6
1218810 2026.6
1218820 2027.5
1218830 2028.2
1218840 2028.2
1218850 2028.8
1218860 2029.2
1218870 2029.7
1218880 2029.7
1218890 2030.1
1218900 2030.9
1218910 2030.9
1218920 2032.1
1218930 2033.2
1218940 2032.7
1218950 2033.3
1218960 2034.0
1218970 2034.0
1218980 2034.6
1218990 2035.2
1219000 2035.2
1219010 2035.8
1219020 2036.4
1219030 2036.4
1219040 2037.0
1219050 2037.6
1219060 2037.6
1219070 2038.6
1219080 2040.2
1219090 2040.2
1219100 2042.2
1219110 2044.1
1219120 2046.1
1219130 2046.1
1219140 2048.0
1219150 2050.2
1219160 2050.2
1219170 2053.1
1219180 2055.3
1219190 2055.3
1219200 2056.7
1219210 2058.1
1219220 2058.1
1219230 2059.7
1219240 2061.0
1219250 2061.0
1219260 2062.4
1219270 2064.3
1219280 2064.3
1219290 2065.7
1219300 2066.9
1219310 2066.9
1219320 2067.8
1219330 2068.8
1219340 2068.8
1219350 2070.3
1219360 2071.9
1219370 2073.5
1219380 2073.5
1219390 2074.8
1219400 2076.6
1219410 2076.6
1219420 2079.6
1219430 2082.6
1219440 2082.6
1219450 2084.7
1219460 2086.3
1219470 2086.3
1219480 2088.2
1219490 2090.5
1219500 2090.5
1219510 2095.0
1219520 2098.9
1219530 2098.9
1219540 2102.3
1219550 2106.4
1219560 2106.4
1219570 2111.0
1219580 2115.0
1219590 2115.0
1219600 2118.0
1219610 2120.2
1219620 2122.6
1219630 2122.6
1219640 2125.1
1219650 2127.1
1219660 2127.1
1219670 2129.5
1219680 2132.6
1219690 2132.6
1219700 2135.3
1219710 2138.2
1219720 2138.2
1219730 2140.6
1219740 2143.1
1219750 2143.1
1219760 2146.3
1219770 2148.9
1219780 2148.9
1219790 2151.4
1219800 2154.1
1219810 2154.1
1219820 2156.4
1219830 2158.3
1219840 2158.3
1219850 2160.0
1219860 2161.7
1219870 2161.7
1219880 2163.2
1219890 2164.0
1219900 2161.6
1219910 2161.6
1219920 2162.3
1219930 2163.0
1219940 2163.0
1219950 2162.8
1219960 2161.9
1219970 2161.9
1219980 2161.3
1219990 2161.1
1200000 1787.3
1200010 1792.6
1200020 1797.0
1200030 1797.0
1200040 1801.1
1200050 1805.4
1200060 1805.4
1200070 1809.3
1200080 1813.5
1200090 1813.5
1200100 1818.3
1200110 1823.7
1200120 1823.7
1200130 1828.6
1200140 1833.5
1200150 1833.5
1200160 1838.3
1200170 1843.2
1200180 1843.2
1200190 1848.0
1200200 1852.7
1200210 1852.7
1200220 1857.4
1200230 1861.1
1200240 1864.8
1200250 1864.8
1200260 1868.7
1200270 1872.6
1200280 1872.6
1200290 1877.2
1200300 1882.4
1200310 1882.4
1200320 1886.7
1200330 1890.8
1200340 1890.8
1200350 1896.2
1200360 1902.9
1200370 1902.9
1200380 1910.0
1200390 1915.8
1200400 1915.8
1200410 1919.8
1200420 1923.4
1200430 1929.7
1200440 1935.7
1200450 1939.5
1200460 1939.5
1200470 1942.0
1200480 1947.0
1200490 1949.2
1200500 1949.2
1200510 1951.8
1200520 1954.8
1200530 1954.8
1200540 1957.7
1200550 1961.3
1200560 1961.3
1200570 1965.5
1200580 1969.3
1200590 1969.3
1200600 1972.8
1200610 1975.5
1200620 1975.5
1200630 1980.1
1200640 1986.8
1200650 1986.8
1200660 1992.8
1200670 1997.6
1200680 1997.6
1200690 2001.1
1200700 2005.4
1200710 2005.4
1200720 2008.3
1200730 2011.0
1200740 2011.0
1200750 2013.3
1200760 2016.9
1200770 2021.4
1200780 2021.4
1200790 2024.6
1200800 2028.9
1200810 2028.9
1200820 2035.9
1200830 2043.2
1200840 2043.2
1200850 2049.7
1200860 2056.2
1200870 2061.1
1200880 2066.8
1200890 2071.1
1200900 2071.1
1200910 2074.7
1200920 2077.5
1200930 2077.5
1200940 2081.8
1200950 2087.2
1200960 2087.2
1200970 2089.6
1200980 2089.5
1200990 2089.5
1201000 2092.0
1201010 2096.3
1201020 2102.6
1201030 2102.6
1201040 2108.2
1201050 2112.0
1201060 2112.0
1201070 2115.3
1201080 2119.0
1201090 2119.0
1201100 2124.5
1201110 2131.5
1201120 2131.5
1201130 2137.5
1201140 2141.2
1201150 2141.2
1201160 2143.3
1201170 2144.8
1201180 2144.8
1201190 2147.3
1201200 2151.7
1201210 2151.7
1201220 2157.7
1201230 2163.3
1201240 2163.3
1201250 2166.7
1201260 2167.8
1201270 2167.9
1201280 2167.9
1201290 2167.7
1201300 2169.4
1201310 2169.4
1201320 2177.2
1201330 2182.1
1201340 2182.1
1201350 2187.1
1201360 2192.2
1201370 2192.2
1201380 2196.2
1201390 2200.5
1201400 2200.5
1201410 2204.8
1201420 2209.5
1201430 2209.5
1201440 2215.2
1201450 2220.6
1201460 2220.6
1201470 2226.7
1201480 2235.3
1201490 2235.3
1201500 2242.2
1201510 2248.5
1201520 2248.5
1201530 2254.9
1201540 2260.0
1201550 2263.8
1201560 2263.8
1201570 2267.5
1201580 2272.2
1201590 2272.2
1201600 2276.1
1201610 2280.2
1201620 2280.2
1201630 2284.3
1201640 2290.2
1201650 2290.2
1201660 2297.8
1201670 2304.7
1201680 2304.7
1201690 2310.5
1201700 2314.3
1201710 2314.3
1201720 2317.0
1201730 2319.9
1201740 2319.9
1201750 2322.1
1201760 2325.9
1201770 2332.6
1201780 2337.5
1201790 2340.7
1201800 2343.5
1201810 2343.5
1201820 2347.3
1201830 2351.9
1201840 2351.9
1201850 2355.7
1201860 2359.3
1201870 2359.3
1201880 2359.4
1201890 2356.7
1201900 2356.7
1201910 2352.9
1201920 2348.2
1201930 2348.2
1201940 2340.2
1201950 2324.2
1201960 2324.2
1201970 2317.3
1201980 2315.0
1201990 2315.0
1202000 2313.0
1202010 2311.0
1202020 2311.0
1202030 2304.5
1202040 2301.1
1202050 2300.7
1202060 2300.7
1202070 2299.1
1202080 2299.5
1202090 2299.5
1202100 2297.4
1202110 2289.5
1202120 2289.5
1202130 2272.2
1202140 2257.8
1202150 2257.8
1202160 2245.9
1202170 2238.3
1202180 2238.3
1202190 2230.5
1202200 2222.9
1202210 2222.9
1202220 2214.3
1202230 2221.1
1202240 2221.1
1202250 2225.3
1202260 2218.8
1202270 2218.8
1202280 2210.2
1202290 2197.3
1202300 2185.3
1202310 2185.3
1202320 2184.7
1202330 2187.4
1202340 2187.4
1202350 2189.1
1202360 2188.2
1202370 2188.2
1202380 2185.6
1202390 2182.6
1202400 2182.6
1202410 2179.7
1202420 2174.4
1202430 2174.4
1202440 2165.4
1202450 2155.2
1202460 2155.2
1202470 2146.7
1202480 2138.4
1202490 2138.4
1202500 2130.2
1202510 2121.8
1202520 2121.8
1202530 2113.4
1202540 2105.5
1202550 2105.5
1202560 2097.2
1202570 2089.4
1202580 2082.0
1202590 2082.0
1202600 2074.6
1202610 2066.0
1202620 2066.0
1202630 2056.8
1202640 2048.5
1202650 2048.5
1202660 2039.2
1202670 2033.6
1202680 2033.6
1202690 2022.0
1202700 2015.2
1202710 2015.2
1202720 2018.1
1202730 2015.5
1202740 2015.5
1202750 2011.9
1202760 2010.1
1202770 2010.1
1202780 2014.1
1202790 2011.4
1202800 2011.4
1202810 2004.4
1202820 1993.6
1202830 1985.1
1202840 1985.1
1202850 1984.3
1202860 1986.6
1202870 1986.6
1202880 1989.3
1202890 1991.9
1202900 1991.9
1202910 1992.7
1202920 1989.8
1202930 1989.8
1202940 1990.8
1202950 1990.4
1202960 1990.4
1202970 1982.7
1202980 1972.8
1202990 1972.8
1203000 1972.2
1203010 1986.0
1203020 1986.0
1203030 1998.0
1203040 1991.5
1203050 1991.5
1203060 1998.6
1203070 2006.1
1203080 2003.4
1203090 2003.4
1203100 1998.7
1203110 1992.0
1203120 1992.0
1203130 1958.0
1203140 1939.7
1203150 1939.7
1203160 1915.8
1203170 1894.2
1203180 1894.2
1203190 1867.9
1203200 1816.0
1203210 1816.0
1203220 1774.8
1203230 1757.5
1203240 1757.5
1203250 1743.2
1203260 1735.5
1203270 1735.5
1203280 1725.1
1203290 1716.1
1203300 1716.1
1203310 1713.6
1203320 1704.6
1203330 1704.6
1203340 1692.3
1203350 1677.8
1203360 1668.0
1203370 1668.0
1203380 1658.9
1203390 1654.3
1203400 1654.3
1203410 1648.1
1203420 1641.8
1203430 1641.8
1203440 1633.7
1203450 1628.5
1203460 1628.5
1203470 1627.1
1203480 1627.8
1203490 1627.8
1203500 1623.1
1203510 1619.1
1203520 1619.1
1203530 1615.3
1203540 1612.2
1203550 1612.2
1203560 1613.2
1203570 1609.6
1203580 1600.8
1203590 1597.8
1203600 1593.7
1203610 1589.4
1203620 1589.4
1203630 1581.6
1203640 1574.2
1203650 1574.2
1203660 1567.8
1203670 1564.0
1203680 1564.0
1203690 1558.8
1203700 1553.1
1203710 1553.1
1203720 1544.7
1203730 1536.9
1203740 1536.9
1203750 1533.5
1203760 1533.4
1203770 1533.4
1203780 1543.0
1203790 1545.5
1203800 1545.5
1203810 1541.8
1203820 1538.6
1203830 1538.6
1203840 1533.1
1203850 1513.4
1203860 1499.4
1203870 1499.4
1203880 1494.3
1203890 1494.4
1203900 1494.4
1203910 1490.1
1203920 1484.6
1203930 1484.6
1203940 1480.3
1203950 1475.8
1203960 1475.8
1203970 1477.6
1203980 1475.3
1203990 1475.3
1204000 1463.8
1204010 1456.1
1204020 1456.1
1204030 1428.6
1204040 1422.4
1204050 1422.4
1204060 1415.8
1204070 1401.0
1204080 1401.0
1204090 1390.1
1204100 1377.7
1204110 1377.7
1204120 1361.5
1204130 1349.3
1204140 1340.8
1204150 1340.8
1204160 1345.0
1204170 1348.3
1204180 1348.3
1204190 1344.8
1204200 1338.0
1204210 1338.0
1204220 1331.9
1204230 1327.9
1204240 1327.9
1204250 1325.7
1204260 1322.5
1204270 1322.5
1204280 1318.8
1204290 1320.0
1204300 1320.0
1204310 1318.6
1204320 1314.9
1204330 1314.9
1204340 1306.8
1204350 1299.9
1204360 1299.9
1204370 1294.4
1204380 1289.8
1204390 1286.0
1204400 1286.0
1204410 1281.6
1204420 1276.4
1204430 1276.4
1204440 1269.7
1204450 1261.8
1204460 1261.8
1204470 1256.4
1204480 1250.8
1204490 1247.7
1204500 1241.4
1204510 1234.6
1204520 1234.6
1204530 1231.2
1204540 1229.0
1204550 1229.0
1204560 1231.9
1204570 1233.9
1204580 1233.9
1204590 1239.0
1204600 1240.8
1204610 1240.8
1204620 1238.4
1204630 1236.9
1204640 1235.7
1204650 1235.7
1204660 1233.5
1204670 1230.8
1204680 1230.8
1204690 1227.4
1204700 1223.9
1204710 1223.9
1204720 1220.3
1204730 1216.8
1204740 1216.8
1204750 1212.0
1204760 1204.3
1204770 1204.3
1204780 1197.8
1204790 1199.9
1204800 1199.9
1204810 1203.2
1204820 1202.8
1204830 1202.8
1204840 1205.6
1204850 1209.4
1204860 1209.4
1204870 1211.0
1204880 1211.6
1204890 1214.0
1204900 1214.0
1204910 1219.2
1204920 1229.2
1204930 1229.2
1204940 1216.4
1204950 1201.1
1204960 1201.1
1204970 1193.5
1204980 1189.7
1204990 1189.7
1205000 1180.5
1205010 1176.3
1205020 1176.3
1205030 1173.5
1205040 1169.5
1205050 1169.5
1205060 1166.4
1205070 1165.8
1205080 1165.8
1205090 1173.2
1205100 1184.9
1205110 1184.9
1205120 1180.2
1205130 1176.3
1205140 1176.3
1205150 1170.9
1205160 1152.6
1205170 1145.9
1205180 1145.9
1205190 1145.0
1205200 1148.3
1205210 1148.3
1205220 1148.6
1205230 1147.5
1205240 1147.5
1205250 1143.8
1205260 1141.7
1205270 1141.7
1205280 1136.3
1205290 1138.8
1205300 1138.8
1205310 1142.7
1205320 1146.0
1205330 1146.0
1205340 1150.6
1205350 1143.7
1205360 1143.7
1205370 1136.9
1205380 1130.3
1205390 1130.3
1205400 1123.5
1205410 1116.0
1205420 1108.5
1205430 1108.5
1205440 1102.7
1205450 1098.5
1205460 1098.5
1205470 1094.8
1205480 1088.5
1205490 1088.5
1205500 1077.9
1205510 1067.1
1205520 1067.1
1205530 1057.9
1205540 1049.1
1205550 1049.1
1205560 1041.6
1205570 1035.1
1205580 1035.1
1205590 1028.8
1205600 1022.8
1205610 1022.8
1205620 1017.7
1205630 1013.3
1205640 1013.3
1205650 1008.7
1205660 1004.0
1205670 999.6
1205680 999.6
1205690 996.0
1205700 992.6
1205710 992.6
1205720 988.9
1205730 985.0
1205740 985.0
1205750 981.3
1205760 977.0
1205770 977.0
1205780 970.6
1205790 962.3
1205800 962.3
1205810 954.3
1205820 944.6
1205830 944.6
1205840 938.7
1205850 936.3
1205860 936.3
1205870 935.8
1205880 936.3
1205890 936.3
1205900 934.8
1205910 933.9
1205920 933.9
1205930 933.2
1205940 932.8
1205950 932.5
1205960 932.5
1205970 932.7
1205980 933.4
1205990 933.4
1206000 934.4
1206010 936.8
1206020 936.8
1206030 941.0
1206040 944.8
1206050 944.8
1206060 946.2
1206070 945.9
1206080 945.9
1206090 947.4
1206100 943.4
1206110 943.4
1206120 936.6
1206130 929.7
1206140 929.7
1206150 922.8
1206160 916.0
1206170 916.0
1206180 909.0
1206190 902.4
1206200 897.8
1206210 897.8
1206220 895.4
1206230 894.2
1206240 894.2
1206250 893.9
1206260 893.7
1206270 893.7
1206280 893.2
1206290 891.5
1206300 891.5
1206310 886.4
1206320 883.1
1206330 883.1
1206340 876.7
1206350 869.3
1206360 869.3
1206370 863.0
1206380 859.6
1206390 859.6
1206400 856.1
1206410 849.2
1206420 849.2
1206430 843.4
1206440 844.8
1206450 846.6
1206460 846.6
1206470 848.6
1206480 848.3
1206490 848.3
1206500 848.6
1206510 847.9
1206520 847.9
1206530 847.8
1206540 847.8
1206550 847.8
1206560 847.8
1206570 846.8
1206580 846.8
1206590 844.1
1206600 847.1
1206610 847.1
1206620 844.8
1206630 842.4
1206640 842.4
1206650 840.8
1206660 838.9
1206670 838.9
1206680 836.8
1206690 834.5
1206700 834.5
1206710 832.0
1206720 829.8
1206730 827.6
1206740 827.6
1206750 825.4
1206760 823.8
1206770 823.1
1206780 821.3
1206790 819.7
1206800 819.7
1206810 817.6
1206820 814.4
1206830 814.4
1206840 812.2
1206850 811.1
1206860 811.1
1206870 810.9
1206880 811.3
1206890 811.3
1206900 811.3
1206910 812.0
1206920 812.0
1206930 814.5
1206940 816.8
1206950 816.8
1206960 816.8
1206970 816.0
1206980 815.0
1206990 815.0
1207000 813.3
1207010 812.0
1207020 812.0
1207030 811.6
1207040 813.2
1207050 813.2
1207060 814.3
1207070 815.0
1207080 815.0
1207090 814.5
1207100 812.8
1207110 812.8
1207120 810.3
1207130 807.4
1207140 807.4
1207150 804.2
1207160 800.5
1207170 800.5
1207180 795.0
1207190 789.4
1207200 789.4
1207210 784.3
1207220 779.5
1207230 771.3
1207240 771.3
1207250 765.8
1207260 760.1
1207270 760.1
1207280 753.0
1207290 744.0
1207300 744.0
1207310 739.6
1207320 736.8
1207330 736.8
1207340 734.5
1207350 732.8
1207360 732.8
1207370 732.3
1207380 732.8
1207390 732.8
1207400 733.6
1207410 734.5
1207420 734.5
1207430 734.6
1207440 734.4
1207450 734.4
1207460 735.2
1207470 734.3
1207480 733.2
1207490 733.2
1207500 731.8
1207510 730.5
1207520 730.5
1207530 729.6
1207540 728.4
1207550 728.4
1207560 727.7
1207570 728.3
1207580 728.3
1207590 727.6
1207600 722.8
1207610 722.8
1207620 717.9
1207630 716.9
1207640 716.9
1207650 716.8
1207660 716.7
1207670 716.7
1207680 716.2
1207690 715.8
1207700 715.8
1207710 716.4
1207720 715.3
1207730 715.3
1207740 714.1
1207750 712.9
1207760 712.0
1207770 712.0
1207780 711.1
1207790 710.3
1207800 710.3
1207810 709.2
1207820 707.8
1207830 707.8
1207840 706.9
1207850 705.4
1207860 705.4
1207870 703.8
1207880 702.8
1207890 702.8
1207900 701.5
1207910 698.4
1207920 698.4
1207930 693.3
1207940 687.1
1207950 687.1
1207960 682.4
1207970 680.9
1207980 680.9
1207990 679.8
1208000 679.3
1208010 679.1
1208020 679.1
1208030 679.0
1208040 679.2
1208050 679.2
1208060 679.8
1208070 679.9
1208080 679.9
1208090 679.8
1208100 679.5
1208110 679.5
1208120 679.4
1208130 678.8
1208140 678.8
1208150 676.2
1208160 672.7
1208170 672.7
1208180 672.4
1208190 672.5
1208200 672.5
1208210 672.5
1208220 672.5
1208230 672.5
1208240 672.3
1208250 672.2
1208260 672.1
1208270 672.1
1208280 672.2
1208290 672.3
1208300 672.3
1208310 672.4
1208320 672.2
1208330 672.2
1208340 671.9
1208350 671.8
1208360 671.8
1208370 671.8
1208380 671.6
1208390 671.6
1208400 671.5
1208410 671.4
1208420 671.4
1208430 671.4
1208440 671.3
1208450 671.3
1208460 671.0
1208470 670.8
1208480 670.8
1208490 670.6
1208500 670.5
1208510 670.5
1208520 670.7
1208530 670.8
1208540 670.9
1208550 670.9
1208560 670.9
1208570 670.8
1208580 670.8
1208590 670.7
1208600 669.5
1208610 668.5
1208620 666.2
1208630 666.0
1208640 666.0
1208650 665.9
1208660 665.9
1208670 665.9
1208680 665.9
1208690 666.1
1208700 666.1
1208710 667.3
1208720 670.9
1208730 670.9
1208740 675.1
1208750 676.3
1208760 676.3
1208770 676.5
1208780 676.9
1208790 677.0
1208800 677.0
1208810 676.9
1208820 676.8
1208830 676.8
1208840 676.8
1208850 677.2
1208860 677.2
1208870 679.2
1208880 682.4
1208890 682.4
1208900 686.4
1208910 688.5
1208920 688.5
1208930 688.8
1208940 688.7
1208950 688.7
1208960 688.5
1208970 688.5
1208980 688.5
1208990 688.5
1209000 688.6
1209010 688.6
1209020 688.9
1209030 688.9
1209040 688.7
1209050 688.7
1209060 688.7
1209070 688.7
1209080 688.7
1209090 688.8
1209100 688.9
1209110 688.9
1209120 689.0
1209130 688.9
1209140 688.9
1209150 689.1
1209160 689.0
1209170 689.0
1209180 689.1
1209190 689.1
1209200 689.1
1209210 689.1
1209220 689.0
1209230 689.0
1209240 689.3
1209250 690.6
1209260 690.6
1209270 690.1
1209280 689.3
1209290 689.1
1209300 689.1
1209310 688.8
1209320 687.0
1209330 687.0
1209340 686.5
1209350 686.4
1209360 686.4
1209370 686.2
1209380 686.1
1209390 686.1
1209400 686.0
1209410 686.0
1209420 686.0
1209430 685.9
1209440 685.8
1209450 685.8
1209460 685.7
1209470 685.4
1209480 685.4
1209490 685.3
1209500 685.1
1209510 685.1
1209520 684.5
1209530 683.8
1209540 683.8
1209550 683.6
1209560 683.6
1209570 683.9
1209580 683.9
1209590 684.5
1209600 685.3
1209610 685.3
1209620 687.3
1209630 686.6
1209640 686.6
1209650 683.7
1209660 684.0
1209670 684.0
1209680 687.2
1209690 686.8
1209700 686.8
1209710 686.0
1209720 686.2
1209730 686.2
1209740 686.4
1209750 686.5
1209760 686.5
1209770 686.6
1209780 686.6
1209790 686.6
1209800 686.9
1209810 687.2
1209820 686.9
1209830 686.9
1209840 686.6
1209850 686.6
1209860 686.6
1209870 686.6
1209880 686.6
1209890 686.6
1209900 686.7
1209910 686.8
1209920 686.8
1209930 687.1
1209940 687.4
1209950 687.4
1209960 687.6
1209970 687.9
1209980 687.9
1209990 688.1
1210000 688.0
1210010 688.0
1210020 687.9
1210030 687.6
1210040 687.6
1210050 687.4
1210060 687.5
1210070 687.5
1210080 687.5
1210090 687.5
1210100 686.9
1210110 686.9
1210120 686.6
1210130 685.9
1210140 685.9
1210150 684.9
1210160 682.3
1210170 682.3
1210180 679.7
1210190 678.7
1210200 678.7
1210210 678.5
1210220 679.5
1210230 679.5
1210240 680.8
1210250 680.8
1210260 680.8
1210270 681.4
1210280 681.7
1210290 681.7
1210300 681.7
1210310 681.6
1210320 681.6
1210330 681.4
1210340 681.2
1210350 681.2
1210360 681.2
1210370 681.2
1210380 681.2
1210390 681.2
1210400 681.2
1210410 681.2
1210420 681.2
1210430 680.8
1210440 679.8
1210450 679.8
1210460 679.5
1210470 679.9
1210480 679.9
1210490 680.4
1210500 680.9
1210510 680.9
1210520 681.0
1210530 680.9
1210540 680.9
1210550 680.9
1210560 680.8
1210570 680.8
1210580 680.2
1210590 680.0
1210600 680.0
1210610 680.0
1210620 680.1
1210630 679.8
1210640 679.8
1210650 679.2
1210660 679.0
1210670 679.0
1210680 679.0
1210690 679.1
1210700 679.1
1210710 679.4
1210720 679.4
1210730 679.4
1210740 679.7
1210750 680.2
1210760 680.2
1210770 680.1
1210780 680.3
1210790 680.3
1210800 680.5
1210810 680.3
1210820 680.3
1210830 680.1
1210840 680.1
1210850 680.7
1210860 680.7
1210870 682.1
1210880 682.7
1210890 682.7
1210900 682.3
1210910 681.4
1210920 681.4
1210930 681.4
1210940 681.3
1210950 681.3
1210960 681.4
1210970 681.4
1210980 681.4
1210990 681.4
1211000 682.0
1211010 682.0
1211020 682.1
1211030 681.4
1211040 681.4
1211050 681.6
1211060 682.5
1211070 682.5
1211080 683.5
1211090 684.9
1211100 685.4
1211110 685.4
1211120 685.8
1211130 686.2
1211140 686.2
1211150 686.7
1211160 687.1
1211170 687.1
1211180 687.7
1211190 688.6
1211200 688.6
1211210 689.4
1211220 690.1
1211230 690.1
1211240 690.8
1211250 691.7
1211260 691.7
1211270 692.6
1211280 693.3
1211290 693.3
1211300 693.8
1211310 694.4
1211320 694.4
1211330 697.6
1211340 702.3
1211350 702.3
1211360 703.3
1211370 705.7
1211380 705.3
1211390 705.9
1211400 711.5
1211410 718.3
1211420 718.3
1211430 723.6
1211440 729.0
1211450 729.0
1211460 735.1
1211470 740.9
1211480 740.9
1211490 748.0
1211500 755.7
1211510 755.7
1211520 763.3
1211530 769.8
1211540 769.8
1211550 775.6
1211560 781.3
1211570 781.3
1211580 787.2
1211590 792.0
1211600 792.0
1211610 796.2
1211620 800.7
1211630 805.4
1211640 805.4
1211650 809.8
1211660 813.7
1211670 813.7
1211680 816.5
1211690 819.7
1211700 819.7
1211710 823.4
1211720 827.5
1211730 827.5
1211740 831.6
1211750 835.4
1211760 835.4
1211770 839.5
1211780 844.9
1211790 844.9
1211800 849.2
1211810 853.0
1211820 853.0
1211830 857.8
1211840 862.6
1211850 862.6
1211860 870.0
1211870 872.5
1211880 875.2
1211890 875.2
1211900 878.4
1211910 881.6
1211920 881.6
1211930 884.8
1211940 888.2
1211950 888.2
1211960 892.3
1211970 896.2
1211980 896.2
1211990 899.1
1212000 901.4
1212010 901.4
1212020 903.9
1212030 906.0
1212040 906.0
1212050 908.2
1212060 911.5
1212070 911.5
1212080 914.1
1212090 915.7
1212100 915.7
1212110 917.2
1212120 919.0
1212130 919.0
1212140 921.1
1212150 923.3
1212160 925.6
1212170 925.6
1212180 927.9
1212190 930.8
1212200 930.8
1212210 933.9
1212220 936.9
1212230 936.9
1212240 939.1
1212250 941.3
1212260 941.3
1212270 943.6
1212280 946.6
1212290 946.6
1212300 950.1
1212310 954.0
1212320 956.3
1212330 959.9
1212340 962.2
1212350 962.2
1212360 964.8
1212370 967.8
1212380 967.8
1212390 971.4
1212400 974.1
1212410 976.3
1212420 976.3
1212430 979.0
1212440 981.5
1212450 981.5
1212460 984.1
1212470 986.6
1212480 986.6
1212490 988.5
1212500 989.8
1212510 989.8
1212520 991.1
1212530 995.7
1212540 995.7
1212550 1002.7
1212560 1010.6
1212570 1010.6
1212580 1018.0
1212590 1024.8
1212600 1024.8
1212610 1031.3
1212620 1039.2
1212630 1039.2
1212640 1046.5
1212650 1053.1
1212660 1058.3
1212670 1058.3
1212680 1063.5
1212690 1069.9
1212700 1069.9
1212710 1076.8
1212720 1084.4
1212730 1084.4
1212740 1092.1
1212750 1100.3
1212760 1100.3
1212770 1111.4
1212780 1121.7
1212790 1128.3
1212800 1135.6
1212810 1141.6
1212820 1141.6
1212830 1147.3
1212840 1152.5
1212850 1152.5
1212860 1157.9
1212870 1164.2
1212880 1164.2
1212890 1170.2
1212900 1176.1
1212910 1182.6
1212920 1182.6
1212930 1189.4
1212940 1195.8
1212950 1195.8
1212960 1201.7
1212970 1207.4
1212980 1207.4
1212990 1211.8
1213000 1215.7
1213010 1215.7
1213020 1219.3
1213030 1222.8
1213040 1222.8
1213050 1226.1
1213060 1229.2
1213070 1229.2
1213080 1232.0
1213090 1234.4
1213100 1234.4
1213110 1236.5
1213120 1238.4
1213130 1238.4
1213140 1240.0
1213150 1240.6
1213160 1240.6
1213170 1240.6
1213180 1240.5
1213190 1241.2
1213200 1241.2
1213210 1242.0
1213220 1243.1
1213230 1243.1
1213240 1244.2
1213250 1245.4
1213260 1251.2
1213270 1253.2
1213280 1256.2
1213290 1256.2
1213300 1259.7
1213310 1263.1
1213320 1263.1
1213330 1266.4
1213340 1270.0
1213350 1270.0
1213360 1273.4
1213370 1275.7
1213380 1275.7
1213390 1276.9
1213400 1278.1
1213410 1278.1
1213420 1278.7
1213430 1279.2
1213440 1279.6
1213450 1279.6
1213460 1279.8
1213470 1279.7
1213480 1279.7
1213490 1279.5
1213500 1280.3
1213510 1280.3
1213520 1281.3
1213530 1282.6
1213540 1282.6
1213550 1283.5
1213560 1284.1
1213570 1284.1
1213580 1284.5
1213590 1284.9
1213600 1284.9
1213610 1285.2
1213620 1285.5
1213630 1285.5
1213640 1286.1
1213650 1287.0
1213660 1287.0
1213670 1288.3
1213680 1289.3
1213690 1290.1
1213700 1290.1
1213710 1291.2
1213720 1292.6
1213730 1298.7
1213740 1299.6
1213750 1300.4
1213760 1300.4
1213770 1301.5
1213780 1302.7
1213790 1302.7
1213800 1304.0
1213810 1304.9
1213820 1304.9
1213830 1305.6
1213840 1306.6
1213850 1306.6
1213860 1307.6
1213870 1308.6
1213880 1308.6
1213890 1309.6
1213900 1310.6
1213910 1310.6
1213920 1311.0
1213930 1310.9
1213940 1310.5
1213950 1310.5
1213960 1310.1
1213970 1310.0
1213980 1310.0
1213990 1308.9
1214000 1306.1
1214010 1306.1
1214020 1303.4
1214030 1302.6
1214040 1302.6
1214050 1303.6
1214060 1304.8
1214070 1304.8
1214080 1306.2
1214090 1308.2
1214100 1308.2
1214110 1310.0
1214120 1309.3
1214130 1309.3
1214140 1307.0
1214150 1310.8
1214160 1310.8
1214170 1317.4
1214180 1321.0
1214190 1321.0
1214200 1328.3
1214210 1330.7
1214220 1333.7
1214230 1333.7
1214240 1335.2
1214250 1337.3
1214260 1337.3
1214270 1341.6
1214280 1346.4
1214290 1346.4
1214300 1349.9
1214310 1352.5
1214320 1352.5
1214330 1354.6
1214340 1356.6
1214350 1356.6
1214360 1358.6
1214370 1360.7
1214380 1360.7
1214390 1362.2
1214400 1363.0
1214410 1363.0
1214420 1363.1
1214430 1365.4
1214440 1365.4
1214450 1368.6
1214460 1370.9
1214470 1372.4
1214480 1372.4
1214490 1374.1
1214500 1376.0
1214510 1376.0
1214520 1377.4
1214530 1378.7
1214540 1378.7
1214550 1379.6
1214560 1380.4
1214570 1380.4
1214580 1380.9
1214590 1381.1
1214600 1381.1
1214610 1381.0
1214620 1380.2
1214630 1380.2
1214640 1380.4
1214650 1379.9
1214660 1379.9
1214670 1385.3
1214680 1386.4
1214690 1386.4
1214700 1387.3
1214710 1388.6
1214720 1390.0
1214730 1390.0
1214740 1391.2
1214750 1392.6
1214760 1392.6
1214770 1393.5
1214780 1394.4
1214790 1394.4
1214800 1395.5
1214810 1397.0
1214820 1397.0
1214830 1399.7
1214840 1401.3
1214850 1401.3
1214860 1401.7
1214870 1401.2
1214880 1401.2
1214890 1399.1
1214900 1397.3
1214910 1397.3
1214920 1396.7
1214930 1396.7
1214940 1396.7
1214950 1397.0
1214960 1397.9
1214970 1397.9
1214980 1399.5
1214990 1401.3
1215000 1404.0
1215010 1404.0
1215020 1407.4
1215030 1410.6
1215040 1410.6
1215050 1413.5
1215060 1418.8
1215070 1418.8
1215080 1423.6
1215090 1427.9
1215100 1427.9
1215110 1430.2
1215120 1430.5
1215130 1430.5
1215140 1436.6
1215150 1436.4
1215160 1436.4
1215170 1436.3
1215180 1436.2
1215190 1436.2
1215200 1438.2
1215210 1441.0
1215220 1441.0
1215230 1443.9
1215240 1446.2
1215250 1448.2
1215260 1448.2
1215270 1449.6
1215280 1451.2
1215290 1451.2
1215300 1451.6
1215310 1453.0
1215320 1453.0
1215330 1455.1
1215340 1457.4
1215350 1457.4
1215360 1459.7
1215370 1461.3
1215380 1461.3
1215390 1463.0
1215400 1465.0
1215410 1465.0
1215420 1466.5
1215430 1467.3
1215440 1467.3
1215450 1467.7
1215460 1468.3
1215470 1468.3
1215480 1469.2
1215490 1469.6
1215500 1470.2
1215510 1470.2
1215520 1470.7
1215530 1471.3
1215540 1471.3
1215550 1472.4
1215560 1473.1
1215570 1473.1
1215580 1473.1
1215590 1474.4
1215600 1474.4
1215610 1483.2
1215620 1484.9
1215630 1484.9
1215640 1485.5
1215650 1485.1
1215660 1485.1
1215670 1484.4
1215680 1482.7
1215690 1482.7
1215700 1480.6
1215710 1477.5
1215720 1477.5
1215730 1475.1
1215740 1473.9
1215750 1471.7
1215760 1471.7
1215770 1469.0
1215780 1466.9
1215790 1466.9
1215800 1464.0
1215810 1461.2
1215820 1461.2
1215830 1458.6
1215840 1456.0
1215850 1456.0
1215860 1453.6
1215870 1451.6
1215880 1451.6
1215890 1449.9
1215900 1448.1
1215910 1448.1
1215920 1446.0
1215930 1444.3
1215940 1444.3
1215950 1442.6
1215960 1440.3
1215970 1440.3
1215980 1438.1
1215990 1435.4
1216000 1435.4
1216010 1430.3
1216020 1427.7
1216030 1426.0
1216040 1426.0
1216050 1425.2
1216060 1424.7
1216070 1424.7
1216080 1425.2
1216090 1425.3
1216100 1425.3
1216110 1425.7
1216120 1426.8
1216130 1426.8
1216140 1427.3
1216150 1426.9
1216160 1426.9
1216170 1425.9
1216180 1424.8
1216190 1424.8
1216200 1423.5
1216210 1421.5
1216220 1421.5
1216230 1418.7
1216240 1419.8
1216250 1419.8
1216260 1422.3
1216270 1424.3
1216280 1427.7
1216290 1427.7
1216300 1430.6
1216310 1432.7
1216320 1432.7
1216330 1435.3
1216340 1438.4
1216350 1438.4
1216360 1441.1
1216370 1444.4
1216380 1444.4
1216390 1448.1
1216400 1451.8
1216410 1451.8
1216420 1455.0
1216430 1458.0
1216440 1458.0
1216450 1462.9
1216460 1467.6
1216470 1467.6
1216480 1470.5
1216490 1473.6
1216500 1473.6
1216510 1478.8
1216520 1484.5
1216530 1490.4
1216540 1490.4
1216550 1496.5
1216560 1508.6
1216570 1508.6
1216580 1514.9
1216590 1521.4
1216600 1521.4
1216610 1527.0
1216620 1532.1
1216630 1532.1
1216640 1536.0
1216650 1539.5
1216660 1539.5
1216670 1542.9
1216680 1546.8
1216690 1546.8
1216700 1551.1
1216710 1555.0
1216720 1555.0
1216730 1558.4
1216740 1562.6
1216750 1562.6
1216760 1569.9
1216770 1581.5
1216780 1588.4
1216790 1588.4
1216800 1593.5
1216810 1599.5
1216820 1599.5
1216830 1606.3
1216840 1612.0
1216850 1612.0
1216860 1616.0
1216870 1618.3
1216880 1618.3
1216890 1618.3
1216900 1617.2
1216910 1617.2
1216920 1613.3
1216930 1609.8
1216940 1609.8
1216950 1611.0
1216960 1616.6
1216970 1616.6
1216980 1623.9
1216990 1629.9
1217000 1629.9
1217010 1635.7
1217020 1641.8
1217030 1644.8
1217040 1650.5
1217050 1657.4
1217060 1664.0
1217070 1664.0
1217080 1671.0
1217090 1676.8
1217100 1676.8
1217110 1682.5
1217120 1689.0
1217130 1689.0
1217140 1697.0
1217150 1704.6
1217160 1704.6
1217170 1712.4
1217180 1719.2
1217190 1719.2
1217200 1723.6
1217210 1727.1
1217220 1727.1
1217230 1730.9
1217240 1734.4
1217250 1734.4
1217260 1738.9
1217270 1744.0
1217280 1744.0
1217290 1749.6
1217300 1755.7
1217310 1762.1
1217320 1762.1
1217330 1768.0
1217340 1773.1
1217350 1773.1
1217360 1778.2
1217370 1783.2
1217380 1783.2
1217390 1787.1
1217400 1790.4
1217410 1790.4
1217420 1794.4
1217430 1799.0
1217440 1799.0
1217450 1804.3
1217460 1807.9
1217470 1807.9
1217480 1811.3
1217490 1813.9
1217500 1813.9
1217510 1819.2
1217520 1821.7
1217530 1821.7
1217540 1823.9
1217550 1826.1
1217560 1829.8
1217570 1829.8
1217580 1834.8
1217590 1840.6
1217600 1840.6
1217610 1845.8
1217620 1849.9
1217630 1849.9
1217640 1854.1
1217650 1857.9
1217660 1857.9
1217670 1861.1
1217680 1863.7
1217690 1863.7
1217700 1865.7
1217710 1867.8
1217720 1867.8
1217730 1869.9
1217740 1871.7
1217750 1871.7
1217760 1873.1
1217770 1874.3
1217780 1874.3
1217790 1875.8
1217800 1877.5
1217810 1877.5
1217820 1879.5
1217830 1881.4
1217840 1883.2
1217850 1883.2
1217860 1885.4
1217870 1887.6
1217880 1887.6
1217890 1889.0
1217900 1891.1
1217910 1891.1
1217920 1894.2
1217930 1895.4
1217940 1895.4
1217950 1897.7
1217960 1901.3
1217970 1901.3
1217980 1905.3
1217990 1911.7
1218000 1911.7
1218010 1916.0
1218020 1920.2
1218030 1920.2
1218040 1924.4
1218050 1927.5
1218060 1927.5
1218070 1930.8
1218080 1934.2
1218090 1938.0
1218100 1938.0
1218110 1941.7
1218120 1945.6
1218130 1945.6
1218140 1947.2
1218150 1947.4
1218160 1947.4
1218170 1949.0
1218180 1952.3
1218190 1952.3
1218200 1956.3
1218210 1961.5
1218220 1961.5
1218230 1966.0
1218240 1969.3
1218250 1969.3
1218260 1970.4
1218270 1971.7
1218280 1971.7
1218290 1973.3
1218300 1974.3
1218310 1974.3
1218320 1975.4
1218330 1977.4
1218340 1980.3
1218350 1980.3
1218360 1981.7
1218370 1982.9
1218380 1982.9
1218390 1983.8
1218400 1984.0
1218410 1984.0
1218420 1984.7
1218430 1985.9
1218440 1985.9
1218450 1986.1
1218460 1985.3
1218470 1985.3
1218480 1984.8
1218490 1985.4
1218500 1985.4
1218510 1988.6
1218520 1992.7
1218530 1992.7
1218540 1996.6
1218550 2000.4
1218560 2000.4
1218570 2003.2
1218580 2005.2
1218590 2006.8
1218600 2006.8
1218610 2008.1
1218620 2009.1
1218630 2009.1
1218640 2010.8
1218650 2012.6
1218660 2012.6
1218670 2014.5
1218680 2016.4
1218690 2016.4
1218700 2018.4
1218710 2020.6
1218720 2020.6
1218730 2022.6
1218740 2023.8
1218750 2023.8
1218760 2024.3
1218770 2025.0
1218780 2025.0
1218790 2025.8
1218800 2026.6
1218810 2026.6
1218820 2027.5
1218830 2028.2
1218840 2028.2
1218850 2028.8
1218860 2029.2
1218870 2029.7
1218880 2029.7
1218890 2030.1
1218900 2030.9
1218910 2030.9
1218920 2032.1
1218930 2033.2
1218940 2032.7
1218950 2033.3
1218960 2034.0
1218970 2034.0
1218980 2034.6
1218990 2035.2
1219000 2035.2
1219010 2035.8
1219020 2036.4
1219030 2036.4
1219040 2037.0
1219050 2037.6
1219060 2037.6
1219070 2038.6
1219080 2040.2
1219090 2040.2
1219100 2042.2
1219110 2044.1
1219120 2046.1
1219130 2046.1
1219140 2048.0
1219150 2050.2
1219160 2050.2
1219170 2053.1
1219180 2055.3
1219190 2055.3
1219200 2056.7
1219210 2058.1
1219220 2058.1
1219230 2059.7
1219240 2061.0
1219250 2061.0
1219260 2062.4
1219270 2064.3
1219280 2064.3
1219290 2065.7
1219300 2066.9
1219310 2066.9
1219320 2067.8
1219330 2068.8
1219340 2068.8
1219350 2070.3
1219360 2071.9
1219370 2073.5
1219380 2073.5
1219390 2074.8
1219400 2076.6
1219410 2076.6
1219420 2079.6
1219430 2082.6
1219440 2082.6
1219450 2084.7
1219460 2086.3
1219470 2086.3
1219480 2088.2
1219490 2090.5
1219500 2090.5
1219510 2095.0
1219520 2098.9
1219530 2098.9
1219540 2102.3
1219550 2106.4
1219560 2106.4
1219570 2111.0
1219580 2115.0
1219590 2115.0
1219600 2118.0
1219610 2120.2
1219620 2122.6
1219630 2122.6
1219640 2125.1
1219650 2127.1
1219660 2127.1
1219670 2129.5
1219680 2132.6
1219690 2132.6
1219700 2135.3
1219710 2138.2
1219720 2138.2
1219730 2140.6
1219740 2143.1
1219750 2143.1
1219760 2146.3
1219770 2148.9
1219780 2148.9
1219790 2151.4
1219800 2154.1
1219810 2154.1
1219820 2156.4
1219830 2158.3
1219840 2158.3
1219850 2160.0
1219860 2161.7
1219870 2161.7
1219880 2163.2
1219890 2164.0
1219900 2161.6
1219910 2161.6
1219920 2162.3
1219930 2163.0
1219940 2163.0
1219950 2162.8
1219960 2161.9
1219970 2161.9
1219980 2161.3
1219990 2161.1
