1200000 1730.0
1200010 1730.9
1200020 1730.9
1200030 1732.2
1200040 1735.5
1200050 1735.5
1200060 1738.8
1200070 1742.0
1200080 1742.0
1200090 1746.3
1200100 1751.2
1200110 1751.2
1200120 1756.1
1200130 1760.3
1200140 1766.3
1200150 1769.3
1200160 1772.4
1200170 1773.8
1200180 1773.8
1200190 1774.3
1200200 1777.0
1200210 1777.0
1200220 1781.7
1200230 1787.2
1200240 1787.2
1200250 1791.9
1200260 1798.0
1200270 1798.0
1200280 1803.7
1200290 1808.7
1200300 1808.7
1200310 1813.8
1200320 1815.8
1200330 1815.8
1200340 1816.6
1200350 1816.6
1200360 1816.6
1200370 1816.5
1200380 1818.9
1200390 1818.9
1200400 1821.6
1200410 1824.7
1200420 1824.7
1200430 1828.6
1200440 1832.2
1200450 1835.5
1200460 1835.5
1200470 1839.2
1200480 1844.5
1200490 1844.5
1200500 1849.5
1200510 1851.6
1200520 1851.6
1200530 1853.0
1200540 1856.3
1200550 1856.3
1200560 1860.7
1200570 1866.4
1200580 1866.4
1200590 1875.4
1200600 1879.2
1200610 1879.2
1200620 1884.1
1200630 1888.1
1200640 1888.1
1200650 1892.3
1200660 1896.0
1200670 1896.0
1200680 1900.3
1200690 1903.2
1200700 1907.0
1200710 1907.0
1200720 1910.5
1200730 1913.7
1200740 1913.7
1200750 1917.5
1200760 1920.4
1200770 1920.4
1200780 1923.6
1200790 1929.9
1200800 1929.9
1200810 1933.9
1200820 1936.6
1200830 1936.6
1200840 1942.1
1200850 1948.2
1200860 1948.2
1200870 1953.1
1200880 1959.0
1200890 1959.0
1200900 1965.0
1200910 1967.8
1200920 1967.8
1200930 1969.5
1200940 1971.5
1200950 1974.4
1200960 1974.4
1200970 1978.5
1200980 1981.9
1200990 1981.9
1201000 1985.1
1201010 1989.7
1201020 1989.7
1201030 1998.6
1201040 2000.3
1201050 2000.3
1201060 2002.2
1201070 2005.5
1201080 2005.5
1201090 2010.3
1201100 2014.5
1201110 2014.5
1201120 2020.8
1201130 2028.2
1201140 2028.2
1201150 2032.0
1201160 2034.1
1201170 2034.1
1201180 2039.8
1201190 2044.6
1201200 2044.6
1201210 2049.0
1201220 2049.3
1201230 2048.0
1201240 2048.0
1201250 2050.6
1201260 2053.5
1201270 2053.5
1201280 2056.3
1201290 2059.4
1201300 2059.4
1201310 2062.7
1201320 2065.6
1201330 2065.6
1201340 2070.4
1201350 2075.8
1201360 2075.8
1201370 2082.0
1201380 2085.8
1201390 2085.8
1201400 2088.7
1201410 2090.5
1201420 2090.5
1201430 2094.8
1201440 2098.9
1201450 2098.9
1201460 2103.4
1201470 2106.8
1201480 2114.8
1201490 2114.8
1201500 2117.9
1201510 2121.4
1201520 2121.4
1201530 2123.7
1201540 2124.7
1201550 2124.7
1201560 2129.2
1201570 2134.5
1201580 2134.5
1201590 2138.8
1201600 2143.3
1201610 2143.3
1201620 2148.2
1201630 2151.8
1201640 2151.8
1201650 2153.7
1201660 2155.0
1201670 2155.0
1201680 2157.1
1201690 2160.6
1201700 2160.6
1201710 2163.2
1201720 2166.7
1201730 2170.5
1201740 2170.5
1201750 2175.6
1201760 2181.1
1201770 2181.1
1201780 2184.2
1201790 2189.4
1201800 2189.4
1201810 2194.6
1201820 2197.4
1201830 2197.4
1201840 2198.2
1201850 2202.8
1201860 2202.8
1201870 2205.1
1201880 2204.2
1201890 2204.2
1201900 2203.4
1201910 2205.8
1201920 2205.8
1201930 2213.3
1201940 2210.6
1201950 2210.6
1201960 2206.9
1201970 2207.9
1201980 2207.9
1201990 2217.5
1202000 2227.5
1202010 2238.3
1202020 2238.3
1202030 2244.5
1202040 2244.4
1202050 2244.4
1202060 2242.7
1202070 2241.0
1202080 2241.0
1202090 2239.1
1202100 2237.4
1202110 2237.4
1202120 2237.0
1202130 2239.3
1202140 2239.3
1202150 2243.2
1202160 2249.6
1202170 2249.6
1202180 2258.0
1202190 2265.9
1202200 2265.9
1202210 2271.4
1202220 2274.6
1202230 2274.6
1202240 2276.6
1202250 2277.7
1202260 2278.4
1202270 2278.4
1202280 2279.0
1202290 2280.8
1202300 2280.8
1202310 2283.6
1202320 2286.8
1202330 2286.8
1202340 2290.1
1202350 2293.5
1202360 2293.5
1202370 2296.4
1202380 2283.6
1202390 2283.6
1202400 2275.9
1202410 2277.1
1202420 2277.1
1202430 2272.1
1202440 2262.4
1202450 2262.4
1202460 2252.9
1202470 2245.6
1202480 2245.6
1202490 2241.8
1202500 2236.1
1202510 2219.7
1202520 2219.7
1202530 2204.2
1202540 2200.4
1202550 2200.4
1202560 2203.6
1202570 2203.0
1202580 2203.0
1202590 2195.6
1202600 2189.1
1202610 2189.1
1202620 2184.4
1202630 2176.8
1202640 2176.8
1202650 2169.8
1202660 2169.3
1202670 2169.3
1202680 2170.0
1202690 2167.8
1202700 2167.8
1202710 2161.3
1202720 2156.7
1202730 2156.7
1202740 2157.2
1202750 2158.8
1202760 2158.8
1202770 2160.1
1202780 2157.5
1202790 2152.7
1202800 2152.7
1202810 2147.8
1202820 2148.6
1202830 2140.3
1202840 2141.8
1202850 2144.1
1202860 2144.1
1202870 2145.4
1202880 2146.7
1202890 2146.7
1202900 2148.1
1202910 2147.5
1202920 2147.5
1202930 2144.6
1202940 2141.0
1202950 2141.0
1202960 2138.1
1202970 2135.7
1202980 2135.7
1202990 2132.5
1203000 2123.5
1203010 2123.5
1203020 2113.4
1203030 2114.8
1203040 2110.9
1203050 2110.9
1203060 2104.1
1203070 2096.1
1203080 2096.1
1203090 2089.3
1203100 2087.1
1203110 2087.1
1203120 2086.9
1203130 2078.0
1203140 2078.0
1203150 2064.4
1203160 2061.9
1203170 2061.9
1203180 2049.7
1203190 2047.2
1203200 2047.2
1203210 2057.8
1203220 2056.6
1203230 2056.6
1203240 2051.6
1203250 2045.5
1203260 2045.5
1203270 2038.3
1203280 2031.3
1203290 2008.7
1203300 2008.7
1203310 1998.6
1203320 1989.6
1203330 1989.6
1203340 1979.7
1203350 1976.7
1203360 1976.7
1203370 1971.8
1203380 1962.7
1203390 1962.7
1203400 1949.4
1203410 1938.2
1203420 1938.2
1203430 1931.2
1203440 1923.4
1203450 1923.4
1203460 1916.1
1203470 1915.6
1203480 1915.6
1203490 1917.9
1203500 1915.9
1203510 1915.9
1203520 1903.6
1203530 1893.5
1203540 1893.5
1203550 1875.6
1203560 1863.5
1203570 1861.0
1203580 1861.0
1203590 1874.1
1203600 1870.4
1203610 1870.4
1203620 1851.3
1203630 1836.3
1203640 1836.3
1203650 1823.5
1203660 1813.8
1203670 1813.8
1203680 1805.7
1203690 1798.9
1203700 1798.9
1203710 1794.4
1203720 1790.9
1203730 1790.9
1203740 1774.7
1203750 1762.6
1203760 1762.6
1203770 1740.3
1203780 1721.3
1203790 1721.3
1203800 1713.2
1203810 1707.5
1203820 1702.0
1203830 1702.0
1203840 1696.5
1203850 1691.4
1203860 1691.4
1203870 1686.0
1203880 1681.3
1203890 1681.3
1203900 1678.6
1203910 1678.0
1203920 1678.0
1203930 1677.0
1203940 1674.8
1203950 1674.8
1203960 1673.6
1203970 1672.0
1203980 1672.0
1203990 1673.6
1204000 1678.1
1204010 1678.1
1204020 1678.0
1204030 1674.7
1204040 1674.7
1204050 1669.6
1204060 1667.8
1204070 1654.9
1204080 1654.9
1204090 1639.8
1204100 1622.5
1204110 1622.5
1204120 1613.2
1204130 1605.2
1204140 1605.2
1204150 1599.5
1204160 1591.9
1204170 1591.9
1204180 1583.1
1204190 1569.8
1204200 1569.8
1204210 1563.8
1204220 1554.4
1204230 1554.4
1204240 1535.6
1204250 1518.2
1204260 1518.2
1204270 1508.0
1204280 1503.9
1204290 1503.9
1204300 1498.6
1204310 1483.4
1204320 1483.4
1204330 1464.7
1204340 1441.8
1204350 1417.1
1204360 1417.1
1204370 1394.7
1204380 1385.5
1204390 1385.5
1204400 1382.1
1204410 1381.5
1204420 1381.5
1204430 1384.7
1204440 1384.1
1204450 1384.1
1204460 1384.1
1204470 1380.0
1204480 1380.0
1204490 1382.1
1204500 1385.5
1204510 1385.5
1204520 1386.0
1204530 1387.8
1204540 1387.8
1204550 1399.1
1204560 1418.6
1204570 1418.6
1204580 1436.0
1204590 1436.5
1204600 1437.6
1204610 1437.6
1204620 1434.4
1204630 1434.4
1204640 1434.4
1204650 1417.3
1204660 1415.0
1204670 1415.0
1204680 1412.4
1204690 1424.7
1204700 1424.7
1204710 1442.3
1204720 1447.6
1204730 1447.6
1204740 1450.3
1204750 1449.3
1204760 1449.3
1204770 1441.8
1204780 1434.6
1204790 1434.6
1204800 1431.7
1204810 1427.1
1204820 1427.1
1204830 1419.3
1204840 1411.3
1204850 1408.6
1204860 1408.6
1204870 1404.3
1204880 1408.3
1204890 1408.3
1204900 1417.5
1204910 1413.2
1204920 1413.2
1204930 1396.3
1204940 1381.9
1204950 1381.9
1204960 1368.9
1204970 1350.4
1204980 1350.4
1204990 1329.1
1205000 1317.8
1205010 1317.8
1205020 1314.3
1205030 1308.3
1205040 1308.3
1205050 1296.0
1205060 1280.2
1205070 1280.2
1205080 1269.3
1205090 1260.1
1205100 1263.0
1205110 1254.3
1205120 1246.2
1205130 1237.7
1205140 1237.7
1205150 1228.7
1205160 1219.3
1205170 1219.3
1205180 1211.7
1205190 1203.6
1205200 1203.6
1205210 1196.6
1205220 1190.5
1205230 1190.5
1205240 1185.8
1205250 1178.0
1205260 1178.0
1205270 1170.2
1205280 1153.0
1205290 1153.0
1205300 1153.6
1205310 1166.1
1205320 1166.1
1205330 1177.6
1205340 1188.0
1205350 1188.0
1205360 1196.5
1205370 1202.3
1205380 1200.1
1205390 1200.1
1205400 1194.2
1205410 1187.6
1205420 1187.6
1205430 1179.6
1205440 1176.5
1205450 1176.5
1205460 1181.0
1205470 1184.0
1205480 1184.0
1205490 1186.5
1205500 1178.6
1205510 1178.6
1205520 1167.3
1205530 1159.2
1205540 1159.2
1205550 1152.4
1205560 1128.7
1205570 1128.7
1205580 1128.5
1205590 1135.1
1205600 1135.1
1205610 1129.1
1205620 1115.9
1205630 1103.3
1205640 1103.3
1205650 1095.8
1205660 1086.3
1205670 1086.3
1205680 1077.3
1205690 1069.9
1205700 1069.9
1205710 1060.5
1205720 1055.4
1205730 1055.4
1205740 1056.5
1205750 1071.8
1205760 1071.8
1205770 1080.5
1205780 1073.9
1205790 1073.9
1205800 1065.4
1205810 1057.3
1205820 1057.3
1205830 1049.6
1205840 1041.8
1205850 1041.8
1205860 1034.2
1205870 1026.4
1205880 1026.4
1205890 1018.0
1205900 1007.8
1205910 994.6
1205920 994.6
1205930 977.9
1205940 967.2
1205950 967.2
1205960 964.6
1205970 964.8
1205980 964.8
1205990 965.7
1206000 952.1
1206010 952.1
1206020 934.3
1206030 928.7
1206040 928.7
1206050 923.7
1206060 921.5
1206070 921.5
1206080 921.5
1206090 921.9
1206100 921.9
1206110 921.2
1206120 923.2
1206130 923.2
1206140 925.4
1206150 926.1
1206160 926.8
1206170 926.8
1206180 927.3
1206190 929.5
1206200 929.5
1206210 932.6
1206220 934.4
1206230 934.4
1206240 933.2
1206250 932.0
1206260 932.0
1206270 929.8
1206280 927.9
1206290 927.9
1206300 926.7
1206310 924.8
1206320 924.8
1206330 922.9
1206340 921.5
1206350 921.5
1206360 920.1
1206370 918.4
1206380 918.4
1206390 916.7
1206400 915.6
1206410 914.2
1206420 914.2
1206430 912.3
1206440 911.1
1206450 911.1
1206460 910.4
1206470 907.2
1206480 907.2
1206490 905.8
1206500 903.8
1206510 903.8
1206520 901.6
1206530 899.3
1206540 899.3
1206550 897.1
1206560 895.0
1206570 895.0
1206580 893.1
1206590 891.0
1206600 891.0
1206610 888.8
1206620 886.9
1206630 886.9
1206640 884.9
1206650 882.6
1206660 880.6
1206670 880.6
1206680 878.4
1206690 875.9
1206700 875.9
1206710 873.6
1206720 871.2
1206730 871.2
1206740 868.5
1206750 866.4
1206760 866.4
1206770 864.8
1206780 861.7
1206790 861.7
1206800 856.8
1206810 855.6
1206820 855.6
1206830 855.3
1206840 853.9
1206850 853.9
1206860 851.8
1206870 850.4
1206880 850.4
1206890 850.0
1206900 850.4
1206910 850.4
1206920 850.3
1206930 843.8
1206940 843.0
1206950 843.0
1206960 840.9
1206970 838.1
1206980 838.1
1206990 835.2
1207000 831.5
1207010 831.5
1207020 827.9
1207030 824.4
1207040 824.4
1207050 821.6
1207060 819.6
1207070 819.6
1207080 818.1
1207090 816.3
1207100 816.3
1207110 814.6
1207120 813.3
1207130 813.3
1207140 811.4
1207150 809.5
1207160 809.5
1207170 807.7
1207180 805.6
1207190 803.3
1207200 803.3
1207210 800.6
1207220 798.3
1207230 798.3
1207240 796.5
1207250 794.9
1207260 794.9
1207270 793.6
1207280 792.0
1207290 792.0
1207300 790.3
1207310 788.6
1207320 788.6
1207330 786.7
1207340 784.9
1207350 784.9
1207360 783.6
1207370 782.1
1207380 782.1
1207390 779.6
1207400 778.0
1207410 778.0
1207420 776.1
1207430 774.1
1207440 772.7
1207450 772.7
1207460 771.3
1207470 769.8
1207480 769.8
1207490 768.2
1207500 766.3
1207510 766.3
1207520 764.5
1207530 763.0
1207540 763.0
1207550 761.9
1207560 761.1
1207570 761.1
1207580 759.4
1207590 757.7
1207600 757.7
1207610 756.8
1207620 755.9
1207630 755.9
1207640 754.4
1207650 752.9
1207660 752.9
1207670 751.9
1207680 750.4
1207690 750.4
1207700 748.8
1207710 747.3
1207720 746.0
1207730 746.0
1207740 744.2
1207750 742.2
1207760 742.2
1207770 740.1
1207780 736.9
1207790 736.9
1207800 734.2
1207810 732.2
1207820 732.2
1207830 730.4
1207840 729.7
1207850 728.2
1207860 723.7
1207870 721.7
1207880 721.7
1207890 721.7
1207900 721.7
1207910 721.7
1207920 721.5
1207930 719.9
1207940 719.9
1207950 716.4
1207960 713.6
1207970 711.7
1207980 711.7
1207990 710.2
1208000 708.8
1208010 708.8
1208020 707.4
1208030 706.0
1208040 706.0
1208050 704.7
1208060 702.5
1208070 702.5
1208080 701.8
1208090 701.7
1208100 701.7
1208110 701.6
1208120 701.4
1208130 701.4
1208140 701.5
1208150 701.4
1208160 701.4
1208170 698.5
1208180 694.9
1208190 694.9
1208200 693.8
1208210 688.7
1208220 681.9
1208230 681.9
1208240 675.7
1208250 671.9
1208260 671.9
1208270 670.6
1208280 670.6
1208290 670.6
1208300 670.4
1208310 670.2
1208320 670.2
1208330 670.2
1208340 670.2
1208350 670.2
1208360 670.4
1208370 670.4
1208380 670.4
1208390 670.5
1208400 670.6
1208410 670.6
1208420 670.7
1208430 670.6
1208440 670.6
1208450 670.1
1208460 669.8
1208470 669.8
1208480 669.8
1208490 669.7
1208500 669.6
1208510 669.6
1208520 668.9
1208530 668.5
1208540 668.5
1208550 668.5
1208560 668.6
1208570 668.6
1208580 668.4
1208590 668.2
1208600 668.2
1208610 668.0
1208620 666.9
1208630 666.9
1208640 665.3
1208650 664.9
1208660 664.9
1208670 664.9
1208680 664.9
1208690 664.9
1208700 664.9
1208710 665.0
1208720 665.0
1208730 665.1
1208740 667.7
1208750 672.1
1208760 672.1
1208770 672.6
1208780 672.5
1208790 672.5
1208800 672.4
1208810 672.3
1208820 672.3
1208830 672.3
1208840 672.3
1208850 672.3
1208860 672.3
1208870 672.5
1208880 672.5
1208890 672.7
1208900 673.0
1208910 673.0
1208920 673.5
1208930 674.2
1208940 674.2
1208950 674.9
1208960 675.5
1208970 675.5
1208980 676.0
1208990 676.3
1209000 676.5
1209010 676.5
1209020 676.8
1209030 677.2
1209040 677.2
1209050 677.7
1209060 679.2
1209070 679.2
1209080 681.8
1209090 684.6
1209100 684.6
1209110 686.0
1209120 686.1
1209130 686.1
1209140 686.3
1209150 686.3
1209160 686.3
1209170 686.3
1209180 686.4
1209190 686.4
1209200 686.4
1209210 686.5
1209220 686.5
1209230 686.3
1209240 686.4
1209250 686.4
1209260 686.4
1209270 686.3
1209280 686.3
1209290 686.3
1209300 686.1
1209310 685.9
1209320 685.9
1209330 685.8
1209340 685.7
1209350 685.7
1209360 685.6
1209370 685.7
1209380 685.7
1209390 685.7
1209400 685.7
1209410 685.7
1209420 685.5
1209430 686.0
1209440 686.0
1209450 687.8
1209460 685.4
1209470 685.4
1209480 682.1
1209490 683.7
1209500 683.7
1209510 687.3
1209520 686.6
1209530 685.3
1209540 685.3
1209550 685.6
1209560 685.4
1209570 685.4
1209580 685.4
1209590 685.6
1209600 685.6
1209610 686.0
1209620 686.5
1209630 686.5
1209640 686.4
1209650 685.8
1209660 685.8
1209670 685.8
1209680 686.4
1209690 686.4
1209700 686.3
1209710 686.7
1209720 686.7
1209730 685.7
1209740 684.9
1209750 684.9
1209760 683.7
1209770 683.3
1209780 683.3
1209790 683.3
1209800 683.4
1209810 683.9
1209820 683.9
1209830 685.5
1209840 687.3
1209850 687.3
1209860 687.9
1209870 688.7
1209880 688.7
1209890 689.2
1209900 688.8
1209910 688.8
1209920 689.1
1209930 690.0
1209940 690.0
1209950 689.5
1209960 689.2
1209970 689.2
1209980 690.5
1209990 690.9
1210000 690.9
1210010 691.2
1210020 692.5
1210030 693.3
1210040 693.3
1210050 694.0
1210060 693.9
1210070 693.9
1210080 692.7
1210090 692.7
1210100 692.7
1210110 692.9
1210120 693.6
1210130 693.6
1210140 693.7
1210150 693.4
1210160 694.4
1210170 693.9
1210180 694.2
1210190 694.2
1210200 694.6
1210210 693.6
1210220 693.6
1210230 689.9
1210240 687.4
1210250 687.4
1210260 686.1
1210270 686.1
1210280 686.1
1210290 685.9
1210300 685.9
1210310 685.9
1210320 685.9
1210330 686.0
1210340 685.9
1210350 685.9
1210360 686.0
1210370 686.1
1210380 686.1
1210390 686.0
1210400 686.0
1210410 686.0
1210420 686.0
1210430 685.9
1210440 685.9
1210450 686.0
1210460 686.0
1210470 686.0
1210480 685.8
1210490 684.1
1210500 684.1
1210510 681.7
1210520 680.9
1210530 680.9
1210540 680.8
1210550 680.8
1210560 680.8
1210570 680.8
1210580 680.9
1210590 680.9
1210600 680.9
1210610 680.9
1210620 680.9
1210630 680.8
1210640 680.8
1210650 680.8
1210660 680.8
1210670 680.8
1210680 680.8
1210690 680.8
1210700 680.9
1210710 680.9
1210720 680.9
1210730 680.9
1210740 680.8
1210750 680.8
1210760 680.6
1210770 679.7
1210780 679.7
1210790 679.1
1210800 678.9
1210810 678.9
1210820 678.9
1210830 678.9
1210840 678.9
1210850 678.9
1210860 678.9
1210870 678.9
1210880 678.9
1210890 678.8
1210900 678.8
1210910 678.8
1210920 678.7
1210930 678.8
1210940 678.8
1210950 679.0
1210960 678.9
1210970 678.9
1210980 678.5
1210990 678.3
1211000 678.3
1211010 678.5
1211020 678.7
1211030 678.7
1211040 678.8
1211050 678.6
1211060 678.6
1211070 677.9
1211080 677.7
1211090 677.8
1211100 677.8
1211110 677.9
1211120 678.0
1211130 678.0
1211140 678.1
1211150 678.3
1211160 678.3
1211170 678.4
1211180 678.9
1211190 678.9
1211200 679.3
1211210 679.4
1211220 679.4
1211230 679.8
1211240 679.8
1211250 679.8
1211260 679.3
1211270 679.1
1211280 679.1
1211290 679.2
1211300 679.4
1211310 679.4
1211320 679.6
1211330 679.8
1211340 679.7
1211350 679.7
1211360 679.2
1211370 678.9
1211380 678.9
1211390 679.2
1211400 679.5
1211410 679.5
1211420 679.4
1211430 679.3
1211440 679.3
1211450 679.2
1211460 679.4
1211470 679.4
1211480 680.5
1211490 684.7
1211500 684.7
1211510 691.3
1211520 697.9
1211530 697.9
1211540 704.6
1211550 710.8
1211560 714.0
1211570 717.7
1211580 721.4
1211590 725.3
1211600 725.3
1211610 729.9
1211620 734.1
1211630 734.1
1211640 737.4
1211650 742.7
1211660 742.7
1211670 748.0
1211680 752.2
1211690 752.2
1211700 755.6
1211710 758.3
1211720 758.3
1211730 761.6
1211740 765.1
1211750 765.1
1211760 768.4
1211770 771.6
1211780 771.6
1211790 774.8
1211800 778.4
1211810 778.4
1211820 782.3
1211830 786.8
1211840 786.8
1211850 791.0
1211860 793.4
1211870 795.6
1211880 795.6
1211890 798.6
1211900 802.2
1211910 802.2
1211920 806.6
1211930 809.9
1211940 809.9
1211950 812.6
1211960 815.2
1211970 815.2
1211980 817.6
1211990 820.0
1212000 820.0
1212010 823.0
1212020 829.7
1212030 829.7
1212040 835.7
1212050 841.4
1212060 841.4
1212070 846.4
1212080 851.4
1212090 851.4
1212100 854.6
1212110 856.2
1212120 857.4
1212130 857.4
1212140 859.3
1212150 861.8
1212160 861.8
1212170 863.8
1212180 865.5
1212190 865.5
1212200 867.7
1212210 869.9
1212220 869.9
1212230 871.2
1212240 871.8
1212250 871.8
1212260 874.3
1212270 876.9
1212280 876.9
1212290 879.6
1212300 883.3
1212310 883.3
1212320 888.0
1212330 893.1
1212340 893.1
1212350 898.8
1212360 905.4
1212370 911.9
1212380 911.9
1212390 917.3
1212400 923.5
1212410 923.5
1212420 928.1
1212430 932.1
1212440 932.1
1212450 935.6
1212460 939.3
1212470 939.3
1212480 944.4
1212490 950.8
1212500 950.8
1212510 951.9
1212520 954.2
1212530 954.2
1212540 956.9
1212550 962.3
1212560 962.3
1212570 966.1
1212580 969.1
1212590 969.1
1212600 972.2
1212610 975.5
1212620 979.4
1212630 979.4
1212640 982.7
1212650 985.9
1212660 985.9
1212670 989.3
1212680 993.3
1212690 993.3
1212700 997.4
1212710 1001.9
1212720 1001.9
1212730 1006.6
1212740 1010.9
1212750 1010.9
1212760 1014.8
1212770 1018.9
1212780 1018.9
1212790 1023.8
1212800 1028.8
1212810 1028.8
1212820 1034.7
1212830 1042.5
1212840 1042.5
1212850 1049.0
1212860 1054.2
1212870 1054.2
1212880 1058.7
1212890 1063.3
1212900 1068.7
1212910 1068.7
1212920 1075.1
1212930 1080.6
1212940 1080.6
1212950 1085.0
1212960 1093.3
1212970 1093.3
1212980 1096.6
1212990 1100.6
1213000 1100.6
1213010 1104.7
1213020 1108.8
1213030 1108.8
1213040 1113.5
1213050 1117.8
1213060 1117.8
1213070 1121.7
1213080 1125.0
1213090 1125.0
1213100 1128.1
1213110 1130.3
1213120 1130.3
1213130 1132.4
1213140 1135.1
1213150 1137.6
1213160 1137.6
1213170 1139.9
1213180 1142.7
1213190 1142.7
1213200 1145.1
1213210 1147.5
1213220 1147.5
1213230 1150.3
1213240 1152.9
1213250 1152.9
1213260 1155.5
1213270 1158.1
1213280 1158.1
1213290 1160.8
1213300 1163.5
1213310 1163.5
1213320 1165.7
1213330 1168.5
1213340 1168.5
1213350 1171.7
1213360 1173.9
1213370 1173.9
1213380 1176.0
1213390 1177.8
1213400 1179.4
1213410 1179.4
1213420 1181.7
1213430 1186.5
1213440 1186.5
1213450 1187.0
1213460 1187.7
1213470 1187.7
1213480 1188.6
1213490 1189.1
1213500 1189.1
1213510 1190.8
1213520 1191.8
1213530 1191.8
1213540 1192.5
1213550 1193.2
1213560 1193.2
1213570 1193.9
1213580 1194.5
1213590 1194.5
1213600 1195.9
1213610 1196.9
1213620 1196.9
1213630 1197.7
1213640 1199.6
1213650 1199.6
1213660 1201.6
1213670 1203.5
1213680 1205.4
1213690 1205.4
1213700 1206.7
1213710 1208.0
1213720 1208.0
1213730 1208.9
1213740 1210.7
1213750 1210.7
1213760 1213.2
1213770 1213.7
1213780 1213.7
1213790 1213.8
1213800 1214.1
1213810 1214.1
1213820 1214.8
1213830 1215.1
1213840 1215.1
1213850 1215.1
1213860 1215.5
1213870 1215.5
1213880 1215.6
1213890 1221.2
1213900 1221.2
1213910 1220.3
1213920 1220.1
1213930 1219.5
1213940 1219.5
1213950 1219.1
1213960 1219.0
1213970 1219.0
1213980 1218.4
1213990 1217.3
1214000 1217.3
1214010 1215.7
1214020 1214.4
1214030 1214.4
1214040 1213.5
1214050 1212.2
1214060 1212.2
1214070 1209.8
1214080 1208.8
1214090 1208.8
1214100 1209.6
1214110 1209.9
1214120 1209.9
1214130 1211.6
1214140 1213.0
1214150 1213.0
1214160 1214.1
1214170 1215.3
1214180 1217.0
1214190 1217.0
1214200 1218.3
1214210 1219.3
1214220 1219.3
1214230 1222.0
1214240 1224.5
1214250 1224.5
1214260 1226.7
1214270 1228.8
1214280 1228.8
1214290 1229.8
1214300 1230.5
1214310 1230.5
1214320 1233.9
1214330 1236.9
1214340 1236.9
1214350 1237.5
1214360 1242.5
1214370 1242.5
1214380 1241.0
1214390 1241.3
1214400 1241.3
1214410 1242.7
1214420 1245.6
1214430 1246.0
1214440 1246.0
1214450 1245.4
1214460 1247.3
1214470 1247.3
1214480 1248.7
1214490 1249.6
1214500 1249.6
1214510 1251.8
1214520 1254.5
1214530 1254.5
1214540 1256.4
1214550 1257.0
1214560 1257.0
1214570 1257.8
1214580 1258.3
1214590 1258.3
1214600 1259.7
1214610 1263.1
1214620 1263.1
1214630 1269.1
1214640 1275.3
1214650 1275.3
1214660 1278.1
1214670 1279.8
1214680 1279.8
1214690 1280.1
1214700 1279.5
1214710 1278.8
1214720 1278.8
1214730 1277.7
1214740 1275.8
1214750 1275.8
1214760 1274.7
1214770 1275.1
1214780 1275.1
1214790 1275.2
1214800 1274.1
1214810 1274.1
1214820 1273.8
1214830 1274.5
1214840 1279.3
1214850 1281.8
1214860 1284.4
1214870 1284.4
1214880 1286.8
1214890 1287.5
1214900 1287.5
1214910 1288.3
1214920 1292.8
1214930 1292.8
1214940 1296.6
1214950 1298.7
1214960 1300.5
1214970 1300.5
1214980 1302.2
1214990 1303.3
1215000 1303.3
1215010 1306.0
1215020 1308.5
1215030 1308.5
1215040 1311.4
1215050 1313.5
1215060 1313.5
1215070 1315.4
1215080 1317.1
1215090 1317.1
1215100 1319.0
1215110 1320.7
1215120 1320.7
1215130 1321.5
1215140 1323.8
1215150 1323.8
1215160 1327.0
1215170 1329.7
1215180 1329.7
1215190 1331.6
1215200 1332.8
1215210 1335.5
1215220 1335.5
1215230 1337.2
1215240 1339.3
1215250 1339.3
1215260 1341.1
1215270 1342.2
1215280 1342.2
1215290 1342.8
1215300 1343.0
1215310 1348.0
1215320 1348.9
1215330 1351.6
1215340 1351.6
1215350 1353.9
1215360 1355.4
1215370 1355.4
1215380 1356.9
1215390 1358.6
1215400 1358.6
1215410 1361.1
1215420 1363.7
1215430 1363.7
1215440 1366.0
1215450 1368.1
1215460 1368.1
1215470 1369.5
1215480 1371.3
1215490 1372.9
1215500 1372.9
1215510 1373.9
1215520 1375.3
1215530 1375.3
1215540 1376.6
1215550 1378.2
1215560 1378.2
1215570 1379.5
1215580 1380.0
1215590 1380.0
1215600 1380.2
1215610 1380.0
1215620 1380.0
1215630 1379.2
1215640 1378.1
1215650 1378.1
1215660 1376.6
1215670 1374.8
1215680 1374.8
1215690 1372.1
1215700 1368.1
1215710 1368.1
1215720 1364.1
1215730 1362.2
1215740 1360.7
1215750 1360.7
1215760 1358.7
1215770 1357.5
1215780 1362.5
1215790 1362.4
1215800 1362.0
1215810 1362.0
1215820 1361.5
1215830 1361.2
1215840 1361.2
1215850 1361.4
1215860 1361.4
1215870 1361.4
1215880 1360.1
1215890 1359.6
1215900 1359.6
1215910 1358.9
1215920 1358.3
1215930 1358.3
1215940 1359.1
1215950 1359.9
1215960 1359.9
1215970 1360.0
1215980 1359.9
1215990 1359.7
1216000 1359.7
1216010 1358.7
1216020 1357.3
1216030 1357.3
1216040 1356.8
1216050 1356.9
1216060 1356.9
1216070 1357.3
1216080 1357.6
1216090 1357.6
1216100 1358.6
1216110 1360.1
1216120 1360.1
1216130 1361.5
1216140 1363.9
1216150 1363.9
1216160 1365.6
1216170 1365.9
1216180 1365.9
1216190 1359.2
1216200 1351.4
1216210 1351.4
1216220 1358.8
1216230 1368.0
1216240 1368.0
1216250 1372.1
1216260 1370.4
1216270 1369.2
1216280 1369.2
1216290 1368.5
1216300 1371.5
1216310 1371.5
1216320 1373.3
1216330 1373.6
1216340 1373.6
1216350 1375.4
1216360 1378.0
1216370 1378.0
1216380 1381.2
1216390 1384.9
1216400 1384.9
1216410 1388.1
1216420 1392.9
1216430 1392.9
1216440 1399.7
1216450 1404.2
1216460 1404.2
1216470 1408.4
1216480 1412.3
1216490 1412.3
1216500 1416.8
1216510 1421.2
1216520 1424.7
1216530 1424.7
1216540 1427.9
1216550 1430.7
1216560 1430.7
1216570 1432.4
1216580 1434.1
1216590 1434.1
1216600 1436.9
1216610 1440.2
1216620 1440.2
1216630 1443.1
1216640 1445.7
1216650 1445.7
1216660 1448.5
1216670 1452.2
1216680 1452.2
1216690 1455.4
1216700 1457.0
1216710 1457.0
1216720 1459.3
1216730 1466.7
1216740 1466.7
1216750 1471.8
1216760 1476.5
1216770 1481.1
1216780 1481.1
1216790 1486.5
1216800 1492.4
1216810 1492.4
1216820 1499.3
1216830 1508.5
1216840 1508.5
1216850 1517.6
1216860 1523.2
1216870 1523.2
1216880 1528.2
1216890 1532.1
1216900 1532.1
1216910 1535.7
1216920 1538.8
1216930 1538.8
1216940 1541.9
1216950 1546.2
1216960 1546.2
1216970 1551.3
1216980 1557.1
1216990 1557.1
1217000 1563.1
1217010 1568.6
1217020 1574.2
1217030 1574.2
1217040 1581.2
1217050 1588.3
1217060 1588.3
1217070 1593.9
1217080 1598.7
1217090 1598.7
1217100 1602.8
1217110 1606.0
1217120 1606.0
1217130 1608.6
1217140 1610.9
1217150 1610.9
1217160 1613.2
1217170 1616.4
1217180 1616.4
1217190 1619.6
1217200 1619.8
1217210 1619.8
1217220 1622.6
1217230 1624.5
1217240 1624.5
1217250 1624.9
1217260 1624.4
1217270 1624.4
1217280 1624.4
1217290 1626.5
1217300 1630.7
1217310 1630.7
1217320 1635.2
1217330 1639.2
1217340 1639.2
1217350 1644.8
1217360 1651.4
1217370 1651.4
1217380 1657.0
1217390 1664.0
1217400 1664.0
1217410 1669.2
1217420 1673.5
1217430 1673.5
1217440 1675.8
1217450 1678.6
1217460 1678.6
1217470 1682.4
1217480 1685.3
1217490 1685.3
1217500 1688.8
1217510 1693.3
1217520 1693.3
1217530 1698.6
1217540 1703.5
1217550 1706.2
1217560 1706.2
1217570 1708.3
1217580 1711.1
1217590 1711.1
1217600 1713.7
1217610 1717.7
1217620 1717.7
1217630 1723.1
1217640 1725.6
1217650 1725.6
1217660 1726.7
1217670 1729.0
1217680 1741.9
1217690 1746.8
1217700 1751.7
1217710 1751.7
1217720 1752.9
1217730 1752.8
1217740 1752.8
1217750 1753.4
1217760 1754.1
1217770 1754.1
1217780 1753.8
1217790 1752.8
1217800 1752.7
1217810 1752.7
1217820 1752.7
1217830 1760.1
1217840 1760.1
1217850 1767.9
1217860 1772.5
1217870 1772.5
1217880 1774.8
1217890 1776.3
1217900 1776.3
1217910 1778.0
1217920 1779.8
1217930 1779.8
1217940 1784.1
1217950 1789.1
1217960 1789.1
1217970 1794.6
1217980 1799.8
1217990 1799.8
1218000 1805.4
1218010 1809.7
1218020 1809.7
1218030 1813.8
1218040 1816.7
1218050 1816.7
1218060 1820.7
1218070 1824.2
1218080 1826.2
1218090 1826.2
1218100 1828.7
1218110 1830.4
1218120 1830.4
1218130 1831.7
1218140 1832.4
1218150 1832.4
1218160 1841.1
1218170 1843.7
1218180 1843.7
1218190 1846.5
1218200 1850.4
1218210 1850.4
1218220 1854.0
1218230 1856.7
1218240 1856.7
1218250 1859.5
1218260 1862.8
1218270 1862.8
1218280 1866.0
1218290 1868.6
1218300 1868.6
1218310 1872.4
1218320 1876.4
1218330 1881.5
1218340 1881.5
1218350 1886.5
1218360 1892.2
1218370 1892.2
1218380 1898.5
1218390 1903.5
1218400 1903.5
1218410 1907.9
1218420 1911.5
1218430 1911.5
1218440 1914.4
1218450 1917.6
1218460 1917.6
1218470 1921.2
1218480 1924.7
1218490 1924.7
1218500 1927.0
1218510 1929.7
1218520 1929.7
1218530 1932.6
1218540 1935.5
1218550 1935.5
1218560 1939.0
1218570 1942.4
1218580 1946.4
1218590 1946.4
1218600 1950.2
1218610 1954.7
1218620 1954.7
1218630 1967.3
1218640 1973.4
1218650 1973.4
1218660 1979.3
1218670 1984.2
1218680 1984.2
1218690 1988.3
1218700 1994.0
1218710 1994.0
1218720 2001.6
1218730 2007.2
1218740 2007.2
1218750 2014.4
1218760 2019.9
1218770 2019.9
1218780 2024.6
1218790 2028.3
1218800 2028.3
1218810 2030.2
1218820 2032.3
1218830 2034.4
1218840 2034.4
1218850 2037.8
1218860 2042.5
1218870 2042.5
1218880 2045.7
1218890 2048.1
1218900 2048.1
1218910 2050.1
1218920 2052.1
1218930 2052.1
1218940 2055.5
1218950 2058.9
1218960 2058.9
1218970 2062.5
1218980 2065.0
1218990 2065.0
1219000 2065.1
1219010 2064.0
1219020 2064.0
1219030 2064.3
1219040 2066.1
1219050 2066.1
1219060 2066.7
1219070 2065.7
1219080 2065.7
1219090 2064.2
1219100 2062.4
1219110 2064.7
1219120 2064.7
1219130 2064.3
1219140 2063.7
1219150 2063.7
1219160 2064.2
1219170 2064.1
1219180 2064.1
1219190 2063.0
1219200 2061.3
1219210 2061.3
1219220 2060.2
1219230 2059.7
1219240 2059.7
1219250 2060.5
1219260 2062.2
1219270 2062.2
1219280 2064.2
1219290 2066.0
1219300 2066.0
1219310 2067.8
1219320 2069.4
1219330 2069.4
1219340 2069.9
1219350 2070.2
1219360 2071.6
1219370 2071.6
1219380 2073.4
1219390 2075.3
1219400 2075.3
1219410 2077.2
1219420 2079.4
1219430 2079.4
1219440 2081.6
1219450 2083.4
1219460 2083.4
1219470 2084.5
1219480 2085.0
1219490 2085.0
1219500 2084.4
1219510 2083.9
1219520 2083.9
1219530 2084.6
1219540 2086.7
1219550 2086.7
1219560 2090.2
1219570 2092.1
1219580 2092.1
1219590 2098.9
1219600 2100.1
1219610 2103.1
1219620 2103.1
1219630 2105.7
1219640 2107.1
1219650 2107.1
1219660 2108.2
1219670 2111.3
1219680 2111.3
1219690 2116.2
1219700 2120.1
1219710 2120.1
1219720 2122.6
1219730 2128.6
1219740 2128.6
1219750 2133.8
1219760 2138.7
1219770 2138.7
1219780 2143.0
1219790 2147.0
1219800 2147.0
1219810 2151.2
1219820 2154.5
1219830 2154.5
1219840 2158.4
1219850 2162.4
1219860 2162.4
1219870 2165.9
1219880 2168.3
1219890 2169.1
1219900 2169.1
1219910 2169.6
1219920 2170.4
1219930 2170.4
1219940 2170.8
1219950 2170.9
1219960 2170.9
1219970 2171.2
1219980 2171.3
1219990 2171.3
1200000 1730.0
1200010 1730.9
1200020 1730.9
1200030 1732.2
1200040 1735.5
1200050 1735.5
1200060 1738.8
1200070 1742.0
1200080 1742.0
1200090 1746.3
1200100 1751.2
1200110 1751.2
1200120 1756.1
1200130 1760.3
1200140 1766.3
1200150 1769.3
1200160 1772.4
1200170 1773.8
1200180 1773.8
1200190 1774.3
1200200 1777.0
1200210 1777.0
1200220 1781.7
1200230 1787.2
1200240 1787.2
1200250 1791.9
1200260 1798.0
1200270 1798.0
1200280 1803.7
1200290 1808.7
1200300 1808.7
1200310 1813.8
1200320 1815.8
1200330 1815.8
1200340 1816.6
1200350 1816.6
1200360 1816.6
1200370 1816.5
1200380 1818.9
1200390 1818.9
1200400 1821.6
1200410 1824.7
1200420 1824.7
1200430 1828.6
1200440 1832.2
1200450 1835.5
1200460 1835.5
1200470 1839.2
1200480 1844.5
1200490 1844.5
1200500 1849.5
1200510 1851.6
1200520 1851.6
1200530 1853.0
1200540 1856.3
1200550 1856.3
1200560 1860.7
1200570 1866.4
1200580 1866.4
1200590 1875.4
1200600 1879.2
1200610 1879.2
1200620 1884.1
1200630 1888.1
1200640 1888.1
1200650 1892.3
1200660 1896.0
1200670 1896.0
1200680 1900.3
1200690 1903.2
1200700 1907.0
1200710 1907.0
1200720 1910.5
1200730 1913.7
1200740 1913.7
1200750 1917.5
1200760 1920.4
1200770 1920.4
1200780 1923.6
1200790 1929.9
1200800 1929.9
1200810 1933.9
1200820 1936.6
1200830 1936.6
1200840 1942.1
1200850 1948.2
1200860 1948.2
1200870 1953.1
1200880 1959.0
1200890 1959.0
1200900 1965.0
1200910 1967.8
1200920 1967.8
1200930 1969.5
1200940 1971.5
1200950 1974.4
1200960 1974.4
1200970 1978.5
1200980 1981.9
1200990 1981.9
1201000 1985.1
1201010 1989.7
1201020 1989.7
1201030 1998.6
1201040 2000.3
1201050 2000.3
1201060 2002.2
1201070 2005.5
1201080 2005.5
1201090 2010.3
1201100 2014.5
1201110 2014.5
1201120 2020.8
1201130 2028.2
1201140 2028.2
1201150 2032.0
1201160 2034.1
1201170 2034.1
1201180 2039.8
1201190 2044.6
1201200 2044.6
1201210 2049.0
1201220 2049.3
1201230 2048.0
1201240 2048.0
1201250 2050.6
1201260 2053.5
1201270 2053.5
1201280 2056.3
1201290 2059.4
1201300 2059.4
1201310 2062.7
1201320 2065.6
1201330 2065.6
1201340 2070.4
1201350 2075.8
1201360 2075.8
1201370 2082.0
1201380 2085.8
1201390 2085.8
1201400 2088.7
1201410 2090.5
1201420 2090.5
1201430 2094.8
1201440 2098.9
1201450 2098.9
1201460 2103.4
1201470 2106.8
1201480 2114.8
1201490 2114.8
1201500 2117.9
1201510 2121.4
1201520 2121.4
1201530 2123.7
1201540 2124.7
1201550 2124.7
1201560 2129.2
1201570 2134.5
1201580 2134.5
1201590 2138.8
1201600 2143.3
1201610 2143.3
1201620 2148.2
1201630 2151.8
1201640 2151.8
1201650 2153.7
1201660 2155.0
1201670 2155.0
1201680 2157.1
1201690 2160.6
1201700 2160.6
1201710 2163.2
1201720 2166.7
1201730 2170.5
1201740 2170.5
1201750 2175.6
1201760 2181.1
1201770 2181.1
1201780 2184.2
1201790 2189.4
1201800 2189.4
1201810 2194.6
1201820 2197.4
1201830 2197.4
1201840 2198.2
1201850 2202.8
1201860 2202.8
1201870 2205.1
1201880 2204.2
1201890 2204.2
1201900 2203.4
1201910 2205.8
1201920 2205.8
1201930 2213.3
1201940 2210.6
1201950 2210.6
1201960 2206.9
1201970 2207.9
1201980 2207.9
1201990 2217.5
1202000 2227.5
1202010 2238.3
1202020 2238.3
1202030 2244.5
1202040 2244.4
1202050 2244.4
1202060 2242.7
1202070 2241.0
1202080 2241.0
1202090 2239.1
1202100 2237.4
1202110 2237.4
1202120 2237.0
1202130 2239.3
1202140 2239.3
1202150 2243.2
1202160 2249.6
1202170 2249.6
1202180 2258.0
1202190 2265.9
1202200 2265.9
1202210 2271.4
1202220 2274.6
1202230 2274.6
1202240 2276.6
1202250 2277.7
1202260 2278.4
1202270 2278.4
1202280 2279.0
1202290 2280.8
1202300 2280.8
1202310 2283.6
1202320 2286.8
1202330 2286.8
1202340 2290.1
1202350 2293.5
1202360 2293.5
1202370 2296.4
1202380 2283.6
1202390 2283.6
1202400 2275.9
1202410 2277.1
1202420 2277.1
1202430 2272.1
1202440 2262.4
1202450 2262.4
1202460 2252.9
1202470 2245.6
1202480 2245.6
1202490 2241.8
1202500 2236.1
1202510 2219.7
1202520 2219.7
1202530 2204.2
1202540 2200.4
1202550 2200.4
1202560 2203.6
1202570 2203.0
1202580 2203.0
1202590 2195.6
1202600 2189.1
1202610 2189.1
1202620 2184.4
1202630 2176.8
1202640 2176.8
1202650 2169.8
1202660 2169.3
1202670 2169.3
1202680 2170.0
1202690 2167.8
1202700 2167.8
1202710 2161.3
1202720 2156.7
1202730 2156.7
1202740 2157.2
1202750 2158.8
1202760 2158.8
1202770 2160.1
1202780 2157.5
1202790 2152.7
1202800 2152.7
1202810 2147.8
1202820 2148.6
1202830 2140.3
1202840 2141.8
1202850 2144.1
1202860 2144.1
1202870 2145.4
1202880 2146.7
1202890 2146.7
1202900 2148.1
1202910 2147.5
1202920 2147.5
1202930 2144.6
1202940 2141.0
1202950 2141.0
1202960 2138.1
1202970 2135.7
1202980 2135.7
1202990 2132.5
1203000 2123.5
1203010 2123.5
1203020 2113.4
1203030 2114.8
1203040 2110.9
1203050 2110.9
1203060 2104.1
1203070 2096.1
1203080 2096.1
1203090 2089.3
1203100 2087.1
1203110 2087.1
1203120 2086.9
1203130 2078.0
1203140 2078.0
1203150 2064.4
1203160 2061.9
1203170 2061.9
1203180 2049.7
1203190 2047.2
1203200 2047.2
1203210 2057.8
1203220 2056.6
1203230 2056.6
1203240 2051.6
1203250 2045.5
1203260 2045.5
1203270 2038.3
1203280 2031.3
1203290 2008.7
1203300 2008.7
1203310 1998.6
1203320 1989.6
1203330 1989.6
1203340 1979.7
1203350 1976.7
1203360 1976.7
1203370 1971.8
1203380 1962.7
1203390 1962.7
1203400 1949.4
1203410 1938.2
1203420 1938.2
1203430 1931.2
1203440 1923.4
1203450 1923.4
1203460 1916.1
1203470 1915.6
1203480 1915.6
1203490 1917.9
1203500 1915.9
1203510 1915.9
1203520 1903.6
1203530 1893.5
1203540 1893.5
1203550 1875.6
1203560 1863.5
1203570 1861.0
1203580 1861.0
1203590 1874.1
1203600 1870.4
1203610 1870.4
1203620 1851.3
1203630 1836.3
1203640 1836.3
1203650 1823.5
1203660 1813.8
1203670 1813.8
1203680 1805.7
1203690 1798.9
1203700 1798.9
1203710 1794.4
1203720 1790.9
1203730 1790.9
1203740 1774.7
1203750 1762.6
1203760 1762.6
1203770 1740.3
1203780 1721.3
1203790 1721.3
1203800 1713.2
1203810 1707.5
1203820 1702.0
1203830 1702.0
1203840 1696.5
1203850 1691.4
1203860 1691.4
1203870 1686.0
1203880 1681.3
1203890 1681.3
1203900 1678.6
1203910 1678.0
1203920 1678.0
1203930 1677.0
1203940 1674.8
1203950 1674.8
1203960 1673.6
1203970 1672.0
1203980 1672.0
1203990 1673.6
1204000 1678.1
1204010 1678.1
1204020 1678.0
1204030 1674.7
1204040 1674.7
1204050 1669.6
1204060 1667.8
1204070 1654.9
1204080 1654.9
1204090 1639.8
1204100 1622.5
1204110 1622.5
1204120 1613.2
1204130 1605.2
1204140 1605.2
1204150 1599.5
1204160 1591.9
1204170 1591.9
1204180 1583.1
1204190 1569.8
1204200 1569.8
1204210 1563.8
1204220 1554.4
1204230 1554.4
1204240 1535.6
1204250 1518.2
1204260 1518.2
1204270 1508.0
1204280 1503.9
1204290 1503.9
1204300 1498.6
1204310 1483.4
1204320 1483.4
1204330 1464.7
1204340 1441.8
1204350 1417.1
1204360 1417.1
1204370 1394.7
1204380 1385.5
1204390 1385.5
1204400 1382.1
1204410 1381.5
1204420 1381.5
1204430 1384.7
1204440 1384.1
1204450 1384.1
1204460 1384.1
1204470 1380.0
1204480 1380.0
1204490 1382.1
1204500 1385.5
1204510 1385.5
1204520 1386.0
1204530 1387.8
1204540 1387.8
1204550 1399.1
1204560 1418.6
1204570 1418.6
1204580 1436.0
1204590 1436.5
1204600 1437.6
1204610 1437.6
1204620 1434.4
1204630 1434.4
1204640 1434.4
1204650 1417.3
1204660 1415.0
1204670 1415.0
1204680 1412.4
1204690 1424.7
1204700 1424.7
1204710 1442.3
1204720 1447.6
1204730 1447.6
1204740 1450.3
1204750 1449.3
1204760 1449.3
1204770 1441.8
1204780 1434.6
1204790 1434.6
1204800 1431.7
1204810 1427.1
1204820 1427.1
1204830 1419.3
1204840 1411.3
1204850 1408.6
1204860 1408.6
1204870 1404.3
1204880 1408.3
1204890 1408.3
1204900 1417.5
1204910 1413.2
1204920 1413.2
1204930 1396.3
1204940 1381.9
1204950 1381.9
1204960 1368.9
1204970 1350.4
1204980 1350.4
1204990 1329.1
1205000 1317.8
1205010 1317.8
1205020 1314.3
1205030 1308.3
1205040 1308.3
1205050 1296.0
1205060 1280.2
1205070 1280.2
1205080 1269.3
1205090 1260.1
1205100 1263.0
1205110 1254.3
1205120 1246.2
1205130 1237.7
1205140 1237.7
1205150 1228.7
1205160 1219.3
1205170 1219.3
1205180 1211.7
1205190 1203.6
1205200 1203.6
1205210 1196.6
1205220 1190.5
1205230 1190.5
1205240 1185.8
1205250 1178.0
1205260 1178.0
1205270 1170.2
1205280 1153.0
1205290 1153.0
1205300 1153.6
1205310 1166.1
1205320 1166.1
1205330 1177.6
1205340 1188.0
1205350 1188.0
1205360 1196.5
1205370 1202.3
1205380 1200.1
1205390 1200.1
1205400 1194.2
1205410 1187.6
1205420 1187.6
1205430 1179.6
1205440 1176.5
1205450 1176.5
1205460 1181.0
1205470 1184.0
1205480 1184.0
1205490 1186.5
1205500 1178.6
1205510 1178.6
1205520 1167.3
1205530 1159.2
1205540 1159.2
1205550 1152.4
1205560 1128.7
1205570 1128.7
1205580 1128.5
1205590 1135.1
1205600 1135.1
1205610 1129.1
1205620 1115.9
1205630 1103.3
1205640 1103.3
1205650 1095.8
1205660 1086.3
1205670 1086.3
1205680 1077.3
1205690 1069.9
1205700 1069.9
1205710 1060.5
1205720 1055.4
1205730 1055.4
1205740 1056.5
1205750 1071.8
1205760 1071.8
1205770 1080.5
1205780 1073.9
1205790 1073.9
1205800 1065.4
1205810 1057.3
1205820 1057.3
1205830 1049.6
1205840 1041.8
1205850 1041.8
1205860 1034.2
1205870 1026.4
1205880 1026.4
1205890 1018.0
1205900 1007.8
1205910 994.6
1205920 994.6
1205930 977.9
1205940 967.2
1205950 967.2
1205960 964.6
1205970 964.8
1205980 964.8
1205990 965.7
1206000 952.1
1206010 952.1
1206020 934.3
1206030 928.7
1206040 928.7
1206050 923.7
1206060 921.5
1206070 921.5
1206080 921.5
1206090 921.9
1206100 921.9
1206110 921.2
1206120 923.2
1206130 923.2
1206140 925.4
1206150 926.1
1206160 926.8
1206170 926.8
1206180 927.3
1206190 929.5
1206200 929.5
1206210 932.6
1206220 934.4
1206230 934.4
1206240 933.2
1206250 932.0
1206260 932.0
1206270 929.8
1206280 927.9
1206290 927.9
1206300 926.7
1206310 924.8
1206320 924.8
1206330 922.9
1206340 921.5
1206350 921.5
1206360 920.1
1206370 918.4
1206380 918.4
1206390 916.7
1206400 915.6
1206410 914.2
1206420 914.2
1206430 912.3
1206440 911.1
1206450 911.1
1206460 910.4
1206470 907.2
1206480 907.2
1206490 905.8
1206500 903.8
1206510 903.8
1206520 901.6
1206530 899.3
1206540 899.3
1206550 897.1
1206560 895.0
1206570 895.0
1206580 893.1
1206590 891.0
1206600 891.0
1206610 888.8
1206620 886.9
1206630 886.9
1206640 884.9
1206650 882.6
1206660 880.6
1206670 880.6
1206680 878.4
1206690 875.9
1206700 875.9
1206710 873.6
1206720 871.2
1206730 871.2
1206740 868.5
1206750 866.4
1206760 866.4
1206770 864.8
1206780 861.7
1206790 861.7
1206800 856.8
1206810 855.6
1206820 855.6
1206830 855.3
1206840 853.9
1206850 853.9
1206860 851.8
1206870 850.4
1206880 850.4
1206890 850.0
1206900 850.4
1206910 850.4
1206920 850.3
1206930 843.8
1206940 843.0
1206950 843.0
1206960 840.9
1206970 838.1
1206980 838.1
1206990 835.2
1207000 831.5
1207010 831.5
1207020 827.9
1207030 824.4
1207040 824.4
1207050 821.6
1207060 819.6
1207070 819.6
1207080 818.1
1207090 816.3
1207100 816.3
1207110 814.6
1207120 813.3
1207130 813.3
1207140 811.4
1207150 809.5
1207160 809.5
1207170 807.7
1207180 805.6
1207190 803.3
1207200 803.3
1207210 800.6
1207220 798.3
1207230 798.3
1207240 796.5
1207250 794.9
1207260 794.9
1207270 793.6
1207280 792.0
1207290 792.0
1207300 790.3
1207310 788.6
1207320 788.6
1207330 786.7
1207340 784.9
1207350 784.9
1207360 783.6
1207370 782.1
1207380 782.1
1207390 779.6
1207400 778.0
1207410 778.0
1207420 776.1
1207430 774.1
1207440 772.7
1207450 772.7
1207460 771.3
1207470 769.8
1207480 769.8
1207490 768.2
1207500 766.3
1207510 766.3
1207520 764.5
1207530 763.0
1207540 763.0
1207550 761.9
1207560 761.1
1207570 761.1
1207580 759.4
1207590 757.7
1207600 757.7
1207610 756.8
1207620 755.9
1207630 755.9
1207640 754.4
1207650 752.9
1207660 752.9
1207670 751.9
1207680 750.4
1207690 750.4
1207700 748.8
1207710 747.3
1207720 746.0
1207730 746.0
1207740 744.2
1207750 742.2
1207760 742.2
1207770 740.1
1207780 736.9
1207790 736.9
1207800 734.2
1207810 732.2
1207820 732.2
1207830 730.4
1207840 729.7
1207850 728.2
1207860 723.7
1207870 721.7
1207880 721.7
1207890 721.7
1207900 721.7
1207910 721.7
1207920 721.5
1207930 719.9
1207940 719.9
1207950 716.4
1207960 713.6
1207970 711.7
1207980 711.7
1207990 710.2
1208000 708.8
1208010 708.8
1208020 707.4
1208030 706.0
1208040 706.0
1208050 704.7
1208060 702.5
1208070 702.5
1208080 701.8
1208090 701.7
1208100 701.7
1208110 701.6
1208120 701.4
1208130 701.4
1208140 701.5
1208150 701.4
1208160 701.4
1208170 698.5
1208180 694.9
1208190 694.9
1208200 693.8
1208210 688.7
1208220 681.9
1208230 681.9
1208240 675.7
1208250 671.9
1208260 671.9
1208270 670.6
1208280 670.6
1208290 670.6
1208300 670.4
1208310 670.2
1208320 670.2
1208330 670.2
1208340 670.2
1208350 670.2
1208360 670.4
1208370 670.4
1208380 670.4
1208390 670.5
1208400 670.6
1208410 670.6
1208420 670.7
1208430 670.6
1208440 670.6
1208450 670.1
1208460 669.8
1208470 669.8
1208480 669.8
1208490 669.7
1208500 669.6
1208510 669.6
1208520 668.9
1208530 668.5
1208540 668.5
1208550 668.5
1208560 668.6
1208570 668.6
1208580 668.4
1208590 668.2
1208600 668.2
1208610 668.0
1208620 666.9
1208630 666.9
1208640 665.3
1208650 664.9
1208660 664.9
1208670 664.9
1208680 664.9
1208690 664.9
1208700 664.9
1208710 665.0
1208720 665.0
1208730 665.1
1208740 667.7
1208750 672.1
1208760 672.1
1208770 672.6
1208780 672.5
1208790 672.5
1208800 672.4
1208810 672.3
1208820 672.3
1208830 672.3
1208840 672.3
1208850 672.3
1208860 672.3
1208870 672.5
1208880 672.5
1208890 672.7
1208900 673.0
1208910 673.0
1208920 673.5
1208930 674.2
1208940 674.2
1208950 674.9
1208960 675.5
1208970 675.5
1208980 676.0
1208990 676.3
1209000 676.5
1209010 676.5
1209020 676.8
1209030 677.2
1209040 677.2
1209050 677.7
1209060 679.2
1209070 679.2
1209080 681.8
1209090 684.6
1209100 684.6
1209110 686.0
1209120 686.1
1209130 686.1
1209140 686.3
1209150 686.3
1209160 686.3
1209170 686.3
1209180 686.4
1209190 686.4
1209200 686.4
1209210 686.5
1209220 686.5
1209230 686.3
1209240 686.4
1209250 686.4
1209260 686.4
1209270 686.3
1209280 686.3
1209290 686.3
1209300 686.1
1209310 685.9
1209320 685.9
1209330 685.8
1209340 685.7
1209350 685.7
1209360 685.6
1209370 685.7
1209380 685.7
1209390 685.7
1209400 685.7
1209410 685.7
1209420 685.5
1209430 686.0
1209440 686.0
1209450 687.8
1209460 685.4
1209470 685.4
1209480 682.1
1209490 683.7
1209500 683.7
1209510 687.3
1209520 686.6
1209530 685.3
1209540 685.3
1209550 685.6
1209560 685.4
1209570 685.4
1209580 685.4
1209590 685.6
1209600 685.6
1209610 686.0
1209620 686.5
1209630 686.5
1209640 686.4
1209650 685.8
1209660 685.8
1209670 685.8
1209680 686.4
1209690 686.4
1209700 686.3
1209710 686.7
1209720 686.7
1209730 685.7
1209740 684.9
1209750 684.9
1209760 683.7
1209770 683.3
1209780 683.3
1209790 683.3
1209800 683.4
1209810 683.9
1209820 683.9
1209830 685.5
1209840 687.3
1209850 687.3
1209860 687.9
1209870 688.7
1209880 688.7
1209890 689.2
1209900 688.8
1209910 688.8
1209920 689.1
1209930 690.0
1209940 690.0
1209950 689.5
1209960 689.2
1209970 689.2
1209980 690.5
1209990 690.9
1210000 690.9
1210010 691.2
1210020 692.5
1210030 693.3
1210040 693.3
1210050 694.0
1210060 693.9
1210070 693.9
1210080 692.7
1210090 692.7
1210100 692.7
1210110 692.9
1210120 693.6
1210130 693.6
1210140 693.7
1210150 693.4
1210160 694.4
1210170 693.9
1210180 694.2
1210190 694.2
1210200 694.6
1210210 693.6
1210220 693.6
1210230 689.9
1210240 687.4
1210250 687.4
1210260 686.1
1210270 686.1
1210280 686.1
1210290 685.9
1210300 685.9
1210310 685.9
1210320 685.9
1210330 686.0
1210340 685.9
1210350 685.9
1210360 686.0
1210370 686.1
1210380 686.1
1210390 686.0
1210400 686.0
1210410 686.0
1210420 686.0
1210430 685.9
1210440 685.9
1210450 686.0
1210460 686.0
1210470 686.0
1210480 685.8
1210490 684.1
1210500 684.1
1210510 681.7
1210520 680.9
1210530 680.9
1210540 680.8
1210550 680.8
1210560 680.8
1210570 680.8
1210580 680.9
1210590 680.9
1210600 680.9
1210610 680.9
1210620 680.9
1210630 680.8
1210640 680.8
1210650 680.8
1210660 680.8
1210670 680.8
1210680 680.8
1210690 680.8
1210700 680.9
1210710 680.9
1210720 680.9
1210730 680.9
1210740 680.8
1210750 680.8
1210760 680.6
1210770 679.7
1210780 679.7
1210790 679.1
1210800 678.9
1210810 678.9
1210820 678.9
1210830 678.9
1210840 678.9
1210850 678.9
1210860 678.9
1210870 678.9
1210880 678.9
1210890 678.8
1210900 678.8
1210910 678.8
1210920 678.7
1210930 678.8
1210940 678.8
1210950 679.0
1210960 678.9
1210970 678.9
1210980 678.5
1210990 678.3
1211000 678.3
1211010 678.5
1211020 678.7
1211030 678.7
1211040 678.8
1211050 678.6
1211060 678.6
1211070 677.9
1211080 677.7
1211090 677.8
1211100 677.8
1211110 677.9
1211120 678.0
1211130 678.0
1211140 678.1
1211150 678.3
1211160 678.3
1211170 678.4
1211180 678.9
1211190 678.9
1211200 679.3
1211210 679.4
1211220 679.4
1211230 679.8
1211240 679.8
1211250 679.8
1211260 679.3
1211270 679.1
1211280 679.1
1211290 679.2
1211300 679.4
1211310 679.4
1211320 679.6
1211330 679.8
1211340 679.7
1211350 679.7
1211360 679.2
1211370 678.9
1211380 678.9
1211390 679.2
1211400 679.5
1211410 679.5
1211420 679.4
1211430 679.3
1211440 679.3
1211450 679.2
1211460 679.4
1211470 679.4
1211480 680.5
1211490 684.7
1211500 684.7
1211510 691.3
1211520 697.9
1211530 697.9
1211540 704.6
1211550 710.8
1211560 714.0
1211570 717.7
1211580 721.4
1211590 725.3
1211600 725.3
1211610 729.9
1211620 734.1
1211630 734.1
1211640 737.4
1211650 742.7
1211660 742.7
1211670 748.0
1211680 752.2
1211690 752.2
1211700 755.6
1211710 758.3
1211720 758.3
1211730 761.6
1211740 765.1
1211750 765.1
1211760 768.4
1211770 771.6
1211780 771.6
1211790 774.8
1211800 778.4
1211810 778.4
1211820 782.3
1211830 786.8
1211840 786.8
1211850 791.0
1211860 793.4
1211870 795.6
1211880 795.6
1211890 798.6
1211900 802.2
1211910 802.2
1211920 806.6
1211930 809.9
1211940 809.9
1211950 812.6
1211960 815.2
1211970 815.2
1211980 817.6
1211990 820.0
1212000 820.0
1212010 823.0
1212020 829.7
1212030 829.7
1212040 835.7
1212050 841.4
1212060 841.4
1212070 846.4
1212080 851.4
1212090 851.4
1212100 854.6
1212110 856.2
1212120 857.4
1212130 857.4
1212140 859.3
1212150 861.8
1212160 861.8
1212170 863.8
1212180 865.5
1212190 865.5
1212200 867.7
1212210 869.9
1212220 869.9
1212230 871.2
1212240 871.8
1212250 871.8
1212260 874.3
1212270 876.9
1212280 876.9
1212290 879.6
1212300 883.3
1212310 883.3
1212320 888.0
1212330 893.1
1212340 893.1
1212350 898.8
1212360 905.4
1212370 911.9
1212380 911.9
1212390 917.3
1212400 923.5
1212410 923.5
1212420 928.1
1212430 932.1
1212440 932.1
1212450 935.6
1212460 939.3
1212470 939.3
1212480 944.4
1212490 950.8
1212500 950.8
1212510 951.9
1212520 954.2
1212530 954.2
1212540 956.9
1212550 962.3
1212560 962.3
1212570 966.1
1212580 969.1
1212590 969.1
1212600 972.2
1212610 975.5
1212620 979.4
1212630 979.4
1212640 982.7
1212650 985.9
1212660 985.9
1212670 989.3
1212680 993.3
1212690 993.3
1212700 997.4
1212710 1001.9
1212720 1001.9
1212730 1006.6
1212740 1010.9
1212750 1010.9
1212760 1014.8
1212770 1018.9
1212780 1018.9
1212790 1023.8
1212800 1028.8
1212810 1028.8
1212820 1034.7
1212830 1042.5
1212840 1042.5
1212850 1049.0
1212860 1054.2
1212870 1054.2
1212880 1058.7
1212890 1063.3
1212900 1068.7
1212910 1068.7
1212920 1075.1
1212930 1080.6
1212940 1080.6
1212950 1085.0
1212960 1093.3
1212970 1093.3
1212980 1096.6
1212990 1100.6
1213000 1100.6
1213010 1104.7
1213020 1108.8
1213030 1108.8
1213040 1113.5
1213050 1117.8
1213060 1117.8
1213070 1121.7
1213080 1125.0
1213090 1125.0
1213100 1128.1
1213110 1130.3
1213120 1130.3
1213130 1132.4
1213140 1135.1
1213150 1137.6
1213160 1137.6
1213170 1139.9
1213180 1142.7
1213190 1142.7
1213200 1145.1
1213210 1147.5
1213220 1147.5
1213230 1150.3
1213240 1152.9
1213250 1152.9
1213260 1155.5
1213270 1158.1
1213280 1158.1
1213290 1160.8
1213300 1163.5
1213310 1163.5
1213320 1165.7
1213330 1168.5
1213340 1168.5
1213350 1171.7
1213360 1173.9
1213370 1173.9
1213380 1176.0
1213390 1177.8
1213400 1179.4
1213410 1179.4
1213420 1181.7
1213430 1186.5
1213440 1186.5
1213450 1187.0
1213460 1187.7
1213470 1187.7
1213480 1188.6
1213490 1189.1
1213500 1189.1
1213510 1190.8
1213520 1191.8
1213530 1191.8
1213540 1192.5
1213550 1193.2
1213560 1193.2
1213570 1193.9
1213580 1194.5
1213590 1194.5
1213600 1195.9
1213610 1196.9
1213620 1196.9
1213630 1197.7
1213640 1199.6
1213650 1199.6
1213660 1201.6
1213670 1203.5
1213680 1205.4
1213690 1205.4
1213700 1206.7
1213710 1208.0
1213720 1208.0
1213730 1208.9
1213740 1210.7
1213750 1210.7
1213760 1213.2
1213770 1213.7
1213780 1213.7
1213790 1213.8
1213800 1214.1
1213810 1214.1
1213820 1214.8
1213830 1215.1
1213840 1215.1
1213850 1215.1
1213860 1215.5
1213870 1215.5
1213880 1215.6
1213890 1221.2
1213900 1221.2
1213910 1220.3
1213920 1220.1
1213930 1219.5
1213940 1219.5
1213950 1219.1
1213960 1219.0
1213970 1219.0
1213980 1218.4
1213990 1217.3
1214000 1217.3
1214010 1215.7
1214020 1214.4
1214030 1214.4
1214040 1213.5
1214050 1212.2
1214060 1212.2
1214070 1209.8
1214080 1208.8
1214090 1208.8
1214100 1209.6
1214110 1209.9
1214120 1209.9
1214130 1211.6
1214140 1213.0
1214150 1213.0
1214160 1214.1
1214170 1215.3
1214180 1217.0
1214190 1217.0
1214200 1218.3
1214210 1219.3
1214220 1219.3
1214230 1222.0
1214240 1224.5
1214250 1224.5
1214260 1226.7
1214270 1228.8
1214280 1228.8
1214290 1229.8
1214300 1230.5
1214310 1230.5
1214320 1233.9
1214330 1236.9
1214340 1236.9
1214350 1237.5
1214360 1242.5
1214370 1242.5
1214380 1241.0
1214390 1241.3
1214400 1241.3
1214410 1242.7
1214420 1245.6
1214430 1246.0
1214440 1246.0
1214450 1245.4
1214460 1247.3
1214470 1247.3
1214480 1248.7
1214490 1249.6
1214500 1249.6
1214510 1251.8
1214520 1254.5
1214530 1254.5
1214540 1256.4
1214550 1257.0
1214560 1257.0
1214570 1257.8
1214580 1258.3
1214590 1258.3
1214600 1259.7
1214610 1263.1
1214620 1263.1
1214630 1269.1
1214640 1275.3
1214650 1275.3
1214660 1278.1
1214670 1279.8
1214680 1279.8
1214690 1280.1
1214700 1279.5
1214710 1278.8
1214720 1278.8
1214730 1277.7
1214740 1275.8
1214750 1275.8
1214760 1274.7
1214770 1275.1
1214780 1275.1
1214790 1275.2
1214800 1274.1
1214810 1274.1
1214820 1273.8
1214830 1274.5
1214840 1279.3
1214850 1281.8
1214860 1284.4
1214870 1284.4
1214880 1286.8
1214890 1287.5
1214900 1287.5
1214910 1288.3
1214920 1292.8
1214930 1292.8
1214940 1296.6
1214950 1298.7
1214960 1300.5
1214970 1300.5
1214980 1302.2
1214990 1303.3
1215000 1303.3
1215010 1306.0
1215020 1308.5
1215030 1308.5
1215040 1311.4
1215050 1313.5
1215060 1313.5
1215070 1315.4
1215080 1317.1
1215090 1317.1
1215100 1319.0
1215110 1320.7
1215120 1320.7
1215130 1321.5
1215140 1323.8
1215150 1323.8
1215160 1327.0
1215170 1329.7
1215180 1329.7
1215190 1331.6
1215200 1332.8
1215210 1335.5
1215220 1335.5
1215230 1337.2
1215240 1339.3
1215250 1339.3
1215260 1341.1
1215270 1342.2
1215280 1342.2
1215290 1342.8
1215300 1343.0
1215310 1348.0
1215320 1348.9
1215330 1351.6
1215340 1351.6
1215350 1353.9
1215360 1355.4
1215370 1355.4
1215380 1356.9
1215390 1358.6
1215400 1358.6
1215410 1361.1
1215420 1363.7
1215430 1363.7
1215440 1366.0
1215450 1368.1
1215460 1368.1
1215470 1369.5
1215480 1371.3
1215490 1372.9
1215500 1372.9
1215510 1373.9
1215520 1375.3
1215530 1375.3
1215540 1376.6
1215550 1378.2
1215560 1378.2
1215570 1379.5
1215580 1380.0
1215590 1380.0
1215600 1380.2
1215610 1380.0
1215620 1380.0
1215630 1379.2
1215640 1378.1
1215650 1378.1
1215660 1376.6
1215670 1374.8
1215680 1374.8
1215690 1372.1
1215700 1368.1
1215710 1368.1
1215720 1364.1
1215730 1362.2
1215740 1360.7
1215750 1360.7
1215760 1358.7
1215770 1357.5
1215780 1362.5
1215790 1362.4
1215800 1362.0
1215810 1362.0
1215820 1361.5
1215830 1361.2
1215840 1361.2
1215850 1361.4
1215860 1361.4
1215870 1361.4
1215880 1360.1
1215890 1359.6
1215900 1359.6
1215910 1358.9
1215920 1358.3
1215930 1358.3
1215940 1359.1
1215950 1359.9
1215960 1359.9
1215970 1360.0
1215980 1359.9
1215990 1359.7
1216000 1359.7
1216010 1358.7
1216020 1357.3
1216030 1357.3
1216040 1356.8
1216050 1356.9
1216060 1356.9
1216070 1357.3
1216080 1357.6
1216090 1357.6
1216100 1358.6
1216110 1360.1
1216120 1360.1
1216130 1361.5
1216140 1363.9
1216150 1363.9
1216160 1365.6
1216170 1365.9
1216180 1365.9
1216190 1359.2
1216200 1351.4
1216210 1351.4
1216220 1358.8
1216230 1368.0
1216240 1368.0
1216250 1372.1
1216260 1370.4
1216270 1369.2
1216280 1369.2
1216290 1368.5
1216300 1371.5
1216310 1371.5
1216320 1373.3
1216330 1373.6
1216340 1373.6
1216350 1375.4
1216360 1378.0
1216370 1378.0
1216380 1381.2
1216390 1384.9
1216400 1384.9
1216410 1388.1
1216420 1392.9
1216430 1392.9
1216440 1399.7
1216450 1404.2
1216460 1404.2
1216470 1408.4
1216480 1412.3
1216490 1412.3
1216500 1416.8
1216510 1421.2
1216520 1424.7
1216530 1424.7
1216540 1427.9
1216550 1430.7
1216560 1430.7
1216570 1432.4
1216580 1434.1
1216590 1434.1
1216600 1436.9
1216610 1440.2
1216620 1440.2
1216630 1443.1
1216640 1445.7
1216650 1445.7
1216660 1448.5
1216670 1452.2
1216680 1452.2
1216690 1455.4
1216700 1457.0
1216710 1457.0
1216720 1459.3
1216730 1466.7
1216740 1466.7
1216750 1471.8
1216760 1476.5
1216770 1481.1
1216780 1481.1
1216790 1486.5
1216800 1492.4
1216810 1492.4
1216820 1499.3
1216830 1508.5
1216840 1508.5
1216850 1517.6
1216860 1523.2
1216870 1523.2
1216880 1528.2
1216890 1532.1
1216900 1532.1
1216910 1535.7
1216920 1538.8
1216930 1538.8
1216940 1541.9
1216950 1546.2
1216960 1546.2
1216970 1551.3
1216980 1557.1
1216990 1557.1
1217000 1563.1
1217010 1568.6
1217020 1574.2
1217030 1574.2
1217040 1581.2
1217050 1588.3
1217060 1588.3
1217070 1593.9
1217080 1598.7
1217090 1598.7
1217100 1602.8
1217110 1606.0
1217120 1606.0
1217130 1608.6
1217140 1610.9
1217150 1610.9
1217160 1613.2
1217170 1616.4
1217180 1616.4
1217190 1619.6
1217200 1619.8
1217210 1619.8
1217220 1622.6
1217230 1624.5
1217240 1624.5
1217250 1624.9
1217260 1624.4
1217270 1624.4
1217280 1624.4
1217290 1626.5
1217300 1630.7
1217310 1630.7
1217320 1635.2
1217330 1639.2
1217340 1639.2
1217350 1644.8
1217360 1651.4
1217370 1651.4
1217380 1657.0
1217390 1664.0
1217400 1664.0
1217410 1669.2
1217420 1673.5
1217430 1673.5
1217440 1675.8
1217450 1678.6
1217460 1678.6
1217470 1682.4
1217480 1685.3
1217490 1685.3
1217500 1688.8
1217510 1693.3
1217520 1693.3
1217530 1698.6
1217540 1703.5
1217550 1706.2
1217560 1706.2
1217570 1708.3
1217580 1711.1
1217590 1711.1
1217600 1713.7
1217610 1717.7
1217620 1717.7
1217630 1723.1
1217640 1725.6
1217650 1725.6
1217660 1726.7
1217670 1729.0
1217680 1741.9
1217690 1746.8
1217700 1751.7
1217710 1751.7
1217720 1752.9
1217730 1752.8
1217740 1752.8
1217750 1753.4
1217760 1754.1
1217770 1754.1
1217780 1753.8
1217790 1752.8
1217800 1752.7
1217810 1752.7
1217820 1752.7
1217830 1760.1
1217840 1760.1
1217850 1767.9
1217860 1772.5
1217870 1772.5
1217880 1774.8
1217890 1776.3
1217900 1776.3
1217910 1778.0
1217920 1779.8
1217930 1779.8
1217940 1784.1
1217950 1789.1
1217960 1789.1
1217970 1794.6
1217980 1799.8
1217990 1799.8
1218000 1805.4
1218010 1809.7
1218020 1809.7
1218030 1813.8
1218040 1816.7
1218050 1816.7
1218060 1820.7
1218070 1824.2
1218080 1826.2
1218090 1826.2
1218100 1828.7
1218110 1830.4
1218120 1830.4
1218130 1831.7
1218140 1832.4
1218150 1832.4
1218160 1841.1
1218170 1843.7
1218180 1843.7
1218190 1846.5
1218200 1850.4
1218210 1850.4
1218220 1854.0
1218230 1856.7
1218240 1856.7
1218250 1859.5
1218260 1862.8
1218270 1862.8
1218280 1866.0
1218290 1868.6
1218300 1868.6
1218310 1872.4
1218320 1876.4
1218330 1881.5
1218340 1881.5
1218350 1886.5
1218360 1892.2
1218370 1892.2
1218380 1898.5
1218390 1903.5
1218400 1903.5
1218410 1907.9
1218420 1911.5
1218430 1911.5
1218440 1914.4
1218450 1917.6
1218460 1917.6
1218470 1921.2
1218480 1924.7
1218490 1924.7
1218500 1927.0
1218510 1929.7
1218520 1929.7
1218530 1932.6
1218540 1935.5
1218550 1935.5
1218560 1939.0
1218570 1942.4
1218580 1946.4
1218590 1946.4
1218600 1950.2
1218610 1954.7
1218620 1954.7
1218630 1967.3
1218640 1973.4
1218650 1973.4
1218660 1979.3
1218670 1984.2
1218680 1984.2
1218690 1988.3
1218700 1994.0
1218710 1994.0
1218720 2001.6
1218730 2007.2
1218740 2007.2
1218750 2014.4
1218760 2019.9
1218770 2019.9
1218780 2024.6
1218790 2028.3
1218800 2028.3
1218810 2030.2
1218820 2032.3
1218830 2034.4
1218840 2034.4
1218850 2037.8
1218860 2042.5
1218870 2042.5
1218880 2045.7
1218890 2048.1
1218900 2048.1
1218910 2050.1
1218920 2052.1
1218930 2052.1
1218940 2055.5
1218950 2058.9
1218960 2058.9
1218970 2062.5
1218980 2065.0
1218990 2065.0
1219000 2065.1
1219010 2064.0
1219020 2064.0
1219030 2064.3
1219040 2066.1
1219050 2066.1
1219060 2066.7
1219070 2065.7
1219080 2065.7
1219090 2064.2
1219100 2062.4
1219110 2064.7
1219120 2064.7
1219130 2064.3
1219140 2063.7
1219150 2063.7
1219160 2064.2
1219170 2064.1
1219180 2064.1
1219190 2063.0
1219200 2061.3
1219210 2061.3
1219220 2060.2
1219230 2059.7
1219240 2059.7
1219250 2060.5
1219260 2062.2
1219270 2062.2
1219280 2064.2
1219290 2066.0
1219300 2066.0
1219310 2067.8
1219320 2069.4
1219330 2069.4
1219340 2069.9
1219350 2070.2
1219360 2071.6
1219370 2071.6
1219380 2073.4
1219390 2075.3
1219400 2075.3
1219410 2077.2
1219420 2079.4
1219430 2079.4
1219440 2081.6
1219450 2083.4
1219460 2083.4
1219470 2084.5
1219480 2085.0
1219490 2085.0
1219500 2084.4
1219510 2083.9
1219520 2083.9
1219530 2084.6
1219540 2086.7
1219550 2086.7
1219560 2090.2
1219570 2092.1
1219580 2092.1
1219590 2098.9
1219600 2100.1
1219610 2103.1
1219620 2103.1
1219630 2105.7
1219640 2107.1
1219650 2107.1
1219660 2108.2
1219670 2111.3
1219680 2111.3
1219690 2116.2
1219700 2120.1
1219710 2120.1
1219720 2122.6
1219730 2128.6
1219740 2128.6
1219750 2133.8
1219760 2138.7
1219770 2138.7
1219780 2143.0
1219790 2147.0
1219800 2147.0
1219810 2151.2
1219820 2154.5
1219830 2154.5
1219840 2158.4
1219850 2162.4
1219860 2162.4
1219870 2165.9
1219880 2168.3
1219890 2169.1
1219900 2169.1
1219910 2169.6
1219920 2170.4
1219930 2170.4
1219940 2170.8
1219950 2170.9
1219960 2170.9
1219970 2171.2
1219980 2171.3
1219990 2171.3
