1200000 1495.3
1200010 1498.7
1200020 1501.8
1200030 1501.8
1200040 1504.7
1200050 1508.2
1200060 1511.1
1200070 1511.1
1200080 1514.0
1200090 1516.9
1200100 1516.9
1200110 1519.2
1200120 1521.4
1200130 1521.4
1200140 1523.7
1200150 1526.7
1200160 1526.7
1200170 1530.0
1200180 1533.8
1200190 1533.8
1200200 1538.4
1200210 1543.4
1200220 1543.4
1200230 1548.2
1200240 1552.4
1200250 1552.4
1200260 1555.5
1200270 1558.3
1200280 1558.3
1200290 1560.9
1200300 1563.4
1200310 1569.0
1200320 1569.0
1200330 1571.7
1200340 1574.4
1200350 1574.4
1200360 1577.1
1200370 1580.6
1200380 1580.6
1200390 1584.2
1200400 1586.7
1200410 1586.7
1200420 1589.1
1200430 1591.9
1200440 1591.9
1200450 1594.9
1200460 1597.8
1200470 1597.8
1200480 1601.0
1200490 1604.3
1200500 1604.3
1200510 1607.6
1200520 1611.3
1200530 1611.3
1200540 1614.2
1200550 1617.1
1200560 1617.1
1200570 1619.7
1200580 1622.8
1200590 1625.8
1200600 1625.8
1200610 1628.9
1200620 1631.1
1200630 1631.1
1200640 1633.6
1200650 1637.8
1200660 1637.8
1200670 1642.0
1200680 1646.3
1200690 1646.3
1200700 1651.1
1200710 1655.6
1200720 1655.6
1200730 1659.9
1200740 1663.3
1200750 1663.3
1200760 1672.7
1200770 1676.9
1200780 1676.9
1200790 1682.0
1200800 1687.7
1200810 1687.7
1200820 1693.4
1200830 1699.7
1200840 1704.9
1200850 1704.9
1200860 1709.8
1200870 1714.2
1200880 1714.2
1200890 1719.1
1200900 1724.7
1200910 1724.7
1200920 1726.4
1200930 1726.7
1200940 1726.7
1200950 1726.4
1200960 1726.8
1200970 1726.8
1200980 1728.1
1200990 1730.9
1201000 1730.9
1201010 1733.7
1201020 1736.3
1201030 1736.3
1201040 1740.1
1201050 1745.2
1201060 1745.2
1201070 1749.9
1201080 1755.1
1201090 1758.7
1201100 1758.7
1201110 1763.6
1201120 1766.9
1201130 1766.9
1201140 1770.3
1201150 1776.3
1201160 1776.3
1201170 1782.7
1201180 1787.2
1201190 1787.2
1201200 1790.8
1201210 1801.7
1201220 1801.7
1201230 1805.1
1201240 1807.9
1201250 1807.9
1201260 1812.1
1201270 1815.5
1201280 1815.5
1201290 1819.0
1201300 1821.8
1201310 1821.8
1201320 1821.9
1201330 1820.9
1201340 1820.9
1201350 1821.1
1201360 1820.9
1201370 1820.4
1201380 1820.4
1201390 1822.0
1201400 1822.1
1201410 1822.1
1201420 1824.3
1201430 1826.9
1201440 1826.9
1201450 1827.7
1201460 1833.9
1201470 1833.9
1201480 1839.8
1201490 1847.4
1201500 1847.4
1201510 1852.6
1201520 1857.6
1201530 1857.6
1201540 1865.0
1201550 1873.1
1201560 1873.1
1201570 1876.9
1201580 1879.3
1201590 1879.3
1201600 1880.5
1201610 1882.2
1201620 1885.2
1201630 1885.2
1201640 1889.9
1201650 1907.0
1201660 1907.0
1201670 1908.7
1201680 1911.2
1201690 1911.2
1201700 1911.7
1201710 1913.5
1201720 1913.5
1201730 1918.5
1201740 1925.7
1201750 1925.7
1201760 1929.9
1201770 1930.9
1201780 1930.9
1201790 1932.0
1201800 1933.4
1201810 1933.4
1201820 1935.6
1201830 1938.4
1201840 1938.4
1201850 1939.3
1201860 1939.1
1201870 1939.1
1201880 1939.9
1201890 1940.9
1201900 1940.2
1201910 1940.2
1201920 1939.0
1201930 1938.6
1201940 1938.6
1201950 1937.5
1201960 1937.2
1201970 1937.2
1201980 1939.2
1201990 1941.2
1202000 1941.2
1202010 1944.1
1202020 1947.1
1202030 1947.1
1202040 1950.9
1202050 1956.4
1202060 1956.4
1202070 1962.5
1202080 1965.6
1202090 1965.6
1202100 1967.5
1202110 1969.0
1202120 1969.0
1202130 1967.5
1202140 1966.7
1202150 1967.3
1202160 1967.3
1202170 1968.6
1202180 1969.6
1202190 1969.6
1202200 1970.8
1202210 1972.1
1202220 1972.1
1202230 1972.8
1202240 1971.7
1202250 1971.7
1202260 1969.7
1202270 1966.8
1202280 1966.8
1202290 1964.2
1202300 1964.0
1202310 1964.0
1202320 1962.6
1202330 1964.4
1202340 1964.4
1202350 1964.8
1202360 1966.0
1202370 1966.0
1202380 1968.4
1202390 1970.5
1202400 1968.8
1202410 1968.8
1202420 1964.6
1202430 1960.4
1202440 1960.4
1202450 1959.2
1202460 1958.9
1202470 1958.9
1202480 1959.3
1202490 1958.9
1202500 1958.9
1202510 1956.9
1202520 1952.0
1202530 1952.0
1202540 1953.7
1202550 1959.0
1202560 1967.9
1202570 1968.6
1202580 1968.9
1202590 1968.9
1202600 1970.2
1202610 1969.5
1202620 1969.5
1202630 1970.1
1202640 1971.0
1202650 1971.0
1202660 1970.5
1202670 1969.5
1202680 1969.5
1202690 1969.5
1202700 1967.8
1202710 1965.5
1202720 1965.5
1202730 1968.3
1202740 1973.5
1202750 1973.5
1202760 1980.2
1202770 1988.4
1202780 1988.4
1202790 1996.2
1202800 2003.9
1202810 2003.9
1202820 2011.2
1202830 2018.9
1202840 2018.9
1202850 2026.3
1202860 2033.4
1202870 2033.4
1202880 2041.0
1202890 2048.6
1202900 2048.6
1202910 2055.7
1202920 2061.8
1202930 2066.5
1202940 2066.5
1202950 2068.7
1202960 2071.1
1202970 2071.1
1202980 2073.5
1202990 2075.7
1203000 2075.7
1203010 2084.8
1203020 2086.7
1203030 2086.7
1203040 2089.6
1203050 2091.9
1203060 2091.9
1203070 2095.5
1203080 2101.1
1203090 2101.1
1203100 2108.1
1203110 2115.1
1203120 2115.1
1203130 2121.0
1203140 2124.8
1203150 2124.8
1203160 2123.7
1203170 2119.0
1203180 2114.0
1203190 2114.0
1203200 2109.8
1203210 2108.1
1203220 2108.1
1203230 2107.7
1203240 2103.6
1203250 2103.6
1203260 2101.7
1203270 2102.3
1203280 2102.3
1203290 2102.2
1203300 2100.2
1203310 2100.2
1203320 2099.2
1203330 2098.3
1203340 2098.3
1203350 2098.4
1203360 2098.2
1203370 2098.2
1203380 2099.7
1203390 2103.4
1203400 2103.4
1203410 2107.9
1203420 2112.7
1203430 2112.7
1203440 2117.1
1203450 2121.6
1203460 2132.1
1203470 2132.1
1203480 2138.5
1203490 2145.0
1203500 2145.0
1203510 2150.3
1203520 2155.9
1203530 2155.9
1203540 2161.7
1203550 2167.6
1203560 2167.6
1203570 2173.1
1203580 2171.6
1203590 2171.6
1203600 2164.1
1203610 2155.7
1203620 2155.7
1203630 2147.3
1203640 2139.4
1203650 2139.4
1203660 2131.8
1203670 2124.2
1203680 2124.2
1203690 2116.9
1203700 2108.2
1203710 2099.2
1203720 2099.2
1203730 2091.1
1203740 2081.9
1203750 2081.9
1203760 2064.9
1203770 2054.8
1203780 2054.8
1203790 2045.7
1203800 2032.9
1203810 2032.9
1203820 2022.3
1203830 2012.2
1203840 2012.2
1203850 1998.6
1203860 1987.7
1203870 1987.7
1203880 1978.0
1203890 1969.1
1203900 1969.1
1203910 1962.6
1203920 1957.1
1203930 1957.1
1203940 1952.0
1203950 1943.0
1203960 1932.8
1203970 1932.8
1203980 1923.7
1203990 1914.7
1204000 1914.7
1204010 1904.6
1204020 1896.3
1204030 1896.3
1204040 1890.3
1204050 1886.5
1204060 1886.5
1204070 1876.2
1204080 1865.1
1204090 1865.1
1204100 1855.7
1204110 1844.0
1204120 1844.0
1204130 1830.6
1204140 1821.0
1204150 1821.0
1204160 1813.6
1204170 1809.4
1204180 1809.4
1204190 1811.2
1204200 1811.3
1204210 1811.3
1204220 1806.6
1204230 1800.8
1204240 1803.0
1204250 1803.0
1204260 1807.3
1204270 1810.5
1204280 1810.5
1204290 1811.2
1204300 1811.7
1204310 1811.7
1204320 1810.0
1204330 1803.7
1204340 1803.7
1204350 1794.0
1204360 1785.2
1204370 1780.1
1204380 1771.6
1204390 1763.6
1204400 1763.6
1204410 1757.1
1204420 1752.9
1204430 1752.9
1204440 1749.4
1204450 1746.3
1204460 1746.3
1204470 1740.5
1204480 1730.9
1204490 1722.4
1204500 1722.4
1204510 1711.3
1204520 1702.0
1204530 1702.0
1204540 1694.7
1204550 1683.7
1204560 1683.7
1204570 1669.9
1204580 1656.2
1204590 1656.2
1204600 1650.6
1204610 1643.8
1204620 1643.8
1204630 1634.8
1204640 1637.3
1204650 1637.3
1204660 1642.8
1204670 1647.1
1204680 1647.1
1204690 1649.3
1204700 1644.1
1204710 1644.1
1204720 1644.5
1204730 1648.6
1204740 1642.8
1204750 1642.8
1204760 1634.8
1204770 1631.9
1204780 1631.9
1204790 1632.1
1204800 1629.7
1204810 1629.7
1204820 1617.3
1204830 1611.9
1204840 1611.9
1204850 1610.4
1204860 1619.1
1204870 1619.1
1204880 1617.2
1204890 1599.2
1204900 1599.2
1204910 1579.1
1204920 1568.9
1204930 1568.9
1204940 1558.9
1204950 1551.4
1204960 1551.4
1204970 1542.9
1204980 1526.4
1204990 1526.4
1205000 1519.5
1205010 1515.6
1205020 1500.3
1205030 1500.3
1205040 1485.9
1205050 1472.9
1205060 1472.9
1205070 1460.6
1205080 1448.4
1205090 1448.4
1205100 1443.8
1205110 1455.9
1205120 1455.9
1205130 1450.5
1205140 1435.9
1205150 1435.9
1205160 1423.5
1205170 1414.4
1205180 1414.4
1205190 1404.1
1205200 1391.4
1205210 1391.4
1205220 1390.0
1205230 1396.3
1205240 1396.3
1205250 1401.2
1205260 1404.5
1205270 1404.4
1205280 1393.2
1205290 1384.2
1205300 1382.8
1205310 1382.8
1205320 1376.5
1205330 1375.9
1205340 1375.9
1205350 1382.2
1205360 1387.5
1205370 1387.5
1205380 1387.2
1205390 1399.6
1205400 1399.6
1205410 1398.8
1205420 1403.1
1205430 1403.1
1205440 1406.0
1205450 1400.9
1205460 1400.9
1205470 1396.8
1205480 1408.5
1205490 1408.5
1205500 1427.4
1205510 1453.9
1205520 1455.8
1205530 1455.8
1205540 1439.5
1205550 1420.8
1205560 1420.8
1205570 1413.0
1205580 1401.3
1205590 1401.3
1205600 1389.0
1205610 1384.6
1205620 1384.6
1205630 1388.4
1205640 1398.0
1205650 1398.0
1205660 1409.9
1205670 1422.9
1205680 1422.9
1205690 1422.1
1205700 1415.7
1205710 1415.7
1205720 1412.3
1205730 1407.0
1205740 1402.0
1205750 1389.3
1205760 1372.2
1205770 1372.2
1205780 1374.4
1205790 1371.6
1205800 1358.4
1205810 1358.4
1205820 1338.2
1205830 1304.5
1205840 1304.5
1205850 1270.7
1205860 1261.3
1205870 1261.3
1205880 1251.0
1205890 1240.1
1205900 1240.1
1205910 1231.5
1205920 1223.2
1205930 1223.2
1205940 1215.6
1205950 1210.7
1205960 1210.7
1205970 1210.0
1205980 1212.0
1205990 1212.0
1206000 1212.3
1206010 1208.0
1206020 1208.0
1206030 1201.8
1206040 1199.5
1206050 1199.6
1206060 1199.6
1206070 1198.6
1206080 1199.1
1206090 1199.1
1206100 1208.5
1206110 1228.8
1206120 1228.8
1206130 1237.4
1206140 1245.4
1206150 1245.4
1206160 1234.9
1206170 1230.7
1206180 1230.7
1206190 1211.9
1206200 1213.8
1206210 1213.8
1206220 1207.6
1206230 1201.7
1206240 1201.7
1206250 1193.6
1206260 1184.8
1206270 1184.8
1206280 1165.2
1206290 1149.3
1206300 1149.3
1206310 1158.9
1206320 1160.2
1206330 1158.9
1206340 1158.9
1206350 1163.5
1206360 1150.9
1206370 1150.9
1206380 1141.8
1206390 1134.1
1206400 1134.1
1206410 1125.8
1206420 1115.6
1206430 1115.6
1206440 1110.1
1206450 1104.9
1206460 1104.9
1206470 1097.8
1206480 1088.6
1206490 1088.6
1206500 1078.1
1206510 1055.5
1206520 1055.5
1206530 1029.0
1206540 1022.8
1206550 1022.8
1206560 1022.4
1206570 1023.6
1206580 1024.2
1206590 1024.2
1206600 1024.2
1206610 1022.8
1206620 1022.8
1206630 1020.7
1206640 1018.5
1206650 1013.2
1206660 1010.9
1206670 1007.3
1206680 1007.3
1206690 1003.7
1206700 999.9
1206710 999.9
1206720 995.5
1206730 991.6
1206740 991.6
1206750 987.7
1206760 984.7
1206770 984.7
1206780 980.6
1206790 976.5
1206800 976.5
1206810 972.0
1206820 967.4
1206830 963.1
1206840 963.1
1206850 958.7
1206860 954.1
1206870 954.1
1206880 949.1
1206890 944.5
1206900 944.5
1206910 940.1
1206920 935.4
1206930 935.4
1206940 930.3
1206950 925.0
1206960 925.0
1206970 920.4
1206980 915.7
1206990 915.7
1207000 911.4
1207010 907.7
1207020 907.7
1207030 904.0
1207040 900.1
1207050 900.1
1207060 896.3
1207070 892.8
1207080 892.8
1207090 889.6
1207100 886.6
1207110 882.6
1207120 882.6
1207130 880.0
1207140 877.9
1207150 877.9
1207160 875.6
1207170 873.0
1207180 873.0
1207190 870.6
1207200 868.3
1207210 868.3
1207220 866.5
1207230 864.9
1207240 864.9
1207250 862.9
1207260 861.0
1207270 861.0
1207280 859.1
1207290 856.9
1207300 856.9
1207310 855.1
1207320 853.3
1207330 853.3
1207340 851.5
1207350 849.8
1207360 847.9
1207370 847.9
1207380 846.9
1207390 847.4
1207400 847.4
1207410 852.2
1207420 858.6
1207430 858.6
1207440 864.8
1207450 865.5
1207460 865.5
1207470 862.9
1207480 859.5
1207490 859.5
1207500 854.7
1207510 848.6
1207520 848.6
1207530 841.9
1207540 834.9
1207550 834.9
1207560 827.3
1207570 821.9
1207580 821.9
1207590 815.4
1207600 809.4
1207610 804.2
1207620 804.2
1207630 800.7
1207640 798.4
1207650 798.4
1207660 796.5
1207670 795.1
1207680 795.1
1207690 793.5
1207700 793.8
1207710 793.8
1207720 796.7
1207730 796.4
1207740 796.4
1207750 794.0
1207760 792.3
1207770 792.3
1207780 790.2
1207790 785.7
1207800 785.7
1207810 780.8
1207820 778.8
1207830 778.8
1207840 778.8
1207850 778.9
1207860 778.9
1207870 779.4
1207880 780.5
1207890 781.1
1207900 781.1
1207910 781.6
1207920 782.8
1207930 782.8
1207940 783.3
1207950 783.1
1207960 783.1
1207970 783.0
1207980 782.3
1207990 782.3
1208000 782.1
1208010 781.0
1208020 781.0
1208030 778.2
1208040 777.6
1208050 777.6
1208060 776.4
1208070 775.6
1208080 775.6
1208090 774.9
1208100 774.4
1208110 774.4
1208120 774.4
1208130 773.9
1208140 773.0
1208150 773.0
1208160 772.7
1208170 771.7
1208180 771.7
1208190 770.5
1208200 769.2
1208210 769.2
1208220 767.9
1208230 766.2
1208240 766.2
1208250 764.8
1208260 763.4
1208270 763.4
1208280 761.6
1208290 759.8
1208300 759.8
1208310 757.9
1208320 756.1
1208330 756.1
1208340 753.5
1208350 749.9
1208360 749.9
1208370 747.5
1208380 745.1
1208390 743.9
1208400 743.9
1208410 743.7
1208420 742.4
1208430 742.4
1208440 737.2
1208450 730.9
1208460 730.9
1208470 726.6
1208480 726.1
1208490 726.4
1208500 726.6
1208510 726.3
1208520 726.3
1208530 723.3
1208540 718.0
1208550 718.0
1208560 714.2
1208570 708.7
1208580 708.7
1208590 704.7
1208600 701.5
1208610 701.5
1208620 698.4
1208630 695.1
1208640 695.1
1208650 692.6
1208660 687.6
1208670 683.2
1208680 683.2
1208690 681.5
1208700 677.1
1208710 677.1
1208720 672.2
1208730 671.8
1208740 671.8
1208750 671.8
1208760 672.0
1208770 672.0
1208780 671.8
1208790 670.1
1208800 670.1
1208810 668.2
1208820 667.4
1208830 667.4
1208840 666.2
1208850 665.9
1208860 665.9
1208870 665.8
1208880 665.6
1208890 665.6
1208900 665.2
1208910 664.8
1208920 664.3
1208930 664.3
1208940 663.2
1208950 661.4
1208960 661.4
1208970 661.4
1208980 661.5
1208990 661.5
1209000 661.4
1209010 661.5
1209020 661.5
1209030 661.5
1209040 661.6
1209050 661.6
1209060 661.6
1209070 661.7
1209080 661.7
1209090 661.8
1209100 662.6
1209110 662.6
1209120 666.0
1209130 668.4
1209140 668.4
1209150 671.2
1209160 676.1
1209170 680.8
1209180 680.8
1209190 680.1
1209200 680.2
1209210 680.2
1209220 680.0
1209230 679.1
1209240 679.1
1209250 676.9
1209260 676.9
1209270 676.9
1209280 679.3
1209290 681.1
1209300 681.1
1209310 682.4
1209320 683.2
1209330 683.2
1209340 684.1
1209350 685.0
1209360 685.0
1209370 684.9
1209380 684.1
1209390 684.1
1209400 682.3
1209410 681.7
1209420 681.7
1209430 683.7
1209440 685.1
1209450 685.7
1209460 685.7
1209470 686.9
1209480 689.2
1209490 689.2
1209500 691.6
1209510 692.4
1209520 692.4
1209530 691.7
1209540 691.7
1209550 691.7
1209560 689.6
1209570 686.7
1209580 686.7
1209590 685.9
1209600 685.8
1209610 685.8
1209620 685.9
1209630 685.8
1209640 685.8
1209650 685.7
1209660 686.1
1209670 686.1
1209680 686.1
1209690 686.0
1209700 685.9
1209710 685.9
1209720 686.1
1209730 688.0
1209740 688.0
1209750 690.4
1209760 692.3
1209770 692.3
1209780 693.8
1209790 691.3
1209800 691.3
1209810 688.8
1209820 690.1
1209830 690.1
1209840 690.7
1209850 691.2
1209860 691.2
1209870 692.7
1209880 697.1
1209890 697.1
1209900 700.0
1209910 701.7
1209920 701.7
1209930 701.9
1209940 701.8
1209950 700.9
1209960 700.9
1209970 700.0
1209980 696.5
1209990 696.5
1210000 692.1
1210010 689.4
1210020 689.4
1210030 687.9
1210040 686.4
1210050 686.4
1210060 686.5
1210070 687.7
1210080 687.7
1210090 689.8
1210100 689.1
1210110 689.1
1210120 689.1
1210130 688.4
1210140 688.4
1210150 688.0
1210160 689.6
1210170 689.6
1210180 692.2
1210190 693.6
1210200 693.6
1210210 695.0
1210220 695.1
1210230 695.1
1210240 695.1
1210250 695.3
1210260 694.4
1210270 694.4
1210280 692.5
1210290 690.1
1210300 690.1
1210310 686.8
1210320 683.8
1210330 683.8
1210340 685.9
1210350 685.3
1210360 685.3
1210370 685.0
1210380 684.8
1210390 684.8
1210400 684.1
1210410 685.7
1210420 685.7
1210430 685.5
1210440 687.0
1210450 687.0
1210460 689.0
1210470 690.6
1210480 691.2
1210490 691.2
1210500 691.2
1210510 690.5
1210520 690.5
1210530 687.1
1210540 681.3
1210550 681.3
1210560 679.5
1210570 680.7
1210580 680.7
1210590 680.7
1210600 679.9
1210610 679.9
1210620 681.2
1210630 681.5
1210640 681.5
1210650 679.3
1210660 680.0
1210670 680.0
1210680 682.5
1210690 685.9
1210700 685.9
1210710 687.1
1210720 683.9
1210730 682.7
1210740 682.7
1210750 683.3
1210760 683.9
1210770 683.9
1210780 683.0
1210790 682.7
1210800 682.7
1210810 683.3
1210820 684.8
1210830 684.8
1210840 684.7
1210850 684.2
1210860 684.2
1210870 685.7
1210880 688.5
1210890 688.5
1210900 690.7
1210910 691.8
1210920 691.8
1210930 690.8
1210940 689.3
1210950 689.3
1210960 687.9
1210970 687.7
1210980 687.7
1210990 687.4
1211000 686.9
1211010 686.0
1211020 686.0
1211030 684.5
1211040 684.1
1211050 684.1
1211060 684.5
1211070 684.1
1211080 684.1
1211090 682.8
1211100 681.1
1211110 681.1
1211120 680.1
1211130 679.9
1211140 679.9
1211150 679.8
1211160 679.6
1211170 679.6
1211180 678.7
1211190 678.1
1211200 678.1
1211210 677.0
1211220 676.6
1211230 676.6
1211240 676.8
1211250 676.5
1211260 675.9
1211270 676.0
1211280 675.4
1211290 674.6
1211300 674.6
1211310 674.2
1211320 673.6
1211330 673.6
1211340 672.7
1211350 671.3
1211360 671.3
1211370 670.2
1211380 669.9
1211390 669.9
1211400 669.7
1211410 669.5
1211420 669.5
1211430 669.5
1211440 669.5
1211450 669.5
1211460 669.4
1211470 669.6
1211480 669.6
1211490 670.4
1211500 670.3
1211510 669.9
1211520 669.9
1211530 669.8
1211540 669.8
1211550 669.8
1211560 669.8
1211570 669.7
1211580 669.7
1211590 669.6
1211600 669.6
1211610 669.6
1211620 669.7
1211630 670.0
1211640 670.0
1211650 670.4
1211660 671.2
1211670 671.2
1211680 672.1
1211690 673.0
1211700 673.0
1211710 674.4
1211720 675.2
1211730 675.2
1211740 676.8
1211750 676.7
1211760 676.7
1211770 676.8
1211780 677.0
1211790 677.7
1211800 677.7
1211810 680.1
1211820 690.5
1211830 690.5
1211840 703.9
1211850 710.4
1211860 710.4
1211870 714.5
1211880 718.1
1211890 718.1
1211900 722.5
1211910 728.1
1211920 728.1
1211930 734.8
1211940 742.0
1211950 742.0
1211960 748.7
1211970 753.2
1211980 753.2
1211990 758.0
1212000 763.0
1212010 763.0
1212020 769.2
1212030 775.9
1212040 783.2
1212050 783.2
1212060 790.4
1212070 795.6
1212080 795.6
1212090 799.5
1212100 802.6
1212110 802.6
1212120 808.7
1212130 813.3
1212140 813.3
1212150 816.3
1212160 819.4
1212170 819.4
1212180 825.4
1212190 831.9
1212200 831.2
1212210 836.7
1212220 840.6
1212230 840.6
1212240 844.7
1212250 849.4
1212260 849.4
1212270 853.4
1212280 857.0
1212290 862.0
1212300 862.0
1212310 865.9
1212320 869.1
1212330 869.1
1212340 872.3
1212350 875.2
1212360 875.2
1212370 878.9
1212380 883.7
1212390 883.7
1212400 889.0
1212410 894.8
1212420 894.8
1212430 897.6
1212440 900.6
1212450 900.6
1212460 904.1
1212470 906.1
1212480 906.1
1212490 906.9
1212500 908.1
1212510 908.1
1212520 910.9
1212530 914.1
1212540 914.1
1212550 917.0
1212560 919.6
1212570 923.4
1212580 923.4
1212590 927.9
1212600 930.9
1212610 930.9
1212620 933.7
1212630 936.5
1212640 936.5
1212650 940.1
1212660 944.2
1212670 945.2
1212680 950.7
1212690 957.1
1212700 957.1
1212710 963.2
1212720 967.8
1212730 967.8
1212740 971.6
1212750 972.3
1212760 972.3
1212770 971.9
1212780 971.0
1212790 971.0
1212800 969.3
1212810 967.3
1212820 965.2
1212830 965.2
1212840 964.1
1212850 963.6
1212860 963.6
1212870 963.9
1212880 964.9
1212890 964.9
1212900 967.1
1212910 969.3
1212920 969.3
1212930 971.3
1212940 973.8
1212950 973.8
1212960 977.6
1212970 981.8
1212980 981.8
1212990 984.9
1213000 987.2
1213010 987.2
1213020 989.6
1213030 990.5
1213040 990.5
1213050 990.0
1213060 992.9
1213070 994.0
1213080 994.0
1213090 994.0
1213100 994.1
1213110 994.1
1213120 994.8
1213130 995.9
1213140 996.6
1213150 998.4
1213160 1001.5
1213170 1001.5
1213180 1005.2
1213190 1008.5
1213200 1008.5
1213210 1012.3
1213220 1016.8
1213230 1016.8
1213240 1020.6
1213250 1023.5
1213260 1023.5
1213270 1026.3
1213280 1029.1
1213290 1029.1
1213300 1030.6
1213310 1031.4
1213320 1031.4
1213330 1032.1
1213340 1032.6
1213350 1033.2
1213360 1033.2
1213370 1034.5
1213380 1036.5
1213390 1036.5
1213400 1038.9
1213410 1041.9
1213420 1041.9
1213430 1045.2
1213440 1048.6
1213450 1048.6
1213460 1051.3
1213470 1051.3
1213480 1051.3
1213490 1050.1
1213500 1049.4
1213510 1049.4
1213520 1049.4
1213530 1049.8
1213540 1049.8
1213550 1049.2
1213560 1045.9
1213570 1045.9
1213580 1043.7
1213590 1044.0
1213600 1042.6
1213610 1049.8
1213620 1047.5
1213630 1045.0
1213640 1045.0
1213650 1042.1
1213660 1039.5
1213670 1039.5
1213680 1036.1
1213690 1032.8
1213700 1032.8
1213710 1029.4
1213720 1027.6
1213730 1027.6
1213740 1027.9
1213750 1027.9
1213760 1027.9
1213770 1029.2
1213780 1030.6
1213790 1030.6
1213800 1031.3
1213810 1030.6
1213820 1030.6
1213830 1027.6
1213840 1024.8
1213850 1026.2
1213860 1026.2
1213870 1024.1
1213880 1020.3
1213890 1020.3
1213900 1019.0
1213910 1017.7
1213920 1017.7
1213930 1015.5
1213940 1013.5
1213950 1013.5
1213960 1012.2
1213970 1009.6
1213980 1009.6
1213990 1007.4
1214000 1006.2
1214010 1006.2
1214020 1003.8
1214030 1003.1
1214040 1003.1
1214050 1003.2
1214060 1003.8
1214070 1003.8
1214080 1009.3
1214090 1011.1
1214100 1011.1
1214110 1012.7
1214120 1013.3
1214130 1013.8
1214140 1013.8
1214150 1015.0
1214160 1014.9
1214170 1014.9
1214180 1013.4
1214190 1012.5
1214200 1012.5
1214210 1013.5
1214220 1015.5
1214230 1015.5
1214240 1017.0
1214250 1017.6
1214260 1017.6
1214270 1017.8
1214280 1017.8
1214290 1017.8
1214300 1018.0
1214310 1017.9
1214320 1017.9
1214330 1015.7
1214340 1015.5
1214350 1015.5
1214360 1016.8
1214370 1018.1
1214380 1016.5
1214390 1016.5
1214400 1016.8
1214410 1019.0
1214420 1019.0
1214430 1019.8
1214440 1023.1
1214450 1023.1
1214460 1028.6
1214470 1033.5
1214480 1033.5
1214490 1038.9
1214500 1045.2
1214510 1045.2
1214520 1048.6
1214530 1049.2
1214540 1049.2
1214550 1060.3
1214560 1062.9
1214570 1062.9
1214580 1064.2
1214590 1064.8
1214600 1064.8
1214610 1065.9
1214620 1068.7
1214630 1072.1
1214640 1072.1
1214650 1074.6
1214660 1076.0
1214670 1076.0
1214680 1078.5
1214690 1081.0
1214700 1081.0
1214710 1083.3
1214720 1084.9
1214730 1084.9
1214740 1084.8
1214750 1083.8
1214760 1083.8
1214770 1079.3
1214780 1077.4
1214790 1077.4
1214800 1076.2
1214810 1075.5
1214820 1075.5
1214830 1076.6
1214840 1079.5
1214850 1079.5
1214860 1079.7
1214870 1081.0
1214880 1081.0
1214890 1085.4
1214900 1088.8
1214910 1090.7
1214920 1090.7
1214930 1090.2
1214940 1086.9
1214950 1086.9
1214960 1087.6
1214970 1089.8
1214980 1089.8
1214990 1092.6
1215000 1095.8
1215010 1095.8
1215020 1105.1
1215030 1107.8
1215040 1107.8
1215050 1110.1
1215060 1112.1
1215070 1112.1
1215080 1113.4
1215090 1114.3
1215100 1114.3
1215110 1115.2
1215120 1116.0
1215130 1116.0
1215140 1116.6
1215150 1116.8
1215160 1117.0
1215170 1117.0
1215180 1117.3
1215190 1117.6
1215200 1117.6
1215210 1117.9
1215220 1118.1
1215230 1118.1
1215240 1118.6
1215250 1119.1
1215260 1119.1
1215270 1119.9
1215280 1121.0
1215290 1121.0
1215300 1121.5
1215310 1123.2
1215320 1123.2
1215330 1125.6
1215340 1127.1
1215350 1127.1
1215360 1128.5
1215370 1130.6
1215380 1130.6
1215390 1133.2
1215400 1135.8
1215410 1138.0
1215420 1138.0
1215430 1139.6
1215440 1141.2
1215450 1141.2
1215460 1142.6
1215470 1143.9
1215480 1143.9
1215490 1147.6
1215500 1148.8
1215510 1148.8
1215520 1149.9
1215530 1151.3
1215540 1151.3
1215550 1153.1
1215560 1155.0
1215570 1155.0
1215580 1156.5
1215590 1158.0
1215600 1158.0
1215610 1159.1
1215620 1160.3
1215630 1160.3
1215640 1161.4
1215650 1163.1
1215660 1163.1
1215670 1164.4
1215680 1165.6
1215690 1166.4
1215700 1166.4
1215710 1167.2
1215720 1168.0
1215730 1168.0
1215740 1168.8
1215750 1169.6
1215760 1169.6
1215770 1170.6
1215780 1172.1
1215790 1172.1
1215800 1173.9
1215810 1175.6
1215820 1175.6
1215830 1177.2
1215840 1178.5
1215850 1178.5
1215860 1179.7
1215870 1180.9
1215880 1180.9
1215890 1182.4
1215900 1184.4
1215910 1184.4
1215920 1186.6
1215930 1187.8
1215940 1188.1
1215950 1188.1
1215960 1191.6
1215970 1190.3
1215980 1190.3
1215990 1189.7
1216000 1190.4
1216010 1190.4
1216020 1189.4
1216030 1190.7
1216040 1190.7
1216050 1194.9
1216060 1200.4
1216070 1200.4
1216080 1206.3
1216090 1211.1
1216100 1211.1
1216110 1213.5
1216120 1216.3
1216130 1216.3
1216140 1220.0
1216150 1223.3
1216160 1223.3
1216170 1225.7
1216180 1227.5
1216190 1229.5
1216200 1229.5
1216210 1232.1
1216220 1235.4
1216230 1235.4
1216240 1239.3
1216250 1243.3
1216260 1243.3
1216270 1247.5
1216280 1251.4
1216290 1251.4
1216300 1254.6
1216310 1257.2
1216320 1257.2
1216330 1259.2
1216340 1261.4
1216350 1261.4
1216360 1263.2
1216370 1264.6
1216380 1264.6
1216390 1266.1
1216400 1267.4
1216410 1267.4
1216420 1268.5
1216430 1270.2
1216440 1274.9
1216450 1278.0
1216460 1281.2
1216470 1283.7
1216480 1283.7
1216490 1286.7
1216500 1291.1
1216510 1291.1
1216520 1295.4
1216530 1299.4
1216540 1299.4
1216550 1303.2
1216560 1307.1
1216570 1307.1
1216580 1311.2
1216590 1315.0
1216600 1315.0
1216610 1318.8
1216620 1322.3
1216630 1322.3
1216640 1324.8
1216650 1326.7
1216660 1326.7
1216670 1328.2
1216680 1329.7
1216690 1329.7
1216700 1331.5
1216710 1333.7
1216720 1336.7
1216730 1336.7
1216740 1340.2
1216750 1343.9
1216760 1343.9
1216770 1347.5
1216780 1350.4
1216790 1350.4
1216800 1353.2
1216810 1356.1
1216820 1356.1
1216830 1359.0
1216840 1361.3
1216850 1361.3
1216860 1363.0
1216870 1365.3
1216880 1365.3
1216890 1367.7
1216900 1369.6
1216910 1370.2
1216920 1373.6
1216930 1376.6
1216940 1376.6
1216950 1379.5
1216960 1382.6
1216970 1384.5
1216980 1384.5
1216990 1387.9
1217000 1391.1
1217010 1391.1
1217020 1394.4
1217030 1397.5
1217040 1397.5
1217050 1400.2
1217060 1402.1
1217070 1402.1
1217080 1403.6
1217090 1405.3
1217100 1405.3
1217110 1407.4
1217120 1409.8
1217130 1409.8
1217140 1411.7
1217150 1415.0
1217160 1415.0
1217170 1418.9
1217180 1422.2
1217190 1422.2
1217200 1425.3
1217210 1428.4
1217220 1428.4
1217230 1432.1
1217240 1435.7
1217250 1439.2
1217260 1439.2
1217270 1443.4
1217280 1447.3
1217290 1447.3
1217300 1450.4
1217310 1453.4
1217320 1453.4
1217330 1454.5
1217340 1454.4
1217350 1454.4
1217360 1454.5
1217370 1455.1
1217380 1455.1
1217390 1459.7
1217400 1462.5
1217410 1462.5
1217420 1464.9
1217430 1466.6
1217440 1466.6
1217450 1469.2
1217460 1473.2
1217470 1473.2
1217480 1474.6
1217490 1475.5
1217500 1477.9
1217510 1477.9
1217520 1480.8
1217530 1484.1
1217540 1484.1
1217550 1486.7
1217560 1489.1
1217570 1489.1
1217580 1491.6
1217590 1493.4
1217600 1493.4
1217610 1495.4
1217620 1497.5
1217630 1497.5
1217640 1499.6
1217650 1502.4
1217660 1502.4
1217670 1506.8
1217680 1512.8
1217690 1512.8
1217700 1519.2
1217710 1524.6
1217720 1524.6
1217730 1530.1
1217740 1535.1
1217750 1539.0
1217760 1539.0
1217770 1542.2
1217780 1545.0
1217790 1545.0
1217800 1548.1
1217810 1553.0
1217820 1553.0
1217830 1557.6
1217840 1561.5
1217850 1561.5
1217860 1566.9
1217870 1568.9
1217880 1568.9
1217890 1570.9
1217900 1573.6
1217910 1573.6
1217920 1576.6
1217930 1579.6
1217940 1579.6
1217950 1582.3
1217960 1584.2
1217970 1584.2
1217980 1586.4
1217990 1589.1
1218000 1591.5
1218010 1591.5
1218020 1595.0
1218030 1600.2
1218040 1600.2
1218050 1604.3
1218060 1607.4
1218070 1607.4
1218080 1611.5
1218090 1616.1
1218100 1616.1
1218110 1619.9
1218120 1623.7
1218130 1623.7
1218140 1626.6
1218150 1629.3
1218160 1629.3
1218170 1633.7
1218180 1637.4
1218190 1637.4
1218200 1639.7
1218210 1642.4
1218220 1642.4
1218230 1646.3
1218240 1651.2
1218250 1651.2
1218260 1656.8
1218270 1662.2
1218280 1666.7
1218290 1666.7
1218300 1669.9
1218310 1671.9
1218320 1671.9
1218330 1673.4
1218340 1678.6
1218350 1678.6
1218360 1679.2
1218370 1680.2
1218380 1680.2
1218390 1681.9
1218400 1683.2
1218410 1683.2
1218420 1683.9
1218430 1684.4
1218440 1684.4
1218450 1684.7
1218460 1685.5
1218470 1685.5
1218480 1686.4
1218490 1689.0
1218500 1689.0
1218510 1692.6
1218520 1695.7
1218530 1698.8
1218540 1698.8
1218550 1702.0
1218560 1704.6
1218570 1704.6
1218580 1707.2
1218590 1709.4
1218600 1709.4
1218610 1712.5
1218620 1715.9
1218630 1715.9
1218640 1718.9
1218650 1721.5
1218660 1721.5
1218670 1724.8
1218680 1728.8
1218690 1728.8
1218700 1731.4
1218710 1733.4
1218720 1733.4
1218730 1735.6
1218740 1738.5
1218750 1738.5
1218760 1740.9
1218770 1743.0
1218780 1745.9
1218790 1745.9
1218800 1749.2
1218810 1752.5
1218820 1757.7
1218830 1761.7
1218840 1765.9
1218850 1765.9
1218860 1770.5
1218870 1775.3
1218880 1775.3
1218890 1779.8
1218900 1783.2
1218910 1783.2
1218920 1787.2
1218930 1793.5
1218940 1793.5
1218950 1798.6
1218960 1801.2
1218970 1801.2
1218980 1802.5
1218990 1803.0
1219000 1803.0
1219010 1803.4
1219020 1803.7
1219030 1803.7
1219040 1803.8
1219050 1803.4
1219060 1802.7
1219070 1802.7
1219080 1801.5
1219090 1800.1
1219100 1800.1
1219110 1799.8
1219120 1800.5
1219130 1800.5
1219140 1800.9
1219150 1800.2
1219160 1800.2
1219170 1800.5
1219180 1801.1
1219190 1801.1
1219200 1800.7
1219210 1800.8
1219220 1800.8
1219230 1802.6
1219240 1805.3
1219250 1805.3
1219260 1808.8
1219270 1812.0
1219280 1812.0
1219290 1814.4
1219300 1821.0
1219310 1822.1
1219320 1822.1
1219330 1823.7
1219340 1825.2
1219350 1825.2
1219360 1826.4
1219370 1828.1
1219380 1828.1
1219390 1829.6
1219400 1830.9
1219410 1830.9
1219420 1832.2
1219430 1833.3
1219440 1833.3
1219450 1836.3
1219460 1840.8
1219470 1840.8
1219480 1844.9
1219490 1848.6
1219500 1848.6
1219510 1852.2
1219520 1855.3
1219530 1855.3
1219540 1858.1
1219550 1861.0
1219560 1863.5
1219570 1863.5
1219580 1865.4
1219590 1868.5
1219600 1868.5
1219610 1872.9
1219620 1877.5
1219630 1877.5
1219640 1881.5
1219650 1885.7
1219660 1885.7
1219670 1889.1
1219680 1892.0
1219690 1892.0
1219700 1894.7
1219710 1897.7
1219720 1897.7
1219730 1901.0
1219740 1903.6
1219750 1903.6
1219760 1906.3
1219770 1907.7
1219780 1910.3
1219790 1909.3
1219800 1909.6
1219810 1909.6
1219820 1911.3
1219830 1913.1
1219840 1914.0
1219850 1914.0
1219860 1915.2
1219870 1916.2
1219880 1916.2
1219890 1917.6
1219900 1919.3
1219910 1919.3
1219920 1920.6
1219930 1921.9
1219940 1921.9
1219950 1923.2
1219960 1923.5
1219970 1923.5
1219980 1923.6
1219990 1923.6
1200000 1495.3
1200010 1498.7
1200020 1501.8
1200030 1501.8
1200040 1504.7
1200050 1508.2
1200060 1511.1
1200070 1511.1
1200080 1514.0
1200090 1516.9
1200100 1516.9
1200110 1519.2
1200120 1521.4
1200130 1521.4
1200140 1523.7
1200150 1526.7
1200160 1526.7
1200170 1530.0
1200180 1533.8
1200190 1533.8
1200200 1538.4
1200210 1543.4
1200220 1543.4
1200230 1548.2
1200240 1552.4
1200250 1552.4
1200260 1555.5
1200270 1558.3
1200280 1558.3
1200290 1560.9
1200300 1563.4
1200310 1569.0
1200320 1569.0
1200330 1571.7
1200340 1574.4
1200350 1574.4
1200360 1577.1
1200370 1580.6
1200380 1580.6
1200390 1584.2
1200400 1586.7
1200410 1586.7
1200420 1589.1
1200430 1591.9
1200440 1591.9
1200450 1594.9
1200460 1597.8
1200470 1597.8
1200480 1601.0
1200490 1604.3
1200500 1604.3
1200510 1607.6
1200520 1611.3
1200530 1611.3
1200540 1614.2
1200550 1617.1
1200560 1617.1
1200570 1619.7
1200580 1622.8
1200590 1625.8
1200600 1625.8
1200610 1628.9
1200620 1631.1
1200630 1631.1
1200640 1633.6
1200650 1637.8
1200660 1637.8
1200670 1642.0
1200680 1646.3
1200690 1646.3
1200700 1651.1
1200710 1655.6
1200720 1655.6
1200730 1659.9
1200740 1663.3
1200750 1663.3
1200760 1672.7
1200770 1676.9
1200780 1676.9
1200790 1682.0
1200800 1687.7
1200810 1687.7
1200820 1693.4
1200830 1699.7
1200840 1704.9
1200850 1704.9
1200860 1709.8
1200870 1714.2
1200880 1714.2
1200890 1719.1
1200900 1724.7
1200910 1724.7
1200920 1726.4
1200930 1726.7
1200940 1726.7
1200950 1726.4
1200960 1726.8
1200970 1726.8
1200980 1728.1
1200990 1730.9
1201000 1730.9
1201010 1733.7
1201020 1736.3
1201030 1736.3
1201040 1740.1
1201050 1745.2
1201060 1745.2
1201070 1749.9
1201080 1755.1
1201090 1758.7
1201100 1758.7
1201110 1763.6
1201120 1766.9
1201130 1766.9
1201140 1770.3
1201150 1776.3
1201160 1776.3
1201170 1782.7
1201180 1787.2
1201190 1787.2
1201200 1790.8
1201210 1801.7
1201220 1801.7
1201230 1805.1
1201240 1807.9
1201250 1807.9
1201260 1812.1
1201270 1815.5
1201280 1815.5
1201290 1819.0
1201300 1821.8
1201310 1821.8
1201320 1821.9
1201330 1820.9
1201340 1820.9
1201350 1821.1
1201360 1820.9
1201370 1820.4
1201380 1820.4
1201390 1822.0
1201400 1822.1
1201410 1822.1
1201420 1824.3
1201430 1826.9
1201440 1826.9
1201450 1827.7
1201460 1833.9
1201470 1833.9
1201480 1839.8
1201490 1847.4
1201500 1847.4
1201510 1852.6
1201520 1857.6
1201530 1857.6
1201540 1865.0
1201550 1873.1
1201560 1873.1
1201570 1876.9
1201580 1879.3
1201590 1879.3
1201600 1880.5
1201610 1882.2
1201620 1885.2
1201630 1885.2
1201640 1889.9
1201650 1907.0
1201660 1907.0
1201670 1908.7
1201680 1911.2
1201690 1911.2
1201700 1911.7
1201710 1913.5
1201720 1913.5
1201730 1918.5
1201740 1925.7
1201750 1925.7
1201760 1929.9
1201770 1930.9
1201780 1930.9
1201790 1932.0
1201800 1933.4
1201810 1933.4
1201820 1935.6
1201830 1938.4
1201840 1938.4
1201850 1939.3
1201860 1939.1
1201870 1939.1
1201880 1939.9
1201890 1940.9
1201900 1940.2
1201910 1940.2
1201920 1939.0
1201930 1938.6
1201940 1938.6
1201950 1937.5
1201960 1937.2
1201970 1937.2
1201980 1939.2
1201990 1941.2
1202000 1941.2
1202010 1944.1
1202020 1947.1
1202030 1947.1
1202040 1950.9
1202050 1956.4
1202060 1956.4
1202070 1962.5
1202080 1965.6
1202090 1965.6
1202100 1967.5
1202110 1969.0
1202120 1969.0
1202130 1967.5
1202140 1966.7
1202150 1967.3
1202160 1967.3
1202170 1968.6
1202180 1969.6
1202190 1969.6
1202200 1970.8
1202210 1972.1
1202220 1972.1
1202230 1972.8
1202240 1971.7
1202250 1971.7
1202260 1969.7
1202270 1966.8
1202280 1966.8
1202290 1964.2
1202300 1964.0
1202310 1964.0
1202320 1962.6
1202330 1964.4
1202340 1964.4
1202350 1964.8
1202360 1966.0
1202370 1966.0
1202380 1968.4
1202390 1970.5
1202400 1968.8
1202410 1968.8
1202420 1964.6
1202430 1960.4
1202440 1960.4
1202450 1959.2
1202460 1958.9
1202470 1958.9
1202480 1959.3
1202490 1958.9
1202500 1958.9
1202510 1956.9
1202520 1952.0
1202530 1952.0
1202540 1953.7
1202550 1959.0
1202560 1967.9
1202570 1968.6
1202580 1968.9
1202590 1968.9
1202600 1970.2
1202610 1969.5
1202620 1969.5
1202630 1970.1
1202640 1971.0
1202650 1971.0
1202660 1970.5
1202670 1969.5
1202680 1969.5
1202690 1969.5
1202700 1967.8
1202710 1965.5
1202720 1965.5
1202730 1968.3
1202740 1973.5
1202750 1973.5
1202760 1980.2
1202770 1988.4
1202780 1988.4
1202790 1996.2
1202800 2003.9
1202810 2003.9
1202820 2011.2
1202830 2018.9
1202840 2018.9
1202850 2026.3
1202860 2033.4
1202870 2033.4
1202880 2041.0
1202890 2048.6
1202900 2048.6
1202910 2055.7
1202920 2061.8
1202930 2066.5
1202940 2066.5
1202950 2068.7
1202960 2071.1
1202970 2071.1
1202980 2073.5
1202990 2075.7
1203000 2075.7
1203010 2084.8
1203020 2086.7
1203030 2086.7
1203040 2089.6
1203050 2091.9
1203060 2091.9
1203070 2095.5
1203080 2101.1
1203090 2101.1
1203100 2108.1
1203110 2115.1
1203120 2115.1
1203130 2121.0
1203140 2124.8
1203150 2124.8
1203160 2123.7
1203170 2119.0
1203180 2114.0
1203190 2114.0
1203200 2109.8
1203210 2108.1
1203220 2108.1
1203230 2107.7
1203240 2103.6
1203250 2103.6
1203260 2101.7
1203270 2102.3
1203280 2102.3
1203290 2102.2
1203300 2100.2
1203310 2100.2
1203320 2099.2
1203330 2098.3
1203340 2098.3
1203350 2098.4
1203360 2098.2
1203370 2098.2
1203380 2099.7
1203390 2103.4
1203400 2103.4
1203410 2107.9
1203420 2112.7
1203430 2112.7
1203440 2117.1
1203450 2121.6
1203460 2132.1
1203470 2132.1
1203480 2138.5
1203490 2145.0
1203500 2145.0
1203510 2150.3
1203520 2155.9
1203530 2155.9
1203540 2161.7
1203550 2167.6
1203560 2167.6
1203570 2173.1
1203580 2171.6
1203590 2171.6
1203600 2164.1
1203610 2155.7
1203620 2155.7
1203630 2147.3
1203640 2139.4
1203650 2139.4
1203660 2131.8
1203670 2124.2
1203680 2124.2
1203690 2116.9
1203700 2108.2
1203710 2099.2
1203720 2099.2
1203730 2091.1
1203740 2081.9
1203750 2081.9
1203760 2064.9
1203770 2054.8
1203780 2054.8
1203790 2045.7
1203800 2032.9
1203810 2032.9
1203820 2022.3
1203830 2012.2
1203840 2012.2
1203850 1998.6
1203860 1987.7
1203870 1987.7
1203880 1978.0
1203890 1969.1
1203900 1969.1
1203910 1962.6
1203920 1957.1
1203930 1957.1
1203940 1952.0
1203950 1943.0
1203960 1932.8
1203970 1932.8
1203980 1923.7
1203990 1914.7
1204000 1914.7
1204010 1904.6
1204020 1896.3
1204030 1896.3
1204040 1890.3
1204050 1886.5
1204060 1886.5
1204070 1876.2
1204080 1865.1
1204090 1865.1
1204100 1855.7
1204110 1844.0
1204120 1844.0
1204130 1830.6
1204140 1821.0
1204150 1821.0
1204160 1813.6
1204170 1809.4
1204180 1809.4
1204190 1811.2
1204200 1811.3
1204210 1811.3
1204220 1806.6
1204230 1800.8
1204240 1803.0
1204250 1803.0
1204260 1807.3
1204270 1810.5
1204280 1810.5
1204290 1811.2
1204300 1811.7
1204310 1811.7
1204320 1810.0
1204330 1803.7
1204340 1803.7
1204350 1794.0
1204360 1785.2
1204370 1780.1
1204380 1771.6
1204390 1763.6
1204400 1763.6
1204410 1757.1
1204420 1752.9
1204430 1752.9
1204440 1749.4
1204450 1746.3
1204460 1746.3
1204470 1740.5
1204480 1730.9
1204490 1722.4
1204500 1722.4
1204510 1711.3
1204520 1702.0
1204530 1702.0
1204540 1694.7
1204550 1683.7
1204560 1683.7
1204570 1669.9
1204580 1656.2
1204590 1656.2
1204600 1650.6
1204610 1643.8
1204620 1643.8
1204630 1634.8
1204640 1637.3
1204650 1637.3
1204660 1642.8
1204670 1647.1
1204680 1647.1
1204690 1649.3
1204700 1644.1
1204710 1644.1
1204720 1644.5
1204730 1648.6
1204740 1642.8
1204750 1642.8
1204760 1634.8
1204770 1631.9
1204780 1631.9
1204790 1632.1
1204800 1629.7
1204810 1629.7
1204820 1617.3
1204830 1611.9
1204840 1611.9
1204850 1610.4
1204860 1619.1
1204870 1619.1
1204880 1617.2
1204890 1599.2
1204900 1599.2
1204910 1579.1
1204920 1568.9
1204930 1568.9
1204940 1558.9
1204950 1551.4
1204960 1551.4
1204970 1542.9
1204980 1526.4
1204990 1526.4
1205000 1519.5
1205010 1515.6
1205020 1500.3
1205030 1500.3
1205040 1485.9
1205050 1472.9
1205060 1472.9
1205070 1460.6
1205080 1448.4
1205090 1448.4
1205100 1443.8
1205110 1455.9
1205120 1455.9
1205130 1450.5
1205140 1435.9
1205150 1435.9
1205160 1423.5
1205170 1414.4
1205180 1414.4
1205190 1404.1
1205200 1391.4
1205210 1391.4
1205220 1390.0
1205230 1396.3
1205240 1396.3
1205250 1401.2
1205260 1404.5
1205270 1404.4
1205280 1393.2
1205290 1384.2
1205300 1382.8
1205310 1382.8
1205320 1376.5
1205330 1375.9
1205340 1375.9
1205350 1382.2
1205360 1387.5
1205370 1387.5
1205380 1387.2
1205390 1399.6
1205400 1399.6
1205410 1398.8
1205420 1403.1
1205430 1403.1
1205440 1406.0
1205450 1400.9
1205460 1400.9
1205470 1396.8
1205480 1408.5
1205490 1408.5
1205500 1427.4
1205510 1453.9
1205520 1455.8
1205530 1455.8
1205540 1439.5
1205550 1420.8
1205560 1420.8
1205570 1413.0
1205580 1401.3
1205590 1401.3
1205600 1389.0
1205610 1384.6
1205620 1384.6
1205630 1388.4
1205640 1398.0
1205650 1398.0
1205660 1409.9
1205670 1422.9
1205680 1422.9
1205690 1422.1
1205700 1415.7
1205710 1415.7
1205720 1412.3
1205730 1407.0
1205740 1402.0
1205750 1389.3
1205760 1372.2
1205770 1372.2
1205780 1374.4
1205790 1371.6
1205800 1358.4
1205810 1358.4
1205820 1338.2
1205830 1304.5
1205840 1304.5
1205850 1270.7
1205860 1261.3
1205870 1261.3
1205880 1251.0
1205890 1240.1
1205900 1240.1
1205910 1231.5
1205920 1223.2
1205930 1223.2
1205940 1215.6
1205950 1210.7
1205960 1210.7
1205970 1210.0
1205980 1212.0
1205990 1212.0
1206000 1212.3
1206010 1208.0
1206020 1208.0
1206030 1201.8
1206040 1199.5
1206050 1199.6
1206060 1199.6
1206070 1198.6
1206080 1199.1
1206090 1199.1
1206100 1208.5
1206110 1228.8
1206120 1228.8
1206130 1237.4
1206140 1245.4
1206150 1245.4
1206160 1234.9
1206170 1230.7
1206180 1230.7
1206190 1211.9
1206200 1213.8
1206210 1213.8
1206220 1207.6
1206230 1201.7
1206240 1201.7
1206250 1193.6
1206260 1184.8
1206270 1184.8
1206280 1165.2
1206290 1149.3
1206300 1149.3
1206310 1158.9
1206320 1160.2
1206330 1158.9
1206340 1158.9
1206350 1163.5
1206360 1150.9
1206370 1150.9
1206380 1141.8
1206390 1134.1
1206400 1134.1
1206410 1125.8
1206420 1115.6
1206430 1115.6
1206440 1110.1
1206450 1104.9
1206460 1104.9
1206470 1097.8
1206480 1088.6
1206490 1088.6
1206500 1078.1
1206510 1055.5
1206520 1055.5
1206530 1029.0
1206540 1022.8
1206550 1022.8
1206560 1022.4
1206570 1023.6
1206580 1024.2
1206590 1024.2
1206600 1024.2
1206610 1022.8
1206620 1022.8
1206630 1020.7
1206640 1018.5
1206650 1013.2
1206660 1010.9
1206670 1007.3
1206680 1007.3
1206690 1003.7
1206700 999.9
1206710 999.9
1206720 995.5
1206730 991.6
1206740 991.6
1206750 987.7
1206760 984.7
1206770 984.7
1206780 980.6
1206790 976.5
1206800 976.5
1206810 972.0
1206820 967.4
1206830 963.1
1206840 963.1
1206850 958.7
1206860 954.1
1206870 954.1
1206880 949.1
1206890 944.5
1206900 944.5
1206910 940.1
1206920 935.4
1206930 935.4
1206940 930.3
1206950 925.0
1206960 925.0
1206970 920.4
1206980 915.7
1206990 915.7
1207000 911.4
1207010 907.7
1207020 907.7
1207030 904.0
1207040 900.1
1207050 900.1
1207060 896.3
1207070 892.8
1207080 892.8
1207090 889.6
1207100 886.6
1207110 882.6
1207120 882.6
1207130 880.0
1207140 877.9
1207150 877.9
1207160 875.6
1207170 873.0
1207180 873.0
1207190 870.6
1207200 868.3
1207210 868.3
1207220 866.5
1207230 864.9
1207240 864.9
1207250 862.9
1207260 861.0
1207270 861.0
1207280 859.1
1207290 856.9
1207300 856.9
1207310 855.1
1207320 853.3
1207330 853.3
1207340 851.5
1207350 849.8
1207360 847.9
1207370 847.9
1207380 846.9
1207390 847.4
1207400 847.4
1207410 852.2
1207420 858.6
1207430 858.6
1207440 864.8
1207450 865.5
1207460 865.5
1207470 862.9
1207480 859.5
1207490 859.5
1207500 854.7
1207510 848.6
1207520 848.6
1207530 841.9
1207540 834.9
1207550 834.9
1207560 827.3
1207570 821.9
1207580 821.9
1207590 815.4
1207600 809.4
1207610 804.2
1207620 804.2
1207630 800.7
1207640 798.4
1207650 798.4
1207660 796.5
1207670 795.1
1207680 795.1
1207690 793.5
1207700 793.8
1207710 793.8
1207720 796.7
1207730 796.4
1207740 796.4
1207750 794.0
1207760 792.3
1207770 792.3
1207780 790.2
1207790 785.7
1207800 785.7
1207810 780.8
1207820 778.8
1207830 778.8
1207840 778.8
1207850 778.9
1207860 778.9
1207870 779.4
1207880 780.5
1207890 781.1
1207900 781.1
1207910 781.6
1207920 782.8
1207930 782.8
1207940 783.3
1207950 783.1
1207960 783.1
1207970 783.0
1207980 782.3
1207990 782.3
1208000 782.1
1208010 781.0
1208020 781.0
1208030 778.2
1208040 777.6
1208050 777.6
1208060 776.4
1208070 775.6
1208080 775.6
1208090 774.9
1208100 774.4
1208110 774.4
1208120 774.4
1208130 773.9
1208140 773.0
1208150 773.0
1208160 772.7
1208170 771.7
1208180 771.7
1208190 770.5
1208200 769.2
1208210 769.2
1208220 767.9
1208230 766.2
1208240 766.2
1208250 764.8
1208260 763.4
1208270 763.4
1208280 761.6
1208290 759.8
1208300 759.8
1208310 757.9
1208320 756.1
1208330 756.1
1208340 753.5
1208350 749.9
1208360 749.9
1208370 747.5
1208380 745.1
1208390 743.9
1208400 743.9
1208410 743.7
1208420 742.4
1208430 742.4
1208440 737.2
1208450 730.9
1208460 730.9
1208470 726.6
1208480 726.1
1208490 726.4
1208500 726.6
1208510 726.3
1208520 726.3
1208530 723.3
1208540 718.0
1208550 718.0
1208560 714.2
1208570 708.7
1208580 708.7
1208590 704.7
1208600 701.5
1208610 701.5
1208620 698.4
1208630 695.1
1208640 695.1
1208650 692.6
1208660 687.6
1208670 683.2
1208680 683.2
1208690 681.5
1208700 677.1
1208710 677.1
1208720 672.2
1208730 671.8
1208740 671.8
1208750 671.8
1208760 672.0
1208770 672.0
1208780 671.8
1208790 670.1
1208800 670.1
1208810 668.2
1208820 667.4
1208830 667.4
1208840 666.2
1208850 665.9
1208860 665.9
1208870 665.8
1208880 665.6
1208890 665.6
1208900 665.2
1208910 664.8
1208920 664.3
1208930 664.3
1208940 663.2
1208950 661.4
1208960 661.4
1208970 661.4
1208980 661.5
1208990 661.5
1209000 661.4
1209010 661.5
1209020 661.5
1209030 661.5
1209040 661.6
1209050 661.6
1209060 661.6
1209070 661.7
1209080 661.7
1209090 661.8
1209100 662.6
1209110 662.6
1209120 666.0
1209130 668.4
1209140 668.4
1209150 671.2
1209160 676.1
1209170 680.8
1209180 680.8
1209190 680.1
1209200 680.2
1209210 680.2
1209220 680.0
1209230 679.1
1209240 679.1
1209250 676.9
1209260 676.9
1209270 676.9
1209280 679.3
1209290 681.1
1209300 681.1
1209310 682.4
1209320 683.2
1209330 683.2
1209340 684.1
1209350 685.0
1209360 685.0
1209370 684.9
1209380 684.1
1209390 684.1
1209400 682.3
1209410 681.7
1209420 681.7
1209430 683.7
1209440 685.1
1209450 685.7
1209460 685.7
1209470 686.9
1209480 689.2
1209490 689.2
1209500 691.6
1209510 692.4
1209520 692.4
1209530 691.7
1209540 691.7
1209550 691.7
1209560 689.6
1209570 686.7
1209580 686.7
1209590 685.9
1209600 685.8
1209610 685.8
1209620 685.9
1209630 685.8
1209640 685.8
1209650 685.7
1209660 686.1
1209670 686.1
1209680 686.1
1209690 686.0
1209700 685.9
1209710 685.9
1209720 686.1
1209730 688.0
1209740 688.0
1209750 690.4
1209760 692.3
1209770 692.3
1209780 693.8
1209790 691.3
1209800 691.3
1209810 688.8
1209820 690.1
1209830 690.1
1209840 690.7
1209850 691.2
1209860 691.2
1209870 692.7
1209880 697.1
1209890 697.1
1209900 700.0
1209910 701.7
1209920 701.7
1209930 701.9
1209940 701.8
1209950 700.9
1209960 700.9
1209970 700.0
1209980 696.5
1209990 696.5
1210000 692.1
1210010 689.4
1210020 689.4
1210030 687.9
1210040 686.4
1210050 686.4
1210060 686.5
1210070 687.7
1210080 687.7
1210090 689.8
1210100 689.1
1210110 689.1
1210120 689.1
1210130 688.4
1210140 688.4
1210150 688.0
1210160 689.6
1210170 689.6
1210180 692.2
1210190 693.6
1210200 693.6
1210210 695.0
1210220 695.1
1210230 695.1
1210240 695.1
1210250 695.3
1210260 694.4
1210270 694.4
1210280 692.5
1210290 690.1
1210300 690.1
1210310 686.8
1210320 683.8
1210330 683.8
1210340 685.9
1210350 685.3
1210360 685.3
1210370 685.0
1210380 684.8
1210390 684.8
1210400 684.1
1210410 685.7
1210420 685.7
1210430 685.5
1210440 687.0
1210450 687.0
1210460 689.0
1210470 690.6
1210480 691.2
1210490 691.2
1210500 691.2
1210510 690.5
1210520 690.5
1210530 687.1
1210540 681.3
1210550 681.3
1210560 679.5
1210570 680.7
1210580 680.7
1210590 680.7
1210600 679.9
1210610 679.9
1210620 681.2
1210630 681.5
1210640 681.5
1210650 679.3
1210660 680.0
1210670 680.0
1210680 682.5
1210690 685.9
1210700 685.9
1210710 687.1
1210720 683.9
1210730 682.7
1210740 682.7
1210750 683.3
1210760 683.9
1210770 683.9
1210780 683.0
1210790 682.7
1210800 682.7
1210810 683.3
1210820 684.8
1210830 684.8
1210840 684.7
1210850 684.2
1210860 684.2
1210870 685.7
1210880 688.5
1210890 688.5
1210900 690.7
1210910 691.8
1210920 691.8
1210930 690.8
1210940 689.3
1210950 689.3
1210960 687.9
1210970 687.7
1210980 687.7
1210990 687.4
1211000 686.9
1211010 686.0
1211020 686.0
1211030 684.5
1211040 684.1
1211050 684.1
1211060 684.5
1211070 684.1
1211080 684.1
1211090 682.8
1211100 681.1
1211110 681.1
1211120 680.1
1211130 679.9
1211140 679.9
1211150 679.8
1211160 679.6
1211170 679.6
1211180 678.7
1211190 678.1
1211200 678.1
1211210 677.0
1211220 676.6
1211230 676.6
1211240 676.8
1211250 676.5
1211260 675.9
1211270 676.0
1211280 675.4
1211290 674.6
1211300 674.6
1211310 674.2
1211320 673.6
1211330 673.6
1211340 672.7
1211350 671.3
1211360 671.3
1211370 670.2
1211380 669.9
1211390 669.9
1211400 669.7
1211410 669.5
1211420 669.5
1211430 669.5
1211440 669.5
1211450 669.5
1211460 669.4
1211470 669.6
1211480 669.6
1211490 670.4
1211500 670.3
1211510 669.9
1211520 669.9
1211530 669.8
1211540 669.8
1211550 669.8
1211560 669.8
1211570 669.7
1211580 669.7
1211590 669.6
1211600 669.6
1211610 669.6
1211620 669.7
1211630 670.0
1211640 670.0
1211650 670.4
1211660 671.2
1211670 671.2
1211680 672.1
1211690 673.0
1211700 673.0
1211710 674.4
1211720 675.2
1211730 675.2
1211740 676.8
1211750 676.7
1211760 676.7
1211770 676.8
1211780 677.0
1211790 677.7
1211800 677.7
1211810 680.1
1211820 690.5
1211830 690.5
1211840 703.9
1211850 710.4
1211860 710.4
1211870 714.5
1211880 718.1
1211890 718.1
1211900 722.5
1211910 728.1
1211920 728.1
1211930 734.8
1211940 742.0
1211950 742.0
1211960 748.7
1211970 753.2
1211980 753.2
1211990 758.0
1212000 763.0
1212010 763.0
1212020 769.2
1212030 775.9
1212040 783.2
1212050 783.2
1212060 790.4
1212070 795.6
1212080 795.6
1212090 799.5
1212100 802.6
1212110 802.6
1212120 808.7
1212130 813.3
1212140 813.3
1212150 816.3
1212160 819.4
1212170 819.4
1212180 825.4
1212190 831.9
1212200 831.2
1212210 836.7
1212220 840.6
1212230 840.6
1212240 844.7
1212250 849.4
1212260 849.4
1212270 853.4
1212280 857.0
1212290 862.0
1212300 862.0
1212310 865.9
1212320 869.1
1212330 869.1
1212340 872.3
1212350 875.2
1212360 875.2
1212370 878.9
1212380 883.7
1212390 883.7
1212400 889.0
1212410 894.8
1212420 894.8
1212430 897.6
1212440 900.6
1212450 900.6
1212460 904.1
1212470 906.1
1212480 906.1
1212490 906.9
1212500 908.1
1212510 908.1
1212520 910.9
1212530 914.1
1212540 914.1
1212550 917.0
1212560 919.6
1212570 923.4
1212580 923.4
1212590 927.9
1212600 930.9
1212610 930.9
1212620 933.7
1212630 936.5
1212640 936.5
1212650 940.1
1212660 944.2
1212670 945.2
1212680 950.7
1212690 957.1
1212700 957.1
1212710 963.2
1212720 967.8
1212730 967.8
1212740 971.6
1212750 972.3
1212760 972.3
1212770 971.9
1212780 971.0
1212790 971.0
1212800 969.3
1212810 967.3
1212820 965.2
1212830 965.2
1212840 964.1
1212850 963.6
1212860 963.6
1212870 963.9
1212880 964.9
1212890 964.9
1212900 967.1
1212910 969.3
1212920 969.3
1212930 971.3
1212940 973.8
1212950 973.8
1212960 977.6
1212970 981.8
1212980 981.8
1212990 984.9
1213000 987.2
1213010 987.2
1213020 989.6
1213030 990.5
1213040 990.5
1213050 990.0
1213060 992.9
1213070 994.0
1213080 994.0
1213090 994.0
1213100 994.1
1213110 994.1
1213120 994.8
1213130 995.9
1213140 996.6
1213150 998.4
1213160 1001.5
1213170 1001.5
1213180 1005.2
1213190 1008.5
1213200 1008.5
1213210 1012.3
1213220 1016.8
1213230 1016.8
1213240 1020.6
1213250 1023.5
1213260 1023.5
1213270 1026.3
1213280 1029.1
1213290 1029.1
1213300 1030.6
1213310 1031.4
1213320 1031.4
1213330 1032.1
1213340 1032.6
1213350 1033.2
1213360 1033.2
1213370 1034.5
1213380 1036.5
1213390 1036.5
1213400 1038.9
1213410 1041.9
1213420 1041.9
1213430 1045.2
1213440 1048.6
1213450 1048.6
1213460 1051.3
1213470 1051.3
1213480 1051.3
1213490 1050.1
1213500 1049.4
1213510 1049.4
1213520 1049.4
1213530 1049.8
1213540 1049.8
1213550 1049.2
1213560 1045.9
1213570 1045.9
1213580 1043.7
1213590 1044.0
1213600 1042.6
1213610 1049.8
1213620 1047.5
1213630 1045.0
1213640 1045.0
1213650 1042.1
1213660 1039.5
1213670 1039.5
1213680 1036.1
1213690 1032.8
1213700 1032.8
1213710 1029.4
1213720 1027.6
1213730 1027.6
1213740 1027.9
1213750 1027.9
1213760 1027.9
1213770 1029.2
1213780 1030.6
1213790 1030.6
1213800 1031.3
1213810 1030.6
1213820 1030.6
1213830 1027.6
1213840 1024.8
1213850 1026.2
1213860 1026.2
1213870 1024.1
1213880 1020.3
1213890 1020.3
1213900 1019.0
1213910 1017.7
1213920 1017.7
1213930 1015.5
1213940 1013.5
1213950 1013.5
1213960 1012.2
1213970 1009.6
1213980 1009.6
1213990 1007.4
1214000 1006.2
1214010 1006.2
1214020 1003.8
1214030 1003.1
1214040 1003.1
1214050 1003.2
1214060 1003.8
1214070 1003.8
1214080 1009.3
1214090 1011.1
1214100 1011.1
1214110 1012.7
1214120 1013.3
1214130 1013.8
1214140 1013.8
1214150 1015.0
1214160 1014.9
1214170 1014.9
1214180 1013.4
1214190 1012.5
1214200 1012.5
1214210 1013.5
1214220 1015.5
1214230 1015.5
1214240 1017.0
1214250 1017.6
1214260 1017.6
1214270 1017.8
1214280 1017.8
1214290 1017.8
1214300 1018.0
1214310 1017.9
1214320 1017.9
1214330 1015.7
1214340 1015.5
1214350 1015.5
1214360 1016.8
1214370 1018.1
1214380 1016.5
1214390 1016.5
1214400 1016.8
1214410 1019.0
1214420 1019.0
1214430 1019.8
1214440 1023.1
1214450 1023.1
1214460 1028.6
1214470 1033.5
1214480 1033.5
1214490 1038.9
1214500 1045.2
1214510 1045.2
1214520 1048.6
1214530 1049.2
1214540 1049.2
1214550 1060.3
1214560 1062.9
1214570 1062.9
1214580 1064.2
1214590 1064.8
1214600 1064.8
1214610 1065.9
1214620 1068.7
1214630 1072.1
1214640 1072.1
1214650 1074.6
1214660 1076.0
1214670 1076.0
1214680 1078.5
1214690 1081.0
1214700 1081.0
1214710 1083.3
1214720 1084.9
1214730 1084.9
1214740 1084.8
1214750 1083.8
1214760 1083.8
1214770 1079.3
1214780 1077.4
1214790 1077.4
1214800 1076.2
1214810 1075.5
1214820 1075.5
1214830 1076.6
1214840 1079.5
1214850 1079.5
1214860 1079.7
1214870 1081.0
1214880 1081.0
1214890 1085.4
1214900 1088.8
1214910 1090.7
1214920 1090.7
1214930 1090.2
1214940 1086.9
1214950 1086.9
1214960 1087.6
1214970 1089.8
1214980 1089.8
1214990 1092.6
1215000 1095.8
1215010 1095.8
1215020 1105.1
1215030 1107.8
1215040 1107.8
1215050 1110.1
1215060 1112.1
1215070 1112.1
1215080 1113.4
1215090 1114.3
1215100 1114.3
1215110 1115.2
1215120 1116.0
1215130 1116.0
1215140 1116.6
1215150 1116.8
1215160 1117.0
1215170 1117.0
1215180 1117.3
1215190 1117.6
1215200 1117.6
1215210 1117.9
1215220 1118.1
1215230 1118.1
1215240 1118.6
1215250 1119.1
1215260 1119.1
1215270 1119.9
1215280 1121.0
1215290 1121.0
1215300 1121.5
1215310 1123.2
1215320 1123.2
1215330 1125.6
1215340 1127.1
1215350 1127.1
1215360 1128.5
1215370 1130.6
1215380 1130.6
1215390 1133.2
1215400 1135.8
1215410 1138.0
1215420 1138.0
1215430 1139.6
1215440 1141.2
1215450 1141.2
1215460 1142.6
1215470 1143.9
1215480 1143.9
1215490 1147.6
1215500 1148.8
1215510 1148.8
1215520 1149.9
1215530 1151.3
1215540 1151.3
1215550 1153.1
1215560 1155.0
1215570 1155.0
1215580 1156.5
1215590 1158.0
1215600 1158.0
1215610 1159.1
1215620 1160.3
1215630 1160.3
1215640 1161.4
1215650 1163.1
1215660 1163.1
1215670 1164.4
1215680 1165.6
1215690 1166.4
1215700 1166.4
1215710 1167.2
1215720 1168.0
1215730 1168.0
1215740 1168.8
1215750 1169.6
1215760 1169.6
1215770 1170.6
1215780 1172.1
1215790 1172.1
1215800 1173.9
1215810 1175.6
1215820 1175.6
1215830 1177.2
1215840 1178.5
1215850 1178.5
1215860 1179.7
1215870 1180.9
1215880 1180.9
1215890 1182.4
1215900 1184.4
1215910 1184.4
1215920 1186.6
1215930 1187.8
1215940 1188.1
1215950 1188.1
1215960 1191.6
1215970 1190.3
1215980 1190.3
1215990 1189.7
1216000 1190.4
1216010 1190.4
1216020 1189.4
1216030 1190.7
1216040 1190.7
1216050 1194.9
1216060 1200.4
1216070 1200.4
1216080 1206.3
1216090 1211.1
1216100 1211.1
1216110 1213.5
1216120 1216.3
1216130 1216.3
1216140 1220.0
1216150 1223.3
1216160 1223.3
1216170 1225.7
1216180 1227.5
1216190 1229.5
1216200 1229.5
1216210 1232.1
1216220 1235.4
1216230 1235.4
1216240 1239.3
1216250 1243.3
1216260 1243.3
1216270 1247.5
1216280 1251.4
1216290 1251.4
1216300 1254.6
1216310 1257.2
1216320 1257.2
1216330 1259.2
1216340 1261.4
1216350 1261.4
1216360 1263.2
1216370 1264.6
1216380 1264.6
1216390 1266.1
1216400 1267.4
1216410 1267.4
1216420 1268.5
1216430 1270.2
1216440 1274.9
1216450 1278.0
1216460 1281.2
1216470 1283.7
1216480 1283.7
1216490 1286.7
1216500 1291.1
1216510 1291.1
1216520 1295.4
1216530 1299.4
1216540 1299.4
1216550 1303.2
1216560 1307.1
1216570 1307.1
1216580 1311.2
1216590 1315.0
1216600 1315.0
1216610 1318.8
1216620 1322.3
1216630 1322.3
1216640 1324.8
1216650 1326.7
1216660 1326.7
1216670 1328.2
1216680 1329.7
1216690 1329.7
1216700 1331.5
1216710 1333.7
1216720 1336.7
1216730 1336.7
1216740 1340.2
1216750 1343.9
1216760 1343.9
1216770 1347.5
1216780 1350.4
1216790 1350.4
1216800 1353.2
1216810 1356.1
1216820 1356.1
1216830 1359.0
1216840 1361.3
1216850 1361.3
1216860 1363.0
1216870 1365.3
1216880 1365.3
1216890 1367.7
1216900 1369.6
1216910 1370.2
1216920 1373.6
1216930 1376.6
1216940 1376.6
1216950 1379.5
1216960 1382.6
1216970 1384.5
1216980 1384.5
1216990 1387.9
1217000 1391.1
1217010 1391.1
1217020 1394.4
1217030 1397.5
1217040 1397.5
1217050 1400.2
1217060 1402.1
1217070 1402.1
1217080 1403.6
1217090 1405.3
1217100 1405.3
1217110 1407.4
1217120 1409.8
1217130 1409.8
1217140 1411.7
1217150 1415.0
1217160 1415.0
1217170 1418.9
1217180 1422.2
1217190 1422.2
1217200 1425.3
1217210 1428.4
1217220 1428.4
1217230 1432.1
1217240 1435.7
1217250 1439.2
1217260 1439.2
1217270 1443.4
1217280 1447.3
1217290 1447.3
1217300 1450.4
1217310 1453.4
1217320 1453.4
1217330 1454.5
1217340 1454.4
1217350 1454.4
1217360 1454.5
1217370 1455.1
1217380 1455.1
1217390 1459.7
1217400 1462.5
1217410 1462.5
1217420 1464.9
1217430 1466.6
1217440 1466.6
1217450 1469.2
1217460 1473.2
1217470 1473.2
1217480 1474.6
1217490 1475.5
1217500 1477.9
1217510 1477.9
1217520 1480.8
1217530 1484.1
1217540 1484.1
1217550 1486.7
1217560 1489.1
1217570 1489.1
1217580 1491.6
1217590 1493.4
1217600 1493.4
1217610 1495.4
1217620 1497.5
1217630 1497.5
1217640 1499.6
1217650 1502.4
1217660 1502.4
1217670 1506.8
1217680 1512.8
1217690 1512.8
1217700 1519.2
1217710 1524.6
1217720 1524.6
1217730 1530.1
1217740 1535.1
1217750 1539.0
1217760 1539.0
1217770 1542.2
1217780 1545.0
1217790 1545.0
1217800 1548.1
1217810 1553.0
1217820 1553.0
1217830 1557.6
1217840 1561.5
1217850 1561.5
1217860 1566.9
1217870 1568.9
1217880 1568.9
1217890 1570.9
1217900 1573.6
1217910 1573.6
1217920 1576.6
1217930 1579.6
1217940 1579.6
1217950 1582.3
1217960 1584.2
1217970 1584.2
1217980 1586.4
1217990 1589.1
1218000 1591.5
1218010 1591.5
1218020 1595.0
1218030 1600.2
1218040 1600.2
1218050 1604.3
1218060 1607.4
1218070 1607.4
1218080 1611.5
1218090 1616.1
1218100 1616.1
1218110 1619.9
1218120 1623.7
1218130 1623.7
1218140 1626.6
1218150 1629.3
1218160 1629.3
1218170 1633.7
1218180 1637.4
1218190 1637.4
1218200 1639.7
1218210 1642.4
1218220 1642.4
1218230 1646.3
1218240 1651.2
1218250 1651.2
1218260 1656.8
1218270 1662.2
1218280 1666.7
1218290 1666.7
1218300 1669.9
1218310 1671.9
1218320 1671.9
1218330 1673.4
1218340 1678.6
1218350 1678.6
1218360 1679.2
1218370 1680.2
1218380 1680.2
1218390 1681.9
1218400 1683.2
1218410 1683.2
1218420 1683.9
1218430 1684.4
1218440 1684.4
1218450 1684.7
1218460 1685.5
1218470 1685.5
1218480 1686.4
1218490 1689.0
1218500 1689.0
1218510 1692.6
1218520 1695.7
1218530 1698.8
1218540 1698.8
1218550 1702.0
1218560 1704.6
1218570 1704.6
1218580 1707.2
1218590 1709.4
1218600 1709.4
1218610 1712.5
1218620 1715.9
1218630 1715.9
1218640 1718.9
1218650 1721.5
1218660 1721.5
1218670 1724.8
1218680 1728.8
1218690 1728.8
1218700 1731.4
1218710 1733.4
1218720 1733.4
1218730 1735.6
1218740 1738.5
1218750 1738.5
1218760 1740.9
1218770 1743.0
1218780 1745.9
1218790 1745.9
1218800 1749.2
1218810 1752.5
1218820 1757.7
1218830 1761.7
1218840 1765.9
1218850 1765.9
1218860 1770.5
1218870 1775.3
1218880 1775.3
1218890 1779.8
1218900 1783.2
1218910 1783.2
1218920 1787.2
1218930 1793.5
1218940 1793.5
1218950 1798.6
1218960 1801.2
1218970 1801.2
1218980 1802.5
1218990 1803.0
1219000 1803.0
1219010 1803.4
1219020 1803.7
1219030 1803.7
1219040 1803.8
1219050 1803.4
1219060 1802.7
1219070 1802.7
1219080 1801.5
1219090 1800.1
1219100 1800.1
1219110 1799.8
1219120 1800.5
1219130 1800.5
1219140 1800.9
1219150 1800.2
1219160 1800.2
1219170 1800.5
1219180 1801.1
1219190 1801.1
1219200 1800.7
1219210 1800.8
1219220 1800.8
1219230 1802.6
1219240 1805.3
1219250 1805.3
1219260 1808.8
1219270 1812.0
1219280 1812.0
1219290 1814.4
1219300 1821.0
1219310 1822.1
1219320 1822.1
1219330 1823.7
1219340 1825.2
1219350 1825.2
1219360 1826.4
1219370 1828.1
1219380 1828.1
1219390 1829.6
1219400 1830.9
1219410 1830.9
1219420 1832.2
1219430 1833.3
1219440 1833.3
1219450 1836.3
1219460 1840.8
1219470 1840.8
1219480 1844.9
1219490 1848.6
1219500 1848.6
1219510 1852.2
1219520 1855.3
1219530 1855.3
1219540 1858.1
1219550 1861.0
1219560 1863.5
1219570 1863.5
1219580 1865.4
1219590 1868.5
1219600 1868.5
1219610 1872.9
1219620 1877.5
1219630 1877.5
1219640 1881.5
1219650 1885.7
1219660 1885.7
1219670 1889.1
1219680 1892.0
1219690 1892.0
1219700 1894.7
1219710 1897.7
1219720 1897.7
1219730 1901.0
1219740 1903.6
1219750 1903.6
1219760 1906.3
1219770 1907.7
1219780 1910.3
1219790 1909.3
1219800 1909.6
1219810 1909.6
1219820 1911.3
1219830 1913.1
1219840 1914.0
1219850 1914.0
1219860 1915.2
1219870 1916.2
1219880 1916.2
1219890 1917.6
1219900 1919.3
1219910 1919.3
1219920 1920.6
1219930 1921.9
1219940 1921.9
1219950 1923.2
1219960 1923.5
1219970 1923.5
1219980 1923.6
1219990 1923.6
