1200000 1571.2
1200010 1572.7
1200020 1572.7
1200030 1575.6
1200040 1579.7
1200050 1579.7
1200060 1584.2
1200070 1587.9
1200080 1587.9
1200090 1591.0
1200100 1595.1
1200110 1595.1
1200120 1599.6
1200130 1603.3
1200140 1603.3
1200150 1612.2
1200160 1618.7
1200170 1618.7
1200180 1622.5
1200190 1632.9
1200200 1632.9
1200210 1639.9
1200220 1647.1
1200230 1652.5
1200240 1652.5
1200250 1658.0
1200260 1663.3
1200270 1663.3
1200280 1668.0
1200290 1671.4
1200300 1671.4
1200310 1676.1
1200320 1680.5
1200330 1680.5
1200340 1683.1
1200350 1685.0
1200360 1685.0
1200370 1688.6
1200380 1692.9
1200390 1692.9
1200400 1696.6
1200410 1700.7
1200420 1700.7
1200430 1706.1
1200440 1708.8
1200450 1708.8
1200460 1709.1
1200470 1710.6
1200480 1713.4
1200490 1713.4
1200500 1717.3
1200510 1722.1
1200520 1722.1
1200530 1726.2
1200540 1729.8
1200550 1729.8
1200560 1732.5
1200570 1735.2
1200580 1735.2
1200590 1736.9
1200600 1739.2
1200610 1739.2
1200620 1741.6
1200630 1743.7
1200640 1748.2
1200650 1750.8
1200660 1753.9
1200670 1753.9
1200680 1756.7
1200690 1760.7
1200700 1760.7
1200710 1765.2
1200720 1768.5
1200730 1770.0
1200740 1770.0
1200750 1771.5
1200760 1774.0
1200770 1774.0
1200780 1776.5
1200790 1779.2
1200800 1779.2
1200810 1781.8
1200820 1785.6
1200830 1785.6
1200840 1789.8
1200850 1793.3
1200860 1793.3
1200870 1796.5
1200880 1799.5
1200890 1799.5
1200900 1802.7
1200910 1805.5
1200920 1805.5
1200930 1808.6
1200940 1811.5
1200950 1811.5
1200960 1814.0
1200970 1816.8
1200980 1816.8
1200990 1818.8
1201000 1819.4
1201010 1820.6
1201020 1820.6
1201030 1823.4
1201040 1827.1
1201050 1827.1
1201060 1829.8
1201070 1833.3
1201080 1833.3
1201090 1844.8
1201100 1847.4
1201110 1847.4
1201120 1852.2
1201130 1855.8
1201140 1855.8
1201150 1860.1
1201160 1864.3
1201170 1864.3
1201180 1868.3
1201190 1870.8
1201200 1870.8
1201210 1872.1
1201220 1873.7
1201230 1873.7
1201240 1875.7
1201250 1880.4
1201260 1882.1
1201270 1882.1
1201280 1886.5
1201290 1889.8
1201300 1889.8
1201310 1893.7
1201320 1898.3
1201330 1898.3
1201340 1901.2
1201350 1903.8
1201360 1903.8
1201370 1906.3
1201380 1908.5
1201390 1908.5
1201400 1911.7
1201410 1915.4
1201420 1915.4
1201430 1918.9
1201440 1922.0
1201450 1922.0
1201460 1925.9
1201470 1930.0
1201480 1930.0
1201490 1933.3
1201500 1935.5
1201510 1939.3
1201520 1939.3
1201530 1941.6
1201540 1947.6
1201550 1947.6
1201560 1948.1
1201570 1951.1
1201580 1951.1
1201590 1954.8
1201600 1957.4
1201610 1957.4
1201620 1958.7
1201630 1963.8
1201640 1963.8
1201650 1966.1
1201660 1968.6
1201670 1968.6
1201680 1972.4
1201690 1974.7
1201700 1974.7
1201710 1975.3
1201720 1979.6
1201730 1979.6
1201740 1983.5
1201750 1986.3
1201760 1986.3
1201770 1988.5
1201780 1989.5
1201790 1989.4
1201800 1989.4
1201810 1990.3
1201820 1992.3
1201830 1992.3
1201840 1994.2
1201850 1997.7
1201860 1997.7
1201870 2000.8
1201880 2004.2
1201890 2004.2
1201900 2007.3
1201910 2010.9
1201920 2010.9
1201930 2014.9
1201940 2017.2
1201950 2017.2
1201960 2018.3
1201970 2019.1
1201980 2019.1
1201990 2026.6
1202000 2029.8
1202010 2029.8
1202020 2033.1
1202030 2034.0
1202040 2035.5
1202050 2035.5
1202060 2035.3
1202070 2040.7
1202080 2040.7
1202090 2045.0
1202100 2049.4
1202110 2049.4
1202120 2053.6
1202130 2057.4
1202140 2057.4
1202150 2064.9
1202160 2074.8
1202170 2074.8
1202180 2084.2
1202190 2089.7
1202200 2089.7
1202210 2095.8
1202220 2098.5
1202230 2098.5
1202240 2099.8
1202250 2100.5
1202260 2100.5
1202270 2101.6
1202280 2102.1
1202290 2098.7
1202300 2098.7
1202310 2094.3
1202320 2091.7
1202330 2091.7
1202340 2091.1
1202350 2088.8
1202360 2088.8
1202370 2088.1
1202380 2087.2
1202390 2087.2
1202400 2088.6
1202410 2091.4
1202420 2091.4
1202430 2093.9
1202440 2099.6
1202450 2099.6
1202460 2096.0
1202470 2092.5
1202480 2092.5
1202490 2090.9
1202500 2090.9
1202510 2090.9
1202520 2092.5
1202530 2091.3
1202540 2091.3
1202550 2090.2
1202560 2090.2
1202570 2089.2
1202580 2089.2
1202590 2092.9
1202600 2094.6
1202610 2094.6
1202620 2098.8
1202630 2105.8
1202640 2105.8
1202650 2106.2
1202660 2101.7
1202670 2101.7
1202680 2097.9
1202690 2093.7
1202700 2093.7
1202710 2091.9
1202720 2090.1
1202730 2090.1
1202740 2085.4
1202750 2083.9
1202760 2083.9
1202770 2084.9
1202780 2087.0
1202790 2087.0
1202800 2091.7
1202810 2095.6
1202820 2096.6
1202830 2096.6
1202840 2096.6
1202850 2097.0
1202860 2097.0
1202870 2099.0
1202880 2100.9
1202890 2108.2
1202900 2108.8
1202910 2108.6
1202920 2108.6
1202930 2111.5
1202940 2115.7
1202950 2115.7
1202960 2120.2
1202970 2125.4
1202980 2125.4
1202990 2130.6
1203000 2135.4
1203010 2135.4
1203020 2140.2
1203030 2145.2
1203040 2145.2
1203050 2151.2
1203060 2157.6
1203070 2164.2
1203080 2164.2
1203090 2170.8
1203100 2177.5
1203110 2177.5
1203120 2184.6
1203130 2191.0
1203140 2191.0
1203150 2197.4
1203160 2204.3
1203170 2204.3
1203180 2211.6
1203190 2219.1
1203200 2219.1
1203210 2225.0
1203220 2228.6
1203230 2228.6
1203240 2228.1
1203250 2220.4
1203260 2220.4
1203270 2211.1
1203280 2201.9
1203290 2201.9
1203300 2191.6
1203310 2181.1
1203320 2181.1
1203330 2170.4
1203340 2160.9
1203350 2150.0
1203360 2150.0
1203370 2144.2
1203380 2142.3
1203390 2142.3
1203400 2139.8
1203410 2136.0
1203420 2136.0
1203430 2132.2
1203440 2132.2
1203450 2132.2
1203460 2129.2
1203470 2127.3
1203480 2127.3
1203490 2126.1
1203500 2124.7
1203510 2124.7
1203520 2122.5
1203530 2120.8
1203540 2120.8
1203550 2121.6
1203560 2122.0
1203570 2122.0
1203580 2121.3
1203590 2119.7
1203600 2117.7
1203610 2117.7
1203620 2110.3
1203630 2101.2
1203640 2101.2
1203650 2094.1
1203660 2081.5
1203670 2081.5
1203680 2071.7
1203690 2063.0
1203700 2063.0
1203710 2053.6
1203720 2042.8
1203730 2042.8
1203740 2031.1
1203750 2010.6
1203760 2010.6
1203770 1986.6
1203780 1964.7
1203790 1964.7
1203800 1948.0
1203810 1932.6
1203820 1932.6
1203830 1915.9
1203840 1897.7
1203850 1882.4
1203860 1882.4
1203870 1870.1
1203880 1857.4
1203890 1857.4
1203900 1845.4
1203910 1833.2
1203920 1833.2
1203930 1825.1
1203940 1816.4
1203950 1816.4
1203960 1805.3
1203970 1789.7
1203980 1789.7
1203990 1769.7
1204000 1751.3
1204010 1751.3
1204020 1723.0
1204030 1693.2
1204040 1693.2
1204050 1687.4
1204060 1682.4
1204070 1682.4
1204080 1685.6
1204090 1703.6
1204100 1703.6
1204110 1719.7
1204120 1729.0
1204130 1739.4
1204140 1739.4
1204150 1739.8
1204160 1728.6
1204170 1728.6
1204180 1718.0
1204190 1712.3
1204200 1712.3
1204210 1702.9
1204220 1694.3
1204230 1694.3
1204240 1695.5
1204250 1682.6
1204260 1682.6
1204270 1701.4
1204280 1712.0
1204290 1712.0
1204300 1713.4
1204310 1724.0
1204320 1724.0
1204330 1742.7
1204340 1749.7
1204350 1749.7
1204360 1750.6
1204370 1734.9
1204380 1712.8
1204390 1712.8
1204400 1685.7
1204410 1667.7
1204420 1667.7
1204430 1652.4
1204440 1633.1
1204450 1633.1
1204460 1619.6
1204470 1608.2
1204480 1608.2
1204490 1604.1
1204500 1600.0
1204510 1600.0
1204520 1593.6
1204530 1590.7
1204540 1590.7
1204550 1590.4
1204560 1598.4
1204570 1598.4
1204580 1603.1
1204590 1576.5
1204600 1576.5
1204610 1560.1
1204620 1553.0
1204630 1547.9
1204640 1547.9
1204650 1542.9
1204660 1538.6
1204670 1538.6
1204680 1540.4
1204690 1545.3
1204700 1545.3
1204710 1537.4
1204720 1542.9
1204730 1542.9
1204740 1550.3
1204750 1555.3
1204760 1555.3
1204770 1553.5
1204780 1545.4
1204790 1545.4
1204800 1522.7
1204810 1508.5
1204820 1508.5
1204830 1493.8
1204840 1481.2
1204850 1481.2
1204860 1472.1
1204870 1466.5
1204880 1466.5
1204890 1470.3
1204900 1472.4
1204910 1478.2
1204920 1478.2
1204930 1490.5
1204940 1493.0
1204950 1493.0
1204960 1513.2
1204970 1519.1
1204980 1519.1
1204990 1517.1
1205000 1512.5
1205010 1512.5
1205020 1506.2
1205030 1500.0
1205040 1500.0
1205050 1492.6
1205060 1485.6
1205070 1485.6
1205080 1478.2
1205090 1469.4
1205100 1469.4
1205110 1461.1
1205120 1454.2
1205130 1454.2
1205140 1461.5
1205150 1469.5
1205160 1457.0
1205170 1457.0
1205180 1449.7
1205190 1442.8
1205200 1442.8
1205210 1436.7
1205220 1430.2
1205230 1430.2
1205240 1419.3
1205250 1397.8
1205260 1397.8
1205270 1369.5
1205280 1347.3
1205290 1347.3
1205300 1308.3
1205310 1284.8
1205320 1284.8
1205330 1276.3
1205340 1271.0
1205350 1271.0
1205360 1260.1
1205370 1248.1
1205380 1248.1
1205390 1240.0
1205400 1232.3
1205410 1224.4
1205420 1224.4
1205430 1212.5
1205440 1200.5
1205450 1200.5
1205460 1198.0
1205470 1201.6
1205480 1201.6
1205490 1203.9
1205500 1208.2
1205510 1208.2
1205520 1220.1
1205530 1238.3
1205540 1238.3
1205550 1259.4
1205560 1279.6
1205570 1279.6
1205580 1281.9
1205590 1276.5
1205600 1276.5
1205610 1277.3
1205620 1269.9
1205630 1269.9
1205640 1275.1
1205650 1279.9
1205660 1279.9
1205670 1284.5
1205680 1279.0
1205690 1270.2
1205700 1270.2
1205710 1259.9
1205720 1250.2
1205730 1250.2
1205740 1241.9
1205750 1234.4
1205760 1234.4
1205770 1227.4
1205780 1216.0
1205790 1216.0
1205800 1204.8
1205810 1201.3
1205820 1201.3
1205830 1202.4
1205840 1206.0
1205850 1206.0
1205860 1213.3
1205870 1220.9
1205880 1220.9
1205890 1223.2
1205900 1223.8
1205910 1223.8
1205920 1214.5
1205930 1205.0
1205940 1193.5
1205950 1193.5
1205960 1180.5
1205970 1168.9
1205980 1168.9
1205990 1159.4
1206000 1146.9
1206010 1146.9
1206020 1134.6
1206030 1120.5
1206040 1120.5
1206050 1099.6
1206060 1091.0
1206070 1091.0
1206080 1086.1
1206090 1087.1
1206100 1087.1
1206110 1084.4
1206120 1081.0
1206130 1081.0
1206140 1077.8
1206150 1074.6
1206160 1074.6
1206170 1071.6
1206180 1067.4
1206190 1063.5
1206200 1063.5
1206210 1058.6
1206220 1053.0
1206230 1053.0
1206240 1046.9
1206250 1041.0
1206260 1041.0
1206270 1034.3
1206280 1027.4
1206290 1027.4
1206300 1021.0
1206310 1015.5
1206320 1015.5
1206330 1011.9
1206340 1010.1
1206350 1010.1
1206360 1008.7
1206370 1006.3
1206380 1006.3
1206390 1003.5
1206400 999.4
1206410 999.4
1206420 994.7
1206430 990.9
1206440 990.9
1206450 986.8
1206460 982.2
1206470 977.1
1206480 977.1
1206490 971.9
1206500 966.8
1206510 966.8
1206520 961.7
1206530 954.3
1206540 954.3
1206550 949.4
1206560 945.0
1206570 945.0
1206580 942.4
1206590 940.5
1206600 940.5
1206610 940.5
1206620 940.2
1206630 940.2
1206640 937.6
1206650 936.2
1206660 936.2
1206670 935.0
1206680 933.7
1206690 933.7
1206700 932.6
1206710 930.5
1206720 928.1
1206730 928.1
1206740 925.7
1206750 923.3
1206760 923.3
1206770 921.4
1206780 919.5
1206790 919.5
1206800 917.3
1206810 915.5
1206820 915.5
1206830 913.3
1206840 910.3
1206850 910.3
1206860 907.5
1206870 904.6
1206880 904.6
1206890 902.5
1206900 900.1
1206910 900.1
1206920 896.7
1206930 893.2
1206940 893.2
1206950 890.1
1206960 887.2
1206970 884.4
1206980 884.4
1206990 879.1
1207000 876.2
1207010 876.2
1207020 872.3
1207030 867.9
1207040 867.9
1207050 862.6
1207060 858.4
1207070 858.4
1207080 856.5
1207090 854.6
1207100 854.6
1207110 852.2
1207120 850.0
1207130 850.0
1207140 848.2
1207150 846.9
1207160 846.9
1207170 847.6
1207180 850.2
1207190 850.2
1207200 849.3
1207210 846.4
1207220 846.4
1207230 843.9
1207240 841.6
1207250 839.6
1207260 839.6
1207270 837.4
1207280 835.3
1207290 835.3
1207300 833.6
1207310 831.9
1207320 831.9
1207330 830.3
1207340 828.8
1207350 828.8
1207360 827.0
1207370 825.5
1207380 825.5
1207390 823.8
1207400 821.7
1207410 821.7
1207420 819.6
1207430 817.6
1207440 817.6
1207450 814.7
1207460 813.3
1207470 813.3
1207480 811.9
1207490 809.8
1207500 807.7
1207510 807.7
1207520 805.9
1207530 803.9
1207540 803.9
1207550 801.7
1207560 799.7
1207570 799.7
1207580 798.1
1207590 796.2
1207600 796.2
1207610 795.0
1207620 793.8
1207630 793.8
1207640 791.7
1207650 789.6
1207660 789.6
1207670 787.2
1207680 784.8
1207690 784.8
1207700 782.7
1207710 780.6
1207720 780.6
1207730 778.4
1207740 776.1
1207750 774.2
1207760 774.2
1207770 772.7
1207780 770.9
1207790 770.9
1207800 768.9
1207810 767.2
1207820 767.2
1207830 765.0
1207840 763.0
1207850 763.0
1207860 761.7
1207870 759.9
1207880 759.9
1207890 758.1
1207900 756.8
1207910 756.0
1207920 754.9
1207930 753.8
1207940 753.8
1207950 752.5
1207960 751.4
1207970 751.4
1207980 750.4
1207990 749.8
1208000 749.8
1208010 749.4
1208020 748.9
1208030 748.8
1208040 748.8
1208050 747.9
1208060 747.1
1208070 747.1
1208080 745.7
1208090 745.3
1208100 745.3
1208110 745.3
1208120 745.1
1208130 745.1
1208140 744.5
1208150 743.9
1208160 743.9
1208170 743.1
1208180 741.8
1208190 741.8
1208200 740.4
1208210 739.7
1208220 739.7
1208230 738.1
1208240 736.0
1208250 736.0
1208260 733.2
1208270 728.3
1208280 726.1
1208290 726.1
1208300 726.2
1208310 726.5
1208320 726.5
1208330 726.7
1208340 727.1
1208350 727.1
1208360 726.5
1208370 723.6
1208380 723.6
1208390 722.7
1208400 721.5
1208410 721.5
1208420 720.1
1208430 716.6
1208440 716.6
1208450 716.7
1208460 712.5
1208470 712.5
1208480 703.9
1208490 696.5
1208500 696.5
1208510 689.3
1208520 682.6
1208530 676.3
1208540 676.3
1208550 669.8
1208560 665.1
1208570 665.1
1208580 663.1
1208590 662.7
1208600 662.7
1208610 662.6
1208620 662.7
1208630 662.7
1208640 663.0
1208650 664.2
1208660 664.2
1208670 665.9
1208680 666.4
1208690 666.4
1208700 666.7
1208710 667.0
1208720 667.0
1208730 667.0
1208740 666.9
1208750 666.9
1208760 666.9
1208770 666.8
1208780 666.8
1208790 666.6
1208800 666.6
1208810 666.5
1208820 666.5
1208830 666.5
1208840 666.6
1208850 666.6
1208860 666.6
1208870 666.5
1208880 666.5
1208890 666.5
1208900 666.5
1208910 666.5
1208920 666.5
1208930 666.4
1208940 666.4
1208950 666.4
1208960 666.4
1208970 666.4
1208980 666.4
1208990 666.4
1209000 666.4
1209010 666.4
1209020 666.3
1209030 666.3
1209040 666.2
1209050 666.1
1209060 666.0
1209070 666.0
1209080 667.8
1209090 672.3
1209100 672.3
1209110 675.3
1209120 675.5
1209130 675.5
1209140 675.5
1209150 676.0
1209160 676.0
1209170 675.7
1209180 676.5
1209190 676.5
1209200 678.7
1209210 680.6
1209220 680.6
1209230 680.6
1209240 679.6
1209250 679.6
1209260 678.5
1209270 678.8
1209280 678.8
1209290 678.3
1209300 675.9
1209310 675.4
1209320 675.4
1209330 675.3
1209340 676.6
1209350 676.6
1209360 680.6
1209370 685.7
1209380 685.7
1209390 688.2
1209400 690.1
1209410 690.1
1209420 691.3
1209430 689.0
1209440 689.0
1209450 688.2
1209460 689.3
1209470 689.3
1209480 689.8
1209490 688.6
1209500 688.6
1209510 689.1
1209520 689.1
1209530 689.1
1209540 689.8
1209550 691.3
1209560 691.3
1209570 692.7
1209580 692.3
1209590 693.5
1209600 693.5
1209610 696.3
1209620 698.3
1209630 698.3
1209640 699.8
1209650 701.1
1209660 701.1
1209670 700.7
1209680 696.7
1209690 696.7
1209700 691.3
1209710 686.8
1209720 686.8
1209730 686.5
1209740 686.8
1209750 686.8
1209760 688.8
1209770 686.8
1209780 686.8
1209790 685.9
1209800 686.4
1209810 686.4
1209820 687.6
1209830 688.9
1209840 691.0
1209850 691.0
1209860 691.9
1209870 691.6
1209880 691.6
1209890 692.3
1209900 695.4
1209910 695.4
1209920 695.2
1209930 694.2
1209940 694.2
1209950 693.8
1209960 691.5
1209970 691.5
1209980 689.1
1209990 690.1
1210000 690.1
1210010 692.2
1210020 693.6
1210030 693.6
1210040 695.6
1210050 698.0
1210060 698.0
1210070 700.4
1210080 702.5
1210090 701.9
1210100 701.9
1210110 698.9
1210120 695.7
1210130 695.7
1210140 692.6
1210150 689.5
1210160 689.5
1210170 685.4
1210180 683.2
1210190 683.2
1210200 683.6
1210210 684.0
1210220 684.4
1210230 684.5
1210240 684.2
1210250 684.2
1210260 685.1
1210270 685.6
1210280 685.6
1210290 685.3
1210300 685.3
1210310 685.3
1210320 684.8
1210330 685.9
1210340 685.9
1210350 687.2
1210360 688.6
1210370 687.9
1210380 687.9
1210390 686.3
1210400 686.0
1210410 686.0
1210420 686.0
1210430 685.9
1210440 685.9
1210450 685.9
1210460 685.8
1210470 685.8
1210480 685.9
1210490 685.9
1210500 685.9
1210510 685.9
1210520 685.9
1210530 685.9
1210540 685.9
1210550 686.0
1210560 686.0
1210570 686.0
1210580 685.9
1210590 685.9
1210600 685.6
1210610 685.8
1210620 685.5
1210630 685.5
1210640 682.7
1210650 681.2
1210660 681.2
1210670 682.4
1210680 683.0
1210690 685.2
1210700 687.4
1210710 685.8
1210720 685.8
1210730 683.0
1210740 683.5
1210750 683.5
1210760 684.1
1210770 685.2
1210780 685.2
1210790 685.7
1210800 684.8
1210810 684.8
1210820 684.0
1210830 683.3
1210840 683.3
1210850 682.9
1210860 682.8
1210870 682.7
1210880 682.7
1210890 682.7
1210900 682.7
1210910 682.7
1210920 682.7
1210930 682.7
1210940 682.7
1210950 682.8
1210960 683.0
1210970 683.0
1210980 682.6
1210990 682.0
1211000 682.0
1211010 682.3
1211020 681.7
1211030 681.7
1211040 681.5
1211050 680.9
1211060 680.9
1211070 679.8
1211080 679.3
1211090 679.3
1211100 679.6
1211110 680.0
1211120 680.0
1211130 679.6
1211140 678.3
1211150 677.0
1211160 677.0
1211170 676.6
1211180 675.9
1211190 675.9
1211200 675.6
1211210 675.4
1211220 675.4
1211230 674.9
1211240 674.2
1211250 674.2
1211260 673.9
1211270 673.7
1211280 673.7
1211290 673.5
1211300 673.6
1211310 673.6
1211320 673.1
1211330 673.0
1211340 673.0
1211350 674.0
1211360 673.3
1211370 673.3
1211380 673.0
1211390 672.8
1211400 672.7
1211410 672.7
1211420 672.4
1211430 671.7
1211440 671.7
1211450 672.2
1211460 672.2
1211470 672.2
1211480 672.3
1211490 672.4
1211500 672.4
1211510 672.7
1211520 673.5
1211530 673.5
1211540 674.4
1211550 675.0
1211560 675.0
1211570 676.2
1211580 676.6
1211590 676.6
1211600 677.3
1211610 677.8
1211620 678.4
1211630 679.2
1211640 679.9
1211650 680.2
1211660 680.2
1211670 680.6
1211680 681.1
1211690 681.1
1211700 681.6
1211710 682.2
1211720 682.2
1211730 682.6
1211740 683.1
1211750 683.1
1211760 684.2
1211770 687.3
1211780 687.3
1211790 693.3
1211800 699.7
1211810 699.7
1211820 705.6
1211830 711.5
1211840 711.5
1211850 717.4
1211860 723.2
1211870 723.2
1211880 728.5
1211890 733.1
1211900 733.1
1211910 737.8
1211920 743.1
1211930 747.3
1211940 747.3
1211950 752.4
1211960 758.3
1211970 758.3
1211980 764.1
1211990 769.2
1212000 769.2
1212010 774.9
1212020 780.0
1212030 780.0
1212040 783.1
1212050 788.2
1212060 788.2
1212070 793.0
1212080 799.7
1212090 799.7
1212100 804.6
1212110 810.0
1212120 810.0
1212130 815.1
1212140 820.1
1212150 820.1
1212160 824.7
1212170 829.7
1212180 835.5
1212190 835.5
1212200 841.5
1212210 847.2
1212220 847.2
1212230 852.6
1212240 858.3
1212250 858.3
1212260 863.9
1212270 869.2
1212280 869.2
1212290 874.3
1212300 879.4
1212310 879.4
1212320 884.5
1212330 889.4
1212340 889.4
1212350 893.3
1212360 897.2
1212370 897.2
1212380 900.7
1212390 904.0
1212400 904.0
1212410 907.2
1212420 910.0
1212430 912.8
1212440 912.8
1212450 915.3
1212460 917.1
1212470 917.1
1212480 919.5
1212490 921.7
1212500 921.7
1212510 924.2
1212520 926.6
1212530 926.6
1212540 929.6
1212550 933.8
1212560 933.8
1212570 937.3
1212580 941.4
1212590 941.4
1212600 945.7
1212610 950.1
1212620 950.1
1212630 955.6
1212640 960.1
1212650 960.1
1212660 964.7
1212670 970.5
1212680 970.5
1212690 974.9
1212700 978.7
1212710 982.3
1212720 982.3
1212730 987.1
1212740 990.9
1212750 990.9
1212760 993.1
1212770 996.4
1212780 996.4
1212790 1001.1
1212800 1005.6
1212810 1005.6
1212820 1009.9
1212830 1012.0
1212840 1012.0
1212850 1012.2
1212860 1012.3
1212870 1012.3
1212880 1012.6
1212890 1012.8
1212900 1012.8
1212910 1012.1
1212920 1010.7
1212930 1010.7
1212940 1009.7
1212950 1008.3
1212960 1008.7
1212970 1008.7
1212980 1010.9
1212990 1013.8
1213000 1013.8
1213010 1016.6
1213020 1019.6
1213030 1019.6
1213040 1023.0
1213050 1025.6
1213060 1025.6
1213070 1028.7
1213080 1032.0
1213090 1032.0
1213100 1036.1
1213110 1041.4
1213120 1041.4
1213130 1047.7
1213140 1054.4
1213150 1054.4
1213160 1061.9
1213170 1069.2
1213180 1069.2
1213190 1074.6
1213200 1081.1
1213210 1087.8
1213220 1087.8
1213230 1091.4
1213240 1093.1
1213250 1093.1
1213260 1094.2
1213270 1095.9
1213280 1095.9
1213290 1097.5
1213300 1100.2
1213310 1100.2
1213320 1101.1
1213330 1101.9
1213340 1101.9
1213350 1102.2
1213360 1102.4
1213370 1102.4
1213380 1102.5
1213390 1101.9
1213400 1101.9
1213410 1103.5
1213420 1105.1
1213430 1105.1
1213440 1106.5
1213450 1107.7
1213460 1107.7
1213470 1108.4
1213480 1108.5
1213490 1110.3
1213500 1110.3
1213510 1110.0
1213520 1109.9
1213530 1109.9
1213540 1110.3
1213550 1111.5
1213560 1111.5
1213570 1112.7
1213580 1113.5
1213590 1113.5
1213600 1114.0
1213610 1114.7
1213620 1114.7
1213630 1115.9
1213640 1117.1
1213650 1117.1
1213660 1117.5
1213670 1117.9
1213680 1117.9
1213690 1118.4
1213700 1118.5
1213710 1118.5
1213720 1118.3
1213730 1117.6
1213740 1117.1
1213750 1117.1
1213760 1118.5
1213770 1119.5
1213780 1119.5
1213790 1120.2
1213800 1119.9
1213810 1119.9
1213820 1117.4
1213830 1115.9
1213840 1115.9
1213850 1116.6
1213860 1117.5
1213870 1117.5
1213880 1118.2
1213890 1118.9
1213900 1118.9
1213910 1119.3
1213920 1119.5
1213930 1119.5
1213940 1118.6
1213950 1117.9
1213960 1123.5
1213970 1123.2
1213980 1123.1
1213990 1122.4
1214000 1122.4
1214010 1121.2
1214020 1120.6
1214030 1120.6
1214040 1120.5
1214050 1121.6
1214060 1121.6
1214070 1123.1
1214080 1124.4
1214090 1124.4
1214100 1125.8
1214110 1125.5
1214120 1125.5
1214130 1124.8
1214140 1124.3
1214150 1124.3
1214160 1123.1
1214170 1121.9
1214180 1121.9
1214190 1121.5
1214200 1121.0
1214210 1121.0
1214220 1120.9
1214230 1120.8
1214240 1120.8
1214250 1121.5
1214260 1121.6
1214270 1120.4
1214280 1120.4
1214290 1119.2
1214300 1118.4
1214310 1118.4
1214320 1118.3
1214330 1116.9
1214340 1116.9
1214350 1112.8
1214360 1108.4
1214370 1108.4
1214380 1109.1
1214390 1109.9
1214400 1109.9
1214410 1108.6
1214420 1107.7
1214430 1113.9
1214440 1115.8
1214450 1120.7
1214460 1120.7
1214470 1123.2
1214480 1125.5
1214490 1125.5
1214500 1128.0
1214510 1130.1
1214520 1132.2
1214530 1132.2
1214540 1133.6
1214550 1134.9
1214560 1134.9
1214570 1136.2
1214580 1137.0
1214590 1137.0
1214600 1137.2
1214610 1136.8
1214620 1136.8
1214630 1136.4
1214640 1136.1
1214650 1136.1
1214660 1136.3
1214670 1136.7
1214680 1136.7
1214690 1136.8
1214700 1136.8
1214710 1136.8
1214720 1136.9
1214730 1137.1
1214740 1137.1
1214750 1137.8
1214760 1139.3
1214770 1141.2
1214780 1141.2
1214790 1143.8
1214800 1146.6
1214810 1146.6
1214820 1149.6
1214830 1152.6
1214840 1152.6
1214850 1155.6
1214860 1158.7
1214870 1158.7
1214880 1159.7
1214890 1159.7
1214900 1166.4
1214910 1166.5
1214920 1167.2
1214930 1167.2
1214940 1167.3
1214950 1167.7
1214960 1167.7
1214970 1169.0
1214980 1171.1
1214990 1171.1
1215000 1175.1
1215010 1176.0
1215020 1175.5
1215030 1175.5
1215040 1174.9
1215050 1173.0
1215060 1173.0
1215070 1171.5
1215080 1173.3
1215090 1173.3
1215100 1176.4
1215110 1180.9
1215120 1180.9
1215130 1182.9
1215140 1184.1
1215150 1184.1
1215160 1184.2
1215170 1183.4
1215180 1183.4
1215190 1182.6
1215200 1182.1
1215210 1182.1
1215220 1182.1
1215230 1182.8
1215240 1182.8
1215250 1183.8
1215260 1185.0
1215270 1185.0
1215280 1186.2
1215290 1187.5
1215300 1188.9
1215310 1188.9
1215320 1190.2
1215330 1191.7
1215340 1191.7
1215350 1193.0
1215360 1194.5
1215370 1199.3
1215380 1200.8
1215390 1202.1
1215400 1202.1
1215410 1204.0
1215420 1206.7
1215430 1206.7
1215440 1208.9
1215450 1209.9
1215460 1209.9
1215470 1210.2
1215480 1210.0
1215490 1210.0
1215500 1210.4
1215510 1211.1
1215520 1211.1
1215530 1212.6
1215540 1214.3
1215550 1216.0
1215560 1216.0
1215570 1217.5
1215580 1218.4
1215590 1218.4
1215600 1218.8
1215610 1219.0
1215620 1219.0
1215630 1218.8
1215640 1219.6
1215650 1219.6
1215660 1220.3
1215670 1220.3
1215680 1220.3
1215690 1220.1
1215700 1220.0
1215710 1220.0
1215720 1220.6
1215730 1221.4
1215740 1221.4
1215750 1222.4
1215760 1223.3
1215770 1223.3
1215780 1224.0
1215790 1224.7
1215800 1225.4
1215810 1225.4
1215820 1226.3
1215830 1227.8
1215840 1234.9
1215850 1236.4
1215860 1237.3
1215870 1237.3
1215880 1237.4
1215890 1236.6
1215900 1236.6
1215910 1235.9
1215920 1235.9
1215930 1235.9
1215940 1236.6
1215950 1237.9
1215960 1237.9
1215970 1238.8
1215980 1240.1
1215990 1240.1
1216000 1241.7
1216010 1242.7
1216020 1242.7
1216030 1242.6
1216040 1237.7
1216050 1237.7
1216060 1234.3
1216070 1238.5
1216080 1247.4
1216090 1247.4
1216100 1255.9
1216110 1261.9
1216120 1261.9
1216130 1265.8
1216140 1269.0
1216150 1269.0
1216160 1272.0
1216170 1275.3
1216180 1275.3
1216190 1278.6
1216200 1281.4
1216210 1281.4
1216220 1284.0
1216230 1286.2
1216240 1286.2
1216250 1287.9
1216260 1289.4
1216270 1289.4
1216280 1291.3
1216290 1293.2
1216300 1293.2
1216310 1297.5
1216320 1300.3
1216330 1303.6
1216340 1303.6
1216350 1305.7
1216360 1308.8
1216370 1308.8
1216380 1312.4
1216390 1315.1
1216400 1315.1
1216410 1317.6
1216420 1319.7
1216430 1319.7
1216440 1321.6
1216450 1323.0
1216460 1323.0
1216470 1324.7
1216480 1327.8
1216490 1327.8
1216500 1331.3
1216510 1333.8
1216520 1333.8
1216530 1335.5
1216540 1337.5
1216550 1337.5
1216560 1339.1
1216570 1341.1
1216580 1343.9
1216590 1343.9
1216600 1346.8
1216610 1350.1
1216620 1350.1
1216630 1352.8
1216640 1355.2
1216650 1355.2
1216660 1357.7
1216670 1360.3
1216680 1360.3
1216690 1363.1
1216700 1365.7
1216710 1365.7
1216720 1368.6
1216730 1371.4
1216740 1371.4
1216750 1374.1
1216760 1377.0
1216770 1377.0
1216780 1380.3
1216790 1385.0
1216800 1385.0
1216810 1387.6
1216820 1390.2
1216830 1390.2
1216840 1392.5
1216850 1394.9
1216860 1397.7
1216870 1397.7
1216880 1401.2
1216890 1402.8
1216900 1402.8
1216910 1404.9
1216920 1408.2
1216930 1408.2
1216940 1412.7
1216950 1417.4
1216960 1417.4
1216970 1421.5
1216980 1426.4
1216990 1426.4
1217000 1431.1
1217010 1435.9
1217020 1435.9
1217030 1440.6
1217040 1445.8
1217050 1445.8
1217060 1451.9
1217070 1457.9
1217080 1457.9
1217090 1464.6
1217100 1470.1
1217110 1475.2
1217120 1475.2
1217130 1481.1
1217140 1488.1
1217150 1488.1
1217160 1493.1
1217170 1496.0
1217180 1496.0
1217190 1501.6
1217200 1507.1
1217210 1507.1
1217220 1511.4
1217230 1515.7
1217240 1515.7
1217250 1519.7
1217260 1524.3
1217270 1524.3
1217280 1526.4
1217290 1528.4
1217300 1528.4
1217310 1529.9
1217320 1532.0
1217330 1532.0
1217340 1535.3
1217350 1539.1
1217360 1543.1
1217370 1543.1
1217380 1546.9
1217390 1551.1
1217400 1551.1
1217410 1555.4
1217420 1559.7
1217430 1559.7
1217440 1562.5
1217450 1564.4
1217460 1564.4
1217470 1565.7
1217480 1566.5
1217490 1566.5
1217500 1567.9
1217510 1569.5
1217520 1569.5
1217530 1571.1
1217540 1572.6
1217550 1572.6
1217560 1574.8
1217570 1577.9
1217580 1577.9
1217590 1582.3
1217600 1587.3
1217610 1587.3
1217620 1591.7
1217630 1595.7
1217640 1599.1
1217650 1599.1
1217660 1602.4
1217670 1605.1
1217680 1605.1
1217690 1607.4
1217700 1609.2
1217710 1609.2
1217720 1610.8
1217730 1613.1
1217740 1615.3
1217750 1617.0
1217760 1617.5
1217770 1617.5
1217780 1617.8
1217790 1618.1
1217800 1618.1
1217810 1618.6
1217820 1619.1
1217830 1619.1
1217840 1620.4
1217850 1622.0
1217860 1622.0
1217870 1623.8
1217880 1626.1
1217890 1628.3
1217900 1628.3
1217910 1631.6
1217920 1636.2
1217930 1636.2
1217940 1640.8
1217950 1646.8
1217960 1646.8
1217970 1654.2
1217980 1659.7
1217990 1659.7
1218000 1663.3
1218010 1666.5
1218020 1666.5
1218030 1669.4
1218040 1671.9
1218050 1671.9
1218060 1673.8
1218070 1675.4
1218080 1675.4
1218090 1676.6
1218100 1677.3
1218110 1677.3
1218120 1679.3
1218130 1682.4
1218140 1685.7
1218150 1685.7
1218160 1689.0
1218170 1692.4
1218180 1692.4
1218190 1696.9
1218200 1702.8
1218210 1702.8
1218220 1711.2
1218230 1715.0
1218240 1715.0
1218250 1718.6
1218260 1722.2
1218270 1722.2
1218280 1725.5
1218290 1728.9
1218300 1728.9
1218310 1731.6
1218320 1733.3
1218330 1733.3
1218340 1734.4
1218350 1736.5
1218360 1736.5
1218370 1739.6
1218380 1742.8
1218390 1745.1
1218400 1745.1
1218410 1747.3
1218420 1750.3
1218430 1750.3
1218440 1753.0
1218450 1756.5
1218460 1756.5
1218470 1761.0
1218480 1765.2
1218490 1765.2
1218500 1768.5
1218510 1771.2
1218520 1771.2
1218530 1774.4
1218540 1778.5
1218550 1778.5
1218560 1783.6
1218570 1789.2
1218580 1789.2
1218590 1795.1
1218600 1802.0
1218610 1802.0
1218620 1808.8
1218630 1815.7
1218640 1815.7
1218650 1820.9
1218660 1824.1
1218670 1828.1
1218680 1828.1
1218690 1833.0
1218700 1844.4
1218710 1844.4
1218720 1848.0
1218730 1851.8
1218740 1851.8
1218750 1855.2
1218760 1858.4
1218770 1858.4
1218780 1861.4
1218790 1864.3
1218800 1864.3
1218810 1867.9
1218820 1872.5
1218830 1872.5
1218840 1878.0
1218850 1884.9
1218860 1884.9
1218870 1891.0
1218880 1894.1
1218890 1894.1
1218900 1895.9
1218910 1897.5
1218920 1899.6
1218930 1899.6
1218940 1900.8
1218950 1901.1
1218960 1901.1
1218970 1900.8
1218980 1901.2
1218990 1901.2
1219000 1902.1
1219010 1902.9
1219020 1902.9
1219030 1903.3
1219040 1903.6
1219050 1903.6
1219060 1904.2
1219070 1905.8
1219080 1905.8
1219090 1906.4
1219100 1905.3
1219110 1905.3
1219120 1902.8
1219130 1901.0
1219140 1901.0
1219150 1900.0
1219160 1900.2
1219170 1910.2
1219180 1910.2
1219190 1909.8
1219200 1910.3
1219210 1910.3
1219220 1912.9
1219230 1913.0
1219240 1913.0
1219250 1912.1
1219260 1911.4
1219270 1911.4
1219280 1910.6
1219290 1910.2
1219300 1910.2
1219310 1909.2
1219320 1908.2
1219330 1908.2
1219340 1907.4
1219350 1908.3
1219360 1908.3
1219370 1910.2
1219380 1910.4
1219390 1910.4
1219400 1912.0
1219410 1915.8
1219420 1915.8
1219430 1919.3
1219440 1922.2
1219450 1925.2
1219460 1925.2
1219470 1927.0
1219480 1929.0
1219490 1929.0
1219500 1931.9
1219510 1934.7
1219520 1934.7
1219530 1937.6
1219540 1940.1
1219550 1940.1
1219560 1941.8
1219570 1942.6
1219580 1942.6
1219590 1945.3
1219600 1947.9
1219610 1947.9
1219620 1950.6
1219630 1953.6
1219640 1953.6
1219650 1964.1
1219660 1966.6
1219670 1966.6
1219680 1969.5
1219690 1973.2
1219700 1977.3
1219710 1977.3
1219720 1981.1
1219730 1984.7
1219740 1984.7
1219750 1987.3
1219760 1989.2
1219770 1989.2
1219780 1990.7
1219790 1991.9
1219800 1991.9
1219810 1993.0
1219820 1993.9
1219830 1993.9
1219840 1994.7
1219850 1994.7
1219860 1994.7
1219870 1994.8
1219880 1995.1
1219890 1995.1
1219900 1995.5
1219910 1995.9
1219920 1995.9
1219930 1996.5
1219940 1997.3
1219950 1999.0
1219960 1999.0
1219970 2002.1
1219980 2004.7
1219990 2004.7
1200000 1571.2
1200010 1572.7
1200020 1572.7
1200030 1575.6
1200040 1579.7
1200050 1579.7
1200060 1584.2
1200070 1587.9
1200080 1587.9
1200090 1591.0
1200100 1595.1
1200110 1595.1
1200120 1599.6
1200130 1603.3
1200140 1603.3
1200150 1612.2
1200160 1618.7
1200170 1618.7
1200180 1622.5
1200190 1632.9
1200200 1632.9
1200210 1639.9
1200220 1647.1
1200230 1652.5
1200240 1652.5
1200250 1658.0
1200260 1663.3
1200270 1663.3
1200280 1668.0
1200290 1671.4
1200300 1671.4
1200310 1676.1
1200320 1680.5
1200330 1680.5
1200340 1683.1
1200350 1685.0
1200360 1685.0
1200370 1688.6
1200380 1692.9
1200390 1692.9
1200400 1696.6
1200410 1700.7
1200420 1700.7
1200430 1706.1
1200440 1708.8
1200450 1708.8
1200460 1709.1
1200470 1710.6
1200480 1713.4
1200490 1713.4
1200500 1717.3
1200510 1722.1
1200520 1722.1
1200530 1726.2
1200540 1729.8
1200550 1729.8
1200560 1732.5
1200570 1735.2
1200580 1735.2
1200590 1736.9
1200600 1739.2
1200610 1739.2
1200620 1741.6
1200630 1743.7
1200640 1748.2
1200650 1750.8
1200660 1753.9
1200670 1753.9
1200680 1756.7
1200690 1760.7
1200700 1760.7
1200710 1765.2
1200720 1768.5
1200730 1770.0
1200740 1770.0
1200750 1771.5
1200760 1774.0
1200770 1774.0
1200780 1776.5
1200790 1779.2
1200800 1779.2
1200810 1781.8
1200820 1785.6
1200830 1785.6
1200840 1789.8
1200850 1793.3
1200860 1793.3
1200870 1796.5
1200880 1799.5
1200890 1799.5
1200900 1802.7
1200910 1805.5
1200920 1805.5
1200930 1808.6
1200940 1811.5
1200950 1811.5
1200960 1814.0
1200970 1816.8
1200980 1816.8
1200990 1818.8
1201000 1819.4
1201010 1820.6
1201020 1820.6
1201030 1823.4
1201040 1827.1
1201050 1827.1
1201060 1829.8
1201070 1833.3
1201080 1833.3
1201090 1844.8
1201100 1847.4
1201110 1847.4
1201120 1852.2
1201130 1855.8
1201140 1855.8
1201150 1860.1
1201160 1864.3
1201170 1864.3
1201180 1868.3
1201190 1870.8
1201200 1870.8
1201210 1872.1
1201220 1873.7
1201230 1873.7
1201240 1875.7
1201250 1880.4
1201260 1882.1
1201270 1882.1
1201280 1886.5
1201290 1889.8
1201300 1889.8
1201310 1893.7
1201320 1898.3
1201330 1898.3
1201340 1901.2
1201350 1903.8
1201360 1903.8
1201370 1906.3
1201380 1908.5
1201390 1908.5
1201400 1911.7
1201410 1915.4
1201420 1915.4
1201430 1918.9
1201440 1922.0
1201450 1922.0
1201460 1925.9
1201470 1930.0
1201480 1930.0
1201490 1933.3
1201500 1935.5
1201510 1939.3
1201520 1939.3
1201530 1941.6
1201540 1947.6
1201550 1947.6
1201560 1948.1
1201570 1951.1
1201580 1951.1
1201590 1954.8
1201600 1957.4
1201610 1957.4
1201620 1958.7
1201630 1963.8
1201640 1963.8
1201650 1966.1
1201660 1968.6
1201670 1968.6
1201680 1972.4
1201690 1974.7
1201700 1974.7
1201710 1975.3
1201720 1979.6
1201730 1979.6
1201740 1983.5
1201750 1986.3
1201760 1986.3
1201770 1988.5
1201780 1989.5
1201790 1989.4
1201800 1989.4
1201810 1990.3
1201820 1992.3
1201830 1992.3
1201840 1994.2
1201850 1997.7
1201860 1997.7
1201870 2000.8
1201880 2004.2
1201890 2004.2
1201900 2007.3
1201910 2010.9
1201920 2010.9
1201930 2014.9
1201940 2017.2
1201950 2017.2
1201960 2018.3
1201970 2019.1
1201980 2019.1
1201990 2026.6
1202000 2029.8
1202010 2029.8
1202020 2033.1
1202030 2034.0
1202040 2035.5
1202050 2035.5
1202060 2035.3
1202070 2040.7
1202080 2040.7
1202090 2045.0
1202100 2049.4
1202110 2049.4
1202120 2053.6
1202130 2057.4
1202140 2057.4
1202150 2064.9
1202160 2074.8
1202170 2074.8
1202180 2084.2
1202190 2089.7
1202200 2089.7
1202210 2095.8
1202220 2098.5
1202230 2098.5
1202240 2099.8
1202250 2100.5
1202260 2100.5
1202270 2101.6
1202280 2102.1
1202290 2098.7
1202300 2098.7
1202310 2094.3
1202320 2091.7
1202330 2091.7
1202340 2091.1
1202350 2088.8
1202360 2088.8
1202370 2088.1
1202380 2087.2
1202390 2087.2
1202400 2088.6
1202410 2091.4
1202420 2091.4
1202430 2093.9
1202440 2099.6
1202450 2099.6
1202460 2096.0
1202470 2092.5
1202480 2092.5
1202490 2090.9
1202500 2090.9
1202510 2090.9
1202520 2092.5
1202530 2091.3
1202540 2091.3
1202550 2090.2
1202560 2090.2
1202570 2089.2
1202580 2089.2
1202590 2092.9
1202600 2094.6
1202610 2094.6
1202620 2098.8
1202630 2105.8
1202640 2105.8
1202650 2106.2
1202660 2101.7
1202670 2101.7
1202680 2097.9
1202690 2093.7
1202700 2093.7
1202710 2091.9
1202720 2090.1
1202730 2090.1
1202740 2085.4
1202750 2083.9
1202760 2083.9
1202770 2084.9
1202780 2087.0
1202790 2087.0
1202800 2091.7
1202810 2095.6
1202820 2096.6
1202830 2096.6
1202840 2096.6
1202850 2097.0
1202860 2097.0
1202870 2099.0
1202880 2100.9
1202890 2108.2
1202900 2108.8
1202910 2108.6
1202920 2108.6
1202930 2111.5
1202940 2115.7
1202950 2115.7
1202960 2120.2
1202970 2125.4
1202980 2125.4
1202990 2130.6
1203000 2135.4
1203010 2135.4
1203020 2140.2
1203030 2145.2
1203040 2145.2
1203050 2151.2
1203060 2157.6
1203070 2164.2
1203080 2164.2
1203090 2170.8
1203100 2177.5
1203110 2177.5
1203120 2184.6
1203130 2191.0
1203140 2191.0
1203150 2197.4
1203160 2204.3
1203170 2204.3
1203180 2211.6
1203190 2219.1
1203200 2219.1
1203210 2225.0
1203220 2228.6
1203230 2228.6
1203240 2228.1
1203250 2220.4
1203260 2220.4
1203270 2211.1
1203280 2201.9
1203290 2201.9
1203300 2191.6
1203310 2181.1
1203320 2181.1
1203330 2170.4
1203340 2160.9
1203350 2150.0
1203360 2150.0
1203370 2144.2
1203380 2142.3
1203390 2142.3
1203400 2139.8
1203410 2136.0
1203420 2136.0
1203430 2132.2
1203440 2132.2
1203450 2132.2
1203460 2129.2
1203470 2127.3
1203480 2127.3
1203490 2126.1
1203500 2124.7
1203510 2124.7
1203520 2122.5
1203530 2120.8
1203540 2120.8
1203550 2121.6
1203560 2122.0
1203570 2122.0
1203580 2121.3
1203590 2119.7
1203600 2117.7
1203610 2117.7
1203620 2110.3
1203630 2101.2
1203640 2101.2
1203650 2094.1
1203660 2081.5
1203670 2081.5
1203680 2071.7
1203690 2063.0
1203700 2063.0
1203710 2053.6
1203720 2042.8
1203730 2042.8
1203740 2031.1
1203750 2010.6
1203760 2010.6
1203770 1986.6
1203780 1964.7
1203790 1964.7
1203800 1948.0
1203810 1932.6
1203820 1932.6
1203830 1915.9
1203840 1897.7
1203850 1882.4
1203860 1882.4
1203870 1870.1
1203880 1857.4
1203890 1857.4
1203900 1845.4
1203910 1833.2
1203920 1833.2
1203930 1825.1
1203940 1816.4
1203950 1816.4
1203960 1805.3
1203970 1789.7
1203980 1789.7
1203990 1769.7
1204000 1751.3
1204010 1751.3
1204020 1723.0
1204030 1693.2
1204040 1693.2
1204050 1687.4
1204060 1682.4
1204070 1682.4
1204080 1685.6
1204090 1703.6
1204100 1703.6
1204110 1719.7
1204120 1729.0
1204130 1739.4
1204140 1739.4
1204150 1739.8
1204160 1728.6
1204170 1728.6
1204180 1718.0
1204190 1712.3
1204200 1712.3
1204210 1702.9
1204220 1694.3
1204230 1694.3
1204240 1695.5
1204250 1682.6
1204260 1682.6
1204270 1701.4
1204280 1712.0
1204290 1712.0
1204300 1713.4
1204310 1724.0
1204320 1724.0
1204330 1742.7
1204340 1749.7
1204350 1749.7
1204360 1750.6
1204370 1734.9
1204380 1712.8
1204390 1712.8
1204400 1685.7
1204410 1667.7
1204420 1667.7
1204430 1652.4
1204440 1633.1
1204450 1633.1
1204460 1619.6
1204470 1608.2
1204480 1608.2
1204490 1604.1
1204500 1600.0
1204510 1600.0
1204520 1593.6
1204530 1590.7
1204540 1590.7
1204550 1590.4
1204560 1598.4
1204570 1598.4
1204580 1603.1
1204590 1576.5
1204600 1576.5
1204610 1560.1
1204620 1553.0
1204630 1547.9
1204640 1547.9
1204650 1542.9
1204660 1538.6
1204670 1538.6
1204680 1540.4
1204690 1545.3
1204700 1545.3
1204710 1537.4
1204720 1542.9
1204730 1542.9
1204740 1550.3
1204750 1555.3
1204760 1555.3
1204770 1553.5
1204780 1545.4
1204790 1545.4
1204800 1522.7
1204810 1508.5
1204820 1508.5
1204830 1493.8
1204840 1481.2
1204850 1481.2
1204860 1472.1
1204870 1466.5
1204880 1466.5
1204890 1470.3
1204900 1472.4
1204910 1478.2
1204920 1478.2
1204930 1490.5
1204940 1493.0
1204950 1493.0
1204960 1513.2
1204970 1519.1
1204980 1519.1
1204990 1517.1
1205000 1512.5
1205010 1512.5
1205020 1506.2
1205030 1500.0
1205040 1500.0
1205050 1492.6
1205060 1485.6
1205070 1485.6
1205080 1478.2
1205090 1469.4
1205100 1469.4
1205110 1461.1
1205120 1454.2
1205130 1454.2
1205140 1461.5
1205150 1469.5
1205160 1457.0
1205170 1457.0
1205180 1449.7
1205190 1442.8
1205200 1442.8
1205210 1436.7
1205220 1430.2
1205230 1430.2
1205240 1419.3
1205250 1397.8
1205260 1397.8
1205270 1369.5
1205280 1347.3
1205290 1347.3
1205300 1308.3
1205310 1284.8
1205320 1284.8
1205330 1276.3
1205340 1271.0
1205350 1271.0
1205360 1260.1
1205370 1248.1
1205380 1248.1
1205390 1240.0
1205400 1232.3
1205410 1224.4
1205420 1224.4
1205430 1212.5
1205440 1200.5
1205450 1200.5
1205460 1198.0
1205470 1201.6
1205480 1201.6
1205490 1203.9
1205500 1208.2
1205510 1208.2
1205520 1220.1
1205530 1238.3
1205540 1238.3
1205550 1259.4
1205560 1279.6
1205570 1279.6
1205580 1281.9
1205590 1276.5
1205600 1276.5
1205610 1277.3
1205620 1269.9
1205630 1269.9
1205640 1275.1
1205650 1279.9
1205660 1279.9
1205670 1284.5
1205680 1279.0
1205690 1270.2
1205700 1270.2
1205710 1259.9
1205720 1250.2
1205730 1250.2
1205740 1241.9
1205750 1234.4
1205760 1234.4
1205770 1227.4
1205780 1216.0
1205790 1216.0
1205800 1204.8
1205810 1201.3
1205820 1201.3
1205830 1202.4
1205840 1206.0
1205850 1206.0
1205860 1213.3
1205870 1220.9
1205880 1220.9
1205890 1223.2
1205900 1223.8
1205910 1223.8
1205920 1214.5
1205930 1205.0
1205940 1193.5
1205950 1193.5
1205960 1180.5
1205970 1168.9
1205980 1168.9
1205990 1159.4
1206000 1146.9
1206010 1146.9
1206020 1134.6
1206030 1120.5
1206040 1120.5
1206050 1099.6
1206060 1091.0
1206070 1091.0
1206080 1086.1
1206090 1087.1
1206100 1087.1
1206110 1084.4
1206120 1081.0
1206130 1081.0
1206140 1077.8
1206150 1074.6
1206160 1074.6
1206170 1071.6
1206180 1067.4
1206190 1063.5
1206200 1063.5
1206210 1058.6
1206220 1053.0
1206230 1053.0
1206240 1046.9
1206250 1041.0
1206260 1041.0
1206270 1034.3
1206280 1027.4
1206290 1027.4
1206300 1021.0
1206310 1015.5
1206320 1015.5
1206330 1011.9
1206340 1010.1
1206350 1010.1
1206360 1008.7
1206370 1006.3
1206380 1006.3
1206390 1003.5
1206400 999.4
1206410 999.4
1206420 994.7
1206430 990.9
1206440 990.9
1206450 986.8
1206460 982.2
1206470 977.1
1206480 977.1
1206490 971.9
1206500 966.8
1206510 966.8
1206520 961.7
1206530 954.3
1206540 954.3
1206550 949.4
1206560 945.0
1206570 945.0
1206580 942.4
1206590 940.5
1206600 940.5
1206610 940.5
1206620 940.2
1206630 940.2
1206640 937.6
1206650 936.2
1206660 936.2
1206670 935.0
1206680 933.7
1206690 933.7
1206700 932.6
1206710 930.5
1206720 928.1
1206730 928.1
1206740 925.7
1206750 923.3
1206760 923.3
1206770 921.4
1206780 919.5
1206790 919.5
1206800 917.3
1206810 915.5
1206820 915.5
1206830 913.3
1206840 910.3
1206850 910.3
1206860 907.5
1206870 904.6
1206880 904.6
1206890 902.5
1206900 900.1
1206910 900.1
1206920 896.7
1206930 893.2
1206940 893.2
1206950 890.1
1206960 887.2
1206970 884.4
1206980 884.4
1206990 879.1
1207000 876.2
1207010 876.2
1207020 872.3
1207030 867.9
1207040 867.9
1207050 862.6
1207060 858.4
1207070 858.4
1207080 856.5
1207090 854.6
1207100 854.6
1207110 852.2
1207120 850.0
1207130 850.0
1207140 848.2
1207150 846.9
1207160 846.9
1207170 847.6
1207180 850.2
1207190 850.2
1207200 849.3
1207210 846.4
1207220 846.4
1207230 843.9
1207240 841.6
1207250 839.6
1207260 839.6
1207270 837.4
1207280 835.3
1207290 835.3
1207300 833.6
1207310 831.9
1207320 831.9
1207330 830.3
1207340 828.8
1207350 828.8
1207360 827.0
1207370 825.5
1207380 825.5
1207390 823.8
1207400 821.7
1207410 821.7
1207420 819.6
1207430 817.6
1207440 817.6
1207450 814.7
1207460 813.3
1207470 813.3
1207480 811.9
1207490 809.8
1207500 807.7
1207510 807.7
1207520 805.9
1207530 803.9
1207540 803.9
1207550 801.7
1207560 799.7
1207570 799.7
1207580 798.1
1207590 796.2
1207600 796.2
1207610 795.0
1207620 793.8
1207630 793.8
1207640 791.7
1207650 789.6
1207660 789.6
1207670 787.2
1207680 784.8
1207690 784.8
1207700 782.7
1207710 780.6
1207720 780.6
1207730 778.4
1207740 776.1
1207750 774.2
1207760 774.2
1207770 772.7
1207780 770.9
1207790 770.9
1207800 768.9
1207810 767.2
1207820 767.2
1207830 765.0
1207840 763.0
1207850 763.0
1207860 761.7
1207870 759.9
1207880 759.9
1207890 758.1
1207900 756.8
1207910 756.0
1207920 754.9
1207930 753.8
1207940 753.8
1207950 752.5
1207960 751.4
1207970 751.4
1207980 750.4
1207990 749.8
1208000 749.8
1208010 749.4
1208020 748.9
1208030 748.8
1208040 748.8
1208050 747.9
1208060 747.1
1208070 747.1
1208080 745.7
1208090 745.3
1208100 745.3
1208110 745.3
1208120 745.1
1208130 745.1
1208140 744.5
1208150 743.9
1208160 743.9
1208170 743.1
1208180 741.8
1208190 741.8
1208200 740.4
1208210 739.7
1208220 739.7
1208230 738.1
1208240 736.0
1208250 736.0
1208260 733.2
1208270 728.3
1208280 726.1
1208290 726.1
1208300 726.2
1208310 726.5
1208320 726.5
1208330 726.7
1208340 727.1
1208350 727.1
1208360 726.5
1208370 723.6
1208380 723.6
1208390 722.7
1208400 721.5
1208410 721.5
1208420 720.1
1208430 716.6
1208440 716.6
1208450 716.7
1208460 712.5
1208470 712.5
1208480 703.9
1208490 696.5
1208500 696.5
1208510 689.3
1208520 682.6
1208530 676.3
1208540 676.3
1208550 669.8
1208560 665.1
1208570 665.1
1208580 663.1
1208590 662.7
1208600 662.7
1208610 662.6
1208620 662.7
1208630 662.7
1208640 663.0
1208650 664.2
1208660 664.2
1208670 665.9
1208680 666.4
1208690 666.4
1208700 666.7
1208710 667.0
1208720 667.0
1208730 667.0
1208740 666.9
1208750 666.9
1208760 666.9
1208770 666.8
1208780 666.8
1208790 666.6
1208800 666.6
1208810 666.5
1208820 666.5
1208830 666.5
1208840 666.6
1208850 666.6
1208860 666.6
1208870 666.5
1208880 666.5
1208890 666.5
1208900 666.5
1208910 666.5
1208920 666.5
1208930 666.4
1208940 666.4
1208950 666.4
1208960 666.4
1208970 666.4
1208980 666.4
1208990 666.4
1209000 666.4
1209010 666.4
1209020 666.3
1209030 666.3
1209040 666.2
1209050 666.1
1209060 666.0
1209070 666.0
1209080 667.8
1209090 672.3
1209100 672.3
1209110 675.3
1209120 675.5
1209130 675.5
1209140 675.5
1209150 676.0
1209160 676.0
1209170 675.7
1209180 676.5
1209190 676.5
1209200 678.7
1209210 680.6
1209220 680.6
1209230 680.6
1209240 679.6
1209250 679.6
1209260 678.5
1209270 678.8
1209280 678.8
1209290 678.3
1209300 675.9
1209310 675.4
1209320 675.4
1209330 675.3
1209340 676.6
1209350 676.6
1209360 680.6
1209370 685.7
1209380 685.7
1209390 688.2
1209400 690.1
1209410 690.1
1209420 691.3
1209430 689.0
1209440 689.0
1209450 688.2
1209460 689.3
1209470 689.3
1209480 689.8
1209490 688.6
1209500 688.6
1209510 689.1
1209520 689.1
1209530 689.1
1209540 689.8
1209550 691.3
1209560 691.3
1209570 692.7
1209580 692.3
1209590 693.5
1209600 693.5
1209610 696.3
1209620 698.3
1209630 698.3
1209640 699.8
1209650 701.1
1209660 701.1
1209670 700.7
1209680 696.7
1209690 696.7
1209700 691.3
1209710 686.8
1209720 686.8
1209730 686.5
1209740 686.8
1209750 686.8
1209760 688.8
1209770 686.8
1209780 686.8
1209790 685.9
1209800 686.4
1209810 686.4
1209820 687.6
1209830 688.9
1209840 691.0
1209850 691.0
1209860 691.9
1209870 691.6
1209880 691.6
1209890 692.3
1209900 695.4
1209910 695.4
1209920 695.2
1209930 694.2
1209940 694.2
1209950 693.8
1209960 691.5
1209970 691.5
1209980 689.1
1209990 690.1
1210000 690.1
1210010 692.2
1210020 693.6
1210030 693.6
1210040 695.6
1210050 698.0
1210060 698.0
1210070 700.4
1210080 702.5
1210090 701.9
1210100 701.9
1210110 698.9
1210120 695.7
1210130 695.7
1210140 692.6
1210150 689.5
1210160 689.5
1210170 685.4
1210180 683.2
1210190 683.2
1210200 683.6
1210210 684.0
1210220 684.4
1210230 684.5
1210240 684.2
1210250 684.2
1210260 685.1
1210270 685.6
1210280 685.6
1210290 685.3
1210300 685.3
1210310 685.3
1210320 684.8
1210330 685.9
1210340 685.9
1210350 687.2
1210360 688.6
1210370 687.9
1210380 687.9
1210390 686.3
1210400 686.0
1210410 686.0
1210420 686.0
1210430 685.9
1210440 685.9
1210450 685.9
1210460 685.8
1210470 685.8
1210480 685.9
1210490 685.9
1210500 685.9
1210510 685.9
1210520 685.9
1210530 685.9
1210540 685.9
1210550 686.0
1210560 686.0
1210570 686.0
1210580 685.9
1210590 685.9
1210600 685.6
1210610 685.8
1210620 685.5
1210630 685.5
1210640 682.7
1210650 681.2
1210660 681.2
1210670 682.4
1210680 683.0
1210690 685.2
1210700 687.4
1210710 685.8
1210720 685.8
1210730 683.0
1210740 683.5
1210750 683.5
1210760 684.1
1210770 685.2
1210780 685.2
1210790 685.7
1210800 684.8
1210810 684.8
1210820 684.0
1210830 683.3
1210840 683.3
1210850 682.9
1210860 682.8
1210870 682.7
1210880 682.7
1210890 682.7
1210900 682.7
1210910 682.7
1210920 682.7
1210930 682.7
1210940 682.7
1210950 682.8
1210960 683.0
1210970 683.0
1210980 682.6
1210990 682.0
1211000 682.0
1211010 682.3
1211020 681.7
1211030 681.7
1211040 681.5
1211050 680.9
1211060 680.9
1211070 679.8
1211080 679.3
1211090 679.3
1211100 679.6
1211110 680.0
1211120 680.0
1211130 679.6
1211140 678.3
1211150 677.0
1211160 677.0
1211170 676.6
1211180 675.9
1211190 675.9
1211200 675.6
1211210 675.4
1211220 675.4
1211230 674.9
1211240 674.2
1211250 674.2
1211260 673.9
1211270 673.7
1211280 673.7
1211290 673.5
1211300 673.6
1211310 673.6
1211320 673.1
1211330 673.0
1211340 673.0
1211350 674.0
1211360 673.3
1211370 673.3
1211380 673.0
1211390 672.8
1211400 672.7
1211410 672.7
1211420 672.4
1211430 671.7
1211440 671.7
1211450 672.2
1211460 672.2
1211470 672.2
1211480 672.3
1211490 672.4
1211500 672.4
1211510 672.7
1211520 673.5
1211530 673.5
1211540 674.4
1211550 675.0
1211560 675.0
1211570 676.2
1211580 676.6
1211590 676.6
1211600 677.3
1211610 677.8
1211620 678.4
1211630 679.2
1211640 679.9
1211650 680.2
1211660 680.2
1211670 680.6
1211680 681.1
1211690 681.1
1211700 681.6
1211710 682.2
1211720 682.2
1211730 682.6
1211740 683.1
1211750 683.1
1211760 684.2
1211770 687.3
1211780 687.3
1211790 693.3
1211800 699.7
1211810 699.7
1211820 705.6
1211830 711.5
1211840 711.5
1211850 717.4
1211860 723.2
1211870 723.2
1211880 728.5
1211890 733.1
1211900 733.1
1211910 737.8
1211920 743.1
1211930 747.3
1211940 747.3
1211950 752.4
1211960 758.3
1211970 758.3
1211980 764.1
1211990 769.2
1212000 769.2
1212010 774.9
1212020 780.0
1212030 780.0
1212040 783.1
1212050 788.2
1212060 788.2
1212070 793.0
1212080 799.7
1212090 799.7
1212100 804.6
1212110 810.0
1212120 810.0
1212130 815.1
1212140 820.1
1212150 820.1
1212160 824.7
1212170 829.7
1212180 835.5
1212190 835.5
1212200 841.5
1212210 847.2
1212220 847.2
1212230 852.6
1212240 858.3
1212250 858.3
1212260 863.9
1212270 869.2
1212280 869.2
1212290 874.3
1212300 879.4
1212310 879.4
1212320 884.5
1212330 889.4
1212340 889.4
1212350 893.3
1212360 897.2
1212370 897.2
1212380 900.7
1212390 904.0
1212400 904.0
1212410 907.2
1212420 910.0
1212430 912.8
1212440 912.8
1212450 915.3
1212460 917.1
1212470 917.1
1212480 919.5
1212490 921.7
1212500 921.7
1212510 924.2
1212520 926.6
1212530 926.6
1212540 929.6
1212550 933.8
1212560 933.8
1212570 937.3
1212580 941.4
1212590 941.4
1212600 945.7
1212610 950.1
1212620 950.1
1212630 955.6
1212640 960.1
1212650 960.1
1212660 964.7
1212670 970.5
1212680 970.5
1212690 974.9
1212700 978.7
1212710 982.3
1212720 982.3
1212730 987.1
1212740 990.9
1212750 990.9
1212760 993.1
1212770 996.4
1212780 996.4
1212790 1001.1
1212800 1005.6
1212810 1005.6
1212820 1009.9
1212830 1012.0
1212840 1012.0
1212850 1012.2
1212860 1012.3
1212870 1012.3
1212880 1012.6
1212890 1012.8
1212900 1012.8
1212910 1012.1
1212920 1010.7
1212930 1010.7
1212940 1009.7
1212950 1008.3
1212960 1008.7
1212970 1008.7
1212980 1010.9
1212990 1013.8
1213000 1013.8
1213010 1016.6
1213020 1019.6
1213030 1019.6
1213040 1023.0
1213050 1025.6
1213060 1025.6
1213070 1028.7
1213080 1032.0
1213090 1032.0
1213100 1036.1
1213110 1041.4
1213120 1041.4
1213130 1047.7
1213140 1054.4
1213150 1054.4
1213160 1061.9
1213170 1069.2
1213180 1069.2
1213190 1074.6
1213200 1081.1
1213210 1087.8
1213220 1087.8
1213230 1091.4
1213240 1093.1
1213250 1093.1
1213260 1094.2
1213270 1095.9
1213280 1095.9
1213290 1097.5
1213300 1100.2
1213310 1100.2
1213320 1101.1
1213330 1101.9
1213340 1101.9
1213350 1102.2
1213360 1102.4
1213370 1102.4
1213380 1102.5
1213390 1101.9
1213400 1101.9
1213410 1103.5
1213420 1105.1
1213430 1105.1
1213440 1106.5
1213450 1107.7
1213460 1107.7
1213470 1108.4
1213480 1108.5
1213490 1110.3
1213500 1110.3
1213510 1110.0
1213520 1109.9
1213530 1109.9
1213540 1110.3
1213550 1111.5
1213560 1111.5
1213570 1112.7
1213580 1113.5
1213590 1113.5
1213600 1114.0
1213610 1114.7
1213620 1114.7
1213630 1115.9
1213640 1117.1
1213650 1117.1
1213660 1117.5
1213670 1117.9
1213680 1117.9
1213690 1118.4
1213700 1118.5
1213710 1118.5
1213720 1118.3
1213730 1117.6
1213740 1117.1
1213750 1117.1
1213760 1118.5
1213770 1119.5
1213780 1119.5
1213790 1120.2
1213800 1119.9
1213810 1119.9
1213820 1117.4
1213830 1115.9
1213840 1115.9
1213850 1116.6
1213860 1117.5
1213870 1117.5
1213880 1118.2
1213890 1118.9
1213900 1118.9
1213910 1119.3
1213920 1119.5
1213930 1119.5
1213940 1118.6
1213950 1117.9
1213960 1123.5
1213970 1123.2
1213980 1123.1
1213990 1122.4
1214000 1122.4
1214010 1121.2
1214020 1120.6
1214030 1120.6
1214040 1120.5
1214050 1121.6
1214060 1121.6
1214070 1123.1
1214080 1124.4
1214090 1124.4
1214100 1125.8
1214110 1125.5
1214120 1125.5
1214130 1124.8
1214140 1124.3
1214150 1124.3
1214160 1123.1
1214170 1121.9
1214180 1121.9
1214190 1121.5
1214200 1121.0
1214210 1121.0
1214220 1120.9
1214230 1120.8
1214240 1120.8
1214250 1121.5
1214260 1121.6
1214270 1120.4
1214280 1120.4
1214290 1119.2
1214300 1118.4
1214310 1118.4
1214320 1118.3
1214330 1116.9
1214340 1116.9
1214350 1112.8
1214360 1108.4
1214370 1108.4
1214380 1109.1
1214390 1109.9
1214400 1109.9
1214410 1108.6
1214420 1107.7
1214430 1113.9
1214440 1115.8
1214450 1120.7
1214460 1120.7
1214470 1123.2
1214480 1125.5
1214490 1125.5
1214500 1128.0
1214510 1130.1
1214520 1132.2
1214530 1132.2
1214540 1133.6
1214550 1134.9
1214560 1134.9
1214570 1136.2
1214580 1137.0
1214590 1137.0
1214600 1137.2
1214610 1136.8
1214620 1136.8
1214630 1136.4
1214640 1136.1
1214650 1136.1
1214660 1136.3
1214670 1136.7
1214680 1136.7
1214690 1136.8
1214700 1136.8
1214710 1136.8
1214720 1136.9
1214730 1137.1
1214740 1137.1
1214750 1137.8
1214760 1139.3
1214770 1141.2
1214780 1141.2
1214790 1143.8
1214800 1146.6
1214810 1146.6
1214820 1149.6
1214830 1152.6
1214840 1152.6
1214850 1155.6
1214860 1158.7
1214870 1158.7
1214880 1159.7
1214890 1159.7
1214900 1166.4
1214910 1166.5
1214920 1167.2
1214930 1167.2
1214940 1167.3
1214950 1167.7
1214960 1167.7
1214970 1169.0
1214980 1171.1
1214990 1171.1
1215000 1175.1
1215010 1176.0
1215020 1175.5
1215030 1175.5
1215040 1174.9
1215050 1173.0
1215060 1173.0
1215070 1171.5
1215080 1173.3
1215090 1173.3
1215100 1176.4
1215110 1180.9
1215120 1180.9
1215130 1182.9
1215140 1184.1
1215150 1184.1
1215160 1184.2
1215170 1183.4
1215180 1183.4
1215190 1182.6
1215200 1182.1
1215210 1182.1
1215220 1182.1
1215230 1182.8
1215240 1182.8
1215250 1183.8
1215260 1185.0
1215270 1185.0
1215280 1186.2
1215290 1187.5
1215300 1188.9
1215310 1188.9
1215320 1190.2
1215330 1191.7
1215340 1191.7
1215350 1193.0
1215360 1194.5
1215370 1199.3
1215380 1200.8
1215390 1202.1
1215400 1202.1
1215410 1204.0
1215420 1206.7
1215430 1206.7
1215440 1208.9
1215450 1209.9
1215460 1209.9
1215470 1210.2
1215480 1210.0
1215490 1210.0
1215500 1210.4
1215510 1211.1
1215520 1211.1
1215530 1212.6
1215540 1214.3
1215550 1216.0
1215560 1216.0
1215570 1217.5
1215580 1218.4
1215590 1218.4
1215600 1218.8
1215610 1219.0
1215620 1219.0
1215630 1218.8
1215640 1219.6
1215650 1219.6
1215660 1220.3
1215670 1220.3
1215680 1220.3
1215690 1220.1
1215700 1220.0
1215710 1220.0
1215720 1220.6
1215730 1221.4
1215740 1221.4
1215750 1222.4
1215760 1223.3
1215770 1223.3
1215780 1224.0
1215790 1224.7
1215800 1225.4
1215810 1225.4
1215820 1226.3
1215830 1227.8
1215840 1234.9
1215850 1236.4
1215860 1237.3
1215870 1237.3
1215880 1237.4
1215890 1236.6
1215900 1236.6
1215910 1235.9
1215920 1235.9
1215930 1235.9
1215940 1236.6
1215950 1237.9
1215960 1237.9
1215970 1238.8
1215980 1240.1
1215990 1240.1
1216000 1241.7
1216010 1242.7
1216020 1242.7
1216030 1242.6
1216040 1237.7
1216050 1237.7
1216060 1234.3
1216070 1238.5
1216080 1247.4
1216090 1247.4
1216100 1255.9
1216110 1261.9
1216120 1261.9
1216130 1265.8
1216140 1269.0
1216150 1269.0
1216160 1272.0
1216170 1275.3
1216180 1275.3
1216190 1278.6
1216200 1281.4
1216210 1281.4
1216220 1284.0
1216230 1286.2
1216240 1286.2
1216250 1287.9
1216260 1289.4
1216270 1289.4
1216280 1291.3
1216290 1293.2
1216300 1293.2
1216310 1297.5
1216320 1300.3
1216330 1303.6
1216340 1303.6
1216350 1305.7
1216360 1308.8
1216370 1308.8
1216380 1312.4
1216390 1315.1
1216400 1315.1
1216410 1317.6
1216420 1319.7
1216430 1319.7
1216440 1321.6
1216450 1323.0
1216460 1323.0
1216470 1324.7
1216480 1327.8
1216490 1327.8
1216500 1331.3
1216510 1333.8
1216520 1333.8
1216530 1335.5
1216540 1337.5
1216550 1337.5
1216560 1339.1
1216570 1341.1
1216580 1343.9
1216590 1343.9
1216600 1346.8
1216610 1350.1
1216620 1350.1
1216630 1352.8
1216640 1355.2
1216650 1355.2
1216660 1357.7
1216670 1360.3
1216680 1360.3
1216690 1363.1
1216700 1365.7
1216710 1365.7
1216720 1368.6
1216730 1371.4
1216740 1371.4
1216750 1374.1
1216760 1377.0
1216770 1377.0
1216780 1380.3
1216790 1385.0
1216800 1385.0
1216810 1387.6
1216820 1390.2
1216830 1390.2
1216840 1392.5
1216850 1394.9
1216860 1397.7
1216870 1397.7
1216880 1401.2
1216890 1402.8
1216900 1402.8
1216910 1404.9
1216920 1408.2
1216930 1408.2
1216940 1412.7
1216950 1417.4
1216960 1417.4
1216970 1421.5
1216980 1426.4
1216990 1426.4
1217000 1431.1
1217010 1435.9
1217020 1435.9
1217030 1440.6
1217040 1445.8
1217050 1445.8
1217060 1451.9
1217070 1457.9
1217080 1457.9
1217090 1464.6
1217100 1470.1
1217110 1475.2
1217120 1475.2
1217130 1481.1
1217140 1488.1
1217150 1488.1
1217160 1493.1
1217170 1496.0
1217180 1496.0
1217190 1501.6
1217200 1507.1
1217210 1507.1
1217220 1511.4
1217230 1515.7
1217240 1515.7
1217250 1519.7
1217260 1524.3
1217270 1524.3
1217280 1526.4
1217290 1528.4
1217300 1528.4
1217310 1529.9
1217320 1532.0
1217330 1532.0
1217340 1535.3
1217350 1539.1
1217360 1543.1
1217370 1543.1
1217380 1546.9
1217390 1551.1
1217400 1551.1
1217410 1555.4
1217420 1559.7
1217430 1559.7
1217440 1562.5
1217450 1564.4
1217460 1564.4
1217470 1565.7
1217480 1566.5
1217490 1566.5
1217500 1567.9
1217510 1569.5
1217520 1569.5
1217530 1571.1
1217540 1572.6
1217550 1572.6
1217560 1574.8
1217570 1577.9
1217580 1577.9
1217590 1582.3
1217600 1587.3
1217610 1587.3
1217620 1591.7
1217630 1595.7
1217640 1599.1
1217650 1599.1
1217660 1602.4
1217670 1605.1
1217680 1605.1
1217690 1607.4
1217700 1609.2
1217710 1609.2
1217720 1610.8
1217730 1613.1
1217740 1615.3
1217750 1617.0
1217760 1617.5
1217770 1617.5
1217780 1617.8
1217790 1618.1
1217800 1618.1
1217810 1618.6
1217820 1619.1
1217830 1619.1
1217840 1620.4
1217850 1622.0
1217860 1622.0
1217870 1623.8
1217880 1626.1
1217890 1628.3
1217900 1628.3
1217910 1631.6
1217920 1636.2
1217930 1636.2
1217940 1640.8
1217950 1646.8
1217960 1646.8
1217970 1654.2
1217980 1659.7
1217990 1659.7
1218000 1663.3
1218010 1666.5
1218020 1666.5
1218030 1669.4
1218040 1671.9
1218050 1671.9
1218060 1673.8
1218070 1675.4
1218080 1675.4
1218090 1676.6
1218100 1677.3
1218110 1677.3
1218120 1679.3
1218130 1682.4
1218140 1685.7
1218150 1685.7
1218160 1689.0
1218170 1692.4
1218180 1692.4
1218190 1696.9
1218200 1702.8
1218210 1702.8
1218220 1711.2
1218230 1715.0
1218240 1715.0
1218250 1718.6
1218260 1722.2
1218270 1722.2
1218280 1725.5
1218290 1728.9
1218300 1728.9
1218310 1731.6
1218320 1733.3
1218330 1733.3
1218340 1734.4
1218350 1736.5
1218360 1736.5
1218370 1739.6
1218380 1742.8
1218390 1745.1
1218400 1745.1
1218410 1747.3
1218420 1750.3
1218430 1750.3
1218440 1753.0
1218450 1756.5
1218460 1756.5
1218470 1761.0
1218480 1765.2
1218490 1765.2
1218500 1768.5
1218510 1771.2
1218520 1771.2
1218530 1774.4
1218540 1778.5
1218550 1778.5
1218560 1783.6
1218570 1789.2
1218580 1789.2
1218590 1795.1
1218600 1802.0
1218610 1802.0
1218620 1808.8
1218630 1815.7
1218640 1815.7
1218650 1820.9
1218660 1824.1
1218670 1828.1
1218680 1828.1
1218690 1833.0
1218700 1844.4
1218710 1844.4
1218720 1848.0
1218730 1851.8
1218740 1851.8
1218750 1855.2
1218760 1858.4
1218770 1858.4
1218780 1861.4
1218790 1864.3
1218800 1864.3
1218810 1867.9
1218820 1872.5
1218830 1872.5
1218840 1878.0
1218850 1884.9
1218860 1884.9
1218870 1891.0
1218880 1894.1
1218890 1894.1
1218900 1895.9
1218910 1897.5
1218920 1899.6
1218930 1899.6
1218940 1900.8
1218950 1901.1
1218960 1901.1
1218970 1900.8
1218980 1901.2
1218990 1901.2
1219000 1902.1
1219010 1902.9
1219020 1902.9
1219030 1903.3
1219040 1903.6
1219050 1903.6
1219060 1904.2
1219070 1905.8
1219080 1905.8
1219090 1906.4
1219100 1905.3
1219110 1905.3
1219120 1902.8
1219130 1901.0
1219140 1901.0
1219150 1900.0
1219160 1900.2
1219170 1910.2
1219180 1910.2
1219190 1909.8
1219200 1910.3
1219210 1910.3
1219220 1912.9
1219230 1913.0
1219240 1913.0
1219250 1912.1
1219260 1911.4
1219270 1911.4
1219280 1910.6
1219290 1910.2
1219300 1910.2
1219310 1909.2
1219320 1908.2
1219330 1908.2
1219340 1907.4
1219350 1908.3
1219360 1908.3
1219370 1910.2
1219380 1910.4
1219390 1910.4
1219400 1912.0
1219410 1915.8
1219420 1915.8
1219430 1919.3
1219440 1922.2
1219450 1925.2
1219460 1925.2
1219470 1927.0
1219480 1929.0
1219490 1929.0
1219500 1931.9
1219510 1934.7
1219520 1934.7
1219530 1937.6
1219540 1940.1
1219550 1940.1
1219560 1941.8
1219570 1942.6
1219580 1942.6
1219590 1945.3
1219600 1947.9
1219610 1947.9
1219620 1950.6
1219630 1953.6
1219640 1953.6
1219650 1964.1
1219660 1966.6
1219670 1966.6
1219680 1969.5
1219690 1973.2
1219700 1977.3
1219710 1977.3
1219720 1981.1
1219730 1984.7
1219740 1984.7
1219750 1987.3
1219760 1989.2
1219770 1989.2
1219780 1990.7
1219790 1991.9
1219800 1991.9
1219810 1993.0
1219820 1993.9
1219830 1993.9
1219840 1994.7
1219850 1994.7
1219860 1994.7
1219870 1994.8
1219880 1995.1
1219890 1995.1
1219900 1995.5
1219910 1995.9
1219920 1995.9
1219930 1996.5
1219940 1997.3
1219950 1999.0
1219960 1999.0
1219970 2002.1
1219980 2004.7
1219990 2004.7
