1200000 1072.5
1200010 1085.4
1200020 1092.0
1200030 1092.0
1200040 1095.9
1200050 1098.7
1200060 1098.7
1200070 1100.9
1200080 1102.6
1200090 1102.6
1200100 1103.2
1200110 1105.4
1200120 1105.4
1200130 1110.2
1200140 1114.8
1200150 1114.8
1200160 1118.4
1200170 1122.0
1200180 1122.0
1200190 1125.0
1200200 1127.4
1200210 1132.3
1200220 1132.3
1200230 1136.4
1200240 1139.5
1200250 1139.5
1200260 1142.7
1200270 1146.9
1200280 1146.9
1200290 1150.2
1200300 1150.1
1200310 1150.1
1200320 1153.1
1200330 1157.5
1200340 1157.5
1200350 1160.2
1200360 1162.6
1200370 1162.6
1200380 1165.8
1200390 1169.0
1200400 1169.0
1200410 1171.2
1200420 1173.4
1200430 1173.4
1200440 1176.9
1200450 1179.7
1200460 1188.4
1200470 1188.4
1200480 1191.2
1200490 1194.5
1200500 1194.5
1200510 1197.6
1200520 1201.4
1200530 1201.4
1200540 1204.2
1200550 1207.3
1200560 1207.3
1200570 1212.1
1200580 1216.6
1200590 1216.6
1200600 1220.5
1200610 1223.5
1200620 1223.5
1200630 1226.6
1200640 1231.6
1200650 1231.6
1200660 1236.0
1200670 1239.0
1200680 1239.0
1200690 1241.2
1200700 1243.2
1200710 1243.2
1200720 1243.0
1200730 1244.0
1200740 1247.7
1200750 1247.7
1200760 1250.4
1200770 1252.6
1200780 1252.6
1200790 1256.0
1200800 1261.2
1200810 1261.2
1200820 1266.9
1200830 1272.4
1200840 1272.4
1200850 1277.8
1200860 1281.5
1200870 1281.5
1200880 1283.1
1200890 1284.9
1200900 1284.9
1200910 1291.7
1200920 1294.8
1200930 1294.8
1200940 1296.8
1200950 1297.8
1200960 1297.8
1200970 1299.0
1200980 1301.2
1200990 1302.7
1201000 1302.7
1201010 1305.5
1201020 1310.0
1201030 1310.0
1201040 1312.6
1201050 1316.6
1201060 1316.6
1201070 1320.2
1201080 1322.5
1201090 1322.5
1201100 1326.0
1201110 1329.7
1201120 1329.7
1201130 1332.5
1201140 1333.3
1201150 1333.3
1201160 1334.4
1201170 1336.6
1201180 1336.6
1201190 1340.0
1201200 1344.7
1201210 1344.7
1201220 1347.8
1201230 1348.1
1201240 1348.1
1201250 1348.7
1201260 1351.5
1201270 1355.9
1201280 1355.9
1201290 1360.9
1201300 1365.9
1201310 1365.9
1201320 1370.1
1201330 1374.0
1201340 1374.0
1201350 1377.5
1201360 1386.1
1201370 1386.1
1201380 1388.7
1201390 1391.6
1201400 1391.6
1201410 1394.2
1201420 1397.2
1201430 1397.2
1201440 1400.8
1201450 1405.5
1201460 1405.5
1201470 1410.1
1201480 1414.9
1201490 1414.9
1201500 1418.4
1201510 1419.8
1201520 1420.9
1201530 1420.9
1201540 1422.8
1201550 1423.9
1201560 1423.9
1201570 1424.4
1201580 1425.9
1201590 1425.9
1201600 1427.2
1201610 1428.4
1201620 1428.4
1201630 1431.0
1201640 1433.7
1201650 1433.7
1201660 1436.6
1201670 1439.5
1201680 1439.5
1201690 1443.1
1201700 1448.4
1201710 1448.4
1201720 1452.3
1201730 1454.6
1201740 1454.6
1201750 1455.9
1201760 1457.9
1201770 1457.9
1201780 1459.7
1201790 1461.9
1201800 1465.3
1201810 1473.4
1201820 1477.1
1201830 1484.6
1201840 1484.6
1201850 1488.1
1201860 1488.7
1201870 1488.7
1201880 1490.2
1201890 1491.2
1201900 1491.2
1201910 1493.6
1201920 1497.2
1201930 1497.2
1201940 1501.7
1201950 1504.0
1201960 1504.0
1201970 1504.2
1201980 1504.2
1201990 1504.2
1202000 1504.4
1202010 1504.7
1202020 1504.7
1202030 1504.2
1202040 1502.6
1202050 1500.1
1202060 1500.1
1202070 1497.1
1202080 1495.3
1202090 1495.3
1202100 1494.8
1202110 1495.6
1202120 1495.6
1202130 1496.5
1202140 1496.6
1202150 1496.6
1202160 1493.6
1202170 1489.7
1202180 1489.7
1202190 1486.2
1202200 1485.0
1202210 1485.0
1202220 1483.1
1202230 1480.9
1202240 1480.9
1202250 1476.0
1202260 1470.2
1202270 1470.2
1202280 1460.3
1202290 1451.1
1202300 1442.1
1202310 1442.1
1202320 1434.2
1202330 1437.3
1202340 1437.3
1202350 1444.1
1202360 1450.0
1202370 1450.0
1202380 1455.0
1202390 1458.4
1202400 1458.4
1202410 1461.4
1202420 1464.4
1202430 1464.4
1202440 1469.9
1202450 1474.9
1202460 1474.9
1202470 1478.1
1202480 1482.9
1202490 1482.9
1202500 1490.7
1202510 1500.7
1202520 1500.7
1202530 1509.1
1202540 1516.2
1202550 1516.2
1202560 1522.8
1202570 1529.0
1202580 1537.3
1202590 1537.3
1202600 1546.1
1202610 1553.2
1202620 1553.2
1202630 1560.7
1202640 1568.4
1202650 1568.4
1202660 1575.4
1202670 1581.6
1202680 1581.6
1202690 1586.2
1202700 1590.7
1202710 1596.1
1202720 1599.3
1202730 1601.8
1202740 1601.8
1202750 1603.5
1202760 1606.1
1202770 1606.1
1202780 1609.7
1202790 1612.9
1202800 1612.9
1202810 1615.7
1202820 1618.3
1202830 1621.1
1202840 1621.1
1202850 1624.5
1202860 1627.8
1202870 1627.8
1202880 1632.0
1202890 1637.0
1202900 1637.0
1202910 1639.9
1202920 1641.1
1202930 1641.1
1202940 1642.1
1202950 1643.1
1202960 1643.1
1202970 1644.0
1202980 1644.7
1202990 1644.7
1203000 1644.5
1203010 1645.5
1203020 1645.5
1203030 1647.7
1203040 1649.1
1203050 1649.1
1203060 1653.4
1203070 1658.6
1203080 1658.6
1203090 1663.0
1203100 1667.4
1203110 1672.6
1203120 1672.6
1203130 1677.8
1203140 1680.9
1203150 1680.9
1203160 1686.6
1203170 1688.0
1203180 1688.0
1203190 1688.6
1203200 1689.0
1203210 1689.0
1203220 1689.4
1203230 1691.0
1203240 1691.0
1203250 1692.0
1203260 1694.9
1203270 1694.9
1203280 1695.9
1203290 1698.4
1203300 1698.4
1203310 1699.7
1203320 1700.8
1203330 1700.8
1203340 1702.2
1203350 1706.6
1203360 1711.3
1203370 1711.3
1203380 1715.0
1203390 1719.8
1203400 1719.8
1203410 1725.6
1203420 1730.9
1203430 1730.9
1203440 1735.6
1203450 1739.1
1203460 1739.1
1203470 1740.7
1203480 1742.6
1203490 1742.6
1203500 1744.1
1203510 1745.7
1203520 1745.7
1203530 1748.0
1203540 1750.6
1203550 1750.6
1203560 1756.3
1203570 1763.1
1203580 1763.1
1203590 1768.4
1203600 1774.8
1203610 1774.8
1203620 1787.4
1203630 1795.7
1203640 1803.6
1203650 1803.6
1203660 1809.7
1203670 1816.6
1203680 1816.6
1203690 1823.0
1203700 1827.0
1203710 1827.0
1203720 1830.6
1203730 1835.0
1203740 1835.0
1203750 1840.7
1203760 1846.7
1203770 1846.7
1203780 1851.9
1203790 1856.7
1203800 1856.7
1203810 1860.2
1203820 1862.0
1203830 1862.0
1203840 1865.0
1203850 1868.8
1203860 1868.8
1203870 1873.7
1203880 1877.9
1203890 1882.4
1203900 1882.4
1203910 1887.8
1203920 1892.0
1203930 1892.0
1203940 1895.9
1203950 1900.0
1203960 1900.0
1203970 1904.3
1203980 1908.6
1203990 1908.6
1204000 1912.3
1204010 1913.8
1204020 1913.8
1204030 1914.8
1204040 1919.6
1204050 1919.6
1204060 1926.1
1204070 1936.2
1204080 1936.2
1204090 1940.5
1204100 1944.3
1204110 1944.3
1204120 1947.9
1204130 1951.2
1204140 1953.9
1204150 1953.9
1204160 1956.0
1204170 1957.7
1204180 1957.7
1204190 1958.9
1204200 1959.4
1204210 1959.4
1204220 1959.6
1204230 1959.5
1204240 1959.5
1204250 1959.0
1204260 1957.7
1204270 1957.7
1204280 1955.4
1204290 1951.2
1204300 1951.2
1204310 1946.9
1204320 1942.6
1204330 1942.6
1204340 1939.1
1204350 1936.1
1204360 1936.1
1204370 1933.1
1204380 1928.6
1204390 1928.6
1204400 1922.4
1204410 1917.0
1204420 1911.8
1204430 1911.8
1204440 1905.6
1204450 1899.2
1204460 1899.2
1204470 1898.1
1204480 1900.5
1204490 1900.5
1204500 1902.6
1204510 1904.8
1204520 1910.7
1204530 1913.7
1204540 1917.1
1204550 1917.1
1204560 1919.4
1204570 1920.2
1204580 1920.2
1204590 1919.2
1204600 1917.6
1204610 1917.6
1204620 1915.1
1204630 1911.9
1204640 1911.9
1204650 1908.5
1204660 1909.2
1204670 1913.8
1204680 1913.8
1204690 1918.7
1204700 1923.2
1204710 1923.2
1204720 1927.2
1204730 1930.4
1204740 1930.4
1204750 1933.6
1204760 1937.5
1204770 1937.5
1204780 1940.8
1204790 1943.7
1204800 1943.7
1204810 1946.7
1204820 1949.7
1204830 1949.7
1204840 1952.1
1204850 1954.3
1204860 1954.3
1204870 1956.1
1204880 1958.9
1204890 1958.9
1204900 1965.0
1204910 1971.4
1204920 1971.4
1204930 1977.2
1204940 1982.4
1204950 1987.0
1204960 1987.0
1204970 1990.3
1204980 1997.8
1204990 1997.8
1205000 2002.9
1205010 2007.5
1205020 2007.5
1205030 2012.1
1205040 2015.2
1205050 2015.2
1205060 2018.8
1205070 2024.5
1205080 2024.5
1205090 2028.2
1205100 2030.2
1205110 2030.2
1205120 2033.3
1205130 2036.4
1205140 2036.4
1205150 2038.2
1205160 2038.8
1205170 2038.8
1205180 2039.4
1205190 2038.4
1205200 2036.8
1205210 2036.8
1205220 2033.0
1205230 2026.3
1205240 2026.3
1205250 2018.3
1205260 2011.0
1205270 2011.0
1205280 2003.6
1205290 1997.2
1205300 1997.2
1205310 1991.4
1205320 1987.1
1205330 1987.1
1205340 1983.0
1205350 1980.8
1205360 1980.8
1205370 1977.7
1205380 1973.7
1205390 1973.7
1205400 1969.4
1205410 1964.6
1205420 1964.6
1205430 1959.1
1205440 1934.3
1205450 1931.9
1205460 1931.9
1205470 1929.3
1205480 1926.3
1205490 1926.3
1205500 1916.5
1205510 1899.0
1205520 1899.0
1205530 1886.9
1205540 1879.1
1205550 1879.1
1205560 1873.4
1205570 1868.0
1205580 1868.0
1205590 1863.9
1205600 1860.2
1205610 1860.2
1205620 1853.4
1205630 1844.8
1205640 1844.8
1205650 1836.9
1205660 1828.3
1205670 1828.3
1205680 1821.8
1205690 1810.7
1205700 1810.7
1205710 1796.0
1205720 1788.2
1205730 1782.4
1205740 1782.4
1205750 1781.1
1205760 1775.7
1205770 1775.7
1205780 1768.9
1205790 1762.2
1205800 1762.2
1205810 1757.9
1205820 1753.7
1205830 1753.7
1205840 1746.0
1205850 1731.2
1205860 1731.2
1205870 1710.0
1205880 1699.4
1205890 1699.7
1205900 1690.9
1205910 1682.3
1205920 1682.3
1205930 1675.4
1205940 1672.0
1205950 1672.0
1205960 1670.3
1205970 1665.0
1205980 1655.5
1205990 1655.5
1206000 1647.0
1206010 1639.6
1206020 1639.6
1206030 1631.8
1206040 1622.8
1206050 1622.8
1206060 1612.9
1206070 1606.8
1206080 1606.8
1206090 1601.6
1206100 1601.2
1206110 1601.2
1206120 1604.1
1206130 1602.2
1206140 1602.2
1206150 1602.2
1206160 1610.1
1206170 1610.1
1206180 1613.6
1206190 1608.0
1206200 1608.0
1206210 1601.1
1206220 1599.9
1206230 1599.9
1206240 1593.7
1206250 1585.3
1206260 1574.2
1206270 1574.2
1206280 1566.1
1206290 1557.8
1206300 1557.8
1206310 1547.7
1206320 1540.5
1206330 1540.5
1206340 1537.2
1206350 1520.1
1206360 1520.1
1206370 1514.9
1206380 1515.6
1206390 1515.6
1206400 1514.3
1206410 1512.2
1206420 1512.2
1206430 1502.2
1206440 1490.6
1206450 1490.6
1206460 1480.4
1206470 1472.0
1206480 1472.0
1206490 1468.6
1206500 1458.8
1206510 1445.0
1206520 1445.0
1206530 1435.7
1206540 1431.0
1206550 1431.0
1206560 1432.4
1206570 1439.5
1206580 1439.5
1206590 1438.3
1206600 1430.8
1206610 1430.8
1206620 1421.5
1206630 1415.0
1206640 1415.0
1206650 1404.5
1206660 1389.6
1206670 1389.6
1206680 1377.3
1206690 1373.2
1206700 1373.2
1206710 1371.2
1206720 1367.3
1206730 1367.3
1206740 1362.2
1206750 1356.4
1206760 1356.4
1206770 1350.8
1206780 1345.2
1206790 1338.9
1206800 1338.9
1206810 1326.9
1206820 1320.0
1206830 1320.0
1206840 1313.4
1206850 1306.5
1206860 1306.5
1206870 1299.6
1206880 1293.6
1206890 1293.6
1206900 1288.0
1206910 1282.4
1206920 1282.4
1206930 1275.7
1206940 1267.2
1206950 1267.2
1206960 1260.1
1206970 1255.9
1206980 1255.9
1206990 1251.8
1207000 1246.6
1207010 1246.6
1207020 1242.6
1207030 1240.8
1207040 1237.5
1207050 1237.5
1207060 1234.2
1207070 1233.1
1207080 1233.1
1207090 1233.4
1207100 1233.5
1207110 1233.5
1207120 1233.3
1207130 1232.7
1207140 1232.7
1207150 1230.9
1207160 1229.4
1207170 1229.4
1207180 1227.4
1207190 1225.2
1207200 1225.2
1207210 1223.2
1207220 1220.7
1207230 1220.7
1207240 1217.8
1207250 1215.0
1207260 1215.0
1207270 1206.0
1207280 1203.7
1207290 1201.2
1207300 1201.2
1207310 1198.9
1207320 1196.9
1207330 1196.9
1207340 1194.9
1207350 1192.3
1207360 1192.3
1207370 1189.9
1207380 1187.8
1207390 1187.8
1207400 1184.6
1207410 1181.3
1207420 1181.3
1207430 1177.2
1207440 1172.6
1207450 1172.6
1207460 1170.6
1207470 1170.1
1207480 1170.1
1207490 1171.9
1207500 1175.5
1207510 1175.5
1207520 1182.0
1207530 1189.3
1207540 1189.3
1207550 1193.4
1207560 1196.8
1207570 1199.2
1207580 1199.2
1207590 1201.5
1207600 1205.0
1207610 1205.0
1207620 1210.3
1207630 1214.9
1207640 1214.9
1207650 1217.9
1207660 1221.3
1207670 1221.3
1207680 1227.4
1207690 1236.8
1207700 1236.8
1207710 1244.2
1207720 1245.0
1207730 1239.6
1207740 1237.0
1207750 1234.6
1207760 1234.6
1207770 1234.3
1207780 1237.0
1207790 1237.0
1207800 1240.6
1207810 1242.5
1207820 1243.0
1207830 1243.0
1207840 1242.9
1207850 1242.4
1207860 1242.4
1207870 1243.0
1207880 1244.1
1207890 1244.1
1207900 1243.0
1207910 1237.6
1207920 1237.6
1207930 1232.8
1207940 1227.3
1207950 1227.3
1207960 1219.5
1207970 1211.5
1207980 1211.5
1207990 1204.9
1208000 1199.4
1208010 1199.4
1208020 1194.6
1208030 1190.6
1208040 1190.6
1208050 1185.8
1208060 1180.3
1208070 1180.3
1208080 1176.6
1208090 1172.6
1208100 1168.5
1208110 1168.5
1208120 1164.0
1208130 1159.0
1208140 1159.0
1208150 1154.3
1208160 1150.0
1208170 1150.0
1208180 1145.8
1208190 1133.5
1208200 1133.5
1208210 1127.4
1208220 1120.5
1208230 1120.5
1208240 1114.0
1208250 1108.1
1208260 1108.1
1208270 1101.9
1208280 1095.8
1208290 1095.8
1208300 1090.2
1208310 1086.3
1208320 1086.3
1208330 1082.9
1208340 1077.5
1208350 1071.0
1208360 1071.0
1208370 1065.2
1208380 1059.7
1208390 1059.7
1208400 1053.0
1208410 1047.3
1208420 1047.3
1208430 1043.8
1208440 1038.9
1208450 1038.9
1208460 1033.1
1208470 1027.6
1208480 1027.6
1208490 1023.5
1208500 1020.1
1208510 1020.1
1208520 1016.7
1208530 1013.2
1208540 1013.2
1208550 1009.3
1208560 1005.6
1208570 1005.6
1208580 1001.7
1208590 998.5
1208600 998.5
1208610 994.5
1208620 990.2
1208630 985.4
1208640 985.4
1208650 977.6
1208660 974.2
1208670 974.2
1208680 969.6
1208690 964.0
1208700 964.0
1208710 958.4
1208720 952.0
1208730 952.0
1208740 945.6
1208750 939.1
1208760 939.1
1208770 933.4
1208780 928.6
1208790 928.6
1208800 923.8
1208810 918.1
1208820 918.1
1208830 914.9
1208840 910.6
1208850 910.6
1208860 905.0
1208870 900.0
1208880 894.6
1208890 894.6
1208900 888.8
1208910 883.0
1208920 883.0
1208930 877.0
1208940 870.0
1208950 870.0
1208960 862.0
1208970 854.2
1208980 854.2
1208990 843.1
1209000 839.3
1209010 839.3
1209020 840.5
1209030 840.9
1209040 840.9
1209050 840.7
1209060 840.6
1209070 840.6
1209080 837.9
1209090 833.3
1209100 833.3
1209110 825.9
1209120 821.8
1209130 817.2
1209140 817.2
1209150 812.5
1209160 807.9
1209170 807.9
1209180 802.9
1209190 798.1
1209200 798.1
1209210 793.2
1209220 788.1
1209230 788.1
1209240 784.4
1209250 781.0
1209260 781.0
1209270 777.5
1209280 774.4
1209290 774.4
1209300 770.7
1209310 766.8
1209320 766.8
1209330 762.5
1209340 758.4
1209350 758.4
1209360 751.4
1209370 747.1
1209380 747.1
1209390 747.3
1209400 747.3
1209410 742.4
1209420 742.4
1209430 738.8
1209440 736.8
1209450 736.8
1209460 736.1
1209470 735.3
1209480 735.3
1209490 735.3
1209500 734.4
1209510 734.4
1209520 732.4
1209530 730.4
1209540 730.4
1209550 729.9
1209560 729.3
1209570 725.2
1209580 725.0
1209590 723.9
1209600 723.9
1209610 721.5
1209620 719.7
1209630 719.7
1209640 717.7
1209650 715.8
1209660 713.7
1209670 713.7
1209680 709.8
1209690 704.9
1209700 704.9
1209710 700.2
1209720 698.0
1209730 698.0
1209740 697.5
1209750 695.9
1209760 695.9
1209770 695.1
1209780 695.0
1209790 695.0
1209800 694.9
1209810 694.2
1209820 694.2
1209830 691.0
1209840 686.3
1209850 686.3
1209860 681.5
1209870 676.8
1209880 676.8
1209890 672.0
1209900 667.5
1209910 667.5
1209920 664.5
1209930 663.8
1209940 663.1
1209950 663.1
1209960 661.9
1209970 660.9
1209980 660.9
1209990 659.2
1210000 657.2
1210010 657.2
1210020 656.5
1210030 656.4
1210040 656.5
1210050 656.5
1210060 656.4
1210070 656.4
1210080 656.4
1210090 656.8
1210100 656.8
1210110 659.2
1210120 661.5
1210130 661.5
1210140 662.8
1210150 663.8
1210160 663.8
1210170 664.0
1210180 663.9
1210190 663.7
1210200 663.7
1210210 663.7
1210220 663.6
1210230 663.6
1210240 663.5
1210250 663.5
1210260 663.5
1210270 663.4
1210280 663.4
1210290 663.4
1210300 663.4
1210310 663.5
1210320 663.5
1210330 663.6
1210340 663.7
1210350 663.7
1210360 663.6
1210370 663.4
1210380 663.4
1210390 663.3
1210400 663.3
1210410 663.3
1210420 663.4
1210430 663.7
1210440 663.8
1210450 663.8
1210460 664.7
1210470 667.0
1210480 667.0
1210490 668.4
1210500 670.5
1210510 670.5
1210520 669.7
1210530 668.1
1210540 668.1
1210550 667.4
1210560 667.6
1210570 667.6
1210580 666.7
1210590 667.2
1210600 667.2
1210610 668.3
1210620 668.2
1210630 668.2
1210640 666.7
1210650 665.2
1210660 665.2
1210670 664.9
1210680 665.0
1210690 665.0
1210700 665.0
1210710 665.0
1210720 664.4
1210730 664.4
1210740 664.3
1210750 664.3
1210760 664.3
1210770 664.2
1210780 664.2
1210790 664.2
1210800 664.2
1210810 664.3
1210820 664.3
1210830 664.2
1210840 664.2
1210850 664.2
1210860 664.2
1210870 664.2
1210880 664.2
1210890 664.1
1210900 664.1
1210910 664.1
1210920 664.1
1210930 664.1
1210940 664.1
1210950 664.1
1210960 664.1
1210970 664.0
1210980 664.0
1210990 663.9
1211000 663.7
1211010 663.7
1211020 663.4
1211030 662.9
1211040 662.9
1211050 662.7
1211060 662.7
1211070 662.7
1211080 662.6
1211090 662.4
1211100 662.4
1211110 662.2
1211120 662.1
1211130 662.1
1211140 661.3
1211150 661.0
1211160 661.0
1211170 662.5
1211180 662.5
1211190 662.5
1211200 662.2
1211210 661.6
1211220 661.6
1211230 661.8
1211240 661.7
1211250 661.6
1211260 661.6
1211270 661.7
1211280 661.8
1211290 661.8
1211300 661.6
1211310 661.5
1211320 661.5
1211330 661.5
1211340 661.4
1211350 661.4
1211360 661.4
1211370 661.9
1211380 661.9
1211390 662.1
1211400 662.0
1211410 662.0
1211420 661.8
1211430 661.6
1211440 661.6
1211450 661.6
1211460 661.4
1211470 661.4
1211480 660.4
1211490 661.2
1211500 661.6
1211510 661.6
1211520 661.5
1211530 661.5
1211540 661.5
1211550 661.3
1211560 661.2
1211570 661.2
1211580 661.1
1211590 660.9
1211600 660.9
1211610 660.9
1211620 660.9
1211630 660.9
1211640 660.8
1211650 660.8
1211660 660.8
1211670 661.1
1211680 661.2
1211690 661.2
1211700 661.2
1211710 660.9
1211720 660.9
1211730 660.9
1211740 661.0
1211750 661.5
1211760 661.5
1211770 661.6
1211780 661.4
1211790 661.4
1211800 661.0
1211810 660.7
1211820 660.7
1211830 660.7
1211840 660.7
1211850 660.7
1211860 660.6
1211870 660.5
1211880 660.5
1211890 660.5
1211900 660.4
1211910 660.4
1211920 660.4
1211930 660.7
1211940 660.7
1211950 660.9
1211960 660.8
1211970 660.8
1211980 660.4
1211990 660.2
1212000 660.2
1212010 660.1
1212020 660.1
1212030 660.3
1212040 660.3
1212050 660.3
1212060 660.3
1212070 660.3
1212080 660.3
1212090 660.3
1212100 660.3
1212110 660.3
1212120 660.4
1212130 660.4
1212140 660.4
1212150 660.5
1212160 660.5
1212170 660.7
1212180 660.9
1212190 660.9
1212200 661.2
1212210 661.6
1212220 661.6
1212230 662.1
1212240 662.5
1212250 662.5
1212260 662.8
1212270 663.0
1212280 663.2
1212290 663.2
1212300 663.2
1212310 663.2
1212320 663.2
1212330 663.3
1212340 663.3
1212350 663.3
1212360 663.2
1212370 663.1
1212380 663.1
1212390 663.1
1212400 663.2
1212410 663.2
1212420 663.2
1212430 663.2
1212440 663.2
1212450 662.9
1212460 662.7
1212470 662.7
1212480 662.4
1212490 662.1
1212500 662.1
1212510 661.9
1212520 661.8
1212530 661.8
1212540 661.8
1212550 661.8
1212560 661.8
1212570 661.8
1212580 662.0
1212590 662.4
1212600 662.4
1212610 663.5
1212620 666.2
1212630 666.2
1212640 669.4
1212650 670.3
1212660 670.3
1212670 670.5
1212680 670.6
1212690 670.6
1212700 669.5
1212710 666.4
1212720 666.4
1212730 665.1
1212740 665.5
1212750 665.5
1212760 667.1
1212770 669.6
1212780 669.6
1212790 670.1
1212800 670.1
1212810 670.3
1212820 670.3
1212830 670.4
1212840 670.0
1212850 670.0
1212860 669.9
1212870 670.7
1212880 670.7
1212890 671.2
1212900 670.6
1212910 670.6
1212920 669.9
1212930 670.0
1212940 670.0
1212950 670.0
1212960 669.9
1212970 669.9
1212980 669.9
1212990 669.9
1213000 669.9
1213010 669.9
1213020 669.9
1213030 669.9
1213040 669.9
1213050 669.9
1213060 670.0
1213070 670.0
1213080 670.0
1213090 669.9
1213100 669.9
1213110 669.9
1213120 669.9
1213130 669.9
1213140 669.9
1213150 669.9
1213160 669.9
1213170 669.8
1213180 669.9
1213190 669.9
1213200 670.0
1213210 669.9
1213220 669.9
1213230 670.1
1213240 670.1
1213250 670.1
1213260 670.1
1213270 670.0
1213280 670.0
1213290 670.0
1213300 670.3
1213310 670.3
1213320 670.2
1213330 670.3
1213340 670.3
1213350 670.3
1213360 670.5
1213370 670.5
1213380 670.5
1213390 670.6
1213400 670.8
1213410 670.8
1213420 671.0
1213430 671.1
1213440 671.1
1213450 671.2
1213460 671.4
1213470 671.4
1213480 671.6
1213490 671.8
1213500 671.8
1213510 672.0
1213520 672.1
1213530 672.1
1213540 672.2
1213550 672.3
1213560 672.3
1213570 672.3
1213580 672.2
1213590 672.2
1213600 672.2
1213610 672.0
1213620 672.0
1213630 672.0
1213640 671.8
1213650 671.6
1213660 671.6
1213670 671.5
1213680 671.4
1213690 671.4
1213700 671.3
1213710 671.4
1213720 671.4
1213730 671.5
1213740 671.5
1213750 671.5
1213760 671.5
1213770 671.7
1213780 671.7
1213790 671.6
1213800 671.1
1213810 671.1
1213820 670.5
1213830 670.1
1213840 669.9
1213850 669.9
1213860 669.9
1213870 670.1
1213880 670.1
1213890 670.4
1213900 670.8
1213910 670.8
1213920 671.2
1213930 671.6
1213940 671.6
1213950 672.1
1213960 672.7
1213970 672.7
1213980 673.1
1213990 673.3
1214000 673.3
1214010 673.4
1214020 673.4
1214030 673.4
1214040 673.3
1214050 672.2
1214060 672.2
1214070 671.3
1214080 671.5
1214090 671.5
1214100 673.7
1214110 678.8
1214120 682.5
1214130 682.5
1214140 684.6
1214150 686.2
1214160 686.2
1214170 689.0
1214180 692.3
1214190 692.3
1214200 695.0
1214210 699.5
1214220 699.5
1214230 702.7
1214240 709.3
1214250 709.3
1214260 710.8
1214270 711.6
1214280 711.6
1214290 712.9
1214300 714.6
1214310 714.6
1214320 716.1
1214330 717.3
1214340 717.3
1214350 718.9
1214360 721.8
1214370 723.5
1214380 723.5
1214390 726.0
1214400 727.8
1214410 727.8
1214420 727.3
1214430 726.4
1214440 726.4
1214450 723.8
1214460 721.5
1214470 721.5
1214480 720.1
1214490 719.0
1214500 719.0
1214510 717.7
1214520 715.4
1214530 715.4
1214540 714.1
1214550 719.8
1214560 719.8
1214570 721.3
1214580 723.5
1214590 723.5
1214600 725.5
1214610 726.5
1214620 726.5
1214630 726.7
1214640 726.6
1214650 726.4
1214660 726.4
1214670 725.9
1214680 725.6
1214690 725.6
1214700 725.5
1214710 726.6
1214720 726.6
1214730 721.8
1214740 716.6
1214750 716.6
1214760 711.7
1214770 706.6
1214780 706.6
1214790 701.7
1214800 696.2
1214810 696.2
1214820 690.0
1214830 688.5
1214840 688.5
1214850 690.3
1214860 692.9
1214870 692.9
1214880 694.7
1214890 698.9
1214900 706.6
1214910 706.6
1214920 712.7
1214930 722.3
1214940 722.3
1214950 729.5
1214960 730.1
1214970 730.1
1214980 729.5
1214990 730.5
1215000 730.5
1215010 729.8
1215020 729.5
1215030 729.5
1215040 732.1
1215050 733.8
1215060 733.8
1215070 736.5
1215080 738.5
1215090 738.5
1215100 739.8
1215110 743.1
1215120 743.1
1215130 745.9
1215140 747.9
1215150 751.6
1215160 751.6
1215170 754.4
1215180 760.3
1215190 760.3
1215200 762.8
1215210 765.1
1215220 765.1
1215230 766.3
1215240 767.1
1215250 767.1
1215260 767.4
1215270 767.4
1215280 767.4
1215290 768.5
1215300 770.3
1215310 770.3
1215320 772.1
1215330 773.6
1215340 773.6
1215350 775.1
1215360 777.1
1215370 777.1
1215380 779.4
1215390 782.0
1215400 782.0
1215410 785.0
1215420 788.9
1215430 792.2
1215440 792.2
1215450 796.5
1215460 801.7
1215470 801.7
1215480 807.2
1215490 812.1
1215500 812.1
1215510 815.8
1215520 817.9
1215530 817.9
1215540 819.3
1215550 820.9
1215560 820.9
1215570 822.6
1215580 824.0
1215590 824.0
1215600 824.9
1215610 826.3
1215620 826.3
1215630 827.8
1215640 828.6
1215650 835.7
1215660 836.2
1215670 836.5
1215680 835.1
1215690 835.1
1215700 832.4
1215710 830.5
1215720 830.5
1215730 830.1
1215740 829.4
1215750 829.4
1215760 829.1
1215770 829.4
1215780 829.4
1215790 830.9
1215800 833.5
1215810 833.5
1215820 836.1
1215830 837.8
1215840 837.8
1215850 835.5
1215860 833.5
1215870 833.5
1215880 834.4
1215890 835.9
1215900 835.9
1215910 837.1
1215920 838.9
1215930 838.9
1215940 840.7
1215950 842.0
1215960 843.2
1215970 843.2
1215980 844.4
1215990 844.7
1216000 844.7
1216010 844.2
1216020 843.3
1216030 843.3
1216040 842.8
1216050 842.3
1216060 842.3
1216070 841.5
1216080 842.4
1216090 842.4
1216100 844.1
1216110 845.1
1216120 845.1
1216130 851.1
1216140 850.4
1216150 850.4
1216160 849.7
1216170 849.9
1216180 849.9
1216190 849.7
1216200 849.2
1216210 848.0
1216220 848.0
1216230 847.0
1216240 845.6
1216250 845.6
1216260 844.7
1216270 844.0
1216280 844.0
1216290 844.6
1216300 845.6
1216310 845.6
1216320 846.7
1216330 848.2
1216340 848.2
1216350 849.2
1216360 849.1
1216370 849.1
1216380 848.4
1216390 848.2
1216400 848.2
1216410 848.5
1216420 849.2
1216430 849.2
1216440 851.0
1216450 853.2
1216460 854.1
1216470 854.1
1216480 854.9
1216490 854.8
1216500 854.8
1216510 856.1
1216520 858.2
1216530 858.2
1216540 858.7
1216550 859.3
1216560 859.3
1216570 860.4
1216580 861.9
1216590 861.9
1216600 870.0
1216610 871.8
1216620 871.8
1216630 874.0
1216640 877.2
1216650 877.2
1216660 879.5
1216670 881.7
1216680 881.7
1216690 884.1
1216700 886.3
1216710 886.3
1216720 888.7
1216730 891.3
1216740 892.5
1216750 892.5
1216760 894.5
1216770 897.3
1216780 897.3
1216790 899.4
1216800 899.9
1216810 899.9
1216820 900.4
1216830 901.1
1216840 901.1
1216850 901.7
1216860 902.7
1216870 902.7
1216880 903.7
1216890 903.4
1216900 903.4
1216910 904.1
1216920 906.2
1216930 906.2
1216940 908.4
1216950 906.1
1216960 906.1
1216970 905.8
1216980 910.6
1216990 915.0
1217000 915.0
1217010 917.6
1217020 919.5
1217030 919.5
1217040 920.7
1217050 922.3
1217060 922.3
1217070 929.7
1217080 932.4
1217090 932.4
1217100 935.2
1217110 937.0
1217120 937.0
1217130 939.8
1217140 944.8
1217150 944.8
1217160 951.7
1217170 958.9
1217180 958.9
1217190 962.7
1217200 966.8
1217210 966.8
1217220 970.3
1217230 973.3
1217240 973.3
1217250 976.0
1217260 980.2
1217270 983.7
1217280 983.7
1217290 988.1
1217300 992.9
1217310 992.9
1217320 995.4
1217330 999.6
1217340 999.6
1217350 1007.7
1217360 1011.1
1217370 1011.1
1217380 1016.3
1217390 1024.4
1217400 1024.4
1217410 1029.7
1217420 1036.0
1217430 1036.0
1217440 1039.2
1217450 1043.1
1217460 1043.1
1217470 1047.0
1217480 1050.7
1217490 1050.7
1217500 1054.7
1217510 1059.2
1217520 1065.2
1217530 1065.2
1217540 1074.7
1217550 1089.7
1217560 1089.7
1217570 1094.3
1217580 1098.2
1217590 1098.2
1217600 1101.9
1217610 1104.2
1217620 1104.2
1217630 1106.2
1217640 1111.0
1217650 1111.0
1217660 1117.1
1217670 1120.6
1217680 1120.6
1217690 1123.9
1217700 1126.0
1217710 1126.0
1217720 1126.7
1217730 1127.8
1217740 1127.8
1217750 1130.5
1217760 1133.8
1217770 1138.1
1217780 1138.1
1217790 1141.1
1217800 1142.7
1217810 1142.7
1217820 1143.9
1217830 1144.4
1217840 1144.4
1217850 1145.0
1217860 1146.9
1217870 1146.9
1217880 1151.5
1217890 1156.1
1217900 1156.1
1217910 1159.3
1217920 1162.5
1217930 1162.5
1217940 1166.9
1217950 1169.9
1217960 1169.9
1217970 1172.0
1217980 1174.1
1217990 1174.1
1218000 1177.4
1218010 1179.4
1218020 1179.4
1218030 1188.2
1218040 1192.3
1218050 1194.9
1218060 1194.9
1218070 1194.1
1218080 1194.9
1218090 1194.9
1218100 1202.9
1218110 1209.3
1218120 1209.3
1218130 1213.9
1218140 1218.8
1218150 1218.8
1218160 1223.1
1218170 1227.0
1218180 1227.0
1218190 1232.9
1218200 1236.8
1218210 1236.8
1218220 1236.5
1218230 1236.6
1218240 1236.6
1218250 1238.4
1218260 1237.4
1218270 1237.4
1218280 1238.3
1218290 1243.0
1218300 1245.9
1218310 1245.9
1218320 1250.0
1218330 1254.3
1218340 1254.3
1218350 1256.3
1218360 1256.4
1218370 1256.4
1218380 1255.9
1218390 1255.5
1218400 1255.5
1218410 1255.0
1218420 1254.7
1218430 1254.7
1218440 1254.9
1218450 1250.5
1218460 1250.5
1218470 1250.1
1218480 1253.4
1218490 1253.4
1218500 1263.1
1218510 1264.9
1218520 1264.9
1218530 1265.8
1218540 1265.5
1218550 1265.5
1218560 1265.8
1218570 1266.3
1218580 1265.8
1218590 1265.8
1218600 1265.7
1218610 1270.0
1218620 1270.0
1218630 1274.0
1218640 1275.0
1218650 1275.0
1218660 1277.7
1218670 1282.7
1218680 1282.7
1218690 1285.8
1218700 1287.7
1218710 1287.7
1218720 1288.2
1218730 1287.0
1218740 1287.0
1218750 1285.4
1218760 1284.2
1218770 1284.2
1218780 1283.8
1218790 1284.8
1218800 1284.8
1218810 1287.2
1218820 1292.5
1218830 1296.3
1218840 1296.3
1218850 1297.8
1218860 1300.2
1218870 1300.2
1218880 1303.3
1218890 1307.4
1218900 1307.4
1218910 1312.0
1218920 1313.6
1218930 1313.6
1218940 1316.9
1218950 1323.8
1218960 1323.8
1218970 1329.2
1218980 1339.7
1218990 1339.7
1219000 1343.4
1219010 1347.0
1219020 1347.0
1219030 1351.4
1219040 1354.0
1219050 1354.0
1219060 1356.2
1219070 1359.5
1219080 1364.1
1219090 1364.1
1219100 1365.9
1219110 1365.3
1219120 1365.3
1219130 1365.2
1219140 1364.3
1219150 1364.3
1219160 1362.0
1219170 1360.6
1219180 1360.6
1219190 1360.2
1219200 1361.0
1219210 1361.0
1219220 1366.8
1219230 1373.0
1219240 1373.0
1219250 1380.1
1219260 1387.5
1219270 1387.5
1219280 1392.7
1219290 1396.1
1219300 1396.1
1219310 1397.9
1219320 1398.7
1219330 1398.7
1219340 1402.5
1219350 1404.8
1219360 1406.3
1219370 1406.3
1219380 1407.6
1219390 1408.8
1219400 1408.8
1219410 1409.7
1219420 1411.8
1219430 1411.8
1219440 1414.8
1219450 1416.3
1219460 1421.5
1219470 1421.0
1219480 1423.3
1219490 1423.3
1219500 1425.8
1219510 1425.9
1219520 1425.9
1219530 1425.7
1219540 1425.7
1219550 1425.7
1219560 1425.2
1219570 1424.5
1219580 1424.5
1219590 1423.8
1219600 1421.9
1219610 1420.6
1219620 1420.6
1219630 1419.4
1219640 1415.9
1219650 1415.9
1219660 1412.2
1219670 1409.6
1219680 1409.6
1219690 1406.4
1219700 1403.1
1219710 1403.1
1219720 1399.0
1219730 1395.3
1219740 1395.3
1219750 1399.7
1219760 1402.3
1219770 1402.3
1219780 1402.5
1219790 1402.8
1219800 1402.8
1219810 1401.7
1219820 1399.3
1219830 1399.3
1219840 1403.1
1219850 1406.2
1219860 1406.1
1219870 1406.1
1219880 1407.0
1219890 1409.1
1219900 1409.1
1219910 1410.1
1219920 1409.9
1219930 1409.9
1219940 1416.9
1219950 1415.5
1219960 1415.5
1219970 1417.2
1219980 1417.9
1219990 1417.9
1200000 1072.5
1200010 1085.4
1200020 1092.0
1200030 1092.0
1200040 1095.9
1200050 1098.7
1200060 1098.7
1200070 1100.9
1200080 1102.6
1200090 1102.6
1200100 1103.2
1200110 1105.4
1200120 1105.4
1200130 1110.2
1200140 1114.8
1200150 1114.8
1200160 1118.4
1200170 1122.0
1200180 1122.0
1200190 1125.0
1200200 1127.4
1200210 1132.3
1200220 1132.3
1200230 1136.4
1200240 1139.5
1200250 1139.5
1200260 1142.7
1200270 1146.9
1200280 1146.9
1200290 1150.2
1200300 1150.1
1200310 1150.1
1200320 1153.1
1200330 1157.5
1200340 1157.5
1200350 1160.2
1200360 1162.6
1200370 1162.6
1200380 1165.8
1200390 1169.0
1200400 1169.0
1200410 1171.2
1200420 1173.4
1200430 1173.4
1200440 1176.9
1200450 1179.7
1200460 1188.4
1200470 1188.4
1200480 1191.2
1200490 1194.5
1200500 1194.5
1200510 1197.6
1200520 1201.4
1200530 1201.4
1200540 1204.2
1200550 1207.3
1200560 1207.3
1200570 1212.1
1200580 1216.6
1200590 1216.6
1200600 1220.5
1200610 1223.5
1200620 1223.5
1200630 1226.6
1200640 1231.6
1200650 1231.6
1200660 1236.0
1200670 1239.0
1200680 1239.0
1200690 1241.2
1200700 1243.2
1200710 1243.2
1200720 1243.0
1200730 1244.0
1200740 1247.7
1200750 1247.7
1200760 1250.4
1200770 1252.6
1200780 1252.6
1200790 1256.0
1200800 1261.2
1200810 1261.2
1200820 1266.9
1200830 1272.4
1200840 1272.4
1200850 1277.8
1200860 1281.5
1200870 1281.5
1200880 1283.1
1200890 1284.9
1200900 1284.9
1200910 1291.7
1200920 1294.8
1200930 1294.8
1200940 1296.8
1200950 1297.8
1200960 1297.8
1200970 1299.0
1200980 1301.2
1200990 1302.7
1201000 1302.7
1201010 1305.5
1201020 1310.0
1201030 1310.0
1201040 1312.6
1201050 1316.6
1201060 1316.6
1201070 1320.2
1201080 1322.5
1201090 1322.5
1201100 1326.0
1201110 1329.7
1201120 1329.7
1201130 1332.5
1201140 1333.3
1201150 1333.3
1201160 1334.4
1201170 1336.6
1201180 1336.6
1201190 1340.0
1201200 1344.7
1201210 1344.7
1201220 1347.8
1201230 1348.1
1201240 1348.1
1201250 1348.7
1201260 1351.5
1201270 1355.9
1201280 1355.9
1201290 1360.9
1201300 1365.9
1201310 1365.9
1201320 1370.1
1201330 1374.0
1201340 1374.0
1201350 1377.5
1201360 1386.1
1201370 1386.1
1201380 1388.7
1201390 1391.6
1201400 1391.6
1201410 1394.2
1201420 1397.2
1201430 1397.2
1201440 1400.8
1201450 1405.5
1201460 1405.5
1201470 1410.1
1201480 1414.9
1201490 1414.9
1201500 1418.4
1201510 1419.8
1201520 1420.9
1201530 1420.9
1201540 1422.8
1201550 1423.9
1201560 1423.9
1201570 1424.4
1201580 1425.9
1201590 1425.9
1201600 1427.2
1201610 1428.4
1201620 1428.4
1201630 1431.0
1201640 1433.7
1201650 1433.7
1201660 1436.6
1201670 1439.5
1201680 1439.5
1201690 1443.1
1201700 1448.4
1201710 1448.4
1201720 1452.3
1201730 1454.6
1201740 1454.6
1201750 1455.9
1201760 1457.9
1201770 1457.9
1201780 1459.7
1201790 1461.9
1201800 1465.3
1201810 1473.4
1201820 1477.1
1201830 1484.6
1201840 1484.6
1201850 1488.1
1201860 1488.7
1201870 1488.7
1201880 1490.2
1201890 1491.2
1201900 1491.2
1201910 1493.6
1201920 1497.2
1201930 1497.2
1201940 1501.7
1201950 1504.0
1201960 1504.0
1201970 1504.2
1201980 1504.2
1201990 1504.2
1202000 1504.4
1202010 1504.7
1202020 1504.7
1202030 1504.2
1202040 1502.6
1202050 1500.1
1202060 1500.1
1202070 1497.1
1202080 1495.3
1202090 1495.3
1202100 1494.8
1202110 1495.6
1202120 1495.6
1202130 1496.5
1202140 1496.6
1202150 1496.6
1202160 1493.6
1202170 1489.7
1202180 1489.7
1202190 1486.2
1202200 1485.0
1202210 1485.0
1202220 1483.1
1202230 1480.9
1202240 1480.9
1202250 1476.0
1202260 1470.2
1202270 1470.2
1202280 1460.3
1202290 1451.1
1202300 1442.1
1202310 1442.1
1202320 1434.2
1202330 1437.3
1202340 1437.3
1202350 1444.1
1202360 1450.0
1202370 1450.0
1202380 1455.0
1202390 1458.4
1202400 1458.4
1202410 1461.4
1202420 1464.4
1202430 1464.4
1202440 1469.9
1202450 1474.9
1202460 1474.9
1202470 1478.1
1202480 1482.9
1202490 1482.9
1202500 1490.7
1202510 1500.7
1202520 1500.7
1202530 1509.1
1202540 1516.2
1202550 1516.2
1202560 1522.8
1202570 1529.0
1202580 1537.3
1202590 1537.3
1202600 1546.1
1202610 1553.2
1202620 1553.2
1202630 1560.7
1202640 1568.4
1202650 1568.4
1202660 1575.4
1202670 1581.6
1202680 1581.6
1202690 1586.2
1202700 1590.7
1202710 1596.1
1202720 1599.3
1202730 1601.8
1202740 1601.8
1202750 1603.5
1202760 1606.1
1202770 1606.1
1202780 1609.7
1202790 1612.9
1202800 1612.9
1202810 1615.7
1202820 1618.3
1202830 1621.1
1202840 1621.1
1202850 1624.5
1202860 1627.8
1202870 1627.8
1202880 1632.0
1202890 1637.0
1202900 1637.0
1202910 1639.9
1202920 1641.1
1202930 1641.1
1202940 1642.1
1202950 1643.1
1202960 1643.1
1202970 1644.0
1202980 1644.7
1202990 1644.7
1203000 1644.5
1203010 1645.5
1203020 1645.5
1203030 1647.7
1203040 1649.1
1203050 1649.1
1203060 1653.4
1203070 1658.6
1203080 1658.6
1203090 1663.0
1203100 1667.4
1203110 1672.6
1203120 1672.6
1203130 1677.8
1203140 1680.9
1203150 1680.9
1203160 1686.6
1203170 1688.0
1203180 1688.0
1203190 1688.6
1203200 1689.0
1203210 1689.0
1203220 1689.4
1203230 1691.0
1203240 1691.0
1203250 1692.0
1203260 1694.9
1203270 1694.9
1203280 1695.9
1203290 1698.4
1203300 1698.4
1203310 1699.7
1203320 1700.8
1203330 1700.8
1203340 1702.2
1203350 1706.6
1203360 1711.3
1203370 1711.3
1203380 1715.0
1203390 1719.8
1203400 1719.8
1203410 1725.6
1203420 1730.9
1203430 1730.9
1203440 1735.6
1203450 1739.1
1203460 1739.1
1203470 1740.7
1203480 1742.6
1203490 1742.6
1203500 1744.1
1203510 1745.7
1203520 1745.7
1203530 1748.0
1203540 1750.6
1203550 1750.6
1203560 1756.3
1203570 1763.1
1203580 1763.1
1203590 1768.4
1203600 1774.8
1203610 1774.8
1203620 1787.4
1203630 1795.7
1203640 1803.6
1203650 1803.6
1203660 1809.7
1203670 1816.6
1203680 1816.6
1203690 1823.0
1203700 1827.0
1203710 1827.0
1203720 1830.6
1203730 1835.0
1203740 1835.0
1203750 1840.7
1203760 1846.7
1203770 1846.7
1203780 1851.9
1203790 1856.7
1203800 1856.7
1203810 1860.2
1203820 1862.0
1203830 1862.0
1203840 1865.0
1203850 1868.8
1203860 1868.8
1203870 1873.7
1203880 1877.9
1203890 1882.4
1203900 1882.4
1203910 1887.8
1203920 1892.0
1203930 1892.0
1203940 1895.9
1203950 1900.0
1203960 1900.0
1203970 1904.3
1203980 1908.6
1203990 1908.6
1204000 1912.3
1204010 1913.8
1204020 1913.8
1204030 1914.8
1204040 1919.6
1204050 1919.6
1204060 1926.1
1204070 1936.2
1204080 1936.2
1204090 1940.5
1204100 1944.3
1204110 1944.3
1204120 1947.9
1204130 1951.2
1204140 1953.9
1204150 1953.9
1204160 1956.0
1204170 1957.7
1204180 1957.7
1204190 1958.9
1204200 1959.4
1204210 1959.4
1204220 1959.6
1204230 1959.5
1204240 1959.5
1204250 1959.0
1204260 1957.7
1204270 1957.7
1204280 1955.4
1204290 1951.2
1204300 1951.2
1204310 1946.9
1204320 1942.6
1204330 1942.6
1204340 1939.1
1204350 1936.1
1204360 1936.1
1204370 1933.1
1204380 1928.6
1204390 1928.6
1204400 1922.4
1204410 1917.0
1204420 1911.8
1204430 1911.8
1204440 1905.6
1204450 1899.2
1204460 1899.2
1204470 1898.1
1204480 1900.5
1204490 1900.5
1204500 1902.6
1204510 1904.8
1204520 1910.7
1204530 1913.7
1204540 1917.1
1204550 1917.1
1204560 1919.4
1204570 1920.2
1204580 1920.2
1204590 1919.2
1204600 1917.6
1204610 1917.6
1204620 1915.1
1204630 1911.9
1204640 1911.9
1204650 1908.5
1204660 1909.2
1204670 1913.8
1204680 1913.8
1204690 1918.7
1204700 1923.2
1204710 1923.2
1204720 1927.2
1204730 1930.4
1204740 1930.4
1204750 1933.6
1204760 1937.5
1204770 1937.5
1204780 1940.8
1204790 1943.7
1204800 1943.7
1204810 1946.7
1204820 1949.7
1204830 1949.7
1204840 1952.1
1204850 1954.3
1204860 1954.3
1204870 1956.1
1204880 1958.9
1204890 1958.9
1204900 1965.0
1204910 1971.4
1204920 1971.4
1204930 1977.2
1204940 1982.4
1204950 1987.0
1204960 1987.0
1204970 1990.3
1204980 1997.8
1204990 1997.8
1205000 2002.9
1205010 2007.5
1205020 2007.5
1205030 2012.1
1205040 2015.2
1205050 2015.2
1205060 2018.8
1205070 2024.5
1205080 2024.5
1205090 2028.2
1205100 2030.2
1205110 2030.2
1205120 2033.3
1205130 2036.4
1205140 2036.4
1205150 2038.2
1205160 2038.8
1205170 2038.8
1205180 2039.4
1205190 2038.4
1205200 2036.8
1205210 2036.8
1205220 2033.0
1205230 2026.3
1205240 2026.3
1205250 2018.3
1205260 2011.0
1205270 2011.0
1205280 2003.6
1205290 1997.2
1205300 1997.2
1205310 1991.4
1205320 1987.1
1205330 1987.1
1205340 1983.0
1205350 1980.8
1205360 1980.8
1205370 1977.7
1205380 1973.7
1205390 1973.7
1205400 1969.4
1205410 1964.6
1205420 1964.6
1205430 1959.1
1205440 1934.3
1205450 1931.9
1205460 1931.9
1205470 1929.3
1205480 1926.3
1205490 1926.3
1205500 1916.5
1205510 1899.0
1205520 1899.0
1205530 1886.9
1205540 1879.1
1205550 1879.1
1205560 1873.4
1205570 1868.0
1205580 1868.0
1205590 1863.9
1205600 1860.2
1205610 1860.2
1205620 1853.4
1205630 1844.8
1205640 1844.8
1205650 1836.9
1205660 1828.3
1205670 1828.3
1205680 1821.8
1205690 1810.7
1205700 1810.7
1205710 1796.0
1205720 1788.2
1205730 1782.4
1205740 1782.4
1205750 1781.1
1205760 1775.7
1205770 1775.7
1205780 1768.9
1205790 1762.2
1205800 1762.2
1205810 1757.9
1205820 1753.7
1205830 1753.7
1205840 1746.0
1205850 1731.2
1205860 1731.2
1205870 1710.0
1205880 1699.4
1205890 1699.7
1205900 1690.9
1205910 1682.3
1205920 1682.3
1205930 1675.4
1205940 1672.0
1205950 1672.0
1205960 1670.3
1205970 1665.0
1205980 1655.5
1205990 1655.5
1206000 1647.0
1206010 1639.6
1206020 1639.6
1206030 1631.8
1206040 1622.8
1206050 1622.8
1206060 1612.9
1206070 1606.8
1206080 1606.8
1206090 1601.6
1206100 1601.2
1206110 1601.2
1206120 1604.1
1206130 1602.2
1206140 1602.2
1206150 1602.2
1206160 1610.1
1206170 1610.1
1206180 1613.6
1206190 1608.0
1206200 1608.0
1206210 1601.1
1206220 1599.9
1206230 1599.9
1206240 1593.7
1206250 1585.3
1206260 1574.2
1206270 1574.2
1206280 1566.1
1206290 1557.8
1206300 1557.8
1206310 1547.7
1206320 1540.5
1206330 1540.5
1206340 1537.2
1206350 1520.1
1206360 1520.1
1206370 1514.9
1206380 1515.6
1206390 1515.6
1206400 1514.3
1206410 1512.2
1206420 1512.2
1206430 1502.2
1206440 1490.6
1206450 1490.6
1206460 1480.4
1206470 1472.0
1206480 1472.0
1206490 1468.6
1206500 1458.8
1206510 1445.0
1206520 1445.0
1206530 1435.7
1206540 1431.0
1206550 1431.0
1206560 1432.4
1206570 1439.5
1206580 1439.5
1206590 1438.3
1206600 1430.8
1206610 1430.8
1206620 1421.5
1206630 1415.0
1206640 1415.0
1206650 1404.5
1206660 1389.6
1206670 1389.6
1206680 1377.3
1206690 1373.2
1206700 1373.2
1206710 1371.2
1206720 1367.3
1206730 1367.3
1206740 1362.2
1206750 1356.4
1206760 1356.4
1206770 1350.8
1206780 1345.2
1206790 1338.9
1206800 1338.9
1206810 1326.9
1206820 1320.0
1206830 1320.0
1206840 1313.4
1206850 1306.5
1206860 1306.5
1206870 1299.6
1206880 1293.6
1206890 1293.6
1206900 1288.0
1206910 1282.4
1206920 1282.4
1206930 1275.7
1206940 1267.2
1206950 1267.2
1206960 1260.1
1206970 1255.9
1206980 1255.9
1206990 1251.8
1207000 1246.6
1207010 1246.6
1207020 1242.6
1207030 1240.8
1207040 1237.5
1207050 1237.5
1207060 1234.2
1207070 1233.1
1207080 1233.1
1207090 1233.4
1207100 1233.5
1207110 1233.5
1207120 1233.3
1207130 1232.7
1207140 1232.7
1207150 1230.9
1207160 1229.4
1207170 1229.4
1207180 1227.4
1207190 1225.2
1207200 1225.2
1207210 1223.2
1207220 1220.7
1207230 1220.7
1207240 1217.8
1207250 1215.0
1207260 1215.0
1207270 1206.0
1207280 1203.7
1207290 1201.2
1207300 1201.2
1207310 1198.9
1207320 1196.9
1207330 1196.9
1207340 1194.9
1207350 1192.3
1207360 1192.3
1207370 1189.9
1207380 1187.8
1207390 1187.8
1207400 1184.6
1207410 1181.3
1207420 1181.3
1207430 1177.2
1207440 1172.6
1207450 1172.6
1207460 1170.6
1207470 1170.1
1207480 1170.1
1207490 1171.9
1207500 1175.5
1207510 1175.5
1207520 1182.0
1207530 1189.3
1207540 1189.3
1207550 1193.4
1207560 1196.8
1207570 1199.2
1207580 1199.2
1207590 1201.5
1207600 1205.0
1207610 1205.0
1207620 1210.3
1207630 1214.9
1207640 1214.9
1207650 1217.9
1207660 1221.3
1207670 1221.3
1207680 1227.4
1207690 1236.8
1207700 1236.8
1207710 1244.2
1207720 1245.0
1207730 1239.6
1207740 1237.0
1207750 1234.6
1207760 1234.6
1207770 1234.3
1207780 1237.0
1207790 1237.0
1207800 1240.6
1207810 1242.5
1207820 1243.0
1207830 1243.0
1207840 1242.9
1207850 1242.4
1207860 1242.4
1207870 1243.0
1207880 1244.1
1207890 1244.1
1207900 1243.0
1207910 1237.6
1207920 1237.6
1207930 1232.8
1207940 1227.3
1207950 1227.3
1207960 1219.5
1207970 1211.5
1207980 1211.5
1207990 1204.9
1208000 1199.4
1208010 1199.4
1208020 1194.6
1208030 1190.6
1208040 1190.6
1208050 1185.8
1208060 1180.3
1208070 1180.3
1208080 1176.6
1208090 1172.6
1208100 1168.5
1208110 1168.5
1208120 1164.0
1208130 1159.0
1208140 1159.0
1208150 1154.3
1208160 1150.0
1208170 1150.0
1208180 1145.8
1208190 1133.5
1208200 1133.5
1208210 1127.4
1208220 1120.5
1208230 1120.5
1208240 1114.0
1208250 1108.1
1208260 1108.1
1208270 1101.9
1208280 1095.8
1208290 1095.8
1208300 1090.2
1208310 1086.3
1208320 1086.3
1208330 1082.9
1208340 1077.5
1208350 1071.0
1208360 1071.0
1208370 1065.2
1208380 1059.7
1208390 1059.7
1208400 1053.0
1208410 1047.3
1208420 1047.3
1208430 1043.8
1208440 1038.9
1208450 1038.9
1208460 1033.1
1208470 1027.6
1208480 1027.6
1208490 1023.5
1208500 1020.1
1208510 1020.1
1208520 1016.7
1208530 1013.2
1208540 1013.2
1208550 1009.3
1208560 1005.6
1208570 1005.6
1208580 1001.7
1208590 998.5
1208600 998.5
1208610 994.5
1208620 990.2
1208630 985.4
1208640 985.4
1208650 977.6
1208660 974.2
1208670 974.2
1208680 969.6
1208690 964.0
1208700 964.0
1208710 958.4
1208720 952.0
1208730 952.0
1208740 945.6
1208750 939.1
1208760 939.1
1208770 933.4
1208780 928.6
1208790 928.6
1208800 923.8
1208810 918.1
1208820 918.1
1208830 914.9
1208840 910.6
1208850 910.6
1208860 905.0
1208870 900.0
1208880 894.6
1208890 894.6
1208900 888.8
1208910 883.0
1208920 883.0
1208930 877.0
1208940 870.0
1208950 870.0
1208960 862.0
1208970 854.2
1208980 854.2
1208990 843.1
1209000 839.3
1209010 839.3
1209020 840.5
1209030 840.9
1209040 840.9
1209050 840.7
1209060 840.6
1209070 840.6
1209080 837.9
1209090 833.3
1209100 833.3
1209110 825.9
1209120 821.8
1209130 817.2
1209140 817.2
1209150 812.5
1209160 807.9
1209170 807.9
1209180 802.9
1209190 798.1
1209200 798.1
1209210 793.2
1209220 788.1
1209230 788.1
1209240 784.4
1209250 781.0
1209260 781.0
1209270 777.5
1209280 774.4
1209290 774.4
1209300 770.7
1209310 766.8
1209320 766.8
1209330 762.5
1209340 758.4
1209350 758.4
1209360 751.4
1209370 747.1
1209380 747.1
1209390 747.3
1209400 747.3
1209410 742.4
1209420 742.4
1209430 738.8
1209440 736.8
1209450 736.8
1209460 736.1
1209470 735.3
1209480 735.3
1209490 735.3
1209500 734.4
1209510 734.4
1209520 732.4
1209530 730.4
1209540 730.4
1209550 729.9
1209560 729.3
1209570 725.2
1209580 725.0
1209590 723.9
1209600 723.9
1209610 721.5
1209620 719.7
1209630 719.7
1209640 717.7
1209650 715.8
1209660 713.7
1209670 713.7
1209680 709.8
1209690 704.9
1209700 704.9
1209710 700.2
1209720 698.0
1209730 698.0
1209740 697.5
1209750 695.9
1209760 695.9
1209770 695.1
1209780 695.0
1209790 695.0
1209800 694.9
1209810 694.2
1209820 694.2
1209830 691.0
1209840 686.3
1209850 686.3
1209860 681.5
1209870 676.8
1209880 676.8
1209890 672.0
1209900 667.5
1209910 667.5
1209920 664.5
1209930 663.8
1209940 663.1
1209950 663.1
1209960 661.9
1209970 660.9
1209980 660.9
1209990 659.2
1210000 657.2
1210010 657.2
1210020 656.5
1210030 656.4
1210040 656.5
1210050 656.5
1210060 656.4
1210070 656.4
1210080 656.4
1210090 656.8
1210100 656.8
1210110 659.2
1210120 661.5
1210130 661.5
1210140 662.8
1210150 663.8
1210160 663.8
1210170 664.0
1210180 663.9
1210190 663.7
1210200 663.7
1210210 663.7
1210220 663.6
1210230 663.6
1210240 663.5
1210250 663.5
1210260 663.5
1210270 663.4
1210280 663.4
1210290 663.4
1210300 663.4
1210310 663.5
1210320 663.5
1210330 663.6
1210340 663.7
1210350 663.7
1210360 663.6
1210370 663.4
1210380 663.4
1210390 663.3
1210400 663.3
1210410 663.3
1210420 663.4
1210430 663.7
1210440 663.8
1210450 663.8
1210460 664.7
1210470 667.0
1210480 667.0
1210490 668.4
1210500 670.5
1210510 670.5
1210520 669.7
1210530 668.1
1210540 668.1
1210550 667.4
1210560 667.6
1210570 667.6
1210580 666.7
1210590 667.2
1210600 667.2
1210610 668.3
1210620 668.2
1210630 668.2
1210640 666.7
1210650 665.2
1210660 665.2
1210670 664.9
1210680 665.0
1210690 665.0
1210700 665.0
1210710 665.0
1210720 664.4
1210730 664.4
1210740 664.3
1210750 664.3
1210760 664.3
1210770 664.2
1210780 664.2
1210790 664.2
1210800 664.2
1210810 664.3
1210820 664.3
1210830 664.2
1210840 664.2
1210850 664.2
1210860 664.2
1210870 664.2
1210880 664.2
1210890 664.1
1210900 664.1
1210910 664.1
1210920 664.1
1210930 664.1
1210940 664.1
1210950 664.1
1210960 664.1
1210970 664.0
1210980 664.0
1210990 663.9
1211000 663.7
1211010 663.7
1211020 663.4
1211030 662.9
1211040 662.9
1211050 662.7
1211060 662.7
1211070 662.7
1211080 662.6
1211090 662.4
1211100 662.4
1211110 662.2
1211120 662.1
1211130 662.1
1211140 661.3
1211150 661.0
1211160 661.0
1211170 662.5
1211180 662.5
1211190 662.5
1211200 662.2
1211210 661.6
1211220 661.6
1211230 661.8
1211240 661.7
1211250 661.6
1211260 661.6
1211270 661.7
1211280 661.8
1211290 661.8
1211300 661.6
1211310 661.5
1211320 661.5
1211330 661.5
1211340 661.4
1211350 661.4
1211360 661.4
1211370 661.9
1211380 661.9
1211390 662.1
1211400 662.0
1211410 662.0
1211420 661.8
1211430 661.6
1211440 661.6
1211450 661.6
1211460 661.4
1211470 661.4
1211480 660.4
1211490 661.2
1211500 661.6
1211510 661.6
1211520 661.5
1211530 661.5
1211540 661.5
1211550 661.3
1211560 661.2
1211570 661.2
1211580 661.1
1211590 660.9
1211600 660.9
1211610 660.9
1211620 660.9
1211630 660.9
1211640 660.8
1211650 660.8
1211660 660.8
1211670 661.1
1211680 661.2
1211690 661.2
1211700 661.2
1211710 660.9
1211720 660.9
1211730 660.9
1211740 661.0
1211750 661.5
1211760 661.5
1211770 661.6
1211780 661.4
1211790 661.4
1211800 661.0
1211810 660.7
1211820 660.7
1211830 660.7
1211840 660.7
1211850 660.7
1211860 660.6
1211870 660.5
1211880 660.5
1211890 660.5
1211900 660.4
1211910 660.4
1211920 660.4
1211930 660.7
1211940 660.7
1211950 660.9
1211960 660.8
1211970 660.8
1211980 660.4
1211990 660.2
1212000 660.2
1212010 660.1
1212020 660.1
1212030 660.3
1212040 660.3
1212050 660.3
1212060 660.3
1212070 660.3
1212080 660.3
1212090 660.3
1212100 660.3
1212110 660.3
1212120 660.4
1212130 660.4
1212140 660.4
1212150 660.5
1212160 660.5
1212170 660.7
1212180 660.9
1212190 660.9
1212200 661.2
1212210 661.6
1212220 661.6
1212230 662.1
1212240 662.5
1212250 662.5
1212260 662.8
1212270 663.0
1212280 663.2
1212290 663.2
1212300 663.2
1212310 663.2
1212320 663.2
1212330 663.3
1212340 663.3
1212350 663.3
1212360 663.2
1212370 663.1
1212380 663.1
1212390 663.1
1212400 663.2
1212410 663.2
1212420 663.2
1212430 663.2
1212440 663.2
1212450 662.9
1212460 662.7
1212470 662.7
1212480 662.4
1212490 662.1
1212500 662.1
1212510 661.9
1212520 661.8
1212530 661.8
1212540 661.8
1212550 661.8
1212560 661.8
1212570 661.8
1212580 662.0
1212590 662.4
1212600 662.4
1212610 663.5
1212620 666.2
1212630 666.2
1212640 669.4
1212650 670.3
1212660 670.3
1212670 670.5
1212680 670.6
1212690 670.6
1212700 669.5
1212710 666.4
1212720 666.4
1212730 665.1
1212740 665.5
1212750 665.5
1212760 667.1
1212770 669.6
1212780 669.6
1212790 670.1
1212800 670.1
1212810 670.3
1212820 670.3
1212830 670.4
1212840 670.0
1212850 670.0
1212860 669.9
1212870 670.7
1212880 670.7
1212890 671.2
1212900 670.6
1212910 670.6
1212920 669.9
1212930 670.0
1212940 670.0
1212950 670.0
1212960 669.9
1212970 669.9
1212980 669.9
1212990 669.9
1213000 669.9
1213010 669.9
1213020 669.9
1213030 669.9
1213040 669.9
1213050 669.9
1213060 670.0
1213070 670.0
1213080 670.0
1213090 669.9
1213100 669.9
1213110 669.9
1213120 669.9
1213130 669.9
1213140 669.9
1213150 669.9
1213160 669.9
1213170 669.8
1213180 669.9
1213190 669.9
1213200 670.0
1213210 669.9
1213220 669.9
1213230 670.1
1213240 670.1
1213250 670.1
1213260 670.1
1213270 670.0
1213280 670.0
1213290 670.0
1213300 670.3
1213310 670.3
1213320 670.2
1213330 670.3
1213340 670.3
1213350 670.3
1213360 670.5
1213370 670.5
1213380 670.5
1213390 670.6
1213400 670.8
1213410 670.8
1213420 671.0
1213430 671.1
1213440 671.1
1213450 671.2
1213460 671.4
1213470 671.4
1213480 671.6
1213490 671.8
1213500 671.8
1213510 672.0
1213520 672.1
1213530 672.1
1213540 672.2
1213550 672.3
1213560 672.3
1213570 672.3
1213580 672.2
1213590 672.2
1213600 672.2
1213610 672.0
1213620 672.0
1213630 672.0
1213640 671.8
1213650 671.6
1213660 671.6
1213670 671.5
1213680 671.4
1213690 671.4
1213700 671.3
1213710 671.4
1213720 671.4
1213730 671.5
1213740 671.5
1213750 671.5
1213760 671.5
1213770 671.7
1213780 671.7
1213790 671.6
1213800 671.1
1213810 671.1
1213820 670.5
1213830 670.1
1213840 669.9
1213850 669.9
1213860 669.9
1213870 670.1
1213880 670.1
1213890 670.4
1213900 670.8
1213910 670.8
1213920 671.2
1213930 671.6
1213940 671.6
1213950 672.1
1213960 672.7
1213970 672.7
1213980 673.1
1213990 673.3
1214000 673.3
1214010 673.4
1214020 673.4
1214030 673.4
1214040 673.3
1214050 672.2
1214060 672.2
1214070 671.3
1214080 671.5
1214090 671.5
1214100 673.7
1214110 678.8
1214120 682.5
1214130 682.5
1214140 684.6
1214150 686.2
1214160 686.2
1214170 689.0
1214180 692.3
1214190 692.3
1214200 695.0
1214210 699.5
1214220 699.5
1214230 702.7
1214240 709.3
1214250 709.3
1214260 710.8
1214270 711.6
1214280 711.6
1214290 712.9
1214300 714.6
1214310 714.6
1214320 716.1
1214330 717.3
1214340 717.3
1214350 718.9
1214360 721.8
1214370 723.5
1214380 723.5
1214390 726.0
1214400 727.8
1214410 727.8
1214420 727.3
1214430 726.4
1214440 726.4
1214450 723.8
1214460 721.5
1214470 721.5
1214480 720.1
1214490 719.0
1214500 719.0
1214510 717.7
1214520 715.4
1214530 715.4
1214540 714.1
1214550 719.8
1214560 719.8
1214570 721.3
1214580 723.5
1214590 723.5
1214600 725.5
1214610 726.5
1214620 726.5
1214630 726.7
1214640 726.6
1214650 726.4
1214660 726.4
1214670 725.9
1214680 725.6
1214690 725.6
1214700 725.5
1214710 726.6
1214720 726.6
1214730 721.8
1214740 716.6
1214750 716.6
1214760 711.7
1214770 706.6
1214780 706.6
1214790 701.7
1214800 696.2
1214810 696.2
1214820 690.0
1214830 688.5
1214840 688.5
1214850 690.3
1214860 692.9
1214870 692.9
1214880 694.7
1214890 698.9
1214900 706.6
1214910 706.6
1214920 712.7
1214930 722.3
1214940 722.3
1214950 729.5
1214960 730.1
1214970 730.1
1214980 729.5
1214990 730.5
1215000 730.5
1215010 729.8
1215020 729.5
1215030 729.5
1215040 732.1
1215050 733.8
1215060 733.8
1215070 736.5
1215080 738.5
1215090 738.5
1215100 739.8
1215110 743.1
1215120 743.1
1215130 745.9
1215140 747.9
1215150 751.6
1215160 751.6
1215170 754.4
1215180 760.3
1215190 760.3
1215200 762.8
1215210 765.1
1215220 765.1
1215230 766.3
1215240 767.1
1215250 767.1
1215260 767.4
1215270 767.4
1215280 767.4
1215290 768.5
1215300 770.3
1215310 770.3
1215320 772.1
1215330 773.6
1215340 773.6
1215350 775.1
1215360 777.1
1215370 777.1
1215380 779.4
1215390 782.0
1215400 782.0
1215410 785.0
1215420 788.9
1215430 792.2
1215440 792.2
1215450 796.5
1215460 801.7
1215470 801.7
1215480 807.2
1215490 812.1
1215500 812.1
1215510 815.8
1215520 817.9
1215530 817.9
1215540 819.3
1215550 820.9
1215560 820.9
1215570 822.6
1215580 824.0
1215590 824.0
1215600 824.9
1215610 826.3
1215620 826.3
1215630 827.8
1215640 828.6
1215650 835.7
1215660 836.2
1215670 836.5
1215680 835.1
1215690 835.1
1215700 832.4
1215710 830.5
1215720 830.5
1215730 830.1
1215740 829.4
1215750 829.4
1215760 829.1
1215770 829.4
1215780 829.4
1215790 830.9
1215800 833.5
1215810 833.5
1215820 836.1
1215830 837.8
1215840 837.8
1215850 835.5
1215860 833.5
1215870 833.5
1215880 834.4
1215890 835.9
1215900 835.9
1215910 837.1
1215920 838.9
1215930 838.9
1215940 840.7
1215950 842.0
1215960 843.2
1215970 843.2
1215980 844.4
1215990 844.7
1216000 844.7
1216010 844.2
1216020 843.3
1216030 843.3
1216040 842.8
1216050 842.3
1216060 842.3
1216070 841.5
1216080 842.4
1216090 842.4
1216100 844.1
1216110 845.1
1216120 845.1
1216130 851.1
1216140 850.4
1216150 850.4
1216160 849.7
1216170 849.9
1216180 849.9
1216190 849.7
1216200 849.2
1216210 848.0
1216220 848.0
1216230 847.0
1216240 845.6
1216250 845.6
1216260 844.7
1216270 844.0
1216280 844.0
1216290 844.6
1216300 845.6
1216310 845.6
1216320 846.7
1216330 848.2
1216340 848.2
1216350 849.2
1216360 849.1
1216370 849.1
1216380 848.4
1216390 848.2
1216400 848.2
1216410 848.5
1216420 849.2
1216430 849.2
1216440 851.0
1216450 853.2
1216460 854.1
1216470 854.1
1216480 854.9
1216490 854.8
1216500 854.8
1216510 856.1
1216520 858.2
1216530 858.2
1216540 858.7
1216550 859.3
1216560 859.3
1216570 860.4
1216580 861.9
1216590 861.9
1216600 870.0
1216610 871.8
1216620 871.8
1216630 874.0
1216640 877.2
1216650 877.2
1216660 879.5
1216670 881.7
1216680 881.7
1216690 884.1
1216700 886.3
1216710 886.3
1216720 888.7
1216730 891.3
1216740 892.5
1216750 892.5
1216760 894.5
1216770 897.3
1216780 897.3
1216790 899.4
1216800 899.9
1216810 899.9
1216820 900.4
1216830 901.1
1216840 901.1
1216850 901.7
1216860 902.7
1216870 902.7
1216880 903.7
1216890 903.4
1216900 903.4
1216910 904.1
1216920 906.2
1216930 906.2
1216940 908.4
1216950 906.1
1216960 906.1
1216970 905.8
1216980 910.6
1216990 915.0
1217000 915.0
1217010 917.6
1217020 919.5
1217030 919.5
1217040 920.7
1217050 922.3
1217060 922.3
1217070 929.7
1217080 932.4
1217090 932.4
1217100 935.2
1217110 937.0
1217120 937.0
1217130 939.8
1217140 944.8
1217150 944.8
1217160 951.7
1217170 958.9
1217180 958.9
1217190 962.7
1217200 966.8
1217210 966.8
1217220 970.3
1217230 973.3
1217240 973.3
1217250 976.0
1217260 980.2
1217270 983.7
1217280 983.7
1217290 988.1
1217300 992.9
1217310 992.9
1217320 995.4
1217330 999.6
1217340 999.6
1217350 1007.7
1217360 1011.1
1217370 1011.1
1217380 1016.3
1217390 1024.4
1217400 1024.4
1217410 1029.7
1217420 1036.0
1217430 1036.0
1217440 1039.2
1217450 1043.1
1217460 1043.1
1217470 1047.0
1217480 1050.7
1217490 1050.7
1217500 1054.7
1217510 1059.2
1217520 1065.2
1217530 1065.2
1217540 1074.7
1217550 1089.7
1217560 1089.7
1217570 1094.3
1217580 1098.2
1217590 1098.2
1217600 1101.9
1217610 1104.2
1217620 1104.2
1217630 1106.2
1217640 1111.0
1217650 1111.0
1217660 1117.1
1217670 1120.6
1217680 1120.6
1217690 1123.9
1217700 1126.0
1217710 1126.0
1217720 1126.7
1217730 1127.8
1217740 1127.8
1217750 1130.5
1217760 1133.8
1217770 1138.1
1217780 1138.1
1217790 1141.1
1217800 1142.7
1217810 1142.7
1217820 1143.9
1217830 1144.4
1217840 1144.4
1217850 1145.0
1217860 1146.9
1217870 1146.9
1217880 1151.5
1217890 1156.1
1217900 1156.1
1217910 1159.3
1217920 1162.5
1217930 1162.5
1217940 1166.9
1217950 1169.9
1217960 1169.9
1217970 1172.0
1217980 1174.1
1217990 1174.1
1218000 1177.4
1218010 1179.4
1218020 1179.4
1218030 1188.2
1218040 1192.3
1218050 1194.9
1218060 1194.9
1218070 1194.1
1218080 1194.9
1218090 1194.9
1218100 1202.9
1218110 1209.3
1218120 1209.3
1218130 1213.9
1218140 1218.8
1218150 1218.8
1218160 1223.1
1218170 1227.0
1218180 1227.0
1218190 1232.9
1218200 1236.8
1218210 1236.8
1218220 1236.5
1218230 1236.6
1218240 1236.6
1218250 1238.4
1218260 1237.4
1218270 1237.4
1218280 1238.3
1218290 1243.0
1218300 1245.9
1218310 1245.9
1218320 1250.0
1218330 1254.3
1218340 1254.3
1218350 1256.3
1218360 1256.4
1218370 1256.4
1218380 1255.9
1218390 1255.5
1218400 1255.5
1218410 1255.0
1218420 1254.7
1218430 1254.7
1218440 1254.9
1218450 1250.5
1218460 1250.5
1218470 1250.1
1218480 1253.4
1218490 1253.4
1218500 1263.1
1218510 1264.9
1218520 1264.9
1218530 1265.8
1218540 1265.5
1218550 1265.5
1218560 1265.8
1218570 1266.3
1218580 1265.8
1218590 1265.8
1218600 1265.7
1218610 1270.0
1218620 1270.0
1218630 1274.0
1218640 1275.0
1218650 1275.0
1218660 1277.7
1218670 1282.7
1218680 1282.7
1218690 1285.8
1218700 1287.7
1218710 1287.7
1218720 1288.2
1218730 1287.0
1218740 1287.0
1218750 1285.4
1218760 1284.2
1218770 1284.2
1218780 1283.8
1218790 1284.8
1218800 1284.8
1218810 1287.2
1218820 1292.5
1218830 1296.3
1218840 1296.3
1218850 1297.8
1218860 1300.2
1218870 1300.2
1218880 1303.3
1218890 1307.4
1218900 1307.4
1218910 1312.0
1218920 1313.6
1218930 1313.6
1218940 1316.9
1218950 1323.8
1218960 1323.8
1218970 1329.2
1218980 1339.7
1218990 1339.7
1219000 1343.4
1219010 1347.0
1219020 1347.0
1219030 1351.4
1219040 1354.0
1219050 1354.0
1219060 1356.2
1219070 1359.5
1219080 1364.1
1219090 1364.1
1219100 1365.9
1219110 1365.3
1219120 1365.3
1219130 1365.2
1219140 1364.3
1219150 1364.3
1219160 1362.0
1219170 1360.6
1219180 1360.6
1219190 1360.2
1219200 1361.0
1219210 1361.0
1219220 1366.8
1219230 1373.0
1219240 1373.0
1219250 1380.1
1219260 1387.5
1219270 1387.5
1219280 1392.7
1219290 1396.1
1219300 1396.1
1219310 1397.9
1219320 1398.7
1219330 1398.7
1219340 1402.5
1219350 1404.8
1219360 1406.3
1219370 1406.3
1219380 1407.6
1219390 1408.8
1219400 1408.8
1219410 1409.7
1219420 1411.8
1219430 1411.8
1219440 1414.8
1219450 1416.3
1219460 1421.5
1219470 1421.0
1219480 1423.3
1219490 1423.3
1219500 1425.8
1219510 1425.9
1219520 1425.9
1219530 1425.7
1219540 1425.7
1219550 1425.7
1219560 1425.2
1219570 1424.5
1219580 1424.5
1219590 1423.8
1219600 1421.9
1219610 1420.6
1219620 1420.6
1219630 1419.4
1219640 1415.9
1219650 1415.9
1219660 1412.2
1219670 1409.6
1219680 1409.6
1219690 1406.4
1219700 1403.1
1219710 1403.1
1219720 1399.0
1219730 1395.3
1219740 1395.3
1219750 1399.7
1219760 1402.3
1219770 1402.3
1219780 1402.5
1219790 1402.8
1219800 1402.8
1219810 1401.7
1219820 1399.3
1219830 1399.3
1219840 1403.1
1219850 1406.2
1219860 1406.1
1219870 1406.1
1219880 1407.0
1219890 1409.1
1219900 1409.1
1219910 1410.1
1219920 1409.9
1219930 1409.9
1219940 1416.9
1219950 1415.5
1219960 1415.5
1219970 1417.2
1219980 1417.9
1219990 1417.9
