1200000 781.0
1200010 781.2
1200020 781.8
1200030 781.8
1200040 782.1
1200050 781.5
1200060 781.5
1200070 781.3
1200080 781.5
1200090 781.5
1200100 781.6
1200110 781.7
1200120 781.7
1200130 781.7
1200140 781.6
1200150 781.6
1200160 781.7
1200170 781.9
1200180 781.9
1200190 782.0
1200200 782.1
1200210 782.3
1200220 782.3
1200230 782.4
1200240 782.5
1200250 782.5
1200260 782.5
1200270 782.5
1200280 782.5
1200290 782.9
1200300 783.2
1200310 783.2
1200320 783.5
1200330 783.8
1200340 783.8
1200350 784.0
1200360 784.1
1200370 784.1
1200380 784.2
1200390 784.3
1200400 784.3
1200410 784.4
1200420 784.7
1200430 784.7
1200440 784.9
1200450 785.0
1200460 785.2
1200470 785.2
1200480 785.4
1200490 785.6
1200500 785.6
1200510 785.9
1200520 785.5
1200530 785.5
1200540 784.7
1200550 784.2
1200560 784.2
1200570 784.2
1200580 784.2
1200590 784.2
1200600 784.2
1200610 784.1
1200620 784.1
1200630 783.8
1200640 783.9
1200650 783.9
1200660 783.9
1200670 784.1
1200680 784.1
1200690 784.2
1200700 784.3
1200710 784.3
1200720 784.3
1200730 784.3
1200740 784.5
1200750 784.5
1200760 785.1
1200770 785.9
1200780 785.9
1200790 786.6
1200800 787.2
1200810 787.2
1200820 787.9
1200830 788.7
1200840 788.7
1200850 789.1
1200860 790.2
1200870 790.2
1200880 790.1
1200890 790.1
1200900 790.1
1200910 790.2
1200920 790.7
1200930 790.7
1200940 791.2
1200950 791.3
1200960 791.3
1200970 791.6
1200980 791.8
1200990 792.3
1201000 792.3
1201010 792.9
1201020 793.2
1201030 793.2
1201040 793.5
1201050 794.0
1201060 794.0
1201070 795.1
1201080 795.7
1201090 795.7
1201100 796.0
1201110 796.7
1201120 796.7
1201130 797.5
1201140 798.2
1201150 798.2
1201160 798.8
1201170 799.4
1201180 799.4
1201190 800.1
1201200 800.9
1201210 800.9
1201220 802.1
1201230 803.4
1201240 803.4
1201250 804.6
1201260 805.0
1201270 805.5
1201280 805.5
1201290 806.1
1201300 806.7
1201310 808.4
1201320 809.0
1201330 809.8
1201340 809.8
1201350 810.7
1201360 811.1
1201370 811.1
1201380 811.5
1201390 812.1
1201400 812.1
1201410 812.6
1201420 812.9
1201430 812.9
1201440 813.6
1201450 814.5
1201460 814.5
1201470 814.8
1201480 815.1
1201490 815.1
1201500 816.1
1201510 816.8
1201520 817.8
1201530 817.8
1201540 819.1
1201550 820.4
1201560 820.4
1201570 821.5
1201580 822.7
1201590 822.7
1201600 824.0
1201610 825.2
1201620 825.2
1201630 826.7
1201640 828.2
1201650 828.2
1201660 829.3
1201670 830.4
1201680 830.4
1201690 831.7
1201700 832.7
1201710 832.7
1201720 834.0
1201730 835.2
1201740 835.2
1201750 836.2
1201760 839.1
1201770 839.1
1201780 839.6
1201790 839.9
1201800 840.4
1201810 840.4
1201820 841.0
1201830 841.9
1201840 841.9
1201850 843.3
1201860 844.8
1201870 844.8
1201880 846.6
1201890 848.5
1201900 848.5
1201910 850.4
1201920 852.2
1201930 852.2
1201940 854.3
1201950 856.9
1201960 856.9
1201970 858.6
1201980 860.3
1201990 860.3
1202000 862.0
1202010 863.6
1202020 863.6
1202030 865.3
1202040 866.8
1202050 868.3
1202060 868.3
1202070 872.0
1202080 874.8
1202090 874.8
1202100 876.2
1202110 877.2
1202120 877.2
1202130 878.3
1202140 881.3
1202150 881.3
1202160 883.1
1202170 884.8
1202180 884.8
1202190 886.1
1202200 886.9
1202210 888.9
1202220 889.5
1202230 889.8
1202240 889.8
1202250 890.0
1202260 889.8
1202270 889.8
1202280 889.7
1202290 888.1
1202300 888.1
1202310 885.7
1202320 886.3
1202330 887.0
1202340 887.0
1202350 890.1
1202360 894.1
1202370 894.1
1202380 894.4
1202390 896.5
1202400 896.5
1202410 897.1
1202420 897.1
1202430 897.1
1202440 897.0
1202450 897.1
1202460 897.1
1202470 897.4
1202480 898.4
1202490 898.4
1202500 897.9
1202510 896.4
1202520 896.4
1202530 897.8
1202540 899.5
1202550 899.5
1202560 901.3
1202570 903.0
1202580 904.3
1202590 904.3
1202600 905.9
1202610 907.6
1202620 907.6
1202630 909.3
1202640 910.2
1202650 910.2
1202660 913.4
1202670 913.0
1202680 913.0
1202690 913.7
1202700 916.0
1202710 916.0
1202720 917.8
1202730 919.8
1202740 919.8
1202750 922.2
1202760 925.9
1202770 925.9
1202780 930.1
1202790 934.7
1202800 934.7
1202810 939.9
1202820 945.4
1202830 945.4
1202840 949.9
1202850 953.1
1202860 955.5
1202870 955.5
1202880 957.2
1202890 958.0
1202900 958.0
1202910 956.2
1202920 951.2
1202930 951.2
1202940 946.0
1202950 941.0
1202960 941.0
1202970 937.3
1202980 934.4
1202990 934.4
1203000 932.3
1203010 931.1
1203020 931.1
1203030 931.6
1203040 933.9
1203050 933.9
1203060 939.6
1203070 946.0
1203080 946.0
1203090 952.5
1203100 958.4
1203110 961.0
1203120 965.6
1203130 965.3
1203140 961.7
1203150 961.7
1203160 956.8
1203170 952.6
1203180 952.6
1203190 951.7
1203200 951.8
1203210 951.8
1203220 951.5
1203230 952.2
1203240 952.2
1203250 953.9
1203260 956.6
1203270 956.6
1203280 959.8
1203290 963.5
1203300 963.5
1203310 967.9
1203320 972.5
1203330 972.5
1203340 976.9
1203350 981.7
1203360 981.7
1203370 986.6
1203380 992.2
1203390 997.9
1203400 997.9
1203410 1002.1
1203420 1004.6
1203430 1004.6
1203440 1005.7
1203450 1006.3
1203460 1006.3
1203470 1006.9
1203480 1007.0
1203490 1007.0
1203500 1007.6
1203510 1010.2
1203520 1010.2
1203530 1012.9
1203540 1016.8
1203550 1016.8
1203560 1023.5
1203570 1033.5
1203580 1033.5
1203590 1036.6
1203600 1039.9
1203610 1039.9
1203620 1042.8
1203630 1046.2
1203640 1046.2
1203650 1050.0
1203660 1055.0
1203670 1060.8
1203680 1060.8
1203690 1063.4
1203700 1062.6
1203710 1062.6
1203720 1060.0
1203730 1058.1
1203740 1058.1
1203750 1055.3
1203760 1056.7
1203770 1056.7
1203780 1055.6
1203790 1047.1
1203800 1047.1
1203810 1042.2
1203820 1043.0
1203830 1043.0
1203840 1046.6
1203850 1052.2
1203860 1052.2
1203870 1059.4
1203880 1071.3
1203890 1071.3
1203900 1085.6
1203910 1094.4
1203920 1111.6
1203930 1111.6
1203940 1124.1
1203950 1130.5
1203960 1130.5
1203970 1133.1
1203980 1135.3
1203990 1135.3
1204000 1141.6
1204010 1148.4
1204020 1151.6
1204030 1157.0
1204040 1161.3
1204050 1161.3
1204060 1167.0
1204070 1173.2
1204080 1173.2
1204090 1179.9
1204100 1188.0
1204110 1188.0
1204120 1195.4
1204130 1201.2
1204140 1201.2
1204150 1206.1
1204160 1210.5
1204170 1210.5
1204180 1214.2
1204190 1217.8
1204200 1220.6
1204210 1220.6
1204220 1222.3
1204230 1224.0
1204240 1224.0
1204250 1224.9
1204260 1226.6
1204270 1226.6
1204280 1230.0
1204290 1233.5
1204300 1233.5
1204310 1237.0
1204320 1240.9
1204330 1240.9
1204340 1245.2
1204350 1249.6
1204360 1249.6
1204370 1254.4
1204380 1259.4
1204390 1259.4
1204400 1265.1
1204410 1270.8
1204420 1270.8
1204430 1275.3
1204440 1278.6
1204450 1280.6
1204460 1280.6
1204470 1282.7
1204480 1290.9
1204490 1290.9
1204500 1293.8
1204510 1295.9
1204520 1295.9
1204530 1298.1
1204540 1301.1
1204550 1301.1
1204560 1304.8
1204570 1308.5
1204580 1308.5
1204590 1314.5
1204600 1321.9
1204610 1321.9
1204620 1329.3
1204630 1337.3
1204640 1337.3
1204650 1343.3
1204660 1347.5
1204670 1347.5
1204680 1351.0
1204690 1351.9
1204700 1351.9
1204710 1348.1
1204720 1343.5
1204730 1346.6
1204740 1346.6
1204750 1353.9
1204760 1364.4
1204770 1364.4
1204780 1372.4
1204790 1375.7
1204800 1375.7
1204810 1379.0
1204820 1382.4
1204830 1382.4
1204840 1386.3
1204850 1390.0
1204860 1390.0
1204870 1391.8
1204880 1392.1
1204890 1392.1
1204900 1393.0
1204910 1395.5
1204920 1395.5
1204930 1402.5
1204940 1400.7
1204950 1400.7
1204960 1403.1
1204970 1404.5
1204980 1407.9
1204990 1407.9
1205000 1412.8
1205010 1416.0
1205020 1416.0
1205030 1418.3
1205040 1418.3
1205050 1418.3
1205060 1413.1
1205070 1396.9
1205080 1396.9
1205090 1394.1
1205100 1394.2
1205110 1394.2
1205120 1395.5
1205130 1410.0
1205140 1410.0
1205150 1428.6
1205160 1445.1
1205170 1445.1
1205180 1453.6
1205190 1465.7
1205200 1465.7
1205210 1475.3
1205220 1483.0
1205230 1483.0
1205240 1489.3
1205250 1493.8
1205260 1498.6
1205270 1498.6
1205280 1502.6
1205290 1504.3
1205300 1504.3
1205310 1505.8
1205320 1508.5
1205330 1508.5
1205340 1513.2
1205350 1519.7
1205360 1519.7
1205370 1526.3
1205380 1530.4
1205390 1534.5
1205400 1537.5
1205410 1539.8
1205420 1539.8
1205430 1540.9
1205440 1542.6
1205450 1542.6
1205460 1545.2
1205470 1547.9
1205480 1547.9
1205490 1550.8
1205500 1553.0
1205510 1555.8
1205520 1555.8
1205530 1560.0
1205540 1562.9
1205550 1562.9
1205560 1564.6
1205570 1564.4
1205580 1564.4
1205590 1561.5
1205600 1556.8
1205610 1556.8
1205620 1547.6
1205630 1538.5
1205640 1538.5
1205650 1530.7
1205660 1524.5
1205670 1524.5
1205680 1518.8
1205690 1518.0
1205700 1518.0
1205710 1521.7
1205720 1512.5
1205730 1512.5
1205740 1505.7
1205750 1501.7
1205760 1501.7
1205770 1505.5
1205780 1521.0
1205790 1520.9
1205800 1520.9
1205810 1514.3
1205820 1516.4
1205830 1516.4
1205840 1528.7
1205850 1534.3
1205860 1534.3
1205870 1542.3
1205880 1553.7
1205890 1553.7
1205900 1565.3
1205910 1571.2
1205920 1571.2
1205930 1574.6
1205940 1577.6
1205950 1577.6
1205960 1584.8
1205970 1592.7
1205980 1592.7
1205990 1597.1
1206000 1604.8
1206010 1604.8
1206020 1614.7
1206030 1626.0
1206040 1636.6
1206050 1636.6
1206060 1644.7
1206070 1648.5
1206080 1648.5
1206090 1648.6
1206100 1651.0
1206110 1651.0
1206120 1657.7
1206130 1671.8
1206140 1671.8
1206150 1679.6
1206160 1686.0
1206170 1686.0
1206180 1692.7
1206190 1698.7
1206200 1698.7
1206210 1704.9
1206220 1711.0
1206230 1711.0
1206240 1716.3
1206250 1721.0
1206260 1721.0
1206270 1725.8
1206280 1730.8
1206290 1730.8
1206300 1738.4
1206310 1742.5
1206320 1746.4
1206330 1746.4
1206340 1750.1
1206350 1752.7
1206360 1752.7
1206370 1754.8
1206380 1756.6
1206390 1756.6
1206400 1758.5
1206410 1759.8
1206420 1759.8
1206430 1761.1
1206440 1762.6
1206450 1762.6
1206460 1764.6
1206470 1767.7
1206480 1767.7
1206490 1770.5
1206500 1771.7
1206510 1771.7
1206520 1772.0
1206530 1772.2
1206540 1772.2
1206550 1773.0
1206560 1774.2
1206570 1775.7
1206580 1775.7
1206590 1777.2
1206600 1779.0
1206610 1779.0
1206620 1781.3
1206630 1783.4
1206640 1783.4
1206650 1785.4
1206660 1787.5
1206670 1787.5
1206680 1789.2
1206690 1789.5
1206700 1789.5
1206710 1788.9
1206720 1787.6
1206730 1787.6
1206740 1785.0
1206750 1782.0
1206760 1786.2
1206770 1782.5
1206780 1778.5
1206790 1778.5
1206800 1773.7
1206810 1765.7
1206820 1765.7
1206830 1758.9
1206840 1754.4
1206850 1758.4
1206860 1758.4
1206870 1756.0
1206880 1748.2
1206890 1748.2
1206900 1740.8
1206910 1736.7
1206920 1736.7
1206930 1736.9
1206940 1738.6
1206950 1738.6
1206960 1738.4
1206970 1735.5
1206980 1735.5
1206990 1730.5
1207000 1725.3
1207010 1725.3
1207020 1720.8
1207030 1716.0
1207040 1716.0
1207050 1710.9
1207060 1706.7
1207070 1706.7
1207080 1701.5
1207090 1696.7
1207100 1692.4
1207110 1692.4
1207120 1686.9
1207130 1679.6
1207140 1679.6
1207150 1672.0
1207160 1664.5
1207170 1664.5
1207180 1657.6
1207190 1651.4
1207200 1651.4
1207210 1649.9
1207220 1658.0
1207230 1658.0
1207240 1660.6
1207250 1662.5
1207260 1662.5
1207270 1661.8
1207280 1658.8
1207290 1658.8
1207300 1656.3
1207310 1654.9
1207320 1654.9
1207330 1651.6
1207340 1650.5
1207350 1650.5
1207360 1654.9
1207370 1660.2
1207380 1667.4
1207390 1667.4
1207400 1674.2
1207410 1677.5
1207420 1677.5
1207430 1679.1
1207440 1680.9
1207450 1680.9
1207460 1683.7
1207470 1688.2
1207480 1688.2
1207490 1694.0
1207500 1699.8
1207510 1699.8
1207520 1704.9
1207530 1707.0
1207540 1707.0
1207550 1707.6
1207560 1709.0
1207570 1709.0
1207580 1711.2
1207590 1714.6
1207600 1714.6
1207610 1718.9
1207620 1722.9
1207630 1727.4
1207640 1727.4
1207650 1731.5
1207660 1736.3
1207670 1736.3
1207680 1743.6
1207690 1749.5
1207700 1749.5
1207710 1755.7
1207720 1761.6
1207730 1761.6
1207740 1767.6
1207750 1772.7
1207760 1772.7
1207770 1777.1
1207780 1781.1
1207790 1781.1
1207800 1785.3
1207810 1788.8
1207820 1788.8
1207830 1791.7
1207840 1794.3
1207850 1794.3
1207860 1797.1
1207870 1798.5
1207880 1798.5
1207890 1797.8
1207900 1796.3
1207910 1793.3
1207920 1793.3
1207930 1789.2
1207940 1786.7
1207950 1786.7
1207960 1786.5
1207970 1786.5
1207980 1786.5
1207990 1786.9
1208000 1790.4
1208010 1790.4
1208020 1795.1
1208030 1799.5
1208040 1799.5
1208050 1801.4
1208060 1800.6
1208070 1800.6
1208080 1799.1
1208090 1797.5
1208100 1797.5
1208110 1795.9
1208120 1793.8
1208130 1793.8
1208140 1791.1
1208150 1788.4
1208160 1786.1
1208170 1786.1
1208180 1783.6
1208190 1781.7
1208200 1781.7
1208210 1779.9
1208220 1779.2
1208230 1779.2
1208240 1778.5
1208250 1777.7
1208260 1777.7
1208270 1776.6
1208280 1774.8
1208290 1774.8
1208300 1772.0
1208310 1769.0
1208320 1769.0
1208330 1766.4
1208340 1763.9
1208350 1763.9
1208360 1761.8
1208370 1760.6
1208380 1760.6
1208390 1759.6
1208400 1757.7
1208410 1757.7
1208420 1754.0
1208430 1749.7
1208440 1745.2
1208450 1745.2
1208460 1740.4
1208470 1735.9
1208480 1735.9
1208490 1732.4
1208500 1729.3
1208510 1729.3
1208520 1725.9
1208530 1722.3
1208540 1722.3
1208550 1719.2
1208560 1716.5
1208570 1716.5
1208580 1714.4
1208590 1712.1
1208600 1710.9
1208610 1708.6
1208620 1706.0
1208630 1706.0
1208640 1703.3
1208650 1700.8
1208660 1700.8
1208670 1698.1
1208680 1694.3
1208690 1690.0
1208700 1690.0
1208710 1686.1
1208720 1682.3
1208730 1682.3
1208740 1678.8
1208750 1675.8
1208760 1675.8
1208770 1672.6
1208780 1668.7
1208790 1668.7
1208800 1664.3
1208810 1658.6
1208820 1658.6
1208830 1652.5
1208840 1649.0
1208850 1649.0
1208860 1645.7
1208870 1643.1
1208880 1643.1
1208890 1641.3
1208900 1640.6
1208910 1640.6
1208920 1639.7
1208930 1638.9
1208940 1638.9
1208950 1637.3
1208960 1634.7
1208970 1631.6
1208980 1631.6
1208990 1628.5
1209000 1626.2
1209010 1626.2
1209020 1624.8
1209030 1623.8
1209040 1623.8
1209050 1622.8
1209060 1614.2
1209070 1614.2
1209080 1613.0
1209090 1612.4
1209100 1612.4
1209110 1612.5
1209120 1612.2
1209130 1612.2
1209140 1611.9
1209150 1611.4
1209160 1611.4
1209170 1610.3
1209180 1608.3
1209190 1608.3
1209200 1606.0
1209210 1604.3
1209220 1602.2
1209230 1602.2
1209240 1598.5
1209250 1594.4
1209260 1594.4
1209270 1590.2
1209280 1585.7
1209290 1585.7
1209300 1580.0
1209310 1574.1
1209320 1574.1
1209330 1570.1
1209340 1566.0
1209350 1566.0
1209360 1561.7
1209370 1556.2
1209380 1556.2
1209390 1548.0
1209400 1542.9
1209410 1542.9
1209420 1539.7
1209430 1538.2
1209440 1538.2
1209450 1536.1
1209460 1534.8
1209470 1534.8
1209480 1532.4
1209490 1525.4
1209500 1517.4
1209510 1517.4
1209520 1510.1
1209530 1492.3
1209540 1492.3
1209550 1486.5
1209560 1481.8
1209570 1481.8
1209580 1477.4
1209590 1473.7
1209600 1473.7
1209610 1470.7
1209620 1467.9
1209630 1467.9
1209640 1463.9
1209650 1459.3
1209660 1459.3
1209670 1455.6
1209680 1452.3
1209690 1452.3
1209700 1448.9
1209710 1445.0
1209720 1445.0
1209730 1440.3
1209740 1434.3
1209750 1427.8
1209760 1427.8
1209770 1420.4
1209780 1412.1
1209790 1412.1
1209800 1404.2
1209810 1396.3
1209820 1396.3
1209830 1389.0
1209840 1383.0
1209850 1383.0
1209860 1377.3
1209870 1372.9
1209880 1372.9
1209890 1367.3
1209900 1361.8
1209910 1361.8
1209920 1352.8
1209930 1344.2
1209940 1344.2
1209950 1337.6
1209960 1332.9
1209970 1332.9
1209980 1330.0
1209990 1324.7
1210000 1324.7
1210010 1322.3
1210020 1320.3
1210030 1322.6
1210040 1322.6
1210050 1329.6
1210060 1336.8
1210070 1336.8
1210080 1343.7
1210090 1347.1
1210100 1347.1
1210110 1344.4
1210120 1340.6
1210130 1340.6
1210140 1337.2
1210150 1334.3
1210160 1334.3
1210170 1332.3
1210180 1329.3
1210190 1329.3
1210200 1326.0
1210210 1323.1
1210220 1323.1
1210230 1320.5
1210240 1318.1
1210250 1318.1
1210260 1313.8
1210270 1308.5
1210280 1304.1
1210290 1304.1
1210300 1299.3
1210310 1294.2
1210320 1294.2
1210330 1289.9
1210340 1286.3
1210350 1286.3
1210360 1281.8
1210370 1278.7
1210380 1278.7
1210390 1275.7
1210400 1272.0
1210410 1272.0
1210420 1268.0
1210430 1264.3
1210440 1264.3
1210450 1254.4
1210460 1250.5
1210470 1250.5
1210480 1246.7
1210490 1241.7
1210500 1241.7
1210510 1237.0
1210520 1232.5
1210530 1232.5
1210540 1228.4
1210550 1223.9
1210560 1219.5
1210570 1219.5
1210580 1215.4
1210590 1213.9
1210600 1213.9
1210610 1210.7
1210620 1205.1
1210630 1205.1
1210640 1199.4
1210650 1193.4
1210660 1193.4
1210670 1186.9
1210680 1180.2
1210690 1180.2
1210700 1175.2
1210710 1171.5
1210720 1171.5
1210730 1167.8
1210740 1163.3
1210750 1163.3
1210760 1158.8
1210770 1154.6
1210780 1154.6
1210790 1150.3
1210800 1146.0
1210810 1141.8
1210820 1141.8
1210830 1137.5
1210840 1132.7
1210850 1132.7
1210860 1127.2
1210870 1122.0
1210880 1122.0
1210890 1117.2
1210900 1112.1
1210910 1112.1
1210920 1103.7
1210930 1098.7
1210940 1098.7
1210950 1093.5
1210960 1089.0
1210970 1089.0
1210980 1086.0
1210990 1082.5
1211000 1082.5
1211010 1078.2
1211020 1072.4
1211030 1072.4
1211040 1065.4
1211050 1057.6
1211060 1057.6
1211070 1049.6
1211080 1041.4
1211090 1034.2
1211100 1034.2
1211110 1027.5
1211120 1019.6
1211130 1019.6
1211140 1015.7
1211150 1014.6
1211160 1014.6
1211170 1012.8
1211180 1012.3
1211190 1012.3
1211200 1014.3
1211210 1011.4
1211220 1011.4
1211230 1005.5
1211240 999.6
1211250 999.6
1211260 993.2
1211270 986.6
1211280 986.6
1211290 981.0
1211300 974.6
1211310 974.6
1211320 967.7
1211330 964.6
1211340 959.5
1211350 959.5
1211360 954.8
1211370 960.5
1211380 955.8
1211390 958.2
1211400 962.8
1211410 962.8
1211420 974.8
1211430 988.6
1211440 988.6
1211450 1008.2
1211460 1018.8
1211470 1018.8
1211480 1021.5
1211490 1020.7
1211500 1020.7
1211510 1017.4
1211520 1014.8
1211530 1014.8
1211540 1015.9
1211550 1016.6
1211560 1016.6
1211570 1016.4
1211580 1017.6
1211590 1017.6
1211600 1017.0
1211610 1016.4
1211620 1017.2
1211630 1017.2
1211640 1016.6
1211650 1013.6
1211660 1013.6
1211670 1010.0
1211680 1005.7
1211690 1005.7
1211700 1000.3
1211710 994.6
1211720 994.6
1211730 990.1
1211740 985.1
1211750 985.1
1211760 973.7
1211770 965.7
1211780 965.7
1211790 957.9
1211800 952.3
1211810 952.3
1211820 964.0
1211830 969.1
1211840 969.1
1211850 954.5
1211860 943.8
1211870 927.9
1211880 927.9
1211890 932.6
1211900 934.0
1211910 934.0
1211920 931.2
1211930 926.9
1211940 926.9
1211950 923.4
1211960 921.4
1211970 921.4
1211980 915.0
1211990 910.6
1212000 910.6
1212010 907.7
1212020 902.6
1212030 902.6
1212040 897.5
1212050 891.7
1212060 891.7
1212070 889.9
1212080 889.4
1212090 889.4
1212100 885.1
1212110 879.6
1212120 879.6
1212130 873.3
1212140 872.0
1212150 875.2
1212160 875.2
1212170 872.7
1212180 866.5
1212190 866.5
1212200 859.8
1212210 853.5
1212220 853.5
1212230 849.0
1212240 847.2
1212250 847.2
1212260 844.6
1212270 840.5
1212280 840.5
1212290 836.8
1212300 834.2
1212310 834.2
1212320 823.5
1212330 819.3
1212340 819.3
1212350 811.8
1212360 810.4
1212370 810.4
1212380 810.8
1212390 808.3
1212400 805.7
1212410 805.7
1212420 802.1
1212430 797.9
1212440 797.9
1212450 795.8
1212460 793.5
1212470 793.5
1212480 792.4
1212490 789.4
1212500 789.4
1212510 780.0
1212520 769.1
1212530 769.1
1212540 755.6
1212550 745.3
1212560 745.3
1212570 741.4
1212580 739.7
1212590 739.7
1212600 738.7
1212610 736.3
1212620 736.3
1212630 733.3
1212640 729.6
1212650 729.6
1212660 726.8
1212670 723.2
1212680 719.6
1212690 719.6
1212700 716.5
1212710 713.7
1212720 713.7
1212730 710.7
1212740 708.6
1212750 708.6
1212760 705.8
1212770 702.8
1212780 700.7
1212790 696.6
1212800 693.8
1212810 693.8
1212820 689.6
1212830 684.0
1212840 684.0
1212850 682.9
1212860 682.5
1212870 682.5
1212880 681.0
1212890 678.8
1212900 678.8
1212910 676.6
1212920 674.1
1212930 671.3
1212940 671.3
1212950 669.5
1212960 668.6
1212970 668.6
1212980 666.3
1212990 663.2
1213000 663.2
1213010 662.4
1213020 662.4
1213030 662.4
1213040 661.4
1213050 660.3
1213060 660.3
1213070 660.0
1213080 660.1
1213090 660.1
1213100 660.3
1213110 660.2
1213120 660.2
1213130 659.6
1213140 659.1
1213150 659.1
1213160 659.1
1213170 659.2
1213180 659.2
1213190 659.1
1213200 659.0
1213210 658.8
1213220 658.8
1213230 658.4
1213240 657.6
1213250 656.1
1213260 655.9
1213270 655.8
1213280 655.8
1213290 655.7
1213300 655.7
1213310 655.7
1213320 655.5
1213330 655.6
1213340 655.6
1213350 655.6
1213360 655.6
1213370 655.6
1213380 655.6
1213390 655.6
1213400 655.6
1213410 655.6
1213420 655.5
1213430 655.5
1213440 654.9
1213450 654.8
1213460 654.8
1213470 654.8
1213480 654.8
1213490 654.8
1213500 654.8
1213510 654.8
1213520 654.9
1213530 654.9
1213540 655.1
1213550 655.1
1213560 655.1
1213570 654.9
1213580 654.7
1213590 654.7
1213600 654.6
1213610 654.4
1213620 654.4
1213630 654.3
1213640 654.3
1213650 654.3
1213660 654.2
1213670 654.4
1213680 654.4
1213690 654.5
1213700 654.5
1213710 654.5
1213720 654.7
1213730 654.6
1213740 654.8
1213750 654.8
1213760 654.8
1213770 654.6
1213780 654.6
1213790 654.3
1213800 653.6
1213810 653.6
1213820 653.0
1213830 652.9
1213840 652.9
1213850 652.9
1213860 653.0
1213870 653.0
1213880 653.2
1213890 653.3
1213900 653.3
1213910 653.1
1213920 652.8
1213930 652.8
1213940 652.7
1213950 652.6
1213960 652.6
1213970 652.9
1213980 653.2
1213990 653.5
1214000 653.5
1214010 653.6
1214020 653.1
1214030 653.1
1214040 652.5
1214050 652.2
1214060 652.2
1214070 652.4
1214080 652.6
1214090 652.6
1214100 652.9
1214110 653.0
1214120 653.0
1214130 653.1
1214140 653.2
1214150 653.2
1214160 653.1
1214170 653.0
1214180 653.0
1214190 652.8
1214200 652.8
1214210 652.8
1214220 652.7
1214230 652.5
1214240 652.5
1214250 652.2
1214260 652.2
1214270 652.3
1214280 652.3
1214290 652.3
1214300 652.3
1214310 652.3
1214320 652.3
1214330 652.5
1214340 652.5
1214350 652.6
1214360 652.5
1214370 652.5
1214380 651.5
1214390 649.8
1214400 649.8
1214410 648.5
1214420 648.1
1214430 648.1
1214440 648.1
1214450 648.0
1214460 648.0
1214470 648.0
1214480 647.9
1214490 647.9
1214500 647.9
1214510 647.8
1214520 647.8
1214530 647.8
1214540 647.8
1214550 647.7
1214560 647.7
1214570 647.8
1214580 647.8
1214590 647.8
1214600 647.7
1214610 647.6
1214620 647.6
1214630 647.7
1214640 648.0
1214650 648.0
1214660 650.3
1214670 650.5
1214680 650.5
1214690 650.6
1214700 650.6
1214710 650.6
1214720 650.7
1214730 650.6
1214740 650.6
1214750 650.5
1214760 650.5
1214770 650.5
1214780 650.6
1214790 650.5
1214800 650.3
1214810 650.3
1214820 650.0
1214830 649.8
1214840 649.8
1214850 649.4
1214860 649.5
1214870 649.5
1214880 649.6
1214890 649.6
1214900 649.6
1214910 649.9
1214920 649.8
1214930 649.8
1214940 649.4
1214950 648.8
1214960 648.8
1214970 648.8
1214980 648.9
1214990 648.9
1215000 648.7
1215010 647.7
1215020 647.7
1215030 647.2
1215040 647.6
1215050 648.3
1215060 648.3
1215070 649.2
1215080 650.7
1215090 650.7
1215100 651.6
1215110 651.9
1215120 651.9
1215130 652.0
1215140 651.9
1215150 651.9
1215160 651.8
1215170 651.7
1215180 651.7
1215190 651.6
1215200 651.7
1215210 651.7
1215220 651.8
1215230 652.0
1215240 652.0
1215250 652.2
1215260 652.3
1215270 652.3
1215280 652.3
1215290 652.2
1215300 652.2
1215310 652.0
1215320 651.8
1215330 651.5
1215340 651.5
1215350 651.3
1215360 651.3
1215370 651.3
1215380 651.5
1215390 651.6
1215400 651.6
1215410 651.5
1215420 651.4
1215430 651.4
1215440 651.3
1215450 651.3
1215460 651.3
1215470 651.2
1215480 651.2
1215490 651.2
1215500 651.1
1215510 651.1
1215520 651.1
1215530 651.0
1215540 651.0
1215550 651.0
1215560 651.0
1215570 651.0
1215580 651.1
1215590 651.1
1215600 651.1
1215610 651.1
1215620 651.1
1215630 651.1
1215640 651.1
1215650 651.1
1215660 651.1
1215670 651.1
1215680 651.1
1215690 651.1
1215700 651.2
1215710 651.2
1215720 651.3
1215730 651.2
1215740 651.2
1215750 651.1
1215760 650.9
1215770 650.9
1215780 650.8
1215790 650.7
1215800 650.7
1215810 650.6
1215820 650.6
1215830 650.6
1215840 650.7
1215850 650.5
1215860 650.3
1215870 650.3
1215880 650.2
1215890 650.2
1215900 650.2
1215910 650.4
1215920 650.6
1215930 650.6
1215940 650.6
1215950 650.5
1215960 650.5
1215970 650.8
1215980 651.0
1215990 651.0
1216000 650.7
1216010 650.4
1216020 650.4
1216030 650.3
1216040 650.2
1216050 650.2
1216060 650.2
1216070 650.2
1216080 650.1
1216090 650.2
1216100 650.1
1216110 650.1
1216120 650.1
1216130 650.2
1216140 650.3
1216150 650.3
1216160 650.2
1216170 650.0
1216180 650.0
1216190 650.0
1216200 649.9
1216210 649.9
1216220 650.0
1216230 650.1
1216240 650.1
1216250 650.4
1216260 651.3
1216270 651.3
1216280 651.6
1216290 651.7
1216300 651.7
1216310 651.7
1216320 652.0
1216330 652.0
1216340 652.0
1216350 652.0
1216360 652.0
1216370 652.3
1216380 651.7
1216390 651.6
1216400 651.6
1216410 651.8
1216420 652.0
1216430 652.0
1216440 651.8
1216450 651.8
1216460 651.8
1216470 651.7
1216480 652.1
1216490 652.1
1216500 652.3
1216510 652.1
1216520 652.1
1216530 651.9
1216540 652.1
1216550 651.9
1216560 652.1
1216570 652.1
1216580 652.1
1216590 651.8
1216600 651.8
1216610 651.8
1216620 651.8
1216630 651.7
1216640 651.8
1216650 651.8
1216660 651.7
1216670 651.6
1216680 651.6
1216690 651.6
1216700 651.5
1216710 651.5
1216720 651.4
1216730 651.0
1216740 651.0
1216750 650.9
1216760 650.7
1216770 650.7
1216780 650.6
1216790 650.5
1216800 650.5
1216810 650.6
1216820 650.6
1216830 650.6
1216840 650.6
1216850 650.6
1216860 650.6
1216870 650.6
1216880 650.5
1216890 650.5
1216900 650.1
1216910 649.9
1216920 649.7
1216930 649.7
1216940 649.8
1216950 649.9
1216960 649.9
1216970 649.7
1216980 649.6
1216990 649.6
1217000 649.5
1217010 649.5
1217020 649.5
1217030 649.4
1217040 649.4
1217050 649.4
1217060 649.2
1217070 649.1
1217080 649.1
1217090 649.3
1217100 649.4
1217110 649.4
1217120 649.5
1217130 649.4
1217140 649.4
1217150 649.4
1217160 649.4
1217170 649.4
1217180 649.4
1217190 649.4
1217200 649.3
1217210 649.3
1217220 649.4
1217230 649.3
1217240 649.3
1217250 649.2
1217260 649.2
1217270 649.2
1217280 649.2
1217290 649.1
1217300 649.1
1217310 649.1
1217320 649.2
1217330 649.2
1217340 649.4
1217350 649.4
1217360 649.4
1217370 649.4
1217380 649.3
1217390 649.3
1217400 649.4
1217410 649.3
1217420 649.3
1217430 649.2
1217440 649.1
1217450 649.1
1217460 649.1
1217470 649.1
1217480 649.1
1217490 649.1
1217500 649.0
1217510 648.9
1217520 648.9
1217530 648.9
1217540 649.0
1217550 649.0
1217560 648.9
1217570 648.8
1217580 648.8
1217590 648.9
1217600 649.0
1217610 649.0
1217620 649.2
1217630 649.2
1217640 649.2
1217650 650.0
1217660 649.3
1217670 649.3
1217680 649.0
1217690 649.0
1217700 648.9
1217710 648.9
1217720 649.0
1217730 649.0
1217740 649.0
1217750 649.0
1217760 649.0
1217770 649.0
1217780 649.0
1217790 648.9
1217800 648.9
1217810 648.9
1217820 648.9
1217830 648.9
1217840 648.8
1217850 648.9
1217860 648.9
1217870 648.9
1217880 649.0
1217890 649.0
1217900 648.9
1217910 648.9
1217920 648.9
1217930 649.0
1217940 649.0
1217950 649.0
1217960 649.2
1217970 649.3
1217980 650.1
1217990 650.1
1218000 650.0
1218010 649.6
1218020 649.6
1218030 649.4
1218040 649.3
1218050 649.3
1218060 649.2
1218070 649.2
1218080 649.2
1218090 649.1
1218100 649.1
1218110 649.1
1218120 649.1
1218130 649.1
1218140 649.1
1218150 649.1
1218160 649.2
1218170 649.2
1218180 649.2
1218190 649.1
1218200 649.1
1218210 649.1
1218220 649.1
1218230 649.1
1218240 649.1
1218250 649.1
1218260 649.0
1218270 649.0
1218280 649.0
1218290 649.0
1218300 649.0
1218310 649.0
1218320 648.9
1218330 648.9
1218340 648.9
1218350 648.9
1218360 648.9
1218370 648.9
1218380 649.0
1218390 649.0
1218400 649.0
1218410 649.1
1218420 649.1
1218430 649.0
1218440 649.0
1218450 649.0
1218460 649.1
1218470 649.1
1218480 649.1
1218490 649.0
1218500 648.9
1218510 648.9
1218520 648.9
1218530 648.9
1218540 648.8
1218550 648.8
1218560 648.8
1218570 648.8
1218580 648.8
1218590 648.8
1218600 648.9
1218610 648.9
1218620 648.9
1218630 649.0
1218640 649.0
1218650 649.0
1218660 649.0
1218670 649.0
1218680 649.0
1218690 649.0
1218700 649.0
1218710 649.0
1218720 648.9
1218730 648.9
1218740 648.9
1218750 648.9
1218760 648.9
1218770 648.9
1218780 648.7
1218790 648.5
1218800 648.5
1218810 648.5
1218820 648.6
1218830 648.6
1218840 649.0
1218850 649.1
1218860 649.1
1218870 649.1
1218880 649.1
1218890 649.1
1218900 649.1
1218910 649.2
1218920 649.2
1218930 649.2
1218940 649.2
1218950 649.2
1218960 649.2
1218970 649.2
1218980 649.2
1218990 649.2
1219000 649.2
1219010 649.2
1219020 649.2
1219030 649.2
1219040 649.3
1219050 649.3
1219060 649.3
1219070 649.4
1219080 649.4
1219090 649.5
1219100 649.5
1219110 649.5
1219120 649.4
1219130 649.3
1219140 649.3
1219150 649.1
1219160 649.0
1219170 649.0
1219180 648.9
1219190 648.9
1219200 648.9
1219210 648.8
1219220 648.6
1219230 648.6
1219240 648.5
1219250 648.4
1219260 648.4
1219270 648.4
1219280 648.4
1219290 648.5
1219300 648.5
1219310 648.5
1219320 648.4
1219330 648.4
1219340 648.4
1219350 648.3
1219360 648.3
1219370 648.3
1219380 648.2
1219390 648.2
1219400 648.1
1219410 648.1
1219420 648.2
1219430 648.2
1219440 648.2
1219450 648.2
1219460 648.1
1219470 648.0
1219480 648.0
1219490 648.0
1219500 647.9
1219510 647.9
1219520 648.0
1219530 648.2
1219540 648.2
1219550 648.5
1219560 648.7
1219570 648.8
1219580 648.8
1219590 649.1
1219600 649.5
1219610 649.5
1219620 649.9
1219630 650.7
1219640 650.7
1219650 651.2
1219660 651.4
1219670 651.4
1219680 651.0
1219690 650.6
1219700 650.6
1219710 651.3
1219720 652.3
1219730 652.3
1219740 653.5
1219750 655.0
1219760 655.0
1219770 656.1
1219780 657.2
1219790 657.2
1219800 658.0
1219810 658.7
1219820 659.8
1219830 659.8
1219840 662.0
1219850 661.7
1219860 661.7
1219870 662.1
1219880 663.2
1219890 663.2
1219900 665.7
1219910 665.4
1219920 665.4
1219930 664.9
1219940 663.9
1219950 663.9
1219960 662.6
1219970 662.0
1219980 662.0
1219990 661.1
