1200000 828.0
1200010 826.4
1200020 824.7
1200030 824.7
1200040 822.3
1200050 819.8
1200060 819.8
1200070 817.4
1200080 815.1
1200090 815.1
1200100 812.6
1200110 809.7
1200120 809.7
1200130 807.4
1200140 806.4
1200150 804.5
1200160 804.5
1200170 803.6
1200180 802.8
1200190 802.8
1200200 801.3
1200210 799.1
1200220 799.1
1200230 797.7
1200240 796.5
1200250 796.5
1200260 795.2
1200270 794.2
1200280 794.2
1200290 793.2
1200300 791.6
1200310 791.6
1200320 790.3
1200330 789.0
1200340 789.0
1200350 787.2
1200360 786.8
1200370 786.8
1200380 786.8
1200390 787.0
1200400 785.8
1200410 785.8
1200420 785.5
1200430 785.6
1200440 785.6
1200450 785.8
1200460 786.2
1200470 786.2
1200480 786.8
1200490 787.0
1200500 787.0
1200510 786.9
1200520 787.2
1200530 787.2
1200540 787.7
1200550 787.6
1200560 787.6
1200570 787.8
1200580 788.3
1200590 788.3
1200600 788.8
1200610 789.5
1200620 789.5
1200630 790.2
1200640 790.9
1200650 790.9
1200660 791.9
1200670 792.6
1200680 793.6
1200690 793.6
1200700 794.3
1200710 795.2
1200720 795.2
1200730 796.2
1200740 796.6
1200750 796.6
1200760 796.8
1200770 796.2
1200780 796.2
1200790 795.9
1200800 796.0
1200810 796.0
1200820 796.0
1200830 796.1
1200840 796.1
1200850 795.8
1200860 796.0
1200870 796.0
1200880 795.8
1200890 795.0
1200900 795.0
1200910 794.1
1200920 793.0
1200930 791.4
1200940 791.4
1200950 789.6
1200960 788.0
1200970 788.0
1200980 786.8
1200990 785.6
1201000 785.6
1201010 785.1
1201020 785.0
1201030 785.0
1201040 785.1
1201050 785.1
1201060 785.1
1201070 785.1
1201080 785.1
1201090 785.1
1201100 785.1
1201110 785.2
1201120 785.2
1201130 785.2
1201140 785.2
1201150 785.2
1201160 785.1
1201170 785.0
1201180 785.0
1201190 784.9
1201200 785.1
1201210 785.0
1201220 785.0
1201230 784.5
1201240 785.1
1201250 785.1
1201260 785.6
1201270 785.5
1201280 785.5
1201290 785.2
1201300 785.1
1201310 785.1
1201320 785.0
1201330 784.8
1201340 784.8
1201350 784.6
1201360 784.6
1201370 784.6
1201380 784.7
1201390 784.7
1201400 784.7
1201410 784.7
1201420 784.0
1201430 784.0
1201440 784.0
1201450 784.6
1201460 784.6
1201470 784.9
1201480 785.0
1201490 785.0
1201500 785.0
1201510 785.0
1201520 785.1
1201530 785.1
1201540 785.2
1201550 785.3
1201560 785.3
1201570 785.4
1201580 785.3
1201590 785.3
1201600 785.3
1201610 785.3
1201620 785.3
1201630 785.3
1201640 785.3
1201650 785.3
1201660 785.3
1201670 785.3
1201680 785.3
1201690 785.2
1201700 785.2
1201710 785.2
1201720 785.1
1201730 785.2
1201740 785.2
1201750 785.2
1201760 785.3
1201770 785.3
1201780 785.3
1201790 785.3
1201800 785.4
1201810 785.4
1201820 785.5
1201830 785.6
1201840 785.6
1201850 785.7
1201860 785.8
1201870 785.8
1201880 785.9
1201890 786.1
1201900 786.1
1201910 785.9
1201920 786.1
1201930 786.1
1201940 786.9
1201950 787.7
1201960 787.7
1201970 788.2
1201980 788.6
1201990 788.6
1202000 789.1
1202010 789.5
1202020 790.0
1202030 790.0
1202040 790.2
1202050 790.6
1202060 790.6
1202070 791.6
1202080 792.4
1202090 792.4
1202100 793.1
1202110 793.5
1202120 793.5
1202130 794.1
1202140 794.8
1202150 794.8
1202160 795.0
1202170 795.3
1202180 795.3
1202190 795.5
1202200 795.7
1202210 795.7
1202220 796.0
1202230 796.3
1202240 796.3
1202250 796.6
1202260 796.8
1202270 796.9
1202280 796.9
1202290 796.8
1202300 796.9
1202310 796.9
1202320 797.3
1202330 797.8
1202340 797.8
1202350 797.8
1202360 797.9
1202370 797.9
1202380 798.1
1202390 798.0
1202400 798.0
1202410 797.6
1202420 797.6
1202430 797.6
1202440 797.7
1202450 797.6
1202460 797.6
1202470 797.6
1202480 797.7
1202490 797.7
1202500 798.1
1202510 798.0
1202520 798.0
1202530 797.9
1202540 798.0
1202550 798.3
1202560 798.3
1202570 798.3
1202580 798.3
1202590 798.3
1202600 798.5
1202610 798.9
1202620 798.9
1202630 799.0
1202640 799.1
1202650 799.1
1202660 799.5
1202670 800.3
1202680 800.3
1202690 800.9
1202700 801.1
1202710 801.1
1202720 801.0
1202730 801.7
1202740 801.7
1202750 802.9
1202760 803.8
1202770 803.8
1202780 804.9
1202790 806.9
1202800 806.9
1202810 809.9
1202820 812.2
1202830 812.6
1202840 812.6
1202850 812.9
1202860 813.3
1202870 813.3
1202880 814.2
1202890 815.7
1202900 815.7
1202910 816.5
1202920 816.5
1202930 816.5
1202940 816.9
1202950 817.9
1202960 817.9
1202970 819.1
1202980 820.2
1202990 820.2
1203000 821.3
1203010 822.4
1203020 822.4
1203030 823.5
1203040 824.6
1203050 824.6
1203060 825.5
1203070 826.0
1203080 826.7
1203090 826.7
1203100 828.1
1203110 829.0
1203120 829.0
1203130 830.0
1203140 831.1
1203150 831.1
1203160 832.1
1203170 833.1
1203180 833.1
1203190 833.5
1203200 834.6
1203210 834.6
1203220 835.7
1203230 836.3
1203240 836.3
1203250 837.5
1203260 838.8
1203270 838.8
1203280 839.6
1203290 840.5
1203300 840.5
1203310 841.2
1203320 842.0
1203330 842.0
1203340 842.6
1203350 843.0
1203360 843.1
1203370 843.1
1203380 843.2
1203390 843.0
1203400 843.0
1203410 842.7
1203420 843.4
1203430 843.4
1203440 844.9
1203450 846.7
1203460 846.7
1203470 848.8
1203480 850.8
1203490 850.8
1203500 852.3
1203510 853.7
1203520 853.7
1203530 855.3
1203540 857.0
1203550 857.0
1203560 859.9
1203570 861.7
1203580 861.7
1203590 863.1
1203600 864.3
1203610 865.2
1203620 865.2
1203630 865.6
1203640 865.9
1203650 865.9
1203660 866.0
1203670 866.2
1203680 866.2
1203690 867.1
1203700 869.6
1203710 869.6
1203720 873.2
1203730 875.9
1203740 875.9
1203750 877.4
1203760 878.7
1203770 878.7
1203780 880.3
1203790 881.5
1203800 881.5
1203810 882.6
1203820 884.0
1203830 884.0
1203840 885.4
1203850 886.6
1203860 886.6
1203870 888.1
1203880 889.7
1203890 891.2
1203900 891.2
1203910 892.5
1203920 893.5
1203930 893.5
1203940 894.8
1203950 896.0
1203960 896.0
1203970 896.9
1203980 897.0
1203990 897.0
1204000 897.8
1204010 900.6
1204020 900.6
1204030 901.3
1204040 903.5
1204050 903.5
1204060 909.4
1204070 916.3
1204080 916.3
1204090 923.3
1204100 929.3
1204110 929.3
1204120 929.0
1204130 926.9
1204140 923.5
1204150 923.5
1204160 920.3
1204170 917.9
1204180 917.9
1204190 918.1
1204200 917.4
1204210 917.4
1204220 918.8
1204230 923.9
1204240 923.9
1204250 929.6
1204260 935.9
1204270 935.9
1204280 942.5
1204290 948.8
1204300 948.8
1204310 955.0
1204320 961.2
1204330 961.2
1204340 967.4
1204350 972.4
1204360 972.4
1204370 972.9
1204380 969.1
1204390 969.1
1204400 965.2
1204410 962.2
1204420 959.4
1204430 959.4
1204440 956.9
1204450 954.5
1204460 960.4
1204470 958.1
1204480 955.7
1204490 955.7
1204500 953.1
1204510 950.8
1204520 950.8
1204530 951.5
1204540 953.3
1204550 953.3
1204560 954.6
1204570 955.8
1204580 955.8
1204590 957.2
1204600 958.9
1204610 958.9
1204620 960.4
1204630 961.4
1204640 961.4
1204650 963.5
1204660 967.6
1204670 967.6
1204680 972.1
1204690 976.7
1204700 981.5
1204710 981.5
1204720 986.5
1204730 991.9
1204740 991.9
1204750 997.5
1204760 1003.3
1204770 1003.3
1204780 1009.0
1204790 1014.5
1204800 1014.5
1204810 1020.2
1204820 1026.1
1204830 1026.1
1204840 1031.6
1204850 1037.1
1204860 1037.1
1204870 1041.8
1204880 1042.6
1204890 1042.6
1204900 1038.9
1204910 1033.6
1204920 1038.3
1204930 1033.5
1204940 1028.9
1204950 1024.1
1204960 1024.1
1204970 1020.0
1204980 1015.9
1204990 1015.9
1205000 1012.2
1205010 1008.9
1205020 1008.9
1205030 1006.1
1205040 1004.9
1205050 1004.9
1205060 1004.7
1205070 1005.5
1205080 1005.5
1205090 1006.7
1205100 1008.9
1205110 1008.9
1205120 1013.6
1205130 1019.9
1205140 1019.9
1205150 1026.9
1205160 1034.0
1205170 1034.0
1205180 1039.7
1205190 1039.8
1205200 1039.8
1205210 1036.4
1205220 1033.4
1205230 1031.1
1205240 1031.1
1205250 1030.5
1205260 1032.8
1205270 1032.8
1205280 1036.3
1205290 1039.3
1205300 1039.3
1205310 1042.0
1205320 1044.0
1205330 1044.0
1205340 1046.4
1205350 1048.9
1205360 1048.9
1205370 1055.0
1205380 1056.0
1205390 1056.0
1205400 1058.0
1205410 1058.9
1205420 1058.9
1205430 1059.4
1205440 1060.5
1205450 1060.5
1205460 1064.0
1205470 1070.3
1205480 1077.2
1205490 1077.2
1205500 1084.2
1205510 1091.4
1205520 1091.4
1205530 1098.4
1205540 1104.1
1205550 1104.1
1205560 1103.8
1205570 1101.3
1205580 1101.3
1205590 1103.7
1205600 1108.0
1205610 1108.0
1205620 1111.3
1205630 1114.0
1205640 1114.0
1205650 1114.8
1205660 1115.4
1205670 1115.4
1205680 1118.2
1205690 1122.8
1205700 1122.8
1205710 1126.8
1205720 1129.7
1205730 1129.7
1205740 1134.4
1205750 1144.3
1205760 1149.4
1205770 1149.4
1205780 1152.8
1205790 1157.0
1205800 1157.0
1205810 1162.0
1205820 1167.0
1205830 1177.3
1205840 1181.0
1205850 1188.7
1205860 1188.7
1205870 1200.4
1205880 1207.9
1205890 1207.9
1205900 1215.0
1205910 1229.8
1205920 1229.8
1205930 1243.8
1205940 1243.5
1205950 1243.5
1205960 1235.1
1205970 1232.1
1205980 1232.1
1205990 1231.4
1206000 1237.6
1206010 1254.9
1206020 1254.9
1206030 1273.6
1206040 1285.0
1206050 1285.0
1206060 1296.5
1206070 1304.6
1206080 1304.6
1206090 1307.6
1206100 1304.4
1206110 1304.4
1206120 1293.4
1206130 1284.3
1206140 1284.3
1206150 1279.4
1206160 1277.4
1206170 1277.4
1206180 1278.5
1206190 1286.6
1206200 1286.6
1206210 1305.6
1206220 1333.8
1206230 1333.8
1206240 1345.5
1206250 1357.6
1206260 1357.6
1206270 1363.0
1206280 1360.7
1206290 1362.4
1206300 1362.4
1206310 1364.1
1206320 1374.9
1206330 1374.9
1206340 1384.8
1206350 1384.0
1206360 1384.0
1206370 1378.8
1206380 1385.4
1206390 1385.4
1206400 1394.6
1206410 1403.7
1206420 1403.7
1206430 1414.5
1206440 1419.2
1206450 1419.2
1206460 1417.8
1206470 1423.4
1206480 1423.4
1206490 1427.0
1206500 1431.4
1206510 1431.4
1206520 1437.9
1206530 1442.9
1206540 1442.9
1206550 1449.2
1206560 1453.0
1206570 1456.9
1206580 1456.9
1206590 1457.0
1206600 1432.5
1206610 1432.5
1206620 1438.6
1206630 1452.0
1206640 1452.0
1206650 1464.3
1206660 1473.9
1206670 1473.9
1206680 1476.5
1206690 1475.9
1206700 1475.9
1206710 1472.7
1206720 1468.7
1206730 1468.7
1206740 1463.7
1206750 1466.5
1206760 1466.5
1206770 1463.7
1206780 1456.9
1206790 1456.9
1206800 1444.1
1206810 1421.8
1206820 1408.7
1206830 1408.7
1206840 1404.2
1206850 1398.6
1206860 1398.6
1206870 1392.2
1206880 1388.7
1206890 1388.7
1206900 1384.2
1206910 1377.7
1206920 1377.7
1206930 1370.5
1206940 1360.7
1206950 1360.7
1206960 1343.5
1206970 1331.7
1206980 1331.7
1206990 1323.6
1207000 1321.9
1207010 1321.9
1207020 1334.9
1207030 1343.4
1207040 1343.4
1207050 1343.7
1207060 1337.5
1207070 1337.5
1207080 1323.2
1207090 1315.0
1207100 1318.8
1207110 1318.8
1207120 1330.8
1207130 1340.7
1207140 1340.7
1207150 1349.0
1207160 1355.5
1207170 1355.5
1207180 1361.6
1207190 1367.7
1207200 1367.7
1207210 1372.6
1207220 1370.9
1207230 1370.9
1207240 1372.4
1207250 1376.3
1207260 1376.3
1207270 1381.4
1207280 1386.2
1207290 1386.2
1207300 1388.7
1207310 1391.7
1207320 1391.7
1207330 1397.7
1207340 1404.9
1207350 1410.6
1207360 1410.6
1207370 1414.5
1207380 1417.7
1207390 1417.7
1207400 1420.7
1207410 1423.2
1207420 1423.2
1207430 1424.7
1207440 1425.1
1207450 1425.1
1207460 1425.4
1207470 1426.2
1207480 1426.2
1207490 1424.8
1207500 1425.1
1207510 1425.1
1207520 1427.8
1207530 1429.1
1207540 1429.1
1207550 1429.5
1207560 1427.2
1207570 1427.2
1207580 1428.0
1207590 1429.9
1207600 1429.9
1207610 1432.5
1207620 1435.2
1207630 1436.2
1207640 1436.2
1207650 1436.9
1207660 1438.6
1207670 1449.2
1207680 1449.8
1207690 1451.2
1207700 1451.2
1207710 1456.1
1207720 1457.0
1207730 1457.0
1207740 1457.8
1207750 1459.6
1207760 1459.6
1207770 1462.7
1207780 1468.6
1207790 1468.6
1207800 1476.4
1207810 1485.0
1207820 1485.0
1207830 1493.8
1207840 1503.6
1207850 1503.6
1207860 1513.1
1207870 1526.4
1207880 1534.7
1207890 1534.7
1207900 1542.0
1207910 1549.2
1207920 1549.2
1207930 1556.1
1207940 1563.1
1207950 1563.1
1207960 1571.1
1207970 1579.8
1207980 1579.8
1207990 1590.6
1208000 1602.3
1208010 1602.3
1208020 1611.5
1208030 1621.3
1208040 1621.3
1208050 1628.0
1208060 1635.1
1208070 1635.1
1208080 1643.2
1208090 1651.8
1208100 1651.8
1208110 1665.8
1208120 1682.3
1208130 1679.2
1208140 1696.5
1208150 1709.9
1208160 1719.3
1208170 1719.3
1208180 1727.2
1208190 1733.7
1208200 1733.7
1208210 1736.8
1208220 1741.5
1208230 1741.5
1208240 1752.4
1208250 1760.9
1208260 1760.9
1208270 1765.9
1208280 1767.5
1208290 1767.5
1208300 1768.0
1208310 1770.4
1208320 1770.4
1208330 1775.0
1208340 1781.0
1208350 1781.0
1208360 1787.6
1208370 1795.1
1208380 1795.1
1208390 1804.2
1208400 1813.8
1208410 1813.8
1208420 1823.5
1208430 1830.9
1208440 1836.8
1208450 1836.8
1208460 1839.2
1208470 1841.4
1208480 1841.4
1208490 1845.7
1208500 1852.4
1208510 1852.4
1208520 1856.5
1208530 1863.0
1208540 1863.0
1208550 1871.0
1208560 1878.5
1208570 1878.5
1208580 1887.4
1208590 1896.9
1208600 1896.9
1208610 1909.8
1208620 1919.5
1208630 1919.5
1208640 1928.3
1208650 1938.6
1208660 1938.6
1208670 1947.9
1208680 1955.9
1208690 1963.5
1208700 1963.5
1208710 1971.4
1208720 1976.5
1208730 1976.5
1208740 1980.7
1208750 1983.9
1208760 1983.9
1208770 1983.9
1208780 1983.2
1208790 1983.2
1208800 1984.3
1208810 1987.0
1208820 1987.0
1208830 1989.9
1208840 1992.1
1208850 1992.1
1208860 1992.6
1208870 1992.0
1208880 1992.0
1208890 1992.2
1208900 1992.7
1208910 1992.7
1208920 1991.0
1208930 1990.4
1208940 1990.4
1208950 1992.9
1208960 1993.1
1208970 1992.0
1208980 1992.0
1208990 1991.5
1209000 1988.1
1209010 1988.1
1209020 1982.4
1209030 1976.1
1209040 1976.1
1209050 1961.5
1209060 1954.4
1209070 1954.4
1209080 1946.1
1209090 1938.7
1209100 1938.7
1209110 1932.2
1209120 1926.3
1209130 1926.3
1209140 1924.3
1209150 1923.2
1209160 1923.2
1209170 1918.6
1209180 1914.9
1209190 1914.9
1209200 1912.1
1209210 1909.5
1209220 1906.6
1209230 1906.6
1209240 1903.5
1209250 1900.1
1209260 1900.1
1209270 1895.7
1209280 1888.7
1209290 1888.7
1209300 1884.2
1209310 1889.3
1209320 1889.3
1209330 1891.6
1209340 1890.6
1209350 1890.6
1209360 1888.8
1209370 1886.1
1209380 1886.1
1209390 1882.6
1209400 1877.5
1209410 1877.5
1209420 1870.4
1209430 1865.5
1209440 1865.5
1209450 1866.4
1209460 1866.4
1209470 1866.4
1209480 1864.7
1209490 1862.8
1209500 1860.4
1209510 1851.9
1209520 1849.2
1209530 1847.4
1209540 1847.4
1209550 1847.6
1209560 1848.5
1209570 1848.5
1209580 1848.6
1209590 1848.0
1209600 1848.0
1209610 1845.8
1209620 1843.3
1209630 1843.3
1209640 1841.0
1209650 1838.3
1209660 1838.3
1209670 1834.9
1209680 1831.5
1209690 1831.5
1209700 1830.1
1209710 1828.5
1209720 1828.5
1209730 1828.0
1209740 1828.1
1209750 1827.0
1209760 1827.0
1209770 1824.2
1209780 1821.4
1209790 1821.4
1209800 1817.7
1209810 1813.3
1209820 1813.3
1209830 1809.0
1209840 1805.1
1209850 1805.1
1209860 1802.1
1209870 1799.2
1209880 1799.2
1209890 1795.8
1209900 1791.9
1209910 1791.9
1209920 1786.7
1209930 1781.8
1209940 1781.8
1209950 1777.4
1209960 1773.7
1209970 1768.9
1209980 1765.9
1209990 1762.6
1210000 1762.6
1210010 1758.9
1210020 1754.4
1210030 1749.9
1210040 1749.9
1210050 1747.7
1210060 1745.0
1210070 1745.0
1210080 1742.3
1210090 1739.3
1210100 1739.3
1210110 1736.5
1210120 1733.9
1210130 1733.9
1210140 1731.2
1210150 1729.1
1210160 1729.1
1210170 1726.0
1210180 1722.3
1210190 1722.3
1210200 1718.5
1210210 1714.5
1210220 1714.5
1210230 1710.3
1210240 1705.9
1210250 1705.9
1210260 1701.8
1210270 1698.2
1210280 1694.2
1210290 1694.2
1210300 1690.6
1210310 1688.4
1210320 1688.4
1210330 1686.0
1210340 1682.4
1210350 1682.4
1210360 1676.6
1210370 1670.7
1210380 1670.7
1210390 1666.0
1210400 1662.2
1210410 1662.2
1210420 1658.9
1210430 1653.3
1210440 1647.1
1210450 1642.2
1210460 1638.5
1210470 1638.5
1210480 1634.8
1210490 1630.0
1210500 1630.0
1210510 1622.8
1210520 1620.8
1210530 1620.8
1210540 1617.8
1210550 1614.1
1210560 1614.1
1210570 1614.1
1210580 1608.0
1210590 1600.3
1210600 1600.3
1210610 1595.0
1210620 1589.4
1210630 1589.4
1210640 1583.4
1210650 1577.0
1210660 1577.0
1210670 1570.9
1210680 1564.8
1210690 1564.8
1210700 1558.8
1210710 1552.6
1210720 1552.6
1210730 1549.3
1210740 1548.5
1210750 1548.5
1210760 1547.5
1210770 1546.8
1210780 1546.8
1210790 1545.3
1210800 1543.2
1210810 1540.0
1210820 1540.0
1210830 1536.4
1210840 1530.8
1210850 1530.8
1210860 1523.4
1210870 1515.6
1210880 1515.6
1210890 1509.3
1210900 1499.6
1210910 1499.6
1210920 1494.9
1210930 1489.7
1210940 1489.7
1210950 1484.2
1210960 1479.7
1210970 1479.7
1210980 1476.6
1210990 1474.6
1211000 1474.6
1211010 1473.9
1211020 1473.1
1211030 1473.1
1211040 1471.4
1211050 1469.4
1211060 1469.4
1211070 1468.4
1211080 1467.6
1211090 1466.9
1211100 1466.9
1211110 1467.0
1211120 1466.9
1211130 1466.9
1211140 1466.0
1211150 1465.1
1211160 1465.1
1211170 1462.2
1211180 1458.5
1211190 1458.5
1211200 1455.1
1211210 1452.8
1211220 1452.8
1211230 1451.1
1211240 1449.4
1211250 1449.4
1211260 1447.3
1211270 1444.2
1211280 1444.2
1211290 1441.1
1211300 1436.5
1211310 1436.5
1211320 1431.2
1211330 1426.1
1211340 1426.1
1211350 1423.0
1211360 1420.5
1211370 1415.4
1211380 1415.4
1211390 1413.8
1211400 1412.2
1211410 1412.2
1211420 1409.8
1211430 1407.1
1211440 1407.1
1211450 1404.4
1211460 1401.5
1211470 1401.5
1211480 1398.5
1211490 1396.6
1211500 1396.6
1211510 1395.4
1211520 1393.7
1211530 1393.7
1211540 1391.2
1211550 1387.9
1211560 1387.9
1211570 1387.1
1211580 1389.3
1211590 1389.3
1211600 1392.5
1211610 1394.0
1211620 1392.4
1211630 1392.4
1211640 1389.8
1211650 1387.3
1211660 1387.3
1211670 1385.7
1211680 1383.7
1211690 1383.7
1211700 1382.7
1211710 1382.9
1211720 1382.9
1211730 1381.4
1211740 1377.6
1211750 1377.6
1211760 1373.1
1211770 1370.9
1211780 1370.9
1211790 1368.8
1211800 1365.8
1211810 1365.8
1211820 1363.5
1211830 1356.1
1211840 1356.1
1211850 1355.3
1211860 1354.3
1211870 1354.3
1211880 1352.9
1211890 1351.5
1211900 1350.3
1211910 1350.3
1211920 1349.2
1211930 1349.7
1211940 1349.7
1211950 1350.8
1211960 1351.0
1211970 1351.0
1211980 1349.1
1211990 1345.3
1212000 1345.3
1212010 1341.9
1212020 1339.2
1212030 1339.2
1212040 1336.6
1212050 1335.6
1212060 1335.6
1212070 1337.3
1212080 1339.7
1212090 1339.7
1212100 1341.0
1212110 1341.0
1212120 1341.0
1212130 1342.5
1212140 1344.5
1212150 1345.4
1212160 1345.4
1212170 1346.5
1212180 1345.6
1212190 1345.6
1212200 1343.8
1212210 1341.3
1212220 1341.3
1212230 1338.0
1212240 1334.7
1212250 1334.7
1212260 1331.8
1212270 1329.4
1212280 1329.4
1212290 1328.5
1212300 1325.0
1212310 1325.0
1212320 1325.0
1212330 1323.6
1212340 1323.6
1212350 1320.1
1212360 1317.2
1212370 1317.2
1212380 1315.6
1212390 1312.0
1212400 1312.0
1212410 1301.7
1212420 1296.7
1212430 1294.1
1212440 1294.1
1212450 1292.2
1212460 1290.9
1212470 1290.9
1212480 1290.2
1212490 1289.1
1212500 1289.1
1212510 1286.4
1212520 1282.2
1212530 1282.2
1212540 1275.6
1212550 1269.1
1212560 1269.1
1212570 1266.5
1212580 1265.2
1212590 1265.2
1212600 1259.7
1212610 1251.7
1212620 1251.7
1212630 1252.7
1212640 1250.9
1212650 1250.9
1212660 1246.9
1212670 1240.5
1212680 1231.6
1212690 1231.6
1212700 1222.2
1212710 1220.1
1212720 1220.1
1212730 1222.3
1212740 1225.4
1212750 1225.4
1212760 1228.2
1212770 1220.4
1212780 1220.4
1212790 1211.8
1212800 1199.3
1212810 1199.3
1212820 1192.1
1212830 1189.2
1212840 1189.2
1212850 1188.4
1212860 1186.0
1212870 1186.0
1212880 1181.4
1212890 1174.1
1212900 1174.1
1212910 1167.2
1212920 1164.6
1212930 1164.6
1212940 1161.7
1212950 1159.0
1212960 1156.7
1212970 1156.7
1212980 1144.5
1212990 1137.7
1213000 1137.7
1213010 1132.7
1213020 1129.2
1213030 1129.2
1213040 1127.9
1213050 1124.8
1213060 1124.8
1213070 1131.8
1213080 1133.8
1213090 1133.8
1213100 1128.0
1213110 1117.6
1213120 1117.6
1213130 1109.9
1213140 1105.6
1213150 1105.6
1213160 1107.8
1213170 1108.8
1213180 1108.8
1213190 1110.4
1213200 1112.3
1213210 1108.7
1213220 1108.7
1213230 1103.0
1213240 1084.2
1213250 1084.2
1213260 1083.5
1213270 1093.9
1213280 1093.9
1213290 1093.5
1213300 1101.8
1213310 1101.8
1213320 1098.2
1213330 1089.4
1213340 1089.4
1213350 1079.0
1213360 1069.8
1213370 1069.8
1213380 1064.4
1213390 1060.3
1213400 1060.3
1213410 1052.9
1213420 1050.3
1213430 1050.3
1213440 1056.3
1213450 1060.7
1213460 1060.7
1213470 1066.1
1213480 1072.2
1213490 1081.4
1213500 1081.4
1213510 1094.2
1213520 1099.0
1213530 1099.0
1213540 1103.5
1213550 1109.5
1213560 1109.5
1213570 1116.8
1213580 1125.7
1213590 1125.7
1213600 1129.7
1213610 1128.0
1213620 1128.0
1213630 1123.6
1213640 1117.4
1213650 1117.4
1213660 1110.9
1213670 1104.1
1213680 1104.1
1213690 1101.0
1213700 1100.1
1213710 1082.7
1213720 1078.1
1213730 1075.9
1213740 1078.7
1213750 1078.7
1213760 1082.3
1213770 1083.2
1213780 1083.2
1213790 1081.1
1213800 1077.0
1213810 1077.0
1213820 1071.6
1213830 1067.7
1213840 1067.7
1213850 1060.7
1213860 1049.2
1213870 1049.2
1213880 1046.6
1213890 1042.0
1213900 1042.0
1213910 1030.8
1213920 1022.3
1213930 1022.3
1213940 1016.6
1213950 1007.4
1213960 1007.4
1213970 998.4
1213980 989.5
1213990 989.5
1214000 984.2
1214010 982.9
1214020 980.3
1214030 980.3
1214040 974.5
1214050 964.4
1214060 964.4
1214070 955.6
1214080 952.2
1214090 952.2
1214100 948.7
1214110 946.7
1214120 946.7
1214130 947.4
1214140 952.7
1214150 952.7
1214160 955.9
1214170 954.3
1214180 943.8
1214190 938.8
1214200 931.9
1214210 931.9
1214220 925.6
1214230 926.5
1214240 926.5
1214250 925.5
1214260 917.2
1214270 917.2
1214280 909.4
1214290 904.5
1214300 902.9
1214310 902.9
1214320 895.7
1214330 884.2
1214340 884.2
1214350 875.6
1214360 872.0
1214370 872.0
1214380 866.7
1214390 861.7
1214400 861.7
1214410 861.1
1214420 862.8
1214430 862.8
1214440 859.1
1214450 855.4
1214460 855.4
1214470 855.9
1214480 852.2
1214490 852.2
1214500 849.3
1214510 848.2
1214520 848.2
1214530 846.0
1214540 840.0
1214550 834.3
1214560 834.3
1214570 828.8
1214580 821.4
1214590 821.4
1214600 811.5
1214610 811.8
1214620 811.8
1214630 818.2
1214640 820.8
1214650 807.4
1214660 806.6
1214670 805.0
1214680 805.0
1214690 809.0
1214700 815.2
1214710 815.2
1214720 812.8
1214730 807.8
1214740 807.8
1214750 803.2
1214760 799.5
1214770 799.5
1214780 795.1
1214790 791.6
1214800 791.6
1214810 794.2
1214820 801.6
1214830 803.0
1214840 803.0
1214850 804.4
1214860 804.5
1214870 804.5
1214880 802.2
1214890 799.0
1214900 799.0
1214910 793.0
1214920 787.6
1214930 787.6
1214940 783.5
1214950 781.2
1214960 781.2
1214970 778.0
1214980 775.9
1214990 775.9
1215000 773.1
1215010 767.7
1215020 767.7
1215030 757.9
1215040 743.5
1215050 743.5
1215060 732.4
1215070 725.0
1215080 724.9
1215090 724.9
1215100 727.0
1215110 725.6
1215120 719.2
1215130 717.6
1215140 716.2
1215150 716.2
1215160 713.7
1215170 710.4
1215180 710.4
1215190 709.2
1215200 707.7
1215210 707.7
1215220 705.0
1215230 702.2
1215240 702.2
1215250 699.3
1215260 697.2
1215270 697.2
1215280 695.7
1215290 691.5
1215300 691.5
1215310 686.8
1215320 684.2
1215330 684.2
1215340 685.2
1215350 684.7
1215360 682.3
1215370 682.3
1215380 680.1
1215390 681.0
1215400 681.0
1215410 680.7
1215420 681.1
1215430 681.1
1215440 678.9
1215450 674.8
1215460 674.8
1215470 672.0
1215480 669.0
1215490 669.0
1215500 667.1
1215510 664.6
1215520 664.6
1215530 659.5
1215540 656.7
1215550 656.7
1215560 653.1
1215570 651.3
1215580 651.3
1215590 650.8
1215600 650.8
1215610 650.8
1215620 650.8
1215630 650.6
1215640 650.5
1215650 650.5
1215660 650.5
1215670 650.4
1215680 650.4
1215690 650.2
1215700 650.0
1215710 650.0
1215720 649.8
1215730 649.6
1215740 649.6
1215750 649.4
1215760 649.1
1215770 649.1
1215780 648.9
1215790 648.7
1215800 648.7
1215810 648.1
1215820 647.3
1215830 647.3
1215840 646.3
1215850 645.6
1215860 645.6
1215870 645.1
1215880 644.9
1215890 644.7
1215900 644.7
1215910 644.6
1215920 644.6
1215930 644.6
1215940 644.7
1215950 644.7
1215960 644.7
1215970 644.7
1215980 644.8
1215990 644.8
1216000 644.8
1216010 644.7
1216020 644.7
1216030 644.8
1216040 644.8
1216050 644.8
1216060 644.7
1216070 644.7
1216080 644.7
1216090 644.7
1216100 644.6
1216110 644.6
1216120 644.6
1216130 644.7
1216140 644.6
1216150 644.6
1216160 644.6
1216170 644.6
1216180 644.6
1216190 644.6
1216200 644.5
1216210 644.5
1216220 644.4
1216230 644.3
1216240 644.3
1216250 644.3
1216260 644.3
1216270 644.3
1216280 644.3
1216290 644.3
1216300 644.3
1216310 644.3
1216320 644.2
1216330 644.2
1216340 644.2
1216350 643.9
1216360 643.9
1216370 643.6
1216380 643.5
1216390 643.5
1216400 643.6
1216410 643.6
1216420 643.7
1216430 643.7
1216440 643.6
1216450 643.5
1216460 643.5
1216470 643.5
1216480 643.5
1216490 643.5
1216500 643.5
1216510 643.4
1216520 643.4
1216530 643.1
1216540 642.9
1216550 642.9
1216560 642.9
1216570 643.0
1216580 643.0
1216590 643.1
1216600 643.0
1216610 643.0
1216620 643.1
1216630 643.1
1216640 643.1
1216650 643.1
1216660 643.0
1216670 643.0
1216680 643.0
1216690 642.9
1216700 642.8
1216710 642.8
1216720 642.8
1216730 642.8
1216740 642.8
1216750 642.9
1216760 642.8
1216770 642.8
1216780 642.9
1216790 642.9
1216800 642.9
1216810 642.9
1216820 642.9
1216830 642.9
1216840 642.9
1216850 642.8
1216860 642.8
1216870 642.7
1216880 642.6
1216890 642.6
1216900 642.5
1216910 642.6
1216920 642.6
1216930 642.6
1216940 642.6
1216950 642.9
1216960 642.9
1216970 643.4
1216980 644.2
1216990 644.2
1217000 645.1
1217010 645.6
1217020 644.0
1217030 644.9
1217040 645.5
1217050 645.5
1217060 645.7
1217070 645.8
1217080 645.8
1217090 645.8
1217100 645.9
1217110 645.9
1217120 645.8
1217130 645.7
1217140 645.7
1217150 645.7
1217160 645.7
1217170 645.7
1217180 645.7
1217190 645.9
1217200 645.9
1217210 646.0
1217220 645.9
1217230 645.9
1217240 645.9
1217250 645.7
1217260 645.7
1217270 645.7
1217280 645.6
1217290 645.5
1217300 645.5
1217310 645.4
1217320 644.9
1217330 644.9
1217340 643.9
1217350 642.6
1217360 642.6
1217370 641.9
1217380 641.6
1217390 641.6
1217400 641.6
1217410 641.6
1217420 641.6
1217430 641.6
1217440 641.6
1217450 641.6
1217460 641.7
1217470 641.9
1217480 641.9
1217490 642.0
1217500 642.1
1217510 642.7
1217520 642.7
1217530 643.8
1217540 645.4
1217550 645.4
1217560 646.4
1217570 646.6
1217580 646.6
1217590 646.5
1217600 646.4
1217610 646.4
1217620 646.3
1217630 646.2
1217640 646.2
1217650 646.1
1217660 646.1
1217670 646.1
1217680 646.1
1217690 646.1
1217700 646.1
1217710 646.4
1217720 646.5
1217730 646.5
1217740 646.4
1217750 646.3
1217760 646.5
1217770 646.5
1217780 646.5
1217790 646.9
1217800 646.9
1217810 647.0
1217820 646.8
1217830 646.8
1217840 646.9
1217850 646.9
1217860 646.9
1217870 646.9
1217880 646.9
1217890 646.9
1217900 646.9
1217910 646.8
1217920 646.8
1217930 646.8
1217940 646.9
1217950 646.9
1217960 646.8
1217970 646.5
1217980 646.5
1217990 645.8
1218000 645.8
1218010 645.7
1218020 645.7
1218030 645.7
1218040 645.7
1218050 645.7
1218060 645.6
1218070 645.5
1218080 645.5
1218090 645.5
1218100 645.5
1218110 645.5
1218120 645.4
1218130 645.2
1218140 645.2
1218150 644.8
1218160 644.6
1218170 644.6
1218180 644.5
1218190 644.5
1218200 644.5
1218210 644.4
1218220 644.4
1218230 644.4
1218240 644.5
1218250 644.5
1218260 644.5
1218270 644.5
1218280 644.4
1218290 644.3
1218300 644.3
1218310 644.2
1218320 644.1
1218330 644.1
1218340 644.2
1218350 644.2
1218360 644.2
1218370 644.2
1218380 644.1
1218390 644.1
1218400 644.1
1218410 644.1
1218420 644.1
1218430 644.1
1218440 644.1
1218450 644.9
1218460 645.1
1218470 645.2
1218480 645.2
1218490 645.2
1218500 645.2
1218510 645.2
1218520 645.2
1218530 645.1
1218540 645.1
1218550 645.1
1218560 645.1
1218570 645.1
1218580 645.1
1218590 645.2
1218600 645.2
1218610 645.2
1218620 645.2
1218630 645.4
1218640 645.4
1218650 645.9
1218660 646.6
1218670 646.6
1218680 647.3
1218690 648.0
1218700 648.0
1218710 648.3
1218720 648.4
1218730 648.4
1218740 648.4
1218750 648.3
1218760 648.3
1218770 648.2
1218780 648.1
1218790 648.1
1218800 647.9
1218810 647.8
1218820 647.7
1218830 647.7
1218840 647.6
1218850 647.4
1218860 647.4
1218870 647.3
1218880 647.2
1218890 647.2
1218900 647.1
1218910 647.0
1218920 647.4
1218930 647.4
1218940 647.3
1218950 647.3
1218960 647.2
1218970 647.1
1218980 647.1
1218990 647.1
1219000 647.0
1219010 647.0
1219020 647.0
1219030 646.9
1219040 646.9
1219050 646.8
1219060 646.8
1219070 646.8
1219080 646.8
1219090 646.8
1219100 646.7
1219110 646.7
1219120 646.6
1219130 646.6
1219140 646.6
1219150 646.4
1219160 646.1
1219170 646.1
1219180 645.5
1219190 645.0
1219200 645.0
1219210 644.6
1219220 644.3
1219230 644.3
1219240 644.6
1219250 645.0
1219260 645.0
1219270 645.3
1219280 645.4
1219290 645.4
1219300 645.0
1219310 644.6
1219320 644.6
1219330 644.3
1219340 644.2
1219350 644.2
1219360 644.2
1219370 644.3
1219380 644.4
1219390 644.4
1219400 645.0
1219410 645.0
1219420 645.0
1219430 644.6
1219440 643.9
1219450 643.9
1219460 643.0
1219470 642.3
1219480 642.3
1219490 641.7
1219500 641.5
1219510 641.5
1219520 641.6
1219530 642.0
1219540 642.0
1219550 642.4
1219560 642.6
1219570 642.6
1219580 643.1
1219590 643.2
1219600 643.3
1219610 643.3
1219620 643.3
1219630 643.2
1219640 643.2
1219650 643.2
1219660 643.1
1219670 643.1
1219680 642.9
1219690 642.3
1219700 642.3
1219710 642.0
1219720 642.2
1219730 642.2
1219740 642.6
1219750 643.0
1219760 643.0
1219770 643.2
1219780 643.2
1219790 643.2
1219800 643.3
1219810 643.5
1219820 643.5
1219830 643.4
1219840 643.5
1219850 643.5
1219860 643.4
1219870 643.5
1219880 643.4
1219890 643.4
1219900 643.2
1219910 643.1
1219920 643.1
1219930 643.0
1219940 643.0
1219950 643.0
1219960 642.9
1219970 642.8
1219980 642.8
1219990 642.8
