1200000 1094.8
1200010 1092.9
1200020 1089.9
1200030 1089.9
1200040 1086.8
1200050 1088.5
1200060 1088.5
1200070 1090.4
1200080 1092.7
1200090 1092.7
1200100 1094.6
1200110 1097.0
1200120 1097.0
1200130 1100.2
1200140 1103.7
1200150 1105.7
1200160 1105.7
1200170 1104.4
1200180 1105.1
1200190 1105.1
1200200 1107.2
1200210 1108.2
1200220 1108.2
1200230 1108.3
1200240 1107.8
1200250 1107.8
1200260 1107.3
1200270 1106.3
1200280 1106.3
1200290 1105.8
1200300 1106.1
1200310 1106.1
1200320 1106.7
1200330 1106.5
1200340 1106.5
1200350 1106.0
1200360 1105.8
1200370 1105.8
1200380 1105.9
1200390 1105.0
1200400 1105.0
1200410 1105.0
1200420 1108.1
1200430 1109.5
1200440 1109.5
1200450 1110.0
1200460 1110.1
1200470 1110.1
1200480 1108.4
1200490 1110.3
1200500 1110.3
1200510 1113.6
1200520 1116.6
1200530 1116.6
1200540 1116.9
1200550 1116.7
1200560 1116.7
1200570 1116.8
1200580 1117.0
1200590 1117.0
1200600 1116.9
1200610 1114.8
1200620 1114.8
1200630 1113.7
1200640 1114.5
1200650 1114.5
1200660 1116.3
1200670 1117.4
1200680 1117.8
1200690 1117.8
1200700 1119.2
1200710 1120.5
1200720 1120.5
1200730 1121.8
1200740 1123.0
1200750 1123.0
1200760 1123.9
1200770 1124.6
1200780 1124.6
1200790 1125.3
1200800 1125.2
1200810 1125.2
1200820 1125.0
1200830 1125.2
1200840 1125.2
1200850 1125.0
1200860 1124.5
1200870 1124.5
1200880 1123.9
1200890 1122.8
1200900 1122.8
1200910 1122.2
1200920 1122.2
1200930 1120.4
1200940 1120.1
1200950 1119.9
1200960 1120.4
1200970 1120.4
1200980 1120.8
1200990 1121.1
1201000 1121.1
1201010 1121.6
1201020 1121.7
1201030 1121.7
1201040 1121.9
1201050 1121.9
1201060 1121.9
1201070 1122.2
1201080 1122.2
1201090 1122.2
1201100 1122.0
1201110 1121.8
1201120 1121.8
1201130 1121.9
1201140 1121.9
1201150 1121.9
1201160 1121.4
1201170 1121.4
1201180 1121.4
1201190 1121.8
1201200 1121.6
1201210 1121.6
1201220 1121.0
1201230 1120.7
1201240 1120.2
1201250 1120.2
1201260 1119.8
1201270 1119.3
1201280 1119.3
1201290 1118.7
1201300 1118.0
1201310 1118.0
1201320 1116.9
1201330 1115.4
1201340 1115.4
1201350 1115.0
1201360 1114.6
1201370 1114.6
1201380 1111.7
1201390 1111.8
1201400 1111.8
1201410 1112.4
1201420 1112.7
1201430 1112.7
1201440 1112.4
1201450 1111.6
1201460 1111.6
1201470 1110.5
1201480 1110.1
1201490 1110.0
1201500 1110.0
1201510 1109.6
1201520 1109.4
1201530 1109.4
1201540 1110.1
1201550 1110.3
1201560 1110.3
1201570 1110.9
1201580 1111.2
1201590 1111.2
1201600 1111.1
1201610 1110.7
1201620 1110.7
1201630 1109.9
1201640 1109.0
1201650 1109.0
1201660 1109.0
1201670 1107.8
1201680 1107.8
1201690 1106.5
1201700 1106.2
1201710 1106.2
1201720 1104.7
1201730 1102.8
1201740 1102.8
1201750 1101.1
1201760 1100.3
1201770 1099.2
1201780 1099.2
1201790 1097.1
1201800 1093.8
1201810 1093.8
1201820 1090.0
1201830 1083.5
1201840 1083.5
1201850 1081.9
1201860 1080.8
1201870 1080.8
1201880 1081.9
1201890 1084.6
1201900 1084.6
1201910 1083.0
1201920 1080.0
1201930 1080.0
1201940 1078.0
1201950 1076.0
1201960 1076.0
1201970 1073.5
1201980 1072.0
1201990 1072.0
1202000 1072.3
1202010 1071.8
1202020 1071.8
1202030 1071.2
1202040 1069.7
1202050 1070.0
1202060 1070.0
1202070 1070.6
1202080 1069.6
1202090 1069.6
1202100 1068.2
1202110 1067.2
1202120 1067.2
1202130 1063.8
1202140 1060.7
1202150 1060.7
1202160 1059.4
1202170 1058.6
1202180 1058.6
1202190 1059.1
1202200 1060.8
1202210 1060.8
1202220 1059.3
1202230 1056.9
1202240 1056.9
1202250 1054.1
1202260 1050.6
1202270 1050.6
1202280 1042.0
1202290 1040.0
1202300 1040.0
1202310 1041.0
1202320 1038.9
1202330 1035.6
1202340 1035.6
1202350 1033.1
1202360 1029.1
1202370 1029.1
1202380 1025.8
1202390 1024.5
1202400 1024.5
1202410 1024.3
1202420 1024.9
1202430 1024.9
1202440 1025.3
1202450 1023.3
1202460 1023.3
1202470 1020.2
1202480 1016.7
1202490 1016.7
1202500 1012.4
1202510 1009.0
1202520 1009.0
1202530 1010.3
1202540 1010.9
1202550 1010.9
1202560 1009.3
1202570 1007.1
1202580 1004.2
1202590 1004.2
1202600 1001.8
1202610 998.7
1202620 998.7
1202630 995.0
1202640 991.1
1202650 991.1
1202660 986.9
1202670 982.7
1202680 982.7
1202690 978.0
1202700 974.5
1202710 974.5
1202720 970.0
1202730 960.2
1202740 960.2
1202750 956.3
1202760 952.6
1202770 952.6
1202780 949.0
1202790 945.3
1202800 945.3
1202810 941.5
1202820 938.0
1202830 938.0
1202840 934.5
1202850 930.9
1202860 926.6
1202870 926.6
1202880 923.0
1202890 918.7
1202900 918.7
1202910 914.3
1202920 909.2
1202930 909.2
1202940 904.4
1202950 901.4
1202960 901.4
1202970 897.2
1202980 893.8
1202990 893.8
1203000 890.0
1203010 885.9
1203020 885.9
1203030 881.8
1203040 877.4
1203050 877.4
1203060 873.1
1203070 868.6
1203080 868.6
1203090 863.8
1203100 858.3
1203110 858.3
1203120 851.8
1203130 845.2
1203140 837.3
1203150 837.3
1203160 832.7
1203170 831.4
1203180 831.4
1203190 823.9
1203200 827.8
1203210 827.8
1203220 828.0
1203230 825.5
1203240 825.5
1203250 821.9
1203260 818.6
1203270 818.6
1203280 817.6
1203290 815.0
1203300 815.0
1203310 812.3
1203320 811.4
1203330 811.4
1203340 810.8
1203350 809.1
1203360 809.1
1203370 808.8
1203380 809.3
1203390 809.4
1203400 809.4
1203410 809.3
1203420 809.1
1203430 809.1
1203440 808.7
1203450 808.5
1203460 808.5
1203470 808.8
1203480 809.0
1203490 809.0
1203500 809.2
1203510 809.3
1203520 809.3
1203530 809.3
1203540 809.3
1203550 809.3
1203560 809.3
1203570 809.4
1203580 809.4
1203590 809.3
1203600 808.5
1203610 808.5
1203620 807.6
1203630 805.6
1203640 806.4
1203650 804.9
1203660 803.0
1203670 800.9
1203680 800.9
1203690 799.4
1203700 798.4
1203710 798.4
1203720 797.6
1203730 796.6
1203740 796.6
1203750 797.0
1203760 796.8
1203770 796.8
1203780 796.0
1203790 794.6
1203800 794.6
1203810 794.4
1203820 793.9
1203830 793.9
1203840 793.3
1203850 793.3
1203860 793.3
1203870 793.2
1203880 793.4
1203890 793.4
1203900 793.5
1203910 793.5
1203920 793.5
1203930 793.4
1203940 793.3
1203950 793.4
1203960 793.4
1203970 793.5
1203980 792.9
1203990 792.9
1204000 793.3
1204010 793.9
1204020 793.9
1204030 793.7
1204040 793.4
1204050 793.4
1204060 793.3
1204070 793.3
1204080 793.3
1204090 793.3
1204100 793.4
1204110 793.4
1204120 793.5
1204130 793.5
1204140 793.5
1204150 793.6
1204160 793.7
1204170 793.7
1204180 793.7
1204190 793.8
1204200 793.8
1204210 793.8
1204220 793.8
1204230 793.7
1204240 793.7
1204250 793.8
1204260 793.9
1204270 793.9
1204280 793.9
1204290 793.9
1204300 793.9
1204310 793.9
1204320 793.9
1204330 793.9
1204340 794.0
1204350 794.0
1204360 794.0
1204370 794.1
1204380 794.3
1204390 794.3
1204400 794.8
1204410 794.7
1204420 794.7
1204430 794.7
1204440 794.6
1204450 794.6
1204460 794.8
1204470 795.5
1204480 796.7
1204490 796.7
1204500 797.8
1204510 799.1
1204520 799.1
1204530 801.1
1204540 802.4
1204550 802.8
1204560 803.2
1204570 803.4
1204580 803.4
1204590 803.7
1204600 803.9
1204610 803.9
1204620 804.2
1204630 804.7
1204640 804.7
1204650 805.3
1204660 805.7
1204670 805.7
1204680 805.7
1204690 805.6
1204700 805.6
1204710 805.8
1204720 806.0
1204730 806.0
1204740 806.2
1204750 806.7
1204760 807.4
1204770 807.4
1204780 807.9
1204790 807.8
1204800 807.8
1204810 807.9
1204820 807.7
1204830 807.7
1204840 807.6
1204850 807.9
1204860 807.9
1204870 808.1
1204880 808.1
1204890 808.1
1204900 808.4
1204910 808.7
1204920 808.7
1204930 809.1
1204940 809.3
1204950 809.3
1204960 809.3
1204970 809.1
1204980 809.1
1204990 809.1
1205000 808.6
1205010 807.8
1205020 807.8
1205030 806.9
1205040 806.4
1205050 806.4
1205060 806.3
1205070 806.2
1205080 806.2
1205090 806.8
1205100 807.5
1205110 807.5
1205120 808.2
1205130 808.9
1205140 808.9
1205150 809.5
1205160 810.2
1205170 810.2
1205180 813.5
1205190 816.6
1205200 816.6
1205210 817.7
1205220 818.3
1205230 818.3
1205240 818.8
1205250 819.5
1205260 819.5
1205270 820.0
1205280 820.6
1205290 821.2
1205300 821.2
1205310 822.0
1205320 823.0
1205330 823.0
1205340 824.0
1205350 824.9
1205360 824.9
1205370 825.7
1205380 826.5
1205390 826.5
1205400 827.6
1205410 828.7
1205420 828.7
1205430 829.4
1205440 830.4
1205450 830.4
1205460 832.7
1205470 833.6
1205480 833.6
1205490 834.5
1205500 835.4
1205510 835.4
1205520 836.9
1205530 838.0
1205540 838.0
1205550 839.4
1205560 840.3
1205570 841.0
1205580 841.0
1205590 840.9
1205600 841.4
1205610 841.4
1205620 841.8
1205630 842.9
1205640 842.9
1205650 844.3
1205660 845.4
1205670 845.4
1205680 846.3
1205690 847.0
1205700 847.0
1205710 848.5
1205720 850.2
1205730 850.2
1205740 851.4
1205750 851.9
1205760 851.9
1205770 852.4
1205780 852.7
1205790 852.7
1205800 853.2
1205810 854.6
1205820 855.4
1205830 855.4
1205840 855.8
1205850 856.4
1205860 856.4
1205870 856.7
1205880 856.5
1205890 856.5
1205900 856.6
1205910 862.7
1205920 862.7
1205930 867.5
1205940 869.0
1205950 869.0
1205960 869.2
1205970 870.3
1205980 870.3
1205990 874.0
1206000 877.7
1206010 877.7
1206020 878.7
1206030 879.1
1206040 879.1
1206050 879.8
1206060 880.2
1206070 880.2
1206080 881.1
1206090 881.6
1206100 881.6
1206110 881.6
1206120 882.4
1206130 883.2
1206140 883.2
1206150 883.7
1206160 884.1
1206170 884.1
1206180 883.9
1206190 884.9
1206200 884.9
1206210 887.4
1206220 891.2
1206230 891.2
1206240 895.1
1206250 898.9
1206260 898.9
1206270 903.4
1206280 908.0
1206290 908.0
1206300 911.5
1206310 915.7
1206320 915.7
1206330 919.8
1206340 921.7
1206350 921.7
1206360 923.8
1206370 932.3
1206380 930.5
1206390 930.5
1206400 926.4
1206410 923.6
1206420 923.6
1206430 920.3
1206440 915.3
1206450 915.3
1206460 910.6
1206470 906.7
1206480 906.7
1206490 904.5
1206500 904.8
1206510 904.8
1206520 905.1
1206530 907.2
1206540 907.2
1206550 912.0
1206560 917.1
1206570 917.1
1206580 922.0
1206590 927.0
1206600 927.0
1206610 932.5
1206620 938.2
1206630 944.1
1206640 944.1
1206650 950.3
1206660 954.4
1206670 954.4
1206680 953.0
1206690 948.5
1206700 948.5
1206710 942.5
1206720 937.9
1206730 937.9
1206740 938.6
1206750 941.6
1206760 941.6
1206770 944.7
1206780 948.0
1206790 948.0
1206800 952.7
1206810 959.7
1206820 959.7
1206830 969.5
1206840 977.1
1206850 977.1
1206860 983.8
1206870 987.4
1206880 987.4
1206890 988.0
1206900 988.8
1206910 987.4
1206920 987.4
1206930 989.2
1206940 996.1
1206950 996.1
1206960 1003.8
1206970 1009.5
1206980 1009.5
1206990 1013.9
1207000 1018.0
1207010 1018.0
1207020 1022.1
1207030 1025.8
1207040 1025.8
1207050 1029.4
1207060 1033.0
1207070 1033.0
1207080 1037.0
1207090 1041.5
1207100 1041.5
1207110 1047.1
1207120 1054.2
1207130 1054.2
1207140 1060.7
1207150 1065.9
1207160 1065.9
1207170 1069.5
1207180 1068.0
1207190 1067.0
1207200 1067.0
1207210 1068.5
1207220 1072.0
1207230 1072.0
1207240 1070.6
1207250 1066.1
1207260 1066.1
1207270 1061.5
1207280 1059.3
1207290 1073.3
1207300 1070.8
1207310 1064.7
1207320 1064.7
1207330 1064.0
1207340 1073.2
1207350 1073.2
1207360 1099.7
1207370 1112.3
1207380 1112.3
1207390 1116.3
1207400 1119.7
1207410 1119.7
1207420 1123.1
1207430 1127.1
1207440 1131.7
1207450 1131.7
1207460 1137.4
1207470 1147.6
1207480 1147.6
1207490 1163.3
1207500 1175.1
1207510 1175.1
1207520 1183.6
1207530 1187.7
1207540 1187.7
1207550 1191.0
1207560 1194.7
1207570 1194.7
1207580 1198.5
1207590 1204.2
1207600 1204.2
1207610 1210.2
1207620 1214.6
1207630 1214.6
1207640 1218.3
1207650 1222.2
1207660 1222.2
1207670 1227.2
1207680 1231.0
1207690 1231.0
1207700 1236.5
1207710 1242.6
1207720 1247.6
1207730 1247.6
1207740 1252.1
1207750 1259.4
1207760 1259.4
1207770 1264.1
1207780 1269.4
1207790 1269.4
1207800 1274.5
1207810 1279.1
1207820 1279.1
1207830 1283.0
1207840 1287.3
1207850 1287.3
1207860 1292.2
1207870 1297.5
1207880 1297.5
1207890 1303.5
1207900 1309.7
1207910 1309.7
1207920 1316.5
1207930 1323.6
1207940 1323.6
1207950 1329.4
1207960 1332.8
1207970 1332.8
1207980 1337.5
1207990 1342.6
1208000 1347.8
1208010 1347.8
1208020 1352.1
1208030 1356.8
1208040 1356.8
1208050 1363.6
1208060 1371.0
1208070 1371.0
1208080 1377.5
1208090 1383.1
1208100 1383.1
1208110 1388.1
1208120 1393.3
1208130 1393.3
1208140 1398.3
1208150 1403.9
1208160 1403.9
1208170 1410.5
1208180 1417.9
1208190 1417.9
1208200 1427.1
1208210 1444.0
1208220 1444.0
1208230 1452.6
1208240 1459.3
1208250 1464.0
1208260 1464.0
1208270 1468.5
1208280 1472.3
1208290 1472.3
1208300 1475.2
1208310 1478.7
1208320 1478.7
1208330 1482.0
1208340 1484.2
1208350 1484.2
1208360 1490.9
1208370 1496.6
1208380 1496.6
1208390 1500.8
1208400 1504.6
1208410 1504.6
1208420 1508.1
1208430 1511.4
1208440 1511.4
1208450 1513.9
1208460 1513.8
1208470 1513.8
1208480 1514.6
1208490 1518.2
1208500 1518.2
1208510 1524.9
1208520 1534.4
1208530 1540.9
1208540 1540.9
1208550 1545.7
1208560 1548.8
1208570 1548.8
1208580 1545.4
1208590 1545.5
1208600 1545.5
1208610 1551.1
1208620 1555.7
1208630 1555.7
1208640 1556.4
1208650 1554.7
1208660 1554.7
1208670 1556.1
1208680 1553.2
1208690 1553.2
1208700 1549.3
1208710 1542.8
1208720 1542.8
1208730 1538.5
1208740 1539.4
1208750 1539.4
1208760 1542.9
1208770 1543.5
1208780 1543.5
1208790 1549.2
1208800 1559.0
1208810 1569.8
1208820 1569.8
1208830 1577.6
1208840 1585.9
1208850 1585.9
1208860 1594.6
1208870 1602.6
1208880 1602.6
1208890 1611.3
1208900 1618.9
1208910 1618.9
1208920 1627.8
1208930 1638.5
1208940 1638.5
1208950 1649.7
1208960 1661.1
1208970 1661.1
1208980 1669.6
1208990 1675.9
1209000 1675.9
1209010 1682.5
1209020 1690.3
1209030 1690.3
1209040 1699.2
1209050 1707.8
1209060 1713.9
1209070 1713.9
1209080 1708.4
1209090 1704.4
1209100 1704.4
1209110 1711.2
1209120 1721.1
1209130 1726.6
1209140 1736.4
1209150 1746.6
1209160 1746.6
1209170 1752.1
1209180 1756.0
1209190 1756.0
1209200 1762.0
1209210 1769.6
1209220 1769.6
1209230 1777.9
1209240 1783.6
1209250 1783.6
1209260 1786.6
1209270 1786.3
1209280 1786.3
1209290 1789.1
1209300 1794.8
1209310 1794.8
1209320 1799.6
1209330 1802.0
1209340 1804.6
1209350 1804.6
1209360 1807.8
1209370 1812.5
1209380 1812.5
1209390 1819.2
1209400 1827.0
1209410 1827.0
1209420 1834.9
1209430 1842.6
1209440 1842.6
1209450 1851.0
1209460 1858.9
1209470 1858.9
1209480 1866.5
1209490 1874.0
1209500 1874.0
1209510 1881.1
1209520 1888.8
1209530 1888.8
1209540 1896.1
1209550 1903.8
1209560 1903.8
1209570 1911.3
1209580 1918.9
1209590 1918.9
1209600 1928.5
1209610 1936.1
1209620 1943.9
1209630 1943.9
1209640 1950.8
1209650 1957.3
1209660 1957.3
1209670 1962.6
1209680 1967.8
1209690 1967.8
1209700 1972.7
1209710 1976.5
1209720 1976.5
1209730 1979.7
1209740 1982.3
1209750 1982.3
1209760 1984.9
1209770 1987.3
1209780 1987.3
1209790 1989.6
1209800 1991.7
1209810 1991.7
1209820 1993.6
1209830 1995.2
1209840 1995.2
1209850 1996.1
1209860 1997.3
1209870 2000.6
1209880 2000.6
1209890 2003.5
1209900 2006.0
1209910 2006.0
1209920 2007.5
1209930 2007.5
1209940 2007.5
1209950 2007.5
1209960 2007.7
1209970 2007.7
1209980 2007.5
1209990 2005.8
1210000 2005.8
1210010 2005.1
1210020 2003.5
1210030 2003.5
1210040 2002.1
1210050 2000.5
1210060 2005.5
1210070 2002.2
1210080 1999.0
1210090 1999.0
1210100 1995.8
1210110 1992.7
1210120 1992.7
1210130 1989.4
1210140 1986.4
1210150 1983.6
1210160 1983.6
1210170 1981.9
1210180 1981.5
1210190 1981.5
1210200 1981.9
1210210 1982.4
1210220 1982.4
1210230 1982.0
1210240 1980.6
1210250 1980.6
1210260 1979.0
1210270 1978.2
1210280 1978.2
1210290 1976.8
1210300 1975.2
1210310 1975.2
1210320 1973.7
1210330 1971.8
1210340 1971.8
1210350 1969.5
1210360 1966.9
1210370 1966.9
1210380 1964.8
1210390 1963.3
1210400 1963.3
1210410 1961.6
1210420 1959.7
1210430 1957.3
1210440 1957.3
1210450 1955.8
1210460 1955.0
1210470 1955.0
1210480 1954.6
1210490 1953.8
1210500 1953.8
1210510 1952.8
1210520 1949.4
1210530 1949.4
1210540 1948.4
1210550 1948.2
1210560 1948.2
1210570 1948.1
1210580 1947.9
1210590 1947.9
1210600 1946.9
1210610 1945.6
1210620 1945.6
1210630 1944.4
1210640 1942.5
1210650 1942.5
1210660 1942.3
1210670 1942.4
1210680 1940.9
1210690 1940.9
1210700 1940.3
1210710 1938.2
1210720 1938.2
1210730 1934.6
1210740 1930.9
1210750 1930.9
1210760 1927.1
1210770 1922.8
1210780 1922.8
1210790 1917.5
1210800 1912.1
1210810 1912.1
1210820 1907.9
1210830 1904.9
1210840 1904.9
1210850 1902.6
1210860 1900.6
1210870 1900.6
1210880 1898.4
1210890 1896.5
1210900 1896.5
1210910 1895.0
1210920 1894.5
1210930 1894.5
1210940 1893.3
1210950 1891.4
1210960 1888.4
1210970 1888.4
1210980 1885.7
1210990 1882.9
1211000 1882.9
1211010 1880.3
1211020 1877.5
1211030 1877.5
1211040 1875.1
1211050 1873.4
1211060 1873.4
1211070 1871.6
1211080 1869.1
1211090 1869.1
1211100 1866.0
1211110 1862.8
1211120 1862.8
1211130 1861.5
1211140 1861.0
1211150 1861.0
1211160 1859.4
1211170 1856.7
1211180 1856.7
1211190 1852.8
1211200 1848.5
1211210 1844.3
1211220 1844.3
1211230 1839.5
1211240 1833.7
1211250 1833.7
1211260 1827.6
1211270 1821.8
1211280 1821.8
1211290 1817.1
1211300 1812.9
1211310 1812.9
1211320 1811.7
1211330 1810.0
1211340 1810.0
1211350 1806.2
1211360 1803.2
1211370 1803.2
1211380 1800.8
1211390 1799.6
1211400 1799.6
1211410 1797.5
1211420 1794.2
1211430 1794.2
1211440 1790.7
1211450 1784.3
1211460 1784.3
1211470 1780.5
1211480 1776.5
1211490 1772.7
1211500 1772.7
1211510 1769.2
1211520 1766.4
1211530 1766.4
1211540 1764.2
1211550 1762.4
1211560 1762.4
1211570 1760.4
1211580 1758.3
1211590 1758.3
1211600 1753.0
1211610 1746.7
1211620 1746.7
1211630 1741.5
1211640 1737.9
1211650 1737.9
1211660 1736.3
1211670 1733.0
1211680 1733.0
1211690 1725.7
1211700 1715.9
1211710 1715.9
1211720 1709.4
1211730 1704.8
1211740 1704.8
1211750 1700.7
1211760 1697.0
1211770 1692.6
1211780 1692.6
1211790 1687.9
1211800 1683.2
1211810 1683.2
1211820 1678.9
1211830 1675.2
1211840 1675.2
1211850 1671.8
1211860 1669.0
1211870 1669.0
1211880 1666.3
1211890 1664.2
1211900 1664.2
1211910 1661.6
1211920 1655.0
1211930 1655.0
1211940 1651.3
1211950 1647.2
1211960 1647.2
1211970 1642.6
1211980 1637.6
1211990 1637.6
1212000 1631.7
1212010 1625.2
1212020 1619.1
1212030 1619.1
1212040 1614.1
1212050 1610.2
1212060 1610.2
1212070 1604.5
1212080 1598.7
1212090 1598.7
1212100 1595.7
1212110 1593.7
1212120 1593.7
1212130 1591.9
1212140 1589.7
1212150 1589.7
1212160 1585.4
1212170 1581.5
1212180 1581.5
1212190 1581.6
1212200 1579.4
1212210 1579.4
1212220 1575.0
1212230 1568.1
1212240 1568.1
1212250 1561.9
1212260 1558.9
1212270 1558.9
1212280 1558.2
1212290 1556.4
1212300 1552.3
1212310 1552.3
1212320 1546.3
1212330 1539.9
1212340 1539.9
1212350 1534.3
1212360 1527.7
1212370 1527.7
1212380 1521.8
1212390 1518.2
1212400 1518.2
1212410 1515.2
1212420 1510.7
1212430 1510.7
1212440 1506.5
1212450 1502.6
1212460 1502.6
1212470 1496.8
1212480 1489.4
1212490 1489.4
1212500 1481.4
1212510 1473.7
1212520 1473.7
1212530 1466.7
1212540 1461.1
1212550 1461.1
1212560 1455.7
1212570 1450.0
1212580 1443.7
1212590 1443.7
1212600 1437.1
1212610 1430.8
1212620 1430.8
1212630 1425.0
1212640 1420.1
1212650 1420.1
1212660 1413.8
1212670 1409.5
1212680 1409.5
1212690 1407.1
1212700 1404.5
1212710 1404.5
1212720 1400.3
1212730 1395.7
1212740 1395.7
1212750 1390.5
1212760 1385.1
1212770 1385.1
1212780 1380.5
1212790 1376.2
1212800 1376.2
1212810 1371.9
1212820 1366.8
1212830 1362.7
1212840 1362.7
1212850 1359.1
1212860 1355.8
1212870 1355.8
1212880 1353.3
1212890 1350.9
1212900 1350.9
1212910 1347.9
1212920 1344.0
1212930 1344.0
1212940 1339.7
1212950 1335.5
1212960 1335.5
1212970 1331.1
1212980 1326.1
1212990 1326.1
1213000 1322.2
1213010 1318.6
1213020 1318.6
1213030 1315.7
1213040 1311.5
1213050 1311.5
1213060 1306.5
1213070 1301.0
1213080 1301.0
1213090 1296.6
1213100 1293.5
1213110 1291.1
1213120 1291.1
1213130 1288.8
1213140 1286.4
1213150 1286.4
1213160 1286.2
1213170 1285.3
1213180 1285.3
1213190 1284.1
1213200 1282.4
1213210 1282.4
1213220 1280.6
1213230 1278.2
1213240 1278.2
1213250 1276.5
1213260 1275.5
1213270 1275.5
1213280 1272.1
1213290 1268.7
1213300 1268.7
1213310 1267.1
1213320 1268.5
1213330 1268.5
1213340 1270.6
1213350 1272.6
1213360 1272.6
1213370 1272.5
1213380 1274.3
1213390 1275.6
1213400 1275.6
1213410 1274.9
1213420 1275.7
1213430 1275.7
1213440 1276.5
1213450 1276.9
1213460 1276.9
1213470 1275.6
1213480 1274.5
1213490 1274.5
1213500 1276.4
1213510 1279.1
1213520 1279.1
1213530 1281.1
1213540 1282.5
1213550 1282.5
1213560 1282.1
1213570 1282.3
1213580 1282.3
1213590 1284.0
1213600 1284.1
1213610 1284.1
1213620 1285.2
1213630 1287.6
1213640 1289.6
1213650 1289.6
1213660 1291.7
1213670 1294.9
1213680 1294.9
1213690 1298.1
1213700 1300.0
1213710 1300.0
1213720 1300.7
1213730 1303.6
1213740 1303.6
1213750 1307.0
1213760 1308.4
1213770 1308.4
1213780 1308.5
1213790 1310.1
1213800 1310.1
1213810 1309.4
1213820 1308.9
1213830 1308.9
1213840 1307.2
1213850 1305.1
1213860 1305.1
1213870 1305.0
1213880 1307.4
1213890 1307.4
1213900 1309.5
1213910 1310.8
1213920 1313.6
1213930 1313.6
1213940 1316.1
1213950 1317.6
1213960 1317.6
1213970 1318.8
1213980 1321.2
1213990 1321.2
1214000 1323.9
1214010 1325.6
1214020 1325.6
1214030 1325.9
1214040 1326.7
1214050 1326.7
1214060 1328.2
1214070 1330.4
1214080 1330.4
1214090 1333.4
1214100 1336.0
1214110 1336.0
1214120 1338.3
1214130 1340.6
1214140 1340.6
1214150 1342.9
1214160 1344.7
1214170 1344.7
1214180 1346.6
1214190 1349.0
1214200 1351.5
1214210 1351.5
1214220 1353.9
1214230 1356.2
1214240 1356.2
1214250 1358.0
1214260 1362.1
1214270 1362.1
1214280 1364.4
1214290 1366.5
1214300 1366.5
1214310 1368.2
1214320 1369.9
1214330 1369.9
1214340 1370.0
1214350 1369.5
1214360 1369.5
1214370 1369.3
1214380 1369.7
1214390 1369.7
1214400 1369.7
1214410 1369.1
1214420 1369.1
1214430 1369.0
1214440 1368.9
1214450 1369.3
1214460 1369.3
1214470 1368.8
1214480 1369.3
1214490 1369.3
1214500 1371.8
1214510 1373.5
1214520 1373.5
1214530 1374.1
1214540 1375.0
1214550 1375.0
1214560 1376.2
1214570 1377.4
1214580 1377.4
1214590 1379.1
1214600 1382.1
1214610 1382.1
1214620 1385.5
1214630 1388.5
1214640 1388.5
1214650 1391.3
1214660 1394.4
1214670 1394.4
1214680 1398.5
1214690 1403.2
1214700 1403.2
1214710 1408.1
1214720 1413.0
1214730 1422.4
1214740 1422.4
1214750 1425.2
1214760 1427.1
1214770 1427.1
1214780 1428.7
1214790 1431.3
1214800 1431.3
1214810 1434.9
1214820 1438.5
1214830 1438.5
1214840 1442.3
1214850 1445.9
1214860 1445.9
1214870 1448.8
1214880 1450.0
1214890 1450.0
1214900 1448.6
1214910 1449.2
1214920 1449.2
1214930 1450.7
1214940 1452.2
1214950 1452.2
1214960 1454.1
1214970 1457.5
1214980 1457.5
1214990 1459.5
1215000 1459.2
1215010 1457.0
1215020 1457.0
1215030 1455.8
1215040 1454.8
1215050 1454.8
1215060 1453.8
1215070 1454.9
1215080 1454.9
1215090 1457.5
1215100 1460.4
1215110 1460.4
1215120 1462.7
1215130 1464.5
1215140 1464.5
1215150 1466.2
1215160 1468.3
1215170 1468.3
1215180 1470.0
1215190 1470.8
1215200 1470.8
1215210 1472.8
1215220 1471.8
1215230 1471.8
1215240 1470.9
1215250 1469.3
1215260 1469.1
1215270 1469.1
1215280 1469.8
1215290 1469.2
1215300 1469.2
1215310 1468.0
1215320 1465.7
1215330 1465.7
1215340 1462.7
1215350 1459.3
1215360 1459.3
1215370 1457.4
1215380 1456.1
1215390 1456.1
1215400 1455.8
1215410 1456.3
1215420 1456.3
1215430 1457.4
1215440 1457.9
1215450 1457.9
1215460 1459.0
1215470 1459.5
1215480 1459.5
1215490 1459.0
1215500 1458.0
1215510 1458.0
1215520 1457.4
1215530 1459.6
1215540 1460.0
1215550 1460.0
1215560 1459.1
1215570 1457.6
1215580 1457.6
1215590 1455.9
1215600 1452.7
1215610 1452.7
1215620 1449.9
1215630 1448.7
1215640 1448.7
1215650 1447.8
1215660 1446.6
1215670 1446.6
1215680 1445.8
1215690 1442.7
1215700 1442.7
1215710 1440.6
1215720 1439.6
1215730 1439.6
1215740 1439.4
1215750 1439.3
1215760 1439.3
1215770 1439.8
1215780 1439.8
1215790 1440.5
1215800 1440.5
1215810 1441.1
1215820 1440.7
1215830 1440.7
1215840 1439.5
1215850 1438.0
1215860 1438.0
1215870 1437.9
1215880 1437.9
1215890 1437.9
1215900 1436.3
1215910 1434.7
1215920 1434.7
1215930 1433.5
1215940 1432.1
1215950 1432.1
1215960 1431.6
1215970 1431.1
1215980 1431.1
1215990 1430.2
1216000 1429.7
1216010 1429.7
1216020 1428.8
1216030 1427.6
1216040 1427.6
1216050 1427.2
1216060 1426.5
1216070 1427.0
1216080 1427.0
1216090 1427.7
1216100 1427.5
1216110 1427.5
1216120 1426.7
1216130 1425.6
1216140 1425.6
1216150 1428.6
1216160 1428.7
1216170 1428.7
1216180 1427.2
1216190 1425.6
1216200 1425.6
1216210 1423.2
1216220 1423.5
1216230 1423.5
1216240 1423.4
1216250 1421.3
1216260 1421.3
1216270 1419.4
1216280 1417.5
1216290 1417.5
1216300 1413.9
1216310 1411.0
1216320 1411.0
1216330 1410.8
1216340 1412.3
1216350 1412.1
1216360 1412.1
1216370 1409.7
1216380 1406.0
1216390 1406.0
1216400 1402.3
1216410 1400.6
1216420 1400.6
1216430 1399.6
1216440 1396.5
1216450 1396.5
1216460 1394.2
1216470 1392.0
1216480 1392.0
1216490 1389.6
1216500 1385.5
1216510 1385.5
1216520 1378.7
1216530 1375.4
1216540 1375.4
1216550 1374.9
1216560 1373.8
1216570 1373.8
1216580 1372.7
1216590 1371.9
1216600 1370.3
1216610 1370.3
1216620 1368.0
1216630 1367.8
1216640 1367.8
1216650 1367.9
1216660 1366.7
1216670 1366.7
1216680 1363.4
1216690 1360.3
1216700 1360.3
1216710 1356.9
1216720 1352.3
1216730 1352.3
1216740 1346.5
1216750 1339.6
1216760 1339.6
1216770 1335.0
1216780 1330.3
1216790 1330.3
1216800 1326.2
1216810 1325.8
1216820 1325.8
1216830 1322.9
1216840 1317.8
1216850 1317.8
1216860 1314.3
1216870 1314.0
1216880 1312.8
1216890 1312.8
1216900 1310.6
1216910 1305.8
1216920 1305.8
1216930 1300.9
1216940 1296.3
1216950 1296.3
1216960 1290.7
1216970 1285.7
1216980 1285.7
1216990 1283.9
1217000 1283.1
1217010 1283.1
1217020 1280.7
1217030 1279.2
1217040 1279.2
1217050 1278.7
1217060 1278.4
1217070 1278.4
1217080 1275.2
1217090 1270.7
1217100 1275.4
1217110 1268.2
1217120 1260.4
1217130 1260.4
1217140 1254.3
1217150 1247.5
1217160 1242.0
1217170 1242.0
1217180 1234.6
1217190 1221.1
1217200 1221.1
1217210 1204.7
1217220 1189.8
1217230 1189.8
1217240 1181.4
1217250 1173.1
1217260 1173.1
1217270 1165.6
1217280 1160.0
1217290 1160.0
1217300 1155.8
1217310 1150.9
1217320 1150.9
1217330 1144.3
1217340 1135.3
1217350 1135.3
1217360 1126.8
1217370 1118.2
1217380 1118.2
1217390 1110.7
1217400 1103.6
1217410 1094.4
1217420 1094.4
1217430 1085.9
1217440 1077.1
1217450 1077.1
1217460 1069.6
1217470 1062.2
1217480 1062.2
1217490 1054.5
1217500 1048.0
1217510 1048.0
1217520 1042.1
1217530 1035.5
1217540 1035.5
1217550 1029.4
1217560 1023.4
1217570 1023.4
1217580 1019.7
1217590 1014.0
1217600 1014.0
1217610 1008.3
1217620 1002.4
1217630 1002.4
1217640 995.7
1217650 989.4
1217660 989.4
1217670 983.9
1217680 979.4
1217690 974.0
1217700 974.0
1217710 968.9
1217720 964.9
1217730 964.9
1217740 960.9
1217750 955.8
1217760 955.8
1217770 952.6
1217780 951.2
1217790 951.2
1217800 948.5
1217810 945.2
1217820 945.2
1217830 941.7
1217840 937.8
1217850 937.8
1217860 932.3
1217870 926.3
1217880 926.3
1217890 920.9
1217900 915.0
1217910 915.0
1217920 909.2
1217930 903.3
1217940 903.3
1217950 897.6
1217960 892.3
1217970 887.6
1217980 887.6
1217990 884.2
1218000 881.0
1218010 881.0
1218020 877.7
1218030 876.6
1218040 876.6
1218050 874.3
1218060 869.3
1218070 869.3
1218080 866.4
1218090 864.4
1218100 864.4
1218110 862.7
1218120 860.5
1218130 860.5
1218140 858.2
1218150 855.9
1218160 855.9
1218170 854.1
1218180 852.4
1218190 852.4
1218200 850.8
1218210 849.3
1218220 847.7
1218230 847.7
1218240 847.2
1218250 847.5
1218260 847.5
1218270 847.6
1218280 848.1
1218290 848.1
1218300 848.4
1218310 848.3
1218320 848.3
1218330 847.8
1218340 847.1
1218350 847.1
1218360 845.5
1218370 844.5
1218380 844.5
1218390 841.7
1218400 838.3
1218410 838.3
1218420 835.3
1218430 832.5
1218440 832.5
1218450 828.8
1218460 825.5
1218470 825.5
1218480 823.2
1218490 821.1
1218500 817.5
1218510 817.5
1218520 814.2
1218530 812.1
1218540 812.5
1218550 809.4
1218560 805.1
1218570 805.1
1218580 800.5
1218590 796.7
1218600 796.7
1218610 793.4
1218620 790.2
1218630 790.2
1218640 787.9
1218650 785.9
1218660 785.9
1218670 783.7
1218680 781.2
1218690 781.2
1218700 778.8
1218710 777.1
1218720 777.1
1218730 773.9
1218740 771.2
1218750 771.2
1218760 769.3
1218770 766.6
1218780 763.5
1218790 763.5
1218800 756.9
1218810 749.6
1218820 749.6
1218830 743.6
1218840 739.5
1218850 739.5
1218860 735.6
1218870 732.3
1218880 732.3
1218890 730.3
1218900 727.4
1218910 727.4
1218920 723.0
1218930 719.9
1218940 719.9
1218950 717.8
1218960 715.5
1218970 715.5
1218980 713.9
1218990 712.0
1219000 712.0
1219010 708.3
1219020 706.7
1219030 707.7
1219040 707.7
1219050 707.0
1219060 705.8
1219070 705.8
1219080 705.3
1219090 705.7
1219100 705.7
1219110 708.1
1219120 710.8
1219130 710.8
1219140 710.0
1219150 706.5
1219160 706.5
1219170 702.8
1219180 702.2
1219190 702.2
1219200 702.1
1219210 699.4
1219220 699.4
1219230 697.4
1219240 697.9
1219250 697.9
1219260 699.6
1219270 702.7
1219280 702.7
1219290 708.2
1219300 712.9
1219310 710.5
1219320 710.5
1219330 703.1
1219340 695.0
1219350 695.0
1219360 687.1
1219370 682.7
1219380 682.7
1219390 681.5
1219400 677.5
1219410 677.5
1219420 671.1
1219430 665.1
1219440 665.1
1219450 661.4
1219460 660.5
1219470 660.5
1219480 660.1
1219490 660.1
1219500 660.1
1219510 659.8
1219520 659.5
1219530 659.5
1219540 658.8
1219550 659.4
1219560 659.7
1219570 659.7
1219580 661.3
1219590 665.5
1219600 665.5
1219610 670.7
1219620 675.1
1219630 675.1
1219640 678.5
1219650 676.4
1219660 676.4
1219670 674.9
1219680 678.0
1219690 678.0
1219700 682.2
1219710 682.3
1219720 682.3
1219730 681.7
1219740 680.9
1219750 680.9
1219760 678.2
1219770 672.5
1219780 672.5
1219790 673.7
1219800 679.4
1219810 679.4
1219820 682.0
1219830 682.0
1219840 682.5
1219850 682.5
1219860 682.7
1219870 682.7
1219880 682.7
1219890 682.5
1219900 684.1
1219910 684.1
1219920 690.0
1219930 697.7
1219940 697.7
1219950 704.9
1219960 712.3
1219970 710.3
1219980 711.1
1219990 707.3
