1200000 1108.1
1200010 1109.0
1200020 1108.3
1200030 1108.3
1200040 1107.2
1200050 1105.9
1200060 1098.3
1200070 1098.3
1200080 1097.1
1200090 1101.8
1200100 1101.8
1200110 1104.9
1200120 1109.9
1200130 1109.9
1200140 1114.7
1200150 1117.2
1200160 1117.2
1200170 1118.5
1200180 1119.4
1200190 1119.4
1200200 1119.5
1200210 1119.2
1200220 1119.2
1200230 1120.9
1200240 1120.6
1200250 1120.6
1200260 1119.3
1200270 1119.3
1200280 1119.3
1200290 1120.6
1200300 1123.4
1200310 1124.7
1200320 1124.7
1200330 1124.7
1200340 1124.3
1200350 1124.3
1200360 1121.4
1200370 1117.1
1200380 1117.1
1200390 1115.9
1200400 1118.7
1200410 1118.7
1200420 1119.6
1200430 1119.3
1200440 1119.3
1200450 1121.5
1200460 1126.4
1200470 1126.4
1200480 1130.9
1200490 1133.6
1200500 1133.6
1200510 1130.6
1200520 1132.9
1200530 1132.9
1200540 1133.4
1200550 1133.1
1200560 1133.1
1200570 1132.8
1200580 1132.4
1200590 1130.4
1200600 1130.4
1200610 1128.9
1200620 1129.4
1200630 1129.4
1200640 1129.1
1200650 1129.7
1200660 1129.7
1200670 1129.4
1200680 1128.9
1200690 1128.9
1200700 1129.0
1200710 1129.6
1200720 1129.6
1200730 1130.7
1200740 1130.6
1200750 1130.6
1200760 1131.1
1200770 1132.4
1200780 1132.4
1200790 1133.2
1200800 1133.3
1200810 1133.3
1200820 1133.2
1200830 1133.2
1200840 1133.2
1200850 1133.2
1200860 1132.6
1200870 1131.4
1200880 1131.4
1200890 1130.6
1200900 1130.5
1200910 1130.5
1200920 1130.5
1200930 1130.7
1200940 1130.7
1200950 1131.1
1200960 1129.2
1200970 1129.2
1200980 1129.1
1200990 1128.5
1201000 1128.5
1201010 1129.1
1201020 1129.4
1201030 1129.4
1201040 1129.3
1201050 1129.5
1201060 1129.5
1201070 1130.0
1201080 1130.4
1201090 1130.4
1201100 1131.0
1201110 1131.0
1201120 1130.6
1201130 1130.6
1201140 1130.0
1201150 1129.7
1201160 1129.7
1201170 1130.3
1201180 1131.2
1201190 1131.2
1201200 1132.7
1201210 1133.8
1201220 1133.8
1201230 1133.7
1201240 1131.1
1201250 1131.1
1201260 1130.2
1201270 1129.9
1201280 1129.9
1201290 1129.1
1201300 1129.3
1201310 1129.3
1201320 1129.5
1201330 1130.1
1201340 1130.1
1201350 1130.7
1201360 1131.2
1201370 1131.2
1201380 1129.3
1201390 1128.6
1201400 1130.4
1201410 1126.7
1201420 1127.9
1201430 1129.0
1201440 1129.0
1201450 1129.7
1201460 1129.9
1201470 1129.9
1201480 1129.8
1201490 1129.6
1201500 1129.6
1201510 1129.0
1201520 1127.9
1201530 1127.9
1201540 1126.3
1201550 1124.9
1201560 1124.9
1201570 1124.9
1201580 1124.4
1201590 1124.4
1201600 1122.6
1201610 1122.3
1201620 1122.3
1201630 1123.6
1201640 1123.1
1201650 1123.1
1201660 1122.4
1201670 1122.6
1201680 1123.0
1201690 1123.0
1201700 1122.2
1201710 1118.3
1201720 1118.3
1201730 1114.6
1201740 1112.7
1201750 1112.7
1201760 1111.1
1201770 1110.0
1201780 1110.0
1201790 1108.4
1201800 1107.2
1201810 1107.2
1201820 1107.1
1201830 1107.2
1201840 1107.2
1201850 1106.8
1201860 1101.1
1201870 1101.1
1201880 1100.7
1201890 1096.5
1201900 1096.5
1201910 1091.9
1201920 1088.2
1201930 1084.9
1201940 1084.9
1201950 1084.4
1201960 1084.5
1201970 1084.5
1201980 1084.8
1201990 1088.4
1202000 1088.4
1202010 1092.6
1202020 1093.4
1202030 1093.4
1202040 1090.0
1202050 1084.9
1202060 1084.9
1202070 1080.1
1202080 1076.2
1202090 1076.2
1202100 1073.3
1202110 1071.9
1202120 1071.9
1202130 1071.6
1202140 1071.3
1202150 1071.3
1202160 1071.8
1202170 1072.4
1202180 1072.4
1202190 1070.5
1202200 1065.8
1202210 1060.7
1202220 1060.7
1202230 1057.6
1202240 1055.4
1202250 1055.4
1202260 1052.8
1202270 1049.6
1202280 1049.6
1202290 1047.9
1202300 1047.0
1202310 1044.9
1202320 1041.4
1202330 1038.8
1202340 1038.8
1202350 1038.8
1202360 1040.5
1202370 1040.5
1202380 1041.5
1202390 1041.6
1202400 1041.6
1202410 1041.1
1202420 1039.3
1202430 1039.3
1202440 1036.2
1202450 1034.4
1202460 1034.4
1202470 1033.5
1202480 1032.6
1202490 1031.4
1202500 1031.4
1202510 1030.2
1202520 1029.3
1202530 1029.3
1202540 1028.5
1202550 1027.3
1202560 1027.3
1202570 1025.2
1202580 1021.6
1202590 1021.6
1202600 1017.8
1202610 1014.8
1202620 1014.8
1202630 1012.1
1202640 1009.7
1202650 1009.7
1202660 1007.5
1202670 1005.4
1202680 1005.4
1202690 1002.4
1202700 999.6
1202710 999.6
1202720 997.1
1202730 994.4
1202740 991.9
1202750 991.9
1202760 980.7
1202770 977.0
1202780 977.0
1202790 973.0
1202800 968.9
1202810 968.9
1202820 964.8
1202830 961.2
1202840 961.2
1202850 957.8
1202860 954.0
1202870 954.0
1202880 950.6
1202890 946.3
1202900 946.3
1202910 941.4
1202920 936.7
1202930 936.7
1202940 932.8
1202950 929.2
1202960 929.2
1202970 926.1
1202980 922.9
1202990 922.9
1203000 918.7
1203010 914.3
1203020 910.2
1203030 910.2
1203040 905.8
1203050 900.4
1203060 900.4
1203070 893.4
1203080 886.5
1203090 886.5
1203100 881.3
1203110 875.5
1203120 875.5
1203130 871.9
1203140 871.6
1203150 871.6
1203160 867.8
1203170 866.2
1203180 866.2
1203190 864.1
1203200 861.7
1203210 855.1
1203220 852.5
1203230 849.3
1203240 849.3
1203250 845.3
1203260 841.5
1203270 841.5
1203280 838.0
1203290 834.7
1203300 831.3
1203310 831.3
1203320 828.1
1203330 824.8
1203340 824.8
1203350 819.9
1203360 816.3
1203370 816.3
1203380 814.9
1203390 815.4
1203400 815.4
1203410 814.7
1203420 813.6
1203430 813.6
1203440 813.5
1203450 813.7
1203460 813.7
1203470 813.6
1203480 813.4
1203490 813.4
1203500 813.3
1203510 813.2
1203520 813.2
1203530 813.2
1203540 812.9
1203550 812.0
1203560 812.0
1203570 811.8
1203580 808.2
1203590 808.2
1203600 805.1
1203610 803.6
1203620 803.6
1203630 802.3
1203640 800.8
1203650 800.8
1203660 799.5
1203670 799.4
1203680 799.4
1203690 798.8
1203700 800.3
1203710 800.3
1203720 799.5
1203730 799.6
1203740 799.6
1203750 799.8
1203760 799.3
1203770 799.3
1203780 798.2
1203790 797.8
1203800 797.8
1203810 797.7
1203820 797.4
1203830 797.0
1203840 797.0
1203850 796.0
1203860 795.4
1203870 795.4
1203880 795.2
1203890 794.6
1203900 794.6
1203910 794.1
1203920 793.7
1203930 793.7
1203940 793.6
1203950 793.7
1203960 793.7
1203970 793.6
1203980 793.6
1203990 793.6
1204000 793.6
1204010 793.6
1204020 793.6
1204030 793.6
1204040 793.9
1204050 793.9
1204060 793.8
1204070 793.3
1204080 793.3
1204090 793.7
1204100 794.2
1204110 794.0
1204120 793.8
1204130 793.8
1204140 793.8
1204150 793.8
1204160 793.8
1204170 793.8
1204180 793.8
1204190 793.8
1204200 793.8
1204210 793.8
1204220 793.9
1204230 793.9
1204240 793.9
1204250 794.0
1204260 794.0
1204270 794.0
1204280 794.1
1204290 794.0
1204300 794.0
1204310 794.1
1204320 794.1
1204330 794.1
1204340 794.2
1204350 794.2
1204360 794.3
1204370 794.3
1204380 794.4
1204390 794.4
1204400 794.4
1204410 794.5
1204420 794.6
1204430 794.6
1204440 794.4
1204450 794.6
1204460 794.6
1204470 794.9
1204480 795.3
1204490 795.3
1204500 795.7
1204510 796.1
1204520 796.1
1204530 796.6
1204540 797.3
1204550 797.3
1204560 798.5
1204570 801.1
1204580 801.1
1204590 802.0
1204600 802.3
1204610 802.3
1204620 802.5
1204630 802.7
1204640 803.2
1204650 803.2
1204660 803.8
1204670 804.1
1204680 804.1
1204690 804.6
1204700 804.6
1204710 804.6
1204720 804.8
1204730 805.7
1204740 805.7
1204750 806.0
1204760 805.8
1204770 805.8
1204780 805.9
1204790 805.8
1204800 805.8
1204810 806.0
1204820 806.1
1204830 806.1
1204840 806.2
1204850 806.3
1204860 806.3
1204870 806.2
1204880 806.0
1204890 806.0
1204900 806.1
1204910 806.3
1204920 807.0
1204930 807.0
1204940 807.3
1204950 807.1
1204960 807.1
1204970 807.1
1204980 807.4
1204990 807.4
1205000 807.7
1205010 807.8
1205020 807.8
1205030 808.2
1205040 807.6
1205050 807.6
1205060 806.3
1205070 805.5
1205080 805.5
1205090 805.7
1205100 806.1
1205110 806.1
1205120 806.5
1205130 807.1
1205140 807.1
1205150 808.3
1205160 810.1
1205170 812.3
1205180 812.3
1205190 813.1
1205200 813.9
1205210 813.9
1205220 814.7
1205230 815.4
1205240 815.4
1205250 816.3
1205260 817.2
1205270 817.2
1205280 818.3
1205290 818.8
1205300 818.8
1205310 819.5
1205320 820.3
1205330 820.3
1205340 821.1
1205350 821.8
1205360 821.8
1205370 822.7
1205380 823.5
1205390 823.5
1205400 824.3
1205410 825.4
1205420 825.4
1205430 826.4
1205440 827.5
1205450 828.7
1205460 828.7
1205470 830.1
1205480 830.5
1205490 831.6
1205500 831.7
1205510 832.7
1205520 832.7
1205530 833.1
1205540 833.7
1205550 833.7
1205560 834.4
1205570 834.3
1205580 834.3
1205590 834.9
1205600 835.4
1205610 835.4
1205620 836.4
1205630 837.6
1205640 837.6
1205650 838.8
1205660 840.0
1205670 840.0
1205680 841.4
1205690 842.7
1205700 842.7
1205710 843.5
1205720 844.8
1205730 845.5
1205740 845.5
1205750 846.1
1205760 846.5
1205770 846.5
1205780 846.8
1205790 847.4
1205800 847.4
1205810 848.6
1205820 849.5
1205830 849.5
1205840 849.6
1205850 850.1
1205860 850.1
1205870 850.3
1205880 850.4
1205890 850.4
1205900 850.5
1205910 850.3
1205920 850.3
1205930 850.4
1205940 856.1
1205950 856.1
1205960 859.6
1205970 862.6
1205980 865.0
1205990 865.0
1206000 865.8
1206010 866.2
1206020 866.2
1206030 866.6
1206040 868.5
1206050 868.5
1206060 871.1
1206070 872.1
1206080 872.1
1206090 872.1
1206100 872.8
1206110 872.8
1206120 874.6
1206130 875.4
1206140 875.4
1206150 875.5
1206160 875.4
1206170 875.4
1206180 874.7
1206190 876.0
1206200 876.0
1206210 877.1
1206220 878.2
1206230 878.2
1206240 879.6
1206250 882.1
1206260 885.3
1206270 885.3
1206280 887.9
1206290 891.3
1206300 891.3
1206310 894.6
1206320 897.2
1206330 897.2
1206340 900.3
1206350 903.0
1206360 903.0
1206370 904.9
1206380 904.8
1206390 904.8
1206400 908.9
1206410 904.8
1206420 904.8
1206430 901.8
1206440 898.5
1206450 898.5
1206460 896.0
1206470 896.5
1206480 896.5
1206490 897.8
1206500 902.4
1206510 902.4
1206520 909.3
1206530 915.9
1206540 921.8
1206550 921.8
1206560 927.4
1206570 933.0
1206580 933.0
1206590 937.7
1206600 941.1
1206610 941.1
1206620 943.1
1206630 941.1
1206640 941.1
1206650 936.7
1206660 932.5
1206670 932.5
1206680 930.1
1206690 928.6
1206700 928.6
1206710 926.3
1206720 927.5
1206730 927.5
1206740 929.9
1206750 933.4
1206760 933.4
1206770 938.7
1206780 944.9
1206790 951.6
1206800 951.6
1206810 958.4
1206820 962.8
1206830 962.8
1206840 961.1
1206850 959.8
1206860 964.0
1206870 965.2
1206880 967.8
1206890 967.8
1206900 969.4
1206910 971.1
1206920 971.1
1206930 974.1
1206940 977.9
1206950 977.9
1206960 982.9
1206970 989.2
1206980 989.2
1206990 997.2
1207000 1004.1
1207010 1004.1
1207020 1009.2
1207030 1012.8
1207040 1012.8
1207050 1016.1
1207060 1020.5
1207070 1025.9
1207080 1025.9
1207090 1028.0
1207100 1030.1
1207110 1030.1
1207120 1036.0
1207130 1041.7
1207140 1041.7
1207150 1046.2
1207160 1050.6
1207170 1050.6
1207180 1052.9
1207190 1050.5
1207200 1050.5
1207210 1049.4
1207220 1050.3
1207230 1050.3
1207240 1045.4
1207250 1038.5
1207260 1038.5
1207270 1038.8
1207280 1044.4
1207290 1044.4
1207300 1051.4
1207310 1058.4
1207320 1055.9
1207330 1063.2
1207340 1071.0
1207350 1084.1
1207360 1084.1
1207370 1109.0
1207380 1122.2
1207390 1122.2
1207400 1131.1
1207410 1138.1
1207420 1138.1
1207430 1145.4
1207440 1150.4
1207450 1150.4
1207460 1152.1
1207470 1151.7
1207480 1151.7
1207490 1153.3
1207500 1156.5
1207510 1156.5
1207520 1162.8
1207530 1171.1
1207540 1171.1
1207550 1175.3
1207560 1174.2
1207570 1174.2
1207580 1174.1
1207590 1176.5
1207600 1180.5
1207610 1180.5
1207620 1186.9
1207630 1192.3
1207640 1192.3
1207650 1198.1
1207660 1204.0
1207670 1204.0
1207680 1211.7
1207690 1219.9
1207700 1219.9
1207710 1228.3
1207720 1236.5
1207730 1236.5
1207740 1240.9
1207750 1244.1
1207760 1244.1
1207770 1247.9
1207780 1256.4
1207790 1256.4
1207800 1261.1
1207810 1266.3
1207820 1266.3
1207830 1271.3
1207840 1275.0
1207850 1275.0
1207860 1279.6
1207870 1284.1
1207880 1288.4
1207890 1288.4
1207900 1292.7
1207910 1297.3
1207920 1297.3
1207930 1302.3
1207940 1306.2
1207950 1306.2
1207960 1310.3
1207970 1315.1
1207980 1315.1
1207990 1320.8
1208000 1326.9
1208010 1326.9
1208020 1332.2
1208030 1337.0
1208040 1337.0
1208050 1341.5
1208060 1346.2
1208070 1346.2
1208080 1351.6
1208090 1359.0
1208100 1359.0
1208110 1366.5
1208120 1371.9
1208130 1371.9
1208140 1376.8
1208150 1382.7
1208160 1390.2
1208170 1390.2
1208180 1397.9
1208190 1405.1
1208200 1405.1
1208210 1411.2
1208220 1418.2
1208230 1418.2
1208240 1437.5
1208250 1443.9
1208260 1443.9
1208270 1447.1
1208280 1450.2
1208290 1450.2
1208300 1451.9
1208310 1452.3
1208320 1452.3
1208330 1453.5
1208340 1457.2
1208350 1457.2
1208360 1463.3
1208370 1470.4
1208380 1470.4
1208390 1477.4
1208400 1481.4
1208410 1484.1
1208420 1484.1
1208430 1483.2
1208440 1481.5
1208450 1481.5
1208460 1479.7
1208470 1478.7
1208480 1478.7
1208490 1480.8
1208500 1486.2
1208510 1486.2
1208520 1495.1
1208530 1500.1
1208540 1500.1
1208550 1503.1
1208560 1503.7
1208570 1503.7
1208580 1505.2
1208590 1508.9
1208600 1508.9
1208610 1515.0
1208620 1521.9
1208630 1521.9
1208640 1519.5
1208650 1516.1
1208660 1516.1
1208670 1511.6
1208680 1503.4
1208690 1498.4
1208700 1509.3
1208710 1504.8
1208720 1503.0
1208730 1503.0
1208740 1503.9
1208750 1513.0
1208760 1513.0
1208770 1524.3
1208780 1532.8
1208790 1532.8
1208800 1541.4
1208810 1549.8
1208820 1549.8
1208830 1561.9
1208840 1575.6
1208850 1575.6
1208860 1589.3
1208870 1597.9
1208880 1597.9
1208890 1606.0
1208900 1613.3
1208910 1613.3
1208920 1620.4
1208930 1627.0
1208940 1627.0
1208950 1634.3
1208960 1642.8
1208970 1650.9
1208980 1650.9
1208990 1653.9
1209000 1651.4
1209010 1651.4
1209020 1656.1
1209030 1665.3
1209040 1665.3
1209050 1675.4
1209060 1674.6
1209070 1674.6
1209080 1667.0
1209090 1678.2
1209100 1678.2
1209110 1691.2
1209120 1706.4
1209130 1706.4
1209140 1717.0
1209150 1720.7
1209160 1731.7
1209170 1737.6
1209180 1741.2
1209190 1741.2
1209200 1742.0
1209210 1746.5
1209220 1748.8
1209230 1748.8
1209240 1752.9
1209250 1759.4
1209260 1759.4
1209270 1765.0
1209280 1771.4
1209290 1771.4
1209300 1778.1
1209310 1784.7
1209320 1784.7
1209330 1791.7
1209340 1798.8
1209350 1798.8
1209360 1806.4
1209370 1813.9
1209380 1813.9
1209390 1821.0
1209400 1828.4
1209410 1828.4
1209420 1835.7
1209430 1843.3
1209440 1843.3
1209450 1850.8
1209460 1858.3
1209470 1858.3
1209480 1866.0
1209490 1873.3
1209500 1880.2
1209510 1880.2
1209520 1887.0
1209530 1893.8
1209540 1893.8
1209550 1900.2
1209560 1906.1
1209570 1906.1
1209580 1911.5
1209590 1916.6
1209600 1916.6
1209610 1921.3
1209620 1931.8
1209630 1931.8
1209640 1935.8
1209650 1939.8
1209660 1939.8
1209670 1944.8
1209680 1949.9
1209690 1949.9
1209700 1953.7
1209710 1958.4
1209720 1958.4
1209730 1963.1
1209740 1967.8
1209750 1967.8
1209760 1971.9
1209770 1975.4
1209780 1978.9
1209790 1978.9
1209800 1982.3
1209810 1984.4
1209820 1984.4
1209830 1985.7
1209840 1986.9
1209850 1986.9
1209860 1987.8
1209870 1987.4
1209880 1987.4
1209890 1987.0
1209900 1986.9
1209910 1986.9
1209920 1987.2
1209930 1987.7
1209940 1987.7
1209950 1988.0
1209960 1988.2
1209970 1988.2
1209980 1988.3
1209990 1988.6
1210000 1988.6
1210010 1989.2
1210020 1989.8
1210030 1989.9
1210040 1989.9
1210050 1989.3
1210060 1987.8
1210070 1987.8
1210080 1985.1
1210090 1986.3
1210100 1986.3
1210110 1984.9
1210120 1983.5
1210130 1983.5
1210140 1981.7
1210150 1980.6
1210160 1980.6
1210170 1980.0
1210180 1978.9
1210190 1978.9
1210200 1977.9
1210210 1976.9
1210220 1976.9
1210230 1975.1
1210240 1973.2
1210250 1973.2
1210260 1972.1
1210270 1970.4
1210280 1970.4
1210290 1968.7
1210300 1967.5
1210310 1966.7
1210320 1966.7
1210330 1966.0
1210340 1965.4
1210350 1965.4
1210360 1963.3
1210370 1962.1
1210380 1962.1
1210390 1960.9
1210400 1959.5
1210410 1959.5
1210420 1957.4
1210430 1956.2
1210440 1956.2
1210450 1955.7
1210460 1956.1
1210470 1956.1
1210480 1956.5
1210490 1956.3
1210500 1956.3
1210510 1956.1
1210520 1955.1
1210530 1955.1
1210540 1953.6
1210550 1952.1
1210560 1952.1
1210570 1951.0
1210580 1950.0
1210590 1949.6
1210600 1949.6
1210610 1948.9
1210620 1947.2
1210630 1947.2
1210640 1943.0
1210650 1938.0
1210660 1938.0
1210670 1934.2
1210680 1931.2
1210690 1931.2
1210700 1928.3
1210710 1926.3
1210720 1926.3
1210730 1925.3
1210740 1924.0
1210750 1924.0
1210760 1921.7
1210770 1918.4
1210780 1918.4
1210790 1915.4
1210800 1912.3
1210810 1912.3
1210820 1908.9
1210830 1906.5
1210840 1905.0
1210850 1905.0
1210860 1903.7
1210870 1901.8
1210880 1901.8
1210890 1900.2
1210900 1897.8
1210910 1897.8
1210920 1895.3
1210930 1893.4
1210940 1893.4
1210950 1892.4
1210960 1890.7
1210970 1890.7
1210980 1888.2
1210990 1885.4
1211000 1885.4
1211010 1882.9
1211020 1880.3
1211030 1880.3
1211040 1877.1
1211050 1873.2
1211060 1873.2
1211070 1870.6
1211080 1867.7
1211090 1867.7
1211100 1865.0
1211110 1862.4
1211120 1860.3
1211130 1860.3
1211140 1858.3
1211150 1856.2
1211160 1856.2
1211170 1855.9
1211180 1854.1
1211190 1854.1
1211200 1852.6
1211210 1851.1
1211220 1851.1
1211230 1848.8
1211240 1845.8
1211250 1845.8
1211260 1841.9
1211270 1836.7
1211280 1836.7
1211290 1829.0
1211300 1822.4
1211310 1822.4
1211320 1817.9
1211330 1813.4
1211340 1813.4
1211350 1809.4
1211360 1805.8
1211370 1805.8
1211380 1802.9
1211390 1801.1
1211400 1800.0
1211410 1800.0
1211420 1798.9
1211430 1796.7
1211440 1796.7
1211450 1794.3
1211460 1792.0
1211470 1792.0
1211480 1786.0
1211490 1783.3
1211500 1783.3
1211510 1780.9
1211520 1778.8
1211530 1778.8
1211540 1775.4
1211550 1771.4
1211560 1771.4
1211570 1768.7
1211580 1765.8
1211590 1765.8
1211600 1762.7
1211610 1759.3
1211620 1759.3
1211630 1754.4
1211640 1748.1
1211650 1740.9
1211660 1740.9
1211670 1735.1
1211680 1731.2
1211690 1731.2
1211700 1728.4
1211710 1724.6
1211720 1724.6
1211730 1719.4
1211740 1712.8
1211750 1712.8
1211760 1706.0
1211770 1700.4
1211780 1700.4
1211790 1696.3
1211800 1692.9
1211810 1692.9
1211820 1688.2
1211830 1680.7
1211840 1680.7
1211850 1674.5
1211860 1671.1
1211870 1671.1
1211880 1668.7
1211890 1665.5
1211900 1665.5
1211910 1662.5
1211920 1658.6
1211930 1655.4
1211940 1655.4
1211950 1651.0
1211960 1647.2
1211970 1647.2
1211980 1642.5
1211990 1638.0
1212000 1638.0
1212010 1632.4
1212020 1629.3
1212030 1629.3
1212040 1627.1
1212050 1623.1
1212060 1623.1
1212070 1618.5
1212080 1613.3
1212090 1613.3
1212100 1607.7
1212110 1602.0
1212120 1602.0
1212130 1596.2
1212140 1591.0
1212150 1591.0
1212160 1586.2
1212170 1582.4
1212180 1582.4
1212190 1580.1
1212200 1577.3
1212210 1574.2
1212220 1574.2
1212230 1569.7
1212240 1563.4
1212250 1563.4
1212260 1557.7
1212270 1554.7
1212280 1554.7
1212290 1551.8
1212300 1553.7
1212310 1553.7
1212320 1550.9
1212330 1544.5
1212340 1544.5
1212350 1537.5
1212360 1530.5
1212370 1530.5
1212380 1524.7
1212390 1522.1
1212400 1522.1
1212410 1517.9
1212420 1512.7
1212430 1512.7
1212440 1510.7
1212450 1506.3
1212460 1496.3
1212470 1496.3
1212480 1487.2
1212490 1479.1
1212500 1479.1
1212510 1471.9
1212520 1465.0
1212530 1465.0
1212540 1456.7
1212550 1451.6
1212560 1451.6
1212570 1448.1
1212580 1447.2
1212590 1447.2
1212600 1444.6
1212610 1440.8
1212620 1440.8
1212630 1436.5
1212640 1432.8
1212650 1432.8
1212660 1426.9
1212670 1421.3
1212680 1421.3
1212690 1416.1
1212700 1410.9
1212710 1410.9
1212720 1406.4
1212730 1401.9
1212740 1396.7
1212750 1396.7
1212760 1390.3
1212770 1384.3
1212780 1384.3
1212790 1379.8
1212800 1375.5
1212810 1375.5
1212820 1370.5
1212830 1366.5
1212840 1366.5
1212850 1364.8
1212860 1363.8
1212870 1363.8
1212880 1355.6
1212890 1353.2
1212900 1353.2
1212910 1349.8
1212920 1346.1
1212930 1346.1
1212940 1343.4
1212950 1340.2
1212960 1340.2
1212970 1337.4
1212980 1334.0
1212990 1334.0
1213000 1330.9
1213010 1326.3
1213020 1321.2
1213030 1321.2
1213040 1317.0
1213050 1313.3
1213060 1313.3
1213070 1309.3
1213080 1305.6
1213090 1305.6
1213100 1304.8
1213110 1302.8
1213120 1302.8
1213130 1298.1
1213140 1293.0
1213150 1293.0
1213160 1288.8
1213170 1287.3
1213180 1287.3
1213190 1284.6
1213200 1281.0
1213210 1281.0
1213220 1278.7
1213230 1277.5
1213240 1277.5
1213250 1274.9
1213260 1272.7
1213270 1270.8
1213280 1270.8
1213290 1269.2
1213300 1267.3
1213310 1267.3
1213320 1265.6
1213330 1263.9
1213340 1263.9
1213350 1265.4
1213360 1266.8
1213370 1266.8
1213380 1268.1
1213390 1268.3
1213400 1268.3
1213410 1268.6
1213420 1268.9
1213430 1268.9
1213440 1269.2
1213450 1269.5
1213460 1269.5
1213470 1269.8
1213480 1270.5
1213490 1270.5
1213500 1271.2
1213510 1272.0
1213520 1272.0
1213530 1272.3
1213540 1271.5
1213550 1271.8
1213560 1271.8
1213570 1273.7
1213580 1274.7
1213590 1274.7
1213600 1276.4
1213610 1278.6
1213620 1278.6
1213630 1281.1
1213640 1281.8
1213650 1281.8
1213660 1280.1
1213670 1280.7
1213680 1280.7
1213690 1283.9
1213700 1287.1
1213710 1287.1
1213720 1289.3
1213730 1291.5
1213740 1291.5
1213750 1292.3
1213760 1294.2
1213770 1294.2
1213780 1297.0
1213790 1299.0
1213800 1299.0
1213810 1300.5
1213820 1302.6
1213830 1305.4
1213840 1305.4
1213850 1304.9
1213860 1304.8
1213870 1304.8
1213880 1306.5
1213890 1308.6
1213900 1308.6
1213910 1311.2
1213920 1313.4
1213930 1313.4
1213940 1314.6
1213950 1315.8
1213960 1315.8
1213970 1318.0
1213980 1320.2
1213990 1320.2
1214000 1322.2
1214010 1324.1
1214020 1324.1
1214030 1326.1
1214040 1327.4
1214050 1327.4
1214060 1328.5
1214070 1329.4
1214080 1329.8
1214090 1329.8
1214100 1331.0
1214110 1332.5
1214120 1332.5
1214130 1333.5
1214140 1334.0
1214150 1334.0
1214160 1334.5
1214170 1337.1
1214180 1337.1
1214190 1341.2
1214200 1345.3
1214210 1345.3
1214220 1348.8
1214230 1351.7
1214240 1351.7
1214250 1353.9
1214260 1354.6
1214270 1354.6
1214280 1353.9
1214290 1357.3
1214300 1357.3
1214310 1357.4
1214320 1357.4
1214330 1357.4
1214340 1357.4
1214350 1356.7
1214360 1357.3
1214370 1357.3
1214380 1357.8
1214390 1357.4
1214400 1357.4
1214410 1356.9
1214420 1356.4
1214430 1356.4
1214440 1356.2
1214450 1355.9
1214460 1355.9
1214470 1355.4
1214480 1355.9
1214490 1355.9
1214500 1358.3
1214510 1360.8
1214520 1360.8
1214530 1362.6
1214540 1364.5
1214550 1364.5
1214560 1366.2
1214570 1368.0
1214580 1368.0
1214590 1369.0
1214600 1370.0
1214610 1371.8
1214620 1371.8
1214630 1374.3
1214640 1377.1
1214650 1377.1
1214660 1379.7
1214670 1381.9
1214680 1381.9
1214690 1383.3
1214700 1386.7
1214710 1386.7
1214720 1391.8
1214730 1397.3
1214740 1397.3
1214750 1402.3
1214760 1408.5
1214770 1408.5
1214780 1413.0
1214790 1416.1
1214800 1416.1
1214810 1417.5
1214820 1418.9
1214830 1418.9
1214840 1421.0
1214850 1424.2
1214860 1424.2
1214870 1426.3
1214880 1426.1
1214890 1426.8
1214900 1426.8
1214910 1427.9
1214920 1430.3
1214930 1430.3
1214940 1433.2
1214950 1436.1
1214960 1436.1
1214970 1437.7
1214980 1438.5
1214990 1438.5
1215000 1438.8
1215010 1439.8
1215020 1439.8
1215030 1440.6
1215040 1440.2
1215050 1440.2
1215060 1439.2
1215070 1437.7
1215080 1437.7
1215090 1436.7
1215100 1435.4
1215110 1435.4
1215120 1434.9
1215130 1436.0
1215140 1436.0
1215150 1438.5
1215160 1441.5
1215170 1445.3
1215180 1445.3
1215190 1448.6
1215200 1450.6
1215210 1450.6
1215220 1452.8
1215230 1454.2
1215240 1458.0
1215250 1457.9
1215260 1457.9
1215270 1457.9
1215280 1457.5
1215290 1456.2
1215300 1456.2
1215310 1455.6
1215320 1455.0
1215330 1455.0
1215340 1453.4
1215350 1450.7
1215360 1450.7
1215370 1447.9
1215380 1447.1
1215390 1447.1
1215400 1445.7
1215410 1445.3
1215420 1444.3
1215430 1444.3
1215440 1444.4
1215450 1444.3
1215460 1444.3
1215470 1443.6
1215480 1441.7
1215490 1441.7
1215500 1438.7
1215510 1436.9
1215520 1436.9
1215530 1436.1
1215540 1435.5
1215550 1435.5
1215560 1435.8
1215570 1436.5
1215580 1436.5
1215590 1437.1
1215600 1437.2
1215610 1437.2
1215620 1436.6
1215630 1438.0
1215640 1438.0
1215650 1438.9
1215660 1437.2
1215670 1437.2
1215680 1435.3
1215690 1434.4
1215700 1433.5
1215710 1437.1
1215720 1437.3
1215730 1437.5
1215740 1437.5
1215750 1436.6
1215760 1434.2
1215770 1434.2
1215780 1434.8
1215790 1435.7
1215800 1435.7
1215810 1435.6
1215820 1434.6
1215830 1434.6
1215840 1433.3
1215850 1432.2
1215860 1432.2
1215870 1431.6
1215880 1429.6
1215890 1429.6
1215900 1428.1
1215910 1427.1
1215920 1427.1
1215930 1426.7
1215940 1426.4
1215950 1426.4
1215960 1424.3
1215970 1425.0
1215980 1425.4
1215990 1425.4
1216000 1427.0
1216010 1427.1
1216020 1427.1
1216030 1425.1
1216040 1422.6
1216050 1422.6
1216060 1422.2
1216070 1420.7
1216080 1420.7
1216090 1419.9
1216100 1419.7
1216110 1419.7
1216120 1419.5
1216130 1417.5
1216140 1417.5
1216150 1415.1
1216160 1414.0
1216170 1414.0
1216180 1417.4
1216190 1416.2
1216200 1416.2
1216210 1414.4
1216220 1413.6
1216230 1414.6
1216240 1414.6
1216250 1415.3
1216260 1413.3
1216270 1413.3
1216280 1409.8
1216290 1405.2
1216300 1405.2
1216310 1402.2
1216320 1400.4
1216330 1400.4
1216340 1400.1
1216350 1401.5
1216360 1401.5
1216370 1399.8
1216380 1397.0
1216390 1397.0
1216400 1393.2
1216410 1390.7
1216420 1390.7
1216430 1387.4
1216440 1382.5
1216450 1382.5
1216460 1378.3
1216470 1375.2
1216480 1375.2
1216490 1371.4
1216500 1369.7
1216510 1367.9
1216520 1367.9
1216530 1367.1
1216540 1365.9
1216550 1365.9
1216560 1362.8
1216570 1358.0
1216580 1358.0
1216590 1354.2
1216600 1351.5
1216610 1351.5
1216620 1348.1
1216630 1344.4
1216640 1344.4
1216650 1341.3
1216660 1343.6
1216670 1343.6
1216680 1338.6
1216690 1334.9
1216700 1334.9
1216710 1331.6
1216720 1327.6
1216730 1327.6
1216740 1323.2
1216750 1318.5
1216760 1318.5
1216770 1314.5
1216780 1310.0
1216790 1305.5
1216800 1305.5
1216810 1302.2
1216820 1300.1
1216830 1300.1
1216840 1297.9
1216850 1296.6
1216860 1296.6
1216870 1295.7
1216880 1294.8
1216890 1294.8
1216900 1291.3
1216910 1287.9
1216920 1287.9
1216930 1286.7
1216940 1283.6
1216950 1283.6
1216960 1279.0
1216970 1274.4
1216980 1274.4
1216990 1269.1
1217000 1263.0
1217010 1263.0
1217020 1258.8
1217030 1256.9
1217040 1256.0
1217050 1256.0
1217060 1254.3
1217070 1251.2
1217080 1251.2
1217090 1248.6
1217100 1243.2
1217110 1243.2
1217120 1237.6
1217130 1233.3
1217140 1233.3
1217150 1223.3
1217160 1214.7
1217170 1214.7
1217180 1208.7
1217190 1201.2
1217200 1201.2
1217210 1192.2
1217220 1181.9
1217230 1181.9
1217240 1172.8
1217250 1164.5
1217260 1164.5
1217270 1156.7
1217280 1149.9
1217290 1149.9
1217300 1144.2
1217310 1137.0
1217320 1129.1
1217330 1129.1
1217340 1122.5
1217350 1116.4
1217360 1116.4
1217370 1110.1
1217380 1103.1
1217390 1103.1
1217400 1094.4
1217410 1086.4
1217420 1086.4
1217430 1079.3
1217440 1071.2
1217450 1071.2
1217460 1062.7
1217470 1055.3
1217480 1055.3
1217490 1048.9
1217500 1042.8
1217510 1042.8
1217520 1036.5
1217530 1030.3
1217540 1030.3
1217550 1023.7
1217560 1017.4
1217570 1017.4
1217580 1011.8
1217590 1006.2
1217600 999.0
1217610 999.4
1217620 993.4
1217630 987.6
1217640 987.6
1217650 981.8
1217660 976.6
1217670 976.6
1217680 971.8
1217690 967.0
1217700 967.0
1217710 962.6
1217720 958.4
1217730 958.4
1217740 954.1
1217750 950.1
1217760 950.1
1217770 946.0
1217780 940.4
1217790 940.4
1217800 935.2
1217810 931.1
1217820 931.1
1217830 927.7
1217840 924.4
1217850 920.8
1217860 920.8
1217870 917.7
1217880 914.3
1217890 914.3
1217900 911.5
1217910 908.3
1217920 908.3
1217930 904.1
1217940 899.6
1217950 899.6
1217960 895.5
1217970 892.0
1217980 892.0
1217990 889.3
1218000 887.2
1218010 887.2
1218020 885.6
1218030 882.6
1218040 882.6
1218050 879.0
1218060 875.3
1218070 875.3
1218080 872.3
1218090 869.8
1218100 869.8
1218110 867.3
1218120 865.0
1218130 862.7
1218140 862.7
1218150 860.6
1218160 858.4
1218170 858.4
1218180 855.1
1218190 851.5
1218200 851.5
1218210 849.8
1218220 848.6
1218230 848.6
1218240 847.8
1218250 845.7
1218260 845.7
1218270 842.4
1218280 838.7
1218290 838.7
1218300 837.5
1218310 836.0
1218320 836.0
1218330 834.1
1218340 833.1
1218350 833.1
1218360 832.5
1218370 830.8
1218380 830.8
1218390 828.9
1218400 826.9
1218410 824.9
1218420 824.9
1218430 823.0
1218440 820.9
1218450 820.9
1218460 818.7
1218470 816.3
1218480 816.3
1218490 814.1
1218500 812.4
1218510 812.4
1218520 810.8
1218530 809.4
1218540 809.4
1218550 807.9
1218560 805.5
1218570 804.3
1218580 800.0
1218590 796.0
1218600 796.0
1218610 792.4
1218620 790.3
1218630 790.3
1218640 789.0
1218650 787.5
1218660 786.1
1218670 786.1
1218680 784.5
1218690 782.4
1218700 782.4
1218710 778.1
1218720 770.7
1218730 770.7
1218740 766.0
1218750 764.8
1218760 764.8
1218770 756.7
1218780 752.5
1218790 752.5
1218800 746.7
1218810 744.4
1218820 744.4
1218830 745.8
1218840 744.4
1218850 744.4
1218860 740.9
1218870 737.6
1218880 737.6
1218890 734.1
1218900 730.5
1218910 730.5
1218920 728.4
1218930 726.6
1218940 724.4
1218950 724.4
1218960 723.7
1218970 723.0
1218980 723.0
1218990 722.6
1219000 724.3
1219010 724.3
1219020 723.3
1219030 718.8
1219040 714.9
1219050 714.2
1219060 715.8
1219070 715.8
1219080 719.7
1219090 723.0
1219100 723.0
1219110 725.2
1219120 727.4
1219130 727.4
1219140 723.6
1219150 719.5
1219160 719.5
1219170 718.2
1219180 720.3
1219190 720.5
1219200 720.5
1219210 717.5
1219220 713.5
1219230 713.5
1219240 708.3
1219250 704.8
1219260 704.8
1219270 704.2
1219280 705.1
1219290 705.1
1219300 709.3
1219310 714.3
1219320 714.3
1219330 711.0
1219340 702.8
1219350 702.8
1219360 694.2
1219370 686.5
1219380 686.5
1219390 683.2
1219400 678.7
1219410 678.7
1219420 671.2
1219430 664.6
1219440 664.6
1219450 662.4
1219460 661.9
1219470 661.5
1219480 661.5
1219490 661.2
1219500 661.3
1219510 661.3
1219520 660.7
1219530 660.2
1219540 660.2
1219550 660.7
1219560 661.3
1219570 661.3
1219580 664.0
1219590 669.2
1219600 669.2
1219610 675.2
1219620 681.0
1219630 681.0
1219640 682.4
1219650 681.9
1219660 681.9
1219670 681.2
1219680 681.0
1219690 681.0
1219700 683.1
1219710 683.9
1219720 683.9
1219730 683.8
1219740 683.8
1219750 681.9
1219760 681.9
1219770 676.4
1219780 677.1
1219790 677.1
1219800 682.0
1219810 683.4
1219820 683.4
1219830 683.7
1219840 684.3
1219850 684.3
1219860 685.1
1219870 685.1
1219880 685.1
1219890 684.0
1219900 686.0
1219910 686.0
1219920 692.2
1219930 700.4
1219940 700.4
1219950 707.8
1219960 715.1
1219970 715.1
1219980 722.5
1219990 729.0
