1200000 1158.7
1200010 1159.1
1200020 1159.1
1200030 1162.2
1200040 1165.8
1200050 1173.5
1200060 1173.5
1200070 1177.5
1200080 1175.0
1200090 1175.0
1200100 1173.0
1200110 1174.0
1200120 1174.0
1200130 1175.1
1200140 1175.6
1200150 1175.6
1200160 1176.2
1200170 1176.6
1200180 1176.6
1200190 1177.0
1200200 1175.7
1200210 1175.7
1200220 1178.4
1200230 1180.1
1200240 1180.1
1200250 1182.0
1200260 1184.2
1200270 1184.2
1200280 1186.0
1200290 1186.9
1200300 1186.9
1200310 1188.4
1200320 1190.4
1200330 1191.8
1200340 1191.8
1200350 1190.8
1200360 1185.8
1200370 1185.8
1200380 1181.3
1200390 1182.1
1200400 1182.1
1200410 1186.7
1200420 1190.8
1200430 1190.8
1200440 1191.8
1200450 1192.1
1200460 1192.1
1200470 1192.3
1200480 1193.1
1200490 1193.1
1200500 1193.7
1200510 1193.9
1200520 1193.9
1200530 1194.4
1200540 1195.1
1200550 1195.1
1200560 1196.4
1200570 1197.4
1200580 1198.4
1200590 1198.4
1200600 1198.9
1200610 1199.4
1200620 1199.4
1200630 1199.9
1200640 1200.3
1200650 1197.2
1200660 1197.3
1200670 1198.2
1200680 1198.2
1200690 1198.8
1200700 1199.4
1200710 1199.4
1200720 1200.4
1200730 1201.6
1200740 1201.6
1200750 1203.0
1200760 1204.7
1200770 1204.7
1200780 1206.3
1200790 1207.6
1200800 1207.6
1200810 1209.2
1200820 1210.7
1200830 1210.7
1200840 1212.2
1200850 1213.6
1200860 1214.7
1200870 1214.7
1200880 1215.0
1200890 1215.3
1200900 1215.3
1200910 1215.5
1200920 1216.0
1200930 1216.0
1200940 1216.9
1200950 1217.8
1200960 1217.8
1200970 1218.6
1200980 1219.2
1200990 1219.2
1201000 1219.4
1201010 1219.2
1201020 1219.2
1201030 1219.2
1201040 1219.0
1201050 1219.0
1201060 1218.1
1201070 1217.3
1201080 1217.3
1201090 1216.4
1201100 1213.2
1201110 1213.2
1201120 1213.2
1201130 1214.1
1201140 1214.5
1201150 1214.5
1201160 1214.0
1201170 1214.3
1201180 1214.3
1201190 1210.8
1201200 1210.4
1201210 1210.4
1201220 1214.7
1201230 1214.2
1201240 1214.2
1201250 1212.1
1201260 1212.9
1201270 1212.9
1201280 1213.1
1201290 1214.3
1201300 1214.3
1201310 1213.9
1201320 1213.7
1201330 1213.7
1201340 1214.0
1201350 1214.9
1201360 1214.9
1201370 1215.8
1201380 1216.5
1201390 1216.6
1201400 1216.6
1201410 1216.6
1201420 1216.5
1201430 1216.5
1201440 1215.2
1201450 1215.7
1201460 1215.7
1201470 1215.7
1201480 1215.5
1201490 1215.5
1201500 1214.4
1201510 1214.4
1201520 1214.4
1201530 1214.7
1201540 1214.8
1201550 1208.6
1201560 1208.2
1201570 1207.7
1201580 1207.7
1201590 1207.0
1201600 1206.2
1201610 1206.2
1201620 1205.7
1201630 1206.1
1201640 1206.1
1201650 1208.6
1201660 1211.1
1201670 1213.1
1201680 1213.1
1201690 1213.9
1201700 1214.3
1201710 1214.3
1201720 1214.7
1201730 1215.1
1201740 1215.1
1201750 1215.3
1201760 1215.3
1201770 1215.3
1201780 1214.9
1201790 1214.7
1201800 1214.7
1201810 1214.5
1201820 1214.6
1201830 1214.6
1201840 1214.7
1201850 1214.6
1201860 1214.6
1201870 1214.2
1201880 1213.9
1201890 1213.9
1201900 1213.8
1201910 1214.0
1201920 1214.0
1201930 1214.2
1201940 1214.6
1201950 1214.6
1201960 1214.6
1201970 1214.0
1201980 1213.0
1201990 1213.0
1202000 1205.6
1202010 1204.9
1202020 1204.9
1202030 1204.4
1202040 1203.7
1202050 1203.7
1202060 1203.2
1202070 1203.0
1202080 1203.0
1202090 1202.7
1202100 1202.4
1202110 1202.4
1202120 1201.8
1202130 1200.2
1202140 1200.2
1202150 1198.5
1202160 1197.3
1202170 1197.3
1202180 1196.6
1202190 1195.7
1202200 1194.8
1202210 1194.8
1202220 1193.7
1202230 1192.8
1202240 1192.8
1202250 1191.8
1202260 1190.8
1202270 1190.8
1202280 1189.4
1202290 1188.0
1202300 1188.0
1202310 1185.9
1202320 1184.2
1202330 1184.2
1202340 1182.8
1202350 1181.4
1202360 1181.4
1202370 1179.8
1202380 1178.3
1202390 1178.3
1202400 1175.9
1202410 1173.7
1202420 1173.7
1202430 1171.7
1202440 1169.8
1202450 1164.0
1202460 1161.3
1202470 1158.7
1202480 1156.2
1202490 1156.2
1202500 1153.2
1202510 1150.1
1202520 1150.1
1202530 1145.8
1202540 1140.3
1202550 1140.3
1202560 1136.2
1202570 1132.8
1202580 1132.8
1202590 1129.1
1202600 1124.5
1202610 1124.5
1202620 1119.4
1202630 1114.8
1202640 1114.8
1202650 1110.8
1202660 1107.5
1202670 1107.5
1202680 1104.2
1202690 1100.7
1202700 1100.7
1202710 1097.3
1202720 1094.2
1202730 1094.2
1202740 1091.1
1202750 1088.3
1202760 1085.8
1202770 1085.8
1202780 1083.7
1202790 1081.4
1202800 1081.4
1202810 1079.2
1202820 1076.7
1202830 1076.7
1202840 1071.8
1202850 1072.2
1202860 1072.2
1202870 1072.5
1202880 1071.5
1202890 1071.5
1202900 1067.4
1202910 1066.5
1202920 1066.5
1202930 1066.0
1202940 1064.6
1202950 1064.6
1202960 1061.1
1202970 1058.2
1202980 1058.2
1202990 1055.5
1203000 1052.9
1203010 1050.7
1203020 1050.7
1203030 1047.7
1203040 1045.2
1203050 1045.2
1203060 1042.6
1203070 1040.9
1203080 1040.9
1203090 1039.3
1203100 1036.6
1203110 1036.6
1203120 1033.2
1203130 1028.9
1203140 1028.9
1203150 1024.2
1203160 1017.7
1203170 1017.7
1203180 1013.4
1203190 1009.4
1203200 1009.4
1203210 1005.5
1203220 1001.1
1203230 1001.1
1203240 997.0
1203250 994.2
1203260 994.2
1203270 992.3
1203280 990.5
1203290 988.2
1203300 988.2
1203310 986.0
1203320 982.9
1203330 982.9
1203340 979.6
1203350 969.9
1203360 969.9
1203370 967.2
1203380 965.2
1203390 965.2
1203400 963.0
1203410 959.7
1203420 959.7
1203430 955.7
1203440 951.4
1203450 951.4
1203460 945.8
1203470 941.2
1203480 941.2
1203490 937.0
1203500 932.9
1203510 932.9
1203520 928.0
1203530 923.2
1203540 923.2
1203550 918.6
1203560 914.2
1203570 909.1
1203580 909.1
1203590 903.7
1203600 899.8
1203610 899.8
1203620 895.3
1203630 890.7
1203640 890.7
1203650 886.4
1203660 882.4
1203670 882.4
1203680 878.8
1203690 875.1
1203700 875.1
1203710 871.4
1203720 867.6
1203730 867.6
1203740 864.2
1203750 861.1
1203760 861.1
1203770 858.1
1203780 855.1
1203790 855.1
1203800 851.8
1203810 843.0
1203820 843.0
1203830 839.7
1203840 836.1
1203850 832.3
1203860 832.3
1203870 829.2
1203880 825.8
1203890 825.8
1203900 821.9
1203910 818.4
1203920 818.4
1203930 817.7
1203940 817.6
1203950 817.6
1203960 817.9
1203970 817.9
1203980 817.9
1203990 816.9
1204000 816.2
1204010 816.2
1204020 816.1
1204030 816.0
1204040 816.0
1204050 816.1
1204060 816.1
1204070 816.1
1204080 814.5
1204090 812.0
1204100 809.0
1204110 809.0
1204120 806.5
1204130 805.1
1204140 805.1
1204150 804.7
1204160 804.3
1204170 804.3
1204180 803.6
1204190 802.3
1204200 802.3
1204210 800.2
1204220 798.4
1204230 798.4
1204240 797.7
1204250 797.3
1204260 796.8
1204270 796.7
1204280 796.8
1204290 796.8
1204300 796.9
1204310 796.9
1204320 796.9
1204330 796.9
1204340 796.6
1204350 796.6
1204360 796.4
1204370 796.1
1204380 795.9
1204390 795.9
1204400 795.7
1204410 795.6
1204420 795.6
1204430 795.5
1204440 795.7
1204450 795.7
1204460 795.6
1204470 795.1
1204480 795.1
1204490 795.4
1204500 795.9
1204510 795.9
1204520 795.8
1204530 795.5
1204540 795.5
1204550 795.2
1204560 795.1
1204570 795.1
1204580 795.2
1204590 795.5
1204600 795.5
1204610 795.8
1204620 795.8
1204630 795.8
1204640 796.0
1204650 795.9
1204660 795.2
1204670 795.2
1204680 795.4
1204690 795.5
1204700 795.5
1204710 795.5
1204720 795.6
1204730 795.6
1204740 795.6
1204750 795.6
1204760 795.6
1204770 795.7
1204780 795.7
1204790 795.7
1204800 795.9
1204810 795.9
1204820 795.9
1204830 796.0
1204840 796.1
1204850 796.1
1204860 796.2
1204870 796.4
1204880 796.4
1204890 796.6
1204900 796.7
1204910 796.8
1204920 796.8
1204930 797.0
1204940 797.3
1204950 797.3
1204960 797.4
1204970 797.2
1204980 797.2
1204990 797.0
1205000 797.0
1205010 797.0
1205020 797.0
1205030 797.2
1205040 797.2
1205050 797.3
1205060 797.3
1205070 797.3
1205080 797.5
1205090 797.7
1205100 797.7
1205110 797.9
1205120 798.0
1205130 798.0
1205140 797.9
1205150 797.8
1205160 797.8
1205170 798.0
1205180 798.1
1205190 798.3
1205200 798.3
1205210 798.6
1205220 798.7
1205230 798.7
1205240 799.2
1205250 799.9
1205260 799.9
1205270 800.5
1205280 801.0
1205290 801.0
1205300 801.3
1205310 801.7
1205320 801.7
1205330 803.0
1205340 804.1
1205350 804.1
1205360 804.9
1205370 805.4
1205380 805.4
1205390 805.9
1205400 806.5
1205410 806.5
1205420 807.2
1205430 808.0
1205440 808.0
1205450 808.8
1205460 809.5
1205470 810.2
1205480 810.2
1205490 810.8
1205500 811.5
1205510 811.5
1205520 812.2
1205530 812.7
1205540 812.7
1205550 813.1
1205560 813.7
1205570 813.7
1205580 814.3
1205590 815.0
1205600 815.0
1205610 815.7
1205620 816.5
1205630 817.4
1205640 818.1
1205650 819.3
1205660 819.3
1205670 820.2
1205680 820.4
1205690 820.4
1205700 820.9
1205710 821.7
1205720 822.1
1205730 822.1
1205740 822.2
1205750 822.5
1205760 822.5
1205770 823.0
1205780 823.5
1205790 823.5
1205800 824.0
1205810 824.5
1205820 824.5
1205830 824.7
1205840 824.9
1205850 824.9
1205860 825.1
1205870 825.3
1205880 825.3
1205890 825.6
1205900 826.1
1205910 826.1
1205920 826.8
1205930 827.6
1205940 827.6
1205950 828.6
1205960 829.6
1205970 829.6
1205980 830.4
1205990 831.3
1206000 831.8
1206010 831.8
1206020 830.2
1206030 830.2
1206040 830.2
1206050 831.8
1206060 833.2
1206070 833.2
1206080 836.8
1206090 837.7
1206100 837.7
1206110 838.6
1206120 840.0
1206130 840.0
1206140 842.4
1206150 845.1
1206160 845.1
1206170 847.1
1206180 848.3
1206190 848.3
1206200 849.0
1206210 851.0
1206220 851.0
1206230 853.1
1206240 854.1
1206250 854.1
1206260 855.2
1206270 856.4
1206280 857.1
1206290 857.1
1206300 858.3
1206310 859.2
1206320 859.2
1206330 858.2
1206340 858.5
1206350 858.5
1206360 859.5
1206370 862.2
1206380 862.2
1206390 867.7
1206400 870.9
1206410 870.9
1206420 872.3
1206430 873.0
1206440 873.0
1206450 872.7
1206460 872.2
1206470 872.2
1206480 872.6
1206490 873.8
1206500 873.8
1206510 875.0
1206520 877.0
1206530 877.5
1206540 879.4
1206550 879.7
1206560 881.0
1206570 881.0
1206580 882.2
1206590 883.8
1206600 883.8
1206610 885.4
1206620 887.4
1206630 887.4
1206640 889.6
1206650 891.5
1206660 891.5
1206670 893.2
1206680 894.8
1206690 894.8
1206700 896.2
1206710 897.5
1206720 897.5
1206730 898.7
1206740 899.6
1206750 899.6
1206760 899.9
1206770 900.7
1206780 900.7
1206790 902.9
1206800 907.8
1206810 914.0
1206820 914.0
1206830 920.3
1206840 926.0
1206850 926.0
1206860 930.5
1206870 934.5
1206880 934.5
1206890 936.9
1206900 934.6
1206910 934.6
1206920 928.3
1206930 922.5
1206940 922.5
1206950 920.6
1206960 920.9
1206970 920.9
1206980 922.0
1206990 924.5
1207000 926.7
1207010 928.5
1207020 930.9
1207030 930.9
1207040 936.9
1207050 943.7
1207060 943.7
1207070 949.7
1207080 954.6
1207090 959.3
1207100 959.3
1207110 963.7
1207120 965.3
1207130 965.3
1207140 968.0
1207150 972.1
1207160 972.1
1207170 976.4
1207180 981.5
1207190 981.5
1207200 986.6
1207210 991.5
1207220 991.5
1207230 997.1
1207240 1003.0
1207250 1003.0
1207260 1008.9
1207270 1014.5
1207280 1014.5
1207290 1018.4
1207300 1021.8
1207310 1021.8
1207320 1026.5
1207330 1032.6
1207340 1032.6
1207350 1038.4
1207360 1040.4
1207370 1042.9
1207380 1042.9
1207390 1048.2
1207400 1053.6
1207410 1053.6
1207420 1057.3
1207430 1058.1
1207440 1058.1
1207450 1060.7
1207460 1069.0
1207470 1069.0
1207480 1069.5
1207490 1072.5
1207500 1072.5
1207510 1076.7
1207520 1080.6
1207530 1080.6
1207540 1084.4
1207550 1088.8
1207560 1088.8
1207570 1094.8
1207580 1101.8
1207590 1101.8
1207600 1107.2
1207610 1111.0
1207620 1115.0
1207630 1115.0
1207640 1120.4
1207650 1126.3
1207660 1126.3
1207670 1131.2
1207680 1134.9
1207690 1134.9
1207700 1138.8
1207710 1143.0
1207720 1143.0
1207730 1148.2
1207740 1153.2
1207750 1153.2
1207760 1158.9
1207770 1163.4
1207780 1163.4
1207790 1166.6
1207800 1171.6
1207810 1171.6
1207820 1177.2
1207830 1183.4
1207840 1183.4
1207850 1188.4
1207860 1193.8
1207870 1193.8
1207880 1198.0
1207890 1202.3
1207900 1206.7
1207910 1206.7
1207920 1214.1
1207930 1220.8
1207940 1220.8
1207950 1229.0
1207960 1236.8
1207970 1236.8
1207980 1242.5
1207990 1247.7
1208000 1247.7
1208010 1254.1
1208020 1261.9
1208030 1261.9
1208040 1269.4
1208050 1274.6
1208060 1274.6
1208070 1277.6
1208080 1281.0
1208090 1281.0
1208100 1285.5
1208110 1290.2
1208120 1290.2
1208130 1294.4
1208140 1298.6
1208150 1298.6
1208160 1301.4
1208170 1304.3
1208180 1307.4
1208190 1307.4
1208200 1309.2
1208210 1310.5
1208220 1310.5
1208230 1311.9
1208240 1312.9
1208250 1312.9
1208260 1311.6
1208270 1307.9
1208280 1307.9
1208290 1302.8
1208300 1302.3
1208310 1302.3
1208320 1306.1
1208330 1313.2
1208340 1313.2
1208350 1320.0
1208360 1317.8
1208370 1317.8
1208380 1317.5
1208390 1312.2
1208400 1312.2
1208410 1317.2
1208420 1328.3
1208430 1338.7
1208440 1338.7
1208450 1348.9
1208460 1357.0
1208470 1357.0
1208480 1367.1
1208490 1377.8
1208500 1377.8
1208510 1386.2
1208520 1392.2
1208530 1392.2
1208540 1398.4
1208550 1404.5
1208560 1404.5
1208570 1409.5
1208580 1415.0
1208590 1415.0
1208600 1422.7
1208610 1431.1
1208620 1431.1
1208630 1437.9
1208640 1444.4
1208650 1444.4
1208660 1450.6
1208670 1457.7
1208680 1457.7
1208690 1464.8
1208700 1470.1
1208710 1474.6
1208720 1474.6
1208730 1479.6
1208740 1484.6
1208750 1484.6
1208760 1489.7
1208770 1494.6
1208780 1494.6
1208790 1498.3
1208800 1502.7
1208810 1502.7
1208820 1507.5
1208830 1513.5
1208840 1520.2
1208850 1526.5
1208860 1531.9
1208870 1531.9
1208880 1536.4
1208890 1538.9
1208900 1538.9
1208910 1540.4
1208920 1544.3
1208930 1544.3
1208940 1548.4
1208950 1553.6
1208960 1553.6
1208970 1559.0
1208980 1560.6
1208990 1563.3
1209000 1563.3
1209010 1566.8
1209020 1572.0
1209030 1572.0
1209040 1580.5
1209050 1593.0
1209060 1593.0
1209070 1604.7
1209080 1612.1
1209090 1612.1
1209100 1618.2
1209110 1625.4
1209120 1625.4
1209130 1633.3
1209140 1642.9
1209150 1642.9
1209160 1651.7
1209170 1659.2
1209180 1659.2
1209190 1665.1
1209200 1671.6
1209210 1671.6
1209220 1678.3
1209230 1684.3
1209240 1690.4
1209250 1690.4
1209260 1696.7
1209270 1703.3
1209280 1703.3
1209290 1711.3
1209300 1717.9
1209310 1717.9
1209320 1729.7
1209330 1737.9
1209340 1737.9
1209350 1745.1
1209360 1753.6
1209370 1753.6
1209380 1763.8
1209390 1774.7
1209400 1774.7
1209410 1783.6
1209420 1792.0
1209430 1792.0
1209440 1800.4
1209450 1808.1
1209460 1808.1
1209470 1814.6
1209480 1820.5
1209490 1820.5
1209500 1826.2
1209510 1832.1
1209520 1838.4
1209530 1838.4
1209540 1844.6
1209550 1850.6
1209560 1850.6
1209570 1857.1
1209580 1863.7
1209590 1863.7
1209600 1870.4
1209610 1877.9
1209620 1877.9
1209630 1886.4
1209640 1894.0
1209650 1894.0
1209660 1900.9
1209670 1906.5
1209680 1906.5
1209690 1911.4
1209700 1915.7
1209710 1915.7
1209720 1919.1
1209730 1922.0
1209740 1922.0
1209750 1924.1
1209760 1926.0
1209770 1928.5
1209780 1930.2
1209790 1930.7
1209800 1930.7
1209810 1930.7
1209820 1931.3
1209830 1931.9
1209840 1931.9
1209850 1932.2
1209860 1932.4
1209870 1932.4
1209880 1932.7
1209890 1933.1
1209900 1933.1
1209910 1933.4
1209920 1933.3
1209930 1933.3
1209940 1933.6
1209950 1934.2
1209960 1934.2
1209970 1934.9
1209980 1935.3
1209990 1935.3
1210000 1935.5
1210010 1935.5
1210020 1935.5
1210030 1935.7
1210040 1936.1
1210050 1937.6
1210060 1937.6
1210070 1939.0
1210080 1939.7
1210090 1939.7
1210100 1940.7
1210110 1941.5
1210120 1941.5
1210130 1942.1
1210140 1942.2
1210150 1942.2
1210160 1942.0
1210170 1941.9
1210180 1941.9
1210190 1941.8
1210200 1941.9
1210210 1941.9
1210220 1941.9
1210230 1942.6
1210240 1942.6
1210250 1942.6
1210260 1942.6
1210270 1942.6
1210280 1942.4
1210290 1942.3
1210300 1942.3
1210310 1942.0
1210320 1941.7
1210330 1941.3
1210340 1941.3
1210350 1940.8
1210360 1940.2
1210370 1940.2
1210380 1939.1
1210390 1937.5
1210400 1937.5
1210410 1935.3
1210420 1933.8
1210430 1933.8
1210440 1932.4
1210450 1931.5
1210460 1931.5
1210470 1931.2
1210480 1931.0
1210490 1931.0
1210500 1931.4
1210510 1931.8
1210520 1931.8
1210530 1931.9
1210540 1932.0
1210550 1932.0
1210560 1931.8
1210570 1931.1
1210580 1931.1
1210590 1930.1
1210600 1928.7
1210610 1926.8
1210620 1926.8
1210630 1924.5
1210640 1922.9
1210650 1922.9
1210660 1921.8
1210670 1920.7
1210680 1920.7
1210690 1919.6
1210700 1916.1
1210710 1916.1
1210720 1916.0
1210730 1916.3
1210740 1916.3
1210750 1916.7
1210760 1917.0
1210770 1917.0
1210780 1916.0
1210790 1914.9
1210800 1914.9
1210810 1913.2
1210820 1911.6
1210830 1911.6
1210840 1910.7
1210850 1910.7
1210860 1910.2
1210870 1910.2
1210880 1909.1
1210890 1907.7
1210900 1907.7
1210910 1906.8
1210920 1906.1
1210930 1906.1
1210940 1904.5
1210950 1903.1
1210960 1903.1
1210970 1902.3
1210980 1901.5
1210990 1901.5
1211000 1899.7
1211010 1897.4
1211020 1897.4
1211030 1895.3
1211040 1892.8
1211050 1892.8
1211060 1890.3
1211070 1888.0
1211080 1888.0
1211090 1885.9
1211100 1883.4
1211110 1883.4
1211120 1881.1
1211130 1879.6
1211140 1878.8
1211150 1878.8
1211160 1874.4
1211170 1873.8
1211180 1873.8
1211190 1872.4
1211200 1870.0
1211210 1870.0
1211220 1867.5
1211230 1864.7
1211240 1864.7
1211250 1861.5
1211260 1858.4
1211270 1858.4
1211280 1856.0
1211290 1854.0
1211300 1854.0
1211310 1852.4
1211320 1850.7
1211330 1850.7
1211340 1848.7
1211350 1846.3
1211360 1846.3
1211370 1843.6
1211380 1841.0
1211390 1841.0
1211400 1838.1
1211410 1834.2
1211420 1829.4
1211430 1829.4
1211440 1823.6
1211450 1819.1
1211460 1819.1
1211470 1816.1
1211480 1813.3
1211490 1813.3
1211500 1811.3
1211510 1809.9
1211520 1809.9
1211530 1808.8
1211540 1807.6
1211550 1807.6
1211560 1805.6
1211570 1803.4
1211580 1803.4
1211590 1801.0
1211600 1798.3
1211610 1798.3
1211620 1795.1
1211630 1788.5
1211640 1788.5
1211650 1783.7
1211660 1780.3
1211670 1777.0
1211680 1777.0
1211690 1773.5
1211700 1770.1
1211710 1770.1
1211720 1766.9
1211730 1764.2
1211740 1764.2
1211750 1762.0
1211760 1761.1
1211770 1761.1
1211780 1760.9
1211790 1760.2
1211800 1760.2
1211810 1758.9
1211820 1755.2
1211830 1755.2
1211840 1749.7
1211850 1743.0
1211860 1743.0
1211870 1735.5
1211880 1729.4
1211890 1729.4
1211900 1724.9
1211910 1722.0
1211920 1722.0
1211930 1721.9
1211940 1721.8
1211950 1720.1
1211960 1720.1
1211970 1714.3
1211980 1707.0
1211990 1707.0
1212000 1700.5
1212010 1695.0
1212020 1695.0
1212030 1690.5
1212040 1686.1
1212050 1686.1
1212060 1680.7
1212070 1675.6
1212080 1675.6
1212090 1667.9
1212100 1662.2
1212110 1662.2
1212120 1656.5
1212130 1650.5
1212140 1650.5
1212150 1644.8
1212160 1640.3
1212170 1640.3
1212180 1635.1
1212190 1630.3
1212200 1630.3
1212210 1625.7
1212220 1620.9
1212230 1615.2
1212240 1615.2
1212250 1610.2
1212260 1603.6
1212270 1603.6
1212280 1596.8
1212290 1590.1
1212300 1590.1
1212310 1583.9
1212320 1578.1
1212330 1578.1
1212340 1572.5
1212350 1566.5
1212360 1566.5
1212370 1559.5
1212380 1553.7
1212390 1553.7
1212400 1548.5
1212410 1544.3
1212420 1544.3
1212430 1540.6
1212440 1537.0
1212450 1537.0
1212460 1533.6
1212470 1531.3
1212480 1527.7
1212490 1527.7
1212500 1519.7
1212510 1511.3
1212520 1511.3
1212530 1505.2
1212540 1499.8
1212550 1499.8
1212560 1491.1
1212570 1485.9
1212580 1485.9
1212590 1479.4
1212600 1473.1
1212610 1473.1
1212620 1467.1
1212630 1460.6
1212640 1460.6
1212650 1454.3
1212660 1448.0
1212670 1448.0
1212680 1441.8
1212690 1435.8
1212700 1435.8
1212710 1430.3
1212720 1425.2
1212730 1425.2
1212740 1420.0
1212750 1415.3
1212760 1411.0
1212770 1411.0
1212780 1406.6
1212790 1401.5
1212800 1401.5
1212810 1396.9
1212820 1392.5
1212830 1392.5
1212840 1387.9
1212850 1383.4
1212860 1383.4
1212870 1379.5
1212880 1375.9
1212890 1375.9
1212900 1371.6
1212910 1367.1
1212920 1367.1
1212930 1363.4
1212940 1359.6
1212950 1359.6
1212960 1356.7
1212970 1354.2
1212980 1354.2
1212990 1351.9
1213000 1349.7
1213010 1349.7
1213020 1347.3
1213030 1343.7
1213040 1339.4
1213050 1339.4
1213060 1334.8
1213070 1330.5
1213080 1330.5
1213090 1326.2
1213100 1321.8
1213110 1321.8
1213120 1317.3
1213130 1312.5
1213140 1312.5
1213150 1307.8
1213160 1304.0
1213170 1304.0
1213180 1300.1
1213190 1295.8
1213200 1295.8
1213210 1293.1
1213220 1292.1
1213230 1292.1
1213240 1292.5
1213250 1294.3
1213260 1294.3
1213270 1297.2
1213280 1299.4
1213290 1299.4
1213300 1299.4
1213310 1298.1
1213320 1296.0
1213330 1296.0
1213340 1292.6
1213350 1288.1
1213360 1288.1
1213370 1283.2
1213380 1277.5
1213390 1277.5
1213400 1272.5
1213410 1268.2
1213420 1268.2
1213430 1266.6
1213440 1264.6
1213450 1264.6
1213460 1260.5
1213470 1256.0
1213480 1256.0
1213490 1251.3
1213500 1242.9
1213510 1242.9
1213520 1240.6
1213530 1246.4
1213540 1246.4
1213550 1248.0
1213560 1249.1
1213570 1251.0
1213580 1251.0
1213590 1252.7
1213600 1254.6
1213610 1254.6
1213620 1254.8
1213630 1255.0
1213640 1255.0
1213650 1256.0
1213660 1257.1
1213670 1257.1
1213680 1259.7
1213690 1263.0
1213700 1263.0
1213710 1265.2
1213720 1265.3
1213730 1265.3
1213740 1264.5
1213750 1263.7
1213760 1263.7
1213770 1262.7
1213780 1261.0
1213790 1261.0
1213800 1258.3
1213810 1256.4
1213820 1256.4
1213830 1257.3
1213840 1259.0
1213850 1260.4
1213860 1260.4
1213870 1261.8
1213880 1263.5
1213890 1263.5
1213900 1265.3
1213910 1266.9
1213920 1266.9
1213930 1268.3
1213940 1269.2
1213950 1269.2
1213960 1270.0
1213970 1274.7
1213980 1274.7
1213990 1276.9
1214000 1279.0
1214010 1279.0
1214020 1281.4
1214030 1283.7
1214040 1283.7
1214050 1286.0
1214060 1288.7
1214070 1288.7
1214080 1291.6
1214090 1293.9
1214100 1295.7
1214110 1295.7
1214120 1296.6
1214130 1296.8
1214140 1296.8
1214150 1296.5
1214160 1296.3
1214170 1296.3
1214180 1296.8
1214190 1297.6
1214200 1297.6
1214210 1298.9
1214220 1300.0
1214230 1300.0
1214240 1300.6
1214250 1301.0
1214260 1301.0
1214270 1302.0
1214280 1303.1
1214290 1303.1
1214300 1302.9
1214310 1302.5
1214320 1302.5
1214330 1302.9
1214340 1302.5
1214350 1302.5
1214360 1302.1
1214370 1303.6
1214380 1305.1
1214390 1305.1
1214400 1306.1
1214410 1307.0
1214420 1307.0
1214430 1307.9
1214440 1312.9
1214450 1312.9
1214460 1314.6
1214470 1315.7
1214480 1315.7
1214490 1315.7
1214500 1315.3
1214510 1315.3
1214520 1314.9
1214530 1313.9
1214540 1313.9
1214550 1312.5
1214560 1311.8
1214570 1311.8
1214580 1311.0
1214590 1309.5
1214600 1309.5
1214610 1307.5
1214620 1306.1
1214630 1306.1
1214640 1305.8
1214650 1305.9
1214660 1307.7
1214670 1307.7
1214680 1311.3
1214690 1313.6
1214700 1313.6
1214710 1315.9
1214720 1317.4
1214730 1317.4
1214740 1317.2
1214750 1317.3
1214760 1317.3
1214770 1318.4
1214780 1318.4
1214790 1318.4
1214800 1317.9
1214810 1318.6
1214820 1318.6
1214830 1320.8
1214840 1323.1
1214850 1323.1
1214860 1325.6
1214870 1328.0
1214880 1328.0
1214890 1330.3
1214900 1332.3
1214910 1338.9
1214920 1338.9
1214930 1339.2
1214940 1341.3
1214950 1341.3
1214960 1345.0
1214970 1348.0
1214980 1348.0
1214990 1349.8
1215000 1350.5
1215010 1350.5
1215020 1350.5
1215030 1349.5
1215040 1349.5
1215050 1349.4
1215060 1351.7
1215070 1351.7
1215080 1353.6
1215090 1354.7
1215100 1354.7
1215110 1354.8
1215120 1355.0
1215130 1355.0
1215140 1355.7
1215150 1356.1
1215160 1356.1
1215170 1356.6
1215180 1356.7
1215190 1354.8
1215200 1354.8
1215210 1352.2
1215220 1349.9
1215230 1349.9
1215240 1346.6
1215250 1347.5
1215260 1347.5
1215270 1347.9
1215280 1347.2
1215290 1347.2
1215300 1347.8
1215310 1348.1
1215320 1348.1
1215330 1348.6
1215340 1349.0
1215350 1349.0
1215360 1349.2
1215370 1349.3
1215380 1354.0
1215390 1355.2
1215400 1357.2
1215410 1357.2
1215420 1359.0
1215430 1360.3
1215440 1360.3
1215450 1361.0
1215460 1361.5
1215470 1364.2
1215480 1364.2
1215490 1365.9
1215500 1367.5
1215510 1367.5
1215520 1370.4
1215530 1372.4
1215540 1372.4
1215550 1373.8
1215560 1375.0
1215570 1375.0
1215580 1375.6
1215590 1375.4
1215600 1375.4
1215610 1374.5
1215620 1374.1
1215630 1374.1
1215640 1374.6
1215650 1375.5
1215660 1375.5
1215670 1376.2
1215680 1376.1
1215690 1376.1
1215700 1374.7
1215710 1374.0
1215720 1373.4
1215730 1373.4
1215740 1371.5
1215750 1369.5
1215760 1369.5
1215770 1367.6
1215780 1364.6
1215790 1364.6
1215800 1361.3
1215810 1358.6
1215820 1358.6
1215830 1355.2
1215840 1353.2
1215850 1360.2
1215860 1357.3
1215870 1349.9
1215880 1349.9
1215890 1343.3
1215900 1338.1
1215910 1338.1
1215920 1333.8
1215930 1330.7
1215940 1330.7
1215950 1329.6
1215960 1328.1
1215970 1328.1
1215980 1326.3
1215990 1323.7
1216000 1320.1
1216010 1320.1
1216020 1318.1
1216030 1316.0
1216040 1316.0
1216050 1314.6
1216060 1313.3
1216070 1313.3
1216080 1311.8
1216090 1310.5
1216100 1310.5
1216110 1309.6
1216120 1309.5
1216130 1309.5
1216140 1309.0
1216150 1306.8
1216160 1306.8
1216170 1304.1
1216180 1301.8
1216190 1301.8
1216200 1297.9
1216210 1295.4
1216220 1295.4
1216230 1294.6
1216240 1293.4
1216250 1293.4
1216260 1290.4
1216270 1287.5
1216280 1284.0
1216290 1284.0
1216300 1281.4
1216310 1280.6
1216320 1280.6
1216330 1289.1
1216340 1287.9
1216350 1287.9
1216360 1286.0
1216370 1283.7
1216380 1283.7
1216390 1280.1
1216400 1276.0
1216410 1276.0
1216420 1272.4
1216430 1268.2
1216440 1268.2
1216450 1264.4
1216460 1262.4
1216470 1262.4
1216480 1259.0
1216490 1254.2
1216500 1254.2
1216510 1252.1
1216520 1250.6
1216530 1248.7
1216540 1248.7
1216550 1245.3
1216560 1242.3
1216570 1242.3
1216580 1238.4
1216590 1233.3
1216600 1233.3
1216610 1226.9
1216620 1220.6
1216630 1220.6
1216640 1215.0
1216650 1210.5
1216660 1210.5
1216670 1206.2
1216680 1202.3
1216690 1202.3
1216700 1199.5
1216710 1197.5
1216720 1197.5
1216730 1196.3
1216740 1194.1
1216750 1194.1
1216760 1190.7
1216770 1186.3
1216780 1186.3
1216790 1182.7
1216800 1186.9
1216810 1182.5
1216820 1182.5
1216830 1178.2
1216840 1173.8
1216850 1173.8
1216860 1169.6
1216870 1165.1
1216880 1165.1
1216890 1160.4
1216900 1155.9
1216910 1155.9
1216920 1151.1
1216930 1146.1
1216940 1146.1
1216950 1140.9
1216960 1136.3
1216970 1136.3
1216980 1131.3
1216990 1125.9
1217000 1125.9
1217010 1121.0
1217020 1116.6
1217030 1116.6
1217040 1111.9
1217050 1107.7
1217060 1107.7
1217070 1103.9
1217080 1099.4
1217090 1095.0
1217100 1095.0
1217110 1091.4
1217120 1087.7
1217130 1087.7
1217140 1084.3
1217150 1081.8
1217160 1081.8
1217170 1079.7
1217180 1077.8
1217190 1077.8
1217200 1077.4
1217210 1074.5
1217220 1074.5
1217230 1073.2
1217240 1071.1
1217250 1071.1
1217260 1067.5
1217270 1065.0
1217280 1070.5
1217290 1068.5
1217300 1066.2
1217310 1066.2
1217320 1063.3
1217330 1060.5
1217340 1057.7
1217350 1057.7
1217360 1054.5
1217370 1050.7
1217380 1050.7
1217390 1046.6
1217400 1044.0
1217410 1044.0
1217420 1042.1
1217430 1037.3
1217440 1037.3
1217450 1031.8
1217460 1026.2
1217470 1026.2
1217480 1020.7
1217490 1015.0
1217500 1015.0
1217510 1008.7
1217520 1002.5
1217530 1002.5
1217540 996.1
1217550 989.5
1217560 989.5
1217570 983.3
1217580 976.9
1217590 976.9
1217600 969.9
1217610 964.0
1217620 962.3
1217630 962.3
1217640 963.3
1217650 960.6
1217660 960.6
1217670 956.5
1217680 951.6
1217690 951.6
1217700 946.2
1217710 940.5
1217720 940.5
1217730 936.2
1217740 932.5
1217750 932.5
1217760 928.1
1217770 926.2
1217780 926.2
1217790 923.4
1217800 920.2
1217810 920.2
1217820 915.8
1217830 910.9
1217840 910.9
1217850 905.8
1217860 901.6
1217870 901.6
1217880 897.6
1217890 893.9
1217900 891.2
1217910 891.2
1217920 888.1
1217930 883.0
1217940 883.0
1217950 878.0
1217960 875.0
1217970 875.0
1217980 873.7
1217990 874.3
1218000 874.3
1218010 874.4
1218020 874.7
1218030 874.7
1218040 876.3
1218050 876.2
1218060 876.2
1218070 878.3
1218080 882.1
1218090 882.1
1218100 886.4
1218110 891.3
1218120 891.3
1218130 895.1
1218140 893.4
1218150 889.8
1218160 889.8
1218170 886.3
1218180 884.7
1218190 884.7
1218200 884.2
1218210 883.3
1218220 883.3
1218230 880.3
1218240 878.6
1218250 878.6
1218260 876.3
1218270 874.7
1218280 874.7
1218290 872.5
1218300 869.3
1218310 869.3
1218320 867.0
1218330 866.0
1218340 866.0
1218350 864.2
1218360 862.4
1218370 862.4
1218380 861.0
1218390 859.0
1218400 859.0
1218410 857.3
1218420 855.6
1218430 854.1
1218440 854.1
1218450 851.7
1218460 850.1
1218470 850.1
1218480 848.6
1218490 847.0
1218500 847.0
1218510 846.1
1218520 845.0
1218530 845.0
1218540 844.0
1218550 843.6
1218560 843.6
1218570 842.2
1218580 838.9
1218590 838.9
1218600 836.2
1218610 833.4
1218620 833.4
1218630 830.1
1218640 824.3
1218650 824.3
1218660 819.1
1218670 815.1
1218680 815.1
1218690 811.9
1218700 809.1
1218710 804.5
1218720 804.5
1218730 803.2
1218740 802.3
1218750 802.3
1218760 800.7
1218770 799.3
1218780 799.3
1218790 798.4
1218800 797.5
1218810 797.5
1218820 796.5
1218830 795.7
1218840 795.7
1218850 794.9
1218860 794.1
1218870 794.1
1218880 793.8
1218890 793.8
1218900 793.8
1218910 793.2
1218920 791.4
1218930 791.4
1218940 789.9
1218950 788.6
1218960 787.0
1218970 787.0
1218980 785.5
1218990 783.9
1219000 783.9
1219010 782.2
1219020 782.2
1219030 782.2
1219040 784.3
1219050 784.7
1219060 784.7
1219070 783.6
1219080 781.5
1219090 781.5
1219100 779.5
1219110 776.2
1219120 776.2
1219130 772.5
1219140 770.7
1219150 770.7
1219160 770.0
1219170 769.6
1219180 769.6
1219190 767.4
1219200 764.4
1219210 764.4
1219220 761.0
1219230 757.9
1219240 756.7
1219250 756.7
1219260 755.0
1219270 750.5
1219280 750.5
1219290 744.5
1219300 737.0
1219310 737.0
1219320 729.0
1219330 721.6
1219340 721.6
1219350 714.4
1219360 705.8
1219370 705.8
1219380 697.4
1219390 691.2
1219400 691.2
1219410 686.1
1219420 680.3
1219430 680.3
1219440 673.6
1219450 669.5
1219460 669.5
1219470 667.8
1219480 667.5
1219490 667.5
1219500 667.1
1219510 666.6
1219520 667.9
1219530 667.9
1219540 669.5
1219550 670.1
1219560 670.1
1219570 676.2
1219580 684.5
1219590 684.5
1219600 687.0
1219610 687.5
1219620 687.5
1219630 688.0
1219640 688.5
1219650 688.5
1219660 689.7
1219670 690.3
1219680 690.3
1219690 690.9
1219700 690.8
1219710 690.8
1219720 691.2
1219730 691.2
1219740 691.2
1219750 691.3
1219760 691.3
1219770 692.0
1219780 692.0
1219790 691.9
1219800 691.9
1219810 691.9
1219820 691.9
1219830 692.1
1219840 692.1
1219850 692.5
1219860 691.2
1219870 691.2
1219880 691.9
1219890 694.0
1219900 694.0
1219910 695.5
1219920 697.9
1219930 697.9
1219940 702.2
1219950 707.5
1219960 707.5
1219970 713.4
1219980 719.2
1219990 719.2
