1200000 1493.9
1200010 1493.9
1200020 1495.0
1200030 1496.2
1200040 1496.2
1200050 1497.7
1200060 1499.2
1200070 1499.2
1200080 1500.4
1200090 1501.0
1200100 1501.0
1200110 1500.9
1200120 1500.8
1200130 1499.2
1200140 1499.2
1200150 1500.6
1200160 1500.0
1200170 1500.0
1200180 1496.4
1200190 1494.6
1200200 1494.6
1200210 1495.4
1200220 1496.4
1200230 1496.4
1200240 1496.2
1200250 1494.5
1200260 1494.5
1200270 1493.9
1200280 1494.4
1200290 1494.4
1200300 1495.3
1200310 1497.0
1200320 1497.0
1200330 1502.6
1200340 1506.1
1200350 1506.1
1200360 1503.4
1200370 1500.1
1200380 1500.1
1200390 1499.2
1200400 1498.4
1200410 1497.9
1200420 1497.9
1200430 1496.5
1200440 1494.3
1200450 1494.3
1200460 1491.9
1200470 1492.9
1200480 1492.9
1200490 1494.6
1200500 1492.1
1200510 1492.1
1200520 1488.6
1200530 1486.7
1200540 1486.7
1200550 1487.0
1200560 1487.9
1200570 1484.9
1200580 1484.1
1200590 1480.6
1200600 1480.6
1200610 1476.9
1200620 1474.4
1200630 1474.4
1200640 1471.9
1200650 1468.3
1200660 1468.3
1200670 1469.5
1200680 1474.1
1200690 1475.7
1200700 1475.7
1200710 1476.7
1200720 1476.5
1200730 1476.5
1200740 1476.8
1200750 1476.8
1200760 1476.8
1200770 1474.4
1200780 1472.0
1200790 1472.0
1200800 1470.1
1200810 1470.3
1200820 1470.3
1200830 1470.6
1200840 1470.4
1200850 1470.4
1200860 1469.5
1200870 1468.7
1200880 1468.7
1200890 1468.7
1200900 1468.9
1200910 1468.9
1200920 1469.2
1200930 1468.3
1200940 1467.0
1200950 1467.0
1200960 1466.6
1200970 1465.3
1200980 1465.3
1200990 1463.4
1201000 1463.8
1201010 1463.8
1201020 1456.2
1201030 1455.1
1201040 1455.1
1201050 1454.3
1201060 1452.4
1201070 1452.4
1201080 1453.1
1201090 1453.8
1201100 1453.8
1201110 1452.6
1201120 1452.4
1201130 1452.4
1201140 1453.0
1201150 1452.9
1201160 1452.9
1201170 1453.3
1201180 1453.4
1201190 1453.4
1201200 1453.2
1201210 1452.0
1201220 1452.1
1201230 1452.1
1201240 1451.6
1201250 1452.3
1201260 1452.3
1201270 1453.6
1201280 1454.6
1201290 1454.6
1201300 1455.0
1201310 1454.9
1201320 1454.9
1201330 1454.5
1201340 1454.0
1201350 1454.0
1201360 1453.4
1201370 1451.9
1201380 1451.9
1201390 1450.6
1201400 1450.3
1201410 1450.3
1201420 1450.5
1201430 1449.8
1201440 1449.8
1201450 1449.5
1201460 1449.8
1201470 1442.5
1201480 1441.2
1201490 1439.6
1201500 1439.7
1201510 1439.7
1201520 1441.5
1201530 1442.2
1201540 1442.2
1201550 1441.8
1201560 1441.0
1201570 1441.0
1201580 1439.0
1201590 1436.0
1201600 1436.0
1201610 1433.7
1201620 1432.5
1201630 1432.5
1201640 1430.7
1201650 1429.8
1201660 1429.8
1201670 1429.0
1201680 1427.5
1201690 1427.5
1201700 1425.6
1201710 1423.7
1201720 1423.7
1201730 1422.5
1201740 1421.2
1201750 1421.2
1201760 1419.1
1201770 1418.2
1201780 1417.9
1201790 1417.9
1201800 1416.3
1201810 1414.5
1201820 1414.5
1201830 1413.6
1201840 1412.9
1201850 1412.9
1201860 1411.9
1201870 1410.6
1201880 1410.6
1201890 1410.0
1201900 1407.9
1201910 1407.9
1201920 1400.3
1201930 1399.4
1201940 1399.4
1201950 1398.8
1201960 1398.3
1201970 1398.3
1201980 1397.5
1201990 1397.0
1202000 1397.0
1202010 1395.5
1202020 1394.8
1202030 1396.0
1202040 1396.0
1202050 1396.1
1202060 1396.6
1202070 1396.6
1202080 1397.7
1202090 1399.2
1202100 1399.2
1202110 1401.6
1202120 1404.4
1202130 1404.4
1202140 1406.1
1202150 1405.7
1202160 1405.7
1202170 1405.2
1202180 1405.1
1202190 1405.1
1202200 1404.2
1202210 1402.6
1202220 1402.6
1202230 1400.6
1202240 1397.5
1202250 1397.5
1202260 1393.7
1202270 1391.3
1202280 1391.3
1202290 1389.5
1202300 1388.5
1202310 1387.9
1202320 1387.9
1202330 1386.6
1202340 1386.5
1202350 1386.5
1202360 1387.5
1202370 1390.0
1202380 1390.0
1202390 1391.4
1202400 1392.3
1202410 1392.3
1202420 1392.9
1202430 1392.7
1202440 1392.7
1202450 1392.3
1202460 1391.6
1202470 1391.6
1202480 1390.7
1202490 1389.6
1202500 1389.6
1202510 1389.7
1202520 1390.4
1202530 1390.4
1202540 1390.1
1202550 1388.0
1202560 1388.0
1202570 1383.9
1202580 1379.8
1202590 1375.0
1202600 1375.0
1202610 1369.6
1202620 1363.8
1202630 1363.8
1202640 1359.1
1202650 1356.6
1202660 1356.6
1202670 1354.2
1202680 1351.8
1202690 1351.8
1202700 1350.5
1202710 1349.8
1202720 1349.8
1202730 1349.0
1202740 1348.7
1202750 1348.7
1202760 1349.4
1202770 1351.5
1202780 1351.5
1202790 1351.9
1202800 1350.9
1202810 1350.9
1202820 1350.8
1202830 1349.4
1202840 1349.4
1202850 1349.2
1202860 1350.5
1202870 1353.1
1202880 1353.1
1202890 1354.6
1202900 1355.8
1202910 1355.8
1202920 1357.2
1202930 1358.3
1202940 1358.3
1202950 1360.5
1202960 1362.2
1202970 1362.2
1202980 1362.7
1202990 1362.2
1203000 1362.2
1203010 1361.3
1203020 1360.7
1203030 1360.7
1203040 1360.7
1203050 1361.1
1203060 1361.1
1203070 1361.7
1203080 1362.1
1203090 1362.1
1203100 1361.9
1203110 1361.4
1203120 1360.3
1203130 1360.3
1203140 1359.6
1203150 1358.9
1203160 1358.9
1203170 1356.6
1203180 1355.4
1203190 1355.4
1203200 1355.4
1203210 1354.8
1203220 1354.8
1203230 1351.2
1203240 1347.4
1203250 1347.4
1203260 1343.1
1203270 1340.3
1203280 1338.6
1203290 1338.9
1203300 1341.1
1203310 1341.1
1203320 1345.2
1203330 1348.6
1203340 1348.6
1203350 1349.4
1203360 1348.5
1203370 1348.5
1203380 1346.8
1203390 1344.6
1203400 1342.8
1203410 1342.8
1203420 1340.7
1203430 1337.2
1203440 1337.2
1203450 1333.5
1203460 1330.2
1203470 1330.2
1203480 1328.7
1203490 1327.7
1203500 1327.7
1203510 1326.7
1203520 1326.1
1203530 1326.1
1203540 1326.0
1203550 1325.7
1203560 1325.7
1203570 1324.0
1203580 1321.9
1203590 1321.9
1203600 1319.7
1203610 1317.1
1203620 1317.1
1203630 1314.8
1203640 1311.2
1203650 1311.2
1203660 1311.3
1203670 1312.0
1203680 1312.6
1203690 1312.6
1203700 1312.5
1203710 1311.8
1203720 1311.8
1203730 1307.3
1203740 1303.9
1203750 1303.9
1203760 1301.4
1203770 1298.2
1203780 1298.2
1203790 1294.1
1203800 1292.5
1203810 1292.5
1203820 1291.4
1203830 1288.3
1203840 1288.3
1203850 1286.7
1203860 1286.2
1203870 1286.2
1203880 1283.7
1203890 1279.0
1203900 1279.0
1203910 1273.7
1203920 1272.0
1203930 1272.0
1203940 1269.5
1203950 1265.6
1203960 1262.5
1203970 1262.5
1203980 1259.5
1203990 1253.0
1204000 1253.0
1204010 1247.1
1204020 1244.4
1204030 1244.4
1204040 1243.7
1204050 1243.1
1204060 1243.1
1204070 1241.0
1204080 1238.2
1204090 1238.2
1204100 1234.9
1204110 1231.4
1204120 1231.4
1204130 1224.3
1204140 1215.5
1204150 1215.5
1204160 1208.5
1204170 1202.4
1204180 1202.4
1204190 1195.5
1204200 1190.5
1204210 1186.6
1204220 1186.6
1204230 1182.7
1204240 1178.2
1204250 1178.2
1204260 1172.5
1204270 1166.0
1204280 1166.0
1204290 1155.2
1204300 1147.7
1204310 1147.7
1204320 1152.0
1204330 1145.8
1204340 1145.8
1204350 1132.1
1204360 1119.8
1204370 1119.8
1204380 1111.8
1204390 1104.6
1204400 1104.6
1204410 1098.0
1204420 1091.8
1204430 1091.8
1204440 1086.0
1204450 1079.7
1204460 1079.7
1204470 1074.1
1204480 1072.0
1204490 1066.4
1204500 1066.4
1204510 1060.0
1204520 1054.5
1204530 1054.5
1204540 1049.6
1204550 1044.7
1204560 1044.7
1204570 1038.4
1204580 1032.0
1204590 1032.0
1204600 1024.6
1204610 1016.0
1204620 1016.0
1204630 1013.3
1204640 998.8
1204650 998.8
1204660 993.7
1204670 988.3
1204680 988.3
1204690 983.3
1204700 979.2
1204710 979.2
1204720 974.5
1204730 969.6
1204740 969.6
1204750 964.9
1204760 960.1
1204770 955.0
1204780 955.0
1204790 949.7
1204800 945.9
1204810 945.9
1204820 941.0
1204830 935.9
1204840 935.9
1204850 931.7
1204860 928.3
1204870 928.3
1204880 924.8
1204890 921.2
1204900 921.2
1204910 918.2
1204920 915.2
1204930 915.2
1204940 911.5
1204950 907.8
1204960 907.8
1204970 903.9
1204980 899.3
1204990 899.3
1205000 894.1
1205010 889.6
1205020 889.6
1205030 886.8
1205040 882.6
1205050 875.4
1205060 875.4
1205070 866.8
1205080 860.2
1205090 860.2
1205100 847.9
1205110 841.4
1205120 841.4
1205130 835.7
1205140 830.5
1205150 830.5
1205160 825.7
1205170 821.7
1205180 821.7
1205190 818.1
1205200 815.9
1205210 815.9
1205220 815.3
1205230 814.2
1205240 814.2
1205250 812.7
1205260 812.4
1205270 812.4
1205280 811.6
1205290 811.1
1205300 810.8
1205310 810.8
1205320 810.7
1205330 809.5
1205340 809.5
1205350 808.5
1205360 808.8
1205370 808.8
1205380 809.0
1205390 809.0
1205400 809.0
1205410 808.4
1205420 808.0
1205430 808.0
1205440 807.7
1205450 807.5
1205460 807.5
1205470 807.3
1205480 807.8
1205490 807.8
1205500 807.9
1205510 806.9
1205520 806.9
1205530 805.6
1205540 804.8
1205550 804.4
1205560 804.0
1205570 803.8
1205580 803.4
1205590 803.4
1205600 803.2
1205610 803.1
1205620 803.1
1205630 803.0
1205640 803.0
1205650 803.0
1205660 803.1
1205670 803.1
1205680 803.1
1205690 803.0
1205700 802.8
1205710 802.8
1205720 802.2
1205730 802.4
1205740 802.4
1205750 802.8
1205760 802.8
1205770 802.8
1205780 802.9
1205790 803.0
1205800 803.0
1205810 802.9
1205820 802.7
1205830 802.7
1205840 802.8
1205850 802.8
1205860 802.9
1205870 802.9
1205880 802.9
1205890 803.2
1205900 803.2
1205910 803.6
1205920 803.7
1205930 803.7
1205940 804.6
1205950 806.1
1205960 806.1
1205970 804.1
1205980 803.2
1205990 803.2
1206000 803.3
1206010 803.4
1206020 803.4
1206030 803.6
1206040 803.6
1206050 803.6
1206060 802.8
1206070 803.0
1206080 803.0
1206090 803.2
1206100 803.5
1206110 803.5
1206120 803.5
1206130 803.5
1206140 803.6
1206150 803.6
1206160 804.5
1206170 804.9
1206180 804.9
1206190 804.2
1206200 803.8
1206210 803.8
1206220 803.6
1206230 803.6
1206240 803.6
1206250 803.5
1206260 803.6
1206270 803.6
1206280 803.6
1206290 803.4
1206300 803.4
1206310 803.3
1206320 803.1
1206330 803.1
1206340 803.1
1206350 803.2
1206360 803.2
1206370 803.1
1206380 803.0
1206390 803.0
1206400 803.0
1206410 803.1
1206420 803.2
1206430 803.2
1206440 803.3
1206450 803.5
1206460 803.5
1206470 803.4
1206480 803.5
1206490 803.5
1206500 803.6
1206510 803.6
1206520 803.6
1206530 803.6
1206540 803.9
1206550 803.9
1206560 803.9
1206570 804.0
1206580 804.0
1206590 804.1
1206600 804.3
1206610 804.3
1206620 804.5
1206630 804.6
1206640 804.6
1206650 804.8
1206660 805.2
1206670 805.5
1206680 805.5
1206690 805.8
1206700 806.1
1206710 806.1
1206720 806.6
1206730 807.3
1206740 807.3
1206750 808.0
1206760 808.7
1206770 808.7
1206780 809.9
1206790 811.3
1206800 811.3
1206810 814.7
1206820 814.9
1206830 814.9
1206840 813.6
1206850 813.2
1206860 813.2
1206870 814.5
1206880 815.8
1206890 815.8
1206900 817.1
1206910 817.8
1206920 817.8
1206930 817.1
1206940 817.6
1206950 818.3
1206960 818.3
1206970 818.8
1206980 819.4
1206990 819.4
1207000 820.3
1207010 821.3
1207020 821.3
1207030 822.2
1207040 822.8
1207050 822.8
1207060 822.0
1207070 822.4
1207080 822.4
1207090 827.4
1207100 833.2
1207110 833.2
1207120 838.7
1207130 842.0
1207140 842.0
1207150 843.4
1207160 843.2
1207170 843.2
1207180 842.7
1207190 842.9
1207200 842.9
1207210 846.1
1207220 847.2
1207230 851.7
1207240 851.7
1207250 854.2
1207260 856.9
1207270 856.9
1207280 859.1
1207290 860.9
1207300 860.9
1207310 862.8
1207320 864.5
1207330 864.5
1207340 866.2
1207350 868.5
1207360 868.5
1207370 870.3
1207380 870.6
1207390 872.2
1207400 873.3
1207410 873.9
1207420 873.9
1207430 874.8
1207440 875.4
1207450 875.4
1207460 877.0
1207470 881.2
1207480 882.8
1207490 882.8
1207500 882.8
1207510 883.5
1207520 883.5
1207530 884.9
1207540 886.6
1207550 886.6
1207560 887.8
1207570 888.9
1207580 888.9
1207590 891.1
1207600 893.6
1207610 893.6
1207620 897.4
1207630 901.4
1207640 901.4
1207650 905.3
1207660 906.1
1207670 906.1
1207680 904.9
1207690 906.4
1207700 906.4
1207710 908.3
1207720 910.3
1207730 910.3
1207740 911.5
1207750 916.1
1207760 922.6
1207770 922.6
1207780 929.4
1207790 936.3
1207800 936.3
1207810 943.3
1207820 950.5
1207830 950.5
1207840 958.0
1207850 971.6
1207860 971.6
1207870 978.9
1207880 985.4
1207890 985.4
1207900 991.2
1207910 998.4
1207920 998.4
1207930 1003.5
1207940 1008.0
1207950 1008.0
1207960 1014.6
1207970 1022.5
1207980 1022.5
1207990 1028.2
1208000 1033.1
1208010 1033.1
1208020 1038.4
1208030 1043.4
1208040 1048.3
1208050 1048.3
1208060 1052.9
1208070 1058.4
1208080 1058.4
1208090 1063.4
1208100 1068.2
1208110 1068.2
1208120 1074.0
1208130 1080.3
1208140 1080.3
1208150 1084.5
1208160 1088.0
1208170 1088.0
1208180 1091.6
1208190 1096.1
1208200 1096.1
1208210 1100.1
1208220 1104.3
1208230 1104.3
1208240 1109.2
1208250 1114.8
1208260 1114.8
1208270 1120.5
1208280 1126.4
1208290 1126.4
1208300 1131.6
1208310 1141.3
1208320 1144.9
1208330 1144.9
1208340 1145.4
1208350 1148.4
1208360 1148.4
1208370 1150.5
1208380 1150.5
1208390 1150.5
1208400 1151.8
1208410 1154.5
1208420 1154.5
1208430 1158.6
1208440 1161.3
1208450 1161.3
1208460 1161.9
1208470 1164.0
1208480 1164.0
1208490 1167.9
1208500 1171.1
1208510 1171.1
1208520 1175.3
1208530 1181.0
1208540 1181.0
1208550 1187.5
1208560 1192.6
1208570 1198.1
1208580 1198.1
1208590 1203.4
1208600 1208.9
1208610 1208.9
1208620 1214.8
1208630 1220.8
1208640 1220.8
1208650 1227.3
1208660 1234.3
1208670 1234.3
1208680 1241.6
1208690 1250.4
1208700 1250.4
1208710 1259.4
1208720 1266.4
1208730 1266.4
1208740 1273.0
1208750 1278.2
1208760 1278.2
1208770 1291.7
1208780 1298.9
1208790 1298.9
1208800 1307.5
1208810 1315.2
1208820 1315.2
1208830 1313.9
1208840 1314.8
1208850 1320.0
1208860 1320.0
1208870 1327.0
1208880 1330.4
1208890 1330.4
1208900 1327.8
1208910 1333.6
1208920 1333.6
1208930 1339.4
1208940 1344.0
1208950 1344.0
1208960 1349.6
1208970 1355.3
1208980 1355.3
1208990 1362.1
1209000 1372.1
1209010 1372.1
1209020 1380.3
1209030 1383.8
1209040 1383.8
1209050 1382.8
1209060 1391.8
1209070 1391.8
1209080 1403.6
1209090 1408.7
1209100 1408.7
1209110 1412.4
1209120 1419.3
1209130 1422.2
1209140 1422.2
1209150 1428.6
1209160 1429.4
1209170 1429.4
1209180 1423.4
1209190 1425.6
1209200 1425.6
1209210 1428.0
1209220 1435.5
1209230 1440.6
1209240 1449.0
1209250 1459.8
1209260 1459.8
1209270 1467.8
1209280 1473.5
1209290 1473.5
1209300 1480.0
1209310 1481.9
1209320 1481.9
1209330 1479.8
1209340 1481.1
1209350 1481.1
1209360 1488.1
1209370 1496.9
1209380 1496.9
1209390 1506.3
1209400 1515.2
1209410 1523.3
1209420 1523.3
1209430 1531.0
1209440 1537.8
1209450 1537.8
1209460 1543.3
1209470 1547.9
1209480 1547.9
1209490 1551.8
1209500 1555.8
1209510 1555.8
1209520 1560.2
1209530 1564.2
1209540 1564.2
1209550 1570.4
1209560 1577.1
1209570 1577.1
1209580 1583.9
1209590 1589.3
1209600 1589.3
1209610 1592.3
1209620 1596.3
1209630 1596.3
1209640 1598.2
1209650 1601.6
1209660 1606.1
1209670 1606.1
1209680 1614.4
1209690 1628.5
1209700 1628.5
1209710 1636.4
1209720 1641.2
1209730 1641.2
1209740 1644.8
1209750 1648.2
1209760 1648.2
1209770 1651.6
1209780 1654.2
1209790 1654.2
1209800 1656.7
1209810 1660.0
1209820 1660.0
1209830 1663.9
1209840 1667.7
1209850 1667.7
1209860 1670.4
1209870 1672.6
1209880 1672.6
1209890 1675.1
1209900 1678.4
1209910 1678.4
1209920 1680.9
1209930 1682.8
1209940 1684.7
1209950 1684.7
1209960 1687.7
1209970 1691.7
1209980 1691.7
1209990 1696.2
1210000 1700.0
1210010 1700.0
1210020 1703.4
1210030 1706.8
1210040 1706.8
1210050 1709.9
1210060 1713.5
1210070 1713.5
1210080 1716.6
1210090 1719.1
1210100 1719.1
1210110 1719.7
1210120 1720.8
1210130 1720.8
1210140 1723.9
1210150 1726.0
1210160 1729.7
1210170 1731.5
1210180 1733.5
1210190 1733.5
1210200 1736.1
1210210 1738.6
1210220 1741.4
1210230 1741.4
1210240 1743.4
1210250 1747.7
1210260 1747.7
1210270 1752.6
1210280 1756.2
1210290 1756.2
1210300 1759.5
1210310 1761.4
1210320 1761.4
1210330 1763.3
1210340 1766.3
1210350 1766.3
1210360 1768.9
1210370 1770.4
1210380 1770.4
1210390 1771.1
1210400 1770.8
1210410 1770.8
1210420 1770.5
1210430 1767.8
1210440 1767.8
1210450 1772.2
1210460 1777.0
1210470 1777.0
1210480 1780.4
1210490 1783.7
1210500 1786.8
1210510 1786.8
1210520 1789.7
1210530 1791.0
1210540 1791.0
1210550 1793.6
1210560 1795.7
1210570 1795.7
1210580 1797.7
1210590 1797.8
1210600 1797.8
1210610 1795.4
1210620 1800.4
1210630 1800.4
1210640 1798.9
1210650 1797.6
1210660 1797.6
1210670 1796.0
1210680 1795.6
1210690 1795.6
1210700 1798.8
1210710 1806.6
1210720 1806.6
1210730 1810.8
1210740 1808.6
1210750 1806.4
1210760 1806.4
1210770 1803.0
1210780 1806.4
1210790 1806.4
1210800 1806.2
1210810 1799.5
1210820 1799.5
1210830 1805.5
1210840 1812.6
1210850 1812.6
1210860 1820.8
1210870 1824.2
1210880 1824.2
1210890 1825.3
1210900 1828.3
1210910 1828.3
1210920 1832.2
1210930 1834.3
1210940 1834.3
1210950 1833.8
1210960 1840.0
1210970 1840.0
1210980 1845.2
1210990 1849.5
1211000 1849.5
1211010 1853.5
1211020 1856.4
1211030 1860.1
1211040 1860.1
1211050 1861.8
1211060 1863.2
1211070 1863.2
1211080 1864.1
1211090 1868.8
1211100 1868.8
1211110 1869.4
1211120 1869.4
1211130 1869.4
1211140 1868.9
1211150 1868.3
1211160 1868.3
1211170 1867.3
1211180 1866.4
1211190 1866.4
1211200 1866.0
1211210 1865.5
1211220 1865.5
1211230 1865.3
1211240 1864.6
1211250 1864.6
1211260 1863.6
1211270 1862.1
1211280 1862.1
1211290 1860.6
1211300 1858.9
1211310 1856.7
1211320 1856.7
1211330 1854.6
1211340 1852.4
1211350 1852.4
1211360 1850.2
1211370 1848.3
1211380 1848.3
1211390 1844.7
1211400 1839.8
1211410 1839.8
1211420 1832.0
1211430 1825.0
1211440 1825.0
1211450 1820.5
1211460 1821.1
1211470 1821.1
1211480 1818.7
1211490 1816.0
1211500 1816.0
1211510 1812.5
1211520 1811.1
1211530 1811.1
1211540 1807.2
1211550 1822.1
1211560 1822.1
1211570 1823.2
1211580 1818.2
1211590 1812.6
1211600 1812.6
1211610 1808.1
1211620 1804.7
1211630 1804.7
1211640 1801.9
1211650 1797.3
1211660 1797.3
1211670 1791.5
1211680 1786.0
1211690 1786.0
1211700 1781.3
1211710 1774.3
1211720 1774.3
1211730 1768.5
1211740 1761.4
1211750 1761.4
1211760 1754.8
1211770 1749.0
1211780 1749.0
1211790 1742.5
1211800 1736.0
1211810 1736.0
1211820 1729.0
1211830 1722.1
1211840 1716.4
1211850 1716.4
1211860 1712.4
1211870 1710.1
1211880 1710.1
1211890 1706.0
1211900 1698.1
1211910 1698.1
1211920 1693.4
1211930 1688.5
1211940 1688.5
1211950 1686.4
1211960 1680.4
1211970 1680.4
1211980 1674.6
1211990 1670.4
1212000 1670.4
1212010 1665.8
1212020 1665.8
1212030 1665.8
1212040 1661.2
1212050 1657.6
1212060 1657.6
1212070 1653.5
1212080 1648.9
1212090 1648.9
1212100 1643.4
1212110 1636.5
1212120 1628.0
1212130 1628.0
1212140 1620.0
1212150 1612.8
1212160 1612.8
1212170 1605.7
1212180 1598.5
1212190 1598.5
1212200 1591.8
1212210 1585.9
1212220 1585.9
1212230 1580.2
1212240 1574.3
1212250 1574.3
1212260 1568.2
1212270 1562.4
1212280 1562.4
1212290 1555.9
1212300 1549.8
1212310 1549.8
1212320 1543.5
1212330 1536.8
1212340 1536.8
1212350 1529.7
1212360 1522.0
1212370 1522.0
1212380 1514.5
1212390 1507.9
1212400 1501.7
1212410 1501.7
1212420 1495.5
1212430 1489.2
1212440 1489.2
1212450 1482.8
1212460 1475.9
1212470 1475.9
1212480 1469.5
1212490 1463.3
1212500 1463.3
1212510 1457.5
1212520 1452.4
1212530 1452.4
1212540 1448.7
1212550 1444.8
1212560 1444.8
1212570 1441.6
1212580 1436.4
1212590 1436.4
1212600 1430.0
1212610 1425.2
1212620 1425.2
1212630 1421.2
1212640 1416.1
1212650 1416.1
1212660 1411.4
1212670 1406.4
1212680 1400.8
1212690 1400.8
1212700 1397.0
1212710 1395.3
1212720 1395.3
1212730 1392.8
1212740 1389.0
1212750 1389.0
1212760 1384.3
1212770 1380.4
1212780 1380.4
1212790 1376.7
1212800 1371.9
1212810 1371.9
1212820 1366.2
1212830 1359.7
1212840 1359.7
1212850 1354.6
1212860 1349.5
1212870 1349.5
1212880 1343.8
1212890 1337.6
1212900 1337.6
1212910 1329.5
1212920 1320.9
1212930 1312.7
1212940 1312.7
1212950 1309.0
1212960 1304.7
1212970 1304.7
1212980 1299.9
1212990 1297.0
1213000 1297.0
1213010 1292.7
1213020 1285.4
1213030 1285.4
1213040 1277.5
1213050 1270.9
1213060 1270.9
1213070 1266.0
1213080 1263.1
1213090 1263.1
1213100 1260.8
1213110 1257.5
1213120 1257.5
1213130 1255.5
1213140 1256.3
1213150 1256.3
1213160 1255.1
1213170 1254.9
1213180 1254.9
1213190 1254.0
1213200 1253.7
1213210 1249.8
1213220 1249.8
1213230 1243.2
1213240 1236.7
1213250 1236.7
1213260 1231.2
1213270 1228.1
1213280 1228.1
1213290 1225.5
1213300 1221.4
1213310 1221.4
1213320 1215.5
1213330 1210.8
1213340 1210.8
1213350 1207.9
1213360 1204.4
1213370 1204.4
1213380 1199.7
1213390 1195.0
1213400 1195.0
1213410 1191.1
1213420 1182.3
1213430 1182.3
1213440 1179.7
1213450 1176.2
1213460 1176.2
1213470 1171.1
1213480 1166.5
1213490 1163.3
1213500 1163.3
1213510 1159.9
1213520 1156.9
1213530 1156.9
1213540 1153.9
1213550 1151.3
1213560 1151.3
1213570 1148.7
1213580 1145.9
1213590 1145.9
1213600 1143.3
1213610 1141.7
1213620 1141.7
1213630 1141.3
1213640 1142.7
1213650 1142.7
1213660 1145.1
1213670 1146.8
1213680 1146.8
1213690 1148.7
1213700 1150.8
1213710 1150.8
1213720 1153.0
1213730 1153.2
1213740 1150.4
1213750 1150.4
1213760 1146.8
1213770 1142.1
1213780 1142.1
1213790 1139.7
1213800 1139.4
1213810 1139.4
1213820 1138.1
1213830 1136.0
1213840 1136.0
1213850 1134.1
1213860 1131.3
1213870 1131.3
1213880 1126.1
1213890 1117.5
1213900 1117.5
1213910 1115.2
1213920 1114.3
1213930 1114.3
1213940 1113.2
1213950 1110.5
1213960 1110.5
1213970 1108.2
1213980 1106.7
1213990 1106.7
1214000 1106.7
1214010 1108.3
1214020 1108.2
1214030 1108.2
1214040 1106.0
1214050 1102.7
1214060 1102.7
1214070 1100.1
1214080 1098.7
1214090 1098.7
1214100 1095.9
1214110 1092.3
1214120 1092.3
1214130 1089.2
1214140 1087.9
1214150 1087.9
1214160 1087.0
1214170 1085.8
1214180 1085.8
1214190 1084.6
1214200 1083.0
1214210 1083.0
1214220 1081.7
1214230 1080.4
1214240 1080.4
1214250 1079.2
1214260 1077.8
1214270 1077.8
1214280 1076.5
1214290 1075.1
1214300 1073.7
1214310 1073.7
1214320 1072.6
1214330 1071.4
1214340 1071.4
1214350 1070.2
1214360 1069.0
1214370 1069.0
1214380 1067.7
1214390 1066.5
1214400 1066.5
1214410 1065.3
1214420 1063.9
1214430 1063.9
1214440 1062.1
1214450 1060.5
1214460 1060.5
1214470 1059.2
1214480 1058.0
1214490 1058.0
1214500 1056.6
1214510 1055.9
1214520 1055.9
1214530 1055.3
1214540 1053.9
1214550 1053.9
1214560 1052.9
1214570 1052.1
1214580 1050.8
1214590 1050.8
1214600 1048.9
1214610 1047.1
1214620 1047.1
1214630 1046.2
1214640 1045.4
1214650 1045.4
1214660 1044.5
1214670 1044.3
1214680 1044.3
1214690 1044.3
1214700 1043.4
1214710 1043.4
1214720 1042.3
1214730 1041.5
1214740 1041.5
1214750 1040.8
1214760 1040.2
1214770 1040.2
1214780 1039.6
1214790 1039.6
1214800 1039.6
1214810 1041.4
1214820 1044.5
1214830 1047.1
1214840 1047.1
1214850 1046.6
1214860 1046.0
1214870 1046.0
1214880 1045.4
1214890 1044.5
1214900 1044.5
1214910 1043.5
1214920 1042.5
1214930 1042.5
1214940 1040.8
1214950 1038.0
1214960 1038.0
1214970 1036.4
1214980 1035.2
1214990 1035.2
1215000 1034.5
1215010 1034.2
1215020 1034.2
1215030 1034.5
1215040 1035.3
1215050 1035.3
1215060 1035.7
1215070 1035.8
1215080 1035.8
1215090 1035.5
1215100 1035.0
1215110 1034.4
1215120 1034.4
1215130 1033.8
1215140 1033.1
1215150 1033.1
1215160 1032.4
1215170 1032.0
1215180 1032.0
1215190 1031.4
1215200 1030.6
1215210 1030.6
1215220 1029.7
1215230 1029.2
1215240 1029.2
1215250 1028.5
1215260 1027.7
1215270 1027.7
1215280 1026.8
1215290 1026.0
1215300 1026.0
1215310 1025.9
1215320 1024.8
1215330 1024.8
1215340 1023.9
1215350 1022.8
1215360 1022.8
1215370 1021.7
1215380 1020.6
1215390 1019.6
1215400 1019.6
1215410 1018.6
1215420 1017.6
1215430 1017.6
1215440 1016.7
1215450 1015.7
1215460 1015.7
1215470 1014.6
1215480 1013.5
1215490 1013.5
1215500 1012.3
1215510 1011.1
1215520 1011.1
1215530 1010.1
1215540 1008.8
1215550 1008.8
1215560 1007.4
1215570 1006.3
1215580 1006.3
1215590 1005.3
1215600 1004.3
1215610 1004.3
1215620 1003.5
1215630 1002.9
1215640 1002.9
1215650 1002.3
1215660 1001.9
1215670 1001.4
1215680 1001.4
1215690 1001.0
1215700 1000.7
1215710 1000.7
1215720 1000.3
1215730 1000.0
1215740 1000.0
1215750 999.1
1215760 998.0
1215770 998.0
1215780 998.1
1215790 997.5
1215800 997.5
1215810 996.9
1215820 996.2
1215830 996.2
1215840 995.3
1215850 994.5
1215860 994.5
1215870 994.3
1215880 994.7
1215890 994.7
1215900 994.9
1215910 995.0
1215920 995.0
1215930 995.0
1215940 995.0
1215950 994.8
1215960 994.8
1215970 994.8
1215980 995.3
1215990 995.3
1216000 995.4
1216010 994.9
1216020 994.9
1216030 994.5
1216040 993.9
1216050 993.9
1216060 994.0
1216070 994.1
1216080 994.1
1216090 994.5
1216100 995.3
1216110 995.3
1216120 995.4
1216130 995.2
1216140 995.2
1216150 995.1
1216160 994.6
1216170 994.6
1216180 994.1
1216190 993.3
1216200 992.0
1216210 992.0
1216220 990.1
1216230 988.8
1216240 988.8
1216250 988.3
1216260 988.3
1216270 988.3
1216280 989.7
1216290 991.8
1216300 991.8
1216310 991.3
1216320 990.5
1216330 990.5
1216340 989.7
1216350 989.1
1216360 989.1
1216370 988.7
1216380 988.5
1216390 988.5
1216400 988.5
1216410 988.6
1216420 988.6
1216430 988.7
1216440 988.9
1216450 988.9
1216460 988.6
1216470 988.5
1216480 988.4
1216490 988.4
1216500 988.2
1216510 987.9
1216520 987.9
1216530 987.6
1216540 987.4
1216550 987.4
1216560 987.1
1216570 986.8
1216580 986.8
1216590 986.2
1216600 985.5
1216610 985.5
1216620 984.9
1216630 984.0
1216640 984.0
1216650 983.7
1216660 983.4
1216670 983.4
1216680 983.1
1216690 982.9
1216700 982.9
1216710 982.8
1216720 982.9
1216730 984.8
1216740 984.8
1216750 985.2
1216760 986.0
1216770 986.0
1216780 985.3
1216790 983.3
1216800 983.3
1216810 982.0
1216820 981.0
1216830 981.0
1216840 980.2
1216850 979.4
1216860 979.4
1216870 978.6
1216880 977.8
1216890 977.8
1216900 977.1
1216910 976.6
1216920 976.6
1216930 976.1
1216940 975.4
1216950 975.4
1216960 974.7
1216970 974.4
1216980 974.4
1216990 974.3
1217000 974.4
1217010 974.7
1217020 974.7
1217030 974.9
1217040 975.1
1217050 975.1
1217060 975.2
1217070 975.3
1217080 975.3
1217090 975.3
1217100 975.2
1217110 975.2
1217120 975.2
1217130 975.2
1217140 975.2
1217150 975.2
1217160 975.5
1217170 975.5
1217180 975.9
1217190 976.0
1217200 976.1
1217210 975.9
1217220 975.5
1217230 975.5
1217240 974.9
1217250 973.9
1217260 973.9
1217270 972.7
1217280 971.1
1217290 969.5
1217300 969.5
1217310 969.0
1217320 968.9
1217330 968.9
1217340 968.6
1217350 967.9
1217360 967.9
1217370 966.6
1217380 965.4
1217390 965.4
1217400 965.1
1217410 964.7
1217420 964.7
1217430 964.0
1217440 963.6
1217450 963.6
1217460 962.8
1217470 961.6
1217480 961.6
1217490 960.6
1217500 960.6
1217510 960.6
1217520 961.8
1217530 962.6
1217540 962.6
1217550 962.5
1217560 961.3
1217570 958.7
1217580 958.7
1217590 957.6
1217600 957.0
1217610 957.0
1217620 956.6
1217630 956.0
1217640 956.0
1217650 955.4
1217660 954.6
1217670 954.6
1217680 954.5
1217690 953.5
1217700 953.5
1217710 951.7
1217720 949.8
1217730 949.8
1217740 947.2
1217750 944.0
1217760 944.0
1217770 941.3
1217780 938.8
1217790 938.8
1217800 936.1
1217810 933.9
1217820 932.2
1217830 932.2
1217840 930.7
1217850 929.1
1217860 929.1
1217870 927.6
1217880 926.2
1217890 926.2
1217900 925.1
1217910 923.8
1217920 923.8
1217930 923.1
1217940 923.0
1217950 923.0
1217960 921.6
1217970 920.1
1217980 920.1
1217990 919.6
1218000 918.9
1218010 918.9
1218020 918.2
1218030 918.4
1218040 918.4
1218050 917.0
1218060 917.0
1218070 917.0
1218080 919.4
1218090 918.6
1218100 916.4
1218110 916.4
1218120 913.0
1218130 914.2
1218140 914.2
1218150 917.6
1218160 911.8
1218170 911.8
1218180 910.3
1218190 908.7
1218200 908.7
1218210 908.5
1218220 908.4
1218230 908.4
1218240 903.7
1218250 896.8
1218260 896.8
1218270 890.3
1218280 884.3
1218290 884.3
1218300 879.2
1218310 873.9
1218320 873.9
1218330 870.1
1218340 866.3
1218350 866.3
1218360 862.2
1218370 859.0
1218380 857.2
1218390 857.2
1218400 855.6
1218410 855.2
1218420 855.2
1218430 856.4
1218440 858.8
1218450 858.8
1218460 859.3
1218470 856.8
1218480 856.8
1218490 851.9
1218500 850.2
1218510 850.2
1218520 852.2
1218530 855.6
1218540 855.6
1218550 855.7
1218560 852.9
1218570 852.9
1218580 849.0
1218590 843.3
1218600 843.3
1218610 836.8
1218620 829.9
1218630 829.9
1218640 821.8
1218650 817.3
1218660 815.0
1218670 815.0
1218680 813.4
1218690 810.6
1218700 810.6
1218710 807.5
1218720 805.7
1218730 805.7
1218740 806.1
1218750 806.3
1218760 806.3
1218770 805.9
1218780 805.6
1218790 805.6
1218800 806.1
1218810 806.0
1218820 806.0
1218830 804.5
1218840 803.5
1218850 803.5
1218860 803.4
1218870 801.0
1218880 801.0
1218890 797.2
1218900 793.2
1218910 789.4
1218920 789.4
1218930 787.6
1218940 786.6
1218950 786.6
1218960 786.0
1218970 788.4
1218980 788.4
1218990 791.5
1219000 793.6
1219010 793.6
1219020 793.8
1219030 792.0
1219040 792.0
1219050 789.6
1219060 788.1
1219070 788.1
1219080 785.9
1219090 783.0
1219100 783.0
1219110 779.5
1219120 781.1
1219130 781.1
1219140 778.2
1219150 778.0
1219160 778.0
1219170 777.1
1219180 775.4
1219190 773.6
1219200 773.6
1219210 771.5
1219220 768.7
1219230 768.7
1219240 764.5
1219250 759.8
1219260 759.8
1219270 755.2
1219280 750.5
1219290 750.5
1219300 747.4
1219310 745.4
1219320 745.4
1219330 743.7
1219340 742.4
1219350 742.4
1219360 741.1
1219370 740.0
1219380 740.0
1219390 738.3
1219400 736.7
1219410 736.7
1219420 736.9
1219430 736.9
1219440 736.9
1219450 737.8
1219460 741.4
1219470 746.0
1219480 746.0
1219490 751.1
1219500 756.7
1219510 756.7
1219520 763.1
1219530 769.1
1219540 769.1
1219550 768.2
1219560 760.8
1219570 760.8
1219580 752.8
1219590 745.0
1219600 744.8
1219610 737.5
1219620 730.4
1219630 730.4
1219640 723.7
1219650 716.2
1219660 716.2
1219670 708.5
1219680 702.9
1219690 702.9
1219700 699.3
1219710 698.8
1219720 698.5
1219730 698.5
1219740 699.8
1219750 700.8
1219760 700.8
1219770 701.2
1219780 702.2
1219790 702.2
1219800 704.6
1219810 708.7
1219820 708.7
1219830 715.2
1219840 720.8
1219850 720.8
1219860 723.5
1219870 729.3
1219880 729.3
1219890 735.7
1219900 742.5
1219910 742.5
1219920 749.5
1219930 756.5
1219940 756.5
1219950 763.5
1219960 768.0
1219970 768.0
1219980 765.4
1219990 759.7
