1200000 1708.2
1200010 1704.2
1200020 1704.2
1200030 1700.6
1200040 1698.7
1200050 1698.7
1200060 1696.6
1200070 1693.9
1200080 1693.9
1200090 1691.2
1200100 1688.6
1200110 1688.6
1200120 1685.8
1200130 1684.3
1200140 1683.3
1200150 1683.3
1200160 1682.2
1200170 1681.1
1200180 1681.1
1200190 1680.3
1200200 1679.1
1200210 1679.1
1200220 1677.4
1200230 1674.9
1200240 1674.9
1200250 1672.5
1200260 1669.6
1200270 1669.6
1200280 1668.5
1200290 1666.0
1200300 1666.0
1200310 1663.3
1200320 1661.0
1200330 1661.0
1200340 1657.6
1200350 1654.5
1200360 1654.5
1200370 1656.0
1200380 1655.3
1200390 1654.2
1200400 1647.2
1200410 1645.9
1200420 1644.5
1200430 1644.5
1200440 1642.5
1200450 1639.1
1200460 1639.1
1200470 1635.6
1200480 1632.2
1200490 1632.2
1200500 1629.2
1200510 1625.9
1200520 1625.9
1200530 1622.5
1200540 1620.2
1200550 1620.2
1200560 1619.2
1200570 1619.1
1200580 1619.1
1200590 1619.1
1200600 1619.0
1200610 1619.0
1200620 1618.4
1200630 1617.4
1200640 1617.4
1200650 1616.0
1200660 1614.7
1200670 1614.8
1200680 1614.8
1200690 1617.2
1200700 1619.9
1200710 1619.9
1200720 1620.9
1200730 1619.5
1200740 1619.5
1200750 1617.9
1200760 1618.7
1200770 1618.7
1200780 1618.1
1200790 1615.4
1200800 1615.4
1200810 1612.8
1200820 1608.4
1200830 1608.4
1200840 1605.0
1200850 1600.5
1200860 1600.5
1200870 1599.3
1200880 1597.6
1200890 1597.6
1200900 1594.5
1200910 1589.8
1200920 1589.8
1200930 1588.1
1200940 1587.4
1200950 1587.0
1200960 1587.0
1200970 1587.4
1200980 1588.0
1200990 1588.0
1201000 1587.0
1201010 1584.4
1201020 1584.4
1201030 1580.8
1201040 1577.6
1201050 1577.6
1201060 1575.4
1201070 1573.4
1201080 1573.4
1201090 1572.2
1201100 1571.1
1201110 1571.1
1201120 1570.8
1201130 1570.6
1201140 1570.6
1201150 1570.3
1201160 1570.2
1201170 1570.2
1201180 1570.3
1201190 1569.1
1201200 1569.1
1201210 1564.2
1201220 1559.7
1201230 1554.9
1201240 1554.9
1201250 1547.6
1201260 1540.9
1201270 1540.9
1201280 1536.4
1201290 1533.4
1201300 1529.9
1201310 1526.8
1201320 1524.2
1201330 1524.2
1201340 1522.0
1201350 1520.1
1201360 1520.1
1201370 1518.4
1201380 1517.6
1201390 1517.6
1201400 1517.3
1201410 1517.2
1201420 1517.2
1201430 1516.2
1201440 1513.5
1201450 1513.5
1201460 1510.0
1201470 1507.5
1201480 1507.5
1201490 1506.4
1201500 1504.8
1201510 1502.9
1201520 1502.9
1201530 1501.3
1201540 1499.6
1201550 1499.6
1201560 1497.0
1201570 1494.3
1201580 1494.3
1201590 1492.7
1201600 1492.3
1201610 1492.3
1201620 1492.0
1201630 1492.6
1201640 1492.6
1201650 1493.5
1201660 1494.4
1201670 1494.4
1201680 1495.0
1201690 1495.5
1201700 1495.5
1201710 1495.6
1201720 1496.2
1201730 1496.2
1201740 1496.5
1201750 1495.9
1201760 1496.3
1201770 1496.3
1201780 1496.2
1201790 1495.7
1201800 1495.7
1201810 1495.6
1201820 1496.5
1201830 1496.5
1201840 1497.3
1201850 1497.7
1201860 1497.7
1201870 1497.8
1201880 1498.3
1201890 1498.3
1201900 1498.2
1201910 1496.8
1201920 1496.8
1201930 1495.6
1201940 1494.5
1201950 1494.5
1201960 1493.1
1201970 1491.4
1201980 1491.4
1201990 1489.9
1202000 1488.6
1202010 1488.6
1202020 1487.5
1202030 1487.7
1202040 1488.0
1202050 1488.0
1202060 1490.2
1202070 1492.8
1202080 1492.8
1202090 1495.1
1202100 1496.8
1202110 1496.8
1202120 1498.3
1202130 1499.9
1202140 1499.9
1202150 1501.0
1202160 1500.9
1202170 1500.9
1202180 1497.5
1202190 1493.3
1202200 1490.3
1202210 1489.4
1202220 1490.6
1202230 1490.6
1202240 1493.0
1202250 1495.8
1202260 1495.8
1202270 1498.2
1202280 1500.4
1202290 1500.4
1202300 1502.5
1202310 1503.8
1202320 1504.1
1202330 1504.1
1202340 1503.2
1202350 1501.3
1202360 1501.3
1202370 1498.8
1202380 1496.4
1202390 1496.4
1202400 1494.5
1202410 1495.4
1202420 1495.4
1202430 1497.6
1202440 1498.6
1202450 1498.6
1202460 1497.5
1202470 1494.8
1202480 1494.8
1202490 1491.3
1202500 1488.1
1202510 1488.1
1202520 1485.2
1202530 1483.1
1202540 1483.1
1202550 1482.4
1202560 1483.4
1202570 1483.4
1202580 1485.5
1202590 1486.8
1202600 1488.0
1202610 1488.0
1202620 1489.9
1202630 1492.8
1202640 1492.8
1202650 1492.8
1202660 1495.0
1202670 1495.0
1202680 1497.1
1202690 1499.1
1202700 1499.1
1202710 1500.5
1202720 1501.9
1202730 1501.9
1202740 1502.4
1202750 1502.7
1202760 1502.7
1202770 1502.3
1202780 1502.3
1202790 1502.3
1202800 1502.1
1202810 1502.2
1202820 1502.2
1202830 1502.4
1202840 1503.5
1202850 1503.5
1202860 1504.2
1202870 1503.9
1202880 1503.3
1202890 1503.3
1202900 1503.1
1202910 1502.0
1202920 1502.0
1202930 1501.4
1202940 1500.6
1202950 1500.6
1202960 1499.1
1202970 1497.6
1202980 1497.6
1202990 1496.3
1203000 1495.1
1203010 1495.1
1203020 1493.1
1203030 1490.8
1203040 1490.8
1203050 1488.5
1203060 1486.0
1203070 1486.0
1203080 1481.5
1203090 1477.7
1203100 1471.5
1203110 1467.1
1203120 1463.2
1203130 1460.1
1203140 1460.1
1203150 1457.4
1203160 1455.3
1203170 1455.3
1203180 1454.1
1203190 1453.6
1203200 1453.6
1203210 1452.2
1203220 1448.9
1203230 1448.9
1203240 1445.0
1203250 1441.6
1203260 1441.6
1203270 1439.8
1203280 1439.6
1203290 1439.6
1203300 1438.7
1203310 1436.8
1203320 1436.8
1203330 1433.4
1203340 1429.9
1203350 1429.9
1203360 1426.1
1203370 1422.7
1203380 1422.7
1203390 1420.2
1203400 1418.3
1203410 1417.0
1203420 1417.0
1203430 1416.6
1203440 1416.9
1203450 1416.9
1203460 1416.6
1203470 1416.0
1203480 1416.0
1203490 1416.2
1203500 1417.7
1203510 1417.7
1203520 1418.6
1203530 1418.4
1203540 1418.4
1203550 1417.0
1203560 1415.3
1203570 1415.3
1203580 1414.8
1203590 1416.4
1203600 1416.4
1203610 1417.0
1203620 1413.9
1203630 1413.9
1203640 1409.9
1203650 1407.7
1203660 1407.7
1203670 1404.1
1203680 1400.3
1203690 1395.3
1203700 1395.3
1203710 1389.7
1203720 1384.6
1203730 1384.6
1203740 1379.5
1203750 1374.2
1203760 1374.2
1203770 1369.6
1203780 1365.3
1203790 1365.3
1203800 1361.9
1203810 1358.7
1203820 1358.7
1203830 1356.2
1203840 1354.6
1203850 1354.6
1203860 1352.4
1203870 1349.6
1203880 1349.6
1203890 1347.4
1203900 1346.7
1203910 1346.7
1203920 1347.2
1203930 1348.3
1203940 1348.3
1203950 1348.8
1203960 1347.6
1203970 1345.0
1203980 1345.0
1203990 1343.3
1204000 1343.3
1204010 1342.8
1204020 1342.4
1204030 1342.5
1204040 1342.5
1204050 1342.5
1204060 1341.0
1204070 1341.0
1204080 1339.3
1204090 1337.8
1204100 1337.8
1204110 1333.9
1204120 1328.6
1204130 1328.6
1204140 1323.5
1204150 1319.0
1204160 1319.0
1204170 1316.3
1204180 1315.0
1204190 1315.0
1204200 1312.8
1204210 1308.5
1204220 1308.5
1204230 1299.8
1204240 1289.3
1204250 1283.3
1204260 1283.3
1204270 1279.2
1204280 1275.4
1204290 1275.4
1204300 1270.6
1204310 1265.8
1204320 1265.8
1204330 1262.3
1204340 1259.7
1204350 1259.7
1204360 1256.9
1204370 1252.0
1204380 1252.0
1204390 1246.4
1204400 1241.5
1204410 1241.5
1204420 1237.5
1204430 1234.3
1204440 1234.3
1204450 1232.7
1204460 1229.2
1204470 1229.2
1204480 1228.8
1204490 1228.9
1204500 1228.7
1204510 1228.7
1204520 1227.3
1204530 1226.0
1204540 1226.0
1204550 1224.9
1204560 1223.4
1204570 1223.4
1204580 1221.0
1204590 1219.0
1204600 1219.0
1204610 1216.8
1204620 1214.3
1204630 1214.3
1204640 1208.8
1204650 1205.0
1204660 1205.0
1204670 1202.6
1204680 1199.3
1204690 1199.3
1204700 1195.4
1204710 1190.5
1204720 1190.5
1204730 1182.9
1204740 1175.4
1204750 1175.4
1204760 1169.1
1204770 1165.0
1204780 1161.4
1204790 1161.4
1204800 1156.5
1204810 1150.4
1204820 1150.4
1204830 1145.0
1204840 1139.2
1204850 1139.2
1204860 1133.0
1204870 1128.3
1204880 1128.3
1204890 1122.5
1204900 1114.7
1204910 1114.7
1204920 1102.6
1204930 1096.4
1204940 1096.4
1204950 1090.6
1204960 1084.6
1204970 1084.6
1204980 1073.4
1204990 1065.0
1205000 1065.0
1205010 1060.3
1205020 1050.3
1205030 1050.3
1205040 1042.9
1205050 1037.7
1205060 1031.8
1205070 1031.8
1205080 1025.5
1205090 1018.9
1205100 1018.9
1205110 1011.8
1205120 1003.5
1205130 1003.5
1205140 994.5
1205150 988.8
1205160 988.8
1205170 982.8
1205180 975.9
1205190 975.9
1205200 969.0
1205210 963.2
1205220 963.2
1205230 961.4
1205240 958.7
1205250 958.7
1205260 954.5
1205270 949.9
1205280 949.9
1205290 943.8
1205300 938.8
1205310 938.8
1205320 934.4
1205330 930.6
1205340 926.9
1205350 926.9
1205360 923.4
1205370 918.8
1205380 918.8
1205390 917.0
1205400 916.0
1205410 916.0
1205420 913.8
1205430 910.1
1205440 910.1
1205450 905.9
1205460 901.7
1205470 901.7
1205480 896.7
1205490 891.8
1205500 891.8
1205510 886.0
1205520 877.5
1205530 877.5
1205540 869.0
1205550 860.3
1205560 860.3
1205570 851.3
1205580 843.9
1205590 836.9
1205600 836.9
1205610 830.0
1205620 822.6
1205630 822.6
1205640 817.6
1205650 814.8
1205660 814.8
1205670 811.5
1205680 810.2
1205690 810.2
1205700 810.0
1205710 809.7
1205720 809.7
1205730 809.1
1205740 808.5
1205750 808.5
1205760 808.1
1205770 807.8
1205780 807.8
1205790 807.6
1205800 807.1
1205810 807.1
1205820 806.4
1205830 806.3
1205840 806.3
1205850 806.5
1205860 806.7
1205870 806.7
1205880 806.7
1205890 806.5
1205900 805.8
1205910 805.8
1205920 805.9
1205930 806.1
1205940 806.1
1205950 806.3
1205960 806.4
1205970 806.4
1205980 806.6
1205990 806.8
1206000 806.8
1206010 807.4
1206020 808.1
1206030 808.1
1206040 808.2
1206050 808.3
1206060 808.3
1206070 808.4
1206080 808.5
1206090 808.5
1206100 808.6
1206110 808.7
1206120 808.7
1206130 808.7
1206140 808.8
1206150 808.8
1206160 808.8
1206170 808.8
1206180 808.8
1206190 808.8
1206200 808.9
1206210 809.1
1206220 809.1
1206230 809.2
1206240 809.2
1206250 809.2
1206260 809.1
1206270 809.0
1206280 809.0
1206290 808.8
1206300 808.9
1206310 808.9
1206320 808.8
1206330 809.5
1206340 809.5
1206350 810.4
1206360 808.9
1206370 808.9
1206380 809.5
1206390 809.3
1206400 809.3
1206410 808.7
1206420 808.7
1206430 808.6
1206440 808.6
1206450 808.2
1206460 808.3
1206470 808.3
1206480 808.6
1206490 808.7
1206500 808.7
1206510 808.8
1206520 808.7
1206530 808.7
1206540 808.7
1206550 808.4
1206560 808.4
1206570 806.8
1206580 807.0
1206590 807.0
1206600 807.4
1206610 807.2
1206620 807.2
1206630 807.5
1206640 807.6
1206650 807.6
1206660 807.1
1206670 808.2
1206680 808.2
1206690 809.2
1206700 809.6
1206710 810.0
1206720 810.0
1206730 810.3
1206740 810.4
1206750 810.3
1206760 810.3
1206770 810.4
1206780 810.4
1206790 810.4
1206800 810.4
1206810 810.4
1206820 810.5
1206830 810.6
1206840 810.6
1206850 810.7
1206860 810.7
1206870 810.7
1206880 810.8
1206890 810.7
1206900 810.7
1206910 810.5
1206920 810.4
1206930 810.4
1206940 810.3
1206950 810.4
1206960 811.0
1206970 811.0
1206980 811.2
1206990 811.0
1207000 811.0
1207010 810.9
1207020 811.3
1207030 811.3
1207040 811.7
1207050 810.7
1207060 810.7
1207070 810.1
1207080 810.9
1207090 810.9
1207100 811.4
1207110 811.8
1207120 811.8
1207130 812.4
1207140 813.1
1207150 813.1
1207160 813.8
1207170 814.3
1207180 814.3
1207190 814.8
1207200 815.5
1207210 816.4
1207220 817.5
1207230 818.2
1207240 818.7
1207250 818.7
1207260 819.0
1207270 818.8
1207280 818.8
1207290 818.4
1207300 818.4
1207310 818.4
1207320 819.0
1207330 819.4
1207340 819.4
1207350 819.9
1207360 820.0
1207370 820.0
1207380 820.2
1207390 820.9
1207400 820.9
1207410 822.1
1207420 823.0
1207430 823.0
1207440 823.3
1207450 823.3
1207460 823.3
1207470 823.3
1207480 822.8
1207490 822.8
1207500 822.3
1207510 822.3
1207520 822.7
1207530 822.7
1207540 825.0
1207550 829.4
1207560 829.4
1207570 833.9
1207580 837.2
1207590 837.2
1207600 838.9
1207610 840.0
1207620 840.0
1207630 841.1
1207640 842.0
1207650 842.0
1207660 842.9
1207670 846.4
1207680 846.4
1207690 847.7
1207700 848.9
1207710 848.9
1207720 849.8
1207730 850.5
1207740 850.5
1207750 851.5
1207760 852.6
1207770 852.6
1207780 856.0
1207790 860.9
1207800 863.2
1207810 863.2
1207820 863.7
1207830 865.5
1207840 865.5
1207850 872.4
1207860 879.2
1207870 879.2
1207880 885.8
1207890 893.4
1207900 893.4
1207910 900.9
1207920 907.7
1207930 907.7
1207940 914.3
1207950 921.2
1207960 921.2
1207970 928.2
1207980 935.5
1207990 935.5
1208000 943.2
1208010 949.9
1208020 949.9
1208030 956.3
1208040 963.0
1208050 963.0
1208060 970.5
1208070 978.6
1208080 987.0
1208090 987.0
1208100 994.3
1208110 1001.1
1208120 1001.1
1208130 1009.6
1208140 1015.5
1208150 1015.5
1208160 1020.6
1208170 1025.3
1208180 1025.3
1208190 1029.8
1208200 1033.0
1208210 1033.0
1208220 1034.2
1208230 1034.5
1208240 1034.5
1208250 1038.2
1208260 1044.2
1208270 1044.2
1208280 1052.1
1208290 1062.6
1208300 1062.6
1208310 1071.4
1208320 1078.6
1208330 1086.1
1208340 1086.1
1208350 1089.4
1208360 1088.0
1208370 1088.0
1208380 1092.2
1208390 1095.8
1208400 1095.8
1208410 1096.6
1208420 1098.1
1208430 1098.1
1208440 1102.8
1208450 1108.0
1208460 1108.0
1208470 1115.3
1208480 1119.5
1208490 1119.5
1208500 1122.1
1208510 1124.8
1208520 1124.8
1208530 1125.2
1208540 1126.5
1208550 1126.5
1208560 1128.6
1208570 1131.7
1208580 1131.7
1208590 1142.3
1208600 1148.6
1208610 1153.2
1208620 1153.2
1208630 1155.0
1208640 1157.6
1208650 1157.6
1208660 1160.4
1208670 1164.2
1208680 1164.2
1208690 1164.0
1208700 1161.4
1208710 1161.4
1208720 1161.9
1208730 1164.7
1208740 1164.7
1208750 1167.9
1208760 1172.7
1208770 1172.7
1208780 1177.5
1208790 1183.2
1208800 1183.2
1208810 1188.7
1208820 1194.2
1208830 1194.2
1208840 1199.8
1208850 1204.6
1208860 1204.6
1208870 1209.6
1208880 1217.0
1208890 1224.5
1208900 1224.5
1208910 1230.9
1208920 1236.8
1208930 1236.8
1208940 1242.6
1208950 1249.2
1208960 1249.2
1208970 1253.9
1208980 1258.1
1208990 1258.1
1209000 1264.3
1209010 1271.3
1209020 1271.3
1209030 1276.3
1209040 1281.1
1209050 1287.1
1209060 1292.6
1209070 1297.4
1209080 1297.4
1209090 1301.1
1209100 1303.9
1209110 1303.9
1209120 1305.7
1209130 1308.9
1209140 1308.9
1209150 1311.8
1209160 1315.3
1209170 1321.5
1209180 1321.5
1209190 1327.4
1209200 1333.2
1209210 1333.2
1209220 1339.9
1209230 1344.8
1209240 1344.8
1209250 1348.3
1209260 1351.1
1209270 1351.1
1209280 1353.2
1209290 1355.3
1209300 1355.3
1209310 1359.1
1209320 1364.7
1209330 1364.7
1209340 1369.0
1209350 1372.1
1209360 1372.1
1209370 1376.0
1209380 1379.8
1209390 1379.8
1209400 1383.6
1209410 1386.6
1209420 1389.0
1209430 1389.0
1209440 1392.7
1209450 1397.8
1209460 1397.8
1209470 1401.8
1209480 1405.1
1209490 1405.1
1209500 1408.8
1209510 1418.4
1209520 1418.4
1209530 1423.0
1209540 1427.2
1209550 1427.2
1209560 1431.2
1209570 1435.0
1209580 1435.0
1209590 1439.5
1209600 1443.5
1209610 1443.5
1209620 1447.3
1209630 1450.8
1209640 1450.8
1209650 1454.5
1209660 1458.3
1209670 1458.3
1209680 1461.7
1209690 1465.8
1209700 1470.2
1209710 1470.2
1209720 1474.4
1209730 1476.9
1209740 1476.9
1209750 1479.6
1209760 1482.0
1209770 1482.0
1209780 1484.2
1209790 1486.2
1209800 1486.2
1209810 1488.2
1209820 1490.3
1209830 1490.3
1209840 1492.1
1209850 1493.8
1209860 1493.8
1209870 1495.0
1209880 1495.7
1209890 1495.7
1209900 1496.0
1209910 1497.3
1209920 1497.3
1209930 1499.8
1209940 1502.0
1209950 1502.0
1209960 1503.9
1209970 1512.1
1209980 1514.1
1209990 1514.1
1210000 1514.5
1210010 1515.6
1210020 1515.6
1210030 1518.2
1210040 1519.2
1210050 1519.2
1210060 1521.8
1210070 1524.5
1210080 1524.5
1210090 1526.1
1210100 1527.5
1210110 1527.5
1210120 1528.4
1210130 1529.2
1210140 1529.2
1210150 1529.5
1210160 1530.1
1210170 1530.1
1210180 1530.2
1210190 1530.3
1210200 1530.3
1210210 1530.3
1210220 1530.4
1210230 1530.4
1210240 1529.9
1210250 1527.8
1210260 1526.5
1210270 1526.5
1210280 1525.6
1210290 1523.7
1210300 1523.7
1210310 1522.9
1210320 1522.6
1210330 1522.6
1210340 1522.0
1210350 1523.1
1210360 1523.1
1210370 1523.3
1210380 1523.3
1210390 1523.3
1210400 1522.9
1210410 1521.9
1210420 1521.9
1210430 1519.9
1210440 1521.5
1210450 1521.5
1210460 1515.4
1210470 1514.8
1210480 1514.8
1210490 1517.4
1210500 1518.3
1210510 1518.3
1210520 1518.5
1210530 1516.6
1210540 1516.8
1210550 1516.8
1210560 1519.8
1210570 1521.6
1210580 1521.6
1210590 1521.6
1210600 1517.1
1210610 1517.1
1210620 1513.9
1210630 1513.4
1210640 1513.4
1210650 1512.6
1210660 1515.6
1210670 1515.6
1210680 1511.5
1210690 1507.4
1210700 1507.4
1210710 1505.8
1210720 1504.8
1210730 1504.8
1210740 1507.9
1210750 1517.2
1210760 1517.2
1210770 1526.5
1210780 1535.7
1210790 1540.7
1210800 1540.7
1210810 1542.3
1210820 1543.8
1210830 1543.8
1210840 1545.5
1210850 1546.7
1210860 1546.7
1210870 1547.8
1210880 1548.7
1210890 1548.7
1210900 1558.9
1210910 1560.5
1210920 1560.5
1210930 1561.9
1210940 1563.2
1210950 1563.2
1210960 1566.0
1210970 1567.6
1210980 1567.6
1210990 1569.6
1211000 1570.2
1211010 1570.2
1211020 1570.6
1211030 1570.8
1211040 1570.8
1211050 1570.1
1211060 1568.2
1211070 1567.1
1211080 1567.1
1211090 1565.7
1211100 1563.7
1211110 1563.7
1211120 1562.1
1211130 1560.1
1211140 1560.1
1211150 1558.5
1211160 1557.8
1211170 1557.8
1211180 1557.1
1211190 1556.4
1211200 1556.4
1211210 1555.0
1211220 1554.2
1211230 1554.2
1211240 1554.0
1211250 1553.4
1211260 1553.4
1211270 1551.9
1211280 1549.8
1211290 1549.8
1211300 1548.8
1211310 1547.5
1211320 1547.5
1211330 1545.6
1211340 1543.5
1211350 1540.8
1211360 1540.8
1211370 1542.8
1211380 1539.2
1211390 1539.2
1211400 1535.9
1211410 1533.0
1211420 1533.0
1211430 1530.1
1211440 1527.0
1211450 1527.0
1211460 1523.1
1211470 1517.8
1211480 1517.8
1211490 1513.3
1211500 1507.7
1211510 1507.7
1211520 1500.0
1211530 1491.9
1211540 1491.9
1211550 1489.3
1211560 1493.1
1211570 1493.1
1211580 1492.7
1211590 1487.6
1211600 1487.6
1211610 1481.4
1211620 1484.8
1211630 1490.4
1211640 1490.4
1211650 1496.7
1211660 1501.5
1211670 1501.5
1211680 1507.1
1211690 1510.5
1211700 1510.5
1211710 1510.6
1211720 1509.9
1211730 1509.9
1211740 1508.9
1211750 1506.6
1211760 1506.6
1211770 1505.6
1211780 1506.1
1211790 1506.1
1211800 1503.7
1211810 1499.6
1211820 1499.6
1211830 1502.5
1211840 1499.1
1211850 1499.1
1211860 1494.3
1211870 1489.9
1211880 1487.0
1211890 1487.0
1211900 1483.2
1211910 1479.2
1211920 1479.2
1211930 1475.1
1211940 1471.1
1211950 1471.1
1211960 1466.8
1211970 1462.4
1211980 1462.4
1211990 1458.9
1212000 1454.5
1212010 1454.5
1212020 1449.7
1212030 1444.8
1212040 1444.8
1212050 1439.8
1212060 1435.0
1212070 1435.0
1212080 1432.3
1212090 1429.6
1212100 1429.6
1212110 1426.5
1212120 1423.4
1212130 1423.4
1212140 1420.8
1212150 1418.2
1212160 1414.9
1212170 1414.9
1212180 1412.5
1212190 1410.0
1212200 1410.0
1212210 1405.6
1212220 1401.7
1212230 1401.7
1212240 1398.4
1212250 1395.4
1212260 1395.4
1212270 1391.8
1212280 1387.7
1212290 1387.7
1212300 1389.3
1212310 1386.2
1212320 1386.2
1212330 1383.4
1212340 1381.0
1212350 1381.0
1212360 1377.9
1212370 1375.0
1212380 1375.0
1212390 1373.1
1212400 1370.8
1212410 1370.8
1212420 1368.1
1212430 1365.3
1212440 1362.6
1212450 1362.6
1212460 1359.0
1212470 1354.9
1212480 1354.9
1212490 1351.2
1212500 1348.5
1212510 1348.5
1212520 1345.7
1212530 1342.7
1212540 1342.7
1212550 1339.9
1212560 1336.8
1212570 1336.8
1212580 1332.6
1212590 1327.9
1212600 1327.9
1212610 1322.6
1212620 1317.4
1212630 1317.4
1212640 1311.7
1212650 1306.3
1212660 1306.3
1212670 1303.1
1212680 1301.3
1212690 1301.3
1212700 1297.1
1212710 1292.1
1212720 1288.6
1212730 1288.6
1212740 1285.8
1212750 1282.6
1212760 1282.6
1212770 1284.8
1212780 1282.7
1212790 1282.7
1212800 1278.7
1212810 1272.7
1212820 1272.7
1212830 1267.2
1212840 1262.3
1212850 1262.3
1212860 1257.2
1212870 1253.0
1212880 1253.0
1212890 1249.5
1212900 1246.5
1212910 1246.5
1212920 1247.3
1212930 1246.1
1212940 1246.1
1212950 1242.3
1212960 1238.0
1212970 1236.0
1212980 1236.0
1212990 1235.5
1213000 1234.2
1213010 1234.2
1213020 1231.1
1213030 1225.6
1213040 1225.6
1213050 1220.4
1213060 1215.7
1213070 1215.7
1213080 1211.1
1213090 1206.2
1213100 1206.2
1213110 1200.5
1213120 1194.8
1213130 1194.8
1213140 1190.0
1213150 1185.6
1213160 1185.6
1213170 1182.5
1213180 1180.1
1213190 1180.1
1213200 1177.8
1213210 1175.4
1213220 1175.4
1213230 1173.0
1213240 1171.9
1213250 1170.3
1213260 1170.3
1213270 1168.8
1213280 1168.0
1213290 1168.0
1213300 1168.9
1213310 1170.2
1213320 1170.2
1213330 1172.4
1213340 1174.2
1213350 1174.2
1213360 1176.5
1213370 1179.9
1213380 1179.9
1213390 1183.5
1213400 1185.7
1213410 1185.7
1213420 1183.2
1213430 1177.6
1213440 1177.6
1213450 1171.9
1213460 1166.6
1213470 1166.6
1213480 1161.0
1213490 1155.3
1213500 1155.3
1213510 1150.4
1213520 1146.2
1213530 1141.8
1213540 1141.8
1213550 1137.9
1213560 1134.9
1213570 1134.9
1213580 1132.0
1213590 1129.3
1213600 1129.3
1213610 1126.7
1213620 1124.0
1213630 1124.0
1213640 1121.3
1213650 1118.8
1213660 1118.8
1213670 1115.6
1213680 1113.4
1213690 1113.4
1213700 1111.2
1213710 1109.0
1213720 1109.0
1213730 1107.2
1213740 1105.9
1213750 1105.9
1213760 1105.0
1213770 1104.4
1213780 1104.4
1213790 1103.4
1213800 1102.3
1213810 1101.0
1213820 1101.0
1213830 1099.6
1213840 1098.1
1213850 1098.1
1213860 1096.6
1213870 1095.4
1213880 1095.4
1213890 1094.4
1213900 1093.2
1213910 1093.2
1213920 1092.0
1213930 1090.8
1213940 1090.8
1213950 1089.6
1213960 1088.4
1213970 1088.4
1213980 1087.2
1213990 1085.9
1214000 1085.9
1214010 1084.7
1214020 1083.4
1214030 1083.4
1214040 1082.3
1214050 1081.2
1214060 1081.2
1214070 1080.1
1214080 1078.8
1214090 1077.5
1214100 1077.5
1214110 1076.3
1214120 1075.1
1214130 1075.1
1214140 1073.9
1214150 1072.7
1214160 1072.7
1214170 1071.5
1214180 1070.5
1214190 1070.5
1214200 1069.3
1214210 1068.1
1214220 1068.1
1214230 1067.1
1214240 1066.1
1214250 1066.1
1214260 1064.9
1214270 1064.0
1214280 1064.0
1214290 1062.9
1214300 1062.0
1214310 1062.0
1214320 1061.0
1214330 1059.9
1214340 1058.8
1214350 1058.8
1214360 1057.7
1214370 1056.6
1214380 1056.6
1214390 1055.6
1214400 1054.3
1214410 1054.3
1214420 1053.1
1214430 1051.9
1214440 1051.9
1214450 1050.7
1214460 1049.6
1214470 1049.6
1214480 1048.4
1214490 1047.3
1214500 1047.3
1214510 1046.4
1214520 1045.4
1214530 1045.4
1214540 1044.4
1214550 1043.4
1214560 1043.4
1214570 1042.4
1214580 1041.5
1214590 1041.5
1214600 1040.7
1214610 1039.9
1214620 1039.2
1214630 1039.2
1214640 1038.3
1214650 1037.6
1214660 1037.6
1214670 1036.6
1214680 1035.7
1214690 1035.7
1214700 1034.9
1214710 1034.2
1214720 1034.2
1214730 1033.2
1214740 1032.1
1214750 1032.1
1214760 1031.3
1214770 1030.4
1214780 1030.4
1214790 1029.5
1214800 1028.7
1214810 1028.7
1214820 1027.8
1214830 1026.9
1214840 1026.9
1214850 1026.1
1214860 1025.2
1214870 1025.2
1214880 1024.4
1214890 1023.4
1214900 1022.4
1214910 1022.4
1214920 1021.5
1214930 1020.5
1214940 1020.5
1214950 1019.6
1214960 1018.7
1214970 1018.7
1214980 1017.8
1214990 1016.9
1215000 1016.9
1215010 1016.0
1215020 1015.1
1215030 1015.1
1215040 1014.3
1215050 1013.4
1215060 1013.4
1215070 1012.5
1215080 1011.6
1215090 1011.6
1215100 1010.7
1215110 1009.8
1215120 1009.7
1215130 1008.8
1215140 1008.0
1215150 1008.0
1215160 1007.2
1215170 1006.5
1215180 1005.9
1215190 1005.9
1215200 1005.2
1215210 1004.6
1215220 1004.6
1215230 1003.9
1215240 1003.2
1215250 1003.2
1215260 1002.4
1215270 1001.6
1215280 1001.6
1215290 1000.9
1215300 1000.1
1215310 1000.1
1215320 999.4
1215330 998.9
1215340 998.9
1215350 998.0
1215360 997.2
1215370 997.2
1215380 996.4
1215390 995.6
1215400 995.6
1215410 994.9
1215420 994.4
1215430 993.9
1215440 993.9
1215450 993.2
1215460 992.4
1215470 992.4
1215480 991.8
1215490 991.2
1215500 991.2
1215510 990.5
1215520 989.9
1215530 989.9
1215540 989.4
1215550 988.9
1215560 988.9
1215570 988.5
1215580 988.0
1215590 988.3
1215600 987.3
1215610 987.3
1215620 987.3
1215630 986.8
1215640 986.1
1215650 986.1
1215660 985.4
1215670 985.0
1215680 985.0
1215690 985.2
1215700 986.0
1215710 986.7
1215720 986.7
1215730 987.3
1215740 987.7
1215750 987.7
1215760 987.5
1215770 986.8
1215780 986.8
1215790 985.9
1215800 985.1
1215810 985.1
1215820 984.2
1215830 983.3
1215840 983.3
1215850 982.6
1215860 981.8
1215870 981.8
1215880 981.0
1215890 980.2
1215900 980.2
1215910 979.1
1215920 977.9
1215930 977.9
1215940 976.6
1215950 975.2
1215960 975.2
1215970 973.8
1215980 972.3
1215990 970.8
1216000 970.8
1216010 969.5
1216020 968.7
1216030 968.7
1216040 968.1
1216050 967.5
1216060 967.5
1216070 966.6
1216080 966.1
1216090 966.1
1216100 965.5
1216110 965.0
1216120 965.0
1216130 964.5
1216140 964.1
1216150 964.1
1216160 964.2
1216170 963.2
1216180 963.2
1216190 959.8
1216200 957.6
1216210 957.6
1216220 958.4
1216230 958.9
1216240 958.9
1216250 958.7
1216260 958.7
1216270 960.7
1216280 960.7
1216290 961.0
1216300 961.4
1216310 961.4
1216320 967.0
1216330 974.4
1216340 974.4
1216350 979.3
1216360 980.5
1216370 980.5
1216380 980.5
1216390 980.3
1216400 980.3
1216410 979.7
1216420 979.1
1216430 979.1
1216440 978.3
1216450 976.6
1216460 976.6
1216470 972.7
1216480 969.4
1216490 969.4
1216500 969.6
1216510 972.0
1216520 973.8
1216530 973.8
1216540 969.9
1216550 970.5
1216560 970.5
1216570 970.4
1216580 970.2
1216590 970.2
1216600 969.4
1216610 967.5
1216620 967.5
1216630 965.6
1216640 962.8
1216650 962.8
1216660 961.5
1216670 966.7
1216680 966.7
1216690 973.9
1216700 979.9
1216710 979.9
1216720 981.3
1216730 978.4
1216740 978.4
1216750 976.0
1216760 976.4
1216770 976.4
1216780 976.4
1216790 977.0
1216800 975.7
1216810 975.7
1216820 976.0
1216830 977.3
1216840 977.3
1216850 977.8
1216860 975.8
1216870 975.8
1216880 970.5
1216890 966.7
1216900 966.7
1216910 966.6
1216920 965.9
1216930 965.9
1216940 964.2
1216950 965.1
1216960 965.1
1216970 964.2
1216980 962.8
1216990 962.8
1217000 960.1
1217010 955.8
1217020 953.4
1217030 949.2
1217040 947.3
1217050 947.3
1217060 946.7
1217070 944.8
1217080 943.1
1217090 943.1
1217100 941.4
1217110 938.9
1217120 938.9
1217130 934.1
1217140 929.6
1217150 929.6
1217160 926.5
1217170 923.5
1217180 923.5
1217190 922.2
1217200 922.0
1217210 922.0
1217220 922.3
1217230 923.8
1217240 923.8
1217250 925.7
1217260 928.6
1217270 928.6
1217280 930.9
1217290 933.0
1217300 933.0
1217310 934.9
1217320 937.1
1217330 937.1
1217340 941.5
1217350 946.1
1217360 950.0
1217370 950.0
1217380 951.2
1217390 950.9
1217400 950.9
1217410 950.5
1217420 950.6
1217430 950.6
1217440 949.5
1217450 948.3
1217460 948.3
1217470 944.8
1217480 943.4
1217490 947.1
1217500 942.1
1217510 939.7
1217520 939.7
1217530 942.1
1217540 947.5
1217550 947.5
1217560 948.8
1217570 946.2
1217580 946.2
1217590 941.6
1217600 935.2
1217610 935.2
1217620 930.8
1217630 929.1
1217640 931.4
1217650 931.4
1217660 933.3
1217670 931.8
1217680 931.8
1217690 930.5
1217700 926.7
1217710 926.7
1217720 924.2
1217730 926.0
1217740 926.0
1217750 928.4
1217760 928.2
1217770 928.2
1217780 927.8
1217790 927.1
1217800 927.1
1217810 926.8
1217820 926.8
1217830 926.8
1217840 927.2
1217850 927.2
1217860 927.2
1217870 926.2
1217880 925.5
1217890 923.2
1217900 923.2
1217910 918.6
1217920 915.0
1217930 915.0
1217940 911.8
1217950 909.4
1217960 909.4
1217970 911.4
1217980 912.8
1217990 912.8
1218000 916.0
1218010 918.8
1218020 918.8
1218030 921.8
1218040 925.3
1218050 925.3
1218060 928.4
1218070 930.1
1218080 930.1
1218090 929.7
1218100 925.9
1218110 925.9
1218120 921.9
1218130 924.4
1218140 924.4
1218150 929.3
1218160 932.1
1218170 929.5
1218180 929.5
1218190 923.0
1218200 915.9
1218210 915.9
1218220 911.1
1218230 911.2
1218240 911.2
1218250 913.7
1218260 914.0
1218270 914.0
1218280 913.5
1218290 914.9
1218300 914.9
1218310 918.1
1218320 918.5
1218330 918.5
1218340 913.6
1218350 913.2
1218360 913.2
1218370 913.1
1218380 907.9
1218390 907.9
1218400 907.7
1218410 911.0
1218420 911.0
1218430 914.5
1218440 918.9
1218450 923.7
1218460 923.7
1218470 922.7
1218480 921.6
1218490 921.6
1218500 921.1
1218510 920.3
1218520 920.3
1218530 919.2
1218540 917.5
1218550 917.5
1218560 912.3
1218570 905.9
1218580 905.9
1218590 900.0
1218600 895.0
1218610 895.0
1218620 890.9
1218630 888.7
1218640 888.7
1218650 886.3
1218660 885.8
1218670 885.8
1218680 885.1
1218690 882.9
1218700 882.9
1218710 881.7
1218720 883.2
1218730 887.0
1218740 887.0
1218750 884.4
1218760 880.2
1218770 880.2
1218780 876.1
1218790 872.0
1218800 872.0
1218810 867.1
1218820 862.5
1218830 862.5
1218840 858.6
1218850 854.1
1218860 854.1
1218870 849.3
1218880 845.1
1218890 845.1
1218900 842.2
1218910 842.1
1218920 842.1
1218930 850.1
1218940 847.4
1218950 847.4
1218960 842.3
1218970 836.9
1218980 830.7
1218990 830.7
1219000 824.6
1219010 822.5
1219020 822.5
1219030 824.5
1219040 827.9
1219050 827.9
1219060 831.5
1219070 832.2
1219080 832.2
1219090 833.1
1219100 833.5
1219110 833.5
1219120 828.9
1219130 821.7
1219140 821.7
1219150 813.4
1219160 805.1
1219170 805.1
1219180 797.4
1219190 790.5
1219200 790.5
1219210 784.0
1219220 777.6
1219230 777.6
1219240 771.2
1219250 764.5
1219260 757.8
1219270 757.8
1219280 751.4
1219290 744.9
1219300 744.9
1219310 740.2
1219320 734.9
1219330 734.9
1219340 732.0
1219350 730.9
1219360 730.9
1219370 729.8
1219380 727.7
1219390 727.7
1219400 726.7
1219410 726.6
1219420 726.6
1219430 725.8
1219440 724.3
1219450 724.3
1219460 723.4
1219470 723.1
1219480 723.1
1219490 723.1
1219500 724.4
1219510 724.4
1219520 727.8
1219530 732.5
1219540 738.4
1219550 738.4
1219560 743.7
1219570 750.0
1219580 750.0
1219590 758.3
1219600 765.9
1219610 765.9
1219620 766.5
1219630 765.0
1219640 765.0
1219650 765.5
1219660 766.2
1219670 766.2
1219680 766.5
1219690 768.2
1219700 768.2
1219710 770.0
1219720 767.7
1219730 767.7
1219740 762.3
1219750 755.4
1219760 755.4
1219770 748.6
1219780 741.8
1219790 741.8
1219800 739.2
1219810 739.7
1219820 741.7
1219830 741.7
1219840 746.3
1219850 750.6
1219860 750.6
1219870 754.5
1219880 757.8
1219890 757.4
1219900 763.2
1219910 769.3
1219920 769.3
1219930 775.4
1219940 781.5
1219950 781.5
1219960 787.8
1219970 794.4
1219980 794.4
1219990 801.1
1200000 1708.2
1200010 1704.2
1200020 1704.2
1200030 1700.6
1200040 1698.7
1200050 1698.7
1200060 1696.6
1200070 1693.9
1200080 1693.9
1200090 1691.2
1200100 1688.6
1200110 1688.6
1200120 1685.8
1200130 1684.3
1200140 1683.3
1200150 1683.3
1200160 1682.2
1200170 1681.1
1200180 1681.1
1200190 1680.3
1200200 1679.1
1200210 1679.1
1200220 1677.4
1200230 1674.9
1200240 1674.9
1200250 1672.5
1200260 1669.6
1200270 1669.6
1200280 1668.5
1200290 1666.0
1200300 1666.0
1200310 1663.3
1200320 1661.0
1200330 1661.0
1200340 1657.6
1200350 1654.5
1200360 1654.5
1200370 1656.0
1200380 1655.3
1200390 1654.2
1200400 1647.2
1200410 1645.9
1200420 1644.5
1200430 1644.5
1200440 1642.5
1200450 1639.1
1200460 1639.1
1200470 1635.6
1200480 1632.2
1200490 1632.2
1200500 1629.2
1200510 1625.9
1200520 1625.9
1200530 1622.5
1200540 1620.2
1200550 1620.2
1200560 1619.2
1200570 1619.1
1200580 1619.1
1200590 1619.1
1200600 1619.0
1200610 1619.0
1200620 1618.4
1200630 1617.4
1200640 1617.4
1200650 1616.0
1200660 1614.7
1200670 1614.8
1200680 1614.8
1200690 1617.2
1200700 1619.9
1200710 1619.9
1200720 1620.9
1200730 1619.5
1200740 1619.5
1200750 1617.9
1200760 1618.7
1200770 1618.7
1200780 1618.1
1200790 1615.4
1200800 1615.4
1200810 1612.8
1200820 1608.4
1200830 1608.4
1200840 1605.0
1200850 1600.5
1200860 1600.5
1200870 1599.3
1200880 1597.6
1200890 1597.6
1200900 1594.5
1200910 1589.8
1200920 1589.8
1200930 1588.1
1200940 1587.4
1200950 1587.0
1200960 1587.0
1200970 1587.4
1200980 1588.0
1200990 1588.0
1201000 1587.0
1201010 1584.4
1201020 1584.4
1201030 1580.8
1201040 1577.6
1201050 1577.6
1201060 1575.4
1201070 1573.4
1201080 1573.4
1201090 1572.2
1201100 1571.1
1201110 1571.1
1201120 1570.8
1201130 1570.6
1201140 1570.6
1201150 1570.3
1201160 1570.2
1201170 1570.2
1201180 1570.3
1201190 1569.1
1201200 1569.1
1201210 1564.2
1201220 1559.7
1201230 1554.9
1201240 1554.9
1201250 1547.6
1201260 1540.9
1201270 1540.9
1201280 1536.4
1201290 1533.4
1201300 1529.9
1201310 1526.8
1201320 1524.2
1201330 1524.2
1201340 1522.0
1201350 1520.1
1201360 1520.1
1201370 1518.4
1201380 1517.6
1201390 1517.6
1201400 1517.3
1201410 1517.2
1201420 1517.2
1201430 1516.2
1201440 1513.5
1201450 1513.5
1201460 1510.0
1201470 1507.5
1201480 1507.5
1201490 1506.4
1201500 1504.8
1201510 1502.9
1201520 1502.9
1201530 1501.3
1201540 1499.6
1201550 1499.6
1201560 1497.0
1201570 1494.3
1201580 1494.3
1201590 1492.7
1201600 1492.3
1201610 1492.3
1201620 1492.0
1201630 1492.6
1201640 1492.6
1201650 1493.5
1201660 1494.4
1201670 1494.4
1201680 1495.0
1201690 1495.5
1201700 1495.5
1201710 1495.6
1201720 1496.2
1201730 1496.2
1201740 1496.5
1201750 1495.9
1201760 1496.3
1201770 1496.3
1201780 1496.2
1201790 1495.7
1201800 1495.7
1201810 1495.6
1201820 1496.5
1201830 1496.5
1201840 1497.3
1201850 1497.7
1201860 1497.7
1201870 1497.8
1201880 1498.3
1201890 1498.3
1201900 1498.2
1201910 1496.8
1201920 1496.8
1201930 1495.6
1201940 1494.5
1201950 1494.5
1201960 1493.1
1201970 1491.4
1201980 1491.4
1201990 1489.9
1202000 1488.6
1202010 1488.6
1202020 1487.5
1202030 1487.7
1202040 1488.0
1202050 1488.0
1202060 1490.2
1202070 1492.8
1202080 1492.8
1202090 1495.1
1202100 1496.8
1202110 1496.8
1202120 1498.3
1202130 1499.9
1202140 1499.9
1202150 1501.0
1202160 1500.9
1202170 1500.9
1202180 1497.5
1202190 1493.3
1202200 1490.3
1202210 1489.4
1202220 1490.6
1202230 1490.6
1202240 1493.0
1202250 1495.8
1202260 1495.8
1202270 1498.2
1202280 1500.4
1202290 1500.4
1202300 1502.5
1202310 1503.8
1202320 1504.1
1202330 1504.1
1202340 1503.2
1202350 1501.3
1202360 1501.3
1202370 1498.8
1202380 1496.4
1202390 1496.4
1202400 1494.5
1202410 1495.4
1202420 1495.4
1202430 1497.6
1202440 1498.6
1202450 1498.6
1202460 1497.5
1202470 1494.8
1202480 1494.8
1202490 1491.3
1202500 1488.1
1202510 1488.1
1202520 1485.2
1202530 1483.1
1202540 1483.1
1202550 1482.4
1202560 1483.4
1202570 1483.4
1202580 1485.5
1202590 1486.8
1202600 1488.0
1202610 1488.0
1202620 1489.9
1202630 1492.8
1202640 1492.8
1202650 1492.8
1202660 1495.0
1202670 1495.0
1202680 1497.1
1202690 1499.1
1202700 1499.1
1202710 1500.5
1202720 1501.9
1202730 1501.9
1202740 1502.4
1202750 1502.7
1202760 1502.7
1202770 1502.3
1202780 1502.3
1202790 1502.3
1202800 1502.1
1202810 1502.2
1202820 1502.2
1202830 1502.4
1202840 1503.5
1202850 1503.5
1202860 1504.2
1202870 1503.9
1202880 1503.3
1202890 1503.3
1202900 1503.1
1202910 1502.0
1202920 1502.0
1202930 1501.4
1202940 1500.6
1202950 1500.6
1202960 1499.1
1202970 1497.6
1202980 1497.6
1202990 1496.3
1203000 1495.1
1203010 1495.1
1203020 1493.1
1203030 1490.8
1203040 1490.8
1203050 1488.5
1203060 1486.0
1203070 1486.0
1203080 1481.5
1203090 1477.7
1203100 1471.5
1203110 1467.1
1203120 1463.2
1203130 1460.1
1203140 1460.1
1203150 1457.4
1203160 1455.3
1203170 1455.3
1203180 1454.1
1203190 1453.6
1203200 1453.6
1203210 1452.2
1203220 1448.9
1203230 1448.9
1203240 1445.0
1203250 1441.6
1203260 1441.6
1203270 1439.8
1203280 1439.6
1203290 1439.6
1203300 1438.7
1203310 1436.8
1203320 1436.8
1203330 1433.4
1203340 1429.9
1203350 1429.9
1203360 1426.1
1203370 1422.7
1203380 1422.7
1203390 1420.2
1203400 1418.3
1203410 1417.0
1203420 1417.0
1203430 1416.6
1203440 1416.9
1203450 1416.9
1203460 1416.6
1203470 1416.0
1203480 1416.0
1203490 1416.2
1203500 1417.7
1203510 1417.7
1203520 1418.6
1203530 1418.4
1203540 1418.4
1203550 1417.0
1203560 1415.3
1203570 1415.3
1203580 1414.8
1203590 1416.4
1203600 1416.4
1203610 1417.0
1203620 1413.9
1203630 1413.9
1203640 1409.9
1203650 1407.7
1203660 1407.7
1203670 1404.1
1203680 1400.3
1203690 1395.3
1203700 1395.3
1203710 1389.7
1203720 1384.6
1203730 1384.6
1203740 1379.5
1203750 1374.2
1203760 1374.2
1203770 1369.6
1203780 1365.3
1203790 1365.3
1203800 1361.9
1203810 1358.7
1203820 1358.7
1203830 1356.2
1203840 1354.6
1203850 1354.6
1203860 1352.4
1203870 1349.6
1203880 1349.6
1203890 1347.4
1203900 1346.7
1203910 1346.7
1203920 1347.2
1203930 1348.3
1203940 1348.3
1203950 1348.8
1203960 1347.6
1203970 1345.0
1203980 1345.0
1203990 1343.3
1204000 1343.3
1204010 1342.8
1204020 1342.4
1204030 1342.5
1204040 1342.5
1204050 1342.5
1204060 1341.0
1204070 1341.0
1204080 1339.3
1204090 1337.8
1204100 1337.8
1204110 1333.9
1204120 1328.6
1204130 1328.6
1204140 1323.5
1204150 1319.0
1204160 1319.0
1204170 1316.3
1204180 1315.0
1204190 1315.0
1204200 1312.8
1204210 1308.5
1204220 1308.5
1204230 1299.8
1204240 1289.3
1204250 1283.3
1204260 1283.3
1204270 1279.2
1204280 1275.4
1204290 1275.4
1204300 1270.6
1204310 1265.8
1204320 1265.8
1204330 1262.3
1204340 1259.7
1204350 1259.7
1204360 1256.9
1204370 1252.0
1204380 1252.0
1204390 1246.4
1204400 1241.5
1204410 1241.5
1204420 1237.5
1204430 1234.3
1204440 1234.3
1204450 1232.7
1204460 1229.2
1204470 1229.2
1204480 1228.8
1204490 1228.9
1204500 1228.7
1204510 1228.7
1204520 1227.3
1204530 1226.0
1204540 1226.0
1204550 1224.9
1204560 1223.4
1204570 1223.4
1204580 1221.0
1204590 1219.0
1204600 1219.0
1204610 1216.8
1204620 1214.3
1204630 1214.3
1204640 1208.8
1204650 1205.0
1204660 1205.0
1204670 1202.6
1204680 1199.3
1204690 1199.3
1204700 1195.4
1204710 1190.5
1204720 1190.5
1204730 1182.9
1204740 1175.4
1204750 1175.4
1204760 1169.1
1204770 1165.0
1204780 1161.4
1204790 1161.4
1204800 1156.5
1204810 1150.4
1204820 1150.4
1204830 1145.0
1204840 1139.2
1204850 1139.2
1204860 1133.0
1204870 1128.3
1204880 1128.3
1204890 1122.5
1204900 1114.7
1204910 1114.7
1204920 1102.6
1204930 1096.4
1204940 1096.4
1204950 1090.6
1204960 1084.6
1204970 1084.6
1204980 1073.4
1204990 1065.0
1205000 1065.0
1205010 1060.3
1205020 1050.3
1205030 1050.3
1205040 1042.9
1205050 1037.7
1205060 1031.8
1205070 1031.8
1205080 1025.5
1205090 1018.9
1205100 1018.9
1205110 1011.8
1205120 1003.5
1205130 1003.5
1205140 994.5
1205150 988.8
1205160 988.8
1205170 982.8
1205180 975.9
1205190 975.9
1205200 969.0
1205210 963.2
1205220 963.2
1205230 961.4
1205240 958.7
1205250 958.7
1205260 954.5
1205270 949.9
1205280 949.9
1205290 943.8
1205300 938.8
1205310 938.8
1205320 934.4
1205330 930.6
1205340 926.9
1205350 926.9
1205360 923.4
1205370 918.8
1205380 918.8
1205390 917.0
1205400 916.0
1205410 916.0
1205420 913.8
1205430 910.1
1205440 910.1
1205450 905.9
1205460 901.7
1205470 901.7
1205480 896.7
1205490 891.8
1205500 891.8
1205510 886.0
1205520 877.5
1205530 877.5
1205540 869.0
1205550 860.3
1205560 860.3
1205570 851.3
1205580 843.9
1205590 836.9
1205600 836.9
1205610 830.0
1205620 822.6
1205630 822.6
1205640 817.6
1205650 814.8
1205660 814.8
1205670 811.5
1205680 810.2
1205690 810.2
1205700 810.0
1205710 809.7
1205720 809.7
1205730 809.1
1205740 808.5
1205750 808.5
1205760 808.1
1205770 807.8
1205780 807.8
1205790 807.6
1205800 807.1
1205810 807.1
1205820 806.4
1205830 806.3
1205840 806.3
1205850 806.5
1205860 806.7
1205870 806.7
1205880 806.7
1205890 806.5
1205900 805.8
1205910 805.8
1205920 805.9
1205930 806.1
1205940 806.1
1205950 806.3
1205960 806.4
1205970 806.4
1205980 806.6
1205990 806.8
1206000 806.8
1206010 807.4
1206020 808.1
1206030 808.1
1206040 808.2
1206050 808.3
1206060 808.3
1206070 808.4
1206080 808.5
1206090 808.5
1206100 808.6
1206110 808.7
1206120 808.7
1206130 808.7
1206140 808.8
1206150 808.8
1206160 808.8
1206170 808.8
1206180 808.8
1206190 808.8
1206200 808.9
1206210 809.1
1206220 809.1
1206230 809.2
1206240 809.2
1206250 809.2
1206260 809.1
1206270 809.0
1206280 809.0
1206290 808.8
1206300 808.9
1206310 808.9
1206320 808.8
1206330 809.5
1206340 809.5
1206350 810.4
1206360 808.9
1206370 808.9
1206380 809.5
1206390 809.3
1206400 809.3
1206410 808.7
1206420 808.7
1206430 808.6
1206440 808.6
1206450 808.2
1206460 808.3
1206470 808.3
1206480 808.6
1206490 808.7
1206500 808.7
1206510 808.8
1206520 808.7
1206530 808.7
1206540 808.7
1206550 808.4
1206560 808.4
1206570 806.8
1206580 807.0
1206590 807.0
1206600 807.4
1206610 807.2
1206620 807.2
1206630 807.5
1206640 807.6
1206650 807.6
1206660 807.1
1206670 808.2
1206680 808.2
1206690 809.2
1206700 809.6
1206710 810.0
1206720 810.0
1206730 810.3
1206740 810.4
1206750 810.3
1206760 810.3
1206770 810.4
1206780 810.4
1206790 810.4
1206800 810.4
1206810 810.4
1206820 810.5
1206830 810.6
1206840 810.6
1206850 810.7
1206860 810.7
1206870 810.7
1206880 810.8
1206890 810.7
1206900 810.7
1206910 810.5
1206920 810.4
1206930 810.4
1206940 810.3
1206950 810.4
1206960 811.0
1206970 811.0
1206980 811.2
1206990 811.0
1207000 811.0
1207010 810.9
1207020 811.3
1207030 811.3
1207040 811.7
1207050 810.7
1207060 810.7
1207070 810.1
1207080 810.9
1207090 810.9
1207100 811.4
1207110 811.8
1207120 811.8
1207130 812.4
1207140 813.1
1207150 813.1
1207160 813.8
1207170 814.3
1207180 814.3
1207190 814.8
1207200 815.5
1207210 816.4
1207220 817.5
1207230 818.2
1207240 818.7
1207250 818.7
1207260 819.0
1207270 818.8
1207280 818.8
1207290 818.4
1207300 818.4
1207310 818.4
1207320 819.0
1207330 819.4
1207340 819.4
1207350 819.9
1207360 820.0
1207370 820.0
1207380 820.2
1207390 820.9
1207400 820.9
1207410 822.1
1207420 823.0
1207430 823.0
1207440 823.3
1207450 823.3
1207460 823.3
1207470 823.3
1207480 822.8
1207490 822.8
1207500 822.3
1207510 822.3
1207520 822.7
1207530 822.7
1207540 825.0
1207550 829.4
1207560 829.4
1207570 833.9
1207580 837.2
1207590 837.2
1207600 838.9
1207610 840.0
1207620 840.0
1207630 841.1
1207640 842.0
1207650 842.0
1207660 842.9
1207670 846.4
1207680 846.4
1207690 847.7
1207700 848.9
1207710 848.9
1207720 849.8
1207730 850.5
1207740 850.5
1207750 851.5
1207760 852.6
1207770 852.6
1207780 856.0
1207790 860.9
1207800 863.2
1207810 863.2
1207820 863.7
1207830 865.5
1207840 865.5
1207850 872.4
1207860 879.2
1207870 879.2
1207880 885.8
1207890 893.4
1207900 893.4
1207910 900.9
1207920 907.7
1207930 907.7
1207940 914.3
1207950 921.2
1207960 921.2
1207970 928.2
1207980 935.5
1207990 935.5
1208000 943.2
1208010 949.9
1208020 949.9
1208030 956.3
1208040 963.0
1208050 963.0
1208060 970.5
1208070 978.6
1208080 987.0
1208090 987.0
1208100 994.3
1208110 1001.1
1208120 1001.1
1208130 1009.6
1208140 1015.5
1208150 1015.5
1208160 1020.6
1208170 1025.3
1208180 1025.3
1208190 1029.8
1208200 1033.0
1208210 1033.0
1208220 1034.2
1208230 1034.5
1208240 1034.5
1208250 1038.2
1208260 1044.2
1208270 1044.2
1208280 1052.1
1208290 1062.6
1208300 1062.6
1208310 1071.4
1208320 1078.6
1208330 1086.1
1208340 1086.1
1208350 1089.4
1208360 1088.0
1208370 1088.0
1208380 1092.2
1208390 1095.8
1208400 1095.8
1208410 1096.6
1208420 1098.1
1208430 1098.1
1208440 1102.8
1208450 1108.0
1208460 1108.0
1208470 1115.3
1208480 1119.5
1208490 1119.5
1208500 1122.1
1208510 1124.8
1208520 1124.8
1208530 1125.2
1208540 1126.5
1208550 1126.5
1208560 1128.6
1208570 1131.7
1208580 1131.7
1208590 1142.3
1208600 1148.6
1208610 1153.2
1208620 1153.2
1208630 1155.0
1208640 1157.6
1208650 1157.6
1208660 1160.4
1208670 1164.2
1208680 1164.2
1208690 1164.0
1208700 1161.4
1208710 1161.4
1208720 1161.9
1208730 1164.7
1208740 1164.7
1208750 1167.9
1208760 1172.7
1208770 1172.7
1208780 1177.5
1208790 1183.2
1208800 1183.2
1208810 1188.7
1208820 1194.2
1208830 1194.2
1208840 1199.8
1208850 1204.6
1208860 1204.6
1208870 1209.6
1208880 1217.0
1208890 1224.5
1208900 1224.5
1208910 1230.9
1208920 1236.8
1208930 1236.8
1208940 1242.6
1208950 1249.2
1208960 1249.2
1208970 1253.9
1208980 1258.1
1208990 1258.1
1209000 1264.3
1209010 1271.3
1209020 1271.3
1209030 1276.3
1209040 1281.1
1209050 1287.1
1209060 1292.6
1209070 1297.4
1209080 1297.4
1209090 1301.1
1209100 1303.9
1209110 1303.9
1209120 1305.7
1209130 1308.9
1209140 1308.9
1209150 1311.8
1209160 1315.3
1209170 1321.5
1209180 1321.5
1209190 1327.4
1209200 1333.2
1209210 1333.2
1209220 1339.9
1209230 1344.8
1209240 1344.8
1209250 1348.3
1209260 1351.1
1209270 1351.1
1209280 1353.2
1209290 1355.3
1209300 1355.3
1209310 1359.1
1209320 1364.7
1209330 1364.7
1209340 1369.0
1209350 1372.1
1209360 1372.1
1209370 1376.0
1209380 1379.8
1209390 1379.8
1209400 1383.6
1209410 1386.6
1209420 1389.0
1209430 1389.0
1209440 1392.7
1209450 1397.8
1209460 1397.8
1209470 1401.8
1209480 1405.1
1209490 1405.1
1209500 1408.8
1209510 1418.4
1209520 1418.4
1209530 1423.0
1209540 1427.2
1209550 1427.2
1209560 1431.2
1209570 1435.0
1209580 1435.0
1209590 1439.5
1209600 1443.5
1209610 1443.5
1209620 1447.3
1209630 1450.8
1209640 1450.8
1209650 1454.5
1209660 1458.3
1209670 1458.3
1209680 1461.7
1209690 1465.8
1209700 1470.2
1209710 1470.2
1209720 1474.4
1209730 1476.9
1209740 1476.9
1209750 1479.6
1209760 1482.0
1209770 1482.0
1209780 1484.2
1209790 1486.2
1209800 1486.2
1209810 1488.2
1209820 1490.3
1209830 1490.3
1209840 1492.1
1209850 1493.8
1209860 1493.8
1209870 1495.0
1209880 1495.7
1209890 1495.7
1209900 1496.0
1209910 1497.3
1209920 1497.3
1209930 1499.8
1209940 1502.0
1209950 1502.0
1209960 1503.9
1209970 1512.1
1209980 1514.1
1209990 1514.1
1210000 1514.5
1210010 1515.6
1210020 1515.6
1210030 1518.2
1210040 1519.2
1210050 1519.2
1210060 1521.8
1210070 1524.5
1210080 1524.5
1210090 1526.1
1210100 1527.5
1210110 1527.5
1210120 1528.4
1210130 1529.2
1210140 1529.2
1210150 1529.5
1210160 1530.1
1210170 1530.1
1210180 1530.2
1210190 1530.3
1210200 1530.3
1210210 1530.3
1210220 1530.4
1210230 1530.4
1210240 1529.9
1210250 1527.8
1210260 1526.5
1210270 1526.5
1210280 1525.6
1210290 1523.7
1210300 1523.7
1210310 1522.9
1210320 1522.6
1210330 1522.6
1210340 1522.0
1210350 1523.1
1210360 1523.1
1210370 1523.3
1210380 1523.3
1210390 1523.3
1210400 1522.9
1210410 1521.9
1210420 1521.9
1210430 1519.9
1210440 1521.5
1210450 1521.5
1210460 1515.4
1210470 1514.8
1210480 1514.8
1210490 1517.4
1210500 1518.3
1210510 1518.3
1210520 1518.5
1210530 1516.6
1210540 1516.8
1210550 1516.8
1210560 1519.8
1210570 1521.6
1210580 1521.6
1210590 1521.6
1210600 1517.1
1210610 1517.1
1210620 1513.9
1210630 1513.4
1210640 1513.4
1210650 1512.6
1210660 1515.6
1210670 1515.6
1210680 1511.5
1210690 1507.4
1210700 1507.4
1210710 1505.8
1210720 1504.8
1210730 1504.8
1210740 1507.9
1210750 1517.2
1210760 1517.2
1210770 1526.5
1210780 1535.7
1210790 1540.7
1210800 1540.7
1210810 1542.3
1210820 1543.8
1210830 1543.8
1210840 1545.5
1210850 1546.7
1210860 1546.7
1210870 1547.8
1210880 1548.7
1210890 1548.7
1210900 1558.9
1210910 1560.5
1210920 1560.5
1210930 1561.9
1210940 1563.2
1210950 1563.2
1210960 1566.0
1210970 1567.6
1210980 1567.6
1210990 1569.6
1211000 1570.2
1211010 1570.2
1211020 1570.6
1211030 1570.8
1211040 1570.8
1211050 1570.1
1211060 1568.2
1211070 1567.1
1211080 1567.1
1211090 1565.7
1211100 1563.7
1211110 1563.7
1211120 1562.1
1211130 1560.1
1211140 1560.1
1211150 1558.5
1211160 1557.8
1211170 1557.8
1211180 1557.1
1211190 1556.4
1211200 1556.4
1211210 1555.0
1211220 1554.2
1211230 1554.2
1211240 1554.0
1211250 1553.4
1211260 1553.4
1211270 1551.9
1211280 1549.8
1211290 1549.8
1211300 1548.8
1211310 1547.5
1211320 1547.5
1211330 1545.6
1211340 1543.5
1211350 1540.8
1211360 1540.8
1211370 1542.8
1211380 1539.2
1211390 1539.2
1211400 1535.9
1211410 1533.0
1211420 1533.0
1211430 1530.1
1211440 1527.0
1211450 1527.0
1211460 1523.1
1211470 1517.8
1211480 1517.8
1211490 1513.3
1211500 1507.7
1211510 1507.7
1211520 1500.0
1211530 1491.9
1211540 1491.9
1211550 1489.3
1211560 1493.1
1211570 1493.1
1211580 1492.7
1211590 1487.6
1211600 1487.6
1211610 1481.4
1211620 1484.8
1211630 1490.4
1211640 1490.4
1211650 1496.7
1211660 1501.5
1211670 1501.5
1211680 1507.1
1211690 1510.5
1211700 1510.5
1211710 1510.6
1211720 1509.9
1211730 1509.9
1211740 1508.9
1211750 1506.6
1211760 1506.6
1211770 1505.6
1211780 1506.1
1211790 1506.1
1211800 1503.7
1211810 1499.6
1211820 1499.6
1211830 1502.5
1211840 1499.1
1211850 1499.1
1211860 1494.3
1211870 1489.9
1211880 1487.0
1211890 1487.0
1211900 1483.2
1211910 1479.2
1211920 1479.2
1211930 1475.1
1211940 1471.1
1211950 1471.1
1211960 1466.8
1211970 1462.4
1211980 1462.4
1211990 1458.9
1212000 1454.5
1212010 1454.5
1212020 1449.7
1212030 1444.8
1212040 1444.8
1212050 1439.8
1212060 1435.0
1212070 1435.0
1212080 1432.3
1212090 1429.6
1212100 1429.6
1212110 1426.5
1212120 1423.4
1212130 1423.4
1212140 1420.8
1212150 1418.2
1212160 1414.9
1212170 1414.9
1212180 1412.5
1212190 1410.0
1212200 1410.0
1212210 1405.6
1212220 1401.7
1212230 1401.7
1212240 1398.4
1212250 1395.4
1212260 1395.4
1212270 1391.8
1212280 1387.7
1212290 1387.7
1212300 1389.3
1212310 1386.2
1212320 1386.2
1212330 1383.4
1212340 1381.0
1212350 1381.0
1212360 1377.9
1212370 1375.0
1212380 1375.0
1212390 1373.1
1212400 1370.8
1212410 1370.8
1212420 1368.1
1212430 1365.3
1212440 1362.6
1212450 1362.6
1212460 1359.0
1212470 1354.9
1212480 1354.9
1212490 1351.2
1212500 1348.5
1212510 1348.5
1212520 1345.7
1212530 1342.7
1212540 1342.7
1212550 1339.9
1212560 1336.8
1212570 1336.8
1212580 1332.6
1212590 1327.9
1212600 1327.9
1212610 1322.6
1212620 1317.4
1212630 1317.4
1212640 1311.7
1212650 1306.3
1212660 1306.3
1212670 1303.1
1212680 1301.3
1212690 1301.3
1212700 1297.1
1212710 1292.1
1212720 1288.6
1212730 1288.6
1212740 1285.8
1212750 1282.6
1212760 1282.6
1212770 1284.8
1212780 1282.7
1212790 1282.7
1212800 1278.7
1212810 1272.7
1212820 1272.7
1212830 1267.2
1212840 1262.3
1212850 1262.3
1212860 1257.2
1212870 1253.0
1212880 1253.0
1212890 1249.5
1212900 1246.5
1212910 1246.5
1212920 1247.3
1212930 1246.1
1212940 1246.1
1212950 1242.3
1212960 1238.0
1212970 1236.0
1212980 1236.0
1212990 1235.5
1213000 1234.2
1213010 1234.2
1213020 1231.1
1213030 1225.6
1213040 1225.6
1213050 1220.4
1213060 1215.7
1213070 1215.7
1213080 1211.1
1213090 1206.2
1213100 1206.2
1213110 1200.5
1213120 1194.8
1213130 1194.8
1213140 1190.0
1213150 1185.6
1213160 1185.6
1213170 1182.5
1213180 1180.1
1213190 1180.1
1213200 1177.8
1213210 1175.4
1213220 1175.4
1213230 1173.0
1213240 1171.9
1213250 1170.3
1213260 1170.3
1213270 1168.8
1213280 1168.0
1213290 1168.0
1213300 1168.9
1213310 1170.2
1213320 1170.2
1213330 1172.4
1213340 1174.2
1213350 1174.2
1213360 1176.5
1213370 1179.9
1213380 1179.9
1213390 1183.5
1213400 1185.7
1213410 1185.7
1213420 1183.2
1213430 1177.6
1213440 1177.6
1213450 1171.9
1213460 1166.6
1213470 1166.6
1213480 1161.0
1213490 1155.3
1213500 1155.3
1213510 1150.4
1213520 1146.2
1213530 1141.8
1213540 1141.8
1213550 1137.9
1213560 1134.9
1213570 1134.9
1213580 1132.0
1213590 1129.3
1213600 1129.3
1213610 1126.7
1213620 1124.0
1213630 1124.0
1213640 1121.3
1213650 1118.8
1213660 1118.8
1213670 1115.6
1213680 1113.4
1213690 1113.4
1213700 1111.2
1213710 1109.0
1213720 1109.0
1213730 1107.2
1213740 1105.9
1213750 1105.9
1213760 1105.0
1213770 1104.4
1213780 1104.4
1213790 1103.4
1213800 1102.3
1213810 1101.0
1213820 1101.0
1213830 1099.6
1213840 1098.1
1213850 1098.1
1213860 1096.6
1213870 1095.4
1213880 1095.4
1213890 1094.4
1213900 1093.2
1213910 1093.2
1213920 1092.0
1213930 1090.8
1213940 1090.8
1213950 1089.6
1213960 1088.4
1213970 1088.4
1213980 1087.2
1213990 1085.9
1214000 1085.9
1214010 1084.7
1214020 1083.4
1214030 1083.4
1214040 1082.3
1214050 1081.2
1214060 1081.2
1214070 1080.1
1214080 1078.8
1214090 1077.5
1214100 1077.5
1214110 1076.3
1214120 1075.1
1214130 1075.1
1214140 1073.9
1214150 1072.7
1214160 1072.7
1214170 1071.5
1214180 1070.5
1214190 1070.5
1214200 1069.3
1214210 1068.1
1214220 1068.1
1214230 1067.1
1214240 1066.1
1214250 1066.1
1214260 1064.9
1214270 1064.0
1214280 1064.0
1214290 1062.9
1214300 1062.0
1214310 1062.0
1214320 1061.0
1214330 1059.9
1214340 1058.8
1214350 1058.8
1214360 1057.7
1214370 1056.6
1214380 1056.6
1214390 1055.6
1214400 1054.3
1214410 1054.3
1214420 1053.1
1214430 1051.9
1214440 1051.9
1214450 1050.7
1214460 1049.6
1214470 1049.6
1214480 1048.4
1214490 1047.3
1214500 1047.3
1214510 1046.4
1214520 1045.4
1214530 1045.4
1214540 1044.4
1214550 1043.4
1214560 1043.4
1214570 1042.4
1214580 1041.5
1214590 1041.5
1214600 1040.7
1214610 1039.9
1214620 1039.2
1214630 1039.2
1214640 1038.3
1214650 1037.6
1214660 1037.6
1214670 1036.6
1214680 1035.7
1214690 1035.7
1214700 1034.9
1214710 1034.2
1214720 1034.2
1214730 1033.2
1214740 1032.1
1214750 1032.1
1214760 1031.3
1214770 1030.4
1214780 1030.4
1214790 1029.5
1214800 1028.7
1214810 1028.7
1214820 1027.8
1214830 1026.9
1214840 1026.9
1214850 1026.1
1214860 1025.2
1214870 1025.2
1214880 1024.4
1214890 1023.4
1214900 1022.4
1214910 1022.4
1214920 1021.5
1214930 1020.5
1214940 1020.5
1214950 1019.6
1214960 1018.7
1214970 1018.7
1214980 1017.8
1214990 1016.9
1215000 1016.9
1215010 1016.0
1215020 1015.1
1215030 1015.1
1215040 1014.3
1215050 1013.4
1215060 1013.4
1215070 1012.5
1215080 1011.6
1215090 1011.6
1215100 1010.7
1215110 1009.8
1215120 1009.7
1215130 1008.8
1215140 1008.0
1215150 1008.0
1215160 1007.2
1215170 1006.5
1215180 1005.9
1215190 1005.9
1215200 1005.2
1215210 1004.6
1215220 1004.6
1215230 1003.9
1215240 1003.2
1215250 1003.2
1215260 1002.4
1215270 1001.6
1215280 1001.6
1215290 1000.9
1215300 1000.1
1215310 1000.1
1215320 999.4
1215330 998.9
1215340 998.9
1215350 998.0
1215360 997.2
1215370 997.2
1215380 996.4
1215390 995.6
1215400 995.6
1215410 994.9
1215420 994.4
1215430 993.9
1215440 993.9
1215450 993.2
1215460 992.4
1215470 992.4
1215480 991.8
1215490 991.2
1215500 991.2
1215510 990.5
1215520 989.9
1215530 989.9
1215540 989.4
1215550 988.9
1215560 988.9
1215570 988.5
1215580 988.0
1215590 988.3
1215600 987.3
1215610 987.3
1215620 987.3
1215630 986.8
1215640 986.1
1215650 986.1
1215660 985.4
1215670 985.0
1215680 985.0
1215690 985.2
1215700 986.0
1215710 986.7
1215720 986.7
1215730 987.3
1215740 987.7
1215750 987.7
1215760 987.5
1215770 986.8
1215780 986.8
1215790 985.9
1215800 985.1
1215810 985.1
1215820 984.2
1215830 983.3
1215840 983.3
1215850 982.6
1215860 981.8
1215870 981.8
1215880 981.0
1215890 980.2
1215900 980.2
1215910 979.1
1215920 977.9
1215930 977.9
1215940 976.6
1215950 975.2
1215960 975.2
1215970 973.8
1215980 972.3
1215990 970.8
1216000 970.8
1216010 969.5
1216020 968.7
1216030 968.7
1216040 968.1
1216050 967.5
1216060 967.5
1216070 966.6
1216080 966.1
1216090 966.1
1216100 965.5
1216110 965.0
1216120 965.0
1216130 964.5
1216140 964.1
1216150 964.1
1216160 964.2
1216170 963.2
1216180 963.2
1216190 959.8
1216200 957.6
1216210 957.6
1216220 958.4
1216230 958.9
1216240 958.9
1216250 958.7
1216260 958.7
1216270 960.7
1216280 960.7
1216290 961.0
1216300 961.4
1216310 961.4
1216320 967.0
1216330 974.4
1216340 974.4
1216350 979.3
1216360 980.5
1216370 980.5
1216380 980.5
1216390 980.3
1216400 980.3
1216410 979.7
1216420 979.1
1216430 979.1
1216440 978.3
1216450 976.6
1216460 976.6
1216470 972.7
1216480 969.4
1216490 969.4
1216500 969.6
1216510 972.0
1216520 973.8
1216530 973.8
1216540 969.9
1216550 970.5
1216560 970.5
1216570 970.4
1216580 970.2
1216590 970.2
1216600 969.4
1216610 967.5
1216620 967.5
1216630 965.6
1216640 962.8
1216650 962.8
1216660 961.5
1216670 966.7
1216680 966.7
1216690 973.9
1216700 979.9
1216710 979.9
1216720 981.3
1216730 978.4
1216740 978.4
1216750 976.0
1216760 976.4
1216770 976.4
1216780 976.4
1216790 977.0
1216800 975.7
1216810 975.7
1216820 976.0
1216830 977.3
1216840 977.3
1216850 977.8
1216860 975.8
1216870 975.8
1216880 970.5
1216890 966.7
1216900 966.7
1216910 966.6
1216920 965.9
1216930 965.9
1216940 964.2
1216950 965.1
1216960 965.1
1216970 964.2
1216980 962.8
1216990 962.8
1217000 960.1
1217010 955.8
1217020 953.4
1217030 949.2
1217040 947.3
1217050 947.3
1217060 946.7
1217070 944.8
1217080 943.1
1217090 943.1
1217100 941.4
1217110 938.9
1217120 938.9
1217130 934.1
1217140 929.6
1217150 929.6
1217160 926.5
1217170 923.5
1217180 923.5
1217190 922.2
1217200 922.0
1217210 922.0
1217220 922.3
1217230 923.8
1217240 923.8
1217250 925.7
1217260 928.6
1217270 928.6
1217280 930.9
1217290 933.0
1217300 933.0
1217310 934.9
1217320 937.1
1217330 937.1
1217340 941.5
1217350 946.1
1217360 950.0
1217370 950.0
1217380 951.2
1217390 950.9
1217400 950.9
1217410 950.5
1217420 950.6
1217430 950.6
1217440 949.5
1217450 948.3
1217460 948.3
1217470 944.8
1217480 943.4
1217490 947.1
1217500 942.1
1217510 939.7
1217520 939.7
1217530 942.1
1217540 947.5
1217550 947.5
1217560 948.8
1217570 946.2
1217580 946.2
1217590 941.6
1217600 935.2
1217610 935.2
1217620 930.8
1217630 929.1
1217640 931.4
1217650 931.4
1217660 933.3
1217670 931.8
1217680 931.8
1217690 930.5
1217700 926.7
1217710 926.7
1217720 924.2
1217730 926.0
1217740 926.0
1217750 928.4
1217760 928.2
1217770 928.2
1217780 927.8
1217790 927.1
1217800 927.1
1217810 926.8
1217820 926.8
1217830 926.8
1217840 927.2
1217850 927.2
1217860 927.2
1217870 926.2
1217880 925.5
1217890 923.2
1217900 923.2
1217910 918.6
1217920 915.0
1217930 915.0
1217940 911.8
1217950 909.4
1217960 909.4
1217970 911.4
1217980 912.8
1217990 912.8
1218000 916.0
1218010 918.8
1218020 918.8
1218030 921.8
1218040 925.3
1218050 925.3
1218060 928.4
1218070 930.1
1218080 930.1
1218090 929.7
1218100 925.9
1218110 925.9
1218120 921.9
1218130 924.4
1218140 924.4
1218150 929.3
1218160 932.1
1218170 929.5
1218180 929.5
1218190 923.0
1218200 915.9
1218210 915.9
1218220 911.1
1218230 911.2
1218240 911.2
1218250 913.7
1218260 914.0
1218270 914.0
1218280 913.5
1218290 914.9
1218300 914.9
1218310 918.1
1218320 918.5
1218330 918.5
1218340 913.6
1218350 913.2
1218360 913.2
1218370 913.1
1218380 907.9
1218390 907.9
1218400 907.7
1218410 911.0
1218420 911.0
1218430 914.5
1218440 918.9
1218450 923.7
1218460 923.7
1218470 922.7
1218480 921.6
1218490 921.6
1218500 921.1
1218510 920.3
1218520 920.3
1218530 919.2
1218540 917.5
1218550 917.5
1218560 912.3
1218570 905.9
1218580 905.9
1218590 900.0
1218600 895.0
1218610 895.0
1218620 890.9
1218630 888.7
1218640 888.7
1218650 886.3
1218660 885.8
1218670 885.8
1218680 885.1
1218690 882.9
1218700 882.9
1218710 881.7
1218720 883.2
1218730 887.0
1218740 887.0
1218750 884.4
1218760 880.2
1218770 880.2
1218780 876.1
1218790 872.0
1218800 872.0
1218810 867.1
1218820 862.5
1218830 862.5
1218840 858.6
1218850 854.1
1218860 854.1
1218870 849.3
1218880 845.1
1218890 845.1
1218900 842.2
1218910 842.1
1218920 842.1
1218930 850.1
1218940 847.4
1218950 847.4
1218960 842.3
1218970 836.9
1218980 830.7
1218990 830.7
1219000 824.6
1219010 822.5
1219020 822.5
1219030 824.5
1219040 827.9
1219050 827.9
1219060 831.5
1219070 832.2
1219080 832.2
1219090 833.1
1219100 833.5
1219110 833.5
1219120 828.9
1219130 821.7
1219140 821.7
1219150 813.4
1219160 805.1
1219170 805.1
1219180 797.4
1219190 790.5
1219200 790.5
1219210 784.0
1219220 777.6
1219230 777.6
1219240 771.2
1219250 764.5
1219260 757.8
1219270 757.8
1219280 751.4
1219290 744.9
1219300 744.9
1219310 740.2
1219320 734.9
1219330 734.9
1219340 732.0
1219350 730.9
1219360 730.9
1219370 729.8
1219380 727.7
1219390 727.7
1219400 726.7
1219410 726.6
1219420 726.6
1219430 725.8
1219440 724.3
1219450 724.3
1219460 723.4
1219470 723.1
1219480 723.1
1219490 723.1
1219500 724.4
1219510 724.4
1219520 727.8
1219530 732.5
1219540 738.4
1219550 738.4
1219560 743.7
1219570 750.0
1219580 750.0
1219590 758.3
1219600 765.9
1219610 765.9
1219620 766.5
1219630 765.0
1219640 765.0
1219650 765.5
1219660 766.2
1219670 766.2
1219680 766.5
1219690 768.2
1219700 768.2
1219710 770.0
1219720 767.7
1219730 767.7
1219740 762.3
1219750 755.4
1219760 755.4
1219770 748.6
1219780 741.8
1219790 741.8
1219800 739.2
1219810 739.7
1219820 741.7
1219830 741.7
1219840 746.3
1219850 750.6
1219860 750.6
1219870 754.5
1219880 757.8
1219890 757.4
1219900 763.2
1219910 769.3
1219920 769.3
1219930 775.4
1219940 781.5
1219950 781.5
1219960 787.8
1219970 794.4
1219980 794.4
1219990 801.1
