1200000 1557.7
1200010 1554.0
1200020 1554.0
1200030 1550.9
1200040 1549.8
1200050 1549.8
1200060 1548.9
1200070 1547.6
1200080 1547.3
1200090 1547.3
1200100 1548.4
1200110 1550.9
1200120 1550.9
1200130 1553.1
1200140 1552.0
1200150 1552.0
1200160 1551.0
1200170 1549.2
1200180 1549.2
1200190 1547.5
1200200 1545.8
1200210 1545.8
1200220 1545.6
1200230 1543.9
1200240 1543.9
1200250 1540.6
1200260 1536.7
1200270 1536.7
1200280 1534.2
1200290 1531.7
1200300 1531.7
1200310 1531.7
1200320 1532.5
1200330 1532.5
1200340 1532.4
1200350 1527.9
1200360 1526.9
1200370 1526.9
1200380 1526.5
1200390 1526.8
1200400 1526.8
1200410 1527.5
1200420 1527.2
1200430 1527.2
1200440 1524.9
1200450 1521.9
1200460 1521.9
1200470 1519.6
1200480 1518.0
1200490 1518.0
1200500 1516.9
1200510 1516.8
1200520 1516.8
1200530 1516.3
1200540 1516.2
1200550 1516.2
1200560 1515.9
1200570 1514.4
1200580 1514.4
1200590 1512.8
1200600 1512.0
1200610 1512.0
1200620 1510.8
1200630 1509.9
1200640 1508.8
1200650 1508.8
1200660 1508.3
1200670 1509.6
1200680 1509.6
1200690 1511.6
1200700 1511.8
1200710 1511.8
1200720 1511.7
1200730 1510.9
1200740 1510.9
1200750 1511.3
1200760 1512.6
1200770 1512.6
1200780 1514.6
1200790 1516.1
1200800 1516.9
1200810 1516.7
1200820 1514.8
1200830 1514.8
1200840 1511.9
1200850 1510.8
1200860 1510.8
1200870 1510.9
1200880 1512.6
1200890 1512.6
1200900 1514.8
1200910 1515.9
1200920 1515.8
1200930 1515.8
1200940 1513.7
1200950 1510.0
1200960 1510.0
1200970 1509.8
1200980 1510.9
1200990 1510.9
1201000 1512.4
1201010 1512.2
1201020 1512.2
1201030 1511.3
1201040 1510.6
1201050 1510.6
1201060 1514.0
1201070 1516.4
1201080 1516.4
1201090 1515.5
1201100 1513.0
1201110 1513.0
1201120 1509.7
1201130 1508.1
1201140 1508.1
1201150 1508.2
1201160 1507.2
1201170 1507.2
1201180 1504.7
1201190 1506.3
1201200 1506.3
1201210 1506.3
1201220 1505.2
1201230 1503.3
1201240 1503.3
1201250 1501.3
1201260 1500.7
1201270 1500.7
1201280 1499.2
1201290 1497.3
1201300 1497.3
1201310 1496.3
1201320 1497.2
1201330 1497.2
1201340 1498.9
1201350 1501.9
1201360 1501.9
1201370 1505.1
1201380 1505.7
1201390 1505.7
1201400 1504.2
1201410 1503.0
1201420 1503.0
1201430 1501.7
1201440 1501.1
1201450 1501.1
1201460 1501.1
1201470 1498.5
1201480 1498.2
1201490 1498.2
1201500 1495.5
1201510 1489.2
1201520 1489.2
1201530 1483.6
1201540 1479.9
1201550 1479.9
1201560 1478.1
1201570 1478.0
1201580 1478.0
1201590 1478.7
1201600 1482.0
1201610 1482.0
1201620 1484.5
1201630 1483.9
1201640 1483.9
1201650 1481.4
1201660 1480.0
1201670 1480.0
1201680 1479.8
1201690 1480.8
1201700 1482.3
1201710 1481.9
1201720 1482.0
1201730 1483.1
1201740 1483.1
1201750 1482.6
1201760 1480.4
1201770 1480.4
1201780 1477.8
1201790 1473.9
1201800 1473.9
1201810 1469.7
1201820 1465.9
1201830 1465.9
1201840 1462.4
1201850 1459.2
1201860 1459.2
1201870 1455.5
1201880 1451.6
1201890 1451.6
1201900 1448.3
1201910 1445.0
1201920 1445.0
1201930 1442.1
1201940 1439.2
1201950 1439.2
1201960 1435.6
1201970 1430.3
1201980 1430.3
1201990 1431.8
1202000 1431.6
1202010 1431.4
1202020 1431.4
1202030 1433.5
1202040 1435.6
1202050 1435.6
1202060 1439.8
1202070 1445.4
1202080 1445.4
1202090 1448.4
1202100 1450.2
1202110 1450.2
1202120 1450.2
1202130 1449.7
1202140 1449.7
1202150 1451.4
1202160 1449.4
1202170 1449.4
1202180 1446.4
1202190 1442.4
1202200 1442.4
1202210 1438.8
1202220 1437.0
1202230 1437.0
1202240 1436.5
1202250 1435.6
1202260 1435.6
1202270 1434.2
1202280 1433.8
1202290 1433.0
1202300 1433.0
1202310 1431.3
1202320 1428.8
1202330 1428.8
1202340 1426.2
1202350 1422.5
1202360 1422.5
1202370 1421.4
1202380 1420.4
1202390 1420.4
1202400 1418.9
1202410 1417.5
1202420 1417.5
1202430 1416.9
1202440 1417.7
1202450 1417.7
1202460 1419.5
1202470 1420.6
1202480 1420.6
1202490 1422.9
1202500 1424.1
1202510 1424.1
1202520 1424.0
1202530 1423.0
1202540 1422.8
1202550 1422.8
1202560 1422.2
1202570 1420.1
1202580 1420.1
1202590 1418.7
1202600 1414.7
1202610 1414.7
1202620 1412.7
1202630 1411.8
1202640 1411.8
1202650 1411.1
1202660 1408.1
1202670 1408.1
1202680 1402.5
1202690 1396.7
1202700 1396.7
1202710 1391.8
1202720 1387.7
1202730 1387.7
1202740 1383.5
1202750 1379.2
1202760 1379.2
1202770 1375.1
1202780 1371.8
1202790 1371.8
1202800 1369.2
1202810 1366.7
1202820 1365.4
1202830 1365.4
1202840 1365.6
1202850 1365.7
1202860 1365.7
1202870 1364.8
1202880 1367.6
1202890 1367.6
1202900 1371.8
1202910 1374.2
1202920 1374.2
1202930 1374.2
1202940 1375.5
1202950 1375.5
1202960 1378.7
1202970 1380.6
1202980 1380.6
1202990 1380.9
1203000 1381.1
1203010 1381.1
1203020 1381.8
1203030 1383.6
1203040 1383.6
1203050 1385.5
1203060 1385.3
1203070 1385.3
1203080 1385.2
1203090 1386.0
1203100 1384.7
1203110 1384.7
1203120 1381.7
1203130 1378.0
1203140 1378.0
1203150 1374.9
1203160 1373.0
1203170 1373.0
1203180 1371.5
1203190 1370.2
1203200 1370.2
1203210 1368.1
1203220 1365.2
1203230 1365.2
1203240 1363.2
1203250 1362.7
1203260 1362.7
1203270 1362.0
1203280 1361.7
1203290 1361.7
1203300 1361.1
1203310 1360.5
1203320 1360.5
1203330 1360.0
1203340 1359.7
1203350 1359.7
1203360 1359.4
1203370 1359.1
1203380 1359.1
1203390 1359.1
1203400 1360.3
1203410 1361.7
1203420 1361.7
1203430 1362.5
1203440 1362.5
1203450 1362.5
1203460 1360.2
1203470 1358.7
1203480 1358.7
1203490 1358.5
1203500 1358.6
1203510 1356.8
1203520 1354.5
1203530 1351.5
1203540 1351.5
1203550 1348.6
1203560 1346.4
1203570 1346.4
1203580 1345.5
1203590 1345.8
1203600 1345.8
1203610 1346.6
1203620 1345.4
1203630 1343.7
1203640 1343.7
1203650 1342.4
1203660 1341.1
1203670 1341.1
1203680 1338.9
1203690 1335.9
1203700 1335.9
1203710 1333.8
1203720 1332.9
1203730 1332.9
1203740 1331.1
1203750 1328.7
1203760 1328.7
1203770 1325.7
1203780 1323.2
1203790 1323.2
1203800 1323.9
1203810 1324.3
1203820 1324.3
1203830 1322.6
1203840 1319.6
1203850 1319.6
1203860 1313.8
1203870 1305.8
1203880 1305.8
1203890 1299.9
1203900 1296.0
1203910 1293.5
1203920 1293.5
1203930 1290.1
1203940 1286.1
1203950 1286.1
1203960 1280.9
1203970 1279.7
1203980 1279.7
1203990 1279.9
1204000 1280.7
1204010 1280.7
1204020 1281.2
1204030 1280.1
1204040 1280.1
1204050 1278.6
1204060 1277.4
1204070 1277.4
1204080 1275.5
1204090 1271.6
1204100 1271.6
1204110 1265.9
1204120 1261.1
1204130 1261.1
1204140 1257.4
1204150 1253.2
1204160 1253.2
1204170 1247.8
1204180 1241.9
1204190 1235.9
1204200 1235.9
1204210 1229.0
1204220 1223.9
1204230 1223.9
1204240 1221.2
1204250 1219.6
1204260 1219.6
1204270 1217.9
1204280 1215.6
1204290 1215.6
1204300 1213.1
1204310 1209.9
1204320 1209.9
1204330 1205.7
1204340 1200.3
1204350 1200.3
1204360 1194.4
1204370 1190.3
1204380 1190.3
1204390 1185.5
1204400 1181.9
1204410 1181.9
1204420 1173.0
1204430 1169.2
1204440 1169.2
1204450 1163.9
1204460 1156.3
1204470 1149.1
1204480 1149.1
1204490 1142.0
1204500 1131.4
1204510 1131.4
1204520 1123.9
1204530 1118.5
1204540 1118.5
1204550 1113.5
1204560 1108.0
1204570 1108.0
1204580 1101.7
1204590 1098.5
1204600 1098.5
1204610 1096.5
1204620 1090.9
1204630 1090.9
1204640 1084.6
1204650 1076.7
1204660 1076.7
1204670 1070.4
1204680 1065.2
1204690 1065.2
1204700 1055.1
1204710 1056.8
1204720 1056.8
1204730 1057.5
1204740 1051.9
1204750 1045.4
1204760 1045.4
1204770 1040.0
1204780 1033.4
1204790 1033.4
1204800 1021.9
1204810 1013.4
1204820 1013.4
1204830 1007.3
1204840 1001.3
1204850 1001.3
1204860 995.1
1204870 983.7
1204880 983.7
1204890 977.1
1204900 968.1
1204910 968.1
1204920 961.2
1204930 955.5
1204940 955.5
1204950 950.7
1204960 945.9
1204970 945.9
1204980 940.7
1204990 935.4
1205000 929.8
1205010 929.8
1205020 924.6
1205030 920.0
1205040 920.0
1205050 916.2
1205060 912.7
1205070 912.7
1205080 909.3
1205090 905.8
1205100 905.8
1205110 901.1
1205120 895.6
1205130 895.6
1205140 889.5
1205150 882.8
1205160 882.8
1205170 878.1
1205180 873.9
1205190 873.9
1205200 870.1
1205210 866.4
1205220 866.4
1205230 863.1
1205240 860.0
1205250 860.0
1205260 856.7
1205270 853.8
1205280 851.3
1205290 851.3
1205300 848.6
1205310 846.3
1205320 846.3
1205330 840.1
1205340 836.2
1205350 836.2
1205360 832.1
1205370 827.8
1205380 827.8
1205390 823.0
1205400 821.0
1205410 821.0
1205420 820.0
1205430 819.7
1205440 819.7
1205450 819.5
1205460 819.0
1205470 819.0
1205480 817.8
1205490 816.7
1205500 816.7
1205510 815.9
1205520 814.8
1205530 814.8
1205540 813.4
1205550 812.1
1205560 811.0
1205570 811.0
1205580 810.0
1205590 809.1
1205600 809.1
1205610 808.4
1205620 808.0
1205630 808.0
1205640 807.9
1205650 807.8
1205660 807.8
1205670 807.6
1205680 807.0
1205690 807.0
1205700 805.9
1205710 805.2
1205720 805.2
1205730 804.8
1205740 804.5
1205750 804.5
1205760 804.3
1205770 803.8
1205780 803.5
1205790 803.8
1205800 804.1
1205810 804.1
1205820 804.1
1205830 804.1
1205840 804.0
1205850 804.0
1205860 804.1
1205870 804.2
1205880 804.2
1205890 804.3
1205900 804.4
1205910 804.4
1205920 804.6
1205930 804.7
1205940 804.7
1205950 804.8
1205960 804.7
1205970 804.7
1205980 804.7
1205990 804.7
1206000 804.7
1206010 804.6
1206020 805.5
1206030 805.5
1206040 805.3
1206050 804.7
1206060 804.7
1206070 804.9
1206080 806.5
1206090 805.8
1206100 805.8
1206110 804.6
1206120 804.5
1206130 804.5
1206140 804.5
1206150 804.8
1206160 804.8
1206170 805.0
1206180 805.0
1206190 805.0
1206200 804.8
1206210 804.5
1206220 804.5
1206230 804.4
1206240 804.3
1206250 804.3
1206260 805.0
1206270 804.9
1206280 804.9
1206290 805.1
1206300 805.2
1206310 805.2
1206320 805.3
1206330 805.5
1206340 805.5
1206350 806.2
1206360 806.2
1206370 805.2
1206380 805.2
1206390 804.9
1206400 804.8
1206410 804.8
1206420 804.7
1206430 804.8
1206440 804.8
1206450 805.1
1206460 805.2
1206470 805.2
1206480 805.4
1206490 805.3
1206500 805.3
1206510 805.4
1206520 805.5
1206530 805.5
1206540 805.5
1206550 805.4
1206560 805.4
1206570 805.4
1206580 805.3
1206590 805.3
1206600 805.2
1206610 805.0
1206620 805.0
1206630 805.0
1206640 805.1
1206650 805.2
1206660 805.2
1206670 805.5
1206680 805.7
1206690 805.7
1206700 805.6
1206710 805.8
1206720 805.8
1206730 805.8
1206740 806.0
1206750 806.0
1206760 806.6
1206770 806.9
1206780 806.9
1206790 807.7
1206800 809.7
1206810 809.7
1206820 811.9
1206830 811.3
1206840 811.3
1206850 810.6
1206860 811.1
1206870 811.1
1206880 811.9
1206890 812.8
1206900 812.8
1206910 813.7
1206920 814.4
1206930 815.2
1206940 815.2
1206950 816.6
1206960 818.1
1206970 818.1
1206980 819.6
1206990 820.8
1207000 820.8
1207010 822.0
1207020 823.8
1207030 823.8
1207040 826.7
1207050 827.7
1207060 827.7
1207070 828.2
1207080 828.4
1207090 828.4
1207100 828.8
1207110 829.5
1207120 829.5
1207130 830.3
1207140 830.6
1207150 830.6
1207160 832.6
1207170 837.6
1207180 840.5
1207190 840.5
1207200 841.4
1207210 842.4
1207220 842.4
1207230 844.3
1207240 845.9
1207250 845.9
1207260 847.4
1207270 848.5
1207280 848.5
1207290 849.6
1207300 850.4
1207310 850.4
1207320 851.3
1207330 852.2
1207340 852.2
1207350 853.0
1207360 853.8
1207370 853.8
1207380 854.2
1207390 854.0
1207400 854.0
1207410 853.7
1207420 854.0
1207430 854.0
1207440 857.0
1207450 862.4
1207460 868.2
1207470 868.2
1207480 872.2
1207490 873.5
1207500 873.5
1207510 874.5
1207520 875.2
1207530 875.2
1207540 874.1
1207550 871.3
1207560 871.3
1207570 871.3
1207580 872.3
1207590 872.3
1207600 873.5
1207610 874.9
1207620 876.3
1207630 877.8
1207640 880.6
1207650 880.6
1207660 884.8
1207670 887.1
1207680 887.1
1207690 889.5
1207700 891.7
1207710 891.7
1207720 895.2
1207730 898.0
1207740 900.6
1207750 900.6
1207760 903.0
1207770 905.3
1207780 905.3
1207790 908.1
1207800 912.4
1207810 912.4
1207820 917.6
1207830 923.6
1207840 923.6
1207850 930.6
1207860 938.5
1207870 938.5
1207880 945.8
1207890 952.5
1207900 952.5
1207910 959.9
1207920 967.9
1207930 967.9
1207940 976.1
1207950 984.7
1207960 984.7
1207970 993.9
1207980 1003.0
1207990 1003.0
1208000 1011.9
1208010 1018.2
1208020 1022.1
1208030 1022.1
1208040 1023.9
1208050 1026.6
1208060 1026.6
1208070 1030.5
1208080 1037.0
1208090 1037.0
1208100 1041.2
1208110 1046.4
1208120 1046.4
1208130 1050.2
1208140 1052.8
1208150 1052.8
1208160 1054.0
1208170 1049.6
1208180 1049.6
1208190 1050.8
1208200 1055.6
1208210 1055.6
1208220 1063.0
1208230 1073.8
1208240 1073.8
1208250 1089.6
1208260 1103.1
1208270 1112.6
1208280 1112.6
1208290 1117.0
1208300 1121.3
1208310 1121.3
1208320 1126.8
1208330 1133.5
1208340 1133.5
1208350 1140.0
1208360 1145.4
1208370 1145.4
1208380 1151.6
1208390 1158.2
1208400 1158.2
1208410 1164.2
1208420 1169.5
1208430 1169.5
1208440 1175.7
1208450 1183.0
1208460 1183.0
1208470 1191.1
1208480 1198.7
1208490 1198.7
1208500 1206.7
1208510 1213.9
1208520 1213.9
1208530 1220.9
1208540 1228.3
1208550 1232.8
1208560 1232.8
1208570 1236.2
1208580 1241.8
1208590 1241.8
1208600 1248.6
1208610 1255.4
1208620 1255.4
1208630 1261.7
1208640 1266.2
1208650 1266.2
1208660 1271.2
1208670 1277.1
1208680 1277.1
1208690 1281.0
1208700 1283.4
1208710 1283.4
1208720 1285.8
1208730 1289.6
1208740 1289.6
1208750 1294.4
1208760 1299.8
1208770 1299.8
1208780 1305.4
1208790 1309.8
1208800 1309.8
1208810 1313.6
1208820 1317.7
1208830 1321.9
1208840 1321.9
1208850 1326.3
1208860 1329.9
1208870 1329.9
1208880 1333.1
1208890 1337.1
1208900 1337.1
1208910 1342.8
1208920 1349.7
1208930 1349.7
1208940 1356.5
1208950 1362.3
1208960 1362.3
1208970 1366.9
1208980 1370.3
1208990 1370.3
1209000 1366.9
1209010 1369.7
1209020 1369.7
1209030 1372.6
1209040 1372.0
1209050 1372.0
1209060 1374.8
1209070 1377.5
1209080 1377.5
1209090 1380.7
1209100 1384.4
1209110 1389.6
1209120 1389.6
1209130 1395.6
1209140 1404.2
1209150 1404.2
1209160 1414.0
1209170 1423.7
1209180 1423.7
1209190 1429.4
1209200 1434.9
1209210 1434.9
1209220 1440.8
1209230 1445.6
1209240 1445.6
1209250 1449.9
1209260 1454.1
1209270 1454.1
1209280 1458.3
1209290 1462.3
1209300 1462.3
1209310 1465.9
1209320 1469.0
1209330 1469.0
1209340 1473.5
1209350 1479.0
1209360 1484.3
1209370 1484.3
1209380 1488.7
1209390 1492.4
1209400 1492.4
1209410 1496.2
1209420 1500.9
1209430 1500.9
1209440 1506.6
1209450 1512.8
1209460 1513.4
1209470 1523.3
1209480 1532.0
1209490 1532.0
1209500 1539.0
1209510 1543.9
1209520 1543.9
1209530 1548.0
1209540 1552.0
1209550 1552.0
1209560 1556.2
1209570 1560.3
1209580 1560.3
1209590 1564.5
1209600 1569.5
1209610 1569.5
1209620 1574.9
1209630 1580.4
1209640 1584.8
1209650 1584.8
1209660 1588.6
1209670 1592.0
1209680 1592.0
1209690 1595.3
1209700 1598.6
1209710 1598.6
1209720 1601.3
1209730 1604.8
1209740 1604.8
1209750 1609.0
1209760 1613.5
1209770 1613.5
1209780 1618.2
1209790 1622.5
1209800 1622.5
1209810 1626.2
1209820 1629.4
1209830 1629.4
1209840 1632.2
1209850 1635.1
1209860 1635.1
1209870 1638.3
1209880 1641.1
1209890 1641.1
1209900 1643.7
1209910 1646.3
1209920 1648.5
1209930 1650.1
1209940 1652.2
1209950 1654.3
1209960 1654.3
1209970 1657.1
1209980 1658.9
1209990 1658.9
1210000 1659.6
1210010 1660.9
1210020 1660.9
1210030 1662.6
1210040 1663.8
1210050 1663.8
1210060 1664.4
1210070 1665.8
1210080 1665.8
1210090 1668.2
1210100 1671.0
1210110 1671.0
1210120 1673.5
1210130 1676.0
1210140 1676.0
1210150 1678.6
1210160 1681.0
1210170 1681.0
1210180 1683.6
1210190 1685.5
1210200 1687.1
1210210 1687.1
1210220 1688.5
1210230 1690.1
1210240 1690.1
1210250 1692.1
1210260 1693.8
1210270 1693.8
1210280 1695.5
1210290 1697.7
1210300 1697.7
1210310 1700.3
1210320 1702.5
1210330 1702.5
1210340 1704.5
1210350 1706.9
1210360 1706.9
1210370 1708.5
1210380 1709.1
1210390 1713.0
1210400 1708.6
1210410 1708.9
1210420 1708.9
1210430 1708.7
1210440 1708.7
1210450 1711.1
1210460 1711.1
1210470 1713.7
1210480 1716.2
1210490 1716.2
1210500 1717.5
1210510 1718.0
1210520 1718.0
1210530 1719.3
1210540 1720.6
1210550 1720.6
1210560 1720.0
1210570 1718.8
1210580 1718.8
1210590 1717.5
1210600 1715.5
1210610 1715.5
1210620 1714.6
1210630 1713.3
1210640 1713.3
1210650 1712.9
1210660 1713.9
1210670 1713.9
1210680 1714.3
1210690 1715.5
1210700 1715.5
1210710 1716.2
1210720 1715.6
1210730 1715.0
1210740 1715.0
1210750 1713.9
1210760 1711.1
1210770 1711.1
1210780 1708.4
1210790 1704.7
1210800 1704.7
1210810 1705.9
1210820 1710.1
1210830 1710.1
1210840 1713.2
1210850 1714.7
1210860 1722.6
1210870 1723.3
1210880 1726.6
1210890 1726.6
1210900 1732.7
1210910 1736.8
1210920 1736.8
1210930 1740.0
1210940 1742.6
1210950 1742.6
1210960 1746.0
1210970 1750.1
1210980 1750.1
1210990 1753.4
1211000 1757.2
1211010 1758.6
1211020 1758.6
1211030 1760.3
1211040 1760.7
1211050 1760.7
1211060 1760.8
1211070 1761.4
1211080 1761.4
1211090 1761.2
1211100 1760.5
1211110 1760.5
1211120 1760.7
1211130 1760.4
1211140 1760.4
1211150 1759.1
1211160 1757.8
1211170 1757.8
1211180 1757.6
1211190 1756.4
1211200 1756.4
1211210 1754.6
1211220 1752.1
1211230 1752.1
1211240 1749.4
1211250 1748.1
1211260 1748.1
1211270 1746.4
1211280 1743.7
1211290 1740.9
1211300 1740.9
1211310 1736.0
1211320 1743.9
1211330 1743.9
1211340 1742.7
1211350 1738.4
1211360 1738.4
1211370 1732.4
1211380 1730.7
1211390 1730.7
1211400 1729.7
1211410 1725.9
1211420 1725.9
1211430 1725.8
1211440 1724.9
1211450 1724.9
1211460 1721.3
1211470 1716.0
1211480 1716.0
1211490 1712.1
1211500 1708.1
1211510 1708.1
1211520 1705.5
1211530 1702.1
1211540 1697.8
1211550 1697.8
1211560 1696.3
1211570 1693.9
1211580 1693.9
1211590 1693.7
1211600 1693.4
1211610 1693.4
1211620 1693.2
1211630 1693.3
1211640 1693.3
1211650 1692.8
1211660 1691.0
1211670 1691.0
1211680 1688.6
1211690 1685.9
1211700 1685.9
1211710 1681.9
1211720 1678.5
1211730 1678.5
1211740 1674.8
1211750 1670.8
1211760 1670.8
1211770 1667.3
1211780 1663.1
1211790 1669.1
1211800 1664.9
1211810 1660.6
1211820 1656.6
1211830 1656.6
1211840 1652.5
1211850 1647.9
1211860 1647.9
1211870 1643.1
1211880 1639.5
1211890 1639.5
1211900 1635.7
1211910 1631.6
1211920 1631.6
1211930 1626.9
1211940 1622.3
1211950 1622.3
1211960 1618.0
1211970 1613.4
1211980 1613.4
1211990 1608.7
1212000 1603.9
1212010 1603.9
1212020 1597.8
1212030 1590.7
1212040 1590.7
1212050 1585.9
1212060 1582.3
1212070 1582.3
1212080 1578.3
1212090 1574.5
1212100 1570.6
1212110 1570.6
1212120 1566.2
1212130 1561.9
1212140 1561.9
1212150 1557.2
1212160 1552.2
1212170 1552.2
1212180 1546.5
1212190 1540.8
1212200 1540.8
1212210 1535.5
1212220 1530.3
1212230 1530.3
1212240 1525.5
1212250 1527.0
1212260 1527.0
1212270 1522.1
1212280 1517.4
1212290 1517.4
1212300 1512.2
1212310 1507.1
1212320 1507.1
1212330 1502.1
1212340 1497.3
1212350 1497.3
1212360 1492.7
1212370 1487.5
1212380 1481.8
1212390 1481.8
1212400 1475.9
1212410 1469.5
1212420 1469.5
1212430 1462.8
1212440 1456.2
1212450 1456.2
1212460 1449.9
1212470 1444.0
1212480 1444.0
1212490 1439.6
1212500 1436.1
1212510 1436.1
1212520 1433.7
1212530 1431.5
1212540 1431.5
1212550 1427.0
1212560 1420.9
1212570 1420.9
1212580 1414.6
1212590 1409.1
1212600 1409.1
1212610 1404.7
1212620 1400.0
1212630 1395.4
1212640 1395.4
1212650 1392.7
1212660 1390.6
1212670 1390.6
1212680 1387.4
1212690 1382.8
1212700 1382.8
1212710 1378.0
1212720 1372.7
1212730 1372.7
1212740 1367.1
1212750 1361.6
1212760 1361.6
1212770 1356.0
1212780 1350.3
1212790 1350.3
1212800 1344.0
1212810 1338.8
1212820 1338.8
1212830 1331.8
1212840 1325.1
1212850 1325.1
1212860 1320.1
1212870 1315.7
1212880 1315.7
1212890 1310.2
1212900 1305.8
1212910 1302.3
1212920 1302.3
1212930 1300.0
1212940 1296.6
1212950 1296.6
1212960 1290.3
1212970 1284.3
1212980 1284.3
1212990 1276.5
1213000 1269.1
1213010 1269.1
1213020 1262.5
1213030 1257.3
1213040 1257.3
1213050 1252.3
1213060 1247.6
1213070 1247.6
1213080 1243.5
1213090 1238.3
1213100 1238.3
1213110 1232.4
1213120 1225.8
1213130 1225.8
1213140 1220.4
1213150 1215.1
1213160 1215.1
1213170 1211.6
1213180 1208.0
1213190 1208.1
1213200 1208.1
1213210 1206.4
1213220 1209.0
1213230 1209.0
1213240 1213.5
1213250 1210.6
1213260 1210.6
1213270 1204.9
1213280 1200.2
1213290 1200.2
1213300 1197.6
1213310 1193.3
1213320 1193.3
1213330 1187.1
1213340 1183.6
1213350 1183.6
1213360 1185.0
1213370 1185.7
1213380 1185.7
1213390 1181.4
1213400 1177.5
1213410 1177.5
1213420 1175.7
1213430 1177.1
1213440 1177.1
1213450 1176.9
1213460 1173.1
1213470 1168.6
1213480 1168.6
1213490 1163.6
1213500 1157.8
1213510 1157.8
1213520 1152.9
1213530 1150.5
1213540 1150.5
1213550 1147.9
1213560 1145.3
1213570 1145.3
1213580 1143.2
1213590 1141.2
1213600 1141.2
1213610 1139.1
1213620 1136.6
1213630 1136.6
1213640 1134.1
1213650 1131.9
1213660 1131.8
1213670 1129.7
1213680 1127.4
1213690 1127.4
1213700 1125.1
1213710 1123.1
1213720 1121.1
1213730 1121.1
1213740 1119.0
1213750 1116.8
1213760 1116.8
1213770 1115.0
1213780 1113.4
1213790 1113.4
1213800 1112.1
1213810 1111.0
1213820 1111.0
1213830 1109.8
1213840 1108.4
1213850 1108.4
1213860 1107.2
1213870 1105.9
1213880 1105.9
1213890 1104.6
1213900 1103.0
1213910 1103.0
1213920 1101.5
1213930 1100.0
1213940 1100.0
1213950 1098.7
1213960 1097.2
1213970 1097.2
1213980 1095.6
1213990 1094.1
1214000 1092.7
1214010 1092.7
1214020 1091.2
1214030 1089.5
1214040 1089.5
1214050 1088.2
1214060 1086.7
1214070 1086.7
1214080 1085.1
1214090 1083.8
1214100 1083.8
1214110 1082.9
1214120 1082.0
1214130 1082.6
1214140 1081.6
1214150 1080.3
1214160 1080.3
1214170 1079.1
1214180 1077.7
1214190 1077.7
1214200 1076.4
1214210 1075.2
1214220 1075.2
1214230 1074.0
1214240 1072.8
1214250 1072.8
1214260 1071.5
1214270 1070.1
1214280 1069.0
1214290 1069.0
1214300 1067.7
1214310 1066.3
1214320 1066.3
1214330 1065.0
1214340 1063.5
1214350 1063.5
1214360 1062.5
1214370 1061.5
1214380 1061.5
1214390 1060.5
1214400 1059.5
1214410 1059.5
1214420 1058.5
1214430 1057.6
1214440 1057.6
1214450 1056.6
1214460 1055.6
1214470 1055.6
1214480 1054.5
1214490 1053.5
1214500 1053.5
1214510 1052.3
1214520 1051.2
1214530 1051.2
1214540 1050.3
1214550 1049.5
1214560 1048.6
1214570 1048.6
1214580 1047.3
1214590 1046.4
1214600 1047.0
1214610 1045.9
1214620 1044.8
1214630 1044.8
1214640 1043.8
1214650 1042.7
1214660 1042.7
1214670 1041.6
1214680 1040.6
1214690 1040.6
1214700 1039.5
1214710 1038.6
1214720 1038.6
1214730 1037.8
1214740 1036.9
1214750 1036.9
1214760 1035.9
1214770 1035.0
1214780 1035.0
1214790 1034.2
1214800 1033.1
1214810 1031.9
1214820 1031.9
1214830 1031.0
1214840 1030.3
1214850 1030.3
1214860 1029.5
1214870 1028.1
1214880 1028.1
1214890 1027.0
1214900 1025.9
1214910 1025.9
1214920 1025.3
1214930 1024.4
1214940 1024.4
1214950 1023.2
1214960 1023.5
1214970 1023.5
1214980 1023.7
1214990 1022.6
1215000 1022.6
1215010 1022.6
1215020 1022.2
1215030 1022.2
1215040 1021.4
1215050 1020.9
1215060 1020.9
1215070 1025.4
1215080 1025.5
1215090 1024.8
1215100 1024.8
1215110 1024.0
1215120 1023.3
1215130 1023.3
1215140 1022.6
1215150 1021.9
1215160 1021.9
1215170 1021.1
1215180 1020.3
1215190 1020.3
1215200 1019.7
1215210 1019.1
1215220 1019.1
1215230 1018.6
1215240 1018.1
1215250 1018.1
1215260 1017.4
1215270 1016.7
1215280 1016.7
1215290 1016.0
1215300 1015.3
1215310 1015.3
1215320 1014.6
1215330 1014.0
1215340 1014.0
1215350 1013.5
1215360 1013.0
1215370 1012.4
1215380 1012.4
1215390 1011.8
1215400 1011.2
1215410 1011.2
1215420 1010.6
1215430 1009.9
1215440 1009.9
1215450 1009.2
1215460 1008.4
1215470 1008.4
1215480 1007.6
1215490 1006.8
1215500 1006.8
1215510 1006.0
1215520 1005.2
1215530 1005.2
1215540 1004.8
1215550 1003.9
1215560 1003.9
1215570 1003.0
1215580 1002.2
1215590 1002.2
1215600 1001.5
1215610 1000.7
1215620 1000.7
1215630 999.9
1215640 999.2
1215650 998.6
1215660 998.6
1215670 997.8
1215680 997.0
1215690 997.0
1215700 996.2
1215710 995.3
1215720 995.3
1215730 994.6
1215740 993.9
1215750 993.9
1215760 993.3
1215770 992.6
1215780 992.6
1215790 992.1
1215800 991.6
1215810 991.6
1215820 991.0
1215830 990.6
1215840 990.6
1215850 990.1
1215860 989.5
1215870 989.5
1215880 988.7
1215890 987.9
1215900 987.4
1215910 987.4
1215920 986.9
1215930 986.3
1215940 986.3
1215950 985.6
1215960 984.9
1215970 984.9
1215980 983.9
1215990 982.9
1216000 982.9
1216010 981.7
1216020 980.6
1216030 980.6
1216040 980.2
1216050 980.1
1216060 980.1
1216070 980.0
1216080 980.5
1216090 980.5
1216100 981.1
1216110 981.1
1216120 981.1
1216130 981.0
1216140 980.7
1216150 980.7
1216160 980.2
1216170 979.5
1216180 978.4
1216190 978.4
1216200 977.2
1216210 975.8
1216220 975.8
1216230 975.1
1216240 976.8
1216250 976.8
1216260 980.8
1216270 985.1
1216280 985.1
1216290 986.1
1216300 985.9
1216310 985.9
1216320 985.5
1216330 985.5
1216340 985.5
1216350 985.6
1216360 984.9
1216370 984.9
1216380 984.7
1216390 984.6
1216400 984.6
1216410 984.5
1216420 984.3
1216430 984.3
1216440 984.1
1216450 983.9
1216460 983.7
1216470 983.7
1216480 983.5
1216490 983.3
1216500 983.3
1216510 983.4
1216520 983.3
1216530 983.3
1216540 982.9
1216550 982.5
1216560 982.5
1216570 982.3
1216580 982.1
1216590 982.1
1216600 981.8
1216610 981.6
1216620 981.6
1216630 981.0
1216640 980.1
1216650 980.1
1216660 979.1
1216670 978.1
1216680 978.1
1216690 977.4
1216700 976.7
1216710 976.7
1216720 976.0
1216730 975.5
1216740 974.9
1216750 974.9
1216760 974.4
1216770 974.0
1216780 974.0
1216790 973.4
1216800 972.8
1216810 972.8
1216820 972.3
1216830 971.9
1216840 971.9
1216850 971.5
1216860 971.0
1216870 971.0
1216880 970.5
1216890 970.3
1216900 970.3
1216910 970.3
1216920 970.3
1216930 970.3
1216940 970.5
1216950 970.6
1216960 970.6
1216970 968.0
1216980 966.9
1216990 965.9
1217000 965.9
1217010 965.1
1217020 964.7
1217030 964.7
1217040 964.9
1217050 966.2
1217060 966.2
1217070 967.2
1217080 968.5
1217090 968.5
1217100 969.5
1217110 970.6
1217120 970.6
1217130 971.5
1217140 971.7
1217150 971.7
1217160 972.7
1217170 973.3
1217180 973.3
1217190 972.8
1217200 973.0
1217210 973.0
1217220 973.3
1217230 973.5
1217240 973.5
1217250 973.8
1217260 973.6
1217270 973.1
1217280 973.1
1217290 971.3
1217300 970.2
1217310 970.2
1217320 969.6
1217330 969.2
1217340 969.2
1217350 968.4
1217360 967.6
1217370 967.6
1217380 967.5
1217390 967.1
1217400 967.1
1217410 967.0
1217420 966.9
1217430 966.9
1217440 966.8
1217450 967.0
1217460 967.0
1217470 966.5
1217480 965.4
1217490 965.4
1217500 964.7
1217510 964.2
1217520 964.2
1217530 963.6
1217540 962.7
1217550 960.8
1217560 960.8
1217570 958.7
1217580 957.4
1217590 957.4
1217600 956.3
1217610 955.4
1217620 955.4
1217630 954.6
1217640 954.0
1217650 954.0
1217660 953.5
1217670 953.6
1217680 953.6
1217690 954.3
1217700 955.4
1217710 955.4
1217720 955.9
1217730 956.0
1217740 956.0
1217750 956.2
1217760 956.3
1217770 956.3
1217780 956.0
1217790 955.6
1217800 955.6
1217810 955.3
1217820 954.9
1217830 953.9
1217840 953.9
1217850 952.8
1217860 952.0
1217870 952.0
1217880 951.2
1217890 950.4
1217900 950.4
1217910 949.6
1217920 948.5
1217930 948.5
1217940 947.6
1217950 946.7
1217960 946.7
1217970 945.6
1217980 944.5
1217990 944.5
1218000 943.3
1218010 942.0
1218020 942.0
1218030 940.7
1218040 939.5
1218050 939.5
1218060 938.2
1218070 936.6
1218080 934.7
1218090 934.7
1218100 931.8
1218110 928.3
1218120 928.3
1218130 926.0
1218140 923.1
1218150 923.1
1218160 919.5
1218170 919.2
1218180 919.2
1218190 917.3
1218200 913.4
1218210 913.4
1218220 912.6
1218230 911.7
1218240 911.7
1218250 910.4
1218260 906.7
1218270 906.7
1218280 903.6
1218290 902.9
1218300 902.9
1218310 903.9
1218320 905.1
1218330 905.1
1218340 907.2
1218350 910.4
1218360 911.5
1218370 911.5
1218380 910.6
1218390 906.0
1218400 903.3
1218410 898.9
1218420 892.9
1218430 892.9
1218440 887.2
1218450 882.9
1218460 882.9
1218470 879.7
1218480 877.4
1218490 877.4
1218500 875.8
1218510 872.5
1218520 872.5
1218530 872.1
1218540 869.5
1218550 869.5
1218560 862.3
1218570 854.9
1218580 854.9
1218590 848.8
1218600 844.1
1218610 844.1
1218620 839.8
1218630 835.2
1218640 834.6
1218650 834.6
1218660 832.1
1218670 828.0
1218680 828.0
1218690 824.4
1218700 820.7
1218710 820.7
1218720 817.0
1218730 812.8
1218740 812.8
1218750 810.2
1218760 810.8
1218770 810.8
1218780 813.4
1218790 813.6
1218800 813.6
1218810 810.1
1218820 812.8
1218830 812.8
1218840 819.5
1218850 825.5
1218860 825.5
1218870 831.2
1218880 830.8
1218890 834.4
1218900 834.4
1218910 833.2
1218920 827.1
1218930 827.1
1218940 819.6
1218950 811.6
1218960 811.6
1218970 803.5
1218980 796.5
1218990 796.5
1219000 797.1
1219010 802.9
1219020 802.9
1219030 809.4
1219040 815.2
1219050 815.2
1219060 818.0
1219070 818.7
1219080 818.7
1219090 816.7
1219100 811.4
1219110 811.4
1219120 807.9
1219130 808.3
1219140 808.3
1219150 808.2
1219160 805.1
1219170 802.5
1219180 802.5
1219190 803.8
1219200 803.6
1219210 803.6
1219220 801.9
1219230 796.4
1219240 796.4
1219250 790.7
1219260 785.7
1219270 785.7
1219280 784.5
1219290 789.3
1219300 789.3
1219310 794.1
1219320 796.9
1219330 796.9
1219340 797.1
1219350 792.9
1219360 790.9
1219370 784.8
1219380 778.1
1219390 778.1
1219400 771.9
1219410 767.1
1219420 767.1
1219430 765.6
1219440 766.0
1219450 767.5
1219460 767.5
1219470 772.7
1219480 778.3
1219490 778.3
1219500 782.8
1219510 779.4
1219520 779.4
1219530 773.4
1219540 769.4
1219550 769.4
1219560 766.2
1219570 762.5
1219580 762.5
1219590 757.1
1219600 750.4
1219610 750.4
1219620 743.2
1219630 735.8
1219640 735.8
1219650 729.4
1219660 725.9
1219670 725.9
1219680 725.2
1219690 721.9
1219700 721.9
1219710 714.9
1219720 708.4
1219730 705.7
1219740 705.7
1219750 705.2
1219760 704.4
1219770 704.4
1219780 703.9
1219790 705.6
1219800 705.6
1219810 709.7
1219820 721.1
1219830 721.1
1219840 731.7
1219850 738.7
1219860 738.7
1219870 744.7
1219880 750.2
1219890 750.2
1219900 756.2
1219910 762.4
1219920 762.4
1219930 768.7
1219940 775.1
1219950 775.1
1219960 781.7
1219970 786.6
1219980 782.8
1219990 782.8
