1200000 1873.7
1200010 1870.0
1200020 1870.0
1200030 1865.7
1200040 1863.2
1200050 1862.1
1200060 1862.1
1200070 1861.6
1200080 1859.2
1200090 1859.2
1200100 1858.3
1200110 1857.4
1200120 1857.4
1200130 1857.4
1200140 1857.3
1200150 1857.3
1200160 1855.8
1200170 1855.8
1200180 1855.8
1200190 1853.9
1200200 1849.0
1200210 1849.0
1200220 1842.4
1200230 1833.4
1200240 1833.4
1200250 1827.7
1200260 1821.8
1200270 1821.8
1200280 1816.4
1200290 1812.0
1200300 1805.6
1200310 1805.6
1200320 1794.6
1200330 1790.6
1200340 1790.6
1200350 1787.0
1200360 1783.6
1200370 1783.6
1200380 1779.7
1200390 1774.3
1200400 1774.3
1200410 1767.3
1200420 1761.0
1200430 1761.0
1200440 1756.0
1200450 1754.0
1200460 1754.0
1200470 1750.5
1200480 1744.8
1200490 1744.8
1200500 1736.8
1200510 1729.2
1200520 1729.2
1200530 1723.6
1200540 1721.2
1200550 1721.2
1200560 1718.5
1200570 1715.1
1200580 1711.9
1200590 1711.9
1200600 1708.3
1200610 1705.3
1200620 1705.3
1200630 1702.9
1200640 1701.2
1200650 1701.2
1200660 1700.0
1200670 1697.5
1200680 1697.5
1200690 1695.0
1200700 1692.6
1200710 1692.6
1200720 1689.9
1200730 1687.0
1200740 1687.0
1200750 1684.1
1200760 1680.9
1200770 1678.6
1200780 1676.0
1200790 1673.8
1200800 1673.8
1200810 1671.6
1200820 1671.8
1200830 1671.8
1200840 1673.1
1200850 1672.6
1200860 1670.3
1200870 1670.3
1200880 1667.3
1200890 1663.8
1200900 1663.8
1200910 1659.5
1200920 1654.3
1200930 1654.3
1200940 1648.3
1200950 1643.1
1200960 1643.1
1200970 1637.9
1200980 1633.5
1200990 1633.5
1201000 1630.4
1201010 1628.2
1201020 1628.2
1201030 1625.0
1201040 1621.8
1201050 1621.8
1201060 1618.3
1201070 1615.5
1201080 1615.5
1201090 1614.2
1201100 1613.4
1201110 1613.4
1201120 1613.1
1201130 1613.6
1201140 1614.2
1201150 1614.2
1201160 1614.8
1201170 1616.2
1201180 1616.2
1201190 1617.5
1201200 1619.3
1201210 1619.3
1201220 1622.0
1201230 1623.0
1201240 1623.0
1201250 1625.8
1201260 1628.9
1201270 1628.9
1201280 1630.7
1201290 1631.0
1201300 1631.0
1201310 1629.8
1201320 1630.1
1201330 1630.1
1201340 1628.5
1201350 1627.3
1201360 1627.3
1201370 1628.7
1201380 1629.2
1201390 1629.2
1201400 1627.8
1201410 1626.6
1201420 1624.7
1201430 1624.7
1201440 1621.1
1201450 1620.4
1201460 1620.4
1201470 1621.7
1201480 1622.9
1201490 1622.9
1201500 1626.1
1201510 1626.9
1201520 1626.9
1201530 1624.2
1201540 1620.0
1201550 1620.0
1201560 1615.3
1201570 1612.6
1201580 1612.6
1201590 1612.0
1201600 1612.0
1201610 1612.0
1201620 1611.3
1201630 1609.8
1201640 1609.8
1201650 1608.2
1201660 1606.8
1201670 1605.4
1201680 1605.4
1201690 1604.5
1201700 1602.4
1201710 1602.4
1201720 1601.1
1201730 1600.8
1201740 1600.8
1201750 1599.6
1201760 1597.0
1201770 1597.0
1201780 1594.7
1201790 1593.4
1201800 1593.4
1201810 1593.1
1201820 1592.3
1201830 1592.3
1201840 1592.6
1201850 1593.4
1201860 1593.4
1201870 1592.3
1201880 1589.6
1201890 1589.6
1201900 1586.5
1201910 1584.0
1201920 1584.0
1201930 1580.4
1201940 1574.5
1201950 1569.1
1201960 1569.1
1201970 1564.8
1201980 1561.2
1201990 1561.2
1202000 1559.8
1202010 1557.3
1202020 1557.3
1202030 1556.8
1202040 1558.8
1202050 1558.8
1202060 1558.9
1202070 1557.9
1202080 1557.9
1202090 1557.6
1202100 1557.3
1202110 1557.3
1202120 1554.7
1202130 1553.5
1202140 1553.5
1202150 1554.6
1202160 1554.4
1202170 1554.4
1202180 1553.5
1202190 1552.6
1202200 1552.6
1202210 1552.1
1202220 1553.5
1202230 1552.8
1202240 1552.8
1202250 1551.3
1202260 1549.2
1202270 1549.2
1202280 1547.0
1202290 1545.1
1202300 1545.1
1202310 1543.6
1202320 1541.7
1202330 1541.7
1202340 1540.1
1202350 1538.5
1202360 1538.5
1202370 1536.5
1202380 1534.0
1202390 1534.0
1202400 1530.8
1202410 1528.7
1202420 1528.7
1202430 1527.2
1202440 1527.8
1202450 1527.8
1202460 1525.9
1202470 1521.2
1202480 1521.2
1202490 1518.2
1202500 1517.1
1202510 1517.4
1202520 1517.4
1202530 1518.3
1202540 1520.0
1202550 1520.0
1202560 1521.3
1202570 1519.5
1202580 1519.5
1202590 1519.1
1202600 1517.1
1202610 1517.1
1202620 1513.9
1202630 1511.2
1202640 1511.2
1202650 1509.7
1202660 1509.6
1202670 1509.6
1202680 1509.9
1202690 1510.7
1202700 1510.7
1202710 1512.5
1202720 1514.5
1202730 1514.5
1202740 1516.4
1202750 1517.1
1202760 1517.1
1202770 1517.9
1202780 1518.9
1202790 1519.8
1202800 1519.8
1202810 1520.3
1202820 1520.7
1202830 1520.7
1202840 1521.8
1202850 1522.5
1202860 1522.5
1202870 1522.0
1202880 1520.6
1202890 1520.6
1202900 1519.4
1202910 1518.1
1202920 1518.1
1202930 1514.9
1202940 1511.3
1202950 1511.3
1202960 1508.1
1202970 1506.5
1202980 1506.5
1202990 1506.0
1203000 1505.9
1203010 1505.9
1203020 1505.5
1203030 1504.7
1203040 1504.7
1203050 1504.6
1203060 1504.6
1203070 1504.7
1203080 1504.7
1203090 1504.9
1203100 1505.2
1203110 1505.2
1203120 1505.9
1203130 1507.4
1203140 1507.4
1203150 1509.0
1203160 1510.8
1203170 1510.8
1203180 1511.9
1203190 1512.3
1203200 1512.3
1203210 1511.7
1203220 1511.3
1203230 1511.3
1203240 1509.0
1203250 1505.9
1203260 1505.9
1203270 1502.4
1203280 1499.8
1203290 1499.8
1203300 1497.7
1203310 1495.4
1203320 1493.1
1203330 1493.1
1203340 1489.5
1203350 1488.4
1203360 1488.4
1203370 1490.5
1203380 1493.0
1203390 1493.0
1203400 1495.8
1203410 1497.4
1203420 1497.4
1203430 1497.9
1203440 1498.4
1203450 1498.4
1203460 1498.3
1203470 1495.9
1203480 1495.3
1203490 1493.1
1203500 1492.5
1203510 1492.5
1203520 1492.2
1203530 1490.2
1203540 1490.2
1203550 1487.0
1203560 1484.4
1203570 1484.4
1203580 1483.7
1203590 1483.3
1203600 1483.2
1203610 1483.2
1203620 1483.2
1203630 1484.3
1203640 1484.3
1203650 1485.3
1203660 1485.7
1203670 1485.7
1203680 1485.7
1203690 1485.6
1203700 1485.6
1203710 1485.4
1203720 1484.4
1203730 1484.4
1203740 1483.2
1203750 1481.2
1203760 1481.2
1203770 1476.5
1203780 1470.3
1203790 1470.3
1203800 1462.1
1203810 1455.0
1203820 1455.0
1203830 1448.6
1203840 1443.3
1203850 1443.3
1203860 1439.4
1203870 1436.8
1203880 1434.7
1203890 1434.7
1203900 1431.7
1203910 1427.4
1203920 1427.4
1203930 1416.9
1203940 1412.7
1203950 1412.7
1203960 1409.1
1203970 1405.4
1203980 1405.4
1203990 1402.7
1204000 1400.2
1204010 1400.2
1204020 1397.2
1204030 1394.4
1204040 1394.4
1204050 1392.3
1204060 1389.9
1204070 1389.9
1204080 1389.0
1204090 1389.7
1204100 1389.7
1204110 1390.2
1204120 1389.5
1204130 1389.5
1204140 1387.7
1204150 1384.3
1204160 1380.2
1204170 1380.2
1204180 1376.1
1204190 1371.3
1204200 1371.3
1204210 1367.0
1204220 1364.4
1204230 1364.4
1204240 1362.8
1204250 1361.0
1204260 1361.0
1204270 1359.5
1204280 1357.8
1204290 1357.8
1204300 1355.5
1204310 1351.0
1204320 1351.0
1204330 1347.2
1204340 1344.0
1204350 1344.0
1204360 1339.3
1204370 1333.1
1204380 1333.1
1204390 1325.3
1204400 1321.9
1204410 1321.9
1204420 1317.8
1204430 1313.9
1204440 1311.4
1204450 1311.4
1204460 1309.2
1204470 1306.6
1204480 1306.6
1204490 1302.8
1204500 1297.6
1204510 1297.6
1204520 1291.9
1204530 1285.9
1204540 1285.9
1204550 1281.0
1204560 1277.9
1204570 1277.9
1204580 1274.4
1204590 1270.1
1204600 1270.1
1204610 1265.5
1204620 1263.1
1204630 1263.1
1204640 1262.5
1204650 1261.0
1204660 1261.0
1204670 1257.9
1204680 1253.4
1204690 1248.4
1204700 1248.4
1204710 1243.3
1204720 1238.2
1204730 1238.2
1204740 1233.2
1204750 1229.4
1204760 1229.4
1204770 1226.0
1204780 1222.2
1204790 1222.2
1204800 1216.7
1204810 1210.4
1204820 1210.4
1204830 1204.2
1204840 1198.9
1204850 1198.9
1204860 1195.4
1204870 1191.3
1204880 1191.3
1204890 1186.5
1204900 1181.4
1204910 1181.4
1204920 1176.7
1204930 1173.7
1204940 1173.7
1204950 1173.2
1204960 1171.8
1204970 1169.1
1204980 1169.1
1204990 1166.2
1205000 1163.2
1205010 1163.2
1205020 1159.7
1205030 1156.1
1205040 1156.1
1205050 1153.9
1205060 1152.4
1205070 1152.4
1205080 1150.6
1205090 1148.6
1205100 1148.6
1205110 1145.9
1205120 1142.3
1205130 1142.3
1205140 1139.5
1205150 1136.8
1205160 1136.8
1205170 1132.4
1205180 1125.9
1205190 1125.9
1205200 1118.3
1205210 1111.8
1205220 1111.8
1205230 1105.7
1205240 1099.9
1205250 1094.1
1205260 1094.1
1205270 1088.6
1205280 1083.0
1205290 1083.0
1205300 1075.9
1205310 1068.5
1205320 1068.5
1205330 1060.3
1205340 1052.0
1205350 1052.0
1205360 1044.5
1205370 1038.4
1205380 1038.4
1205390 1030.8
1205400 1022.5
1205410 1022.5
1205420 1014.8
1205430 1007.6
1205440 1007.6
1205450 1001.5
1205460 996.2
1205470 996.2
1205480 991.0
1205490 983.3
1205500 983.3
1205510 976.4
1205520 971.0
1205530 965.8
1205540 965.8
1205550 960.1
1205560 953.7
1205570 953.7
1205580 948.2
1205590 941.9
1205600 941.9
1205610 935.0
1205620 927.3
1205630 927.3
1205640 920.4
1205650 913.0
1205660 913.0
1205670 907.1
1205680 902.1
1205690 902.1
1205700 897.0
1205710 891.1
1205720 891.1
1205730 885.0
1205740 880.3
1205750 880.3
1205760 876.5
1205770 872.1
1205780 872.1
1205790 868.2
1205800 864.2
1205810 860.5
1205820 860.5
1205830 856.8
1205840 851.7
1205850 851.7
1205860 850.8
1205870 851.0
1205880 851.0
1205890 850.0
1205900 848.5
1205910 848.5
1205920 846.5
1205930 844.4
1205940 844.4
1205950 842.3
1205960 840.4
1205970 840.4
1205980 838.4
1205990 836.5
1206000 836.5
1206010 834.7
1206020 833.2
1206030 833.2
1206040 831.7
1206050 827.6
1206060 827.6
1206070 826.5
1206080 827.0
1206090 826.4
1206100 826.4
1206110 824.2
1206120 823.1
1206130 823.1
1206140 821.1
1206150 819.5
1206160 819.5
1206170 818.9
1206180 818.5
1206190 818.5
1206200 817.7
1206210 815.2
1206220 815.2
1206230 814.4
1206240 813.4
1206250 813.4
1206260 812.6
1206270 812.1
1206280 812.1
1206290 812.1
1206300 811.9
1206310 811.9
1206320 810.8
1206330 810.7
1206340 811.2
1206350 811.2
1206360 812.2
1206370 812.7
1206380 812.7
1206390 812.9
1206400 813.2
1206410 813.2
1206420 813.4
1206430 813.4
1206440 813.4
1206450 813.5
1206460 813.7
1206470 813.7
1206480 814.3
1206490 814.0
1206500 814.0
1206510 813.6
1206520 813.5
1206530 813.5
1206540 813.6
1206550 813.6
1206560 813.6
1206570 813.7
1206580 813.7
1206590 813.7
1206600 813.2
1206610 812.8
1206620 813.4
1206630 813.4
1206640 813.8
1206650 811.6
1206660 811.6
1206670 811.0
1206680 811.0
1206690 811.0
1206700 811.1
1206710 811.0
1206720 811.0
1206730 811.0
1206740 811.2
1206750 811.2
1206760 811.2
1206770 811.2
1206780 811.2
1206790 811.2
1206800 811.2
1206810 811.2
1206820 811.2
1206830 811.3
1206840 811.3
1206850 811.4
1206860 811.7
1206870 811.7
1206880 811.9
1206890 811.0
1206900 811.8
1206910 811.8
1206920 812.5
1206930 812.0
1206940 812.0
1206950 812.1
1206960 812.2
1206970 812.2
1206980 812.5
1206990 812.7
1207000 812.7
1207010 812.9
1207020 813.3
1207030 813.3
1207040 813.6
1207050 814.0
1207060 814.0
1207070 814.0
1207080 814.0
1207090 814.0
1207100 813.8
1207110 813.6
1207120 813.6
1207130 813.6
1207140 814.8
1207150 814.8
1207160 814.3
1207170 813.2
1207180 813.1
1207190 813.1
1207200 813.3
1207210 813.0
1207220 813.0
1207230 813.0
1207240 813.3
1207250 813.3
1207260 813.2
1207270 813.3
1207280 813.3
1207290 813.3
1207300 813.4
1207310 813.4
1207320 813.5
1207330 813.6
1207340 813.6
1207350 814.0
1207360 814.4
1207370 814.4
1207380 814.9
1207390 815.2
1207400 815.2
1207410 815.6
1207420 815.8
1207430 815.8
1207440 816.3
1207450 817.2
1207460 817.9
1207470 817.9
1207480 818.3
1207490 818.9
1207500 818.9
1207510 819.6
1207520 820.2
1207530 820.2
1207540 820.6
1207550 821.4
1207560 821.4
1207570 822.8
1207580 823.8
1207590 823.7
1207600 824.5
1207610 825.2
1207620 825.2
1207630 827.4
1207640 829.1
1207650 829.1
1207660 829.9
1207670 830.6
1207680 830.6
1207690 831.5
1207700 832.9
1207710 836.3
1207720 836.3
1207730 837.9
1207740 839.5
1207750 839.5
1207760 840.4
1207770 841.4
1207780 841.4
1207790 843.6
1207800 844.9
1207810 844.9
1207820 846.1
1207830 848.3
1207840 848.3
1207850 849.6
1207860 851.1
1207870 851.1
1207880 854.1
1207890 856.0
1207900 856.0
1207910 857.9
1207920 860.4
1207930 860.4
1207940 862.2
1207950 864.8
1207960 864.8
1207970 866.5
1207980 869.4
1207990 872.3
1208000 872.3
1208010 874.4
1208020 877.6
1208030 877.6
1208040 880.2
1208050 883.8
1208060 883.8
1208070 885.6
1208080 886.4
1208090 886.4
1208100 888.5
1208110 893.8
1208120 893.8
1208130 897.7
1208140 900.4
1208150 900.4
1208160 902.6
1208170 906.4
1208180 906.4
1208190 913.8
1208200 922.3
1208210 922.3
1208220 931.2
1208230 939.9
1208240 939.9
1208250 947.2
1208260 953.1
1208270 958.5
1208280 958.5
1208290 963.7
1208300 969.1
1208310 969.1
1208320 974.5
1208330 980.0
1208340 980.0
1208350 985.7
1208360 991.6
1208370 991.6
1208380 997.7
1208390 1004.1
1208400 1004.1
1208410 1009.7
1208420 1013.0
1208430 1013.0
1208440 1013.1
1208450 1011.0
1208460 1011.0
1208470 1011.5
1208480 1015.6
1208490 1015.6
1208500 1019.7
1208510 1024.7
1208520 1024.7
1208530 1022.3
1208540 1023.2
1208550 1023.7
1208560 1023.7
1208570 1021.4
1208580 1015.6
1208590 1015.6
1208600 1012.7
1208610 1012.7
1208620 1012.7
1208630 1015.6
1208640 1021.4
1208650 1021.4
1208660 1026.1
1208670 1028.8
1208680 1028.8
1208690 1031.3
1208700 1032.5
1208710 1032.5
1208720 1032.2
1208730 1031.8
1208740 1031.8
1208750 1032.7
1208760 1035.4
1208770 1035.4
1208780 1042.1
1208790 1049.6
1208800 1049.6
1208810 1057.1
1208820 1062.7
1208830 1061.3
1208840 1061.3
1208850 1056.5
1208860 1054.7
1208870 1054.7
1208880 1053.6
1208890 1050.1
1208900 1050.1
1208910 1051.5
1208920 1057.2
1208930 1057.2
1208940 1060.6
1208950 1064.4
1208960 1064.4
1208970 1071.4
1208980 1076.1
1208990 1076.1
1209000 1080.9
1209010 1085.1
1209020 1085.1
1209030 1089.4
1209040 1091.5
1209050 1091.5
1209060 1089.6
1209070 1091.2
1209080 1091.2
1209090 1094.4
1209100 1096.5
1209110 1098.1
1209120 1098.1
1209130 1101.4
1209140 1103.3
1209150 1103.3
1209160 1105.3
1209170 1109.5
1209180 1109.5
1209190 1112.5
1209200 1115.1
1209210 1115.1
1209220 1117.1
1209230 1120.7
1209240 1120.7
1209250 1123.0
1209260 1125.7
1209270 1125.7
1209280 1128.5
1209290 1132.9
1209300 1132.9
1209310 1137.0
1209320 1140.6
1209330 1140.6
1209340 1145.5
1209350 1151.0
1209360 1154.5
1209370 1154.5
1209380 1158.5
1209390 1161.9
1209400 1161.9
1209410 1165.1
1209420 1169.4
1209430 1169.4
1209440 1176.6
1209450 1180.8
1209460 1180.8
1209470 1184.3
1209480 1189.1
1209490 1189.1
1209500 1195.6
1209510 1197.4
1209520 1197.4
1209530 1198.9
1209540 1198.1
1209550 1198.1
1209560 1198.2
1209570 1203.2
1209580 1203.2
1209590 1208.3
1209600 1212.9
1209610 1212.9
1209620 1216.5
1209630 1216.5
1209640 1215.7
1209650 1215.7
1209660 1215.4
1209670 1216.6
1209680 1216.6
1209690 1216.5
1209700 1218.8
1209710 1218.8
1209720 1219.8
1209730 1221.6
1209740 1221.6
1209750 1223.0
1209760 1226.5
1209770 1226.5
1209780 1229.8
1209790 1233.6
1209800 1233.6
1209810 1235.1
1209820 1236.1
1209830 1236.1
1209840 1237.4
1209850 1238.8
1209860 1238.8
1209870 1241.4
1209880 1245.0
1209890 1245.0
1209900 1253.1
1209910 1257.3
1209920 1260.1
1209930 1260.1
1209940 1261.3
1209950 1262.0
1209960 1262.0
1209970 1262.6
1209980 1263.7
1209990 1263.7
1210000 1265.2
1210010 1267.6
1210020 1267.6
1210030 1270.1
1210040 1272.0
1210050 1272.0
1210060 1273.7
1210070 1274.8
1210080 1274.8
1210090 1276.7
1210100 1278.9
1210110 1278.9
1210120 1280.8
1210130 1282.0
1210140 1282.0
1210150 1282.6
1210160 1282.0
1210170 1282.0
1210180 1282.2
1210190 1281.0
1210200 1280.8
1210210 1280.8
1210220 1284.1
1210230 1286.4
1210240 1286.4
1210250 1288.4
1210260 1290.6
1210270 1290.6
1210280 1293.1
1210290 1295.4
1210300 1295.4
1210310 1296.8
1210320 1297.4
1210330 1297.4
1210340 1298.0
1210350 1298.4
1210360 1306.9
1210370 1306.1
1210380 1305.4
1210390 1305.4
1210400 1305.3
1210410 1304.5
1210420 1304.5
1210430 1304.1
1210440 1303.7
1210450 1303.7
1210460 1301.0
1210470 1296.7
1210480 1295.2
1210490 1295.2
1210500 1290.1
1210510 1282.1
1210520 1282.1
1210530 1275.9
1210540 1272.7
1210550 1272.7
1210560 1272.6
1210570 1274.4
1210580 1274.4
1210590 1280.4
1210600 1288.4
1210610 1288.4
1210620 1294.5
1210630 1298.5
1210640 1298.5
1210650 1300.7
1210660 1300.9
1210670 1300.9
1210680 1301.4
1210690 1305.1
1210700 1305.1
1210710 1306.0
1210720 1305.3
1210730 1305.3
1210740 1305.3
1210750 1304.8
1210760 1303.9
1210770 1303.9
1210780 1303.2
1210790 1303.6
1210800 1303.6
1210810 1304.6
1210820 1306.2
1210830 1313.3
1210840 1314.6
1210850 1315.6
1210860 1315.6
1210870 1315.9
1210880 1315.2
1210890 1315.2
1210900 1314.2
1210910 1313.7
1210920 1313.7
1210930 1313.4
1210940 1314.0
1210950 1314.0
1210960 1315.3
1210970 1316.3
1210980 1316.3
1210990 1317.8
1211000 1319.1
1211010 1320.2
1211020 1320.2
1211030 1321.1
1211040 1321.8
1211050 1321.8
1211060 1321.5
1211070 1320.3
1211080 1320.3
1211090 1323.5
1211100 1327.2
1211110 1327.2
1211120 1328.0
1211130 1329.0
1211140 1329.0
1211150 1329.6
1211160 1329.0
1211170 1329.0
1211180 1329.2
1211190 1328.2
1211200 1328.2
1211210 1327.0
1211220 1325.6
1211230 1325.6
1211240 1324.5
1211250 1324.0
1211260 1324.0
1211270 1323.4
1211280 1322.3
1211290 1326.4
1211300 1326.4
1211310 1324.6
1211320 1322.5
1211330 1322.5
1211340 1319.4
1211350 1318.0
1211360 1318.0
1211370 1317.9
1211380 1316.5
1211390 1316.5
1211400 1314.1
1211410 1312.4
1211420 1312.4
1211430 1311.0
1211440 1309.7
1211450 1309.7
1211460 1308.5
1211470 1305.0
1211480 1305.0
1211490 1300.8
1211500 1298.5
1211510 1298.5
1211520 1300.9
1211530 1301.8
1211540 1301.8
1211550 1298.8
1211560 1296.0
1211570 1294.7
1211580 1294.7
1211590 1296.0
1211600 1298.0
1211610 1298.0
1211620 1295.8
1211630 1292.7
1211640 1292.7
1211650 1289.3
1211660 1285.0
1211670 1285.0
1211680 1280.7
1211690 1277.9
1211700 1277.9
1211710 1274.5
1211720 1271.8
1211730 1271.8
1211740 1271.3
1211750 1273.9
1211760 1278.9
1211770 1281.4
1211780 1278.6
1211790 1278.6
1211800 1274.3
1211810 1269.6
1211820 1269.6
1211830 1265.1
1211840 1259.8
1211850 1255.6
1211860 1255.6
1211870 1252.1
1211880 1249.7
1211890 1249.7
1211900 1247.1
1211910 1245.4
1211920 1245.4
1211930 1244.2
1211940 1243.3
1211950 1243.3
1211960 1240.9
1211970 1239.5
1211980 1239.5
1211990 1242.4
1212000 1246.2
1212010 1246.2
1212020 1248.8
1212030 1244.5
1212040 1244.5
1212050 1238.9
1212060 1234.8
1212070 1234.8
1212080 1231.5
1212090 1228.7
1212100 1225.7
1212110 1225.7
1212120 1222.9
1212130 1220.8
1212140 1220.8
1212150 1219.9
1212160 1221.3
1212170 1221.3
1212180 1221.6
1212190 1217.2
1212200 1217.2
1212210 1214.7
1212220 1214.0
1212230 1216.7
1212240 1217.4
1212250 1218.1
1212260 1218.1
1212270 1217.7
1212280 1216.8
1212290 1216.8
1212300 1215.9
1212310 1216.0
1212320 1216.0
1212330 1216.4
1212340 1216.5
1212350 1216.5
1212360 1216.2
1212370 1217.0
1212380 1219.2
1212390 1219.2
1212400 1222.7
1212410 1222.6
1212420 1222.6
1212430 1217.8
1212440 1212.6
1212450 1212.6
1212460 1208.7
1212470 1205.6
1212480 1205.6
1212490 1202.8
1212500 1200.1
1212510 1200.1
1212520 1199.2
1212530 1201.8
1212540 1201.8
1212550 1206.9
1212560 1212.2
1212570 1212.2
1212580 1216.2
1212590 1216.7
1212600 1216.7
1212610 1214.7
1212620 1209.9
1212630 1209.9
1212640 1205.1
1212650 1203.3
1212660 1201.3
1212670 1201.3
1212680 1198.7
1212690 1194.8
1212700 1194.8
1212710 1191.2
1212720 1190.3
1212730 1190.3
1212740 1190.0
1212750 1188.3
1212760 1188.3
1212770 1186.1
1212780 1184.0
1212790 1184.0
1212800 1183.7
1212810 1184.2
1212820 1184.2
1212830 1184.6
1212840 1184.8
1212850 1184.8
1212860 1183.4
1212870 1180.4
1212880 1180.4
1212890 1175.4
1212900 1169.9
1212910 1169.9
1212920 1166.0
1212930 1164.5
1212940 1163.3
1212950 1163.3
1212960 1162.3
1212970 1161.3
1212980 1161.3
1212990 1160.8
1213000 1160.1
1213010 1160.1
1213020 1158.9
1213030 1157.9
1213040 1157.9
1213050 1157.1
1213060 1157.3
1213070 1157.3
1213080 1158.2
1213090 1158.4
1213100 1158.4
1213110 1156.5
1213120 1152.4
1213130 1152.4
1213140 1148.2
1213150 1145.1
1213160 1146.1
1213170 1144.0
1213180 1142.6
1213190 1142.6
1213200 1141.5
1213210 1139.1
1213220 1137.4
1213230 1137.4
1213240 1135.7
1213250 1134.4
1213260 1134.4
1213270 1133.7
1213280 1132.8
1213290 1132.8
1213300 1131.8
1213310 1130.7
1213320 1130.7
1213330 1129.6
1213340 1128.7
1213350 1128.7
1213360 1127.7
1213370 1126.6
1213380 1126.6
1213390 1125.2
1213400 1124.0
1213410 1124.0
1213420 1122.9
1213430 1121.7
1213440 1121.7
1213450 1120.7
1213460 1119.5
1213470 1118.4
1213480 1118.4
1213490 1117.4
1213500 1116.3
1213510 1116.3
1213520 1115.2
1213530 1114.0
1213540 1114.0
1213550 1112.6
1213560 1111.3
1213570 1111.3
1213580 1110.1
1213590 1108.8
1213600 1108.8
1213610 1107.5
1213620 1106.2
1213630 1106.5
1213640 1105.1
1213650 1103.4
1213660 1103.4
1213670 1102.0
1213680 1100.9
1213690 1100.9
1213700 1099.7
1213710 1098.3
1213720 1098.3
1213730 1096.9
1213740 1095.5
1213750 1094.1
1213760 1094.1
1213770 1092.6
1213780 1091.1
1213790 1091.1
1213800 1089.5
1213810 1088.0
1213820 1088.0
1213830 1086.7
1213840 1085.5
1213850 1085.5
1213860 1084.3
1213870 1083.0
1213880 1083.0
1213890 1081.9
1213900 1080.7
1213910 1080.7
1213920 1079.3
1213930 1078.1
1213940 1078.1
1213950 1077.0
1213960 1075.9
1213970 1075.9
1213980 1074.7
1213990 1073.5
1214000 1073.5
1214010 1072.2
1214020 1071.0
1214030 1069.9
1214040 1069.9
1214050 1068.7
1214060 1067.4
1214070 1067.4
1214080 1066.2
1214090 1065.0
1214100 1064.9
1214110 1063.9
1214120 1062.8
1214130 1062.8
1214140 1061.6
1214150 1060.4
1214160 1060.4
1214170 1059.3
1214180 1058.1
1214190 1058.1
1214200 1057.1
1214210 1056.2
1214220 1056.2
1214230 1055.3
1214240 1054.2
1214250 1054.2
1214260 1052.9
1214270 1051.5
1214280 1051.5
1214290 1050.2
1214300 1049.1
1214310 1048.1
1214320 1048.1
1214330 1046.9
1214340 1045.8
1214350 1045.8
1214360 1044.8
1214370 1043.6
1214380 1043.6
1214390 1042.4
1214400 1041.0
1214410 1041.0
1214420 1039.7
1214430 1038.6
1214440 1038.6
1214450 1037.3
1214460 1036.2
1214470 1036.2
1214480 1035.1
1214490 1033.9
1214500 1033.9
1214510 1032.9
1214520 1032.1
1214530 1032.1
1214540 1031.1
1214550 1030.1
1214560 1030.1
1214570 1029.7
1214580 1028.8
1214590 1027.8
1214600 1027.8
1214610 1026.9
1214620 1026.4
1214630 1026.4
1214640 1025.9
1214650 1025.4
1214660 1025.4
1214670 1024.8
1214680 1024.1
1214690 1024.1
1214700 1023.4
1214710 1022.8
1214720 1022.8
1214730 1022.3
1214740 1021.8
1214750 1021.8
1214760 1021.1
1214770 1020.4
1214780 1020.4
1214790 1018.5
1214800 1017.4
1214810 1017.4
1214820 1017.0
1214830 1016.5
1214840 1017.1
1214850 1017.1
1214860 1017.5
1214870 1017.4
1214880 1017.4
1214890 1017.4
1214900 1017.3
1214910 1017.3
1214920 1017.0
1214930 1016.7
1214940 1016.7
1214950 1016.3
1214960 1015.5
1214970 1015.5
1214980 1014.8
1214990 1014.1
1215000 1014.1
1215010 1013.6
1215020 1013.1
1215030 1013.1
1215040 1012.9
1215050 1012.1
1215060 1012.1
1215070 1011.4
1215080 1010.9
1215090 1010.9
1215100 1010.4
1215110 1010.1
1215120 1010.0
1215130 1010.0
1215140 1009.9
1215150 1009.2
1215160 1009.2
1215170 1007.3
1215180 1007.7
1215190 1007.7
1215200 1008.4
1215210 1008.0
1215220 1008.0
1215230 1007.7
1215240 1007.2
1215250 1007.2
1215260 1006.9
1215270 1006.6
1215280 1006.6
1215290 1006.3
1215300 1005.9
1215310 1005.9
1215320 1005.4
1215330 1004.2
1215340 1004.2
1215350 1003.2
1215360 1003.2
1215370 1003.2
1215380 1003.6
1215390 1003.3
1215400 1002.8
1215410 1002.8
1215420 1002.3
1215430 1001.7
1215440 1001.7
1215450 1001.2
1215460 1000.7
1215470 1000.7
1215480 999.8
1215490 998.9
1215500 998.9
1215510 998.7
1215520 997.1
1215530 997.1
1215540 996.7
1215550 995.7
1215560 995.7
1215570 994.4
1215580 990.4
1215590 990.4
1215600 988.1
1215610 989.8
1215620 989.8
1215630 991.7
1215640 993.3
1215650 993.3
1215660 993.0
1215670 992.8
1215680 992.4
1215690 992.4
1215700 992.3
1215710 992.4
1215720 992.4
1215730 992.3
1215740 992.0
1215750 992.0
1215760 991.6
1215770 992.3
1215780 992.3
1215790 997.1
1215800 999.2
1215810 999.2
1215820 999.0
1215830 1000.2
1215840 1000.2
1215850 1000.8
1215860 1000.6
1215870 1000.6
1215880 1000.4
1215890 1000.2
1215900 1000.2
1215910 1000.3
1215920 1000.9
1215930 1000.9
1215940 1001.4
1215950 1001.8
1215960 1001.8
1215970 1001.8
1215980 1001.3
1215990 1001.3
1216000 1001.3
1216010 1000.6
1216020 1000.0
1216030 1000.0
1216040 999.4
1216050 998.8
1216060 998.8
1216070 998.6
1216080 998.4
1216090 998.4
1216100 998.3
1216110 998.3
1216120 998.3
1216130 998.4
1216140 998.4
1216150 998.4
1216160 998.6
1216170 998.6
1216180 998.6
1216190 998.6
1216200 998.5
1216210 998.5
1216220 998.5
1216230 998.5
1216240 998.4
1216250 998.4
1216260 998.1
1216270 998.1
1216280 998.1
1216290 998.0
1216300 997.2
1216310 997.2
1216320 995.9
1216330 995.9
1216340 995.9
1216350 995.6
1216360 995.2
1216370 995.2
1216380 995.0
1216390 994.7
1216400 994.7
1216410 994.1
1216420 993.4
1216430 993.4
1216440 993.2
1216450 993.0
1216460 993.1
1216470 992.8
1216480 992.6
1216490 992.5
1216500 992.5
1216510 992.6
1216520 992.8
1216530 992.8
1216540 993.2
1216550 993.7
1216560 993.7
1216570 994.5
1216580 994.5
1216590 994.5
1216600 992.7
1216610 989.9
1216620 989.9
1216630 988.8
1216640 988.4
1216650 988.4
1216660 988.2
1216670 987.9
1216680 987.9
1216690 987.5
1216700 987.0
1216710 987.0
1216720 986.5
1216730 985.9
1216740 985.9
1216750 985.3
1216760 984.7
1216770 984.0
1216780 984.0
1216790 983.1
1216800 982.3
1216810 982.3
1216820 981.7
1216830 981.3
1216840 981.3
1216850 981.0
1216860 980.4
1216870 980.4
1216880 980.0
1216890 980.1
1216900 980.1
1216910 979.9
1216920 979.8
1216930 979.8
1216940 979.1
1216950 979.0
1216960 979.0
1216970 978.8
1216980 978.6
1216990 978.6
1217000 978.5
1217010 978.3
1217020 978.3
1217030 978.1
1217040 978.0
1217050 977.9
1217060 977.9
1217070 977.9
1217080 977.8
1217090 977.8
1217100 977.8
1217110 977.9
1217120 977.9
1217130 977.9
1217140 978.0
1217150 978.0
1217160 978.1
1217170 978.1
1217180 978.1
1217190 978.0
1217200 977.9
1217210 977.9
1217220 977.8
1217230 977.8
1217240 977.8
1217250 977.6
1217260 977.4
1217270 977.4
1217280 977.3
1217290 977.4
1217300 977.5
1217310 977.5
1217320 977.3
1217330 977.1
1217340 977.1
1217350 977.0
1217360 977.0
1217370 977.0
1217380 977.2
1217390 977.1
1217400 977.1
1217410 977.0
1217420 975.3
1217430 975.3
1217440 975.5
1217450 975.5
1217460 975.5
1217470 975.2
1217480 974.9
1217490 974.9
1217500 974.5
1217510 974.1
1217520 974.1
1217530 974.0
1217540 973.8
1217550 973.8
1217560 973.2
1217570 972.6
1217580 972.8
1217590 972.8
1217600 972.6
1217610 972.6
1217620 972.6
1217630 972.4
1217640 972.2
1217650 972.2
1217660 972.2
1217670 972.2
1217680 972.2
1217690 972.1
1217700 971.9
1217710 971.9
1217720 971.6
1217730 971.0
1217740 971.0
1217750 970.6
1217760 970.0
1217770 970.0
1217780 969.4
1217790 969.0
1217800 969.0
1217810 968.5
1217820 967.5
1217830 967.5
1217840 964.9
1217850 960.2
1217860 955.1
1217870 955.1
1217880 951.0
1217890 952.2
1217900 952.2
1217910 956.4
1217920 960.4
1217930 960.4
1217940 961.5
1217950 961.5
1217960 961.5
1217970 960.2
1217980 959.0
1217990 959.0
1218000 957.7
1218010 956.2
1218020 956.2
1218030 954.8
1218040 953.7
1218050 953.7
1218060 952.7
1218070 951.7
1218080 951.7
1218090 950.8
1218100 950.1
1218110 950.1
1218120 949.6
1218130 948.6
1218140 947.0
1218150 947.0
1218160 945.7
1218170 944.8
1218180 944.8
1218190 944.3
1218200 943.8
1218210 943.8
1218220 943.0
1218230 941.5
1218240 941.5
1218250 940.4
1218260 938.5
1218270 938.5
1218280 937.7
1218290 939.5
1218300 939.5
1218310 939.9
1218320 938.9
1218330 938.9
1218340 938.0
1218350 937.0
1218360 937.0
1218370 935.6
1218380 934.7
1218390 934.7
1218400 933.8
1218410 932.4
1218420 930.2
1218430 930.2
1218440 927.7
1218450 926.8
1218460 926.8
1218470 926.4
1218480 926.2
1218490 926.2
1218500 925.9
1218510 925.5
1218520 925.5
1218530 922.1
1218540 916.0
1218550 916.0
1218560 911.2
1218570 910.0
1218580 910.0
1218590 911.7
1218600 910.9
1218610 910.9
1218620 904.9
1218630 899.0
1218640 899.0
1218650 897.0
1218660 894.9
1218670 891.5
1218680 891.5
1218690 887.7
1218700 885.6
1218710 885.6
1218720 885.2
1218730 886.1
1218740 886.1
1218750 886.0
1218760 881.2
1218770 881.2
1218780 876.0
1218790 872.0
1218800 872.0
1218810 867.5
1218820 859.4
1218830 859.4
1218840 853.8
1218850 845.1
1218860 845.1
1218870 844.4
1218880 846.1
1218890 846.1
1218900 846.8
1218910 847.6
1218920 847.6
1218930 849.3
1218940 855.7
1218950 864.6
1218960 864.6
1218970 871.3
1218980 872.3
1218990 872.3
1219000 869.2
1219010 865.9
1219020 865.9
1219030 864.5
1219040 866.6
1219050 866.6
1219060 871.7
1219070 877.4
1219080 877.4
1219090 882.0
1219100 884.9
1219110 884.9
1219120 886.0
1219130 883.0
1219140 883.0
1219150 880.3
1219160 879.9
1219170 879.9
1219180 881.9
1219190 884.4
1219200 884.4
1219210 884.0
1219220 878.2
1219230 872.1
1219240 872.1
1219250 867.8
1219260 865.8
1219270 865.8
1219280 865.5
1219290 863.2
1219300 863.2
1219310 862.1
1219320 865.8
1219330 864.6
1219340 865.5
1219350 864.9
1219360 864.9
1219370 867.5
1219380 868.9
1219390 868.9
1219400 864.0
1219410 858.2
1219420 858.2
1219430 854.1
1219440 850.0
1219450 850.0
1219460 844.0
1219470 836.5
1219480 836.5
1219490 831.9
1219500 831.5
1219510 830.0
1219520 830.0
1219530 831.6
1219540 831.2
1219550 831.2
1219560 831.5
1219570 837.1
1219580 837.1
1219590 842.9
1219600 848.2
1219610 848.2
1219620 852.1
1219630 855.8
1219640 855.8
1219650 855.3
1219660 849.4
1219670 849.4
1219680 845.0
1219690 843.6
1219700 843.6
1219710 843.3
1219720 843.7
1219730 843.7
1219740 843.0
1219750 838.2
1219760 838.2
1219770 830.9
1219780 823.4
1219790 816.4
1219800 816.4
1219810 809.6
1219820 805.9
1219830 805.9
1219840 805.7
1219850 808.4
1219860 808.4
1219870 812.3
1219880 816.6
1219890 816.6
1219900 821.5
1219910 825.8
1219920 825.8
1219930 830.6
1219940 835.4
1219950 835.4
1219960 838.3
1219970 837.3
1219980 837.3
1219990 836.0
1200000 1873.7
1200010 1870.0
1200020 1870.0
1200030 1865.7
1200040 1863.2
1200050 1862.1
1200060 1862.1
1200070 1861.6
1200080 1859.2
1200090 1859.2
1200100 1858.3
1200110 1857.4
1200120 1857.4
1200130 1857.4
1200140 1857.3
1200150 1857.3
1200160 1855.8
1200170 1855.8
1200180 1855.8
1200190 1853.9
1200200 1849.0
1200210 1849.0
1200220 1842.4
1200230 1833.4
1200240 1833.4
1200250 1827.7
1200260 1821.8
1200270 1821.8
1200280 1816.4
1200290 1812.0
1200300 1805.6
1200310 1805.6
1200320 1794.6
1200330 1790.6
1200340 1790.6
1200350 1787.0
1200360 1783.6
1200370 1783.6
1200380 1779.7
1200390 1774.3
1200400 1774.3
1200410 1767.3
1200420 1761.0
1200430 1761.0
1200440 1756.0
1200450 1754.0
1200460 1754.0
1200470 1750.5
1200480 1744.8
1200490 1744.8
1200500 1736.8
1200510 1729.2
1200520 1729.2
1200530 1723.6
1200540 1721.2
1200550 1721.2
1200560 1718.5
1200570 1715.1
1200580 1711.9
1200590 1711.9
1200600 1708.3
1200610 1705.3
1200620 1705.3
1200630 1702.9
1200640 1701.2
1200650 1701.2
1200660 1700.0
1200670 1697.5
1200680 1697.5
1200690 1695.0
1200700 1692.6
1200710 1692.6
1200720 1689.9
1200730 1687.0
1200740 1687.0
1200750 1684.1
1200760 1680.9
1200770 1678.6
1200780 1676.0
1200790 1673.8
1200800 1673.8
1200810 1671.6
1200820 1671.8
1200830 1671.8
1200840 1673.1
1200850 1672.6
1200860 1670.3
1200870 1670.3
1200880 1667.3
1200890 1663.8
1200900 1663.8
1200910 1659.5
1200920 1654.3
1200930 1654.3
1200940 1648.3
1200950 1643.1
1200960 1643.1
1200970 1637.9
1200980 1633.5
1200990 1633.5
1201000 1630.4
1201010 1628.2
1201020 1628.2
1201030 1625.0
1201040 1621.8
1201050 1621.8
1201060 1618.3
1201070 1615.5
1201080 1615.5
1201090 1614.2
1201100 1613.4
1201110 1613.4
1201120 1613.1
1201130 1613.6
1201140 1614.2
1201150 1614.2
1201160 1614.8
1201170 1616.2
1201180 1616.2
1201190 1617.5
1201200 1619.3
1201210 1619.3
1201220 1622.0
1201230 1623.0
1201240 1623.0
1201250 1625.8
1201260 1628.9
1201270 1628.9
1201280 1630.7
1201290 1631.0
1201300 1631.0
1201310 1629.8
1201320 1630.1
1201330 1630.1
1201340 1628.5
1201350 1627.3
1201360 1627.3
1201370 1628.7
1201380 1629.2
1201390 1629.2
1201400 1627.8
1201410 1626.6
1201420 1624.7
1201430 1624.7
1201440 1621.1
1201450 1620.4
1201460 1620.4
1201470 1621.7
1201480 1622.9
1201490 1622.9
1201500 1626.1
1201510 1626.9
1201520 1626.9
1201530 1624.2
1201540 1620.0
1201550 1620.0
1201560 1615.3
1201570 1612.6
1201580 1612.6
1201590 1612.0
1201600 1612.0
1201610 1612.0
1201620 1611.3
1201630 1609.8
1201640 1609.8
1201650 1608.2
1201660 1606.8
1201670 1605.4
1201680 1605.4
1201690 1604.5
1201700 1602.4
1201710 1602.4
1201720 1601.1
1201730 1600.8
1201740 1600.8
1201750 1599.6
1201760 1597.0
1201770 1597.0
1201780 1594.7
1201790 1593.4
1201800 1593.4
1201810 1593.1
1201820 1592.3
1201830 1592.3
1201840 1592.6
1201850 1593.4
1201860 1593.4
1201870 1592.3
1201880 1589.6
1201890 1589.6
1201900 1586.5
1201910 1584.0
1201920 1584.0
1201930 1580.4
1201940 1574.5
1201950 1569.1
1201960 1569.1
1201970 1564.8
1201980 1561.2
1201990 1561.2
1202000 1559.8
1202010 1557.3
1202020 1557.3
1202030 1556.8
1202040 1558.8
1202050 1558.8
1202060 1558.9
1202070 1557.9
1202080 1557.9
1202090 1557.6
1202100 1557.3
1202110 1557.3
1202120 1554.7
1202130 1553.5
1202140 1553.5
1202150 1554.6
1202160 1554.4
1202170 1554.4
1202180 1553.5
1202190 1552.6
1202200 1552.6
1202210 1552.1
1202220 1553.5
1202230 1552.8
1202240 1552.8
1202250 1551.3
1202260 1549.2
1202270 1549.2
1202280 1547.0
1202290 1545.1
1202300 1545.1
1202310 1543.6
1202320 1541.7
1202330 1541.7
1202340 1540.1
1202350 1538.5
1202360 1538.5
1202370 1536.5
1202380 1534.0
1202390 1534.0
1202400 1530.8
1202410 1528.7
1202420 1528.7
1202430 1527.2
1202440 1527.8
1202450 1527.8
1202460 1525.9
1202470 1521.2
1202480 1521.2
1202490 1518.2
1202500 1517.1
1202510 1517.4
1202520 1517.4
1202530 1518.3
1202540 1520.0
1202550 1520.0
1202560 1521.3
1202570 1519.5
1202580 1519.5
1202590 1519.1
1202600 1517.1
1202610 1517.1
1202620 1513.9
1202630 1511.2
1202640 1511.2
1202650 1509.7
1202660 1509.6
1202670 1509.6
1202680 1509.9
1202690 1510.7
1202700 1510.7
1202710 1512.5
1202720 1514.5
1202730 1514.5
1202740 1516.4
1202750 1517.1
1202760 1517.1
1202770 1517.9
1202780 1518.9
1202790 1519.8
1202800 1519.8
1202810 1520.3
1202820 1520.7
1202830 1520.7
1202840 1521.8
1202850 1522.5
1202860 1522.5
1202870 1522.0
1202880 1520.6
1202890 1520.6
1202900 1519.4
1202910 1518.1
1202920 1518.1
1202930 1514.9
1202940 1511.3
1202950 1511.3
1202960 1508.1
1202970 1506.5
1202980 1506.5
1202990 1506.0
1203000 1505.9
1203010 1505.9
1203020 1505.5
1203030 1504.7
1203040 1504.7
1203050 1504.6
1203060 1504.6
1203070 1504.7
1203080 1504.7
1203090 1504.9
1203100 1505.2
1203110 1505.2
1203120 1505.9
1203130 1507.4
1203140 1507.4
1203150 1509.0
1203160 1510.8
1203170 1510.8
1203180 1511.9
1203190 1512.3
1203200 1512.3
1203210 1511.7
1203220 1511.3
1203230 1511.3
1203240 1509.0
1203250 1505.9
1203260 1505.9
1203270 1502.4
1203280 1499.8
1203290 1499.8
1203300 1497.7
1203310 1495.4
1203320 1493.1
1203330 1493.1
1203340 1489.5
1203350 1488.4
1203360 1488.4
1203370 1490.5
1203380 1493.0
1203390 1493.0
1203400 1495.8
1203410 1497.4
1203420 1497.4
1203430 1497.9
1203440 1498.4
1203450 1498.4
1203460 1498.3
1203470 1495.9
1203480 1495.3
1203490 1493.1
1203500 1492.5
1203510 1492.5
1203520 1492.2
1203530 1490.2
1203540 1490.2
1203550 1487.0
1203560 1484.4
1203570 1484.4
1203580 1483.7
1203590 1483.3
1203600 1483.2
1203610 1483.2
1203620 1483.2
1203630 1484.3
1203640 1484.3
1203650 1485.3
1203660 1485.7
1203670 1485.7
1203680 1485.7
1203690 1485.6
1203700 1485.6
1203710 1485.4
1203720 1484.4
1203730 1484.4
1203740 1483.2
1203750 1481.2
1203760 1481.2
1203770 1476.5
1203780 1470.3
1203790 1470.3
1203800 1462.1
1203810 1455.0
1203820 1455.0
1203830 1448.6
1203840 1443.3
1203850 1443.3
1203860 1439.4
1203870 1436.8
1203880 1434.7
1203890 1434.7
1203900 1431.7
1203910 1427.4
1203920 1427.4
1203930 1416.9
1203940 1412.7
1203950 1412.7
1203960 1409.1
1203970 1405.4
1203980 1405.4
1203990 1402.7
1204000 1400.2
1204010 1400.2
1204020 1397.2
1204030 1394.4
1204040 1394.4
1204050 1392.3
1204060 1389.9
1204070 1389.9
1204080 1389.0
1204090 1389.7
1204100 1389.7
1204110 1390.2
1204120 1389.5
1204130 1389.5
1204140 1387.7
1204150 1384.3
1204160 1380.2
1204170 1380.2
1204180 1376.1
1204190 1371.3
1204200 1371.3
1204210 1367.0
1204220 1364.4
1204230 1364.4
1204240 1362.8
1204250 1361.0
1204260 1361.0
1204270 1359.5
1204280 1357.8
1204290 1357.8
1204300 1355.5
1204310 1351.0
1204320 1351.0
1204330 1347.2
1204340 1344.0
1204350 1344.0
1204360 1339.3
1204370 1333.1
1204380 1333.1
1204390 1325.3
1204400 1321.9
1204410 1321.9
1204420 1317.8
1204430 1313.9
1204440 1311.4
1204450 1311.4
1204460 1309.2
1204470 1306.6
1204480 1306.6
1204490 1302.8
1204500 1297.6
1204510 1297.6
1204520 1291.9
1204530 1285.9
1204540 1285.9
1204550 1281.0
1204560 1277.9
1204570 1277.9
1204580 1274.4
1204590 1270.1
1204600 1270.1
1204610 1265.5
1204620 1263.1
1204630 1263.1
1204640 1262.5
1204650 1261.0
1204660 1261.0
1204670 1257.9
1204680 1253.4
1204690 1248.4
1204700 1248.4
1204710 1243.3
1204720 1238.2
1204730 1238.2
1204740 1233.2
1204750 1229.4
1204760 1229.4
1204770 1226.0
1204780 1222.2
1204790 1222.2
1204800 1216.7
1204810 1210.4
1204820 1210.4
1204830 1204.2
1204840 1198.9
1204850 1198.9
1204860 1195.4
1204870 1191.3
1204880 1191.3
1204890 1186.5
1204900 1181.4
1204910 1181.4
1204920 1176.7
1204930 1173.7
1204940 1173.7
1204950 1173.2
1204960 1171.8
1204970 1169.1
1204980 1169.1
1204990 1166.2
1205000 1163.2
1205010 1163.2
1205020 1159.7
1205030 1156.1
1205040 1156.1
1205050 1153.9
1205060 1152.4
1205070 1152.4
1205080 1150.6
1205090 1148.6
1205100 1148.6
1205110 1145.9
1205120 1142.3
1205130 1142.3
1205140 1139.5
1205150 1136.8
1205160 1136.8
1205170 1132.4
1205180 1125.9
1205190 1125.9
1205200 1118.3
1205210 1111.8
1205220 1111.8
1205230 1105.7
1205240 1099.9
1205250 1094.1
1205260 1094.1
1205270 1088.6
1205280 1083.0
1205290 1083.0
1205300 1075.9
1205310 1068.5
1205320 1068.5
1205330 1060.3
1205340 1052.0
1205350 1052.0
1205360 1044.5
1205370 1038.4
1205380 1038.4
1205390 1030.8
1205400 1022.5
1205410 1022.5
1205420 1014.8
1205430 1007.6
1205440 1007.6
1205450 1001.5
1205460 996.2
1205470 996.2
1205480 991.0
1205490 983.3
1205500 983.3
1205510 976.4
1205520 971.0
1205530 965.8
1205540 965.8
1205550 960.1
1205560 953.7
1205570 953.7
1205580 948.2
1205590 941.9
1205600 941.9
1205610 935.0
1205620 927.3
1205630 927.3
1205640 920.4
1205650 913.0
1205660 913.0
1205670 907.1
1205680 902.1
1205690 902.1
1205700 897.0
1205710 891.1
1205720 891.1
1205730 885.0
1205740 880.3
1205750 880.3
1205760 876.5
1205770 872.1
1205780 872.1
1205790 868.2
1205800 864.2
1205810 860.5
1205820 860.5
1205830 856.8
1205840 851.7
1205850 851.7
1205860 850.8
1205870 851.0
1205880 851.0
1205890 850.0
1205900 848.5
1205910 848.5
1205920 846.5
1205930 844.4
1205940 844.4
1205950 842.3
1205960 840.4
1205970 840.4
1205980 838.4
1205990 836.5
1206000 836.5
1206010 834.7
1206020 833.2
1206030 833.2
1206040 831.7
1206050 827.6
1206060 827.6
1206070 826.5
1206080 827.0
1206090 826.4
1206100 826.4
1206110 824.2
1206120 823.1
1206130 823.1
1206140 821.1
1206150 819.5
1206160 819.5
1206170 818.9
1206180 818.5
1206190 818.5
1206200 817.7
1206210 815.2
1206220 815.2
1206230 814.4
1206240 813.4
1206250 813.4
1206260 812.6
1206270 812.1
1206280 812.1
1206290 812.1
1206300 811.9
1206310 811.9
1206320 810.8
1206330 810.7
1206340 811.2
1206350 811.2
1206360 812.2
1206370 812.7
1206380 812.7
1206390 812.9
1206400 813.2
1206410 813.2
1206420 813.4
1206430 813.4
1206440 813.4
1206450 813.5
1206460 813.7
1206470 813.7
1206480 814.3
1206490 814.0
1206500 814.0
1206510 813.6
1206520 813.5
1206530 813.5
1206540 813.6
1206550 813.6
1206560 813.6
1206570 813.7
1206580 813.7
1206590 813.7
1206600 813.2
1206610 812.8
1206620 813.4
1206630 813.4
1206640 813.8
1206650 811.6
1206660 811.6
1206670 811.0
1206680 811.0
1206690 811.0
1206700 811.1
1206710 811.0
1206720 811.0
1206730 811.0
1206740 811.2
1206750 811.2
1206760 811.2
1206770 811.2
1206780 811.2
1206790 811.2
1206800 811.2
1206810 811.2
1206820 811.2
1206830 811.3
1206840 811.3
1206850 811.4
1206860 811.7
1206870 811.7
1206880 811.9
1206890 811.0
1206900 811.8
1206910 811.8
1206920 812.5
1206930 812.0
1206940 812.0
1206950 812.1
1206960 812.2
1206970 812.2
1206980 812.5
1206990 812.7
1207000 812.7
1207010 812.9
1207020 813.3
1207030 813.3
1207040 813.6
1207050 814.0
1207060 814.0
1207070 814.0
1207080 814.0
1207090 814.0
1207100 813.8
1207110 813.6
1207120 813.6
1207130 813.6
1207140 814.8
1207150 814.8
1207160 814.3
1207170 813.2
1207180 813.1
1207190 813.1
1207200 813.3
1207210 813.0
1207220 813.0
1207230 813.0
1207240 813.3
1207250 813.3
1207260 813.2
1207270 813.3
1207280 813.3
1207290 813.3
1207300 813.4
1207310 813.4
1207320 813.5
1207330 813.6
1207340 813.6
1207350 814.0
1207360 814.4
1207370 814.4
1207380 814.9
1207390 815.2
1207400 815.2
1207410 815.6
1207420 815.8
1207430 815.8
1207440 816.3
1207450 817.2
1207460 817.9
1207470 817.9
1207480 818.3
1207490 818.9
1207500 818.9
1207510 819.6
1207520 820.2
1207530 820.2
1207540 820.6
1207550 821.4
1207560 821.4
1207570 822.8
1207580 823.8
1207590 823.7
1207600 824.5
1207610 825.2
1207620 825.2
1207630 827.4
1207640 829.1
1207650 829.1
1207660 829.9
1207670 830.6
1207680 830.6
1207690 831.5
1207700 832.9
1207710 836.3
1207720 836.3
1207730 837.9
1207740 839.5
1207750 839.5
1207760 840.4
1207770 841.4
1207780 841.4
1207790 843.6
1207800 844.9
1207810 844.9
1207820 846.1
1207830 848.3
1207840 848.3
1207850 849.6
1207860 851.1
1207870 851.1
1207880 854.1
1207890 856.0
1207900 856.0
1207910 857.9
1207920 860.4
1207930 860.4
1207940 862.2
1207950 864.8
1207960 864.8
1207970 866.5
1207980 869.4
1207990 872.3
1208000 872.3
1208010 874.4
1208020 877.6
1208030 877.6
1208040 880.2
1208050 883.8
1208060 883.8
1208070 885.6
1208080 886.4
1208090 886.4
1208100 888.5
1208110 893.8
1208120 893.8
1208130 897.7
1208140 900.4
1208150 900.4
1208160 902.6
1208170 906.4
1208180 906.4
1208190 913.8
1208200 922.3
1208210 922.3
1208220 931.2
1208230 939.9
1208240 939.9
1208250 947.2
1208260 953.1
1208270 958.5
1208280 958.5
1208290 963.7
1208300 969.1
1208310 969.1
1208320 974.5
1208330 980.0
1208340 980.0
1208350 985.7
1208360 991.6
1208370 991.6
1208380 997.7
1208390 1004.1
1208400 1004.1
1208410 1009.7
1208420 1013.0
1208430 1013.0
1208440 1013.1
1208450 1011.0
1208460 1011.0
1208470 1011.5
1208480 1015.6
1208490 1015.6
1208500 1019.7
1208510 1024.7
1208520 1024.7
1208530 1022.3
1208540 1023.2
1208550 1023.7
1208560 1023.7
1208570 1021.4
1208580 1015.6
1208590 1015.6
1208600 1012.7
1208610 1012.7
1208620 1012.7
1208630 1015.6
1208640 1021.4
1208650 1021.4
1208660 1026.1
1208670 1028.8
1208680 1028.8
1208690 1031.3
1208700 1032.5
1208710 1032.5
1208720 1032.2
1208730 1031.8
1208740 1031.8
1208750 1032.7
1208760 1035.4
1208770 1035.4
1208780 1042.1
1208790 1049.6
1208800 1049.6
1208810 1057.1
1208820 1062.7
1208830 1061.3
1208840 1061.3
1208850 1056.5
1208860 1054.7
1208870 1054.7
1208880 1053.6
1208890 1050.1
1208900 1050.1
1208910 1051.5
1208920 1057.2
1208930 1057.2
1208940 1060.6
1208950 1064.4
1208960 1064.4
1208970 1071.4
1208980 1076.1
1208990 1076.1
1209000 1080.9
1209010 1085.1
1209020 1085.1
1209030 1089.4
1209040 1091.5
1209050 1091.5
1209060 1089.6
1209070 1091.2
1209080 1091.2
1209090 1094.4
1209100 1096.5
1209110 1098.1
1209120 1098.1
1209130 1101.4
1209140 1103.3
1209150 1103.3
1209160 1105.3
1209170 1109.5
1209180 1109.5
1209190 1112.5
1209200 1115.1
1209210 1115.1
1209220 1117.1
1209230 1120.7
1209240 1120.7
1209250 1123.0
1209260 1125.7
1209270 1125.7
1209280 1128.5
1209290 1132.9
1209300 1132.9
1209310 1137.0
1209320 1140.6
1209330 1140.6
1209340 1145.5
1209350 1151.0
1209360 1154.5
1209370 1154.5
1209380 1158.5
1209390 1161.9
1209400 1161.9
1209410 1165.1
1209420 1169.4
1209430 1169.4
1209440 1176.6
1209450 1180.8
1209460 1180.8
1209470 1184.3
1209480 1189.1
1209490 1189.1
1209500 1195.6
1209510 1197.4
1209520 1197.4
1209530 1198.9
1209540 1198.1
1209550 1198.1
1209560 1198.2
1209570 1203.2
1209580 1203.2
1209590 1208.3
1209600 1212.9
1209610 1212.9
1209620 1216.5
1209630 1216.5
1209640 1215.7
1209650 1215.7
1209660 1215.4
1209670 1216.6
1209680 1216.6
1209690 1216.5
1209700 1218.8
1209710 1218.8
1209720 1219.8
1209730 1221.6
1209740 1221.6
1209750 1223.0
1209760 1226.5
1209770 1226.5
1209780 1229.8
1209790 1233.6
1209800 1233.6
1209810 1235.1
1209820 1236.1
1209830 1236.1
1209840 1237.4
1209850 1238.8
1209860 1238.8
1209870 1241.4
1209880 1245.0
1209890 1245.0
1209900 1253.1
1209910 1257.3
1209920 1260.1
1209930 1260.1
1209940 1261.3
1209950 1262.0
1209960 1262.0
1209970 1262.6
1209980 1263.7
1209990 1263.7
1210000 1265.2
1210010 1267.6
1210020 1267.6
1210030 1270.1
1210040 1272.0
1210050 1272.0
1210060 1273.7
1210070 1274.8
1210080 1274.8
1210090 1276.7
1210100 1278.9
1210110 1278.9
1210120 1280.8
1210130 1282.0
1210140 1282.0
1210150 1282.6
1210160 1282.0
1210170 1282.0
1210180 1282.2
1210190 1281.0
1210200 1280.8
1210210 1280.8
1210220 1284.1
1210230 1286.4
1210240 1286.4
1210250 1288.4
1210260 1290.6
1210270 1290.6
1210280 1293.1
1210290 1295.4
1210300 1295.4
1210310 1296.8
1210320 1297.4
1210330 1297.4
1210340 1298.0
1210350 1298.4
1210360 1306.9
1210370 1306.1
1210380 1305.4
1210390 1305.4
1210400 1305.3
1210410 1304.5
1210420 1304.5
1210430 1304.1
1210440 1303.7
1210450 1303.7
1210460 1301.0
1210470 1296.7
1210480 1295.2
1210490 1295.2
1210500 1290.1
1210510 1282.1
1210520 1282.1
1210530 1275.9
1210540 1272.7
1210550 1272.7
1210560 1272.6
1210570 1274.4
1210580 1274.4
1210590 1280.4
1210600 1288.4
1210610 1288.4
1210620 1294.5
1210630 1298.5
1210640 1298.5
1210650 1300.7
1210660 1300.9
1210670 1300.9
1210680 1301.4
1210690 1305.1
1210700 1305.1
1210710 1306.0
1210720 1305.3
1210730 1305.3
1210740 1305.3
1210750 1304.8
1210760 1303.9
1210770 1303.9
1210780 1303.2
1210790 1303.6
1210800 1303.6
1210810 1304.6
1210820 1306.2
1210830 1313.3
1210840 1314.6
1210850 1315.6
1210860 1315.6
1210870 1315.9
1210880 1315.2
1210890 1315.2
1210900 1314.2
1210910 1313.7
1210920 1313.7
1210930 1313.4
1210940 1314.0
1210950 1314.0
1210960 1315.3
1210970 1316.3
1210980 1316.3
1210990 1317.8
1211000 1319.1
1211010 1320.2
1211020 1320.2
1211030 1321.1
1211040 1321.8
1211050 1321.8
1211060 1321.5
1211070 1320.3
1211080 1320.3
1211090 1323.5
1211100 1327.2
1211110 1327.2
1211120 1328.0
1211130 1329.0
1211140 1329.0
1211150 1329.6
1211160 1329.0
1211170 1329.0
1211180 1329.2
1211190 1328.2
1211200 1328.2
1211210 1327.0
1211220 1325.6
1211230 1325.6
1211240 1324.5
1211250 1324.0
1211260 1324.0
1211270 1323.4
1211280 1322.3
1211290 1326.4
1211300 1326.4
1211310 1324.6
1211320 1322.5
1211330 1322.5
1211340 1319.4
1211350 1318.0
1211360 1318.0
1211370 1317.9
1211380 1316.5
1211390 1316.5
1211400 1314.1
1211410 1312.4
1211420 1312.4
1211430 1311.0
1211440 1309.7
1211450 1309.7
1211460 1308.5
1211470 1305.0
1211480 1305.0
1211490 1300.8
1211500 1298.5
1211510 1298.5
1211520 1300.9
1211530 1301.8
1211540 1301.8
1211550 1298.8
1211560 1296.0
1211570 1294.7
1211580 1294.7
1211590 1296.0
1211600 1298.0
1211610 1298.0
1211620 1295.8
1211630 1292.7
1211640 1292.7
1211650 1289.3
1211660 1285.0
1211670 1285.0
1211680 1280.7
1211690 1277.9
1211700 1277.9
1211710 1274.5
1211720 1271.8
1211730 1271.8
1211740 1271.3
1211750 1273.9
1211760 1278.9
1211770 1281.4
1211780 1278.6
1211790 1278.6
1211800 1274.3
1211810 1269.6
1211820 1269.6
1211830 1265.1
1211840 1259.8
1211850 1255.6
1211860 1255.6
1211870 1252.1
1211880 1249.7
1211890 1249.7
1211900 1247.1
1211910 1245.4
1211920 1245.4
1211930 1244.2
1211940 1243.3
1211950 1243.3
1211960 1240.9
1211970 1239.5
1211980 1239.5
1211990 1242.4
1212000 1246.2
1212010 1246.2
1212020 1248.8
1212030 1244.5
1212040 1244.5
1212050 1238.9
1212060 1234.8
1212070 1234.8
1212080 1231.5
1212090 1228.7
1212100 1225.7
1212110 1225.7
1212120 1222.9
1212130 1220.8
1212140 1220.8
1212150 1219.9
1212160 1221.3
1212170 1221.3
1212180 1221.6
1212190 1217.2
1212200 1217.2
1212210 1214.7
1212220 1214.0
1212230 1216.7
1212240 1217.4
1212250 1218.1
1212260 1218.1
1212270 1217.7
1212280 1216.8
1212290 1216.8
1212300 1215.9
1212310 1216.0
1212320 1216.0
1212330 1216.4
1212340 1216.5
1212350 1216.5
1212360 1216.2
1212370 1217.0
1212380 1219.2
1212390 1219.2
1212400 1222.7
1212410 1222.6
1212420 1222.6
1212430 1217.8
1212440 1212.6
1212450 1212.6
1212460 1208.7
1212470 1205.6
1212480 1205.6
1212490 1202.8
1212500 1200.1
1212510 1200.1
1212520 1199.2
1212530 1201.8
1212540 1201.8
1212550 1206.9
1212560 1212.2
1212570 1212.2
1212580 1216.2
1212590 1216.7
1212600 1216.7
1212610 1214.7
1212620 1209.9
1212630 1209.9
1212640 1205.1
1212650 1203.3
1212660 1201.3
1212670 1201.3
1212680 1198.7
1212690 1194.8
1212700 1194.8
1212710 1191.2
1212720 1190.3
1212730 1190.3
1212740 1190.0
1212750 1188.3
1212760 1188.3
1212770 1186.1
1212780 1184.0
1212790 1184.0
1212800 1183.7
1212810 1184.2
1212820 1184.2
1212830 1184.6
1212840 1184.8
1212850 1184.8
1212860 1183.4
1212870 1180.4
1212880 1180.4
1212890 1175.4
1212900 1169.9
1212910 1169.9
1212920 1166.0
1212930 1164.5
1212940 1163.3
1212950 1163.3
1212960 1162.3
1212970 1161.3
1212980 1161.3
1212990 1160.8
1213000 1160.1
1213010 1160.1
1213020 1158.9
1213030 1157.9
1213040 1157.9
1213050 1157.1
1213060 1157.3
1213070 1157.3
1213080 1158.2
1213090 1158.4
1213100 1158.4
1213110 1156.5
1213120 1152.4
1213130 1152.4
1213140 1148.2
1213150 1145.1
1213160 1146.1
1213170 1144.0
1213180 1142.6
1213190 1142.6
1213200 1141.5
1213210 1139.1
1213220 1137.4
1213230 1137.4
1213240 1135.7
1213250 1134.4
1213260 1134.4
1213270 1133.7
1213280 1132.8
1213290 1132.8
1213300 1131.8
1213310 1130.7
1213320 1130.7
1213330 1129.6
1213340 1128.7
1213350 1128.7
1213360 1127.7
1213370 1126.6
1213380 1126.6
1213390 1125.2
1213400 1124.0
1213410 1124.0
1213420 1122.9
1213430 1121.7
1213440 1121.7
1213450 1120.7
1213460 1119.5
1213470 1118.4
1213480 1118.4
1213490 1117.4
1213500 1116.3
1213510 1116.3
1213520 1115.2
1213530 1114.0
1213540 1114.0
1213550 1112.6
1213560 1111.3
1213570 1111.3
1213580 1110.1
1213590 1108.8
1213600 1108.8
1213610 1107.5
1213620 1106.2
1213630 1106.5
1213640 1105.1
1213650 1103.4
1213660 1103.4
1213670 1102.0
1213680 1100.9
1213690 1100.9
1213700 1099.7
1213710 1098.3
1213720 1098.3
1213730 1096.9
1213740 1095.5
1213750 1094.1
1213760 1094.1
1213770 1092.6
1213780 1091.1
1213790 1091.1
1213800 1089.5
1213810 1088.0
1213820 1088.0
1213830 1086.7
1213840 1085.5
1213850 1085.5
1213860 1084.3
1213870 1083.0
1213880 1083.0
1213890 1081.9
1213900 1080.7
1213910 1080.7
1213920 1079.3
1213930 1078.1
1213940 1078.1
1213950 1077.0
1213960 1075.9
1213970 1075.9
1213980 1074.7
1213990 1073.5
1214000 1073.5
1214010 1072.2
1214020 1071.0
1214030 1069.9
1214040 1069.9
1214050 1068.7
1214060 1067.4
1214070 1067.4
1214080 1066.2
1214090 1065.0
1214100 1064.9
1214110 1063.9
1214120 1062.8
1214130 1062.8
1214140 1061.6
1214150 1060.4
1214160 1060.4
1214170 1059.3
1214180 1058.1
1214190 1058.1
1214200 1057.1
1214210 1056.2
1214220 1056.2
1214230 1055.3
1214240 1054.2
1214250 1054.2
1214260 1052.9
1214270 1051.5
1214280 1051.5
1214290 1050.2
1214300 1049.1
1214310 1048.1
1214320 1048.1
1214330 1046.9
1214340 1045.8
1214350 1045.8
1214360 1044.8
1214370 1043.6
1214380 1043.6
1214390 1042.4
1214400 1041.0
1214410 1041.0
1214420 1039.7
1214430 1038.6
1214440 1038.6
1214450 1037.3
1214460 1036.2
1214470 1036.2
1214480 1035.1
1214490 1033.9
1214500 1033.9
1214510 1032.9
1214520 1032.1
1214530 1032.1
1214540 1031.1
1214550 1030.1
1214560 1030.1
1214570 1029.7
1214580 1028.8
1214590 1027.8
1214600 1027.8
1214610 1026.9
1214620 1026.4
1214630 1026.4
1214640 1025.9
1214650 1025.4
1214660 1025.4
1214670 1024.8
1214680 1024.1
1214690 1024.1
1214700 1023.4
1214710 1022.8
1214720 1022.8
1214730 1022.3
1214740 1021.8
1214750 1021.8
1214760 1021.1
1214770 1020.4
1214780 1020.4
1214790 1018.5
1214800 1017.4
1214810 1017.4
1214820 1017.0
1214830 1016.5
1214840 1017.1
1214850 1017.1
1214860 1017.5
1214870 1017.4
1214880 1017.4
1214890 1017.4
1214900 1017.3
1214910 1017.3
1214920 1017.0
1214930 1016.7
1214940 1016.7
1214950 1016.3
1214960 1015.5
1214970 1015.5
1214980 1014.8
1214990 1014.1
1215000 1014.1
1215010 1013.6
1215020 1013.1
1215030 1013.1
1215040 1012.9
1215050 1012.1
1215060 1012.1
1215070 1011.4
1215080 1010.9
1215090 1010.9
1215100 1010.4
1215110 1010.1
1215120 1010.0
1215130 1010.0
1215140 1009.9
1215150 1009.2
1215160 1009.2
1215170 1007.3
1215180 1007.7
1215190 1007.7
1215200 1008.4
1215210 1008.0
1215220 1008.0
1215230 1007.7
1215240 1007.2
1215250 1007.2
1215260 1006.9
1215270 1006.6
1215280 1006.6
1215290 1006.3
1215300 1005.9
1215310 1005.9
1215320 1005.4
1215330 1004.2
1215340 1004.2
1215350 1003.2
1215360 1003.2
1215370 1003.2
1215380 1003.6
1215390 1003.3
1215400 1002.8
1215410 1002.8
1215420 1002.3
1215430 1001.7
1215440 1001.7
1215450 1001.2
1215460 1000.7
1215470 1000.7
1215480 999.8
1215490 998.9
1215500 998.9
1215510 998.7
1215520 997.1
1215530 997.1
1215540 996.7
1215550 995.7
1215560 995.7
1215570 994.4
1215580 990.4
1215590 990.4
1215600 988.1
1215610 989.8
1215620 989.8
1215630 991.7
1215640 993.3
1215650 993.3
1215660 993.0
1215670 992.8
1215680 992.4
1215690 992.4
1215700 992.3
1215710 992.4
1215720 992.4
1215730 992.3
1215740 992.0
1215750 992.0
1215760 991.6
1215770 992.3
1215780 992.3
1215790 997.1
1215800 999.2
1215810 999.2
1215820 999.0
1215830 1000.2
1215840 1000.2
1215850 1000.8
1215860 1000.6
1215870 1000.6
1215880 1000.4
1215890 1000.2
1215900 1000.2
1215910 1000.3
1215920 1000.9
1215930 1000.9
1215940 1001.4
1215950 1001.8
1215960 1001.8
1215970 1001.8
1215980 1001.3
1215990 1001.3
1216000 1001.3
1216010 1000.6
1216020 1000.0
1216030 1000.0
1216040 999.4
1216050 998.8
1216060 998.8
1216070 998.6
1216080 998.4
1216090 998.4
1216100 998.3
1216110 998.3
1216120 998.3
1216130 998.4
1216140 998.4
1216150 998.4
1216160 998.6
1216170 998.6
1216180 998.6
1216190 998.6
1216200 998.5
1216210 998.5
1216220 998.5
1216230 998.5
1216240 998.4
1216250 998.4
1216260 998.1
1216270 998.1
1216280 998.1
1216290 998.0
1216300 997.2
1216310 997.2
1216320 995.9
1216330 995.9
1216340 995.9
1216350 995.6
1216360 995.2
1216370 995.2
1216380 995.0
1216390 994.7
1216400 994.7
1216410 994.1
1216420 993.4
1216430 993.4
1216440 993.2
1216450 993.0
1216460 993.1
1216470 992.8
1216480 992.6
1216490 992.5
1216500 992.5
1216510 992.6
1216520 992.8
1216530 992.8
1216540 993.2
1216550 993.7
1216560 993.7
1216570 994.5
1216580 994.5
1216590 994.5
1216600 992.7
1216610 989.9
1216620 989.9
1216630 988.8
1216640 988.4
1216650 988.4
1216660 988.2
1216670 987.9
1216680 987.9
1216690 987.5
1216700 987.0
1216710 987.0
1216720 986.5
1216730 985.9
1216740 985.9
1216750 985.3
1216760 984.7
1216770 984.0
1216780 984.0
1216790 983.1
1216800 982.3
1216810 982.3
1216820 981.7
1216830 981.3
1216840 981.3
1216850 981.0
1216860 980.4
1216870 980.4
1216880 980.0
1216890 980.1
1216900 980.1
1216910 979.9
1216920 979.8
1216930 979.8
1216940 979.1
1216950 979.0
1216960 979.0
1216970 978.8
1216980 978.6
1216990 978.6
1217000 978.5
1217010 978.3
1217020 978.3
1217030 978.1
1217040 978.0
1217050 977.9
1217060 977.9
1217070 977.9
1217080 977.8
1217090 977.8
1217100 977.8
1217110 977.9
1217120 977.9
1217130 977.9
1217140 978.0
1217150 978.0
1217160 978.1
1217170 978.1
1217180 978.1
1217190 978.0
1217200 977.9
1217210 977.9
1217220 977.8
1217230 977.8
1217240 977.8
1217250 977.6
1217260 977.4
1217270 977.4
1217280 977.3
1217290 977.4
1217300 977.5
1217310 977.5
1217320 977.3
1217330 977.1
1217340 977.1
1217350 977.0
1217360 977.0
1217370 977.0
1217380 977.2
1217390 977.1
1217400 977.1
1217410 977.0
1217420 975.3
1217430 975.3
1217440 975.5
1217450 975.5
1217460 975.5
1217470 975.2
1217480 974.9
1217490 974.9
1217500 974.5
1217510 974.1
1217520 974.1
1217530 974.0
1217540 973.8
1217550 973.8
1217560 973.2
1217570 972.6
1217580 972.8
1217590 972.8
1217600 972.6
1217610 972.6
1217620 972.6
1217630 972.4
1217640 972.2
1217650 972.2
1217660 972.2
1217670 972.2
1217680 972.2
1217690 972.1
1217700 971.9
1217710 971.9
1217720 971.6
1217730 971.0
1217740 971.0
1217750 970.6
1217760 970.0
1217770 970.0
1217780 969.4
1217790 969.0
1217800 969.0
1217810 968.5
1217820 967.5
1217830 967.5
1217840 964.9
1217850 960.2
1217860 955.1
1217870 955.1
1217880 951.0
1217890 952.2
1217900 952.2
1217910 956.4
1217920 960.4
1217930 960.4
1217940 961.5
1217950 961.5
1217960 961.5
1217970 960.2
1217980 959.0
1217990 959.0
1218000 957.7
1218010 956.2
1218020 956.2
1218030 954.8
1218040 953.7
1218050 953.7
1218060 952.7
1218070 951.7
1218080 951.7
1218090 950.8
1218100 950.1
1218110 950.1
1218120 949.6
1218130 948.6
1218140 947.0
1218150 947.0
1218160 945.7
1218170 944.8
1218180 944.8
1218190 944.3
1218200 943.8
1218210 943.8
1218220 943.0
1218230 941.5
1218240 941.5
1218250 940.4
1218260 938.5
1218270 938.5
1218280 937.7
1218290 939.5
1218300 939.5
1218310 939.9
1218320 938.9
1218330 938.9
1218340 938.0
1218350 937.0
1218360 937.0
1218370 935.6
1218380 934.7
1218390 934.7
1218400 933.8
1218410 932.4
1218420 930.2
1218430 930.2
1218440 927.7
1218450 926.8
1218460 926.8
1218470 926.4
1218480 926.2
1218490 926.2
1218500 925.9
1218510 925.5
1218520 925.5
1218530 922.1
1218540 916.0
1218550 916.0
1218560 911.2
1218570 910.0
1218580 910.0
1218590 911.7
1218600 910.9
1218610 910.9
1218620 904.9
1218630 899.0
1218640 899.0
1218650 897.0
1218660 894.9
1218670 891.5
1218680 891.5
1218690 887.7
1218700 885.6
1218710 885.6
1218720 885.2
1218730 886.1
1218740 886.1
1218750 886.0
1218760 881.2
1218770 881.2
1218780 876.0
1218790 872.0
1218800 872.0
1218810 867.5
1218820 859.4
1218830 859.4
1218840 853.8
1218850 845.1
1218860 845.1
1218870 844.4
1218880 846.1
1218890 846.1
1218900 846.8
1218910 847.6
1218920 847.6
1218930 849.3
1218940 855.7
1218950 864.6
1218960 864.6
1218970 871.3
1218980 872.3
1218990 872.3
1219000 869.2
1219010 865.9
1219020 865.9
1219030 864.5
1219040 866.6
1219050 866.6
1219060 871.7
1219070 877.4
1219080 877.4
1219090 882.0
1219100 884.9
1219110 884.9
1219120 886.0
1219130 883.0
1219140 883.0
1219150 880.3
1219160 879.9
1219170 879.9
1219180 881.9
1219190 884.4
1219200 884.4
1219210 884.0
1219220 878.2
1219230 872.1
1219240 872.1
1219250 867.8
1219260 865.8
1219270 865.8
1219280 865.5
1219290 863.2
1219300 863.2
1219310 862.1
1219320 865.8
1219330 864.6
1219340 865.5
1219350 864.9
1219360 864.9
1219370 867.5
1219380 868.9
1219390 868.9
1219400 864.0
1219410 858.2
1219420 858.2
1219430 854.1
1219440 850.0
1219450 850.0
1219460 844.0
1219470 836.5
1219480 836.5
1219490 831.9
1219500 831.5
1219510 830.0
1219520 830.0
1219530 831.6
1219540 831.2
1219550 831.2
1219560 831.5
1219570 837.1
1219580 837.1
1219590 842.9
1219600 848.2
1219610 848.2
1219620 852.1
1219630 855.8
1219640 855.8
1219650 855.3
1219660 849.4
1219670 849.4
1219680 845.0
1219690 843.6
1219700 843.6
1219710 843.3
1219720 843.7
1219730 843.7
1219740 843.0
1219750 838.2
1219760 838.2
1219770 830.9
1219780 823.4
1219790 816.4
1219800 816.4
1219810 809.6
1219820 805.9
1219830 805.9
1219840 805.7
1219850 808.4
1219860 808.4
1219870 812.3
1219880 816.6
1219890 816.6
1219900 821.5
1219910 825.8
1219920 825.8
1219930 830.6
1219940 835.4
1219950 835.4
1219960 838.3
1219970 837.3
1219980 837.3
1219990 836.0
