1200000 2054.8
1200010 2050.8
1200020 2047.4
1200030 2047.4
1200040 2043.8
1200050 2039.9
1200060 2039.9
1200070 2036.9
1200080 2030.7
1200090 2030.7
1200100 2023.5
1200110 2016.8
1200120 2016.8
1200130 2011.9
1200140 2008.2
1200150 2008.2
1200160 2005.4
1200170 2001.7
1200180 2001.7
1200190 1997.0
1200200 1989.4
1200210 1989.4
1200220 1982.0
1200230 1978.2
1200240 1978.2
1200250 1979.9
1200260 1981.8
1200270 1981.8
1200280 1978.6
1200290 1972.8
1200300 1965.8
1200310 1965.8
1200320 1960.0
1200330 1955.6
1200340 1955.6
1200350 1951.2
1200360 1945.8
1200370 1945.8
1200380 1929.3
1200390 1922.4
1200400 1922.4
1200410 1915.9
1200420 1910.0
1200430 1910.0
1200440 1906.0
1200450 1902.1
1200460 1902.1
1200470 1898.4
1200480 1893.1
1200490 1893.1
1200500 1885.4
1200510 1878.4
1200520 1878.4
1200530 1873.3
1200540 1868.6
1200550 1868.6
1200560 1864.9
1200570 1861.0
1200580 1854.3
1200590 1854.3
1200600 1848.6
1200610 1844.1
1200620 1844.1
1200630 1841.6
1200640 1838.7
1200650 1838.7
1200660 1834.3
1200670 1829.1
1200680 1829.1
1200690 1822.7
1200700 1816.4
1200710 1816.4
1200720 1810.7
1200730 1806.2
1200740 1806.2
1200750 1800.9
1200760 1794.8
1200770 1794.8
1200780 1789.4
1200790 1783.6
1200800 1783.6
1200810 1776.7
1200820 1770.2
1200830 1764.5
1200840 1764.5
1200850 1758.8
1200860 1753.7
1200870 1753.7
1200880 1748.4
1200890 1743.2
1200900 1743.2
1200910 1738.4
1200920 1732.6
1200930 1732.6
1200940 1727.9
1200950 1722.3
1200960 1722.3
1200970 1716.1
1200980 1711.1
1200990 1711.1
1201000 1707.3
1201010 1702.8
1201020 1702.8
1201030 1700.3
1201040 1698.7
1201050 1698.7
1201060 1696.3
1201070 1693.3
1201080 1693.3
1201090 1690.6
1201100 1688.3
1201110 1686.4
1201120 1686.4
1201130 1683.0
1201140 1678.3
1201150 1678.3
1201160 1674.3
1201170 1671.2
1201180 1671.2
1201190 1668.7
1201200 1665.3
1201210 1665.3
1201220 1661.5
1201230 1657.6
1201240 1657.6
1201250 1654.0
1201260 1650.1
1201270 1650.1
1201280 1641.4
1201290 1637.9
1201300 1637.9
1201310 1632.8
1201320 1627.3
1201330 1627.3
1201340 1623.6
1201350 1620.9
1201360 1620.9
1201370 1618.6
1201380 1616.5
1201390 1614.5
1201400 1614.5
1201410 1612.5
1201420 1610.6
1201430 1610.6
1201440 1608.6
1201450 1606.6
1201460 1606.6
1201470 1604.4
1201480 1603.5
1201490 1603.5
1201500 1603.5
1201510 1603.7
1201520 1603.7
1201530 1603.7
1201540 1603.2
1201550 1603.2
1201560 1602.4
1201570 1601.9
1201580 1601.9
1201590 1602.5
1201600 1602.8
1201610 1602.8
1201620 1602.4
1201630 1602.0
1201640 1602.0
1201650 1601.8
1201660 1601.5
1201670 1601.8
1201680 1601.8
1201690 1601.8
1201700 1600.7
1201710 1600.7
1201720 1596.4
1201730 1588.7
1201740 1588.7
1201750 1583.7
1201760 1580.5
1201770 1580.5
1201780 1577.9
1201790 1576.1
1201800 1576.1
1201810 1574.8
1201820 1574.5
1201830 1574.5
1201840 1577.6
1201850 1581.9
1201860 1581.9
1201870 1585.3
1201880 1588.2
1201890 1588.2
1201900 1588.4
1201910 1587.9
1201920 1587.9
1201930 1586.7
1201940 1585.3
1201950 1583.5
1201960 1583.5
1201970 1581.9
1201980 1580.0
1201990 1580.0
1202000 1575.1
1202010 1571.5
1202020 1571.5
1202030 1569.3
1202040 1565.8
1202050 1565.8
1202060 1562.8
1202070 1559.4
1202080 1559.4
1202090 1554.6
1202100 1552.7
1202110 1552.7
1202120 1552.6
1202130 1555.1
1202140 1555.1
1202150 1557.9
1202160 1560.9
1202170 1560.9
1202180 1564.0
1202190 1566.4
1202200 1566.4
1202210 1567.3
1202220 1568.2
1202230 1569.1
1202240 1569.1
1202250 1569.1
1202260 1568.8
1202270 1568.8
1202280 1569.5
1202290 1570.6
1202300 1570.6
1202310 1571.8
1202320 1573.1
1202330 1573.1
1202340 1573.3
1202350 1569.0
1202360 1569.0
1202370 1565.5
1202380 1563.0
1202390 1563.0
1202400 1565.0
1202410 1567.2
1202420 1567.2
1202430 1567.2
1202440 1565.0
1202450 1565.0
1202460 1563.3
1202470 1561.6
1202480 1560.8
1202490 1560.8
1202500 1559.6
1202510 1556.9
1202520 1556.9
1202530 1552.9
1202540 1548.6
1202550 1548.6
1202560 1546.3
1202570 1546.1
1202580 1546.1
1202590 1545.7
1202600 1544.6
1202610 1544.6
1202620 1544.4
1202630 1543.2
1202640 1543.2
1202650 1543.9
1202660 1545.0
1202670 1545.0
1202680 1546.8
1202690 1547.9
1202700 1547.9
1202710 1547.8
1202720 1547.5
1202730 1547.5
1202740 1546.8
1202750 1545.5
1202760 1543.3
1202770 1543.3
1202780 1541.4
1202790 1541.0
1202800 1541.0
1202810 1541.5
1202820 1541.1
1202830 1541.1
1202840 1540.6
1202850 1541.5
1202860 1541.5
1202870 1544.6
1202880 1546.1
1202890 1546.1
1202900 1546.6
1202910 1546.0
1202920 1546.0
1202930 1544.8
1202940 1543.2
1202950 1543.2
1202960 1542.0
1202970 1541.3
1202980 1541.3
1202990 1542.2
1203000 1541.7
1203010 1541.7
1203020 1539.5
1203030 1537.6
1203040 1536.7
1203050 1536.7
1203060 1535.5
1203070 1534.6
1203080 1534.8
1203090 1535.5
1203100 1536.6
1203110 1536.6
1203120 1536.3
1203130 1536.6
1203140 1536.6
1203150 1536.5
1203160 1536.3
1203170 1536.3
1203180 1536.0
1203190 1535.0
1203200 1535.0
1203210 1532.9
1203220 1532.1
1203230 1532.1
1203240 1532.2
1203250 1531.4
1203260 1531.4
1203270 1532.1
1203280 1532.8
1203290 1532.8
1203300 1533.8
1203310 1534.4
1203320 1534.2
1203330 1534.2
1203340 1532.6
1203350 1529.7
1203360 1529.7
1203370 1527.8
1203380 1526.5
1203390 1526.5
1203400 1524.4
1203410 1521.9
1203420 1521.9
1203430 1518.0
1203440 1514.9
1203450 1514.9
1203460 1513.2
1203470 1512.5
1203480 1512.5
1203490 1511.8
1203500 1511.6
1203510 1511.6
1203520 1511.2
1203530 1510.4
1203540 1507.6
1203550 1507.8
1203560 1507.5
1203570 1507.5
1203580 1506.0
1203590 1505.1
1203600 1507.1
1203610 1507.1
1203620 1508.6
1203630 1509.1
1203640 1509.1
1203650 1508.2
1203660 1508.6
1203670 1508.6
1203680 1509.0
1203690 1508.8
1203700 1508.8
1203710 1508.8
1203720 1508.6
1203730 1508.6
1203740 1509.8
1203750 1511.7
1203760 1511.7
1203770 1512.3
1203780 1512.6
1203790 1512.6
1203800 1513.1
1203810 1512.9
1203820 1512.9
1203830 1512.0
1203840 1511.6
1203850 1511.6
1203860 1511.4
1203870 1509.3
1203880 1503.9
1203890 1503.9
1203900 1498.3
1203910 1494.2
1203920 1494.2
1203930 1489.7
1203940 1485.6
1203950 1485.6
1203960 1482.7
1203970 1481.4
1203980 1481.4
1203990 1478.9
1204000 1478.9
1204010 1478.9
1204020 1477.3
1204030 1475.0
1204040 1475.0
1204050 1473.6
1204060 1473.5
1204070 1473.5
1204080 1472.9
1204090 1472.3
1204100 1472.3
1204110 1471.6
1204120 1470.3
1204130 1470.3
1204140 1469.6
1204150 1470.1
1204160 1470.3
1204170 1470.3
1204180 1469.1
1204190 1466.8
1204200 1466.8
1204210 1463.1
1204220 1458.9
1204230 1458.9
1204240 1454.6
1204250 1451.6
1204260 1451.6
1204270 1448.8
1204280 1446.5
1204290 1446.5
1204300 1444.5
1204310 1441.2
1204320 1441.2
1204330 1436.6
1204340 1432.0
1204350 1432.0
1204360 1427.8
1204370 1424.3
1204380 1424.3
1204390 1421.9
1204400 1420.3
1204410 1417.9
1204420 1417.9
1204430 1413.6
1204440 1408.0
1204450 1405.0
1204460 1400.0
1204470 1395.5
1204480 1395.5
1204490 1392.6
1204500 1391.9
1204510 1391.9
1204520 1391.3
1204530 1389.1
1204540 1389.1
1204550 1385.1
1204560 1379.9
1204570 1379.9
1204580 1374.2
1204590 1368.7
1204600 1368.7
1204610 1363.3
1204620 1357.9
1204630 1357.9
1204640 1352.6
1204650 1347.0
1204660 1347.0
1204670 1341.8
1204680 1337.9
1204690 1334.5
1204700 1334.5
1204710 1332.0
1204720 1330.8
1204730 1330.8
1204740 1329.6
1204750 1328.5
1204760 1328.5
1204770 1329.0
1204780 1327.8
1204790 1327.8
1204800 1325.0
1204810 1320.8
1204820 1320.8
1204830 1316.4
1204840 1310.6
1204850 1310.6
1204860 1302.0
1204870 1294.0
1204880 1294.0
1204890 1286.7
1204900 1276.1
1204910 1276.1
1204920 1270.1
1204930 1264.9
1204940 1264.9
1204950 1260.3
1204960 1256.2
1204970 1252.4
1204980 1252.4
1204990 1249.7
1205000 1246.3
1205010 1246.3
1205020 1241.0
1205030 1234.1
1205040 1234.1
1205050 1226.8
1205060 1220.4
1205070 1220.4
1205080 1214.9
1205090 1209.6
1205100 1209.6
1205110 1204.0
1205120 1198.6
1205130 1198.6
1205140 1193.6
1205150 1188.4
1205160 1188.4
1205170 1183.4
1205180 1178.5
1205190 1178.5
1205200 1173.0
1205210 1167.8
1205220 1167.8
1205230 1162.4
1205240 1156.7
1205250 1151.0
1205260 1151.0
1205270 1145.5
1205280 1140.0
1205290 1140.0
1205300 1133.1
1205310 1125.5
1205320 1125.5
1205330 1118.6
1205340 1112.6
1205350 1112.6
1205360 1107.2
1205370 1101.6
1205380 1101.6
1205390 1095.7
1205400 1089.5
1205410 1089.5
1205420 1082.2
1205430 1072.9
1205440 1072.9
1205450 1065.1
1205460 1054.1
1205470 1054.1
1205480 1042.6
1205490 1035.1
1205500 1035.1
1205510 1028.1
1205520 1024.0
1205530 1023.2
1205540 1023.2
1205550 1025.8
1205560 1026.7
1205570 1026.7
1205580 1025.7
1205590 1025.2
1205600 1025.2
1205610 1024.0
1205620 1019.6
1205630 1019.6
1205640 1013.9
1205650 1010.2
1205660 1010.2
1205670 1005.8
1205680 999.6
1205690 999.6
1205700 993.2
1205710 990.8
1205720 990.8
1205730 992.3
1205740 989.9
1205750 989.9
1205760 983.4
1205770 977.4
1205780 977.4
1205790 971.8
1205800 966.5
1205810 957.1
1205820 957.1
1205830 951.8
1205840 946.5
1205850 946.5
1205860 941.6
1205870 936.7
1205880 936.7
1205890 933.3
1205900 929.9
1205910 929.9
1205920 924.2
1205930 918.9
1205940 918.9
1205950 912.0
1205960 905.0
1205970 905.0
1205980 899.9
1205990 896.2
1206000 896.2
1206010 893.6
1206020 890.6
1206030 890.6
1206040 886.3
1206050 882.7
1206060 879.1
1206070 879.1
1206080 874.6
1206090 869.5
1206100 869.5
1206110 864.6
1206120 857.8
1206130 857.8
1206140 851.4
1206150 845.9
1206160 845.9
1206170 841.5
1206180 836.1
1206190 836.1
1206200 832.0
1206210 831.0
1206220 831.0
1206230 828.1
1206240 826.2
1206250 826.2
1206260 825.1
1206270 823.4
1206280 823.4
1206290 822.2
1206300 821.4
1206310 821.4
1206320 821.7
1206330 821.9
1206340 821.8
1206350 821.8
1206360 821.2
1206370 821.0
1206380 821.0
1206390 821.3
1206400 821.3
1206410 821.3
1206420 820.9
1206430 820.7
1206440 820.7
1206450 820.5
1206460 820.1
1206470 820.1
1206480 820.0
1206490 820.0
1206500 820.0
1206510 819.8
1206520 819.5
1206530 819.5
1206540 819.1
1206550 818.4
1206560 818.4
1206570 818.2
1206580 818.2
1206590 818.2
1206600 818.1
1206610 817.9
1206620 817.0
1206630 817.0
1206640 816.0
1206650 815.7
1206660 815.7
1206670 815.4
1206680 815.2
1206690 815.2
1206700 815.1
1206710 815.1
1206720 815.1
1206730 815.0
1206740 815.4
1206750 815.4
1206760 815.8
1206770 815.4
1206780 815.4
1206790 815.0
1206800 815.3
1206810 815.3
1206820 815.7
1206830 816.4
1206840 816.4
1206850 815.8
1206860 816.8
1206870 816.8
1206880 816.9
1206890 816.8
1206900 816.7
1206910 816.7
1206920 816.5
1206930 816.1
1206940 816.1
1206950 815.9
1206960 815.8
1206970 815.8
1206980 815.7
1206990 815.7
1207000 815.7
1207010 815.6
1207020 815.7
1207030 815.7
1207040 815.6
1207050 815.7
1207060 815.7
1207070 815.9
1207080 816.1
1207090 816.1
1207100 816.7
1207110 818.1
1207120 818.1
1207130 819.0
1207140 818.4
1207150 818.4
1207160 818.5
1207170 818.8
1207180 818.9
1207190 818.7
1207200 818.8
1207210 818.7
1207220 818.7
1207230 818.6
1207240 818.3
1207250 818.3
1207260 818.2
1207270 818.2
1207280 818.2
1207290 818.3
1207300 818.3
1207310 818.3
1207320 818.3
1207330 818.4
1207340 818.4
1207350 818.6
1207360 818.8
1207370 818.8
1207380 819.1
1207390 819.4
1207400 819.4
1207410 819.7
1207420 820.0
1207430 820.0
1207440 820.2
1207450 820.8
1207460 821.1
1207470 821.1
1207480 821.3
1207490 821.4
1207500 821.4
1207510 822.1
1207520 823.0
1207530 823.0
1207540 823.5
1207550 824.8
1207560 824.8
1207570 826.1
1207580 826.9
1207590 826.9
1207600 828.3
1207610 830.1
1207620 830.1
1207630 831.0
1207640 832.2
1207650 832.3
1207660 833.9
1207670 834.9
1207680 834.9
1207690 836.0
1207700 837.0
1207710 837.0
1207720 839.2
1207730 840.8
1207740 842.5
1207750 842.5
1207760 844.5
1207770 845.8
1207780 845.8
1207790 847.0
1207800 848.3
1207810 848.3
1207820 849.5
1207830 850.9
1207840 850.9
1207850 852.4
1207860 854.6
1207870 854.6
1207880 856.1
1207890 857.5
1207900 857.5
1207910 859.2
1207920 860.8
1207930 860.8
1207940 862.7
1207950 864.0
1207960 864.0
1207970 865.3
1207980 868.1
1207990 869.8
1208000 869.8
1208010 870.9
1208020 871.7
1208030 871.7
1208040 873.7
1208050 875.9
1208060 875.9
1208070 877.1
1208080 878.7
1208090 878.7
1208100 880.7
1208110 882.3
1208120 882.3
1208130 884.3
1208140 886.3
1208150 886.3
1208160 887.8
1208170 889.5
1208180 889.5
1208190 890.7
1208200 892.0
1208210 892.0
1208220 893.3
1208230 895.7
1208240 895.7
1208250 896.5
1208260 897.9
1208270 899.2
1208280 899.2
1208290 901.8
1208300 903.4
1208310 903.4
1208320 906.9
1208330 907.8
1208340 907.8
1208350 905.3
1208360 903.9
1208370 903.9
1208380 906.7
1208390 911.4
1208400 911.4
1208410 916.2
1208420 921.2
1208430 921.2
1208440 927.3
1208450 932.5
1208460 932.5
1208470 936.5
1208480 941.2
1208490 941.2
1208500 946.6
1208510 952.1
1208520 952.1
1208530 957.7
1208540 962.5
1208550 963.6
1208560 963.6
1208570 964.6
1208580 967.9
1208590 967.9
1208600 971.4
1208610 973.4
1208620 973.4
1208630 975.4
1208640 977.6
1208650 977.6
1208660 981.1
1208670 983.2
1208680 983.2
1208690 983.3
1208700 983.5
1208710 983.5
1208720 983.5
1208730 984.4
1208740 984.4
1208750 990.7
1208760 997.8
1208770 997.8
1208780 1004.6
1208790 1011.3
1208800 1011.3
1208810 1017.9
1208820 1024.3
1208830 1027.6
1208840 1027.6
1208850 1027.7
1208860 1028.9
1208870 1028.9
1208880 1030.2
1208890 1032.3
1208900 1032.3
1208910 1034.5
1208920 1036.1
1208930 1036.1
1208940 1037.9
1208950 1039.6
1208960 1039.6
1208970 1040.3
1208980 1042.2
1208990 1042.2
1209000 1046.4
1209010 1051.3
1209020 1051.3
1209030 1052.7
1209040 1056.7
1209050 1056.7
1209060 1061.9
1209070 1065.7
1209080 1065.7
1209090 1063.7
1209100 1062.5
1209110 1060.0
1209120 1060.0
1209130 1056.2
1209140 1055.0
1209150 1055.0
1209160 1051.8
1209170 1052.5
1209180 1052.5
1209190 1052.6
1209200 1050.8
1209210 1050.8
1209220 1050.8
1209230 1051.5
1209240 1051.5
1209250 1053.1
1209260 1055.5
1209270 1055.5
1209280 1058.1
1209290 1061.5
1209300 1061.5
1209310 1065.9
1209320 1071.1
1209330 1071.1
1209340 1075.7
1209350 1077.6
1209360 1077.6
1209370 1078.4
1209380 1079.0
1209390 1079.7
1209400 1079.7
1209410 1080.8
1209420 1081.7
1209430 1081.7
1209440 1082.7
1209450 1084.0
1209460 1084.0
1209470 1085.3
1209480 1086.4
1209490 1087.7
1209500 1088.7
1209510 1090.4
1209520 1090.4
1209530 1091.1
1209540 1092.2
1209550 1092.2
1209560 1093.6
1209570 1095.2
1209580 1095.2
1209590 1096.7
1209600 1097.7
1209610 1097.7
1209620 1098.6
1209630 1099.7
1209640 1100.9
1209650 1100.9
1209660 1102.1
1209670 1103.4
1209680 1103.4
1209690 1104.8
1209700 1106.4
1209710 1106.4
1209720 1107.4
1209730 1108.4
1209740 1108.4
1209750 1109.6
1209760 1110.4
1209770 1110.4
1209780 1111.1
1209790 1111.9
1209800 1111.9
1209810 1112.6
1209820 1113.5
1209830 1113.5
1209840 1114.9
1209850 1116.2
1209860 1116.2
1209870 1117.0
1209880 1117.3
1209890 1117.3
1209900 1117.2
1209910 1117.5
1209920 1118.3
1209930 1118.3
1209940 1119.5
1209950 1120.5
1209960 1122.8
1209970 1123.6
1209980 1124.6
1209990 1124.6
1210000 1125.6
1210010 1126.7
1210020 1126.7
1210030 1127.7
1210040 1128.5
1210050 1128.5
1210060 1128.9
1210070 1130.3
1210080 1130.3
1210090 1133.6
1210100 1137.0
1210110 1137.0
1210120 1138.2
1210130 1138.6
1210140 1138.6
1210150 1139.5
1210160 1140.3
1210170 1140.3
1210180 1141.3
1210190 1144.0
1210200 1146.2
1210210 1146.2
1210220 1144.2
1210230 1142.8
1210240 1142.8
1210250 1143.1
1210260 1143.2
1210270 1143.2
1210280 1142.6
1210290 1145.7
1210300 1145.7
1210310 1151.0
1210320 1153.4
1210330 1153.4
1210340 1155.5
1210350 1154.9
1210360 1154.9
1210370 1154.6
1210380 1154.0
1210390 1154.0
1210400 1154.8
1210410 1156.4
1210420 1157.9
1210430 1163.0
1210440 1166.7
1210450 1166.7
1210460 1167.8
1210470 1168.4
1210480 1168.2
1210490 1168.2
1210500 1168.2
1210510 1168.4
1210520 1168.4
1210530 1168.6
1210540 1168.3
1210550 1168.3
1210560 1168.5
1210570 1169.2
1210580 1169.2
1210590 1169.7
1210600 1169.7
1210610 1169.7
1210620 1168.7
1210630 1168.9
1210640 1168.9
1210650 1170.1
1210660 1169.7
1210670 1169.7
1210680 1169.2
1210690 1169.7
1210700 1169.7
1210710 1169.7
1210720 1171.3
1210730 1171.3
1210740 1172.1
1210750 1170.5
1210760 1170.7
1210770 1170.7
1210780 1170.6
1210790 1173.3
1210800 1173.3
1210810 1177.8
1210820 1180.8
1210830 1180.8
1210840 1182.3
1210850 1180.6
1210860 1180.6
1210870 1180.2
1210880 1178.7
1210890 1182.7
1210900 1177.2
1210910 1175.3
1210920 1175.3
1210930 1175.7
1210940 1177.9
1210950 1177.9
1210960 1180.5
1210970 1181.2
1210980 1181.2
1210990 1178.9
1211000 1177.5
1211010 1177.5
1211020 1176.9
1211030 1177.6
1211040 1179.0
1211050 1179.0
1211060 1178.0
1211070 1175.7
1211080 1175.7
1211090 1175.7
1211100 1176.0
1211110 1176.0
1211120 1176.3
1211130 1176.1
1211140 1176.1
1211150 1175.5
1211160 1175.1
1211170 1175.1
1211180 1175.1
1211190 1174.9
1211200 1174.9
1211210 1175.8
1211220 1176.7
1211230 1176.7
1211240 1177.6
1211250 1178.6
1211260 1178.6
1211270 1179.3
1211280 1179.5
1211290 1180.0
1211300 1180.0
1211310 1181.3
1211320 1182.8
1211330 1182.8
1211340 1185.9
1211350 1191.2
1211360 1191.2
1211370 1194.7
1211380 1194.7
1211390 1194.7
1211400 1191.5
1211410 1189.1
1211420 1189.1
1211430 1185.7
1211440 1182.7
1211450 1182.7
1211460 1183.3
1211470 1184.6
1211480 1184.6
1211490 1185.5
1211500 1186.6
1211510 1186.6
1211520 1187.7
1211530 1187.8
1211540 1187.8
1211550 1187.5
1211560 1186.4
1211570 1184.4
1211580 1184.4
1211590 1182.6
1211600 1182.2
1211610 1182.2
1211620 1182.0
1211630 1181.8
1211640 1181.8
1211650 1181.7
1211660 1181.4
1211670 1181.4
1211680 1180.7
1211690 1180.7
1211700 1180.7
1211710 1180.8
1211720 1181.1
1211730 1181.1
1211740 1181.6
1211750 1181.8
1211760 1181.8
1211770 1181.7
1211780 1180.9
1211790 1180.9
1211800 1181.4
1211810 1183.7
1211820 1186.0
1211830 1182.7
1211840 1181.1
1211850 1180.9
1211860 1180.9
1211870 1181.0
1211880 1180.1
1211890 1180.1
1211900 1180.6
1211910 1184.1
1211920 1184.1
1211930 1183.4
1211940 1181.3
1211950 1181.3
1211960 1179.4
1211970 1177.4
1211980 1177.4
1211990 1174.4
1212000 1173.6
1212010 1173.6
1212020 1174.2
1212030 1175.2
1212040 1175.2
1212050 1175.6
1212060 1175.1
1212070 1175.1
1212080 1174.6
1212090 1173.2
1212100 1173.2
1212110 1171.0
1212120 1167.7
1212130 1165.4
1212140 1165.4
1212150 1164.0
1212160 1163.9
1212170 1163.9
1212180 1164.2
1212190 1164.5
1212200 1164.5
1212210 1164.5
1212220 1164.7
1212230 1164.7
1212240 1165.3
1212250 1166.3
1212260 1166.3
1212270 1166.8
1212280 1166.1
1212290 1167.2
1212300 1165.9
1212310 1164.8
1212320 1164.8
1212330 1164.1
1212340 1163.3
1212350 1163.3
1212360 1162.3
1212370 1161.4
1212380 1161.4
1212390 1160.6
1212400 1160.0
1212410 1159.3
1212420 1159.3
1212430 1158.6
1212440 1157.8
1212450 1157.8
1212460 1156.9
1212470 1156.1
1212480 1156.1
1212490 1155.1
1212500 1153.4
1212510 1153.4
1212520 1152.5
1212530 1151.6
1212540 1151.6
1212550 1150.3
1212560 1149.1
1212570 1149.1
1212580 1147.9
1212590 1146.8
1212600 1146.8
1212610 1145.8
1212620 1145.0
1212630 1145.0
1212640 1144.4
1212650 1143.7
1212660 1143.7
1212670 1143.4
1212680 1143.2
1212690 1143.3
1212700 1143.3
1212710 1143.5
1212720 1143.5
1212730 1143.5
1212740 1143.2
1212750 1144.3
1212760 1144.3
1212770 1143.7
1212780 1143.0
1212790 1143.0
1212800 1142.3
1212810 1141.6
1212820 1141.6
1212830 1140.9
1212840 1140.1
1212850 1140.1
1212860 1139.2
1212870 1138.4
1212880 1138.4
1212890 1137.3
1212900 1136.1
1212910 1136.1
1212920 1134.7
1212930 1133.5
1212940 1132.2
1212950 1132.2
1212960 1130.9
1212970 1129.7
1212980 1129.7
1212990 1128.5
1213000 1127.1
1213010 1127.1
1213020 1125.8
1213030 1124.3
1213040 1124.3
1213050 1123.0
1213060 1121.6
1213070 1121.6
1213080 1120.3
1213090 1119.0
1213100 1119.0
1213110 1117.7
1213120 1116.2
1213130 1116.2
1213140 1115.0
1213150 1113.5
1213160 1113.5
1213170 1112.1
1213180 1110.8
1213190 1110.8
1213200 1109.6
1213210 1108.9
1213220 1109.1
1213230 1109.1
1213240 1108.3
1213250 1107.7
1213260 1107.7
1213270 1107.7
1213280 1107.8
1213290 1107.8
1213300 1107.6
1213310 1107.0
1213320 1107.0
1213330 1105.9
1213340 1104.9
1213350 1104.9
1213360 1103.8
1213370 1102.6
1213380 1102.6
1213390 1101.3
1213400 1100.2
1213410 1100.2
1213420 1099.3
1213430 1098.4
1213440 1098.4
1213450 1097.3
1213460 1096.2
1213470 1096.2
1213480 1095.2
1213490 1094.1
1213500 1093.0
1213510 1093.0
1213520 1092.0
1213530 1091.4
1213540 1091.4
1213550 1090.7
1213560 1089.9
1213570 1089.9
1213580 1089.3
1213590 1088.1
1213600 1088.1
1213610 1087.5
1213620 1086.6
1213630 1086.6
1213640 1085.5
1213650 1084.6
1213660 1084.6
1213670 1083.8
1213680 1082.7
1213690 1083.5
1213700 1082.4
1213710 1080.6
1213720 1080.6
1213730 1078.5
1213740 1077.7
1213750 1077.7
1213760 1077.3
1213770 1076.6
1213780 1075.7
1213790 1075.7
1213800 1074.7
1213810 1073.5
1213820 1073.5
1213830 1072.2
1213840 1071.0
1213850 1071.0
1213860 1069.9
1213870 1068.6
1213880 1068.6
1213890 1067.5
1213900 1066.8
1213910 1066.8
1213920 1065.8
1213930 1064.8
1213940 1064.8
1213950 1064.4
1213960 1064.0
1213970 1064.0
1213980 1063.4
1213990 1062.6
1214000 1062.6
1214010 1061.8
1214020 1060.8
1214030 1060.8
1214040 1059.6
1214050 1058.5
1214060 1057.6
1214070 1057.6
1214080 1056.6
1214090 1055.7
1214100 1055.7
1214110 1055.3
1214120 1055.8
1214130 1055.8
1214140 1055.8
1214150 1055.6
1214160 1055.1
1214170 1054.5
1214180 1053.9
1214190 1053.9
1214200 1053.1
1214210 1052.6
1214220 1052.6
1214230 1052.2
1214240 1051.9
1214250 1051.9
1214260 1051.5
1214270 1050.9
1214280 1050.9
1214290 1050.2
1214300 1049.7
1214310 1049.4
1214320 1049.4
1214330 1049.0
1214340 1048.5
1214350 1048.5
1214360 1048.2
1214370 1047.8
1214380 1047.8
1214390 1047.1
1214400 1046.5
1214410 1046.5
1214420 1046.3
1214430 1045.8
1214440 1045.8
1214450 1045.2
1214460 1044.5
1214470 1044.5
1214480 1043.5
1214490 1042.8
1214500 1042.8
1214510 1042.2
1214520 1041.8
1214530 1041.8
1214540 1041.3
1214550 1040.4
1214560 1040.4
1214570 1039.5
1214580 1038.9
1214590 1038.5
1214600 1038.5
1214610 1038.1
1214620 1037.7
1214630 1037.5
1214640 1036.6
1214650 1036.0
1214660 1036.0
1214670 1035.6
1214680 1034.8
1214690 1034.8
1214700 1032.7
1214710 1032.1
1214720 1032.1
1214730 1032.2
1214740 1031.8
1214750 1031.8
1214760 1030.6
1214770 1030.0
1214780 1030.0
1214790 1029.5
1214800 1029.4
1214810 1029.4
1214820 1029.0
1214830 1029.0
1214840 1029.0
1214850 1029.2
1214860 1028.9
1214870 1029.0
1214880 1029.0
1214890 1029.1
1214900 1029.6
1214910 1029.6
1214920 1030.4
1214930 1029.9
1214940 1029.9
1214950 1030.0
1214960 1029.9
1214970 1029.9
1214980 1029.6
1214990 1029.6
1215000 1029.6
1215010 1030.2
1215020 1030.1
1215030 1030.1
1215040 1029.9
1215050 1029.9
1215060 1029.9
1215070 1029.4
1215080 1028.9
1215090 1028.9
1215100 1028.6
1215110 1027.5
1215120 1027.5
1215130 1026.7
1215140 1025.0
1215150 1022.1
1215160 1022.1
1215170 1017.3
1215180 1013.2
1215190 1013.2
1215200 1012.2
1215210 1012.8
1215220 1012.8
1215230 1015.3
1215240 1017.4
1215250 1017.4
1215260 1018.5
1215270 1018.6
1215280 1018.6
1215290 1019.5
1215300 1019.7
1215310 1019.7
1215320 1019.4
1215330 1019.3
1215340 1019.3
1215350 1018.8
1215360 1018.5
1215370 1018.5
1215380 1018.3
1215390 1018.1
1215400 1018.1
1215410 1018.0
1215420 1018.0
1215430 1018.0
1215440 1018.0
1215450 1017.6
1215460 1017.2
1215470 1017.2
1215480 1016.8
1215490 1016.5
1215500 1016.5
1215510 1016.1
1215520 1015.7
1215530 1015.7
1215540 1015.1
1215550 1014.6
1215560 1014.6
1215570 1014.6
1215580 1013.8
1215590 1013.8
1215600 1013.8
1215610 1013.7
1215620 1013.7
1215630 1014.0
1215640 1014.3
1215650 1014.3
1215660 1014.3
1215670 1014.4
1215680 1014.4
1215690 1014.7
1215700 1014.8
1215710 1014.7
1215720 1014.7
1215730 1014.7
1215740 1014.7
1215750 1014.7
1215760 1014.8
1215770 1014.8
1215780 1014.8
1215790 1014.7
1215800 1014.6
1215810 1014.6
1215820 1014.4
1215830 1014.2
1215840 1014.2
1215850 1014.1
1215860 1014.0
1215870 1014.0
1215880 1014.0
1215890 1013.8
1215900 1013.8
1215910 1013.5
1215920 1013.3
1215930 1013.3
1215940 1013.1
1215950 1012.9
1215960 1012.9
1215970 1012.9
1215980 1012.7
1215990 1012.5
1216000 1012.5
1216010 1012.4
1216020 1012.1
1216030 1012.1
1216040 1011.6
1216050 1010.0
1216060 1010.0
1216070 1009.8
1216080 1009.3
1216090 1009.3
1216100 1008.6
1216110 1007.7
1216120 1007.7
1216130 1006.6
1216140 1005.7
1216150 1005.7
1216160 1004.9
1216170 1004.2
1216180 1004.2
1216190 1003.7
1216200 1003.2
1216210 1003.2
1216220 1002.9
1216230 1002.5
1216240 1001.8
1216250 1001.8
1216260 1001.3
1216270 1001.2
1216280 1001.2
1216290 1001.2
1216300 1001.2
1216310 1001.2
1216320 1001.1
1216330 1001.2
1216340 1001.2
1216350 1001.3
1216360 1001.5
1216370 1001.5
1216380 1001.4
1216390 1001.3
1216400 1001.3
1216410 1001.2
1216420 1001.9
1216430 1001.9
1216440 1001.8
1216450 1001.7
1216460 1001.7
1216470 1002.1
1216480 1002.3
1216490 1002.3
1216500 1002.5
1216510 1002.7
1216520 1003.3
1216530 1003.0
1216540 1003.6
1216550 1004.4
1216560 1004.4
1216570 1004.6
1216580 1005.1
1216590 1005.1
1216600 1005.1
1216610 1005.2
1216620 1005.2
1216630 1005.3
1216640 1005.3
1216650 1005.3
1216660 1005.0
1216670 1004.8
1216680 1004.8
1216690 1004.6
1216700 1004.3
1216710 1004.3
1216720 1004.2
1216730 1004.1
1216740 1004.1
1216750 1004.0
1216760 1003.8
1216770 1003.8
1216780 1003.6
1216790 1003.5
1216800 1003.6
1216810 1003.6
1216820 1003.4
1216830 1003.1
1216840 1003.1
1216850 1002.9
1216860 1002.6
1216870 1002.6
1216880 1002.2
1216890 1002.2
1216900 1002.2
1216910 1002.2
1216920 1001.8
1216930 1001.8
1216940 1001.6
1216950 1001.6
1216960 1001.6
1216970 1001.6
1216980 1001.7
1216990 1001.7
1217000 1001.5
1217010 1001.1
1217020 1001.1
1217030 1000.5
1217040 999.8
1217050 999.8
1217060 999.3
1217070 998.9
1217080 998.6
1217090 998.6
1217100 998.2
1217110 997.6
1217120 997.6
1217130 997.2
1217140 996.9
1217150 996.9
1217160 996.3
1217170 995.8
1217180 995.8
1217190 995.2
1217200 994.8
1217210 994.8
1217220 994.3
1217230 993.7
1217240 993.7
1217250 992.8
1217260 992.6
1217270 992.6
1217280 992.2
1217290 991.0
1217300 991.0
1217310 989.3
1217320 988.0
1217330 988.0
1217340 987.1
1217350 985.9
1217360 984.3
1217370 984.3
1217380 980.7
1217390 976.3
1217400 976.3
1217410 973.1
1217420 972.1
1217430 972.1
1217440 972.9
1217450 977.4
1217460 977.4
1217470 981.6
1217480 982.0
1217490 982.0
1217500 980.7
1217510 979.1
1217520 979.1
1217530 977.6
1217540 976.3
1217550 976.3
1217560 975.2
1217570 974.8
1217580 974.8
1217590 974.5
1217600 974.4
1217610 974.6
1217620 974.6
1217630 974.8
1217640 975.0
1217650 975.0
1217660 975.0
1217670 974.6
1217680 974.6
1217690 974.2
1217700 973.8
1217710 973.8
1217720 973.5
1217730 973.1
1217740 973.1
1217750 972.6
1217760 971.9
1217770 971.9
1217780 971.2
1217790 970.3
1217800 970.3
1217810 969.5
1217820 968.6
1217830 968.6
1217840 967.8
1217850 967.0
1217860 967.0
1217870 966.1
1217880 965.0
1217890 963.6
1217900 963.6
1217910 961.4
1217920 959.9
1217930 959.9
1217940 959.1
1217950 958.5
1217960 958.0
1217970 956.4
1217980 956.1
1217990 956.1
1218000 956.1
1218010 955.2
1218020 955.2
1218030 953.1
1218040 951.5
1218050 951.5
1218060 949.3
1218070 947.4
1218080 947.4
1218090 948.0
1218100 949.0
1218110 949.0
1218120 948.2
1218130 946.0
1218140 946.0
1218150 943.0
1218160 941.2
1218170 939.9
1218180 939.9
1218190 937.6
1218200 936.1
1218210 936.1
1218220 935.4
1218230 935.3
1218240 935.3
1218250 935.2
1218260 935.0
1218270 935.0
1218280 934.7
1218290 935.0
1218300 935.0
1218310 935.1
1218320 934.5
1218330 934.5
1218340 933.2
1218350 933.0
1218360 933.0
1218370 932.9
1218380 932.9
1218390 932.9
1218400 933.2
1218410 933.8
1218420 933.8
1218430 934.4
1218440 934.5
1218450 934.7
1218460 934.7
1218470 934.9
1218480 934.7
1218490 934.7
1218500 934.5
1218510 934.2
1218520 934.2
1218530 934.0
1218540 933.9
1218550 933.9
1218560 933.6
1218570 933.3
1218580 933.3
1218590 932.7
1218600 932.0
1218610 932.0
1218620 931.5
1218630 930.5
1218640 930.5
1218650 929.4
1218660 927.7
1218670 927.7
1218680 925.7
1218690 922.9
1218700 922.9
1218710 919.3
1218720 916.8
1218730 916.0
1218740 916.0
1218750 917.0
1218760 920.4
1218770 920.4
1218780 923.7
1218790 924.3
1218800 924.3
1218810 923.3
1218820 922.0
1218830 922.0
1218840 920.6
1218850 919.4
1218860 919.4
1218870 917.1
1218880 913.1
1218890 913.1
1218900 910.4
1218910 909.8
1218920 909.8
1218930 909.6
1218940 909.2
1218950 909.2
1218960 909.5
1218970 910.7
1218980 912.5
1218990 912.5
1219000 914.4
1219010 915.0
1219020 915.0
1219030 915.1
1219040 914.6
1219050 914.6
1219060 913.6
1219070 911.7
1219080 911.7
1219090 910.1
1219100 908.5
1219110 908.5
1219120 906.5
1219130 905.1
1219140 905.1
1219150 904.3
1219160 903.6
1219170 903.6
1219180 903.0
1219190 902.6
1219200 902.6
1219210 903.0
1219220 903.4
1219230 903.4
1219240 903.5
1219250 903.4
1219260 901.5
1219270 901.5
1219280 899.8
1219290 899.3
1219300 899.3
1219310 899.0
1219320 898.7
1219330 898.7
1219340 898.0
1219350 897.2
1219360 897.2
1219370 896.2
1219380 894.6
1219390 894.5
1219400 892.8
1219410 891.5
1219420 891.5
1219430 890.6
1219440 889.9
1219450 889.9
1219460 889.4
1219470 888.9
1219480 888.9
1219490 888.5
1219500 888.4
1219510 888.4
1219520 888.2
1219530 888.1
1219540 887.8
1219550 887.8
1219560 887.7
1219570 887.7
1219580 887.7
1219590 887.4
1219600 887.2
1219610 887.2
1219620 886.9
1219630 886.3
1219640 886.3
1219650 886.2
1219660 886.2
1219670 886.2
1219680 886.1
1219690 886.2
1219700 886.2
1219710 886.4
1219720 886.9
1219730 886.9
1219740 887.7
1219750 889.1
1219760 889.1
1219770 889.6
1219780 889.8
1219790 889.8
1219800 890.1
1219810 890.4
1219820 890.4
1219830 890.4
1219840 890.2
1219850 889.6
1219860 889.6
1219870 887.2
1219880 886.9
1219890 886.9
1219900 886.4
1219910 885.7
1219920 885.7
1219930 885.1
1219940 884.5
1219950 884.5
1219960 884.0
1219970 883.5
1219980 883.5
1219990 883.1
1200000 2054.8
1200010 2050.8
1200020 2047.4
1200030 2047.4
1200040 2043.8
1200050 2039.9
1200060 2039.9
1200070 2036.9
1200080 2030.7
1200090 2030.7
1200100 2023.5
1200110 2016.8
1200120 2016.8
1200130 2011.9
1200140 2008.2
1200150 2008.2
1200160 2005.4
1200170 2001.7
1200180 2001.7
1200190 1997.0
1200200 1989.4
1200210 1989.4
1200220 1982.0
1200230 1978.2
1200240 1978.2
1200250 1979.9
1200260 1981.8
1200270 1981.8
1200280 1978.6
1200290 1972.8
1200300 1965.8
1200310 1965.8
1200320 1960.0
1200330 1955.6
1200340 1955.6
1200350 1951.2
1200360 1945.8
1200370 1945.8
1200380 1929.3
1200390 1922.4
1200400 1922.4
1200410 1915.9
1200420 1910.0
1200430 1910.0
1200440 1906.0
1200450 1902.1
1200460 1902.1
1200470 1898.4
1200480 1893.1
1200490 1893.1
1200500 1885.4
1200510 1878.4
1200520 1878.4
1200530 1873.3
1200540 1868.6
1200550 1868.6
1200560 1864.9
1200570 1861.0
1200580 1854.3
1200590 1854.3
1200600 1848.6
1200610 1844.1
1200620 1844.1
1200630 1841.6
1200640 1838.7
1200650 1838.7
1200660 1834.3
1200670 1829.1
1200680 1829.1
1200690 1822.7
1200700 1816.4
1200710 1816.4
1200720 1810.7
1200730 1806.2
1200740 1806.2
1200750 1800.9
1200760 1794.8
1200770 1794.8
1200780 1789.4
1200790 1783.6
1200800 1783.6
1200810 1776.7
1200820 1770.2
1200830 1764.5
1200840 1764.5
1200850 1758.8
1200860 1753.7
1200870 1753.7
1200880 1748.4
1200890 1743.2
1200900 1743.2
1200910 1738.4
1200920 1732.6
1200930 1732.6
1200940 1727.9
1200950 1722.3
1200960 1722.3
1200970 1716.1
1200980 1711.1
1200990 1711.1
1201000 1707.3
1201010 1702.8
1201020 1702.8
1201030 1700.3
1201040 1698.7
1201050 1698.7
1201060 1696.3
1201070 1693.3
1201080 1693.3
1201090 1690.6
1201100 1688.3
1201110 1686.4
1201120 1686.4
1201130 1683.0
1201140 1678.3
1201150 1678.3
1201160 1674.3
1201170 1671.2
1201180 1671.2
1201190 1668.7
1201200 1665.3
1201210 1665.3
1201220 1661.5
1201230 1657.6
1201240 1657.6
1201250 1654.0
1201260 1650.1
1201270 1650.1
1201280 1641.4
1201290 1637.9
1201300 1637.9
1201310 1632.8
1201320 1627.3
1201330 1627.3
1201340 1623.6
1201350 1620.9
1201360 1620.9
1201370 1618.6
1201380 1616.5
1201390 1614.5
1201400 1614.5
1201410 1612.5
1201420 1610.6
1201430 1610.6
1201440 1608.6
1201450 1606.6
1201460 1606.6
1201470 1604.4
1201480 1603.5
1201490 1603.5
1201500 1603.5
1201510 1603.7
1201520 1603.7
1201530 1603.7
1201540 1603.2
1201550 1603.2
1201560 1602.4
1201570 1601.9
1201580 1601.9
1201590 1602.5
1201600 1602.8
1201610 1602.8
1201620 1602.4
1201630 1602.0
1201640 1602.0
1201650 1601.8
1201660 1601.5
1201670 1601.8
1201680 1601.8
1201690 1601.8
1201700 1600.7
1201710 1600.7
1201720 1596.4
1201730 1588.7
1201740 1588.7
1201750 1583.7
1201760 1580.5
1201770 1580.5
1201780 1577.9
1201790 1576.1
1201800 1576.1
1201810 1574.8
1201820 1574.5
1201830 1574.5
1201840 1577.6
1201850 1581.9
1201860 1581.9
1201870 1585.3
1201880 1588.2
1201890 1588.2
1201900 1588.4
1201910 1587.9
1201920 1587.9
1201930 1586.7
1201940 1585.3
1201950 1583.5
1201960 1583.5
1201970 1581.9
1201980 1580.0
1201990 1580.0
1202000 1575.1
1202010 1571.5
1202020 1571.5
1202030 1569.3
1202040 1565.8
1202050 1565.8
1202060 1562.8
1202070 1559.4
1202080 1559.4
1202090 1554.6
1202100 1552.7
1202110 1552.7
1202120 1552.6
1202130 1555.1
1202140 1555.1
1202150 1557.9
1202160 1560.9
1202170 1560.9
1202180 1564.0
1202190 1566.4
1202200 1566.4
1202210 1567.3
1202220 1568.2
1202230 1569.1
1202240 1569.1
1202250 1569.1
1202260 1568.8
1202270 1568.8
1202280 1569.5
1202290 1570.6
1202300 1570.6
1202310 1571.8
1202320 1573.1
1202330 1573.1
1202340 1573.3
1202350 1569.0
1202360 1569.0
1202370 1565.5
1202380 1563.0
1202390 1563.0
1202400 1565.0
1202410 1567.2
1202420 1567.2
1202430 1567.2
1202440 1565.0
1202450 1565.0
1202460 1563.3
1202470 1561.6
1202480 1560.8
1202490 1560.8
1202500 1559.6
1202510 1556.9
1202520 1556.9
1202530 1552.9
1202540 1548.6
1202550 1548.6
1202560 1546.3
1202570 1546.1
1202580 1546.1
1202590 1545.7
1202600 1544.6
1202610 1544.6
1202620 1544.4
1202630 1543.2
1202640 1543.2
1202650 1543.9
1202660 1545.0
1202670 1545.0
1202680 1546.8
1202690 1547.9
1202700 1547.9
1202710 1547.8
1202720 1547.5
1202730 1547.5
1202740 1546.8
1202750 1545.5
1202760 1543.3
1202770 1543.3
1202780 1541.4
1202790 1541.0
1202800 1541.0
1202810 1541.5
1202820 1541.1
1202830 1541.1
1202840 1540.6
1202850 1541.5
1202860 1541.5
1202870 1544.6
1202880 1546.1
1202890 1546.1
1202900 1546.6
1202910 1546.0
1202920 1546.0
1202930 1544.8
1202940 1543.2
1202950 1543.2
1202960 1542.0
1202970 1541.3
1202980 1541.3
1202990 1542.2
1203000 1541.7
1203010 1541.7
1203020 1539.5
1203030 1537.6
1203040 1536.7
1203050 1536.7
1203060 1535.5
1203070 1534.6
1203080 1534.8
1203090 1535.5
1203100 1536.6
1203110 1536.6
1203120 1536.3
1203130 1536.6
1203140 1536.6
1203150 1536.5
1203160 1536.3
1203170 1536.3
1203180 1536.0
1203190 1535.0
1203200 1535.0
1203210 1532.9
1203220 1532.1
1203230 1532.1
1203240 1532.2
1203250 1531.4
1203260 1531.4
1203270 1532.1
1203280 1532.8
1203290 1532.8
1203300 1533.8
1203310 1534.4
1203320 1534.2
1203330 1534.2
1203340 1532.6
1203350 1529.7
1203360 1529.7
1203370 1527.8
1203380 1526.5
1203390 1526.5
1203400 1524.4
1203410 1521.9
1203420 1521.9
1203430 1518.0
1203440 1514.9
1203450 1514.9
1203460 1513.2
1203470 1512.5
1203480 1512.5
1203490 1511.8
1203500 1511.6
1203510 1511.6
1203520 1511.2
1203530 1510.4
1203540 1507.6
1203550 1507.8
1203560 1507.5
1203570 1507.5
1203580 1506.0
1203590 1505.1
1203600 1507.1
1203610 1507.1
1203620 1508.6
1203630 1509.1
1203640 1509.1
1203650 1508.2
1203660 1508.6
1203670 1508.6
1203680 1509.0
1203690 1508.8
1203700 1508.8
1203710 1508.8
1203720 1508.6
1203730 1508.6
1203740 1509.8
1203750 1511.7
1203760 1511.7
1203770 1512.3
1203780 1512.6
1203790 1512.6
1203800 1513.1
1203810 1512.9
1203820 1512.9
1203830 1512.0
1203840 1511.6
1203850 1511.6
1203860 1511.4
1203870 1509.3
1203880 1503.9
1203890 1503.9
1203900 1498.3
1203910 1494.2
1203920 1494.2
1203930 1489.7
1203940 1485.6
1203950 1485.6
1203960 1482.7
1203970 1481.4
1203980 1481.4
1203990 1478.9
1204000 1478.9
1204010 1478.9
1204020 1477.3
1204030 1475.0
1204040 1475.0
1204050 1473.6
1204060 1473.5
1204070 1473.5
1204080 1472.9
1204090 1472.3
1204100 1472.3
1204110 1471.6
1204120 1470.3
1204130 1470.3
1204140 1469.6
1204150 1470.1
1204160 1470.3
1204170 1470.3
1204180 1469.1
1204190 1466.8
1204200 1466.8
1204210 1463.1
1204220 1458.9
1204230 1458.9
1204240 1454.6
1204250 1451.6
1204260 1451.6
1204270 1448.8
1204280 1446.5
1204290 1446.5
1204300 1444.5
1204310 1441.2
1204320 1441.2
1204330 1436.6
1204340 1432.0
1204350 1432.0
1204360 1427.8
1204370 1424.3
1204380 1424.3
1204390 1421.9
1204400 1420.3
1204410 1417.9
1204420 1417.9
1204430 1413.6
1204440 1408.0
1204450 1405.0
1204460 1400.0
1204470 1395.5
1204480 1395.5
1204490 1392.6
1204500 1391.9
1204510 1391.9
1204520 1391.3
1204530 1389.1
1204540 1389.1
1204550 1385.1
1204560 1379.9
1204570 1379.9
1204580 1374.2
1204590 1368.7
1204600 1368.7
1204610 1363.3
1204620 1357.9
1204630 1357.9
1204640 1352.6
1204650 1347.0
1204660 1347.0
1204670 1341.8
1204680 1337.9
1204690 1334.5
1204700 1334.5
1204710 1332.0
1204720 1330.8
1204730 1330.8
1204740 1329.6
1204750 1328.5
1204760 1328.5
1204770 1329.0
1204780 1327.8
1204790 1327.8
1204800 1325.0
1204810 1320.8
1204820 1320.8
1204830 1316.4
1204840 1310.6
1204850 1310.6
1204860 1302.0
1204870 1294.0
1204880 1294.0
1204890 1286.7
1204900 1276.1
1204910 1276.1
1204920 1270.1
1204930 1264.9
1204940 1264.9
1204950 1260.3
1204960 1256.2
1204970 1252.4
1204980 1252.4
1204990 1249.7
1205000 1246.3
1205010 1246.3
1205020 1241.0
1205030 1234.1
1205040 1234.1
1205050 1226.8
1205060 1220.4
1205070 1220.4
1205080 1214.9
1205090 1209.6
1205100 1209.6
1205110 1204.0
1205120 1198.6
1205130 1198.6
1205140 1193.6
1205150 1188.4
1205160 1188.4
1205170 1183.4
1205180 1178.5
1205190 1178.5
1205200 1173.0
1205210 1167.8
1205220 1167.8
1205230 1162.4
1205240 1156.7
1205250 1151.0
1205260 1151.0
1205270 1145.5
1205280 1140.0
1205290 1140.0
1205300 1133.1
1205310 1125.5
1205320 1125.5
1205330 1118.6
1205340 1112.6
1205350 1112.6
1205360 1107.2
1205370 1101.6
1205380 1101.6
1205390 1095.7
1205400 1089.5
1205410 1089.5
1205420 1082.2
1205430 1072.9
1205440 1072.9
1205450 1065.1
1205460 1054.1
1205470 1054.1
1205480 1042.6
1205490 1035.1
1205500 1035.1
1205510 1028.1
1205520 1024.0
1205530 1023.2
1205540 1023.2
1205550 1025.8
1205560 1026.7
1205570 1026.7
1205580 1025.7
1205590 1025.2
1205600 1025.2
1205610 1024.0
1205620 1019.6
1205630 1019.6
1205640 1013.9
1205650 1010.2
1205660 1010.2
1205670 1005.8
1205680 999.6
1205690 999.6
1205700 993.2
1205710 990.8
1205720 990.8
1205730 992.3
1205740 989.9
1205750 989.9
1205760 983.4
1205770 977.4
1205780 977.4
1205790 971.8
1205800 966.5
1205810 957.1
1205820 957.1
1205830 951.8
1205840 946.5
1205850 946.5
1205860 941.6
1205870 936.7
1205880 936.7
1205890 933.3
1205900 929.9
1205910 929.9
1205920 924.2
1205930 918.9
1205940 918.9
1205950 912.0
1205960 905.0
1205970 905.0
1205980 899.9
1205990 896.2
1206000 896.2
1206010 893.6
1206020 890.6
1206030 890.6
1206040 886.3
1206050 882.7
1206060 879.1
1206070 879.1
1206080 874.6
1206090 869.5
1206100 869.5
1206110 864.6
1206120 857.8
1206130 857.8
1206140 851.4
1206150 845.9
1206160 845.9
1206170 841.5
1206180 836.1
1206190 836.1
1206200 832.0
1206210 831.0
1206220 831.0
1206230 828.1
1206240 826.2
1206250 826.2
1206260 825.1
1206270 823.4
1206280 823.4
1206290 822.2
1206300 821.4
1206310 821.4
1206320 821.7
1206330 821.9
1206340 821.8
1206350 821.8
1206360 821.2
1206370 821.0
1206380 821.0
1206390 821.3
1206400 821.3
1206410 821.3
1206420 820.9
1206430 820.7
1206440 820.7
1206450 820.5
1206460 820.1
1206470 820.1
1206480 820.0
1206490 820.0
1206500 820.0
1206510 819.8
1206520 819.5
1206530 819.5
1206540 819.1
1206550 818.4
1206560 818.4
1206570 818.2
1206580 818.2
1206590 818.2
1206600 818.1
1206610 817.9
1206620 817.0
1206630 817.0
1206640 816.0
1206650 815.7
1206660 815.7
1206670 815.4
1206680 815.2
1206690 815.2
1206700 815.1
1206710 815.1
1206720 815.1
1206730 815.0
1206740 815.4
1206750 815.4
1206760 815.8
1206770 815.4
1206780 815.4
1206790 815.0
1206800 815.3
1206810 815.3
1206820 815.7
1206830 816.4
1206840 816.4
1206850 815.8
1206860 816.8
1206870 816.8
1206880 816.9
1206890 816.8
1206900 816.7
1206910 816.7
1206920 816.5
1206930 816.1
1206940 816.1
1206950 815.9
1206960 815.8
1206970 815.8
1206980 815.7
1206990 815.7
1207000 815.7
1207010 815.6
1207020 815.7
1207030 815.7
1207040 815.6
1207050 815.7
1207060 815.7
1207070 815.9
1207080 816.1
1207090 816.1
1207100 816.7
1207110 818.1
1207120 818.1
1207130 819.0
1207140 818.4
1207150 818.4
1207160 818.5
1207170 818.8
1207180 818.9
1207190 818.7
1207200 818.8
1207210 818.7
1207220 818.7
1207230 818.6
1207240 818.3
1207250 818.3
1207260 818.2
1207270 818.2
1207280 818.2
1207290 818.3
1207300 818.3
1207310 818.3
1207320 818.3
1207330 818.4
1207340 818.4
1207350 818.6
1207360 818.8
1207370 818.8
1207380 819.1
1207390 819.4
1207400 819.4
1207410 819.7
1207420 820.0
1207430 820.0
1207440 820.2
1207450 820.8
1207460 821.1
1207470 821.1
1207480 821.3
1207490 821.4
1207500 821.4
1207510 822.1
1207520 823.0
1207530 823.0
1207540 823.5
1207550 824.8
1207560 824.8
1207570 826.1
1207580 826.9
1207590 826.9
1207600 828.3
1207610 830.1
1207620 830.1
1207630 831.0
1207640 832.2
1207650 832.3
1207660 833.9
1207670 834.9
1207680 834.9
1207690 836.0
1207700 837.0
1207710 837.0
1207720 839.2
1207730 840.8
1207740 842.5
1207750 842.5
1207760 844.5
1207770 845.8
1207780 845.8
1207790 847.0
1207800 848.3
1207810 848.3
1207820 849.5
1207830 850.9
1207840 850.9
1207850 852.4
1207860 854.6
1207870 854.6
1207880 856.1
1207890 857.5
1207900 857.5
1207910 859.2
1207920 860.8
1207930 860.8
1207940 862.7
1207950 864.0
1207960 864.0
1207970 865.3
1207980 868.1
1207990 869.8
1208000 869.8
1208010 870.9
1208020 871.7
1208030 871.7
1208040 873.7
1208050 875.9
1208060 875.9
1208070 877.1
1208080 878.7
1208090 878.7
1208100 880.7
1208110 882.3
1208120 882.3
1208130 884.3
1208140 886.3
1208150 886.3
1208160 887.8
1208170 889.5
1208180 889.5
1208190 890.7
1208200 892.0
1208210 892.0
1208220 893.3
1208230 895.7
1208240 895.7
1208250 896.5
1208260 897.9
1208270 899.2
1208280 899.2
1208290 901.8
1208300 903.4
1208310 903.4
1208320 906.9
1208330 907.8
1208340 907.8
1208350 905.3
1208360 903.9
1208370 903.9
1208380 906.7
1208390 911.4
1208400 911.4
1208410 916.2
1208420 921.2
1208430 921.2
1208440 927.3
1208450 932.5
1208460 932.5
1208470 936.5
1208480 941.2
1208490 941.2
1208500 946.6
1208510 952.1
1208520 952.1
1208530 957.7
1208540 962.5
1208550 963.6
1208560 963.6
1208570 964.6
1208580 967.9
1208590 967.9
1208600 971.4
1208610 973.4
1208620 973.4
1208630 975.4
1208640 977.6
1208650 977.6
1208660 981.1
1208670 983.2
1208680 983.2
1208690 983.3
1208700 983.5
1208710 983.5
1208720 983.5
1208730 984.4
1208740 984.4
1208750 990.7
1208760 997.8
1208770 997.8
1208780 1004.6
1208790 1011.3
1208800 1011.3
1208810 1017.9
1208820 1024.3
1208830 1027.6
1208840 1027.6
1208850 1027.7
1208860 1028.9
1208870 1028.9
1208880 1030.2
1208890 1032.3
1208900 1032.3
1208910 1034.5
1208920 1036.1
1208930 1036.1
1208940 1037.9
1208950 1039.6
1208960 1039.6
1208970 1040.3
1208980 1042.2
1208990 1042.2
1209000 1046.4
1209010 1051.3
1209020 1051.3
1209030 1052.7
1209040 1056.7
1209050 1056.7
1209060 1061.9
1209070 1065.7
1209080 1065.7
1209090 1063.7
1209100 1062.5
1209110 1060.0
1209120 1060.0
1209130 1056.2
1209140 1055.0
1209150 1055.0
1209160 1051.8
1209170 1052.5
1209180 1052.5
1209190 1052.6
1209200 1050.8
1209210 1050.8
1209220 1050.8
1209230 1051.5
1209240 1051.5
1209250 1053.1
1209260 1055.5
1209270 1055.5
1209280 1058.1
1209290 1061.5
1209300 1061.5
1209310 1065.9
1209320 1071.1
1209330 1071.1
1209340 1075.7
1209350 1077.6
1209360 1077.6
1209370 1078.4
1209380 1079.0
1209390 1079.7
1209400 1079.7
1209410 1080.8
1209420 1081.7
1209430 1081.7
1209440 1082.7
1209450 1084.0
1209460 1084.0
1209470 1085.3
1209480 1086.4
1209490 1087.7
1209500 1088.7
1209510 1090.4
1209520 1090.4
1209530 1091.1
1209540 1092.2
1209550 1092.2
1209560 1093.6
1209570 1095.2
1209580 1095.2
1209590 1096.7
1209600 1097.7
1209610 1097.7
1209620 1098.6
1209630 1099.7
1209640 1100.9
1209650 1100.9
1209660 1102.1
1209670 1103.4
1209680 1103.4
1209690 1104.8
1209700 1106.4
1209710 1106.4
1209720 1107.4
1209730 1108.4
1209740 1108.4
1209750 1109.6
1209760 1110.4
1209770 1110.4
1209780 1111.1
1209790 1111.9
1209800 1111.9
1209810 1112.6
1209820 1113.5
1209830 1113.5
1209840 1114.9
1209850 1116.2
1209860 1116.2
1209870 1117.0
1209880 1117.3
1209890 1117.3
1209900 1117.2
1209910 1117.5
1209920 1118.3
1209930 1118.3
1209940 1119.5
1209950 1120.5
1209960 1122.8
1209970 1123.6
1209980 1124.6
1209990 1124.6
1210000 1125.6
1210010 1126.7
1210020 1126.7
1210030 1127.7
1210040 1128.5
1210050 1128.5
1210060 1128.9
1210070 1130.3
1210080 1130.3
1210090 1133.6
1210100 1137.0
1210110 1137.0
1210120 1138.2
1210130 1138.6
1210140 1138.6
1210150 1139.5
1210160 1140.3
1210170 1140.3
1210180 1141.3
1210190 1144.0
1210200 1146.2
1210210 1146.2
1210220 1144.2
1210230 1142.8
1210240 1142.8
1210250 1143.1
1210260 1143.2
1210270 1143.2
1210280 1142.6
1210290 1145.7
1210300 1145.7
1210310 1151.0
1210320 1153.4
1210330 1153.4
1210340 1155.5
1210350 1154.9
1210360 1154.9
1210370 1154.6
1210380 1154.0
1210390 1154.0
1210400 1154.8
1210410 1156.4
1210420 1157.9
1210430 1163.0
1210440 1166.7
1210450 1166.7
1210460 1167.8
1210470 1168.4
1210480 1168.2
1210490 1168.2
1210500 1168.2
1210510 1168.4
1210520 1168.4
1210530 1168.6
1210540 1168.3
1210550 1168.3
1210560 1168.5
1210570 1169.2
1210580 1169.2
1210590 1169.7
1210600 1169.7
1210610 1169.7
1210620 1168.7
1210630 1168.9
1210640 1168.9
1210650 1170.1
1210660 1169.7
1210670 1169.7
1210680 1169.2
1210690 1169.7
1210700 1169.7
1210710 1169.7
1210720 1171.3
1210730 1171.3
1210740 1172.1
1210750 1170.5
1210760 1170.7
1210770 1170.7
1210780 1170.6
1210790 1173.3
1210800 1173.3
1210810 1177.8
1210820 1180.8
1210830 1180.8
1210840 1182.3
1210850 1180.6
1210860 1180.6
1210870 1180.2
1210880 1178.7
1210890 1182.7
1210900 1177.2
1210910 1175.3
1210920 1175.3
1210930 1175.7
1210940 1177.9
1210950 1177.9
1210960 1180.5
1210970 1181.2
1210980 1181.2
1210990 1178.9
1211000 1177.5
1211010 1177.5
1211020 1176.9
1211030 1177.6
1211040 1179.0
1211050 1179.0
1211060 1178.0
1211070 1175.7
1211080 1175.7
1211090 1175.7
1211100 1176.0
1211110 1176.0
1211120 1176.3
1211130 1176.1
1211140 1176.1
1211150 1175.5
1211160 1175.1
1211170 1175.1
1211180 1175.1
1211190 1174.9
1211200 1174.9
1211210 1175.8
1211220 1176.7
1211230 1176.7
1211240 1177.6
1211250 1178.6
1211260 1178.6
1211270 1179.3
1211280 1179.5
1211290 1180.0
1211300 1180.0
1211310 1181.3
1211320 1182.8
1211330 1182.8
1211340 1185.9
1211350 1191.2
1211360 1191.2
1211370 1194.7
1211380 1194.7
1211390 1194.7
1211400 1191.5
1211410 1189.1
1211420 1189.1
1211430 1185.7
1211440 1182.7
1211450 1182.7
1211460 1183.3
1211470 1184.6
1211480 1184.6
1211490 1185.5
1211500 1186.6
1211510 1186.6
1211520 1187.7
1211530 1187.8
1211540 1187.8
1211550 1187.5
1211560 1186.4
1211570 1184.4
1211580 1184.4
1211590 1182.6
1211600 1182.2
1211610 1182.2
1211620 1182.0
1211630 1181.8
1211640 1181.8
1211650 1181.7
1211660 1181.4
1211670 1181.4
1211680 1180.7
1211690 1180.7
1211700 1180.7
1211710 1180.8
1211720 1181.1
1211730 1181.1
1211740 1181.6
1211750 1181.8
1211760 1181.8
1211770 1181.7
1211780 1180.9
1211790 1180.9
1211800 1181.4
1211810 1183.7
1211820 1186.0
1211830 1182.7
1211840 1181.1
1211850 1180.9
1211860 1180.9
1211870 1181.0
1211880 1180.1
1211890 1180.1
1211900 1180.6
1211910 1184.1
1211920 1184.1
1211930 1183.4
1211940 1181.3
1211950 1181.3
1211960 1179.4
1211970 1177.4
1211980 1177.4
1211990 1174.4
1212000 1173.6
1212010 1173.6
1212020 1174.2
1212030 1175.2
1212040 1175.2
1212050 1175.6
1212060 1175.1
1212070 1175.1
1212080 1174.6
1212090 1173.2
1212100 1173.2
1212110 1171.0
1212120 1167.7
1212130 1165.4
1212140 1165.4
1212150 1164.0
1212160 1163.9
1212170 1163.9
1212180 1164.2
1212190 1164.5
1212200 1164.5
1212210 1164.5
1212220 1164.7
1212230 1164.7
1212240 1165.3
1212250 1166.3
1212260 1166.3
1212270 1166.8
1212280 1166.1
1212290 1167.2
1212300 1165.9
1212310 1164.8
1212320 1164.8
1212330 1164.1
1212340 1163.3
1212350 1163.3
1212360 1162.3
1212370 1161.4
1212380 1161.4
1212390 1160.6
1212400 1160.0
1212410 1159.3
1212420 1159.3
1212430 1158.6
1212440 1157.8
1212450 1157.8
1212460 1156.9
1212470 1156.1
1212480 1156.1
1212490 1155.1
1212500 1153.4
1212510 1153.4
1212520 1152.5
1212530 1151.6
1212540 1151.6
1212550 1150.3
1212560 1149.1
1212570 1149.1
1212580 1147.9
1212590 1146.8
1212600 1146.8
1212610 1145.8
1212620 1145.0
1212630 1145.0
1212640 1144.4
1212650 1143.7
1212660 1143.7
1212670 1143.4
1212680 1143.2
1212690 1143.3
1212700 1143.3
1212710 1143.5
1212720 1143.5
1212730 1143.5
1212740 1143.2
1212750 1144.3
1212760 1144.3
1212770 1143.7
1212780 1143.0
1212790 1143.0
1212800 1142.3
1212810 1141.6
1212820 1141.6
1212830 1140.9
1212840 1140.1
1212850 1140.1
1212860 1139.2
1212870 1138.4
1212880 1138.4
1212890 1137.3
1212900 1136.1
1212910 1136.1
1212920 1134.7
1212930 1133.5
1212940 1132.2
1212950 1132.2
1212960 1130.9
1212970 1129.7
1212980 1129.7
1212990 1128.5
1213000 1127.1
1213010 1127.1
1213020 1125.8
1213030 1124.3
1213040 1124.3
1213050 1123.0
1213060 1121.6
1213070 1121.6
1213080 1120.3
1213090 1119.0
1213100 1119.0
1213110 1117.7
1213120 1116.2
1213130 1116.2
1213140 1115.0
1213150 1113.5
1213160 1113.5
1213170 1112.1
1213180 1110.8
1213190 1110.8
1213200 1109.6
1213210 1108.9
1213220 1109.1
1213230 1109.1
1213240 1108.3
1213250 1107.7
1213260 1107.7
1213270 1107.7
1213280 1107.8
1213290 1107.8
1213300 1107.6
1213310 1107.0
1213320 1107.0
1213330 1105.9
1213340 1104.9
1213350 1104.9
1213360 1103.8
1213370 1102.6
1213380 1102.6
1213390 1101.3
1213400 1100.2
1213410 1100.2
1213420 1099.3
1213430 1098.4
1213440 1098.4
1213450 1097.3
1213460 1096.2
1213470 1096.2
1213480 1095.2
1213490 1094.1
1213500 1093.0
1213510 1093.0
1213520 1092.0
1213530 1091.4
1213540 1091.4
1213550 1090.7
1213560 1089.9
1213570 1089.9
1213580 1089.3
1213590 1088.1
1213600 1088.1
1213610 1087.5
1213620 1086.6
1213630 1086.6
1213640 1085.5
1213650 1084.6
1213660 1084.6
1213670 1083.8
1213680 1082.7
1213690 1083.5
1213700 1082.4
1213710 1080.6
1213720 1080.6
1213730 1078.5
1213740 1077.7
1213750 1077.7
1213760 1077.3
1213770 1076.6
1213780 1075.7
1213790 1075.7
1213800 1074.7
1213810 1073.5
1213820 1073.5
1213830 1072.2
1213840 1071.0
1213850 1071.0
1213860 1069.9
1213870 1068.6
1213880 1068.6
1213890 1067.5
1213900 1066.8
1213910 1066.8
1213920 1065.8
1213930 1064.8
1213940 1064.8
1213950 1064.4
1213960 1064.0
1213970 1064.0
1213980 1063.4
1213990 1062.6
1214000 1062.6
1214010 1061.8
1214020 1060.8
1214030 1060.8
1214040 1059.6
1214050 1058.5
1214060 1057.6
1214070 1057.6
1214080 1056.6
1214090 1055.7
1214100 1055.7
1214110 1055.3
1214120 1055.8
1214130 1055.8
1214140 1055.8
1214150 1055.6
1214160 1055.1
1214170 1054.5
1214180 1053.9
1214190 1053.9
1214200 1053.1
1214210 1052.6
1214220 1052.6
1214230 1052.2
1214240 1051.9
1214250 1051.9
1214260 1051.5
1214270 1050.9
1214280 1050.9
1214290 1050.2
1214300 1049.7
1214310 1049.4
1214320 1049.4
1214330 1049.0
1214340 1048.5
1214350 1048.5
1214360 1048.2
1214370 1047.8
1214380 1047.8
1214390 1047.1
1214400 1046.5
1214410 1046.5
1214420 1046.3
1214430 1045.8
1214440 1045.8
1214450 1045.2
1214460 1044.5
1214470 1044.5
1214480 1043.5
1214490 1042.8
1214500 1042.8
1214510 1042.2
1214520 1041.8
1214530 1041.8
1214540 1041.3
1214550 1040.4
1214560 1040.4
1214570 1039.5
1214580 1038.9
1214590 1038.5
1214600 1038.5
1214610 1038.1
1214620 1037.7
1214630 1037.5
1214640 1036.6
1214650 1036.0
1214660 1036.0
1214670 1035.6
1214680 1034.8
1214690 1034.8
1214700 1032.7
1214710 1032.1
1214720 1032.1
1214730 1032.2
1214740 1031.8
1214750 1031.8
1214760 1030.6
1214770 1030.0
1214780 1030.0
1214790 1029.5
1214800 1029.4
1214810 1029.4
1214820 1029.0
1214830 1029.0
1214840 1029.0
1214850 1029.2
1214860 1028.9
1214870 1029.0
1214880 1029.0
1214890 1029.1
1214900 1029.6
1214910 1029.6
1214920 1030.4
1214930 1029.9
1214940 1029.9
1214950 1030.0
1214960 1029.9
1214970 1029.9
1214980 1029.6
1214990 1029.6
1215000 1029.6
1215010 1030.2
1215020 1030.1
1215030 1030.1
1215040 1029.9
1215050 1029.9
1215060 1029.9
1215070 1029.4
1215080 1028.9
1215090 1028.9
1215100 1028.6
1215110 1027.5
1215120 1027.5
1215130 1026.7
1215140 1025.0
1215150 1022.1
1215160 1022.1
1215170 1017.3
1215180 1013.2
1215190 1013.2
1215200 1012.2
1215210 1012.8
1215220 1012.8
1215230 1015.3
1215240 1017.4
1215250 1017.4
1215260 1018.5
1215270 1018.6
1215280 1018.6
1215290 1019.5
1215300 1019.7
1215310 1019.7
1215320 1019.4
1215330 1019.3
1215340 1019.3
1215350 1018.8
1215360 1018.5
1215370 1018.5
1215380 1018.3
1215390 1018.1
1215400 1018.1
1215410 1018.0
1215420 1018.0
1215430 1018.0
1215440 1018.0
1215450 1017.6
1215460 1017.2
1215470 1017.2
1215480 1016.8
1215490 1016.5
1215500 1016.5
1215510 1016.1
1215520 1015.7
1215530 1015.7
1215540 1015.1
1215550 1014.6
1215560 1014.6
1215570 1014.6
1215580 1013.8
1215590 1013.8
1215600 1013.8
1215610 1013.7
1215620 1013.7
1215630 1014.0
1215640 1014.3
1215650 1014.3
1215660 1014.3
1215670 1014.4
1215680 1014.4
1215690 1014.7
1215700 1014.8
1215710 1014.7
1215720 1014.7
1215730 1014.7
1215740 1014.7
1215750 1014.7
1215760 1014.8
1215770 1014.8
1215780 1014.8
1215790 1014.7
1215800 1014.6
1215810 1014.6
1215820 1014.4
1215830 1014.2
1215840 1014.2
1215850 1014.1
1215860 1014.0
1215870 1014.0
1215880 1014.0
1215890 1013.8
1215900 1013.8
1215910 1013.5
1215920 1013.3
1215930 1013.3
1215940 1013.1
1215950 1012.9
1215960 1012.9
1215970 1012.9
1215980 1012.7
1215990 1012.5
1216000 1012.5
1216010 1012.4
1216020 1012.1
1216030 1012.1
1216040 1011.6
1216050 1010.0
1216060 1010.0
1216070 1009.8
1216080 1009.3
1216090 1009.3
1216100 1008.6
1216110 1007.7
1216120 1007.7
1216130 1006.6
1216140 1005.7
1216150 1005.7
1216160 1004.9
1216170 1004.2
1216180 1004.2
1216190 1003.7
1216200 1003.2
1216210 1003.2
1216220 1002.9
1216230 1002.5
1216240 1001.8
1216250 1001.8
1216260 1001.3
1216270 1001.2
1216280 1001.2
1216290 1001.2
1216300 1001.2
1216310 1001.2
1216320 1001.1
1216330 1001.2
1216340 1001.2
1216350 1001.3
1216360 1001.5
1216370 1001.5
1216380 1001.4
1216390 1001.3
1216400 1001.3
1216410 1001.2
1216420 1001.9
1216430 1001.9
1216440 1001.8
1216450 1001.7
1216460 1001.7
1216470 1002.1
1216480 1002.3
1216490 1002.3
1216500 1002.5
1216510 1002.7
1216520 1003.3
1216530 1003.0
1216540 1003.6
1216550 1004.4
1216560 1004.4
1216570 1004.6
1216580 1005.1
1216590 1005.1
1216600 1005.1
1216610 1005.2
1216620 1005.2
1216630 1005.3
1216640 1005.3
1216650 1005.3
1216660 1005.0
1216670 1004.8
1216680 1004.8
1216690 1004.6
1216700 1004.3
1216710 1004.3
1216720 1004.2
1216730 1004.1
1216740 1004.1
1216750 1004.0
1216760 1003.8
1216770 1003.8
1216780 1003.6
1216790 1003.5
1216800 1003.6
1216810 1003.6
1216820 1003.4
1216830 1003.1
1216840 1003.1
1216850 1002.9
1216860 1002.6
1216870 1002.6
1216880 1002.2
1216890 1002.2
1216900 1002.2
1216910 1002.2
1216920 1001.8
1216930 1001.8
1216940 1001.6
1216950 1001.6
1216960 1001.6
1216970 1001.6
1216980 1001.7
1216990 1001.7
1217000 1001.5
1217010 1001.1
1217020 1001.1
1217030 1000.5
1217040 999.8
1217050 999.8
1217060 999.3
1217070 998.9
1217080 998.6
1217090 998.6
1217100 998.2
1217110 997.6
1217120 997.6
1217130 997.2
1217140 996.9
1217150 996.9
1217160 996.3
1217170 995.8
1217180 995.8
1217190 995.2
1217200 994.8
1217210 994.8
1217220 994.3
1217230 993.7
1217240 993.7
1217250 992.8
1217260 992.6
1217270 992.6
1217280 992.2
1217290 991.0
1217300 991.0
1217310 989.3
1217320 988.0
1217330 988.0
1217340 987.1
1217350 985.9
1217360 984.3
1217370 984.3
1217380 980.7
1217390 976.3
1217400 976.3
1217410 973.1
1217420 972.1
1217430 972.1
1217440 972.9
1217450 977.4
1217460 977.4
1217470 981.6
1217480 982.0
1217490 982.0
1217500 980.7
1217510 979.1
1217520 979.1
1217530 977.6
1217540 976.3
1217550 976.3
1217560 975.2
1217570 974.8
1217580 974.8
1217590 974.5
1217600 974.4
1217610 974.6
1217620 974.6
1217630 974.8
1217640 975.0
1217650 975.0
1217660 975.0
1217670 974.6
1217680 974.6
1217690 974.2
1217700 973.8
1217710 973.8
1217720 973.5
1217730 973.1
1217740 973.1
1217750 972.6
1217760 971.9
1217770 971.9
1217780 971.2
1217790 970.3
1217800 970.3
1217810 969.5
1217820 968.6
1217830 968.6
1217840 967.8
1217850 967.0
1217860 967.0
1217870 966.1
1217880 965.0
1217890 963.6
1217900 963.6
1217910 961.4
1217920 959.9
1217930 959.9
1217940 959.1
1217950 958.5
1217960 958.0
1217970 956.4
1217980 956.1
1217990 956.1
1218000 956.1
1218010 955.2
1218020 955.2
1218030 953.1
1218040 951.5
1218050 951.5
1218060 949.3
1218070 947.4
1218080 947.4
1218090 948.0
1218100 949.0
1218110 949.0
1218120 948.2
1218130 946.0
1218140 946.0
1218150 943.0
1218160 941.2
1218170 939.9
1218180 939.9
1218190 937.6
1218200 936.1
1218210 936.1
1218220 935.4
1218230 935.3
1218240 935.3
1218250 935.2
1218260 935.0
1218270 935.0
1218280 934.7
1218290 935.0
1218300 935.0
1218310 935.1
1218320 934.5
1218330 934.5
1218340 933.2
1218350 933.0
1218360 933.0
1218370 932.9
1218380 932.9
1218390 932.9
1218400 933.2
1218410 933.8
1218420 933.8
1218430 934.4
1218440 934.5
1218450 934.7
1218460 934.7
1218470 934.9
1218480 934.7
1218490 934.7
1218500 934.5
1218510 934.2
1218520 934.2
1218530 934.0
1218540 933.9
1218550 933.9
1218560 933.6
1218570 933.3
1218580 933.3
1218590 932.7
1218600 932.0
1218610 932.0
1218620 931.5
1218630 930.5
1218640 930.5
1218650 929.4
1218660 927.7
1218670 927.7
1218680 925.7
1218690 922.9
1218700 922.9
1218710 919.3
1218720 916.8
1218730 916.0
1218740 916.0
1218750 917.0
1218760 920.4
1218770 920.4
1218780 923.7
1218790 924.3
1218800 924.3
1218810 923.3
1218820 922.0
1218830 922.0
1218840 920.6
1218850 919.4
1218860 919.4
1218870 917.1
1218880 913.1
1218890 913.1
1218900 910.4
1218910 909.8
1218920 909.8
1218930 909.6
1218940 909.2
1218950 909.2
1218960 909.5
1218970 910.7
1218980 912.5
1218990 912.5
1219000 914.4
1219010 915.0
1219020 915.0
1219030 915.1
1219040 914.6
1219050 914.6
1219060 913.6
1219070 911.7
1219080 911.7
1219090 910.1
1219100 908.5
1219110 908.5
1219120 906.5
1219130 905.1
1219140 905.1
1219150 904.3
1219160 903.6
1219170 903.6
1219180 903.0
1219190 902.6
1219200 902.6
1219210 903.0
1219220 903.4
1219230 903.4
1219240 903.5
1219250 903.4
1219260 901.5
1219270 901.5
1219280 899.8
1219290 899.3
1219300 899.3
1219310 899.0
1219320 898.7
1219330 898.7
1219340 898.0
1219350 897.2
1219360 897.2
1219370 896.2
1219380 894.6
1219390 894.5
1219400 892.8
1219410 891.5
1219420 891.5
1219430 890.6
1219440 889.9
1219450 889.9
1219460 889.4
1219470 888.9
1219480 888.9
1219490 888.5
1219500 888.4
1219510 888.4
1219520 888.2
1219530 888.1
1219540 887.8
1219550 887.8
1219560 887.7
1219570 887.7
1219580 887.7
1219590 887.4
1219600 887.2
1219610 887.2
1219620 886.9
1219630 886.3
1219640 886.3
1219650 886.2
1219660 886.2
1219670 886.2
1219680 886.1
1219690 886.2
1219700 886.2
1219710 886.4
1219720 886.9
1219730 886.9
1219740 887.7
1219750 889.1
1219760 889.1
1219770 889.6
1219780 889.8
1219790 889.8
1219800 890.1
1219810 890.4
1219820 890.4
1219830 890.4
1219840 890.2
1219850 889.6
1219860 889.6
1219870 887.2
1219880 886.9
1219890 886.9
1219900 886.4
1219910 885.7
1219920 885.7
1219930 885.1
1219940 884.5
1219950 884.5
1219960 884.0
1219970 883.5
1219980 883.5
1219990 883.1
