1200000 2110.1
1200010 2110.1
1200020 2105.1
1200030 2099.8
1200040 2096.2
1200050 2092.9
1200060 2089.6
1200070 2089.6
1200080 2086.1
1200090 2083.2
1200100 2083.2
1200110 2080.8
1200120 2076.7
1200130 2070.8
1200140 2070.8
1200150 2066.2
1200160 2062.3
1200170 2062.3
1200180 2058.5
1200190 2055.5
1200200 2055.5
1200210 2051.8
1200220 2047.2
1200230 2047.2
1200240 2042.0
1200250 2036.7
1200260 2036.7
1200270 2031.0
1200280 2026.5
1200290 2026.5
1200300 2021.6
1200310 2016.7
1200320 2016.7
1200330 2011.6
1200340 2005.3
1200350 2005.3
1200360 1997.5
1200370 1991.1
1200380 1991.1
1200390 1983.7
1200400 1975.7
1200410 1968.1
1200420 1968.1
1200430 1960.8
1200440 1954.1
1200450 1954.1
1200460 1948.0
1200470 1941.9
1200480 1941.9
1200490 1932.4
1200500 1926.9
1200510 1926.9
1200520 1921.1
1200530 1914.1
1200540 1914.1
1200550 1906.3
1200560 1898.6
1200570 1898.6
1200580 1890.9
1200590 1885.9
1200600 1885.9
1200610 1882.5
1200620 1878.4
1200630 1878.4
1200640 1874.1
1200650 1869.8
1200660 1869.8
1200670 1865.0
1200680 1862.2
1200690 1857.8
1200700 1857.8
1200710 1853.1
1200720 1849.2
1200730 1849.2
1200740 1846.5
1200750 1842.1
1200760 1842.1
1200770 1837.0
1200780 1830.9
1200790 1830.9
1200800 1825.3
1200810 1821.9
1200820 1821.9
1200830 1819.1
1200840 1814.5
1200850 1814.5
1200860 1808.9
1200870 1806.1
1200880 1806.1
1200890 1803.7
1200900 1800.7
1200910 1800.7
1200920 1797.0
1200930 1793.4
1200940 1788.2
1200950 1788.2
1200960 1784.9
1200970 1776.5
1200980 1776.5
1200990 1767.2
1201000 1761.0
1201010 1761.0
1201020 1759.4
1201030 1756.2
1201040 1756.2
1201050 1751.0
1201060 1743.9
1201070 1743.9
1201080 1735.2
1201090 1729.0
1201100 1729.0
1201110 1724.3
1201120 1719.1
1201130 1719.1
1201140 1712.6
1201150 1705.6
1201160 1705.6
1201170 1699.2
1201180 1694.7
1201190 1694.7
1201200 1690.5
1201210 1685.8
1201220 1682.2
1201230 1682.2
1201240 1679.1
1201250 1676.4
1201260 1676.4
1201270 1673.5
1201280 1668.9
1201290 1668.9
1201300 1664.3
1201310 1659.6
1201320 1659.6
1201330 1655.9
1201340 1652.9
1201350 1652.9
1201360 1649.9
1201370 1646.9
1201380 1646.9
1201390 1644.5
1201400 1643.4
1201410 1643.4
1201420 1644.0
1201430 1644.0
1201440 1644.0
1201450 1642.0
1201460 1638.9
1201470 1638.9
1201480 1636.7
1201490 1637.1
1201500 1636.0
1201510 1636.0
1201520 1634.1
1201530 1633.2
1201540 1633.2
1201550 1633.6
1201560 1632.5
1201570 1632.5
1201580 1631.1
1201590 1630.8
1201600 1630.8
1201610 1629.3
1201620 1626.1
1201630 1626.1
1201640 1622.2
1201650 1618.0
1201660 1618.0
1201670 1612.5
1201680 1606.8
1201690 1606.8
1201700 1602.2
1201710 1596.9
1201720 1596.9
1201730 1589.9
1201740 1583.9
1201750 1583.9
1201760 1578.7
1201770 1574.6
1201780 1570.7
1201790 1570.7
1201800 1567.8
1201810 1566.8
1201820 1566.8
1201830 1566.3
1201840 1564.9
1201850 1564.9
1201860 1563.9
1201870 1564.4
1201880 1564.4
1201890 1565.3
1201900 1564.6
1201910 1564.6
1201920 1562.9
1201930 1561.0
1201940 1561.0
1201950 1559.9
1201960 1557.6
1201970 1557.6
1201980 1554.3
1201990 1551.2
1202000 1551.2
1202010 1549.5
1202020 1546.5
1202030 1546.5
1202040 1542.8
1202050 1539.8
1202060 1538.6
1202070 1538.6
1202080 1538.3
1202090 1538.1
1202100 1538.1
1202110 1538.5
1202120 1538.3
1202130 1538.3
1202140 1538.1
1202150 1538.5
1202160 1538.5
1202170 1539.5
1202180 1540.8
1202190 1540.8
1202200 1541.3
1202210 1542.2
1202220 1542.2
1202230 1542.6
1202240 1543.6
1202250 1543.6
1202260 1545.8
1202270 1548.1
1202280 1548.1
1202290 1553.2
1202300 1553.3
1202310 1553.3
1202320 1552.1
1202330 1552.0
1202340 1551.9
1202350 1551.9
1202360 1550.6
1202370 1544.2
1202380 1544.2
1202390 1537.0
1202400 1534.7
1202410 1534.7
1202420 1534.4
1202430 1534.4
1202440 1534.4
1202450 1534.0
1202460 1535.3
1202470 1535.3
1202480 1537.0
1202490 1536.5
1202500 1536.5
1202510 1534.6
1202520 1533.9
1202530 1533.9
1202540 1533.6
1202550 1532.9
1202560 1532.9
1202570 1531.8
1202580 1531.3
1202590 1531.3
1202600 1531.7
1202610 1533.4
1202620 1534.8
1202630 1534.8
1202640 1534.5
1202650 1534.2
1202660 1534.2
1202670 1536.0
1202680 1538.1
1202690 1538.1
1202700 1538.6
1202710 1539.0
1202720 1539.0
1202730 1538.8
1202740 1539.1
1202750 1539.1
1202760 1539.0
1202770 1539.3
1202780 1539.3
1202790 1539.2
1202800 1539.0
1202810 1539.0
1202820 1539.6
1202830 1539.0
1202840 1539.0
1202850 1538.7
1202860 1538.3
1202870 1537.0
1202880 1537.0
1202890 1535.6
1202900 1534.5
1202910 1534.5
1202920 1533.8
1202930 1535.0
1202940 1535.0
1202950 1536.2
1202960 1537.2
1202970 1537.2
1202980 1539.6
1202990 1542.5
1203000 1542.5
1203010 1544.1
1203020 1541.0
1203030 1541.0
1203040 1536.2
1203050 1534.4
1203060 1534.4
1203070 1535.0
1203080 1535.1
1203090 1535.1
1203100 1534.7
1203110 1534.8
1203120 1534.8
1203130 1535.2
1203140 1536.8
1203150 1538.8
1203160 1538.8
1203170 1540.0
1203180 1541.2
1203190 1541.8
1203200 1543.2
1203210 1546.1
1203220 1546.1
1203230 1548.1
1203240 1548.6
1203250 1548.6
1203260 1547.3
1203270 1546.6
1203280 1546.6
1203290 1548.2
1203300 1550.7
1203310 1550.7
1203320 1552.1
1203330 1552.0
1203340 1552.0
1203350 1553.0
1203360 1555.1
1203370 1555.1
1203380 1556.1
1203390 1556.0
1203400 1556.0
1203410 1555.6
1203420 1555.6
1203430 1555.8
1203440 1555.8
1203450 1554.6
1203460 1551.9
1203470 1551.9
1203480 1549.6
1203490 1549.8
1203500 1549.8
1203510 1550.6
1203520 1552.2
1203530 1552.2
1203540 1552.9
1203550 1552.0
1203560 1552.0
1203570 1550.9
1203580 1549.8
1203590 1549.8
1203600 1549.1
1203610 1548.9
1203620 1548.9
1203630 1548.2
1203640 1545.6
1203650 1542.3
1203660 1541.5
1203670 1542.1
1203680 1542.1
1203690 1542.5
1203700 1541.3
1203710 1541.1
1203720 1541.1
1203730 1542.3
1203740 1544.0
1203750 1544.0
1203760 1545.0
1203770 1545.2
1203780 1545.2
1203790 1545.0
1203800 1544.4
1203810 1544.4
1203820 1543.5
1203830 1541.8
1203840 1541.8
1203850 1541.6
1203860 1543.1
1203870 1543.1
1203880 1543.7
1203890 1543.0
1203900 1543.0
1203910 1543.0
1203920 1539.0
1203930 1539.0
1203940 1529.4
1203950 1523.4
1203960 1523.4
1203970 1519.3
1203980 1516.7
1203990 1515.9
1204000 1515.9
1204010 1514.2
1204020 1512.0
1204030 1512.0
1204040 1511.2
1204050 1510.0
1204060 1510.0
1204070 1507.0
1204080 1503.0
1204090 1503.0
1204100 1497.5
1204110 1493.8
1204120 1493.8
1204130 1490.8
1204140 1488.0
1204150 1488.0
1204160 1484.6
1204170 1481.1
1204180 1481.1
1204190 1477.6
1204200 1475.8
1204210 1475.8
1204220 1472.7
1204230 1469.0
1204240 1469.0
1204250 1466.0
1204260 1463.6
1204270 1461.6
1204280 1461.6
1204290 1460.8
1204300 1461.1
1204310 1461.1
1204320 1462.5
1204330 1464.4
1204340 1464.4
1204350 1464.7
1204360 1461.3
1204370 1461.3
1204380 1456.6
1204390 1451.2
1204400 1451.2
1204410 1446.0
1204420 1442.5
1204430 1442.5
1204440 1440.0
1204450 1437.9
1204460 1437.9
1204470 1435.3
1204480 1432.0
1204490 1432.0
1204500 1429.4
1204510 1425.4
1204520 1425.4
1204530 1417.5
1204540 1412.1
1204550 1409.2
1204560 1406.8
1204570 1403.7
1204580 1399.8
1204590 1399.8
1204600 1395.8
1204610 1392.1
1204620 1392.1
1204630 1387.6
1204640 1385.7
1204650 1385.7
1204660 1383.3
1204670 1378.7
1204680 1378.7
1204690 1372.5
1204700 1366.0
1204710 1366.0
1204720 1361.0
1204730 1356.6
1204740 1356.6
1204750 1352.3
1204760 1348.4
1204770 1348.4
1204780 1343.7
1204790 1338.6
1204800 1333.9
1204810 1333.9
1204820 1330.7
1204830 1327.1
1204840 1327.1
1204850 1323.3
1204860 1319.5
1204870 1319.5
1204880 1316.5
1204890 1313.4
1204900 1313.4
1204910 1308.1
1204920 1301.2
1204930 1301.2
1204940 1294.2
1204950 1287.8
1204960 1287.8
1204970 1282.9
1204980 1279.2
1204990 1279.2
1205000 1275.2
1205010 1267.7
1205020 1267.7
1205030 1263.1
1205040 1258.9
1205050 1258.9
1205060 1254.0
1205070 1248.3
1205080 1242.9
1205090 1242.9
1205100 1236.7
1205110 1229.9
1205120 1229.9
1205130 1223.3
1205140 1215.6
1205150 1215.6
1205160 1206.9
1205170 1199.3
1205180 1199.3
1205190 1193.6
1205200 1188.9
1205210 1188.9
1205220 1184.4
1205230 1180.9
1205240 1180.9
1205250 1180.0
1205260 1181.2
1205270 1181.2
1205280 1180.0
1205290 1175.7
1205300 1175.7
1205310 1170.0
1205320 1164.0
1205330 1164.0
1205340 1158.6
1205350 1153.8
1205360 1148.9
1205370 1148.9
1205380 1143.6
1205390 1139.0
1205400 1139.0
1205410 1136.2
1205420 1133.5
1205430 1133.5
1205440 1130.5
1205450 1127.4
1205460 1127.4
1205470 1119.5
1205480 1114.9
1205490 1114.9
1205500 1110.1
1205510 1105.2
1205520 1105.2
1205530 1102.5
1205540 1102.1
1205550 1102.1
1205560 1100.8
1205570 1099.8
1205580 1099.8
1205590 1097.0
1205600 1091.9
1205610 1091.9
1205620 1087.9
1205630 1084.4
1205640 1081.9
1205650 1081.9
1205660 1079.4
1205670 1077.5
1205680 1077.5
1205690 1074.9
1205700 1069.8
1205710 1069.8
1205720 1064.5
1205730 1060.4
1205740 1060.4
1205750 1054.7
1205760 1046.7
1205770 1046.7
1205780 1039.1
1205790 1033.5
1205800 1033.5
1205810 1028.5
1205820 1022.6
1205830 1022.6
1205840 1016.6
1205850 1011.3
1205860 1011.3
1205870 1006.8
1205880 1001.4
1205890 1001.4
1205900 993.4
1205910 988.2
1205920 979.9
1205930 979.9
1205940 972.0
1205950 966.5
1205960 966.5
1205970 963.8
1205980 959.9
1205990 959.9
1206000 954.4
1206010 948.3
1206020 948.3
1206030 941.9
1206040 934.6
1206050 934.6
1206060 921.7
1206070 912.6
1206080 912.6
1206090 903.8
1206100 895.1
1206110 895.1
1206120 887.3
1206130 880.2
1206140 880.2
1206150 873.6
1206160 867.5
1206170 867.5
1206180 862.1
1206190 857.3
1206200 853.1
1206210 853.1
1206220 849.7
1206230 846.8
1206240 846.8
1206250 844.2
1206260 840.6
1206270 840.6
1206280 836.7
1206290 835.0
1206300 835.0
1206310 834.2
1206320 831.8
1206330 831.8
1206340 832.4
1206350 833.3
1206360 833.3
1206370 833.1
1206380 832.6
1206390 832.6
1206400 832.0
1206410 831.6
1206420 831.6
1206430 831.1
1206440 830.4
1206450 830.4
1206460 829.7
1206470 829.1
1206480 828.5
1206490 828.5
1206500 827.8
1206510 827.1
1206520 827.1
1206530 826.1
1206540 824.9
1206550 824.9
1206560 823.4
1206570 821.8
1206580 821.8
1206590 820.5
1206600 819.8
1206610 819.8
1206620 819.5
1206630 819.2
1206640 819.2
1206650 818.7
1206660 819.4
1206670 819.4
1206680 820.9
1206690 820.6
1206700 820.6
1206710 820.0
1206720 819.4
1206730 819.1
1206740 819.1
1206750 818.7
1206760 817.7
1206770 817.7
1206780 819.1
1206790 819.3
1206800 819.3
1206810 819.4
1206820 819.3
1206830 819.3
1206840 819.2
1206850 818.6
1206860 818.6
1206870 818.3
1206880 818.5
1206890 818.5
1206900 818.7
1206910 819.0
1206920 819.0
1206930 819.4
1206940 819.6
1206950 819.6
1206960 819.8
1206970 820.2
1206980 820.2
1206990 821.0
1207000 822.2
1207010 822.7
1207020 822.7
1207030 822.1
1207040 822.3
1207050 822.3
1207060 822.0
1207070 821.8
1207080 821.8
1207090 821.8
1207100 822.3
1207110 822.3
1207120 822.8
1207130 823.1
1207140 823.1
1207150 823.1
1207160 823.1
1207170 823.1
1207180 823.0
1207190 822.9
1207200 822.9
1207210 822.8
1207220 822.9
1207230 822.9
1207240 823.0
1207250 823.1
1207260 823.1
1207270 823.2
1207280 823.4
1207290 823.6
1207300 823.2
1207310 823.5
1207320 823.8
1207330 823.8
1207340 824.2
1207350 824.9
1207360 824.9
1207370 825.3
1207380 824.9
1207390 824.9
1207400 824.9
1207410 824.9
1207420 824.9
1207430 825.1
1207440 825.3
1207450 825.3
1207460 825.6
1207470 825.8
1207480 825.8
1207490 826.0
1207500 826.3
1207510 826.3
1207520 826.6
1207530 826.8
1207540 826.8
1207550 827.0
1207560 827.3
1207570 827.7
1207580 827.7
1207590 828.1
1207600 828.5
1207610 828.5
1207620 829.5
1207630 830.4
1207640 830.4
1207650 830.9
1207660 832.0
1207670 832.0
1207680 834.4
1207690 836.2
1207700 836.2
1207710 837.1
1207720 838.1
1207730 838.1
1207740 839.2
1207750 840.3
1207760 840.5
1207770 841.6
1207780 842.8
1207790 842.8
1207800 844.0
1207810 845.6
1207820 845.6
1207830 848.0
1207840 849.5
1207850 850.5
1207860 850.5
1207870 851.9
1207880 853.9
1207890 853.9
1207900 855.9
1207910 856.9
1207920 856.9
1207930 858.2
1207940 859.7
1207950 859.7
1207960 860.8
1207970 862.5
1207980 862.5
1207990 864.4
1208000 865.4
1208010 865.4
1208020 867.4
1208030 868.9
1208040 868.9
1208050 870.5
1208060 871.8
1208070 871.8
1208080 873.5
1208090 875.1
1208100 875.1
1208110 877.9
1208120 879.1
1208130 880.0
1208140 880.0
1208150 882.8
1208160 884.5
1208170 884.5
1208180 886.3
1208190 889.4
1208200 889.4
1208210 890.6
1208220 892.0
1208230 892.0
1208240 894.9
1208250 896.9
1208260 896.9
1208270 898.0
1208280 900.4
1208290 900.4
1208300 902.8
1208310 904.1
1208320 904.1
1208330 907.0
1208340 908.8
1208350 908.8
1208360 910.4
1208370 913.4
1208380 913.4
1208390 915.3
1208400 915.7
1208410 918.1
1208420 918.1
1208430 919.4
1208440 924.7
1208450 924.7
1208460 931.0
1208470 937.5
1208480 937.5
1208490 943.8
1208500 950.3
1208510 950.3
1208520 953.7
1208530 953.0
1208540 953.0
1208550 949.4
1208560 946.5
1208570 946.5
1208580 948.3
1208590 950.8
1208600 950.8
1208610 952.2
1208620 953.4
1208630 953.4
1208640 955.0
1208650 959.6
1208660 965.6
1208670 965.6
1208680 974.4
1208690 980.6
1208700 980.6
1208710 987.0
1208720 992.3
1208730 992.3
1208740 993.3
1208750 991.7
1208760 991.7
1208770 986.6
1208780 980.5
1208790 980.5
1208800 976.4
1208810 976.4
1208820 976.4
1208830 978.4
1208840 981.4
1208850 981.4
1208860 984.2
1208870 987.8
1208880 987.8
1208890 991.7
1208900 995.3
1208910 995.3
1208920 999.6
1208930 1002.7
1208940 1006.4
1208950 1006.4
1208960 1011.1
1208970 1014.7
1208980 1014.7
1208990 1018.2
1209000 1022.4
1209010 1022.4
1209020 1025.8
1209030 1029.0
1209040 1029.0
1209050 1032.8
1209060 1034.9
1209070 1034.9
1209080 1034.2
1209090 1036.3
1209100 1036.3
1209110 1041.2
1209120 1046.9
1209130 1046.9
1209140 1049.9
1209150 1056.5
1209160 1056.5
1209170 1061.5
1209180 1062.8
1209190 1062.8
1209200 1063.9
1209210 1065.6
1209220 1066.6
1209230 1066.6
1209240 1066.7
1209250 1066.7
1209260 1066.7
1209270 1067.1
1209280 1067.8
1209290 1067.8
1209300 1068.1
1209310 1068.2
1209320 1068.2
1209330 1068.7
1209340 1069.1
1209350 1069.1
1209360 1069.6
1209370 1070.0
1209380 1070.0
1209390 1070.5
1209400 1070.8
1209410 1070.8
1209420 1071.0
1209430 1071.5
1209440 1071.5
1209450 1072.0
1209460 1072.4
1209470 1072.4
1209480 1072.7
1209490 1073.2
1209500 1073.5
1209510 1073.5
1209520 1073.9
1209530 1074.3
1209540 1074.3
1209550 1074.7
1209560 1075.1
1209570 1075.1
1209580 1075.4
1209590 1076.1
1209600 1076.1
1209610 1077.6
1209620 1078.2
1209630 1078.2
1209640 1079.1
1209650 1080.0
1209660 1080.0
1209670 1080.5
1209680 1081.1
1209690 1081.1
1209700 1081.6
1209710 1082.5
1209720 1082.5
1209730 1083.1
1209740 1083.4
1209750 1083.4
1209760 1083.9
1209770 1084.4
1209780 1084.9
1209790 1084.9
1209800 1085.0
1209810 1085.3
1209820 1085.3
1209830 1085.9
1209840 1086.4
1209850 1086.4
1209860 1087.0
1209870 1087.6
1209880 1087.6
1209890 1088.6
1209900 1089.2
1209910 1089.2
1209920 1089.6
1209930 1089.9
1209940 1089.9
1209950 1090.6
1209960 1091.3
1209970 1091.3
1209980 1092.2
1209990 1093.0
1210000 1093.0
1210010 1093.8
1210020 1094.6
1210030 1094.6
1210040 1095.5
1210050 1096.3
1210060 1097.1
1210070 1098.6
1210080 1099.5
1210090 1100.7
1210100 1100.7
1210110 1101.8
1210120 1102.8
1210130 1102.8
1210140 1103.7
1210150 1104.6
1210160 1104.6
1210170 1104.9
1210180 1105.6
1210190 1105.6
1210200 1106.3
1210210 1107.0
1210220 1107.0
1210230 1107.5
1210240 1108.4
1210250 1108.4
1210260 1108.6
1210270 1108.5
1210280 1108.5
1210290 1108.6
1210300 1109.1
1210310 1109.1
1210320 1109.9
1210330 1111.2
1210340 1112.7
1210350 1112.7
1210360 1114.2
1210370 1115.9
1210380 1115.9
1210390 1117.9
1210400 1119.5
1210410 1119.5
1210420 1121.4
1210430 1123.0
1210440 1123.0
1210450 1123.8
1210460 1125.0
1210470 1125.0
1210480 1126.1
1210490 1127.2
1210500 1127.2
1210510 1127.4
1210520 1127.3
1210530 1129.2
1210540 1129.4
1210550 1129.7
1210560 1129.7
1210570 1129.9
1210580 1130.2
1210590 1130.2
1210600 1130.2
1210610 1130.2
1210620 1130.9
1210630 1130.9
1210640 1131.9
1210650 1132.8
1210660 1132.8
1210670 1133.6
1210680 1134.1
1210690 1134.1
1210700 1134.7
1210710 1135.3
1210720 1135.3
1210730 1135.2
1210740 1135.3
1210750 1135.3
1210760 1135.1
1210770 1136.2
1210780 1136.2
1210790 1140.0
1210800 1143.2
1210810 1143.2
1210820 1143.4
1210830 1142.6
1210840 1142.6
1210850 1141.5
1210860 1139.4
1210870 1137.3
1210880 1137.3
1210890 1137.1
1210900 1137.5
1210910 1137.5
1210920 1137.4
1210930 1137.9
1210940 1137.9
1210950 1138.4
1210960 1138.5
1210970 1138.5
1210980 1138.9
1210990 1139.4
1211000 1140.8
1211010 1141.5
1211020 1141.4
1211030 1141.4
1211040 1141.7
1211050 1142.2
1211060 1142.2
1211070 1142.3
1211080 1142.5
1211090 1142.5
1211100 1142.7
1211110 1143.3
1211120 1143.3
1211130 1143.6
1211140 1143.5
1211150 1143.4
1211160 1143.4
1211170 1143.7
1211180 1144.3
1211190 1144.3
1211200 1144.4
1211210 1144.4
1211220 1144.4
1211230 1144.2
1211240 1144.1
1211250 1144.1
1211260 1144.3
1211270 1144.7
1211280 1144.7
1211290 1145.2
1211300 1145.6
1211310 1145.6
1211320 1146.1
1211330 1146.6
1211340 1146.6
1211350 1147.2
1211360 1147.9
1211370 1147.9
1211380 1148.3
1211390 1148.7
1211400 1148.7
1211410 1149.0
1211420 1149.1
1211430 1149.1
1211440 1149.1
1211450 1149.3
1211460 1151.0
1211470 1151.0
1211480 1151.1
1211490 1151.1
1211500 1151.1
1211510 1151.1
1211520 1151.1
1211530 1151.1
1211540 1150.5
1211550 1149.9
1211560 1149.9
1211570 1149.4
1211580 1148.5
1211590 1148.5
1211600 1147.4
1211610 1146.7
1211620 1146.7
1211630 1147.0
1211640 1147.9
1211650 1147.9
1211660 1148.6
1211670 1149.2
1211680 1149.2
1211690 1149.9
1211700 1150.4
1211710 1150.5
1211720 1150.5
1211730 1150.6
1211740 1150.3
1211750 1150.3
1211760 1149.9
1211770 1149.3
1211780 1149.3
1211790 1148.7
1211800 1148.5
1211810 1148.5
1211820 1148.5
1211830 1148.4
1211840 1148.4
1211850 1148.4
1211860 1148.3
1211870 1148.3
1211880 1148.6
1211890 1149.3
1211900 1149.3
1211910 1149.6
1211920 1149.3
1211930 1150.7
1211940 1150.0
1211950 1149.3
1211960 1149.3
1211970 1149.1
1211980 1148.9
1211990 1148.9
1212000 1148.9
1212010 1148.5
1212020 1147.8
1212030 1147.8
1212040 1147.1
1212050 1146.5
1212060 1146.5
1212070 1146.3
1212080 1146.7
1212090 1146.7
1212100 1146.9
1212110 1146.6
1212120 1146.6
1212130 1146.4
1212140 1146.2
1212150 1146.2
1212160 1145.8
1212170 1145.2
1212180 1145.2
1212190 1144.6
1212200 1144.0
1212210 1144.0
1212220 1143.7
1212230 1143.4
1212240 1143.5
1212250 1143.5
1212260 1143.9
1212270 1143.8
1212280 1143.8
1212290 1143.5
1212300 1143.3
1212310 1143.3
1212320 1143.2
1212330 1142.5
1212340 1142.5
1212350 1141.9
1212360 1141.3
1212370 1141.3
1212380 1140.7
1212390 1140.1
1212400 1141.2
1212410 1140.6
1212420 1140.1
1212430 1140.1
1212440 1139.9
1212450 1140.0
1212460 1140.0
1212470 1140.0
1212480 1139.8
1212490 1139.8
1212500 1139.5
1212510 1139.2
1212520 1138.8
1212530 1138.8
1212540 1138.0
1212550 1137.5
1212560 1137.5
1212570 1137.4
1212580 1137.6
1212590 1137.6
1212600 1137.5
1212610 1136.6
1212620 1136.6
1212630 1135.7
1212640 1135.0
1212650 1135.0
1212660 1134.2
1212670 1133.2
1212680 1133.2
1212690 1132.4
1212700 1131.6
1212710 1131.6
1212720 1130.8
1212730 1129.9
1212740 1129.9
1212750 1129.2
1212760 1128.4
1212770 1128.4
1212780 1127.5
1212790 1126.6
1212800 1125.8
1212810 1125.8
1212820 1124.9
1212830 1123.8
1212840 1123.8
1212850 1123.0
1212860 1122.4
1212870 1123.1
1212880 1122.4
1212890 1121.6
1212900 1121.6
1212910 1120.9
1212920 1120.1
1212930 1120.1
1212940 1119.4
1212950 1118.6
1212960 1118.6
1212970 1117.7
1212980 1117.0
1212990 1117.0
1213000 1116.4
1213010 1115.6
1213020 1115.6
1213030 1115.0
1213040 1114.4
1213050 1114.4
1213060 1113.8
1213070 1113.3
1213080 1112.9
1213090 1112.9
1213100 1112.5
1213110 1111.7
1213120 1111.7
1213130 1111.0
1213140 1109.9
1213150 1109.9
1213160 1109.0
1213170 1108.1
1213180 1108.1
1213190 1107.1
1213200 1106.1
1213210 1106.1
1213220 1105.2
1213230 1104.2
1213240 1104.2
1213250 1103.3
1213260 1102.4
1213270 1102.4
1213280 1101.2
1213290 1100.0
1213300 1100.0
1213310 1099.1
1213320 1098.1
1213330 1097.9
1213340 1097.3
1213350 1096.4
1213360 1095.5
1213370 1095.5
1213380 1094.8
1213390 1093.5
1213400 1093.5
1213410 1093.2
1213420 1094.0
1213430 1094.0
1213440 1094.3
1213450 1093.2
1213460 1093.2
1213470 1091.4
1213480 1090.0
1213490 1090.0
1213500 1088.8
1213510 1087.5
1213520 1087.5
1213530 1086.3
1213540 1085.4
1213550 1085.4
1213560 1084.5
1213570 1083.6
1213580 1083.6
1213590 1082.7
1213600 1081.9
1213610 1081.9
1213620 1081.2
1213630 1080.4
1213640 1079.4
1213650 1079.4
1213660 1078.7
1213670 1078.0
1213680 1078.0
1213690 1077.0
1213700 1076.3
1213710 1076.3
1213720 1075.5
1213730 1074.6
1213740 1074.6
1213750 1073.7
1213760 1072.8
1213770 1072.8
1213780 1071.8
1213790 1070.7
1213800 1071.4
1213810 1070.1
1213820 1069.4
1213830 1069.4
1213840 1069.4
1213850 1069.7
1213860 1069.7
1213870 1069.2
1213880 1069.0
1213890 1069.0
1213900 1068.7
1213910 1069.1
1213920 1069.1
1213930 1069.1
1213940 1069.0
1213950 1069.1
1213960 1069.1
1213970 1068.7
1213980 1068.0
1213990 1068.0
1214000 1067.9
1214010 1067.6
1214020 1067.6
1214030 1067.1
1214040 1066.9
1214050 1066.9
1214060 1066.7
1214070 1066.6
1214080 1066.6
1214090 1066.4
1214100 1066.1
1214110 1066.1
1214120 1065.7
1214130 1065.0
1214140 1065.0
1214150 1064.1
1214160 1063.5
1214170 1063.0
1214180 1063.0
1214190 1062.5
1214200 1062.1
1214210 1062.1
1214220 1061.8
1214230 1061.4
1214240 1061.4
1214250 1061.0
1214260 1060.7
1214270 1060.7
1214280 1059.6
1214290 1059.4
1214300 1059.4
1214310 1059.0
1214320 1058.4
1214330 1058.4
1214340 1057.8
1214350 1056.9
1214360 1056.9
1214370 1055.9
1214380 1055.8
1214390 1055.8
1214400 1056.0
1214410 1056.4
1214420 1056.4
1214430 1056.7
1214440 1057.1
1214450 1057.6
1214460 1057.6
1214470 1058.0
1214480 1058.5
1214490 1058.5
1214500 1058.9
1214510 1059.1
1214520 1059.1
1214530 1059.4
1214540 1059.8
1214550 1059.8
1214560 1060.1
1214570 1060.1
1214580 1060.1
1214590 1060.0
1214600 1059.7
1214610 1059.7
1214620 1059.4
1214630 1059.3
1214640 1059.3
1214650 1059.2
1214660 1059.1
1214670 1059.1
1214680 1058.8
1214690 1058.4
1214700 1058.4
1214710 1058.0
1214720 1057.8
1214730 1057.3
1214740 1057.3
1214750 1055.1
1214760 1054.3
1214770 1054.3
1214780 1054.0
1214790 1053.3
1214800 1053.3
1214810 1052.6
1214820 1052.2
1214830 1052.2
1214840 1051.3
1214850 1050.4
1214860 1050.4
1214870 1047.9
1214880 1043.5
1214890 1043.5
1214900 1039.3
1214910 1033.2
1214920 1033.2
1214930 1030.0
1214940 1031.8
1214950 1031.8
1214960 1034.1
1214970 1037.4
1214980 1037.4
1214990 1039.9
1215000 1041.1
1215010 1041.1
1215020 1041.1
1215030 1040.7
1215040 1040.5
1215050 1040.5
1215060 1040.4
1215070 1040.2
1215080 1040.2
1215090 1040.1
1215100 1039.8
1215110 1039.8
1215120 1039.2
1215130 1038.7
1215140 1038.7
1215150 1038.4
1215160 1038.2
1215170 1038.2
1215180 1038.0
1215190 1037.8
1215200 1037.8
1215210 1037.5
1215220 1036.0
1215230 1036.0
1215240 1035.5
1215250 1035.0
1215260 1035.0
1215270 1034.8
1215280 1034.5
1215290 1034.2
1215300 1034.2
1215310 1033.9
1215320 1033.4
1215330 1033.4
1215340 1032.6
1215350 1032.5
1215360 1032.5
1215370 1032.4
1215380 1032.2
1215390 1032.2
1215400 1031.9
1215410 1031.6
1215420 1031.6
1215430 1031.3
1215440 1031.1
1215450 1031.1
1215460 1030.8
1215470 1030.4
1215480 1030.4
1215490 1030.0
1215500 1029.5
1215510 1029.5
1215520 1028.9
1215530 1028.3
1215540 1028.3
1215550 1028.1
1215560 1028.5
1215570 1028.8
1215580 1028.8
1215590 1029.2
1215600 1029.1
1215610 1029.1
1215620 1029.0
1215630 1029.0
1215640 1029.0
1215650 1029.0
1215660 1028.7
1215670 1028.7
1215680 1028.7
1215690 1028.0
1215700 1028.0
1215710 1028.2
1215720 1028.5
1215730 1028.5
1215740 1028.5
1215750 1028.6
1215760 1028.6
1215770 1028.4
1215780 1028.3
1215790 1028.3
1215800 1028.1
1215810 1027.8
1215820 1027.6
1215830 1027.6
1215840 1027.2
1215850 1026.9
1215860 1026.9
1215870 1026.6
1215880 1026.3
1215890 1026.3
1215900 1026.1
1215910 1025.8
1215920 1025.8
1215930 1025.7
1215940 1025.1
1215950 1025.1
1215960 1024.6
1215970 1024.2
1215980 1024.2
1215990 1023.7
1216000 1023.2
1216010 1023.2
1216020 1022.7
1216030 1022.0
1216040 1022.0
1216050 1021.4
1216060 1020.7
1216070 1020.7
1216080 1020.1
1216090 1019.2
1216100 1018.2
1216110 1018.2
1216120 1017.5
1216130 1016.9
1216140 1016.9
1216150 1016.1
1216160 1015.4
1216170 1015.5
1216180 1014.8
1216190 1014.1
1216200 1014.1
1216210 1013.2
1216220 1012.5
1216230 1012.5
1216240 1011.9
1216250 1011.4
1216260 1011.4
1216270 1010.8
1216280 1010.2
1216290 1010.2
1216300 1009.7
1216310 1009.3
1216320 1009.3
1216330 1009.0
1216340 1008.7
1216350 1008.7
1216360 1008.2
1216370 1007.8
1216380 1007.4
1216390 1007.4
1216400 1007.1
1216410 1006.7
1216420 1006.7
1216430 1006.5
1216440 1006.4
1216450 1006.4
1216460 1006.3
1216470 1006.4
1216480 1006.4
1216490 1006.3
1216500 1006.1
1216510 1006.1
1216520 1006.0
1216530 1005.9
1216540 1005.9
1216550 1005.8
1216560 1005.7
1216570 1005.7
1216580 1005.7
1216590 1005.6
1216600 1005.6
1216610 1005.5
1216620 1005.2
1216630 1005.2
1216640 1004.0
1216650 1003.4
1216660 1002.9
1216670 1002.9
1216680 1002.3
1216690 1001.9
1216700 1001.9
1216710 1001.6
1216720 1001.4
1216730 1001.4
1216740 1001.1
1216750 1000.8
1216760 1000.8
1216770 1000.4
1216780 1000.0
1216790 1000.0
1216800 999.7
1216810 999.5
1216820 999.5
1216830 999.2
1216840 999.0
1216850 999.0
1216860 998.9
1216870 998.4
1216880 998.4
1216890 997.9
1216900 997.3
1216910 997.3
1216920 996.7
1216930 996.2
1216940 995.6
1216950 995.6
1216960 995.1
1216970 994.7
1216980 994.7
1216990 994.4
1217000 994.2
1217010 994.2
1217020 993.8
1217030 993.4
1217040 993.4
1217050 993.3
1217060 993.0
1217070 993.0
1217080 992.7
1217090 992.7
1217100 992.7
1217110 992.4
1217120 993.5
1217130 993.5
1217140 993.2
1217150 992.4
1217160 992.4
1217170 991.4
1217180 990.2
1217190 990.2
1217200 988.9
1217210 987.4
1217220 986.1
1217230 986.1
1217240 984.7
1217250 983.0
1217260 983.0
1217270 981.4
1217280 979.8
1217290 979.8
1217300 978.0
1217310 976.3
1217320 976.3
1217330 975.2
1217340 973.6
1217350 973.6
1217360 972.1
1217370 970.7
1217380 970.7
1217390 969.0
1217400 967.8
1217410 967.8
1217420 968.3
1217430 972.3
1217440 972.3
1217450 976.7
1217460 979.4
1217470 980.4
1217480 980.4
1217490 980.3
1217500 980.7
1217510 980.7
1217520 982.7
1217530 983.2
1217540 983.2
1217550 981.2
1217560 979.7
1217570 979.7
1217580 979.2
1217590 978.1
1217600 978.1
1217610 977.6
1217620 977.0
1217630 977.0
1217640 976.3
1217650 975.6
1217660 975.6
1217670 975.2
1217680 974.8
1217690 974.8
1217700 974.2
1217710 973.5
1217720 973.5
1217730 972.8
1217740 972.1
1217750 971.4
1217760 971.4
1217770 970.7
1217780 969.8
1217790 969.8
1217800 968.9
1217810 967.7
1217820 967.7
1217830 966.7
1217840 965.6
1217850 965.6
1217860 964.5
1217870 963.3
1217880 963.3
1217890 961.9
1217900 960.5
1217910 960.5
1217920 959.1
1217930 957.6
1217940 957.6
1217950 955.7
1217960 952.2
1217970 952.2
1217980 948.8
1217990 945.7
1218000 945.7
1218010 942.9
1218020 941.2
1218030 941.3
1218040 941.3
1218050 943.2
1218060 944.7
1218070 947.3
1218080 945.4
1218090 944.9
1218100 944.9
1218110 944.9
1218120 944.0
1218130 944.0
1218140 942.8
1218150 941.6
1218160 941.6
1218170 939.9
1218180 937.8
1218190 937.8
1218200 935.1
1218210 934.3
1218220 934.3
1218230 934.1
1218240 933.5
1218250 933.5
1218260 932.9
1218270 932.1
1218280 932.1
1218290 931.7
1218300 931.1
1218310 931.0
1218320 931.0
1218330 931.0
1218340 931.0
1218350 931.0
1218360 930.7
1218370 930.0
1218380 930.0
1218390 930.2
1218400 931.5
1218410 931.5
1218420 932.4
1218430 932.9
1218440 932.9
1218450 933.8
1218460 934.7
1218470 934.7
1218480 935.4
1218490 935.8
1218500 935.8
1218510 936.3
1218520 936.6
1218530 936.6
1218540 936.8
1218550 937.7
1218560 937.7
1218570 937.8
1218580 938.0
1218590 938.0
1218600 938.0
1218610 937.9
1218620 937.6
1218630 937.6
1218640 937.5
1218650 937.5
1218660 937.5
1218670 937.3
1218680 937.2
1218690 937.2
1218700 937.1
1218710 937.1
1218720 937.1
1218730 936.9
1218740 936.5
1218750 936.5
1218760 936.2
1218770 935.7
1218780 935.7
1218790 935.0
1218800 934.5
1218810 934.5
1218820 934.0
1218830 933.4
1218840 933.4
1218850 933.2
1218860 933.6
1218870 933.2
1218880 933.2
1218890 932.3
1218900 931.8
1218910 931.8
1218920 931.9
1218930 931.3
1218940 931.3
1218950 930.6
1218960 929.5
1218970 929.5
1218980 929.2
1218990 929.2
1219000 929.2
1219010 928.4
1219020 928.1
1219030 928.2
1219040 927.7
1219050 926.6
1219060 926.6
1219070 926.7
1219080 926.9
1219090 926.9
1219100 925.3
1219110 924.3
1219120 923.8
1219130 923.8
1219140 923.5
1219150 923.2
1219160 923.2
1219170 922.6
1219180 921.2
1219190 921.2
1219200 920.8
1219210 919.8
1219220 919.8
1219230 919.1
1219240 918.5
1219250 918.5
1219260 918.2
1219270 917.3
1219280 917.3
1219290 915.9
1219300 914.3
1219310 914.3
1219320 912.5
1219330 911.6
1219340 911.6
1219350 910.2
1219360 908.0
1219370 908.0
1219380 907.6
1219390 906.7
1219400 904.5
1219410 904.5
1219420 902.6
1219430 901.8
1219440 901.8
1219450 900.0
1219460 899.0
1219470 899.0
1219480 897.9
1219490 896.5
1219500 896.5
1219510 894.8
1219520 894.2
1219530 894.2
1219540 893.9
1219550 892.7
1219560 892.7
1219570 891.3
1219580 889.9
1219590 889.9
1219600 888.5
1219610 887.5
1219620 887.5
1219630 886.4
1219640 885.7
1219650 885.7
1219660 885.7
1219670 886.1
1219680 886.4
1219690 886.4
1219700 886.4
1219710 886.5
1219720 886.5
1219730 886.6
1219740 886.8
1219750 886.8
1219760 887.5
1219770 888.3
1219780 888.3
1219790 888.5
1219800 888.5
1219810 888.5
1219820 888.4
1219830 888.6
1219840 888.6
1219850 888.7
1219860 888.7
1219870 888.7
1219880 888.5
1219890 887.9
1219900 887.9
1219910 887.6
1219920 887.3
1219930 887.3
1219940 886.9
1219950 886.6
1219960 886.3
1219970 886.3
1219980 886.0
1219990 886.6
1200000 2110.1
1200010 2110.1
1200020 2105.1
1200030 2099.8
1200040 2096.2
1200050 2092.9
1200060 2089.6
1200070 2089.6
1200080 2086.1
1200090 2083.2
1200100 2083.2
1200110 2080.8
1200120 2076.7
1200130 2070.8
1200140 2070.8
1200150 2066.2
1200160 2062.3
1200170 2062.3
1200180 2058.5
1200190 2055.5
1200200 2055.5
1200210 2051.8
1200220 2047.2
1200230 2047.2
1200240 2042.0
1200250 2036.7
1200260 2036.7
1200270 2031.0
1200280 2026.5
1200290 2026.5
1200300 2021.6
1200310 2016.7
1200320 2016.7
1200330 2011.6
1200340 2005.3
1200350 2005.3
1200360 1997.5
1200370 1991.1
1200380 1991.1
1200390 1983.7
1200400 1975.7
1200410 1968.1
1200420 1968.1
1200430 1960.8
1200440 1954.1
1200450 1954.1
1200460 1948.0
1200470 1941.9
1200480 1941.9
1200490 1932.4
1200500 1926.9
1200510 1926.9
1200520 1921.1
1200530 1914.1
1200540 1914.1
1200550 1906.3
1200560 1898.6
1200570 1898.6
1200580 1890.9
1200590 1885.9
1200600 1885.9
1200610 1882.5
1200620 1878.4
1200630 1878.4
1200640 1874.1
1200650 1869.8
1200660 1869.8
1200670 1865.0
1200680 1862.2
1200690 1857.8
1200700 1857.8
1200710 1853.1
1200720 1849.2
1200730 1849.2
1200740 1846.5
1200750 1842.1
1200760 1842.1
1200770 1837.0
1200780 1830.9
1200790 1830.9
1200800 1825.3
1200810 1821.9
1200820 1821.9
1200830 1819.1
1200840 1814.5
1200850 1814.5
1200860 1808.9
1200870 1806.1
1200880 1806.1
1200890 1803.7
1200900 1800.7
1200910 1800.7
1200920 1797.0
1200930 1793.4
1200940 1788.2
1200950 1788.2
1200960 1784.9
1200970 1776.5
1200980 1776.5
1200990 1767.2
1201000 1761.0
1201010 1761.0
1201020 1759.4
1201030 1756.2
1201040 1756.2
1201050 1751.0
1201060 1743.9
1201070 1743.9
1201080 1735.2
1201090 1729.0
1201100 1729.0
1201110 1724.3
1201120 1719.1
1201130 1719.1
1201140 1712.6
1201150 1705.6
1201160 1705.6
1201170 1699.2
1201180 1694.7
1201190 1694.7
1201200 1690.5
1201210 1685.8
1201220 1682.2
1201230 1682.2
1201240 1679.1
1201250 1676.4
1201260 1676.4
1201270 1673.5
1201280 1668.9
1201290 1668.9
1201300 1664.3
1201310 1659.6
1201320 1659.6
1201330 1655.9
1201340 1652.9
1201350 1652.9
1201360 1649.9
1201370 1646.9
1201380 1646.9
1201390 1644.5
1201400 1643.4
1201410 1643.4
1201420 1644.0
1201430 1644.0
1201440 1644.0
1201450 1642.0
1201460 1638.9
1201470 1638.9
1201480 1636.7
1201490 1637.1
1201500 1636.0
1201510 1636.0
1201520 1634.1
1201530 1633.2
1201540 1633.2
1201550 1633.6
1201560 1632.5
1201570 1632.5
1201580 1631.1
1201590 1630.8
1201600 1630.8
1201610 1629.3
1201620 1626.1
1201630 1626.1
1201640 1622.2
1201650 1618.0
1201660 1618.0
1201670 1612.5
1201680 1606.8
1201690 1606.8
1201700 1602.2
1201710 1596.9
1201720 1596.9
1201730 1589.9
1201740 1583.9
1201750 1583.9
1201760 1578.7
1201770 1574.6
1201780 1570.7
1201790 1570.7
1201800 1567.8
1201810 1566.8
1201820 1566.8
1201830 1566.3
1201840 1564.9
1201850 1564.9
1201860 1563.9
1201870 1564.4
1201880 1564.4
1201890 1565.3
1201900 1564.6
1201910 1564.6
1201920 1562.9
1201930 1561.0
1201940 1561.0
1201950 1559.9
1201960 1557.6
1201970 1557.6
1201980 1554.3
1201990 1551.2
1202000 1551.2
1202010 1549.5
1202020 1546.5
1202030 1546.5
1202040 1542.8
1202050 1539.8
1202060 1538.6
1202070 1538.6
1202080 1538.3
1202090 1538.1
1202100 1538.1
1202110 1538.5
1202120 1538.3
1202130 1538.3
1202140 1538.1
1202150 1538.5
1202160 1538.5
1202170 1539.5
1202180 1540.8
1202190 1540.8
1202200 1541.3
1202210 1542.2
1202220 1542.2
1202230 1542.6
1202240 1543.6
1202250 1543.6
1202260 1545.8
1202270 1548.1
1202280 1548.1
1202290 1553.2
1202300 1553.3
1202310 1553.3
1202320 1552.1
1202330 1552.0
1202340 1551.9
1202350 1551.9
1202360 1550.6
1202370 1544.2
1202380 1544.2
1202390 1537.0
1202400 1534.7
1202410 1534.7
1202420 1534.4
1202430 1534.4
1202440 1534.4
1202450 1534.0
1202460 1535.3
1202470 1535.3
1202480 1537.0
1202490 1536.5
1202500 1536.5
1202510 1534.6
1202520 1533.9
1202530 1533.9
1202540 1533.6
1202550 1532.9
1202560 1532.9
1202570 1531.8
1202580 1531.3
1202590 1531.3
1202600 1531.7
1202610 1533.4
1202620 1534.8
1202630 1534.8
1202640 1534.5
1202650 1534.2
1202660 1534.2
1202670 1536.0
1202680 1538.1
1202690 1538.1
1202700 1538.6
1202710 1539.0
1202720 1539.0
1202730 1538.8
1202740 1539.1
1202750 1539.1
1202760 1539.0
1202770 1539.3
1202780 1539.3
1202790 1539.2
1202800 1539.0
1202810 1539.0
1202820 1539.6
1202830 1539.0
1202840 1539.0
1202850 1538.7
1202860 1538.3
1202870 1537.0
1202880 1537.0
1202890 1535.6
1202900 1534.5
1202910 1534.5
1202920 1533.8
1202930 1535.0
1202940 1535.0
1202950 1536.2
1202960 1537.2
1202970 1537.2
1202980 1539.6
1202990 1542.5
1203000 1542.5
1203010 1544.1
1203020 1541.0
1203030 1541.0
1203040 1536.2
1203050 1534.4
1203060 1534.4
1203070 1535.0
1203080 1535.1
1203090 1535.1
1203100 1534.7
1203110 1534.8
1203120 1534.8
1203130 1535.2
1203140 1536.8
1203150 1538.8
1203160 1538.8
1203170 1540.0
1203180 1541.2
1203190 1541.8
1203200 1543.2
1203210 1546.1
1203220 1546.1
1203230 1548.1
1203240 1548.6
1203250 1548.6
1203260 1547.3
1203270 1546.6
1203280 1546.6
1203290 1548.2
1203300 1550.7
1203310 1550.7
1203320 1552.1
1203330 1552.0
1203340 1552.0
1203350 1553.0
1203360 1555.1
1203370 1555.1
1203380 1556.1
1203390 1556.0
1203400 1556.0
1203410 1555.6
1203420 1555.6
1203430 1555.8
1203440 1555.8
1203450 1554.6
1203460 1551.9
1203470 1551.9
1203480 1549.6
1203490 1549.8
1203500 1549.8
1203510 1550.6
1203520 1552.2
1203530 1552.2
1203540 1552.9
1203550 1552.0
1203560 1552.0
1203570 1550.9
1203580 1549.8
1203590 1549.8
1203600 1549.1
1203610 1548.9
1203620 1548.9
1203630 1548.2
1203640 1545.6
1203650 1542.3
1203660 1541.5
1203670 1542.1
1203680 1542.1
1203690 1542.5
1203700 1541.3
1203710 1541.1
1203720 1541.1
1203730 1542.3
1203740 1544.0
1203750 1544.0
1203760 1545.0
1203770 1545.2
1203780 1545.2
1203790 1545.0
1203800 1544.4
1203810 1544.4
1203820 1543.5
1203830 1541.8
1203840 1541.8
1203850 1541.6
1203860 1543.1
1203870 1543.1
1203880 1543.7
1203890 1543.0
1203900 1543.0
1203910 1543.0
1203920 1539.0
1203930 1539.0
1203940 1529.4
1203950 1523.4
1203960 1523.4
1203970 1519.3
1203980 1516.7
1203990 1515.9
1204000 1515.9
1204010 1514.2
1204020 1512.0
1204030 1512.0
1204040 1511.2
1204050 1510.0
1204060 1510.0
1204070 1507.0
1204080 1503.0
1204090 1503.0
1204100 1497.5
1204110 1493.8
1204120 1493.8
1204130 1490.8
1204140 1488.0
1204150 1488.0
1204160 1484.6
1204170 1481.1
1204180 1481.1
1204190 1477.6
1204200 1475.8
1204210 1475.8
1204220 1472.7
1204230 1469.0
1204240 1469.0
1204250 1466.0
1204260 1463.6
1204270 1461.6
1204280 1461.6
1204290 1460.8
1204300 1461.1
1204310 1461.1
1204320 1462.5
1204330 1464.4
1204340 1464.4
1204350 1464.7
1204360 1461.3
1204370 1461.3
1204380 1456.6
1204390 1451.2
1204400 1451.2
1204410 1446.0
1204420 1442.5
1204430 1442.5
1204440 1440.0
1204450 1437.9
1204460 1437.9
1204470 1435.3
1204480 1432.0
1204490 1432.0
1204500 1429.4
1204510 1425.4
1204520 1425.4
1204530 1417.5
1204540 1412.1
1204550 1409.2
1204560 1406.8
1204570 1403.7
1204580 1399.8
1204590 1399.8
1204600 1395.8
1204610 1392.1
1204620 1392.1
1204630 1387.6
1204640 1385.7
1204650 1385.7
1204660 1383.3
1204670 1378.7
1204680 1378.7
1204690 1372.5
1204700 1366.0
1204710 1366.0
1204720 1361.0
1204730 1356.6
1204740 1356.6
1204750 1352.3
1204760 1348.4
1204770 1348.4
1204780 1343.7
1204790 1338.6
1204800 1333.9
1204810 1333.9
1204820 1330.7
1204830 1327.1
1204840 1327.1
1204850 1323.3
1204860 1319.5
1204870 1319.5
1204880 1316.5
1204890 1313.4
1204900 1313.4
1204910 1308.1
1204920 1301.2
1204930 1301.2
1204940 1294.2
1204950 1287.8
1204960 1287.8
1204970 1282.9
1204980 1279.2
1204990 1279.2
1205000 1275.2
1205010 1267.7
1205020 1267.7
1205030 1263.1
1205040 1258.9
1205050 1258.9
1205060 1254.0
1205070 1248.3
1205080 1242.9
1205090 1242.9
1205100 1236.7
1205110 1229.9
1205120 1229.9
1205130 1223.3
1205140 1215.6
1205150 1215.6
1205160 1206.9
1205170 1199.3
1205180 1199.3
1205190 1193.6
1205200 1188.9
1205210 1188.9
1205220 1184.4
1205230 1180.9
1205240 1180.9
1205250 1180.0
1205260 1181.2
1205270 1181.2
1205280 1180.0
1205290 1175.7
1205300 1175.7
1205310 1170.0
1205320 1164.0
1205330 1164.0
1205340 1158.6
1205350 1153.8
1205360 1148.9
1205370 1148.9
1205380 1143.6
1205390 1139.0
1205400 1139.0
1205410 1136.2
1205420 1133.5
1205430 1133.5
1205440 1130.5
1205450 1127.4
1205460 1127.4
1205470 1119.5
1205480 1114.9
1205490 1114.9
1205500 1110.1
1205510 1105.2
1205520 1105.2
1205530 1102.5
1205540 1102.1
1205550 1102.1
1205560 1100.8
1205570 1099.8
1205580 1099.8
1205590 1097.0
1205600 1091.9
1205610 1091.9
1205620 1087.9
1205630 1084.4
1205640 1081.9
1205650 1081.9
1205660 1079.4
1205670 1077.5
1205680 1077.5
1205690 1074.9
1205700 1069.8
1205710 1069.8
1205720 1064.5
1205730 1060.4
1205740 1060.4
1205750 1054.7
1205760 1046.7
1205770 1046.7
1205780 1039.1
1205790 1033.5
1205800 1033.5
1205810 1028.5
1205820 1022.6
1205830 1022.6
1205840 1016.6
1205850 1011.3
1205860 1011.3
1205870 1006.8
1205880 1001.4
1205890 1001.4
1205900 993.4
1205910 988.2
1205920 979.9
1205930 979.9
1205940 972.0
1205950 966.5
1205960 966.5
1205970 963.8
1205980 959.9
1205990 959.9
1206000 954.4
1206010 948.3
1206020 948.3
1206030 941.9
1206040 934.6
1206050 934.6
1206060 921.7
1206070 912.6
1206080 912.6
1206090 903.8
1206100 895.1
1206110 895.1
1206120 887.3
1206130 880.2
1206140 880.2
1206150 873.6
1206160 867.5
1206170 867.5
1206180 862.1
1206190 857.3
1206200 853.1
1206210 853.1
1206220 849.7
1206230 846.8
1206240 846.8
1206250 844.2
1206260 840.6
1206270 840.6
1206280 836.7
1206290 835.0
1206300 835.0
1206310 834.2
1206320 831.8
1206330 831.8
1206340 832.4
1206350 833.3
1206360 833.3
1206370 833.1
1206380 832.6
1206390 832.6
1206400 832.0
1206410 831.6
1206420 831.6
1206430 831.1
1206440 830.4
1206450 830.4
1206460 829.7
1206470 829.1
1206480 828.5
1206490 828.5
1206500 827.8
1206510 827.1
1206520 827.1
1206530 826.1
1206540 824.9
1206550 824.9
1206560 823.4
1206570 821.8
1206580 821.8
1206590 820.5
1206600 819.8
1206610 819.8
1206620 819.5
1206630 819.2
1206640 819.2
1206650 818.7
1206660 819.4
1206670 819.4
1206680 820.9
1206690 820.6
1206700 820.6
1206710 820.0
1206720 819.4
1206730 819.1
1206740 819.1
1206750 818.7
1206760 817.7
1206770 817.7
1206780 819.1
1206790 819.3
1206800 819.3
1206810 819.4
1206820 819.3
1206830 819.3
1206840 819.2
1206850 818.6
1206860 818.6
1206870 818.3
1206880 818.5
1206890 818.5
1206900 818.7
1206910 819.0
1206920 819.0
1206930 819.4
1206940 819.6
1206950 819.6
1206960 819.8
1206970 820.2
1206980 820.2
1206990 821.0
1207000 822.2
1207010 822.7
1207020 822.7
1207030 822.1
1207040 822.3
1207050 822.3
1207060 822.0
1207070 821.8
1207080 821.8
1207090 821.8
1207100 822.3
1207110 822.3
1207120 822.8
1207130 823.1
1207140 823.1
1207150 823.1
1207160 823.1
1207170 823.1
1207180 823.0
1207190 822.9
1207200 822.9
1207210 822.8
1207220 822.9
1207230 822.9
1207240 823.0
1207250 823.1
1207260 823.1
1207270 823.2
1207280 823.4
1207290 823.6
1207300 823.2
1207310 823.5
1207320 823.8
1207330 823.8
1207340 824.2
1207350 824.9
1207360 824.9
1207370 825.3
1207380 824.9
1207390 824.9
1207400 824.9
1207410 824.9
1207420 824.9
1207430 825.1
1207440 825.3
1207450 825.3
1207460 825.6
1207470 825.8
1207480 825.8
1207490 826.0
1207500 826.3
1207510 826.3
1207520 826.6
1207530 826.8
1207540 826.8
1207550 827.0
1207560 827.3
1207570 827.7
1207580 827.7
1207590 828.1
1207600 828.5
1207610 828.5
1207620 829.5
1207630 830.4
1207640 830.4
1207650 830.9
1207660 832.0
1207670 832.0
1207680 834.4
1207690 836.2
1207700 836.2
1207710 837.1
1207720 838.1
1207730 838.1
1207740 839.2
1207750 840.3
1207760 840.5
1207770 841.6
1207780 842.8
1207790 842.8
1207800 844.0
1207810 845.6
1207820 845.6
1207830 848.0
1207840 849.5
1207850 850.5
1207860 850.5
1207870 851.9
1207880 853.9
1207890 853.9
1207900 855.9
1207910 856.9
1207920 856.9
1207930 858.2
1207940 859.7
1207950 859.7
1207960 860.8
1207970 862.5
1207980 862.5
1207990 864.4
1208000 865.4
1208010 865.4
1208020 867.4
1208030 868.9
1208040 868.9
1208050 870.5
1208060 871.8
1208070 871.8
1208080 873.5
1208090 875.1
1208100 875.1
1208110 877.9
1208120 879.1
1208130 880.0
1208140 880.0
1208150 882.8
1208160 884.5
1208170 884.5
1208180 886.3
1208190 889.4
1208200 889.4
1208210 890.6
1208220 892.0
1208230 892.0
1208240 894.9
1208250 896.9
1208260 896.9
1208270 898.0
1208280 900.4
1208290 900.4
1208300 902.8
1208310 904.1
1208320 904.1
1208330 907.0
1208340 908.8
1208350 908.8
1208360 910.4
1208370 913.4
1208380 913.4
1208390 915.3
1208400 915.7
1208410 918.1
1208420 918.1
1208430 919.4
1208440 924.7
1208450 924.7
1208460 931.0
1208470 937.5
1208480 937.5
1208490 943.8
1208500 950.3
1208510 950.3
1208520 953.7
1208530 953.0
1208540 953.0
1208550 949.4
1208560 946.5
1208570 946.5
1208580 948.3
1208590 950.8
1208600 950.8
1208610 952.2
1208620 953.4
1208630 953.4
1208640 955.0
1208650 959.6
1208660 965.6
1208670 965.6
1208680 974.4
1208690 980.6
1208700 980.6
1208710 987.0
1208720 992.3
1208730 992.3
1208740 993.3
1208750 991.7
1208760 991.7
1208770 986.6
1208780 980.5
1208790 980.5
1208800 976.4
1208810 976.4
1208820 976.4
1208830 978.4
1208840 981.4
1208850 981.4
1208860 984.2
1208870 987.8
1208880 987.8
1208890 991.7
1208900 995.3
1208910 995.3
1208920 999.6
1208930 1002.7
1208940 1006.4
1208950 1006.4
1208960 1011.1
1208970 1014.7
1208980 1014.7
1208990 1018.2
1209000 1022.4
1209010 1022.4
1209020 1025.8
1209030 1029.0
1209040 1029.0
1209050 1032.8
1209060 1034.9
1209070 1034.9
1209080 1034.2
1209090 1036.3
1209100 1036.3
1209110 1041.2
1209120 1046.9
1209130 1046.9
1209140 1049.9
1209150 1056.5
1209160 1056.5
1209170 1061.5
1209180 1062.8
1209190 1062.8
1209200 1063.9
1209210 1065.6
1209220 1066.6
1209230 1066.6
1209240 1066.7
1209250 1066.7
1209260 1066.7
1209270 1067.1
1209280 1067.8
1209290 1067.8
1209300 1068.1
1209310 1068.2
1209320 1068.2
1209330 1068.7
1209340 1069.1
1209350 1069.1
1209360 1069.6
1209370 1070.0
1209380 1070.0
1209390 1070.5
1209400 1070.8
1209410 1070.8
1209420 1071.0
1209430 1071.5
1209440 1071.5
1209450 1072.0
1209460 1072.4
1209470 1072.4
1209480 1072.7
1209490 1073.2
1209500 1073.5
1209510 1073.5
1209520 1073.9
1209530 1074.3
1209540 1074.3
1209550 1074.7
1209560 1075.1
1209570 1075.1
1209580 1075.4
1209590 1076.1
1209600 1076.1
1209610 1077.6
1209620 1078.2
1209630 1078.2
1209640 1079.1
1209650 1080.0
1209660 1080.0
1209670 1080.5
1209680 1081.1
1209690 1081.1
1209700 1081.6
1209710 1082.5
1209720 1082.5
1209730 1083.1
1209740 1083.4
1209750 1083.4
1209760 1083.9
1209770 1084.4
1209780 1084.9
1209790 1084.9
1209800 1085.0
1209810 1085.3
1209820 1085.3
1209830 1085.9
1209840 1086.4
1209850 1086.4
1209860 1087.0
1209870 1087.6
1209880 1087.6
1209890 1088.6
1209900 1089.2
1209910 1089.2
1209920 1089.6
1209930 1089.9
1209940 1089.9
1209950 1090.6
1209960 1091.3
1209970 1091.3
1209980 1092.2
1209990 1093.0
1210000 1093.0
1210010 1093.8
1210020 1094.6
1210030 1094.6
1210040 1095.5
1210050 1096.3
1210060 1097.1
1210070 1098.6
1210080 1099.5
1210090 1100.7
1210100 1100.7
1210110 1101.8
1210120 1102.8
1210130 1102.8
1210140 1103.7
1210150 1104.6
1210160 1104.6
1210170 1104.9
1210180 1105.6
1210190 1105.6
1210200 1106.3
1210210 1107.0
1210220 1107.0
1210230 1107.5
1210240 1108.4
1210250 1108.4
1210260 1108.6
1210270 1108.5
1210280 1108.5
1210290 1108.6
1210300 1109.1
1210310 1109.1
1210320 1109.9
1210330 1111.2
1210340 1112.7
1210350 1112.7
1210360 1114.2
1210370 1115.9
1210380 1115.9
1210390 1117.9
1210400 1119.5
1210410 1119.5
1210420 1121.4
1210430 1123.0
1210440 1123.0
1210450 1123.8
1210460 1125.0
1210470 1125.0
1210480 1126.1
1210490 1127.2
1210500 1127.2
1210510 1127.4
1210520 1127.3
1210530 1129.2
1210540 1129.4
1210550 1129.7
1210560 1129.7
1210570 1129.9
1210580 1130.2
1210590 1130.2
1210600 1130.2
1210610 1130.2
1210620 1130.9
1210630 1130.9
1210640 1131.9
1210650 1132.8
1210660 1132.8
1210670 1133.6
1210680 1134.1
1210690 1134.1
1210700 1134.7
1210710 1135.3
1210720 1135.3
1210730 1135.2
1210740 1135.3
1210750 1135.3
1210760 1135.1
1210770 1136.2
1210780 1136.2
1210790 1140.0
1210800 1143.2
1210810 1143.2
1210820 1143.4
1210830 1142.6
1210840 1142.6
1210850 1141.5
1210860 1139.4
1210870 1137.3
1210880 1137.3
1210890 1137.1
1210900 1137.5
1210910 1137.5
1210920 1137.4
1210930 1137.9
1210940 1137.9
1210950 1138.4
1210960 1138.5
1210970 1138.5
1210980 1138.9
1210990 1139.4
1211000 1140.8
1211010 1141.5
1211020 1141.4
1211030 1141.4
1211040 1141.7
1211050 1142.2
1211060 1142.2
1211070 1142.3
1211080 1142.5
1211090 1142.5
1211100 1142.7
1211110 1143.3
1211120 1143.3
1211130 1143.6
1211140 1143.5
1211150 1143.4
1211160 1143.4
1211170 1143.7
1211180 1144.3
1211190 1144.3
1211200 1144.4
1211210 1144.4
1211220 1144.4
1211230 1144.2
1211240 1144.1
1211250 1144.1
1211260 1144.3
1211270 1144.7
1211280 1144.7
1211290 1145.2
1211300 1145.6
1211310 1145.6
1211320 1146.1
1211330 1146.6
1211340 1146.6
1211350 1147.2
1211360 1147.9
1211370 1147.9
1211380 1148.3
1211390 1148.7
1211400 1148.7
1211410 1149.0
1211420 1149.1
1211430 1149.1
1211440 1149.1
1211450 1149.3
1211460 1151.0
1211470 1151.0
1211480 1151.1
1211490 1151.1
1211500 1151.1
1211510 1151.1
1211520 1151.1
1211530 1151.1
1211540 1150.5
1211550 1149.9
1211560 1149.9
1211570 1149.4
1211580 1148.5
1211590 1148.5
1211600 1147.4
1211610 1146.7
1211620 1146.7
1211630 1147.0
1211640 1147.9
1211650 1147.9
1211660 1148.6
1211670 1149.2
1211680 1149.2
1211690 1149.9
1211700 1150.4
1211710 1150.5
1211720 1150.5
1211730 1150.6
1211740 1150.3
1211750 1150.3
1211760 1149.9
1211770 1149.3
1211780 1149.3
1211790 1148.7
1211800 1148.5
1211810 1148.5
1211820 1148.5
1211830 1148.4
1211840 1148.4
1211850 1148.4
1211860 1148.3
1211870 1148.3
1211880 1148.6
1211890 1149.3
1211900 1149.3
1211910 1149.6
1211920 1149.3
1211930 1150.7
1211940 1150.0
1211950 1149.3
1211960 1149.3
1211970 1149.1
1211980 1148.9
1211990 1148.9
1212000 1148.9
1212010 1148.5
1212020 1147.8
1212030 1147.8
1212040 1147.1
1212050 1146.5
1212060 1146.5
1212070 1146.3
1212080 1146.7
1212090 1146.7
1212100 1146.9
1212110 1146.6
1212120 1146.6
1212130 1146.4
1212140 1146.2
1212150 1146.2
1212160 1145.8
1212170 1145.2
1212180 1145.2
1212190 1144.6
1212200 1144.0
1212210 1144.0
1212220 1143.7
1212230 1143.4
1212240 1143.5
1212250 1143.5
1212260 1143.9
1212270 1143.8
1212280 1143.8
1212290 1143.5
1212300 1143.3
1212310 1143.3
1212320 1143.2
1212330 1142.5
1212340 1142.5
1212350 1141.9
1212360 1141.3
1212370 1141.3
1212380 1140.7
1212390 1140.1
1212400 1141.2
1212410 1140.6
1212420 1140.1
1212430 1140.1
1212440 1139.9
1212450 1140.0
1212460 1140.0
1212470 1140.0
1212480 1139.8
1212490 1139.8
1212500 1139.5
1212510 1139.2
1212520 1138.8
1212530 1138.8
1212540 1138.0
1212550 1137.5
1212560 1137.5
1212570 1137.4
1212580 1137.6
1212590 1137.6
1212600 1137.5
1212610 1136.6
1212620 1136.6
1212630 1135.7
1212640 1135.0
1212650 1135.0
1212660 1134.2
1212670 1133.2
1212680 1133.2
1212690 1132.4
1212700 1131.6
1212710 1131.6
1212720 1130.8
1212730 1129.9
1212740 1129.9
1212750 1129.2
1212760 1128.4
1212770 1128.4
1212780 1127.5
1212790 1126.6
1212800 1125.8
1212810 1125.8
1212820 1124.9
1212830 1123.8
1212840 1123.8
1212850 1123.0
1212860 1122.4
1212870 1123.1
1212880 1122.4
1212890 1121.6
1212900 1121.6
1212910 1120.9
1212920 1120.1
1212930 1120.1
1212940 1119.4
1212950 1118.6
1212960 1118.6
1212970 1117.7
1212980 1117.0
1212990 1117.0
1213000 1116.4
1213010 1115.6
1213020 1115.6
1213030 1115.0
1213040 1114.4
1213050 1114.4
1213060 1113.8
1213070 1113.3
1213080 1112.9
1213090 1112.9
1213100 1112.5
1213110 1111.7
1213120 1111.7
1213130 1111.0
1213140 1109.9
1213150 1109.9
1213160 1109.0
1213170 1108.1
1213180 1108.1
1213190 1107.1
1213200 1106.1
1213210 1106.1
1213220 1105.2
1213230 1104.2
1213240 1104.2
1213250 1103.3
1213260 1102.4
1213270 1102.4
1213280 1101.2
1213290 1100.0
1213300 1100.0
1213310 1099.1
1213320 1098.1
1213330 1097.9
1213340 1097.3
1213350 1096.4
1213360 1095.5
1213370 1095.5
1213380 1094.8
1213390 1093.5
1213400 1093.5
1213410 1093.2
1213420 1094.0
1213430 1094.0
1213440 1094.3
1213450 1093.2
1213460 1093.2
1213470 1091.4
1213480 1090.0
1213490 1090.0
1213500 1088.8
1213510 1087.5
1213520 1087.5
1213530 1086.3
1213540 1085.4
1213550 1085.4
1213560 1084.5
1213570 1083.6
1213580 1083.6
1213590 1082.7
1213600 1081.9
1213610 1081.9
1213620 1081.2
1213630 1080.4
1213640 1079.4
1213650 1079.4
1213660 1078.7
1213670 1078.0
1213680 1078.0
1213690 1077.0
1213700 1076.3
1213710 1076.3
1213720 1075.5
1213730 1074.6
1213740 1074.6
1213750 1073.7
1213760 1072.8
1213770 1072.8
1213780 1071.8
1213790 1070.7
1213800 1071.4
1213810 1070.1
1213820 1069.4
1213830 1069.4
1213840 1069.4
1213850 1069.7
1213860 1069.7
1213870 1069.2
1213880 1069.0
1213890 1069.0
1213900 1068.7
1213910 1069.1
1213920 1069.1
1213930 1069.1
1213940 1069.0
1213950 1069.1
1213960 1069.1
1213970 1068.7
1213980 1068.0
1213990 1068.0
1214000 1067.9
1214010 1067.6
1214020 1067.6
1214030 1067.1
1214040 1066.9
1214050 1066.9
1214060 1066.7
1214070 1066.6
1214080 1066.6
1214090 1066.4
1214100 1066.1
1214110 1066.1
1214120 1065.7
1214130 1065.0
1214140 1065.0
1214150 1064.1
1214160 1063.5
1214170 1063.0
1214180 1063.0
1214190 1062.5
1214200 1062.1
1214210 1062.1
1214220 1061.8
1214230 1061.4
1214240 1061.4
1214250 1061.0
1214260 1060.7
1214270 1060.7
1214280 1059.6
1214290 1059.4
1214300 1059.4
1214310 1059.0
1214320 1058.4
1214330 1058.4
1214340 1057.8
1214350 1056.9
1214360 1056.9
1214370 1055.9
1214380 1055.8
1214390 1055.8
1214400 1056.0
1214410 1056.4
1214420 1056.4
1214430 1056.7
1214440 1057.1
1214450 1057.6
1214460 1057.6
1214470 1058.0
1214480 1058.5
1214490 1058.5
1214500 1058.9
1214510 1059.1
1214520 1059.1
1214530 1059.4
1214540 1059.8
1214550 1059.8
1214560 1060.1
1214570 1060.1
1214580 1060.1
1214590 1060.0
1214600 1059.7
1214610 1059.7
1214620 1059.4
1214630 1059.3
1214640 1059.3
1214650 1059.2
1214660 1059.1
1214670 1059.1
1214680 1058.8
1214690 1058.4
1214700 1058.4
1214710 1058.0
1214720 1057.8
1214730 1057.3
1214740 1057.3
1214750 1055.1
1214760 1054.3
1214770 1054.3
1214780 1054.0
1214790 1053.3
1214800 1053.3
1214810 1052.6
1214820 1052.2
1214830 1052.2
1214840 1051.3
1214850 1050.4
1214860 1050.4
1214870 1047.9
1214880 1043.5
1214890 1043.5
1214900 1039.3
1214910 1033.2
1214920 1033.2
1214930 1030.0
1214940 1031.8
1214950 1031.8
1214960 1034.1
1214970 1037.4
1214980 1037.4
1214990 1039.9
1215000 1041.1
1215010 1041.1
1215020 1041.1
1215030 1040.7
1215040 1040.5
1215050 1040.5
1215060 1040.4
1215070 1040.2
1215080 1040.2
1215090 1040.1
1215100 1039.8
1215110 1039.8
1215120 1039.2
1215130 1038.7
1215140 1038.7
1215150 1038.4
1215160 1038.2
1215170 1038.2
1215180 1038.0
1215190 1037.8
1215200 1037.8
1215210 1037.5
1215220 1036.0
1215230 1036.0
1215240 1035.5
1215250 1035.0
1215260 1035.0
1215270 1034.8
1215280 1034.5
1215290 1034.2
1215300 1034.2
1215310 1033.9
1215320 1033.4
1215330 1033.4
1215340 1032.6
1215350 1032.5
1215360 1032.5
1215370 1032.4
1215380 1032.2
1215390 1032.2
1215400 1031.9
1215410 1031.6
1215420 1031.6
1215430 1031.3
1215440 1031.1
1215450 1031.1
1215460 1030.8
1215470 1030.4
1215480 1030.4
1215490 1030.0
1215500 1029.5
1215510 1029.5
1215520 1028.9
1215530 1028.3
1215540 1028.3
1215550 1028.1
1215560 1028.5
1215570 1028.8
1215580 1028.8
1215590 1029.2
1215600 1029.1
1215610 1029.1
1215620 1029.0
1215630 1029.0
1215640 1029.0
1215650 1029.0
1215660 1028.7
1215670 1028.7
1215680 1028.7
1215690 1028.0
1215700 1028.0
1215710 1028.2
1215720 1028.5
1215730 1028.5
1215740 1028.5
1215750 1028.6
1215760 1028.6
1215770 1028.4
1215780 1028.3
1215790 1028.3
1215800 1028.1
1215810 1027.8
1215820 1027.6
1215830 1027.6
1215840 1027.2
1215850 1026.9
1215860 1026.9
1215870 1026.6
1215880 1026.3
1215890 1026.3
1215900 1026.1
1215910 1025.8
1215920 1025.8
1215930 1025.7
1215940 1025.1
1215950 1025.1
1215960 1024.6
1215970 1024.2
1215980 1024.2
1215990 1023.7
1216000 1023.2
1216010 1023.2
1216020 1022.7
1216030 1022.0
1216040 1022.0
1216050 1021.4
1216060 1020.7
1216070 1020.7
1216080 1020.1
1216090 1019.2
1216100 1018.2
1216110 1018.2
1216120 1017.5
1216130 1016.9
1216140 1016.9
1216150 1016.1
1216160 1015.4
1216170 1015.5
1216180 1014.8
1216190 1014.1
1216200 1014.1
1216210 1013.2
1216220 1012.5
1216230 1012.5
1216240 1011.9
1216250 1011.4
1216260 1011.4
1216270 1010.8
1216280 1010.2
1216290 1010.2
1216300 1009.7
1216310 1009.3
1216320 1009.3
1216330 1009.0
1216340 1008.7
1216350 1008.7
1216360 1008.2
1216370 1007.8
1216380 1007.4
1216390 1007.4
1216400 1007.1
1216410 1006.7
1216420 1006.7
1216430 1006.5
1216440 1006.4
1216450 1006.4
1216460 1006.3
1216470 1006.4
1216480 1006.4
1216490 1006.3
1216500 1006.1
1216510 1006.1
1216520 1006.0
1216530 1005.9
1216540 1005.9
1216550 1005.8
1216560 1005.7
1216570 1005.7
1216580 1005.7
1216590 1005.6
1216600 1005.6
1216610 1005.5
1216620 1005.2
1216630 1005.2
1216640 1004.0
1216650 1003.4
1216660 1002.9
1216670 1002.9
1216680 1002.3
1216690 1001.9
1216700 1001.9
1216710 1001.6
1216720 1001.4
1216730 1001.4
1216740 1001.1
1216750 1000.8
1216760 1000.8
1216770 1000.4
1216780 1000.0
1216790 1000.0
1216800 999.7
1216810 999.5
1216820 999.5
1216830 999.2
1216840 999.0
1216850 999.0
1216860 998.9
1216870 998.4
1216880 998.4
1216890 997.9
1216900 997.3
1216910 997.3
1216920 996.7
1216930 996.2
1216940 995.6
1216950 995.6
1216960 995.1
1216970 994.7
1216980 994.7
1216990 994.4
1217000 994.2
1217010 994.2
1217020 993.8
1217030 993.4
1217040 993.4
1217050 993.3
1217060 993.0
1217070 993.0
1217080 992.7
1217090 992.7
1217100 992.7
1217110 992.4
1217120 993.5
1217130 993.5
1217140 993.2
1217150 992.4
1217160 992.4
1217170 991.4
1217180 990.2
1217190 990.2
1217200 988.9
1217210 987.4
1217220 986.1
1217230 986.1
1217240 984.7
1217250 983.0
1217260 983.0
1217270 981.4
1217280 979.8
1217290 979.8
1217300 978.0
1217310 976.3
1217320 976.3
1217330 975.2
1217340 973.6
1217350 973.6
1217360 972.1
1217370 970.7
1217380 970.7
1217390 969.0
1217400 967.8
1217410 967.8
1217420 968.3
1217430 972.3
1217440 972.3
1217450 976.7
1217460 979.4
1217470 980.4
1217480 980.4
1217490 980.3
1217500 980.7
1217510 980.7
1217520 982.7
1217530 983.2
1217540 983.2
1217550 981.2
1217560 979.7
1217570 979.7
1217580 979.2
1217590 978.1
1217600 978.1
1217610 977.6
1217620 977.0
1217630 977.0
1217640 976.3
1217650 975.6
1217660 975.6
1217670 975.2
1217680 974.8
1217690 974.8
1217700 974.2
1217710 973.5
1217720 973.5
1217730 972.8
1217740 972.1
1217750 971.4
1217760 971.4
1217770 970.7
1217780 969.8
1217790 969.8
1217800 968.9
1217810 967.7
1217820 967.7
1217830 966.7
1217840 965.6
1217850 965.6
1217860 964.5
1217870 963.3
1217880 963.3
1217890 961.9
1217900 960.5
1217910 960.5
1217920 959.1
1217930 957.6
1217940 957.6
1217950 955.7
1217960 952.2
1217970 952.2
1217980 948.8
1217990 945.7
1218000 945.7
1218010 942.9
1218020 941.2
1218030 941.3
1218040 941.3
1218050 943.2
1218060 944.7
1218070 947.3
1218080 945.4
1218090 944.9
1218100 944.9
1218110 944.9
1218120 944.0
1218130 944.0
1218140 942.8
1218150 941.6
1218160 941.6
1218170 939.9
1218180 937.8
1218190 937.8
1218200 935.1
1218210 934.3
1218220 934.3
1218230 934.1
1218240 933.5
1218250 933.5
1218260 932.9
1218270 932.1
1218280 932.1
1218290 931.7
1218300 931.1
1218310 931.0
1218320 931.0
1218330 931.0
1218340 931.0
1218350 931.0
1218360 930.7
1218370 930.0
1218380 930.0
1218390 930.2
1218400 931.5
1218410 931.5
1218420 932.4
1218430 932.9
1218440 932.9
1218450 933.8
1218460 934.7
1218470 934.7
1218480 935.4
1218490 935.8
1218500 935.8
1218510 936.3
1218520 936.6
1218530 936.6
1218540 936.8
1218550 937.7
1218560 937.7
1218570 937.8
1218580 938.0
1218590 938.0
1218600 938.0
1218610 937.9
1218620 937.6
1218630 937.6
1218640 937.5
1218650 937.5
1218660 937.5
1218670 937.3
1218680 937.2
1218690 937.2
1218700 937.1
1218710 937.1
1218720 937.1
1218730 936.9
1218740 936.5
1218750 936.5
1218760 936.2
1218770 935.7
1218780 935.7
1218790 935.0
1218800 934.5
1218810 934.5
1218820 934.0
1218830 933.4
1218840 933.4
1218850 933.2
1218860 933.6
1218870 933.2
1218880 933.2
1218890 932.3
1218900 931.8
1218910 931.8
1218920 931.9
1218930 931.3
1218940 931.3
1218950 930.6
1218960 929.5
1218970 929.5
1218980 929.2
1218990 929.2
1219000 929.2
1219010 928.4
1219020 928.1
1219030 928.2
1219040 927.7
1219050 926.6
1219060 926.6
1219070 926.7
1219080 926.9
1219090 926.9
1219100 925.3
1219110 924.3
1219120 923.8
1219130 923.8
1219140 923.5
1219150 923.2
1219160 923.2
1219170 922.6
1219180 921.2
1219190 921.2
1219200 920.8
1219210 919.8
1219220 919.8
1219230 919.1
1219240 918.5
1219250 918.5
1219260 918.2
1219270 917.3
1219280 917.3
1219290 915.9
1219300 914.3
1219310 914.3
1219320 912.5
1219330 911.6
1219340 911.6
1219350 910.2
1219360 908.0
1219370 908.0
1219380 907.6
1219390 906.7
1219400 904.5
1219410 904.5
1219420 902.6
1219430 901.8
1219440 901.8
1219450 900.0
1219460 899.0
1219470 899.0
1219480 897.9
1219490 896.5
1219500 896.5
1219510 894.8
1219520 894.2
1219530 894.2
1219540 893.9
1219550 892.7
1219560 892.7
1219570 891.3
1219580 889.9
1219590 889.9
1219600 888.5
1219610 887.5
1219620 887.5
1219630 886.4
1219640 885.7
1219650 885.7
1219660 885.7
1219670 886.1
1219680 886.4
1219690 886.4
1219700 886.4
1219710 886.5
1219720 886.5
1219730 886.6
1219740 886.8
1219750 886.8
1219760 887.5
1219770 888.3
1219780 888.3
1219790 888.5
1219800 888.5
1219810 888.5
1219820 888.4
1219830 888.6
1219840 888.6
1219850 888.7
1219860 888.7
1219870 888.7
1219880 888.5
1219890 887.9
1219900 887.9
1219910 887.6
1219920 887.3
1219930 887.3
1219940 886.9
1219950 886.6
1219960 886.3
1219970 886.3
1219980 886.0
1219990 886.6
