1200000 1743.6
1200010 1740.8
1200020 1740.8
1200030 1737.9
1200040 1734.6
1200050 1734.6
1200060 1731.8
1200070 1730.8
1200080 1730.8
1200090 1729.5
1200100 1728.4
1200110 1730.0
1200120 1730.0
1200130 1730.4
1200140 1729.2
1200150 1729.2
1200160 1728.7
1200170 1728.1
1200180 1728.1
1200190 1726.2
1200200 1723.7
1200210 1723.7
1200220 1721.3
1200230 1719.2
1200240 1719.2
1200250 1717.4
1200260 1715.0
1200270 1715.0
1200280 1712.2
1200290 1710.0
1200300 1710.0
1200310 1708.3
1200320 1705.2
1200330 1705.2
1200340 1701.1
1200350 1697.6
1200360 1700.5
1200370 1698.0
1200380 1694.6
1200390 1689.6
1200400 1689.6
1200410 1682.8
1200420 1675.7
1200430 1675.7
1200440 1668.6
1200450 1661.5
1200460 1661.5
1200470 1654.3
1200480 1646.9
1200490 1646.9
1200500 1640.6
1200510 1635.5
1200520 1635.5
1200530 1630.8
1200540 1626.9
1200550 1626.9
1200560 1622.9
1200570 1619.4
1200580 1619.4
1200590 1616.6
1200600 1614.6
1200610 1614.6
1200620 1613.3
1200630 1612.1
1200640 1612.1
1200650 1610.4
1200660 1608.4
1200670 1605.9
1200680 1605.9
1200690 1602.1
1200700 1599.3
1200710 1599.3
1200720 1597.2
1200730 1592.6
1200740 1592.6
1200750 1589.7
1200760 1586.0
1200770 1586.0
1200780 1587.2
1200790 1586.2
1200800 1586.2
1200810 1590.4
1200820 1588.2
1200830 1588.2
1200840 1585.9
1200850 1583.6
1200860 1583.6
1200870 1581.7
1200880 1574.9
1200890 1574.9
1200900 1568.8
1200910 1571.7
1200920 1577.5
1200930 1577.5
1200940 1578.6
1200950 1572.8
1200960 1572.8
1200970 1565.9
1200980 1559.7
1200990 1559.7
1201000 1554.4
1201010 1556.5
1201020 1556.5
1201030 1562.8
1201040 1561.4
1201050 1561.4
1201060 1557.3
1201070 1553.3
1201080 1553.3
1201090 1550.0
1201100 1543.4
1201110 1543.4
1201120 1535.3
1201130 1527.6
1201140 1527.6
1201150 1520.9
1201160 1515.8
1201170 1515.8
1201180 1514.5
1201190 1516.2
1201200 1514.9
1201210 1514.9
1201220 1507.2
1201230 1499.4
1201240 1499.4
1201250 1491.6
1201260 1491.1
1201270 1491.1
1201280 1485.7
1201290 1482.8
1201300 1482.8
1201310 1485.7
1201320 1485.0
1201330 1485.0
1201340 1486.4
1201350 1489.1
1201360 1489.1
1201370 1482.6
1201380 1472.9
1201390 1472.9
1201400 1473.0
1201410 1477.7
1201420 1477.7
1201430 1480.5
1201440 1484.4
1201450 1484.4
1201460 1489.5
1201470 1493.6
1201480 1498.4
1201490 1498.4
1201500 1498.7
1201510 1494.8
1201520 1494.8
1201530 1490.6
1201540 1491.5
1201550 1491.5
1201560 1490.7
1201570 1487.8
1201580 1487.8
1201590 1490.0
1201600 1490.3
1201610 1490.3
1201620 1489.4
1201630 1488.2
1201640 1488.2
1201650 1488.8
1201660 1487.1
1201670 1487.1
1201680 1486.9
1201690 1486.0
1201700 1486.0
1201710 1490.5
1201720 1491.4
1201730 1491.4
1201740 1490.9
1201750 1490.6
1201760 1488.7
1201770 1488.7
1201780 1486.3
1201790 1483.8
1201800 1483.8
1201810 1483.9
1201820 1485.6
1201830 1485.6
1201840 1485.0
1201850 1481.5
1201860 1481.5
1201870 1477.4
1201880 1475.9
1201890 1475.9
1201900 1477.7
1201910 1479.9
1201920 1479.9
1201930 1482.4
1201940 1483.6
1201950 1483.6
1201960 1483.3
1201970 1480.0
1201980 1480.0
1201990 1475.2
1202000 1468.9
1202010 1468.9
1202020 1460.2
1202030 1451.8
1202040 1445.0
1202050 1445.0
1202060 1438.7
1202070 1432.6
1202080 1432.6
1202090 1426.8
1202100 1421.5
1202110 1421.5
1202120 1415.3
1202130 1407.9
1202140 1407.9
1202150 1399.6
1202160 1390.9
1202170 1390.9
1202180 1382.4
1202190 1374.0
1202200 1374.0
1202210 1365.4
1202220 1357.2
1202230 1357.2
1202240 1349.2
1202250 1341.9
1202260 1341.9
1202270 1334.8
1202280 1327.3
1202290 1327.3
1202300 1319.8
1202310 1310.9
1202320 1301.6
1202330 1301.6
1202340 1292.3
1202350 1280.3
1202360 1280.3
1202370 1265.9
1202380 1255.5
1202390 1255.5
1202400 1259.2
1202410 1272.1
1202420 1272.1
1202430 1280.7
1202440 1285.1
1202450 1285.1
1202460 1287.0
1202470 1286.1
1202480 1286.1
1202490 1291.1
1202500 1300.6
1202510 1300.6
1202520 1309.7
1202530 1318.3
1202540 1318.3
1202550 1325.9
1202560 1332.4
1202570 1332.4
1202580 1338.2
1202590 1343.7
1202600 1347.5
1202610 1351.5
1202620 1355.1
1202630 1358.0
1202640 1358.0
1202650 1360.4
1202660 1362.6
1202670 1362.6
1202680 1365.6
1202690 1368.3
1202700 1368.3
1202710 1367.2
1202720 1364.8
1202730 1364.8
1202740 1364.8
1202750 1364.3
1202760 1364.3
1202770 1366.3
1202780 1363.0
1202790 1363.0
1202800 1358.4
1202810 1358.1
1202820 1358.1
1202830 1357.9
1202840 1359.5
1202850 1359.5
1202860 1361.2
1202870 1362.7
1202880 1364.0
1202890 1364.0
1202900 1365.5
1202910 1367.8
1202920 1367.8
1202930 1364.5
1202940 1363.8
1202950 1363.8
1202960 1363.5
1202970 1363.2
1202980 1363.2
1202990 1365.9
1203000 1370.3
1203010 1370.3
1203020 1372.8
1203030 1371.8
1203040 1371.8
1203050 1371.8
1203060 1374.4
1203070 1378.6
1203080 1375.3
1203090 1372.3
1203100 1372.3
1203110 1375.2
1203120 1377.4
1203130 1377.4
1203140 1377.8
1203150 1378.5
1203160 1378.0
1203170 1378.0
1203180 1378.5
1203190 1376.1
1203200 1376.1
1203210 1374.2
1203220 1376.8
1203230 1376.8
1203240 1377.6
1203250 1377.4
1203260 1377.4
1203270 1377.7
1203280 1376.9
1203290 1376.9
1203300 1374.2
1203310 1369.7
1203320 1369.7
1203330 1363.7
1203340 1356.2
1203350 1356.2
1203360 1348.1
1203370 1341.3
1203380 1341.3
1203390 1332.7
1203400 1326.2
1203410 1326.2
1203420 1329.4
1203430 1335.8
1203440 1344.9
1203450 1344.9
1203460 1353.5
1203470 1362.0
1203480 1362.0
1203490 1369.6
1203500 1374.7
1203510 1374.7
1203520 1384.2
1203530 1388.9
1203540 1388.9
1203550 1396.2
1203560 1402.7
1203570 1402.7
1203580 1409.4
1203590 1416.6
1203600 1416.6
1203610 1424.2
1203620 1433.3
1203630 1433.3
1203640 1442.8
1203650 1453.0
1203660 1453.0
1203670 1460.1
1203680 1462.7
1203690 1462.7
1203700 1464.8
1203710 1466.8
1203720 1469.2
1203730 1469.2
1203740 1470.7
1203750 1471.0
1203760 1471.0
1203770 1471.0
1203780 1470.7
1203790 1470.7
1203800 1467.9
1203810 1465.0
1203820 1465.0
1203830 1466.4
1203840 1470.7
1203850 1470.7
1203860 1474.8
1203870 1475.2
1203880 1475.2
1203890 1473.5
1203900 1473.2
1203910 1473.2
1203920 1473.5
1203930 1474.6
1203940 1474.6
1203950 1476.8
1203960 1478.2
1203970 1480.6
1203980 1480.9
1203990 1481.4
1204000 1481.7
1204010 1481.7
1204020 1482.9
1204030 1482.7
1204040 1482.7
1204050 1482.8
1204060 1486.3
1204070 1486.3
1204080 1490.8
1204090 1493.3
1204100 1493.3
1204110 1493.9
1204120 1494.8
1204130 1494.8
1204140 1496.5
1204150 1499.2
1204160 1499.2
1204170 1502.5
1204180 1506.6
1204190 1506.6
1204200 1511.2
1204210 1517.1
1204220 1517.1
1204230 1520.4
1204240 1520.9
1204250 1518.3
1204260 1518.3
1204270 1514.4
1204280 1512.6
1204290 1512.6
1204300 1511.8
1204310 1508.5
1204320 1508.5
1204330 1504.8
1204340 1502.5
1204350 1502.5
1204360 1500.5
1204370 1499.0
1204380 1499.0
1204390 1497.7
1204400 1494.6
1204410 1494.6
1204420 1489.7
1204430 1487.2
1204440 1487.2
1204450 1484.3
1204460 1482.9
1204470 1482.9
1204480 1480.9
1204490 1477.9
1204500 1477.9
1204510 1477.5
1204520 1477.4
1204530 1477.1
1204540 1477.1
1204550 1476.1
1204560 1474.2
1204570 1474.2
1204580 1470.8
1204590 1466.1
1204600 1466.1
1204610 1462.4
1204620 1459.3
1204630 1459.3
1204640 1455.8
1204650 1451.8
1204660 1451.8
1204670 1445.6
1204680 1438.2
1204690 1438.2
1204700 1433.8
1204710 1431.4
1204720 1431.4
1204730 1428.7
1204740 1425.3
1204750 1425.3
1204760 1422.0
1204770 1418.0
1204780 1418.0
1204790 1413.2
1204800 1409.2
1204810 1403.5
1204820 1403.5
1204830 1397.8
1204840 1392.6
1204850 1392.6
1204860 1391.3
1204870 1388.7
1204880 1387.6
1204890 1383.3
1204900 1376.6
1204910 1376.6
1204920 1369.1
1204930 1360.8
1204940 1360.8
1204950 1354.4
1204960 1351.4
1204970 1351.4
1204980 1352.9
1204990 1353.3
1205000 1353.3
1205010 1351.7
1205020 1348.0
1205030 1348.0
1205040 1344.8
1205050 1343.1
1205060 1343.1
1205070 1340.5
1205080 1337.1
1205090 1333.1
1205100 1333.1
1205110 1328.6
1205120 1323.1
1205130 1323.1
1205140 1317.8
1205150 1312.4
1205160 1312.4
1205170 1305.3
1205180 1300.6
1205190 1300.6
1205200 1297.7
1205210 1297.6
1205220 1297.6
1205230 1298.0
1205240 1297.4
1205250 1297.4
1205260 1292.9
1205270 1279.2
1205280 1279.2
1205290 1266.6
1205300 1259.7
1205310 1259.7
1205320 1254.7
1205330 1251.3
1205340 1253.9
1205350 1249.9
1205360 1245.9
1205370 1241.4
1205380 1241.4
1205390 1236.0
1205400 1229.8
1205410 1229.8
1205420 1223.9
1205430 1219.3
1205440 1219.3
1205450 1214.9
1205460 1210.0
1205470 1210.0
1205480 1204.9
1205490 1199.4
1205500 1199.4
1205510 1194.2
1205520 1193.1
1205530 1193.1
1205540 1191.6
1205550 1189.4
1205560 1189.4
1205570 1189.4
1205580 1187.7
1205590 1187.7
1205600 1184.9
1205610 1180.1
1205620 1180.1
1205630 1170.1
1205640 1153.1
1205650 1143.0
1205660 1143.0
1205670 1136.7
1205680 1133.4
1205690 1133.4
1205700 1129.5
1205710 1124.4
1205720 1124.4
1205730 1116.3
1205740 1106.3
1205750 1106.3
1205760 1094.4
1205770 1077.3
1205780 1077.3
1205790 1057.3
1205800 1040.1
1205810 1040.1
1205820 1028.2
1205830 1017.3
1205840 1017.3
1205850 1012.5
1205860 1010.8
1205870 1010.8
1205880 1006.4
1205890 999.3
1205900 999.3
1205910 990.8
1205920 983.3
1205930 982.1
1205940 982.1
1205950 995.9
1205960 1005.6
1205970 1005.6
1205980 1001.2
1205990 991.9
1206000 991.9
1206010 978.5
1206020 958.2
1206030 958.2
1206040 941.8
1206050 929.9
1206060 929.9
1206070 920.4
1206080 909.5
1206090 909.5
1206100 899.1
1206110 890.5
1206120 890.5
1206130 878.7
1206140 862.4
1206150 862.4
1206160 855.9
1206170 851.7
1206180 851.7
1206190 846.5
1206200 841.4
1206210 841.0
1206220 841.0
1206230 838.3
1206240 834.8
1206250 839.8
1206260 835.6
1206270 831.2
1206280 831.2
1206290 827.9
1206300 828.2
1206310 828.2
1206320 828.5
1206330 828.4
1206340 828.4
1206350 828.5
1206360 828.6
1206370 828.6
1206380 828.8
1206390 829.5
1206400 829.5
1206410 829.8
1206420 829.1
1206430 829.1
1206440 829.2
1206450 827.8
1206460 827.8
1206470 827.5
1206480 827.5
1206490 827.3
1206500 827.3
1206510 827.1
1206520 827.2
1206530 827.2
1206540 827.3
1206550 826.6
1206560 826.6
1206570 826.6
1206580 826.6
1206590 826.6
1206600 826.6
1206610 826.7
1206620 826.7
1206630 827.0
1206640 827.1
1206650 827.1
1206660 827.2
1206670 827.0
1206680 827.0
1206690 826.9
1206700 826.7
1206710 826.5
1206720 826.6
1206730 827.7
1206740 827.7
1206750 829.0
1206760 829.8
1206770 830.3
1206780 830.3
1206790 831.7
1206800 832.8
1206810 832.8
1206820 833.7
1206830 836.0
1206840 836.0
1206850 838.7
1206860 839.1
1206870 839.1
1206880 838.9
1206890 838.3
1206900 838.3
1206910 837.6
1206920 837.3
1206930 837.3
1206940 837.3
1206950 837.4
1206960 837.4
1206970 837.7
1206980 838.1
1206990 838.1
1207000 838.5
1207010 839.3
1207020 839.3
1207030 839.1
1207040 839.2
1207050 839.3
1207060 839.3
1207070 839.8
1207080 839.8
1207090 839.8
1207100 838.9
1207110 838.6
1207120 838.6
1207130 838.4
1207140 838.5
1207150 838.5
1207160 838.6
1207170 838.7
1207180 838.7
1207190 839.0
1207200 839.2
1207210 839.2
1207220 839.6
1207230 839.8
1207240 839.8
1207250 840.3
1207260 841.1
1207270 841.1
1207280 842.0
1207290 842.5
1207300 842.5
1207310 843.0
1207320 843.3
1207330 843.5
1207340 843.5
1207350 843.6
1207360 844.1
1207370 844.1
1207380 844.6
1207390 844.6
1207400 844.6
1207410 844.9
1207420 845.1
1207430 845.1
1207440 845.4
1207450 845.8
1207460 845.8
1207470 846.1
1207480 846.4
1207490 846.4
1207500 846.9
1207510 847.4
1207520 847.4
1207530 847.9
1207540 848.3
1207550 848.3
1207560 848.7
1207570 849.2
1207580 849.2
1207590 849.8
1207600 850.4
1207610 851.4
1207620 851.4
1207630 849.6
1207640 849.8
1207650 849.8
1207660 850.2
1207670 850.5
1207680 850.5
1207690 851.1
1207700 851.3
1207710 851.3
1207720 851.6
1207730 852.0
1207740 852.0
1207750 852.4
1207760 852.8
1207770 852.8
1207780 853.3
1207790 853.8
1207800 853.8
1207810 854.3
1207820 854.8
1207830 854.8
1207840 855.4
1207850 855.8
1207860 855.8
1207870 856.0
1207880 856.4
1207890 856.8
1207900 856.8
1207910 857.3
1207920 857.8
1207930 857.8
1207940 858.1
1207950 858.4
1207960 858.4
1207970 858.9
1207980 859.4
1207990 859.4
1208000 859.8
1208010 860.2
1208020 860.2
1208030 860.2
1208040 860.1
1208050 860.1
1208060 860.7
1208070 861.2
1208080 861.2
1208090 862.5
1208100 863.3
1208110 863.3
1208120 863.6
1208130 864.0
1208140 864.8
1208150 864.8
1208160 865.8
1208170 866.4
1208180 866.4
1208190 867.0
1208200 867.6
1208210 867.6
1208220 868.2
1208230 868.5
1208240 868.5
1208250 869.1
1208260 869.7
1208270 869.7
1208280 870.2
1208290 871.2
1208300 871.2
1208310 872.8
1208320 873.3
1208330 873.3
1208340 874.3
1208350 875.4
1208360 875.4
1208370 876.6
1208380 878.2
1208390 878.2
1208400 879.4
1208410 881.0
1208420 882.0
1208430 882.0
1208440 883.3
1208450 885.3
1208460 885.3
1208470 887.5
1208480 889.7
1208490 889.7
1208500 892.0
1208510 894.2
1208520 894.2
1208530 897.7
1208540 899.8
1208550 902.5
1208560 904.2
1208570 907.8
1208580 907.8
1208590 911.9
1208600 917.1
1208610 917.1
1208620 920.9
1208630 923.2
1208640 923.2
1208650 925.3
1208660 928.3
1208670 928.3
1208680 931.4
1208690 934.1
1208700 937.6
1208710 937.6
1208720 942.7
1208730 946.3
1208740 946.3
1208750 948.3
1208760 949.7
1208770 949.7
1208780 951.0
1208790 952.6
1208800 952.6
1208810 954.8
1208820 960.3
1208830 960.3
1208840 964.6
1208850 967.7
1208860 967.7
1208870 971.7
1208880 974.5
1208890 974.5
1208900 974.7
1208910 975.4
1208920 975.4
1208930 975.5
1208940 975.3
1208950 975.3
1208960 976.7
1208970 979.2
1208980 978.6
1208990 978.6
1209000 974.0
1209010 972.7
1209020 972.7
1209030 969.9
1209040 969.8
1209050 969.8
1209060 969.3
1209070 966.1
1209080 966.1
1209090 964.9
1209100 964.7
1209110 964.7
1209120 963.8
1209130 961.3
1209140 961.3
1209150 956.7
1209160 952.6
1209170 952.6
1209180 950.0
1209190 950.1
1209200 950.1
1209210 954.2
1209220 956.2
1209230 956.2
1209240 955.8
1209250 955.6
1209260 956.8
1209270 956.8
1209280 958.5
1209290 959.9
1209300 959.9
1209310 960.6
1209320 958.9
1209330 958.9
1209340 955.1
1209350 953.9
1209360 953.9
1209370 951.2
1209380 949.8
1209390 949.8
1209400 949.6
1209410 949.7
1209420 949.7
1209430 949.8
1209440 949.5
1209450 949.5
1209460 949.2
1209470 948.7
1209480 951.7
1209490 951.2
1209500 950.3
1209510 950.3
1209520 950.0
1209530 949.2
1209540 948.4
1209550 948.4
1209560 947.8
1209570 947.4
1209580 947.4
1209590 948.0
1209600 948.8
1209610 948.8
1209620 949.4
1209630 949.8
1209640 949.8
1209650 949.8
1209660 949.6
1209670 949.6
1209680 949.8
1209690 950.8
1209700 950.8
1209710 952.1
1209720 953.4
1209730 953.4
1209740 954.7
1209750 956.1
1209760 956.1
1209770 958.1
1209780 960.4
1209790 960.4
1209800 963.4
1209810 966.8
1209820 969.5
1209830 969.5
1209840 971.9
1209850 974.8
1209860 974.8
1209870 978.4
1209880 982.0
1209890 982.0
1209900 985.7
1209910 988.9
1209920 988.9
1209930 992.5
1209940 993.7
1209950 993.7
1209960 996.1
1209970 997.6
1209980 997.6
1209990 998.0
1210000 998.4
1210010 998.4
1210020 998.0
1210030 997.8
1210040 997.8
1210050 997.6
1210060 997.3
1210070 997.3
1210080 997.2
1210090 996.3
1210100 994.0
1210110 994.0
1210120 994.3
1210130 995.7
1210140 995.7
1210150 996.4
1210160 997.6
1210170 997.6
1210180 1000.1
1210190 1002.9
1210200 1002.9
1210210 1005.7
1210220 1010.9
1210230 1010.9
1210240 1016.4
1210250 1021.3
1210260 1021.3
1210270 1026.9
1210280 1031.9
1210290 1031.9
1210300 1031.8
1210310 1027.7
1210320 1027.7
1210330 1023.1
1210340 1019.2
1210350 1019.2
1210360 1018.3
1210370 1018.1
1210380 1019.0
1210390 1019.0
1210400 1022.9
1210410 1024.9
1210420 1024.9
1210430 1027.9
1210440 1031.9
1210450 1031.9
1210460 1036.0
1210470 1040.5
1210480 1040.5
1210490 1044.3
1210500 1046.2
1210510 1046.2
1210520 1047.2
1210530 1047.8
1210540 1047.8
1210550 1048.4
1210560 1049.7
1210570 1049.7
1210580 1050.8
1210590 1049.7
1210600 1049.7
1210610 1047.5
1210620 1048.7
1210630 1048.7
1210640 1052.0
1210650 1054.7
1210660 1057.2
1210670 1057.2
1210680 1059.4
1210690 1060.2
1210700 1060.2
1210710 1060.5
1210720 1060.6
1210730 1060.6
1210740 1060.1
1210750 1058.7
1210760 1058.7
1210770 1057.7
1210780 1057.6
1210790 1057.6
1210800 1057.7
1210810 1057.9
1210820 1057.9
1210830 1058.0
1210840 1058.6
1210850 1058.6
1210860 1059.0
1210870 1060.4
1210880 1060.4
1210890 1061.0
1210900 1061.3
1210910 1061.3
1210920 1061.4
1210930 1061.4
1210940 1061.0
1210950 1061.0
1210960 1060.4
1210970 1059.6
1210980 1059.6
1210990 1059.6
1211000 1059.8
1211010 1059.8
1211020 1059.6
1211030 1059.3
1211040 1059.3
1211050 1058.9
1211060 1058.8
1211070 1058.8
1211080 1059.3
1211090 1059.9
1211100 1059.9
1211110 1061.1
1211120 1062.6
1211130 1062.6
1211140 1064.4
1211150 1066.2
1211160 1066.2
1211170 1068.0
1211180 1069.7
1211190 1069.7
1211200 1071.9
1211210 1073.7
1211220 1074.4
1211230 1074.4
1211240 1076.1
1211250 1076.9
1211260 1076.9
1211270 1078.1
1211280 1079.4
1211290 1079.4
1211300 1080.1
1211310 1080.5
1211320 1080.5
1211330 1080.4
1211340 1081.3
1211350 1081.3
1211360 1082.2
1211370 1082.8
1211380 1082.8
1211390 1083.1
1211400 1083.2
1211410 1083.2
1211420 1083.9
1211430 1084.8
1211440 1084.8
1211450 1085.5
1211460 1085.8
1211470 1086.0
1211480 1086.0
1211490 1086.4
1211500 1087.2
1211510 1087.2
1211520 1087.9
1211530 1088.5
1211540 1088.5
1211550 1088.5
1211560 1088.7
1211570 1088.7
1211580 1088.9
1211590 1088.5
1211600 1088.5
1211610 1087.8
1211620 1086.9
1211630 1086.9
1211640 1086.3
1211650 1086.4
1211660 1086.4
1211670 1086.7
1211680 1087.2
1211690 1087.2
1211700 1087.7
1211710 1088.4
1211720 1088.4
1211730 1089.1
1211740 1089.6
1211750 1090.0
1211760 1090.0
1211770 1090.7
1211780 1091.5
1211790 1091.5
1211800 1091.8
1211810 1092.4
1211820 1092.4
1211830 1092.9
1211840 1093.4
1211850 1093.4
1211860 1094.0
1211870 1094.5
1211880 1094.5
1211890 1095.2
1211900 1095.8
1211910 1095.8
1211920 1096.3
1211930 1096.8
1211940 1096.8
1211950 1097.2
1211960 1097.6
1211970 1097.6
1211980 1098.2
1211990 1098.9
1212000 1098.9
1212010 1099.2
1212020 1099.7
1212030 1100.5
1212040 1100.5
1212050 1100.9
1212060 1101.0
1212070 1101.0
1212080 1101.5
1212090 1102.2
1212100 1102.2
1212110 1102.7
1212120 1103.1
1212130 1103.1
1212140 1103.5
1212150 1103.8
1212160 1103.8
1212170 1104.1
1212180 1104.5
1212190 1104.5
1212200 1105.0
1212210 1105.3
1212220 1105.3
1212230 1105.6
1212240 1106.0
1212250 1106.0
1212260 1106.6
1212270 1106.5
1212280 1106.5
1212290 1106.6
1212300 1106.6
1212310 1106.8
1212320 1106.8
1212330 1107.0
1212340 1107.4
1212350 1107.4
1212360 1107.8
1212370 1108.3
1212380 1108.3
1212390 1108.8
1212400 1109.0
1212410 1109.0
1212420 1109.2
1212430 1109.4
1212440 1109.4
1212450 1109.4
1212460 1109.5
1212470 1109.5
1212480 1109.5
1212490 1109.9
1212500 1109.9
1212510 1110.6
1212520 1111.4
1212530 1111.4
1212540 1112.1
1212550 1112.9
1212560 1112.9
1212570 1113.8
1212580 1114.6
1212590 1115.2
1212600 1115.2
1212610 1115.8
1212620 1116.6
1212630 1116.6
1212640 1117.1
1212650 1117.5
1212660 1117.5
1212670 1117.9
1212680 1118.2
1212690 1118.2
1212700 1118.5
1212710 1118.8
1212720 1118.8
1212730 1119.1
1212740 1118.7
1212750 1118.7
1212760 1118.9
1212770 1119.1
1212780 1119.1
1212790 1119.0
1212800 1119.0
1212810 1119.0
1212820 1119.1
1212830 1119.1
1212840 1119.1
1212850 1119.1
1212860 1119.1
1212870 1119.2
1212880 1119.2
1212890 1119.4
1212900 1119.4
1212910 1119.4
1212920 1119.4
1212930 1119.7
1212940 1119.7
1212950 1120.0
1212960 1120.7
1212970 1120.7
1212980 1120.8
1212990 1119.9
1213000 1119.9
1213010 1119.1
1213020 1118.7
1213030 1118.7
1213040 1118.2
1213050 1117.8
1213060 1117.8
1213070 1117.0
1213080 1116.2
1213090 1116.2
1213100 1115.2
1213110 1115.0
1213120 1115.0
1213130 1114.9
1213140 1114.7
1213150 1114.4
1213160 1114.4
1213170 1114.1
1213180 1113.8
1213190 1113.8
1213200 1113.7
1213210 1114.0
1213220 1114.0
1213230 1113.7
1213240 1112.3
1213250 1112.3
1213260 1111.3
1213270 1110.3
1213280 1110.3
1213290 1110.9
1213300 1114.1
1213310 1114.1
1213320 1115.6
1213330 1116.5
1213340 1116.5
1213350 1117.3
1213360 1118.0
1213370 1118.0
1213380 1118.6
1213390 1118.9
1213400 1118.9
1213410 1119.2
1213420 1119.9
1213430 1120.4
1213440 1120.4
1213450 1120.5
1213460 1120.9
1213470 1120.9
1213480 1121.2
1213490 1121.4
1213500 1121.4
1213510 1121.5
1213520 1121.7
1213530 1121.7
1213540 1121.8
1213550 1122.1
1213560 1122.1
1213570 1122.5
1213580 1122.6
1213590 1122.6
1213600 1122.8
1213610 1122.9
1213620 1122.9
1213630 1123.0
1213640 1123.4
1213650 1123.4
1213660 1123.8
1213670 1123.2
1213680 1123.2
1213690 1123.4
1213700 1123.4
1213710 1123.3
1213720 1123.3
1213730 1122.9
1213740 1123.0
1213750 1123.0
1213760 1123.8
1213770 1124.2
1213780 1124.2
1213790 1124.0
1213800 1124.0
1213810 1124.0
1213820 1123.9
1213830 1123.5
1213840 1123.5
1213850 1122.9
1213860 1122.7
1213870 1122.7
1213880 1122.7
1213890 1122.7
1213900 1122.7
1213910 1122.6
1213920 1122.0
1213930 1122.0
1213940 1118.6
1213950 1115.7
1213960 1115.7
1213970 1113.5
1213980 1111.8
1213990 1109.9
1214000 1109.9
1214010 1108.8
1214020 1110.8
1214030 1110.8
1214040 1118.2
1214050 1119.8
1214060 1119.8
1214070 1118.6
1214080 1117.4
1214090 1117.4
1214100 1117.2
1214110 1117.2
1214120 1117.2
1214130 1118.2
1214140 1117.2
1214150 1117.2
1214160 1116.8
1214170 1117.2
1214180 1117.2
1214190 1117.5
1214200 1118.5
1214210 1118.5
1214220 1119.6
1214230 1121.0
1214240 1122.5
1214250 1122.5
1214260 1123.7
1214270 1124.2
1214280 1124.2
1214290 1124.5
1214300 1125.2
1214310 1125.2
1214320 1126.0
1214330 1127.0
1214340 1127.0
1214350 1128.3
1214360 1129.6
1214370 1129.6
1214380 1130.6
1214390 1131.7
1214400 1131.7
1214410 1132.6
1214420 1133.8
1214430 1133.8
1214440 1135.5
1214450 1137.2
1214460 1137.2
1214470 1139.2
1214480 1140.2
1214490 1140.2
1214500 1138.7
1214510 1138.0
1214520 1140.4
1214530 1140.4
1214540 1141.7
1214550 1142.3
1214560 1142.3
1214570 1143.1
1214580 1141.4
1214590 1141.4
1214600 1143.5
1214610 1148.4
1214620 1145.8
1214630 1147.4
1214640 1146.8
1214650 1146.8
1214660 1144.6
1214670 1147.4
1214680 1147.4
1214690 1151.6
1214700 1150.9
1214710 1150.9
1214720 1148.4
1214730 1148.3
1214740 1148.3
1214750 1149.6
1214760 1151.5
1214770 1151.5
1214780 1151.5
1214790 1151.8
1214800 1154.5
1214810 1154.5
1214820 1159.8
1214830 1164.4
1214840 1164.4
1214850 1166.4
1214860 1166.9
1214870 1166.9
1214880 1163.5
1214890 1161.2
1214900 1161.2
1214910 1161.5
1214920 1162.1
1214930 1162.1
1214940 1163.3
1214950 1164.3
1214960 1164.3
1214970 1164.6
1214980 1165.5
1214990 1165.5
1215000 1165.9
1215010 1166.4
1215020 1166.4
1215030 1167.6
1215040 1167.6
1215050 1167.6
1215060 1167.5
1215070 1168.1
1215080 1169.3
1215090 1164.3
1215100 1165.7
1215110 1168.5
1215120 1168.5
1215130 1172.1
1215140 1176.1
1215150 1176.1
1215160 1180.5
1215170 1185.5
1215180 1185.5
1215190 1187.2
1215200 1189.3
1215210 1189.3
1215220 1193.2
1215230 1197.5
1215240 1197.5
1215250 1201.1
1215260 1204.8
1215270 1204.8
1215280 1208.6
1215290 1212.5
1215300 1212.5
1215310 1215.9
1215320 1219.1
1215330 1219.1
1215340 1222.9
1215350 1226.2
1215360 1228.6
1215370 1228.6
1215380 1231.3
1215390 1235.1
1215400 1235.1
1215410 1238.5
1215420 1240.3
1215430 1240.3
1215440 1242.4
1215450 1246.6
1215460 1246.6
1215470 1251.8
1215480 1257.5
1215490 1257.5
1215500 1263.3
1215510 1266.9
1215520 1266.9
1215530 1268.6
1215540 1269.9
1215550 1269.9
1215560 1263.9
1215570 1264.5
1215580 1264.5
1215590 1264.5
1215600 1263.7
1215610 1263.7
1215620 1262.0
1215630 1259.6
1215640 1257.5
1215650 1257.5
1215660 1256.2
1215670 1253.8
1215680 1253.8
1215690 1250.2
1215700 1248.4
1215710 1248.4
1215720 1247.7
1215730 1252.0
1215740 1252.0
1215750 1259.2
1215760 1266.1
1215770 1266.1
1215780 1271.6
1215790 1273.9
1215800 1273.9
1215810 1273.9
1215820 1273.6
1215830 1273.6
1215840 1273.8
1215850 1273.3
1215860 1273.3
1215870 1271.8
1215880 1269.9
1215890 1269.9
1215900 1266.3
1215910 1261.9
1215920 1258.8
1215930 1258.8
1215940 1255.5
1215950 1254.4
1215960 1254.4
1215970 1251.2
1215980 1247.4
1215990 1247.4
1216000 1244.0
1216010 1240.9
1216020 1240.9
1216030 1238.1
1216040 1226.3
1216050 1226.3
1216060 1223.1
1216070 1219.7
1216080 1219.7
1216090 1216.5
1216100 1213.8
1216110 1213.8
1216120 1211.0
1216130 1208.0
1216140 1208.0
1216150 1204.2
1216160 1199.0
1216170 1199.0
1216180 1194.1
1216190 1188.9
1216200 1183.9
1216210 1183.9
1216220 1179.5
1216230 1174.5
1216240 1174.5
1216250 1169.3
1216260 1164.0
1216270 1164.0
1216280 1159.0
1216290 1153.9
1216300 1153.9
1216310 1149.1
1216320 1144.6
1216330 1144.6
1216340 1140.3
1216350 1136.4
1216360 1136.4
1216370 1134.7
1216380 1135.5
1216390 1135.5
1216400 1136.1
1216410 1132.6
1216420 1132.6
1216430 1126.1
1216440 1119.4
1216450 1119.4
1216460 1113.6
1216470 1109.1
1216480 1105.7
1216490 1105.7
1216500 1103.6
1216510 1098.8
1216520 1098.8
1216530 1098.1
1216540 1098.0
1216550 1098.0
1216560 1095.1
1216570 1090.4
1216580 1090.4
1216590 1087.3
1216600 1085.3
1216610 1085.3
1216620 1083.5
1216630 1081.5
1216640 1081.5
1216650 1079.4
1216660 1077.0
1216670 1077.0
1216680 1074.4
1216690 1072.6
1216700 1072.6
1216710 1071.9
1216720 1069.4
1216730 1069.4
1216740 1067.7
1216750 1066.1
1216760 1064.4
1216770 1064.4
1216780 1063.0
1216790 1061.3
1216800 1061.3
1216810 1059.5
1216820 1058.5
1216830 1058.5
1216840 1057.1
1216850 1054.9
1216860 1054.9
1216870 1052.8
1216880 1051.2
1216890 1051.2
1216900 1049.1
1216910 1047.1
1216920 1047.1
1216930 1045.6
1216940 1043.6
1216950 1043.6
1216960 1041.7
1216970 1039.8
1216980 1039.8
1216990 1036.7
1217000 1034.9
1217010 1033.3
1217020 1033.3
1217030 1032.1
1217040 1031.0
1217050 1031.0
1217060 1029.9
1217070 1028.7
1217080 1028.7
1217090 1027.4
1217100 1026.0
1217110 1026.0
1217120 1024.3
1217130 1022.9
1217140 1022.9
1217150 1021.5
1217160 1020.1
1217170 1020.1
1217180 1018.6
1217190 1016.9
1217200 1016.9
1217210 1015.1
1217220 1013.5
1217230 1013.5
1217240 1012.1
1217250 1010.5
1217260 1010.5
1217270 1009.1
1217280 1007.8
1217290 1006.5
1217300 1006.5
1217310 1005.3
1217320 1004.0
1217330 1004.0
1217340 1002.7
1217350 1001.1
1217360 1001.1
1217370 999.5
1217380 998.1
1217390 998.1
1217400 996.8
1217410 995.7
1217420 995.7
1217430 994.2
1217440 992.8
1217450 992.8
1217460 990.6
1217470 989.5
1217480 989.5
1217490 988.3
1217500 987.0
1217510 987.0
1217520 985.7
1217530 984.3
1217540 984.3
1217550 983.0
1217560 981.7
1217570 980.5
1217580 980.5
1217590 979.1
1217600 977.8
1217610 977.8
1217620 976.6
1217630 975.4
1217640 975.4
1217650 974.1
1217660 972.9
1217670 972.9
1217680 971.8
1217690 970.9
1217700 970.9
1217710 969.9
1217720 969.0
1217730 969.0
1217740 968.0
1217750 966.7
1217760 966.7
1217770 965.5
1217780 964.2
1217790 964.2
1217800 963.0
1217810 962.0
1217820 962.0
1217830 960.9
1217840 960.0
1217850 959.0
1217860 959.0
1217870 957.8
1217880 956.3
1217890 956.3
1217900 954.7
1217910 953.4
1217920 953.4
1217930 952.4
1217940 951.6
1217950 951.6
1217960 950.4
1217970 949.4
1217980 949.4
1217990 948.6
1218000 947.8
1218010 947.8
1218020 946.9
1218030 945.8
1218040 945.8
1218050 944.7
1218060 943.6
1218070 943.6
1218080 942.6
1218090 941.7
1218100 941.7
1218110 940.8
1218120 940.1
1218130 939.3
1218140 939.3
1218150 938.5
1218160 937.5
1218170 937.5
1218180 936.6
1218190 935.9
1218200 935.9
1218210 935.1
1218220 934.4
1218230 934.4
1218240 933.4
1218250 932.5
1218260 932.5
1218270 931.7
1218280 931.0
1218290 931.0
1218300 930.1
1218310 929.5
1218320 929.5
1218330 929.1
1218340 928.1
1218350 928.1
1218360 928.2
1218370 927.7
1218380 927.7
1218390 926.7
1218400 926.1
1218410 925.7
1218420 925.5
1218430 925.1
1218440 924.7
1218450 924.7
1218460 924.3
1218470 923.9
1218480 923.9
1218490 923.5
1218500 923.2
1218510 923.2
1218520 922.9
1218530 922.6
1218540 922.6
1218550 922.3
1218560 922.1
1218570 922.1
1218580 922.0
1218590 921.8
1218600 921.8
1218610 921.7
1218620 921.6
1218630 921.6
1218640 921.5
1218650 921.3
1218660 921.3
1218670 921.1
1218680 921.1
1218690 921.0
1218700 921.0
1218710 920.9
1218720 920.8
1218730 920.8
1218740 920.8
1218750 920.9
1218760 920.9
1218770 921.0
1218780 921.2
1218790 921.2
1218800 921.6
1218810 921.9
1218820 921.9
1218830 922.3
1218840 922.7
1218850 922.7
1218860 922.7
1218870 922.5
1218880 922.5
1218890 922.2
1218900 920.9
1218910 920.9
1218920 920.3
1218930 919.8
1218940 919.8
1218950 919.3
1218960 918.7
1218970 917.9
1218980 917.9
1218990 916.8
1219000 915.7
1219010 915.7
1219020 914.9
1219030 914.2
1219040 914.2
1219050 913.7
1219060 913.2
1219070 913.2
1219080 912.8
1219090 912.4
1219100 912.4
1219110 912.0
1219120 912.2
1219130 912.2
1219140 912.6
1219150 912.8
1219160 912.8
1219170 913.1
1219180 913.5
1219190 913.5
1219200 914.0
1219210 914.4
1219220 914.4
1219230 914.5
1219240 914.5
1219250 914.6
1219260 914.6
1219270 914.6
1219280 914.5
1219290 914.5
1219300 914.4
1219310 914.3
1219320 914.3
1219330 914.3
1219340 914.2
1219350 914.2
1219360 914.4
1219370 915.0
1219380 915.0
1219390 915.4
1219400 915.5
1219410 915.5
1219420 915.4
1219430 915.4
1219440 915.4
1219450 915.4
1219460 915.4
1219470 915.4
1219480 915.7
1219490 915.9
1219500 915.9
1219510 916.0
1219520 916.6
1219530 916.9
1219540 916.9
1219550 916.9
1219560 916.8
1219570 916.8
1219580 916.6
1219590 916.3
1219600 916.3
1219610 915.8
1219620 915.4
1219630 915.4
1219640 915.1
1219650 914.6
1219660 914.6
1219670 914.0
1219680 913.3
1219690 913.3
1219700 913.1
1219710 912.7
1219720 912.7
1219730 912.1
1219740 911.7
1219750 911.7
1219760 911.0
1219770 910.3
1219780 909.7
1219790 909.7
1219800 909.0
1219810 908.6
1219820 908.6
1219830 908.1
1219840 907.7
1219850 907.7
1219860 907.2
1219870 907.3
1219880 907.3
1219890 907.2
1219900 906.4
1219910 906.4
1219920 906.2
1219930 905.6
1219940 905.6
1219950 905.3
1219960 905.0
1219970 905.0
1219980 904.9
1219990 905.5
