1200000 1852.0
1200010 1852.0
1200020 1849.7
1200030 1846.7
1200040 1846.7
1200050 1843.8
1200060 1840.6
1200070 1840.6
1200080 1837.7
1200090 1835.0
1200100 1835.0
1200110 1831.8
1200120 1829.0
1200130 1829.0
1200140 1826.6
1200150 1823.8
1200160 1820.8
1200170 1820.8
1200180 1818.6
1200190 1817.4
1200200 1817.4
1200210 1816.1
1200220 1814.5
1200230 1808.4
1200240 1806.2
1200250 1804.2
1200260 1804.2
1200270 1801.7
1200280 1799.7
1200290 1799.7
1200300 1797.0
1200310 1794.0
1200320 1794.0
1200330 1790.5
1200340 1787.3
1200350 1787.3
1200360 1783.7
1200370 1779.6
1200380 1779.6
1200390 1777.3
1200400 1776.0
1200410 1776.0
1200420 1774.4
1200430 1772.1
1200440 1768.3
1200450 1768.3
1200460 1764.1
1200470 1759.5
1200480 1759.5
1200490 1755.5
1200500 1751.4
1200510 1751.4
1200520 1747.8
1200530 1744.1
1200540 1744.1
1200550 1739.9
1200560 1735.6
1200570 1735.6
1200580 1731.9
1200590 1728.3
1200600 1728.3
1200610 1724.9
1200620 1722.1
1200630 1722.1
1200640 1718.8
1200650 1716.1
1200660 1716.1
1200670 1712.8
1200680 1704.5
1200690 1704.5
1200700 1699.9
1200710 1696.5
1200720 1695.5
1200730 1695.5
1200740 1691.3
1200750 1686.5
1200760 1686.5
1200770 1682.3
1200780 1679.4
1200790 1679.4
1200800 1676.8
1200810 1672.2
1200820 1672.2
1200830 1664.6
1200840 1658.7
1200850 1658.7
1200860 1657.3
1200870 1659.1
1200880 1659.1
1200890 1659.7
1200900 1660.5
1200910 1660.5
1200920 1660.8
1200930 1660.8
1200940 1660.8
1200950 1662.4
1200960 1663.4
1200970 1663.4
1200980 1663.3
1200990 1661.8
1201000 1660.9
1201010 1660.9
1201020 1660.2
1201030 1660.1
1201040 1660.1
1201050 1658.9
1201060 1654.9
1201070 1654.9
1201080 1654.2
1201090 1655.1
1201100 1655.1
1201110 1657.3
1201120 1655.1
1201130 1645.7
1201140 1644.4
1201150 1649.1
1201160 1649.1
1201170 1656.0
1201180 1659.9
1201190 1659.9
1201200 1658.3
1201210 1654.2
1201220 1654.2
1201230 1653.0
1201240 1655.6
1201250 1655.6
1201260 1657.7
1201270 1658.2
1201280 1657.1
1201290 1657.1
1201300 1655.4
1201310 1651.5
1201320 1651.5
1201330 1639.1
1201340 1624.9
1201350 1624.9
1201360 1610.8
1201370 1598.0
1201380 1598.0
1201390 1589.5
1201400 1582.5
1201410 1582.5
1201420 1575.7
1201430 1568.3
1201440 1568.3
1201450 1557.3
1201460 1547.3
1201470 1547.3
1201480 1536.4
1201490 1523.1
1201500 1523.1
1201510 1515.5
1201520 1509.5
1201530 1509.5
1201540 1506.3
1201550 1504.1
1201560 1501.1
1201570 1501.1
1201580 1483.6
1201590 1480.0
1201600 1480.0
1201610 1479.4
1201620 1480.9
1201630 1480.9
1201640 1479.2
1201650 1473.9
1201660 1473.9
1201670 1467.9
1201680 1461.3
1201690 1461.3
1201700 1452.2
1201710 1443.0
1201720 1443.0
1201730 1438.1
1201740 1432.7
1201750 1432.7
1201760 1427.1
1201770 1422.7
1201780 1422.7
1201790 1418.7
1201800 1413.6
1201810 1413.6
1201820 1408.2
1201830 1403.7
1201840 1399.2
1201850 1399.2
1201860 1394.3
1201870 1389.2
1201880 1389.2
1201890 1384.2
1201900 1380.3
1201910 1380.3
1201920 1376.9
1201930 1373.8
1201940 1373.8
1201950 1371.9
1201960 1369.4
1201970 1369.4
1201980 1365.0
1201990 1360.9
1202000 1360.9
1202010 1355.7
1202020 1349.9
1202030 1344.1
1202040 1339.7
1202050 1335.5
1202060 1335.5
1202070 1330.8
1202080 1325.7
1202090 1325.7
1202100 1321.0
1202110 1316.8
1202120 1312.4
1202130 1312.4
1202140 1306.9
1202150 1301.7
1202160 1301.7
1202170 1296.9
1202180 1292.8
1202190 1292.8
1202200 1287.7
1202210 1281.5
1202220 1281.5
1202230 1275.5
1202240 1272.9
1202250 1272.9
1202260 1272.1
1202270 1270.9
1202280 1270.9
1202290 1269.2
1202300 1266.4
1202310 1266.4
1202320 1264.6
1202330 1262.6
1202340 1262.6
1202350 1259.1
1202360 1254.6
1202370 1250.1
1202380 1250.1
1202390 1246.9
1202400 1244.9
1202410 1244.9
1202420 1243.7
1202430 1242.6
1202440 1242.6
1202450 1237.5
1202460 1231.2
1202470 1231.2
1202480 1216.3
1202490 1213.3
1202500 1213.3
1202510 1210.6
1202520 1207.2
1202530 1207.2
1202540 1203.0
1202550 1198.8
1202560 1198.8
1202570 1194.3
1202580 1189.6
1202590 1189.6
1202600 1184.1
1202610 1179.4
1202620 1179.4
1202630 1177.0
1202640 1174.1
1202650 1169.2
1202660 1169.2
1202670 1163.6
1202680 1160.9
1202690 1160.9
1202700 1158.1
1202710 1155.1
1202720 1155.1
1202730 1154.4
1202740 1155.5
1202750 1155.5
1202760 1154.5
1202770 1149.9
1202780 1149.9
1202790 1144.0
1202800 1142.8
1202810 1142.8
1202820 1145.8
1202830 1149.1
1202840 1149.1
1202850 1150.5
1202860 1149.3
1202870 1149.3
1202880 1148.0
1202890 1147.7
1202900 1147.7
1202910 1146.4
1202920 1143.4
1202930 1139.7
1202940 1146.2
1202950 1141.3
1202960 1136.6
1202970 1136.6
1202980 1132.7
1202990 1127.8
1203000 1127.8
1203010 1122.6
1203020 1119.3
1203030 1119.3
1203040 1115.6
1203050 1112.0
1203060 1112.0
1203070 1110.0
1203080 1108.8
1203090 1108.8
1203100 1107.6
1203110 1106.6
1203120 1106.6
1203130 1105.5
1203140 1104.2
1203150 1104.2
1203160 1103.1
1203170 1101.2
1203180 1101.2
1203190 1099.6
1203200 1097.6
1203210 1095.6
1203220 1095.6
1203230 1093.4
1203240 1091.5
1203250 1091.5
1203260 1090.4
1203270 1090.3
1203280 1090.3
1203290 1088.9
1203300 1086.7
1203310 1086.7
1203320 1084.8
1203330 1083.1
1203340 1083.1
1203350 1081.0
1203360 1078.1
1203370 1078.1
1203380 1076.6
1203390 1084.3
1203400 1084.3
1203410 1091.1
1203420 1093.4
1203430 1093.4
1203440 1096.2
1203450 1102.8
1203460 1102.8
1203470 1111.2
1203480 1120.4
1203490 1128.5
1203500 1128.5
1203510 1135.1
1203520 1141.8
1203530 1141.8
1203540 1148.8
1203550 1155.8
1203560 1155.8
1203570 1161.6
1203580 1160.3
1203590 1160.3
1203600 1153.1
1203610 1146.0
1203620 1146.0
1203630 1142.9
1203640 1144.3
1203650 1144.3
1203660 1150.2
1203670 1157.1
1203680 1157.1
1203690 1165.1
1203700 1173.7
1203710 1173.7
1203720 1178.8
1203730 1177.5
1203740 1177.5
1203750 1177.5
1203760 1176.9
1203770 1175.3
1203780 1175.3
1203790 1173.4
1203800 1167.7
1203810 1167.7
1203820 1160.6
1203830 1167.3
1203840 1175.1
1203850 1184.9
1203860 1190.7
1203870 1190.7
1203880 1195.1
1203890 1197.2
1203900 1197.2
1203910 1198.1
1203920 1199.6
1203930 1199.6
1203940 1204.3
1203950 1209.1
1203960 1209.1
1203970 1210.4
1203980 1210.4
1203990 1210.4
1204000 1214.4
1204010 1217.3
1204020 1217.3
1204030 1216.8
1204040 1219.0
1204050 1220.9
1204060 1220.9
1204070 1217.8
1204080 1219.1
1204090 1219.1
1204100 1223.1
1204110 1226.4
1204120 1226.4
1204130 1227.5
1204140 1229.4
1204150 1229.4
1204160 1229.9
1204170 1232.7
1204180 1232.7
1204190 1236.8
1204200 1240.3
1204210 1240.3
1204220 1242.7
1204230 1243.8
1204240 1243.8
1204250 1243.2
1204260 1243.3
1204270 1243.3
1204280 1241.9
1204290 1240.9
1204300 1247.3
1204310 1247.0
1204320 1249.2
1204330 1252.3
1204340 1252.3
1204350 1253.4
1204360 1256.3
1204370 1256.3
1204380 1258.0
1204390 1249.7
1204400 1249.7
1204410 1238.8
1204420 1229.8
1204430 1229.8
1204440 1216.0
1204450 1209.4
1204460 1209.4
1204470 1214.5
1204480 1209.2
1204490 1209.2
1204500 1200.5
1204510 1194.5
1204520 1194.5
1204530 1197.6
1204540 1194.9
1204550 1194.9
1204560 1189.4
1204570 1186.1
1204580 1186.1
1204590 1185.1
1204600 1183.2
1204610 1175.6
1204620 1175.6
1204630 1166.2
1204640 1156.2
1204650 1156.2
1204660 1143.9
1204670 1133.0
1204680 1133.0
1204690 1126.7
1204700 1122.3
1204710 1122.3
1204720 1119.8
1204730 1123.7
1204740 1123.7
1204750 1136.5
1204760 1143.7
1204770 1143.7
1204780 1149.3
1204790 1143.8
1204800 1143.8
1204810 1139.2
1204820 1133.9
1204830 1133.9
1204840 1130.5
1204850 1119.3
1204860 1119.3
1204870 1111.4
1204880 1110.9
1204890 1106.0
1204900 1106.0
1204910 1099.7
1204920 1093.0
1204930 1093.0
1204940 1087.7
1204950 1072.2
1204960 1072.2
1204970 1050.1
1204980 1045.7
1204990 1045.7
1205000 1055.8
1205010 1057.2
1205020 1057.2
1205030 1046.6
1205040 1035.2
1205050 1035.2
1205060 1025.9
1205070 1021.6
1205080 1021.6
1205090 1019.4
1205100 1018.3
1205110 1018.3
1205120 1014.6
1205130 1007.2
1205140 1007.2
1205150 1000.0
1205160 991.5
1205170 979.1
1205180 979.1
1205190 968.7
1205200 961.3
1205210 961.7
1205220 951.0
1205230 943.8
1205240 943.8
1205250 941.9
1205260 939.4
1205270 939.4
1205280 934.3
1205290 929.2
1205300 929.2
1205310 924.3
1205320 919.5
1205330 919.5
1205340 914.1
1205350 908.8
1205360 908.8
1205370 904.1
1205380 900.4
1205390 900.4
1205400 897.3
1205410 893.4
1205420 893.4
1205430 889.2
1205440 884.9
1205450 880.8
1205460 880.8
1205470 876.5
1205480 872.1
1205490 872.1
1205500 867.6
1205510 863.0
1205520 863.0
1205530 858.8
1205540 854.6
1205550 854.6
1205560 853.0
1205570 851.7
1205580 851.7
1205590 850.8
1205600 849.2
1205610 849.2
1205620 846.7
1205630 845.4
1205640 845.4
1205650 844.8
1205660 844.6
1205670 844.6
1205680 844.4
1205690 844.1
1205700 844.1
1205710 843.4
1205720 842.8
1205730 842.3
1205740 842.3
1205750 841.9
1205760 841.3
1205770 841.3
1205780 840.0
1205790 839.1
1205800 839.1
1205810 838.4
1205820 838.0
1205830 838.0
1205840 838.3
1205850 838.3
1205860 838.3
1205870 838.1
1205880 837.7
1205890 837.7
1205900 837.4
1205910 837.1
1205920 837.1
1205930 837.2
1205940 837.8
1205950 837.8
1205960 838.2
1205970 837.6
1205980 837.6
1205990 838.6
1206000 836.9
1206010 836.0
1206020 836.0
1206030 835.9
1206040 835.7
1206050 835.7
1206060 835.4
1206070 835.0
1206080 835.0
1206090 834.7
1206100 834.4
1206110 834.4
1206120 834.4
1206130 834.1
1206140 834.1
1206150 833.8
1206160 833.7
1206170 833.7
1206180 833.5
1206190 833.3
1206200 833.3
1206210 833.2
1206220 833.1
1206230 833.1
1206240 833.1
1206250 833.4
1206260 833.4
1206270 833.8
1206280 833.6
1206290 833.5
1206300 833.5
1206310 833.7
1206320 833.8
1206330 833.8
1206340 833.7
1206350 834.2
1206360 834.2
1206370 834.5
1206380 834.2
1206390 834.2
1206400 834.2
1206410 834.2
1206420 834.2
1206430 833.8
1206440 834.0
1206450 834.0
1206460 835.6
1206470 836.8
1206480 836.8
1206490 836.8
1206500 836.6
1206510 836.6
1206520 836.3
1206530 836.1
1206540 836.1
1206550 835.9
1206560 835.8
1206570 835.5
1206580 835.5
1206590 835.3
1206600 835.6
1206610 835.6
1206620 835.6
1206630 835.2
1206640 835.2
1206650 834.6
1206660 834.1
1206670 834.1
1206680 833.8
1206690 833.7
1206700 833.7
1206710 833.5
1206720 833.5
1206730 833.5
1206740 833.6
1206750 833.7
1206760 833.7
1206770 833.8
1206780 834.1
1206790 834.1
1206800 834.1
1206810 834.2
1206820 834.2
1206830 833.9
1206840 834.0
1206850 834.1
1206860 834.1
1206870 834.0
1206880 833.9
1206890 833.9
1206900 834.0
1206910 834.3
1206920 834.3
1206930 834.4
1206940 834.7
1206950 834.7
1206960 836.0
1206970 836.8
1206980 836.8
1206990 836.7
1207000 836.8
1207010 836.8
1207020 836.7
1207030 836.7
1207040 836.3
1207050 836.5
1207060 837.5
1207070 837.5
1207080 837.0
1207090 836.8
1207100 836.8
1207110 836.8
1207120 836.9
1207130 837.0
1207140 837.0
1207150 837.2
1207160 837.4
1207170 837.4
1207180 837.8
1207190 838.3
1207200 838.3
1207210 838.1
1207220 838.4
1207230 838.4
1207240 838.3
1207250 838.0
1207260 838.0
1207270 837.9
1207280 837.9
1207290 837.9
1207300 837.9
1207310 837.9
1207320 837.9
1207330 838.0
1207340 838.1
1207350 838.1
1207360 838.4
1207370 838.9
1207380 838.9
1207390 839.4
1207400 839.9
1207410 840.8
1207420 840.8
1207430 841.8
1207440 842.9
1207450 842.9
1207460 844.0
1207470 844.8
1207480 844.8
1207490 846.2
1207500 844.5
1207510 844.5
1207520 845.4
1207530 846.4
1207540 846.4
1207550 847.2
1207560 848.6
1207570 848.6
1207580 850.5
1207590 852.6
1207600 852.6
1207610 855.6
1207620 858.6
1207630 858.6
1207640 862.0
1207650 865.7
1207660 865.7
1207670 870.2
1207680 874.0
1207690 878.5
1207700 878.5
1207710 883.5
1207720 888.9
1207730 888.9
1207740 894.2
1207750 898.5
1207760 898.5
1207770 903.1
1207780 907.6
1207790 907.6
1207800 912.2
1207810 917.5
1207820 917.5
1207830 923.2
1207840 929.3
1207850 929.3
1207860 936.1
1207870 943.1
1207880 943.1
1207890 953.4
1207900 966.1
1207910 966.1
1207920 976.2
1207930 980.7
1207940 980.7
1207950 982.4
1207960 985.0
1207970 991.0
1207980 991.0
1207990 997.4
1208000 1003.6
1208010 1003.6
1208020 1008.6
1208030 1011.8
1208040 1011.8
1208050 1014.7
1208060 1017.8
1208070 1017.8
1208080 1020.8
1208090 1023.9
1208100 1023.9
1208110 1027.3
1208120 1027.7
1208130 1027.7
1208140 1027.8
1208150 1028.7
1208160 1028.7
1208170 1026.7
1208180 1023.5
1208190 1023.5
1208200 1020.2
1208210 1019.0
1208220 1019.0
1208230 1018.4
1208240 1017.2
1208250 1017.5
1208260 1017.5
1208270 1019.4
1208280 1021.6
1208290 1021.6
1208300 1024.7
1208310 1029.5
1208320 1029.5
1208330 1035.3
1208340 1041.5
1208350 1041.5
1208360 1047.7
1208370 1052.4
1208380 1052.4
1208390 1054.0
1208400 1054.3
1208410 1054.3
1208420 1048.4
1208430 1042.0
1208440 1042.0
1208450 1035.2
1208460 1028.8
1208470 1028.8
1208480 1023.3
1208490 1021.0
1208500 1021.0
1208510 1022.4
1208520 1024.1
1208530 1025.7
1208540 1025.7
1208550 1029.2
1208560 1033.3
1208570 1033.3
1208580 1035.2
1208590 1037.5
1208600 1037.5
1208610 1039.2
1208620 1039.2
1208630 1039.2
1208640 1039.8
1208650 1043.9
1208660 1043.9
1208670 1049.4
1208680 1054.5
1208690 1054.5
1208700 1056.4
1208710 1056.5
1208720 1056.5
1208730 1054.9
1208740 1052.2
1208750 1052.2
1208760 1050.2
1208770 1050.4
1208780 1050.4
1208790 1049.9
1208800 1046.1
1208810 1043.1
1208820 1043.1
1208830 1041.8
1208840 1039.3
1208850 1039.3
1208860 1036.1
1208870 1034.7
1208880 1028.3
1208890 1027.2
1208900 1025.4
1208910 1025.4
1208920 1023.2
1208930 1021.6
1208940 1021.6
1208950 1018.5
1208960 1014.5
1208970 1014.5
1208980 1011.3
1208990 1008.9
1209000 1008.9
1209010 1006.6
1209020 1004.5
1209030 1004.5
1209040 1003.7
1209050 1003.1
1209060 1003.1
1209070 1001.8
1209080 1001.5
1209090 1001.4
1209100 1001.4
1209110 1000.3
1209120 997.2
1209130 997.2
1209140 992.6
1209150 989.8
1209160 989.8
1209170 985.8
1209180 981.8
1209190 981.8
1209200 978.2
1209210 975.8
1209220 975.8
1209230 974.2
1209240 973.3
1209250 973.3
1209260 970.2
1209270 965.5
1209280 965.5
1209290 964.4
1209300 965.5
1209310 965.5
1209320 964.9
1209330 964.8
1209340 962.0
1209350 962.1
1209360 962.5
1209370 962.4
1209380 962.4
1209390 962.3
1209400 961.7
1209410 961.7
1209420 961.1
1209430 960.8
1209440 960.8
1209450 960.9
1209460 961.2
1209470 961.2
1209480 962.0
1209490 963.2
1209500 963.2
1209510 964.1
1209520 964.7
1209530 964.7
1209540 965.9
1209550 967.0
1209560 967.0
1209570 968.8
1209580 970.2
1209590 970.2
1209600 971.2
1209610 971.9
1209620 971.9
1209630 972.4
1209640 973.5
1209650 975.4
1209660 975.4
1209670 977.3
1209680 978.6
1209690 978.6
1209700 979.6
1209710 980.2
1209720 980.2
1209730 981.0
1209740 981.6
1209750 981.6
1209760 980.3
1209770 975.9
1209780 975.9
1209790 972.7
1209800 970.1
1209810 965.5
1209820 962.9
1209830 961.0
1209840 961.0
1209850 959.1
1209860 957.5
1209870 957.5
1209880 955.1
1209890 953.4
1209900 953.4
1209910 952.3
1209920 951.8
1209930 951.7
1209940 951.7
1209950 952.0
1209960 952.2
1209970 952.2
1209980 952.1
1209990 951.8
1210000 951.8
1210010 951.8
1210020 951.8
1210030 951.8
1210040 951.8
1210050 952.2
1210060 952.2
1210070 952.8
1210080 953.6
1210090 953.6
1210100 954.1
1210110 954.6
1210120 954.6
1210130 954.9
1210140 955.4
1210150 955.4
1210160 956.2
1210170 957.7
1210180 957.7
1210190 959.0
1210200 959.7
1210210 960.3
1210220 960.3
1210230 960.3
1210240 959.4
1210250 959.4
1210260 958.4
1210270 953.3
1210280 953.3
1210290 949.9
1210300 947.3
1210310 947.3
1210320 946.8
1210330 946.7
1210340 946.7
1210350 947.2
1210360 947.9
1210370 947.9
1210380 949.0
1210390 949.9
1210400 949.9
1210410 951.0
1210420 952.6
1210430 952.6
1210440 954.6
1210450 956.3
1210460 956.3
1210470 957.8
1210480 959.2
1210490 960.6
1210500 960.6
1210510 962.6
1210520 964.7
1210530 964.7
1210540 966.4
1210550 968.6
1210560 968.6
1210570 970.8
1210580 970.8
1210590 970.8
1210600 974.4
1210610 980.0
1210620 980.0
1210630 982.1
1210640 983.4
1210650 983.4
1210660 984.3
1210670 986.0
1210680 986.0
1210690 988.7
1210700 991.7
1210710 991.7
1210720 994.7
1210730 992.8
1210740 992.8
1210750 993.5
1210760 994.0
1210770 994.0
1210780 994.0
1210790 994.2
1210800 995.0
1210810 995.0
1210820 996.1
1210830 997.7
1210840 997.7
1210850 999.8
1210860 1002.4
1210870 1002.4
1210880 1005.0
1210890 1006.9
1210900 1006.9
1210910 1006.4
1210920 1004.2
1210930 1004.2
1210940 1002.4
1210950 1001.5
1210960 1001.5
1210970 1001.5
1210980 1001.5
1210990 1001.5
1211000 1002.2
1211010 1003.3
1211020 1004.5
1211030 1004.5
1211040 1005.2
1211050 1004.9
1211060 1004.9
1211070 1005.4
1211080 1007.4
1211090 1007.4
1211100 1008.4
1211110 1010.9
1211120 1010.9
1211130 1016.4
1211140 1022.3
1211150 1022.3
1211160 1025.9
1211170 1031.6
1211180 1031.6
1211190 1039.0
1211200 1044.2
1211210 1044.2
1211220 1046.5
1211230 1048.5
1211240 1048.5
1211250 1050.8
1211260 1054.2
1211270 1054.2
1211280 1059.0
1211290 1063.5
1211300 1068.0
1211310 1068.0
1211320 1071.1
1211330 1073.9
1211340 1073.9
1211350 1076.6
1211360 1076.9
1211370 1076.9
1211380 1075.4
1211390 1073.1
1211400 1073.1
1211410 1070.2
1211420 1067.3
1211430 1067.3
1211440 1065.2
1211450 1063.8
1211460 1063.8
1211470 1063.2
1211480 1063.3
1211490 1063.3
1211500 1063.8
1211510 1064.4
1211520 1064.4
1211530 1065.0
1211540 1065.4
1211550 1065.4
1211560 1065.9
1211570 1066.7
1211580 1067.6
1211590 1067.6
1211600 1068.3
1211610 1069.2
1211620 1069.2
1211630 1070.1
1211640 1071.6
1211650 1071.6
1211660 1073.6
1211670 1080.0
1211680 1080.0
1211690 1082.1
1211700 1083.6
1211710 1083.6
1211720 1085.2
1211730 1086.8
1211740 1086.8
1211750 1087.8
1211760 1087.1
1211770 1087.1
1211780 1085.5
1211790 1083.7
1211800 1083.7
1211810 1082.6
1211820 1081.5
1211830 1081.5
1211840 1077.9
1211850 1072.8
1211860 1069.0
1211870 1069.0
1211880 1066.3
1211890 1064.4
1211900 1064.4
1211910 1063.5
1211920 1063.0
1211930 1063.0
1211940 1063.3
1211950 1064.3
1211960 1064.3
1211970 1066.9
1211980 1070.6
1211990 1070.6
1212000 1069.6
1212010 1067.5
1212020 1067.5
1212030 1067.6
1212040 1069.2
1212050 1069.2
1212060 1073.2
1212070 1075.8
1212080 1075.8
1212090 1076.1
1212100 1075.3
1212110 1075.3
1212120 1076.5
1212130 1072.9
1212140 1071.4
1212150 1071.4
1212160 1068.9
1212170 1067.0
1212180 1067.0
1212190 1066.7
1212200 1066.4
1212210 1066.4
1212220 1063.2
1212230 1061.6
1212240 1061.6
1212250 1062.0
1212260 1064.3
1212270 1064.3
1212280 1068.8
1212290 1072.7
1212300 1072.7
1212310 1076.1
1212320 1079.3
1212330 1079.3
1212340 1082.0
1212350 1084.9
1212360 1084.9
1212370 1088.7
1212380 1091.1
1212390 1091.1
1212400 1093.7
1212410 1095.1
1212420 1098.6
1212430 1098.6
1212440 1101.7
1212450 1102.3
1212460 1102.3
1212470 1102.0
1212480 1101.8
1212490 1101.8
1212500 1104.2
1212510 1103.8
1212520 1103.8
1212530 1101.4
1212540 1101.9
1212550 1101.9
1212560 1105.3
1212570 1105.2
1212580 1105.2
1212590 1106.2
1212600 1116.0
1212610 1116.0
1212620 1117.9
1212630 1119.6
1212640 1119.6
1212650 1120.3
1212660 1122.6
1212670 1122.6
1212680 1125.3
1212690 1126.5
1212700 1124.5
1212710 1124.5
1212720 1126.2
1212730 1131.7
1212740 1131.7
1212750 1138.7
1212760 1141.2
1212770 1141.2
1212780 1141.4
1212790 1141.3
1212800 1141.3
1212810 1141.2
1212820 1141.5
1212830 1141.5
1212840 1142.1
1212850 1143.5
1212860 1143.5
1212870 1145.2
1212880 1146.5
1212890 1146.5
1212900 1147.0
1212910 1148.2
1212920 1148.2
1212930 1151.5
1212940 1155.3
1212950 1155.3
1212960 1157.0
1212970 1157.2
1212980 1156.7
1212990 1156.7
1213000 1156.3
1213010 1156.3
1213020 1156.3
1213030 1156.4
1213040 1156.3
1213050 1156.3
1213060 1156.1
1213070 1154.1
1213080 1154.1
1213090 1153.8
1213100 1153.6
1213110 1153.6
1213120 1153.4
1213130 1152.8
1213140 1152.8
1213150 1151.4
1213160 1151.1
1213170 1151.1
1213180 1151.1
1213190 1151.0
1213200 1151.0
1213210 1150.9
1213220 1150.7
1213230 1150.7
1213240 1150.6
1213250 1150.5
1213260 1150.4
1213270 1150.4
1213280 1150.3
1213290 1150.3
1213300 1150.3
1213310 1150.4
1213320 1150.5
1213330 1150.5
1213340 1150.8
1213350 1151.4
1213360 1151.4
1213370 1151.7
1213380 1151.8
1213390 1151.8
1213400 1152.0
1213410 1152.6
1213420 1152.6
1213430 1153.3
1213440 1154.0
1213450 1154.0
1213460 1154.3
1213470 1154.3
1213480 1154.3
1213490 1154.2
1213500 1154.3
1213510 1154.3
1213520 1154.6
1213530 1155.0
1213540 1155.7
1213550 1155.7
1213560 1156.3
1213570 1156.8
1213580 1156.8
1213590 1157.2
1213600 1157.7
1213610 1157.7
1213620 1158.1
1213630 1158.5
1213640 1158.5
1213650 1159.0
1213660 1159.8
1213670 1159.8
1213680 1160.9
1213690 1161.6
1213700 1161.6
1213710 1162.8
1213720 1165.8
1213730 1165.8
1213740 1167.2
1213750 1166.3
1213760 1166.3
1213770 1167.1
1213780 1168.5
1213790 1168.5
1213800 1170.1
1213810 1171.7
1213820 1172.2
1213830 1172.2
1213840 1171.9
1213850 1171.6
1213860 1171.6
1213870 1166.8
1213880 1164.6
1213890 1164.6
1213900 1164.6
1213910 1165.0
1213920 1165.0
1213930 1165.1
1213940 1162.6
1213950 1162.6
1213960 1160.6
1213970 1160.6
1213980 1160.6
1213990 1162.0
1214000 1163.9
1214010 1166.6
1214020 1170.8
1214030 1174.0
1214040 1174.0
1214050 1175.3
1214060 1176.2
1214070 1176.2
1214080 1177.7
1214090 1179.9
1214100 1182.1
1214110 1182.1
1214120 1184.5
1214130 1187.3
1214140 1187.3
1214150 1190.4
1214160 1193.9
1214170 1193.9
1214180 1197.1
1214190 1199.8
1214200 1199.8
1214210 1202.1
1214220 1205.4
1214230 1205.4
1214240 1209.4
1214250 1213.4
1214260 1213.4
1214270 1217.0
1214280 1220.2
1214290 1220.2
1214300 1224.0
1214310 1227.8
1214320 1227.8
1214330 1230.9
1214340 1233.9
1214350 1233.9
1214360 1237.9
1214370 1242.0
1214380 1246.6
1214390 1246.6
1214400 1251.2
1214410 1255.9
1214420 1255.9
1214430 1260.4
1214440 1265.3
1214450 1265.3
1214460 1270.2
1214470 1275.5
1214480 1277.1
1214490 1282.2
1214500 1287.6
1214510 1287.6
1214520 1293.2
1214530 1298.8
1214540 1298.8
1214550 1304.5
1214560 1310.2
1214570 1310.2
1214580 1315.7
1214590 1320.8
1214600 1320.8
1214610 1326.0
1214620 1331.3
1214630 1331.3
1214640 1336.4
1214650 1341.3
1214660 1345.8
1214670 1345.8
1214680 1350.0
1214690 1354.0
1214700 1354.0
1214710 1358.0
1214720 1361.9
1214730 1361.9
1214740 1365.8
1214750 1369.5
1214760 1369.5
1214770 1373.3
1214780 1376.7
1214790 1376.7
1214800 1380.1
1214810 1383.5
1214820 1383.5
1214830 1387.1
1214840 1390.8
1214850 1390.8
1214860 1394.1
1214870 1397.3
1214880 1397.3
1214890 1400.1
1214900 1402.7
1214910 1402.7
1214920 1405.3
1214930 1408.4
1214940 1412.4
1214950 1408.3
1214960 1411.7
1214970 1415.4
1214980 1415.4
1214990 1419.1
1215000 1423.1
1215010 1423.1
1215020 1426.3
1215030 1429.1
1215040 1429.1
1215050 1432.4
1215060 1436.8
1215070 1436.8
1215080 1439.8
1215090 1442.6
1215100 1442.6
1215110 1445.1
1215120 1447.1
1215130 1447.1
1215140 1447.9
1215150 1447.3
1215160 1447.3
1215170 1447.6
1215180 1447.4
1215190 1447.4
1215200 1449.4
1215210 1451.6
1215220 1452.0
1215230 1452.0
1215240 1452.0
1215250 1452.5
1215260 1452.5
1215270 1454.5
1215280 1456.2
1215290 1456.2
1215300 1457.5
1215310 1462.9
1215320 1462.9
1215330 1471.3
1215340 1479.9
1215350 1479.9
1215360 1486.3
1215370 1491.2
1215380 1491.2
1215390 1494.9
1215400 1499.3
1215410 1499.3
1215420 1503.6
1215430 1497.5
1215440 1497.5
1215450 1499.7
1215460 1500.7
1215470 1500.7
1215480 1502.0
1215490 1503.6
1215500 1506.6
1215510 1506.6
1215520 1510.8
1215530 1515.8
1215540 1515.8
1215550 1520.4
1215560 1522.3
1215570 1522.3
1215580 1522.1
1215590 1523.0
1215600 1523.0
1215610 1526.2
1215620 1531.8
1215630 1531.8
1215640 1538.9
1215650 1546.7
1215660 1546.7
1215670 1553.3
1215680 1558.3
1215690 1558.3
1215700 1562.2
1215710 1565.4
1215720 1565.4
1215730 1568.3
1215740 1570.7
1215750 1570.7
1215760 1573.0
1215770 1574.6
1215780 1575.8
1215790 1575.8
1215800 1576.5
1215810 1576.8
1215820 1576.8
1215830 1576.9
1215840 1576.7
1215850 1576.7
1215860 1576.1
1215870 1574.5
1215880 1574.5
1215890 1572.2
1215900 1563.9
1215910 1563.9
1215920 1561.1
1215930 1557.5
1215940 1557.5
1215950 1553.4
1215960 1548.4
1215970 1548.4
1215980 1542.9
1215990 1538.1
1216000 1538.1
1216010 1533.6
1216020 1527.8
1216030 1522.9
1216040 1522.9
1216050 1518.2
1216060 1513.4
1216070 1513.4
1216080 1508.8
1216090 1502.7
1216100 1502.7
1216110 1495.0
1216120 1485.4
1216130 1485.4
1216140 1476.6
1216150 1468.0
1216160 1468.0
1216170 1457.9
1216180 1451.0
1216190 1451.0
1216200 1448.9
1216210 1444.1
1216220 1444.1
1216230 1437.8
1216240 1430.9
1216250 1430.9
1216260 1426.9
1216270 1426.6
1216280 1426.6
1216290 1423.4
1216300 1417.8
1216310 1411.1
1216320 1411.1
1216330 1402.3
1216340 1394.1
1216350 1394.1
1216360 1386.4
1216370 1373.6
1216380 1373.6
1216390 1365.7
1216400 1357.7
1216410 1357.7
1216420 1350.3
1216430 1343.5
1216440 1343.5
1216450 1336.4
1216460 1329.1
1216470 1329.1
1216480 1322.2
1216490 1316.1
1216500 1316.1
1216510 1310.0
1216520 1303.8
1216530 1303.8
1216540 1299.6
1216550 1297.6
1216560 1297.6
1216570 1291.6
1216580 1283.2
1216590 1274.7
1216600 1274.7
1216610 1266.8
1216620 1259.5
1216630 1259.5
1216640 1252.5
1216650 1245.1
1216660 1245.1
1216670 1236.8
1216680 1230.8
1216690 1230.8
1216700 1225.5
1216710 1221.1
1216720 1221.1
1216730 1217.5
1216740 1213.8
1216750 1213.8
1216760 1210.1
1216770 1206.1
1216780 1206.1
1216790 1201.5
1216800 1197.0
1216810 1197.0
1216820 1192.4
1216830 1187.5
1216840 1187.5
1216850 1179.7
1216860 1174.1
1216870 1168.5
1216880 1168.5
1216890 1163.1
1216900 1157.9
1216910 1157.9
1216920 1152.7
1216930 1147.6
1216940 1147.6
1216950 1142.9
1216960 1138.0
1216970 1138.0
1216980 1133.4
1216990 1129.6
1217000 1129.6
1217010 1127.0
1217020 1125.3
1217030 1125.3
1217040 1124.4
1217050 1123.8
1217060 1123.8
1217070 1123.6
1217080 1122.5
1217090 1122.5
1217100 1120.8
1217110 1119.7
1217120 1119.7
1217130 1118.0
1217140 1116.8
1217150 1116.0
1217160 1116.0
1217170 1114.4
1217180 1112.7
1217190 1112.7
1217200 1110.9
1217210 1108.8
1217220 1108.8
1217230 1106.9
1217240 1105.1
1217250 1105.1
1217260 1103.1
1217270 1101.2
1217280 1101.2
1217290 1098.7
1217300 1096.3
1217310 1096.3
1217320 1094.4
1217330 1089.6
1217340 1089.6
1217350 1087.7
1217360 1085.7
1217370 1085.7
1217380 1083.0
1217390 1080.2
1217400 1080.2
1217410 1077.5
1217420 1075.6
1217430 1073.8
1217440 1073.8
1217450 1071.7
1217460 1069.8
1217470 1069.8
1217480 1067.8
1217490 1065.4
1217500 1065.4
1217510 1062.8
1217520 1059.9
1217530 1059.9
1217540 1057.6
1217550 1055.8
1217560 1055.8
1217570 1052.8
1217580 1049.7
1217590 1049.7
1217600 1046.8
1217610 1044.2
1217620 1044.2
1217630 1041.4
1217640 1039.1
1217650 1039.1
1217660 1037.5
1217670 1035.5
1217680 1035.5
1217690 1033.1
1217700 1030.5
1217710 1028.0
1217720 1028.0
1217730 1025.6
1217740 1023.1
1217750 1023.1
1217760 1020.5
1217770 1018.2
1217780 1018.2
1217790 1015.8
1217800 1012.0
1217810 1012.0
1217820 1010.0
1217830 1008.6
1217840 1008.6
1217850 1006.7
1217860 1004.7
1217870 1004.7
1217880 1002.8
1217890 1000.5
1217900 1000.5
1217910 998.1
1217920 995.6
1217930 995.6
1217940 993.4
1217950 991.5
1217960 991.5
1217970 989.3
1217980 987.4
1217990 985.8
1218000 985.8
1218010 984.9
1218020 984.0
1218030 984.0
1218040 983.2
1218050 982.2
1218060 982.2
1218070 981.1
1218080 980.0
1218090 980.0
1218100 978.9
1218110 978.1
1218120 978.1
1218130 977.1
1218140 976.0
1218150 976.0
1218160 975.2
1218170 974.9
1218180 974.9
1218190 974.1
1218200 972.7
1218210 972.7
1218220 971.3
1218230 970.4
1218240 970.4
1218250 969.4
1218260 968.4
1218270 967.6
1218280 966.4
1218290 965.6
1218300 964.4
1218310 964.4
1218320 962.7
1218330 961.4
1218340 961.4
1218350 960.3
1218360 959.5
1218370 959.5
1218380 958.7
1218390 958.4
1218400 958.4
1218410 958.4
1218420 958.1
1218430 958.1
1218440 957.4
1218450 956.5
1218460 956.5
1218470 955.1
1218480 953.7
1218490 953.7
1218500 952.4
1218510 951.2
1218520 951.2
1218530 950.7
1218540 949.9
1218550 949.2
1218560 949.2
1218570 948.3
1218580 947.1
1218590 947.1
1218600 945.9
1218610 944.9
1218620 944.9
1218630 944.5
1218640 943.9
1218650 943.9
1218660 943.4
1218670 942.6
1218680 942.6
1218690 941.8
1218700 941.1
1218710 941.1
1218720 940.1
1218730 939.2
1218740 939.2
1218750 938.9
1218760 937.6
1218770 937.6
1218780 937.1
1218790 936.7
1218800 936.7
1218810 936.0
1218820 935.1
1218830 934.6
1218840 934.6
1218850 934.3
1218860 933.9
1218870 933.9
1218880 933.8
1218890 933.9
1218900 933.9
1218910 934.1
1218920 934.3
1218930 934.3
1218940 934.4
1218950 934.6
1218960 934.6
1218970 934.5
1218980 934.1
1218990 934.1
1219000 933.7
1219010 933.4
1219020 933.4
1219030 933.2
1219040 933.0
1219050 933.0
1219060 932.9
1219070 932.9
1219080 932.9
1219090 932.9
1219100 932.9
1219110 933.1
1219120 933.1
1219130 933.7
1219140 934.3
1219150 934.3
1219160 935.5
1219170 937.6
1219180 937.6
1219190 938.0
1219200 936.5
1219210 936.5
1219220 934.7
1219230 933.1
1219240 931.6
1219250 931.1
1219260 930.5
1219270 930.5
1219280 929.9
1219290 929.4
1219300 929.4
1219310 928.9
1219320 928.4
1219330 928.4
1219340 928.0
1219350 927.7
1219360 927.7
1219370 927.3
1219380 926.9
1219390 926.4
1219400 926.4
1219410 926.1
1219420 925.8
1219430 925.8
1219440 925.5
1219450 925.3
1219460 925.3
1219470 925.1
1219480 924.9
1219490 924.9
1219500 924.9
1219510 924.8
1219520 924.8
1219530 924.6
1219540 924.4
1219550 924.4
1219560 924.1
1219570 923.8
1219580 923.8
1219590 923.3
1219600 922.8
1219610 922.8
1219620 922.2
1219630 921.7
1219640 921.7
1219650 921.4
1219660 921.4
1219670 921.7
1219680 921.7
1219690 922.5
1219700 923.1
1219710 923.1
1219720 923.2
1219730 923.4
1219740 923.4
1219750 923.6
1219760 923.8
1219770 923.8
1219780 923.8
1219790 924.0
1219800 924.0
1219810 924.2
1219820 924.3
1219830 924.3
1219840 924.5
1219850 924.6
1219860 924.6
1219870 924.6
1219880 924.5
1219890 924.5
1219900 924.3
1219910 924.1
1219920 924.1
1219930 923.7
1219940 923.0
1219950 922.2
1219960 922.2
1219970 921.2
1219980 919.8
1219990 919.8
1200000 1852.0
1200010 1852.0
1200020 1849.7
1200030 1846.7
1200040 1846.7
1200050 1843.8
1200060 1840.6
1200070 1840.6
1200080 1837.7
1200090 1835.0
1200100 1835.0
1200110 1831.8
1200120 1829.0
1200130 1829.0
1200140 1826.6
1200150 1823.8
1200160 1820.8
1200170 1820.8
1200180 1818.6
1200190 1817.4
1200200 1817.4
1200210 1816.1
1200220 1814.5
1200230 1808.4
1200240 1806.2
1200250 1804.2
1200260 1804.2
1200270 1801.7
1200280 1799.7
1200290 1799.7
1200300 1797.0
1200310 1794.0
1200320 1794.0
1200330 1790.5
1200340 1787.3
1200350 1787.3
1200360 1783.7
1200370 1779.6
1200380 1779.6
1200390 1777.3
1200400 1776.0
1200410 1776.0
1200420 1774.4
1200430 1772.1
1200440 1768.3
1200450 1768.3
1200460 1764.1
1200470 1759.5
1200480 1759.5
1200490 1755.5
1200500 1751.4
1200510 1751.4
1200520 1747.8
1200530 1744.1
1200540 1744.1
1200550 1739.9
1200560 1735.6
1200570 1735.6
1200580 1731.9
1200590 1728.3
1200600 1728.3
1200610 1724.9
1200620 1722.1
1200630 1722.1
1200640 1718.8
1200650 1716.1
1200660 1716.1
1200670 1712.8
1200680 1704.5
1200690 1704.5
1200700 1699.9
1200710 1696.5
1200720 1695.5
1200730 1695.5
1200740 1691.3
1200750 1686.5
1200760 1686.5
1200770 1682.3
1200780 1679.4
1200790 1679.4
1200800 1676.8
1200810 1672.2
1200820 1672.2
1200830 1664.6
1200840 1658.7
1200850 1658.7
1200860 1657.3
1200870 1659.1
1200880 1659.1
1200890 1659.7
1200900 1660.5
1200910 1660.5
1200920 1660.8
1200930 1660.8
1200940 1660.8
1200950 1662.4
1200960 1663.4
1200970 1663.4
1200980 1663.3
1200990 1661.8
1201000 1660.9
1201010 1660.9
1201020 1660.2
1201030 1660.1
1201040 1660.1
1201050 1658.9
1201060 1654.9
1201070 1654.9
1201080 1654.2
1201090 1655.1
1201100 1655.1
1201110 1657.3
1201120 1655.1
1201130 1645.7
1201140 1644.4
1201150 1649.1
1201160 1649.1
1201170 1656.0
1201180 1659.9
1201190 1659.9
1201200 1658.3
1201210 1654.2
1201220 1654.2
1201230 1653.0
1201240 1655.6
1201250 1655.6
1201260 1657.7
1201270 1658.2
1201280 1657.1
1201290 1657.1
1201300 1655.4
1201310 1651.5
1201320 1651.5
1201330 1639.1
1201340 1624.9
1201350 1624.9
1201360 1610.8
1201370 1598.0
1201380 1598.0
1201390 1589.5
1201400 1582.5
1201410 1582.5
1201420 1575.7
1201430 1568.3
1201440 1568.3
1201450 1557.3
1201460 1547.3
1201470 1547.3
1201480 1536.4
1201490 1523.1
1201500 1523.1
1201510 1515.5
1201520 1509.5
1201530 1509.5
1201540 1506.3
1201550 1504.1
1201560 1501.1
1201570 1501.1
1201580 1483.6
1201590 1480.0
1201600 1480.0
1201610 1479.4
1201620 1480.9
1201630 1480.9
1201640 1479.2
1201650 1473.9
1201660 1473.9
1201670 1467.9
1201680 1461.3
1201690 1461.3
1201700 1452.2
1201710 1443.0
1201720 1443.0
1201730 1438.1
1201740 1432.7
1201750 1432.7
1201760 1427.1
1201770 1422.7
1201780 1422.7
1201790 1418.7
1201800 1413.6
1201810 1413.6
1201820 1408.2
1201830 1403.7
1201840 1399.2
1201850 1399.2
1201860 1394.3
1201870 1389.2
1201880 1389.2
1201890 1384.2
1201900 1380.3
1201910 1380.3
1201920 1376.9
1201930 1373.8
1201940 1373.8
1201950 1371.9
1201960 1369.4
1201970 1369.4
1201980 1365.0
1201990 1360.9
1202000 1360.9
1202010 1355.7
1202020 1349.9
1202030 1344.1
1202040 1339.7
1202050 1335.5
1202060 1335.5
1202070 1330.8
1202080 1325.7
1202090 1325.7
1202100 1321.0
1202110 1316.8
1202120 1312.4
1202130 1312.4
1202140 1306.9
1202150 1301.7
1202160 1301.7
1202170 1296.9
1202180 1292.8
1202190 1292.8
1202200 1287.7
1202210 1281.5
1202220 1281.5
1202230 1275.5
1202240 1272.9
1202250 1272.9
1202260 1272.1
1202270 1270.9
1202280 1270.9
1202290 1269.2
1202300 1266.4
1202310 1266.4
1202320 1264.6
1202330 1262.6
1202340 1262.6
1202350 1259.1
1202360 1254.6
1202370 1250.1
1202380 1250.1
1202390 1246.9
1202400 1244.9
1202410 1244.9
1202420 1243.7
1202430 1242.6
1202440 1242.6
1202450 1237.5
1202460 1231.2
1202470 1231.2
1202480 1216.3
1202490 1213.3
1202500 1213.3
1202510 1210.6
1202520 1207.2
1202530 1207.2
1202540 1203.0
1202550 1198.8
1202560 1198.8
1202570 1194.3
1202580 1189.6
1202590 1189.6
1202600 1184.1
1202610 1179.4
1202620 1179.4
1202630 1177.0
1202640 1174.1
1202650 1169.2
1202660 1169.2
1202670 1163.6
1202680 1160.9
1202690 1160.9
1202700 1158.1
1202710 1155.1
1202720 1155.1
1202730 1154.4
1202740 1155.5
1202750 1155.5
1202760 1154.5
1202770 1149.9
1202780 1149.9
1202790 1144.0
1202800 1142.8
1202810 1142.8
1202820 1145.8
1202830 1149.1
1202840 1149.1
1202850 1150.5
1202860 1149.3
1202870 1149.3
1202880 1148.0
1202890 1147.7
1202900 1147.7
1202910 1146.4
1202920 1143.4
1202930 1139.7
1202940 1146.2
1202950 1141.3
1202960 1136.6
1202970 1136.6
1202980 1132.7
1202990 1127.8
1203000 1127.8
1203010 1122.6
1203020 1119.3
1203030 1119.3
1203040 1115.6
1203050 1112.0
1203060 1112.0
1203070 1110.0
1203080 1108.8
1203090 1108.8
1203100 1107.6
1203110 1106.6
1203120 1106.6
1203130 1105.5
1203140 1104.2
1203150 1104.2
1203160 1103.1
1203170 1101.2
1203180 1101.2
1203190 1099.6
1203200 1097.6
1203210 1095.6
1203220 1095.6
1203230 1093.4
1203240 1091.5
1203250 1091.5
1203260 1090.4
1203270 1090.3
1203280 1090.3
1203290 1088.9
1203300 1086.7
1203310 1086.7
1203320 1084.8
1203330 1083.1
1203340 1083.1
1203350 1081.0
1203360 1078.1
1203370 1078.1
1203380 1076.6
1203390 1084.3
1203400 1084.3
1203410 1091.1
1203420 1093.4
1203430 1093.4
1203440 1096.2
1203450 1102.8
1203460 1102.8
1203470 1111.2
1203480 1120.4
1203490 1128.5
1203500 1128.5
1203510 1135.1
1203520 1141.8
1203530 1141.8
1203540 1148.8
1203550 1155.8
1203560 1155.8
1203570 1161.6
1203580 1160.3
1203590 1160.3
1203600 1153.1
1203610 1146.0
1203620 1146.0
1203630 1142.9
1203640 1144.3
1203650 1144.3
1203660 1150.2
1203670 1157.1
1203680 1157.1
1203690 1165.1
1203700 1173.7
1203710 1173.7
1203720 1178.8
1203730 1177.5
1203740 1177.5
1203750 1177.5
1203760 1176.9
1203770 1175.3
1203780 1175.3
1203790 1173.4
1203800 1167.7
1203810 1167.7
1203820 1160.6
1203830 1167.3
1203840 1175.1
1203850 1184.9
1203860 1190.7
1203870 1190.7
1203880 1195.1
1203890 1197.2
1203900 1197.2
1203910 1198.1
1203920 1199.6
1203930 1199.6
1203940 1204.3
1203950 1209.1
1203960 1209.1
1203970 1210.4
1203980 1210.4
1203990 1210.4
1204000 1214.4
1204010 1217.3
1204020 1217.3
1204030 1216.8
1204040 1219.0
1204050 1220.9
1204060 1220.9
1204070 1217.8
1204080 1219.1
1204090 1219.1
1204100 1223.1
1204110 1226.4
1204120 1226.4
1204130 1227.5
1204140 1229.4
1204150 1229.4
1204160 1229.9
1204170 1232.7
1204180 1232.7
1204190 1236.8
1204200 1240.3
1204210 1240.3
1204220 1242.7
1204230 1243.8
1204240 1243.8
1204250 1243.2
1204260 1243.3
1204270 1243.3
1204280 1241.9
1204290 1240.9
1204300 1247.3
1204310 1247.0
1204320 1249.2
1204330 1252.3
1204340 1252.3
1204350 1253.4
1204360 1256.3
1204370 1256.3
1204380 1258.0
1204390 1249.7
1204400 1249.7
1204410 1238.8
1204420 1229.8
1204430 1229.8
1204440 1216.0
1204450 1209.4
1204460 1209.4
1204470 1214.5
1204480 1209.2
1204490 1209.2
1204500 1200.5
1204510 1194.5
1204520 1194.5
1204530 1197.6
1204540 1194.9
1204550 1194.9
1204560 1189.4
1204570 1186.1
1204580 1186.1
1204590 1185.1
1204600 1183.2
1204610 1175.6
1204620 1175.6
1204630 1166.2
1204640 1156.2
1204650 1156.2
1204660 1143.9
1204670 1133.0
1204680 1133.0
1204690 1126.7
1204700 1122.3
1204710 1122.3
1204720 1119.8
1204730 1123.7
1204740 1123.7
1204750 1136.5
1204760 1143.7
1204770 1143.7
1204780 1149.3
1204790 1143.8
1204800 1143.8
1204810 1139.2
1204820 1133.9
1204830 1133.9
1204840 1130.5
1204850 1119.3
1204860 1119.3
1204870 1111.4
1204880 1110.9
1204890 1106.0
1204900 1106.0
1204910 1099.7
1204920 1093.0
1204930 1093.0
1204940 1087.7
1204950 1072.2
1204960 1072.2
1204970 1050.1
1204980 1045.7
1204990 1045.7
1205000 1055.8
1205010 1057.2
1205020 1057.2
1205030 1046.6
1205040 1035.2
1205050 1035.2
1205060 1025.9
1205070 1021.6
1205080 1021.6
1205090 1019.4
1205100 1018.3
1205110 1018.3
1205120 1014.6
1205130 1007.2
1205140 1007.2
1205150 1000.0
1205160 991.5
1205170 979.1
1205180 979.1
1205190 968.7
1205200 961.3
1205210 961.7
1205220 951.0
1205230 943.8
1205240 943.8
1205250 941.9
1205260 939.4
1205270 939.4
1205280 934.3
1205290 929.2
1205300 929.2
1205310 924.3
1205320 919.5
1205330 919.5
1205340 914.1
1205350 908.8
1205360 908.8
1205370 904.1
1205380 900.4
1205390 900.4
1205400 897.3
1205410 893.4
1205420 893.4
1205430 889.2
1205440 884.9
1205450 880.8
1205460 880.8
1205470 876.5
1205480 872.1
1205490 872.1
1205500 867.6
1205510 863.0
1205520 863.0
1205530 858.8
1205540 854.6
1205550 854.6
1205560 853.0
1205570 851.7
1205580 851.7
1205590 850.8
1205600 849.2
1205610 849.2
1205620 846.7
1205630 845.4
1205640 845.4
1205650 844.8
1205660 844.6
1205670 844.6
1205680 844.4
1205690 844.1
1205700 844.1
1205710 843.4
1205720 842.8
1205730 842.3
1205740 842.3
1205750 841.9
1205760 841.3
1205770 841.3
1205780 840.0
1205790 839.1
1205800 839.1
1205810 838.4
1205820 838.0
1205830 838.0
1205840 838.3
1205850 838.3
1205860 838.3
1205870 838.1
1205880 837.7
1205890 837.7
1205900 837.4
1205910 837.1
1205920 837.1
1205930 837.2
1205940 837.8
1205950 837.8
1205960 838.2
1205970 837.6
1205980 837.6
1205990 838.6
1206000 836.9
1206010 836.0
1206020 836.0
1206030 835.9
1206040 835.7
1206050 835.7
1206060 835.4
1206070 835.0
1206080 835.0
1206090 834.7
1206100 834.4
1206110 834.4
1206120 834.4
1206130 834.1
1206140 834.1
1206150 833.8
1206160 833.7
1206170 833.7
1206180 833.5
1206190 833.3
1206200 833.3
1206210 833.2
1206220 833.1
1206230 833.1
1206240 833.1
1206250 833.4
1206260 833.4
1206270 833.8
1206280 833.6
1206290 833.5
1206300 833.5
1206310 833.7
1206320 833.8
1206330 833.8
1206340 833.7
1206350 834.2
1206360 834.2
1206370 834.5
1206380 834.2
1206390 834.2
1206400 834.2
1206410 834.2
1206420 834.2
1206430 833.8
1206440 834.0
1206450 834.0
1206460 835.6
1206470 836.8
1206480 836.8
1206490 836.8
1206500 836.6
1206510 836.6
1206520 836.3
1206530 836.1
1206540 836.1
1206550 835.9
1206560 835.8
1206570 835.5
1206580 835.5
1206590 835.3
1206600 835.6
1206610 835.6
1206620 835.6
1206630 835.2
1206640 835.2
1206650 834.6
1206660 834.1
1206670 834.1
1206680 833.8
1206690 833.7
1206700 833.7
1206710 833.5
1206720 833.5
1206730 833.5
1206740 833.6
1206750 833.7
1206760 833.7
1206770 833.8
1206780 834.1
1206790 834.1
1206800 834.1
1206810 834.2
1206820 834.2
1206830 833.9
1206840 834.0
1206850 834.1
1206860 834.1
1206870 834.0
1206880 833.9
1206890 833.9
1206900 834.0
1206910 834.3
1206920 834.3
1206930 834.4
1206940 834.7
1206950 834.7
1206960 836.0
1206970 836.8
1206980 836.8
1206990 836.7
1207000 836.8
1207010 836.8
1207020 836.7
1207030 836.7
1207040 836.3
1207050 836.5
1207060 837.5
1207070 837.5
1207080 837.0
1207090 836.8
1207100 836.8
1207110 836.8
1207120 836.9
1207130 837.0
1207140 837.0
1207150 837.2
1207160 837.4
1207170 837.4
1207180 837.8
1207190 838.3
1207200 838.3
1207210 838.1
1207220 838.4
1207230 838.4
1207240 838.3
1207250 838.0
1207260 838.0
1207270 837.9
1207280 837.9
1207290 837.9
1207300 837.9
1207310 837.9
1207320 837.9
1207330 838.0
1207340 838.1
1207350 838.1
1207360 838.4
1207370 838.9
1207380 838.9
1207390 839.4
1207400 839.9
1207410 840.8
1207420 840.8
1207430 841.8
1207440 842.9
1207450 842.9
1207460 844.0
1207470 844.8
1207480 844.8
1207490 846.2
1207500 844.5
1207510 844.5
1207520 845.4
1207530 846.4
1207540 846.4
1207550 847.2
1207560 848.6
1207570 848.6
1207580 850.5
1207590 852.6
1207600 852.6
1207610 855.6
1207620 858.6
1207630 858.6
1207640 862.0
1207650 865.7
1207660 865.7
1207670 870.2
1207680 874.0
1207690 878.5
1207700 878.5
1207710 883.5
1207720 888.9
1207730 888.9
1207740 894.2
1207750 898.5
1207760 898.5
1207770 903.1
1207780 907.6
1207790 907.6
1207800 912.2
1207810 917.5
1207820 917.5
1207830 923.2
1207840 929.3
1207850 929.3
1207860 936.1
1207870 943.1
1207880 943.1
1207890 953.4
1207900 966.1
1207910 966.1
1207920 976.2
1207930 980.7
1207940 980.7
1207950 982.4
1207960 985.0
1207970 991.0
1207980 991.0
1207990 997.4
1208000 1003.6
1208010 1003.6
1208020 1008.6
1208030 1011.8
1208040 1011.8
1208050 1014.7
1208060 1017.8
1208070 1017.8
1208080 1020.8
1208090 1023.9
1208100 1023.9
1208110 1027.3
1208120 1027.7
1208130 1027.7
1208140 1027.8
1208150 1028.7
1208160 1028.7
1208170 1026.7
1208180 1023.5
1208190 1023.5
1208200 1020.2
1208210 1019.0
1208220 1019.0
1208230 1018.4
1208240 1017.2
1208250 1017.5
1208260 1017.5
1208270 1019.4
1208280 1021.6
1208290 1021.6
1208300 1024.7
1208310 1029.5
1208320 1029.5
1208330 1035.3
1208340 1041.5
1208350 1041.5
1208360 1047.7
1208370 1052.4
1208380 1052.4
1208390 1054.0
1208400 1054.3
1208410 1054.3
1208420 1048.4
1208430 1042.0
1208440 1042.0
1208450 1035.2
1208460 1028.8
1208470 1028.8
1208480 1023.3
1208490 1021.0
1208500 1021.0
1208510 1022.4
1208520 1024.1
1208530 1025.7
1208540 1025.7
1208550 1029.2
1208560 1033.3
1208570 1033.3
1208580 1035.2
1208590 1037.5
1208600 1037.5
1208610 1039.2
1208620 1039.2
1208630 1039.2
1208640 1039.8
1208650 1043.9
1208660 1043.9
1208670 1049.4
1208680 1054.5
1208690 1054.5
1208700 1056.4
1208710 1056.5
1208720 1056.5
1208730 1054.9
1208740 1052.2
1208750 1052.2
1208760 1050.2
1208770 1050.4
1208780 1050.4
1208790 1049.9
1208800 1046.1
1208810 1043.1
1208820 1043.1
1208830 1041.8
1208840 1039.3
1208850 1039.3
1208860 1036.1
1208870 1034.7
1208880 1028.3
1208890 1027.2
1208900 1025.4
1208910 1025.4
1208920 1023.2
1208930 1021.6
1208940 1021.6
1208950 1018.5
1208960 1014.5
1208970 1014.5
1208980 1011.3
1208990 1008.9
1209000 1008.9
1209010 1006.6
1209020 1004.5
1209030 1004.5
1209040 1003.7
1209050 1003.1
1209060 1003.1
1209070 1001.8
1209080 1001.5
1209090 1001.4
1209100 1001.4
1209110 1000.3
1209120 997.2
1209130 997.2
1209140 992.6
1209150 989.8
1209160 989.8
1209170 985.8
1209180 981.8
1209190 981.8
1209200 978.2
1209210 975.8
1209220 975.8
1209230 974.2
1209240 973.3
1209250 973.3
1209260 970.2
1209270 965.5
1209280 965.5
1209290 964.4
1209300 965.5
1209310 965.5
1209320 964.9
1209330 964.8
1209340 962.0
1209350 962.1
1209360 962.5
1209370 962.4
1209380 962.4
1209390 962.3
1209400 961.7
1209410 961.7
1209420 961.1
1209430 960.8
1209440 960.8
1209450 960.9
1209460 961.2
1209470 961.2
1209480 962.0
1209490 963.2
1209500 963.2
1209510 964.1
1209520 964.7
1209530 964.7
1209540 965.9
1209550 967.0
1209560 967.0
1209570 968.8
1209580 970.2
1209590 970.2
1209600 971.2
1209610 971.9
1209620 971.9
1209630 972.4
1209640 973.5
1209650 975.4
1209660 975.4
1209670 977.3
1209680 978.6
1209690 978.6
1209700 979.6
1209710 980.2
1209720 980.2
1209730 981.0
1209740 981.6
1209750 981.6
1209760 980.3
1209770 975.9
1209780 975.9
1209790 972.7
1209800 970.1
1209810 965.5
1209820 962.9
1209830 961.0
1209840 961.0
1209850 959.1
1209860 957.5
1209870 957.5
1209880 955.1
1209890 953.4
1209900 953.4
1209910 952.3
1209920 951.8
1209930 951.7
1209940 951.7
1209950 952.0
1209960 952.2
1209970 952.2
1209980 952.1
1209990 951.8
1210000 951.8
1210010 951.8
1210020 951.8
1210030 951.8
1210040 951.8
1210050 952.2
1210060 952.2
1210070 952.8
1210080 953.6
1210090 953.6
1210100 954.1
1210110 954.6
1210120 954.6
1210130 954.9
1210140 955.4
1210150 955.4
1210160 956.2
1210170 957.7
1210180 957.7
1210190 959.0
1210200 959.7
1210210 960.3
1210220 960.3
1210230 960.3
1210240 959.4
1210250 959.4
1210260 958.4
1210270 953.3
1210280 953.3
1210290 949.9
1210300 947.3
1210310 947.3
1210320 946.8
1210330 946.7
1210340 946.7
1210350 947.2
1210360 947.9
1210370 947.9
1210380 949.0
1210390 949.9
1210400 949.9
1210410 951.0
1210420 952.6
1210430 952.6
1210440 954.6
1210450 956.3
1210460 956.3
1210470 957.8
1210480 959.2
1210490 960.6
1210500 960.6
1210510 962.6
1210520 964.7
1210530 964.7
1210540 966.4
1210550 968.6
1210560 968.6
1210570 970.8
1210580 970.8
1210590 970.8
1210600 974.4
1210610 980.0
1210620 980.0
1210630 982.1
1210640 983.4
1210650 983.4
1210660 984.3
1210670 986.0
1210680 986.0
1210690 988.7
1210700 991.7
1210710 991.7
1210720 994.7
1210730 992.8
1210740 992.8
1210750 993.5
1210760 994.0
1210770 994.0
1210780 994.0
1210790 994.2
1210800 995.0
1210810 995.0
1210820 996.1
1210830 997.7
1210840 997.7
1210850 999.8
1210860 1002.4
1210870 1002.4
1210880 1005.0
1210890 1006.9
1210900 1006.9
1210910 1006.4
1210920 1004.2
1210930 1004.2
1210940 1002.4
1210950 1001.5
1210960 1001.5
1210970 1001.5
1210980 1001.5
1210990 1001.5
1211000 1002.2
1211010 1003.3
1211020 1004.5
1211030 1004.5
1211040 1005.2
1211050 1004.9
1211060 1004.9
1211070 1005.4
1211080 1007.4
1211090 1007.4
1211100 1008.4
1211110 1010.9
1211120 1010.9
1211130 1016.4
1211140 1022.3
1211150 1022.3
1211160 1025.9
1211170 1031.6
1211180 1031.6
1211190 1039.0
1211200 1044.2
1211210 1044.2
1211220 1046.5
1211230 1048.5
1211240 1048.5
1211250 1050.8
1211260 1054.2
1211270 1054.2
1211280 1059.0
1211290 1063.5
1211300 1068.0
1211310 1068.0
1211320 1071.1
1211330 1073.9
1211340 1073.9
1211350 1076.6
1211360 1076.9
1211370 1076.9
1211380 1075.4
1211390 1073.1
1211400 1073.1
1211410 1070.2
1211420 1067.3
1211430 1067.3
1211440 1065.2
1211450 1063.8
1211460 1063.8
1211470 1063.2
1211480 1063.3
1211490 1063.3
1211500 1063.8
1211510 1064.4
1211520 1064.4
1211530 1065.0
1211540 1065.4
1211550 1065.4
1211560 1065.9
1211570 1066.7
1211580 1067.6
1211590 1067.6
1211600 1068.3
1211610 1069.2
1211620 1069.2
1211630 1070.1
1211640 1071.6
1211650 1071.6
1211660 1073.6
1211670 1080.0
1211680 1080.0
1211690 1082.1
1211700 1083.6
1211710 1083.6
1211720 1085.2
1211730 1086.8
1211740 1086.8
1211750 1087.8
1211760 1087.1
1211770 1087.1
1211780 1085.5
1211790 1083.7
1211800 1083.7
1211810 1082.6
1211820 1081.5
1211830 1081.5
1211840 1077.9
1211850 1072.8
1211860 1069.0
1211870 1069.0
1211880 1066.3
1211890 1064.4
1211900 1064.4
1211910 1063.5
1211920 1063.0
1211930 1063.0
1211940 1063.3
1211950 1064.3
1211960 1064.3
1211970 1066.9
1211980 1070.6
1211990 1070.6
1212000 1069.6
1212010 1067.5
1212020 1067.5
1212030 1067.6
1212040 1069.2
1212050 1069.2
1212060 1073.2
1212070 1075.8
1212080 1075.8
1212090 1076.1
1212100 1075.3
1212110 1075.3
1212120 1076.5
1212130 1072.9
1212140 1071.4
1212150 1071.4
1212160 1068.9
1212170 1067.0
1212180 1067.0
1212190 1066.7
1212200 1066.4
1212210 1066.4
1212220 1063.2
1212230 1061.6
1212240 1061.6
1212250 1062.0
1212260 1064.3
1212270 1064.3
1212280 1068.8
1212290 1072.7
1212300 1072.7
1212310 1076.1
1212320 1079.3
1212330 1079.3
1212340 1082.0
1212350 1084.9
1212360 1084.9
1212370 1088.7
1212380 1091.1
1212390 1091.1
1212400 1093.7
1212410 1095.1
1212420 1098.6
1212430 1098.6
1212440 1101.7
1212450 1102.3
1212460 1102.3
1212470 1102.0
1212480 1101.8
1212490 1101.8
1212500 1104.2
1212510 1103.8
1212520 1103.8
1212530 1101.4
1212540 1101.9
1212550 1101.9
1212560 1105.3
1212570 1105.2
1212580 1105.2
1212590 1106.2
1212600 1116.0
1212610 1116.0
1212620 1117.9
1212630 1119.6
1212640 1119.6
1212650 1120.3
1212660 1122.6
1212670 1122.6
1212680 1125.3
1212690 1126.5
1212700 1124.5
1212710 1124.5
1212720 1126.2
1212730 1131.7
1212740 1131.7
1212750 1138.7
1212760 1141.2
1212770 1141.2
1212780 1141.4
1212790 1141.3
1212800 1141.3
1212810 1141.2
1212820 1141.5
1212830 1141.5
1212840 1142.1
1212850 1143.5
1212860 1143.5
1212870 1145.2
1212880 1146.5
1212890 1146.5
1212900 1147.0
1212910 1148.2
1212920 1148.2
1212930 1151.5
1212940 1155.3
1212950 1155.3
1212960 1157.0
1212970 1157.2
1212980 1156.7
1212990 1156.7
1213000 1156.3
1213010 1156.3
1213020 1156.3
1213030 1156.4
1213040 1156.3
1213050 1156.3
1213060 1156.1
1213070 1154.1
1213080 1154.1
1213090 1153.8
1213100 1153.6
1213110 1153.6
1213120 1153.4
1213130 1152.8
1213140 1152.8
1213150 1151.4
1213160 1151.1
1213170 1151.1
1213180 1151.1
1213190 1151.0
1213200 1151.0
1213210 1150.9
1213220 1150.7
1213230 1150.7
1213240 1150.6
1213250 1150.5
1213260 1150.4
1213270 1150.4
1213280 1150.3
1213290 1150.3
1213300 1150.3
1213310 1150.4
1213320 1150.5
1213330 1150.5
1213340 1150.8
1213350 1151.4
1213360 1151.4
1213370 1151.7
1213380 1151.8
1213390 1151.8
1213400 1152.0
1213410 1152.6
1213420 1152.6
1213430 1153.3
1213440 1154.0
1213450 1154.0
1213460 1154.3
1213470 1154.3
1213480 1154.3
1213490 1154.2
1213500 1154.3
1213510 1154.3
1213520 1154.6
1213530 1155.0
1213540 1155.7
1213550 1155.7
1213560 1156.3
1213570 1156.8
1213580 1156.8
1213590 1157.2
1213600 1157.7
1213610 1157.7
1213620 1158.1
1213630 1158.5
1213640 1158.5
1213650 1159.0
1213660 1159.8
1213670 1159.8
1213680 1160.9
1213690 1161.6
1213700 1161.6
1213710 1162.8
1213720 1165.8
1213730 1165.8
1213740 1167.2
1213750 1166.3
1213760 1166.3
1213770 1167.1
1213780 1168.5
1213790 1168.5
1213800 1170.1
1213810 1171.7
1213820 1172.2
1213830 1172.2
1213840 1171.9
1213850 1171.6
1213860 1171.6
1213870 1166.8
1213880 1164.6
1213890 1164.6
1213900 1164.6
1213910 1165.0
1213920 1165.0
1213930 1165.1
1213940 1162.6
1213950 1162.6
1213960 1160.6
1213970 1160.6
1213980 1160.6
1213990 1162.0
1214000 1163.9
1214010 1166.6
1214020 1170.8
1214030 1174.0
1214040 1174.0
1214050 1175.3
1214060 1176.2
1214070 1176.2
1214080 1177.7
1214090 1179.9
1214100 1182.1
1214110 1182.1
1214120 1184.5
1214130 1187.3
1214140 1187.3
1214150 1190.4
1214160 1193.9
1214170 1193.9
1214180 1197.1
1214190 1199.8
1214200 1199.8
1214210 1202.1
1214220 1205.4
1214230 1205.4
1214240 1209.4
1214250 1213.4
1214260 1213.4
1214270 1217.0
1214280 1220.2
1214290 1220.2
1214300 1224.0
1214310 1227.8
1214320 1227.8
1214330 1230.9
1214340 1233.9
1214350 1233.9
1214360 1237.9
1214370 1242.0
1214380 1246.6
1214390 1246.6
1214400 1251.2
1214410 1255.9
1214420 1255.9
1214430 1260.4
1214440 1265.3
1214450 1265.3
1214460 1270.2
1214470 1275.5
1214480 1277.1
1214490 1282.2
1214500 1287.6
1214510 1287.6
1214520 1293.2
1214530 1298.8
1214540 1298.8
1214550 1304.5
1214560 1310.2
1214570 1310.2
1214580 1315.7
1214590 1320.8
1214600 1320.8
1214610 1326.0
1214620 1331.3
1214630 1331.3
1214640 1336.4
1214650 1341.3
1214660 1345.8
1214670 1345.8
1214680 1350.0
1214690 1354.0
1214700 1354.0
1214710 1358.0
1214720 1361.9
1214730 1361.9
1214740 1365.8
1214750 1369.5
1214760 1369.5
1214770 1373.3
1214780 1376.7
1214790 1376.7
1214800 1380.1
1214810 1383.5
1214820 1383.5
1214830 1387.1
1214840 1390.8
1214850 1390.8
1214860 1394.1
1214870 1397.3
1214880 1397.3
1214890 1400.1
1214900 1402.7
1214910 1402.7
1214920 1405.3
1214930 1408.4
1214940 1412.4
1214950 1408.3
1214960 1411.7
1214970 1415.4
1214980 1415.4
1214990 1419.1
1215000 1423.1
1215010 1423.1
1215020 1426.3
1215030 1429.1
1215040 1429.1
1215050 1432.4
1215060 1436.8
1215070 1436.8
1215080 1439.8
1215090 1442.6
1215100 1442.6
1215110 1445.1
1215120 1447.1
1215130 1447.1
1215140 1447.9
1215150 1447.3
1215160 1447.3
1215170 1447.6
1215180 1447.4
1215190 1447.4
1215200 1449.4
1215210 1451.6
1215220 1452.0
1215230 1452.0
1215240 1452.0
1215250 1452.5
1215260 1452.5
1215270 1454.5
1215280 1456.2
1215290 1456.2
1215300 1457.5
1215310 1462.9
1215320 1462.9
1215330 1471.3
1215340 1479.9
1215350 1479.9
1215360 1486.3
1215370 1491.2
1215380 1491.2
1215390 1494.9
1215400 1499.3
1215410 1499.3
1215420 1503.6
1215430 1497.5
1215440 1497.5
1215450 1499.7
1215460 1500.7
1215470 1500.7
1215480 1502.0
1215490 1503.6
1215500 1506.6
1215510 1506.6
1215520 1510.8
1215530 1515.8
1215540 1515.8
1215550 1520.4
1215560 1522.3
1215570 1522.3
1215580 1522.1
1215590 1523.0
1215600 1523.0
1215610 1526.2
1215620 1531.8
1215630 1531.8
1215640 1538.9
1215650 1546.7
1215660 1546.7
1215670 1553.3
1215680 1558.3
1215690 1558.3
1215700 1562.2
1215710 1565.4
1215720 1565.4
1215730 1568.3
1215740 1570.7
1215750 1570.7
1215760 1573.0
1215770 1574.6
1215780 1575.8
1215790 1575.8
1215800 1576.5
1215810 1576.8
1215820 1576.8
1215830 1576.9
1215840 1576.7
1215850 1576.7
1215860 1576.1
1215870 1574.5
1215880 1574.5
1215890 1572.2
1215900 1563.9
1215910 1563.9
1215920 1561.1
1215930 1557.5
1215940 1557.5
1215950 1553.4
1215960 1548.4
1215970 1548.4
1215980 1542.9
1215990 1538.1
1216000 1538.1
1216010 1533.6
1216020 1527.8
1216030 1522.9
1216040 1522.9
1216050 1518.2
1216060 1513.4
1216070 1513.4
1216080 1508.8
1216090 1502.7
1216100 1502.7
1216110 1495.0
1216120 1485.4
1216130 1485.4
1216140 1476.6
1216150 1468.0
1216160 1468.0
1216170 1457.9
1216180 1451.0
1216190 1451.0
1216200 1448.9
1216210 1444.1
1216220 1444.1
1216230 1437.8
1216240 1430.9
1216250 1430.9
1216260 1426.9
1216270 1426.6
1216280 1426.6
1216290 1423.4
1216300 1417.8
1216310 1411.1
1216320 1411.1
1216330 1402.3
1216340 1394.1
1216350 1394.1
1216360 1386.4
1216370 1373.6
1216380 1373.6
1216390 1365.7
1216400 1357.7
1216410 1357.7
1216420 1350.3
1216430 1343.5
1216440 1343.5
1216450 1336.4
1216460 1329.1
1216470 1329.1
1216480 1322.2
1216490 1316.1
1216500 1316.1
1216510 1310.0
1216520 1303.8
1216530 1303.8
1216540 1299.6
1216550 1297.6
1216560 1297.6
1216570 1291.6
1216580 1283.2
1216590 1274.7
1216600 1274.7
1216610 1266.8
1216620 1259.5
1216630 1259.5
1216640 1252.5
1216650 1245.1
1216660 1245.1
1216670 1236.8
1216680 1230.8
1216690 1230.8
1216700 1225.5
1216710 1221.1
1216720 1221.1
1216730 1217.5
1216740 1213.8
1216750 1213.8
1216760 1210.1
1216770 1206.1
1216780 1206.1
1216790 1201.5
1216800 1197.0
1216810 1197.0
1216820 1192.4
1216830 1187.5
1216840 1187.5
1216850 1179.7
1216860 1174.1
1216870 1168.5
1216880 1168.5
1216890 1163.1
1216900 1157.9
1216910 1157.9
1216920 1152.7
1216930 1147.6
1216940 1147.6
1216950 1142.9
1216960 1138.0
1216970 1138.0
1216980 1133.4
1216990 1129.6
1217000 1129.6
1217010 1127.0
1217020 1125.3
1217030 1125.3
1217040 1124.4
1217050 1123.8
1217060 1123.8
1217070 1123.6
1217080 1122.5
1217090 1122.5
1217100 1120.8
1217110 1119.7
1217120 1119.7
1217130 1118.0
1217140 1116.8
1217150 1116.0
1217160 1116.0
1217170 1114.4
1217180 1112.7
1217190 1112.7
1217200 1110.9
1217210 1108.8
1217220 1108.8
1217230 1106.9
1217240 1105.1
1217250 1105.1
1217260 1103.1
1217270 1101.2
1217280 1101.2
1217290 1098.7
1217300 1096.3
1217310 1096.3
1217320 1094.4
1217330 1089.6
1217340 1089.6
1217350 1087.7
1217360 1085.7
1217370 1085.7
1217380 1083.0
1217390 1080.2
1217400 1080.2
1217410 1077.5
1217420 1075.6
1217430 1073.8
1217440 1073.8
1217450 1071.7
1217460 1069.8
1217470 1069.8
1217480 1067.8
1217490 1065.4
1217500 1065.4
1217510 1062.8
1217520 1059.9
1217530 1059.9
1217540 1057.6
1217550 1055.8
1217560 1055.8
1217570 1052.8
1217580 1049.7
1217590 1049.7
1217600 1046.8
1217610 1044.2
1217620 1044.2
1217630 1041.4
1217640 1039.1
1217650 1039.1
1217660 1037.5
1217670 1035.5
1217680 1035.5
1217690 1033.1
1217700 1030.5
1217710 1028.0
1217720 1028.0
1217730 1025.6
1217740 1023.1
1217750 1023.1
1217760 1020.5
1217770 1018.2
1217780 1018.2
1217790 1015.8
1217800 1012.0
1217810 1012.0
1217820 1010.0
1217830 1008.6
1217840 1008.6
1217850 1006.7
1217860 1004.7
1217870 1004.7
1217880 1002.8
1217890 1000.5
1217900 1000.5
1217910 998.1
1217920 995.6
1217930 995.6
1217940 993.4
1217950 991.5
1217960 991.5
1217970 989.3
1217980 987.4
1217990 985.8
1218000 985.8
1218010 984.9
1218020 984.0
1218030 984.0
1218040 983.2
1218050 982.2
1218060 982.2
1218070 981.1
1218080 980.0
1218090 980.0
1218100 978.9
1218110 978.1
1218120 978.1
1218130 977.1
1218140 976.0
1218150 976.0
1218160 975.2
1218170 974.9
1218180 974.9
1218190 974.1
1218200 972.7
1218210 972.7
1218220 971.3
1218230 970.4
1218240 970.4
1218250 969.4
1218260 968.4
1218270 967.6
1218280 966.4
1218290 965.6
1218300 964.4
1218310 964.4
1218320 962.7
1218330 961.4
1218340 961.4
1218350 960.3
1218360 959.5
1218370 959.5
1218380 958.7
1218390 958.4
1218400 958.4
1218410 958.4
1218420 958.1
1218430 958.1
1218440 957.4
1218450 956.5
1218460 956.5
1218470 955.1
1218480 953.7
1218490 953.7
1218500 952.4
1218510 951.2
1218520 951.2
1218530 950.7
1218540 949.9
1218550 949.2
1218560 949.2
1218570 948.3
1218580 947.1
1218590 947.1
1218600 945.9
1218610 944.9
1218620 944.9
1218630 944.5
1218640 943.9
1218650 943.9
1218660 943.4
1218670 942.6
1218680 942.6
1218690 941.8
1218700 941.1
1218710 941.1
1218720 940.1
1218730 939.2
1218740 939.2
1218750 938.9
1218760 937.6
1218770 937.6
1218780 937.1
1218790 936.7
1218800 936.7
1218810 936.0
1218820 935.1
1218830 934.6
1218840 934.6
1218850 934.3
1218860 933.9
1218870 933.9
1218880 933.8
1218890 933.9
1218900 933.9
1218910 934.1
1218920 934.3
1218930 934.3
1218940 934.4
1218950 934.6
1218960 934.6
1218970 934.5
1218980 934.1
1218990 934.1
1219000 933.7
1219010 933.4
1219020 933.4
1219030 933.2
1219040 933.0
1219050 933.0
1219060 932.9
1219070 932.9
1219080 932.9
1219090 932.9
1219100 932.9
1219110 933.1
1219120 933.1
1219130 933.7
1219140 934.3
1219150 934.3
1219160 935.5
1219170 937.6
1219180 937.6
1219190 938.0
1219200 936.5
1219210 936.5
1219220 934.7
1219230 933.1
1219240 931.6
1219250 931.1
1219260 930.5
1219270 930.5
1219280 929.9
1219290 929.4
1219300 929.4
1219310 928.9
1219320 928.4
1219330 928.4
1219340 928.0
1219350 927.7
1219360 927.7
1219370 927.3
1219380 926.9
1219390 926.4
1219400 926.4
1219410 926.1
1219420 925.8
1219430 925.8
1219440 925.5
1219450 925.3
1219460 925.3
1219470 925.1
1219480 924.9
1219490 924.9
1219500 924.9
1219510 924.8
1219520 924.8
1219530 924.6
1219540 924.4
1219550 924.4
1219560 924.1
1219570 923.8
1219580 923.8
1219590 923.3
1219600 922.8
1219610 922.8
1219620 922.2
1219630 921.7
1219640 921.7
1219650 921.4
1219660 921.4
1219670 921.7
1219680 921.7
1219690 922.5
1219700 923.1
1219710 923.1
1219720 923.2
1219730 923.4
1219740 923.4
1219750 923.6
1219760 923.8
1219770 923.8
1219780 923.8
1219790 924.0
1219800 924.0
1219810 924.2
1219820 924.3
1219830 924.3
1219840 924.5
1219850 924.6
1219860 924.6
1219870 924.6
1219880 924.5
1219890 924.5
1219900 924.3
1219910 924.1
1219920 924.1
1219930 923.7
1219940 923.0
1219950 922.2
1219960 922.2
1219970 921.2
1219980 919.8
1219990 919.8
