1200000 1430.6
1200010 1427.6
1200020 1427.6
1200030 1425.5
1200040 1422.3
1200050 1422.3
1200060 1417.9
1200070 1415.7
1200080 1415.3
1200090 1415.3
1200100 1414.9
1200110 1412.4
1200120 1412.4
1200130 1411.1
1200140 1409.9
1200150 1409.9
1200160 1406.9
1200170 1406.3
1200180 1406.3
1200190 1406.6
1200200 1407.9
1200210 1407.9
1200220 1407.2
1200230 1405.6
1200240 1405.6
1200250 1402.8
1200260 1401.6
1200270 1401.6
1200280 1402.0
1200290 1402.3
1200300 1402.3
1200310 1403.0
1200320 1403.8
1200330 1403.8
1200340 1403.0
1200350 1403.8
1200360 1404.0
1200370 1404.0
1200380 1403.6
1200390 1402.7
1200400 1402.7
1200410 1399.5
1200420 1397.1
1200430 1397.1
1200440 1385.2
1200450 1365.6
1200460 1365.6
1200470 1358.9
1200480 1354.5
1200490 1354.5
1200500 1348.2
1200510 1347.0
1200520 1347.0
1200530 1353.9
1200540 1361.0
1200550 1361.0
1200560 1368.9
1200570 1377.9
1200580 1377.9
1200590 1386.8
1200600 1395.1
1200610 1395.1
1200620 1402.8
1200630 1410.4
1200640 1418.7
1200650 1418.7
1200660 1425.1
1200670 1429.0
1200680 1429.0
1200690 1430.6
1200700 1430.6
1200710 1430.6
1200720 1433.2
1200730 1437.4
1200740 1437.4
1200750 1440.4
1200760 1441.8
1200770 1441.8
1200780 1441.4
1200790 1440.3
1200800 1440.3
1200810 1441.9
1200820 1445.2
1200830 1445.2
1200840 1450.0
1200850 1453.1
1200860 1453.1
1200870 1453.0
1200880 1453.8
1200890 1453.8
1200900 1451.3
1200910 1455.5
1200920 1455.4
1200930 1455.4
1200940 1457.1
1200950 1462.6
1200960 1462.6
1200970 1467.9
1200980 1472.6
1200990 1472.6
1201000 1475.6
1201010 1476.2
1201020 1476.2
1201030 1473.3
1201040 1475.0
1201050 1475.0
1201060 1481.4
1201070 1486.4
1201080 1486.4
1201090 1490.7
1201100 1494.1
1201110 1494.1
1201120 1495.9
1201130 1497.2
1201140 1497.2
1201150 1499.6
1201160 1502.2
1201170 1502.2
1201180 1505.1
1201190 1507.7
1201200 1509.6
1201210 1509.6
1201220 1506.2
1201230 1497.4
1201240 1497.4
1201250 1489.4
1201260 1481.8
1201270 1481.8
1201280 1476.4
1201290 1474.7
1201300 1474.7
1201310 1474.1
1201320 1472.6
1201330 1472.6
1201340 1469.4
1201350 1464.0
1201360 1464.0
1201370 1458.4
1201380 1451.5
1201390 1451.5
1201400 1446.0
1201410 1440.1
1201420 1440.1
1201430 1432.6
1201440 1426.1
1201450 1426.1
1201460 1418.5
1201470 1411.5
1201480 1405.3
1201490 1405.3
1201500 1399.4
1201510 1393.4
1201520 1393.4
1201530 1387.7
1201540 1381.8
1201550 1381.8
1201560 1376.2
1201570 1370.7
1201580 1370.7
1201590 1364.9
1201600 1359.8
1201610 1359.8
1201620 1355.4
1201630 1349.8
1201640 1349.8
1201650 1344.2
1201660 1339.4
1201670 1339.4
1201680 1334.2
1201690 1328.6
1201700 1328.6
1201710 1322.0
1201720 1315.5
1201730 1315.5
1201740 1309.8
1201750 1304.4
1201760 1298.7
1201770 1298.7
1201780 1293.3
1201790 1287.5
1201800 1288.5
1201810 1282.6
1201820 1276.2
1201830 1276.2
1201840 1272.2
1201850 1270.3
1201860 1270.3
1201870 1265.8
1201880 1261.7
1201890 1261.7
1201900 1257.9
1201910 1253.3
1201920 1253.3
1201930 1249.6
1201940 1245.1
1201950 1245.1
1201960 1241.4
1201970 1241.6
1201980 1241.6
1201990 1241.1
1202000 1239.6
1202010 1239.6
1202020 1239.2
1202030 1238.9
1202040 1238.9
1202050 1240.6
1202060 1243.2
1202070 1246.1
1202080 1246.1
1202090 1247.7
1202100 1249.2
1202110 1249.2
1202120 1251.5
1202130 1254.4
1202140 1254.4
1202150 1258.9
1202160 1265.5
1202170 1265.5
1202180 1271.9
1202190 1278.7
1202200 1278.7
1202210 1286.2
1202220 1293.0
1202230 1293.0
1202240 1293.6
1202250 1294.8
1202260 1294.8
1202270 1292.9
1202280 1290.7
1202290 1290.7
1202300 1288.5
1202310 1286.8
1202320 1286.8
1202330 1284.9
1202340 1282.6
1202350 1280.1
1202360 1280.1
1202370 1277.8
1202380 1275.8
1202390 1275.8
1202400 1274.0
1202410 1272.0
1202420 1272.0
1202430 1269.9
1202440 1268.0
1202450 1268.0
1202460 1266.2
1202470 1264.2
1202480 1264.2
1202490 1261.7
1202500 1258.6
1202510 1258.6
1202520 1255.6
1202530 1253.1
1202540 1253.1
1202550 1249.7
1202560 1245.9
1202570 1245.9
1202580 1240.8
1202590 1229.2
1202600 1229.2
1202610 1219.3
1202620 1212.4
1202630 1206.9
1202640 1206.9
1202650 1202.1
1202660 1196.6
1202670 1196.6
1202680 1189.0
1202690 1181.8
1202700 1188.7
1202710 1180.5
1202720 1172.0
1202730 1172.0
1202740 1164.1
1202750 1155.2
1202760 1155.2
1202770 1147.0
1202780 1139.2
1202790 1139.2
1202800 1131.7
1202810 1124.4
1202820 1124.4
1202830 1117.4
1202840 1110.6
1202850 1110.6
1202860 1103.6
1202870 1096.7
1202880 1096.7
1202890 1089.8
1202900 1082.8
1202910 1075.6
1202920 1075.6
1202930 1068.7
1202940 1061.8
1202950 1061.8
1202960 1054.9
1202970 1048.0
1202980 1048.0
1202990 1041.0
1203000 1034.2
1203010 1034.2
1203020 1027.3
1203030 1020.8
1203040 1020.8
1203050 1014.7
1203060 1009.5
1203070 1009.5
1203080 1004.9
1203090 1000.5
1203100 1000.5
1203110 996.8
1203120 994.2
1203130 994.2
1203140 993.0
1203150 987.8
1203160 987.8
1203170 984.6
1203180 980.2
1203190 974.2
1203200 974.2
1203210 968.7
1203220 963.2
1203230 963.2
1203240 957.8
1203250 951.7
1203260 951.7
1203270 945.2
1203280 939.3
1203290 939.3
1203300 935.0
1203310 931.0
1203320 931.0
1203330 925.7
1203340 923.0
1203350 923.0
1203360 922.7
1203370 921.9
1203380 921.9
1203390 921.8
1203400 921.7
1203410 921.7
1203420 922.1
1203430 921.9
1203440 921.9
1203450 920.2
1203460 916.6
1203470 913.4
1203480 913.4
1203490 913.3
1203500 912.9
1203510 912.9
1203520 912.6
1203530 911.4
1203540 911.4
1203550 910.7
1203560 910.7
1203570 910.7
1203580 910.3
1203590 910.5
1203600 910.5
1203610 917.2
1203620 915.4
1203630 915.4
1203640 914.2
1203650 913.3
1203660 913.3
1203670 910.7
1203680 908.5
1203690 908.5
1203700 908.4
1203710 907.9
1203720 907.9
1203730 905.4
1203740 901.1
1203750 899.5
1203760 899.5
1203770 898.8
1203780 900.1
1203790 900.1
1203800 905.5
1203810 906.6
1203820 906.6
1203830 902.9
1203840 900.7
1203850 900.7
1203860 898.3
1203870 897.4
1203880 897.4
1203890 895.9
1203900 893.6
1203910 893.6
1203920 893.4
1203930 897.7
1203940 897.7
1203950 904.3
1203960 903.0
1203970 903.0
1203980 899.4
1203990 897.9
1204000 897.9
1204010 898.8
1204020 899.9
1204030 899.9
1204040 901.0
1204050 901.2
1204060 897.6
1204070 897.6
1204080 897.9
1204090 899.6
1204100 899.6
1204110 902.2
1204120 902.2
1204130 902.2
1204140 905.3
1204150 905.8
1204160 905.8
1204170 904.5
1204180 902.8
1204190 902.8
1204200 900.3
1204210 898.0
1204220 898.0
1204230 895.9
1204240 893.6
1204250 893.6
1204260 893.4
1204270 893.9
1204280 893.9
1204290 894.4
1204300 895.5
1204310 895.5
1204320 897.4
1204330 898.2
1204340 899.9
1204350 899.9
1204360 902.6
1204370 905.1
1204380 905.1
1204390 907.3
1204400 910.7
1204410 910.7
1204420 914.6
1204430 918.3
1204440 918.3
1204450 922.0
1204460 925.7
1204470 925.7
1204480 929.8
1204490 932.9
1204500 932.9
1204510 935.7
1204520 938.6
1204530 938.6
1204540 942.1
1204550 946.0
1204560 946.0
1204570 950.4
1204580 953.9
1204590 953.9
1204600 956.9
1204610 960.1
1204620 963.5
1204630 963.5
1204640 967.2
1204650 971.0
1204660 971.0
1204670 975.0
1204680 978.4
1204690 978.4
1204700 981.6
1204710 984.8
1204720 984.8
1204730 988.5
1204740 991.3
1204750 991.3
1204760 994.7
1204770 998.5
1204780 998.5
1204790 1002.0
1204800 1005.4
1204810 1005.4
1204820 1009.4
1204830 1013.7
1204840 1013.7
1204850 1018.3
1204860 1021.5
1204870 1021.5
1204880 1025.5
1204890 1029.2
1204900 1033.0
1204910 1033.0
1204920 1035.8
1204930 1037.9
1204940 1037.9
1204950 1041.0
1204960 1047.1
1204970 1051.1
1204980 1062.1
1204990 1071.1
1205000 1071.1
1205010 1078.0
1205020 1080.6
1205030 1080.6
1205040 1082.5
1205050 1086.0
1205060 1086.0
1205070 1091.2
1205080 1097.3
1205090 1097.3
1205100 1103.5
1205110 1110.5
1205120 1110.5
1205130 1117.9
1205140 1125.8
1205150 1125.8
1205160 1134.6
1205170 1143.9
1205180 1153.5
1205190 1153.5
1205200 1163.3
1205210 1173.0
1205220 1173.0
1205230 1181.9
1205240 1191.0
1205250 1191.0
1205260 1200.2
1205270 1208.8
1205280 1208.8
1205290 1216.2
1205300 1224.1
1205310 1224.1
1205320 1234.5
1205330 1249.8
1205340 1249.8
1205350 1279.3
1205360 1297.9
1205370 1297.9
1205380 1310.5
1205390 1326.9
1205400 1326.9
1205410 1353.1
1205420 1370.5
1205430 1370.7
1205440 1378.1
1205450 1382.8
1205460 1384.9
1205470 1384.9
1205480 1387.2
1205490 1391.1
1205500 1391.1
1205510 1395.7
1205520 1400.4
1205530 1400.4
1205540 1404.2
1205550 1407.1
1205560 1407.1
1205570 1409.1
1205580 1410.6
1205590 1410.6
1205600 1412.5
1205610 1414.8
1205620 1414.8
1205630 1417.4
1205640 1419.7
1205650 1419.7
1205660 1421.6
1205670 1421.7
1205680 1421.7
1205690 1423.0
1205700 1427.0
1205710 1427.0
1205720 1432.9
1205730 1439.4
1205740 1446.8
1205750 1446.8
1205760 1452.0
1205770 1457.4
1205780 1457.4
1205790 1470.4
1205800 1484.0
1205810 1484.0
1205820 1495.4
1205830 1504.0
1205840 1504.0
1205850 1510.6
1205860 1516.8
1205870 1516.8
1205880 1515.9
1205890 1521.4
1205900 1521.4
1205910 1527.3
1205920 1534.0
1205930 1534.0
1205940 1540.0
1205950 1543.0
1205960 1543.0
1205970 1542.0
1205980 1535.7
1205990 1535.7
1206000 1534.0
1206010 1539.3
1206020 1539.3
1206030 1540.9
1206040 1549.4
1206050 1558.3
1206060 1558.3
1206070 1560.1
1206080 1562.3
1206090 1562.3
1206100 1558.9
1206110 1561.1
1206120 1561.1
1206130 1564.1
1206140 1567.6
1206150 1567.6
1206160 1570.6
1206170 1574.5
1206180 1574.5
1206190 1579.5
1206200 1586.7
1206210 1586.7
1206220 1594.4
1206230 1602.4
1206240 1602.4
1206250 1611.0
1206260 1619.5
1206270 1619.5
1206280 1628.2
1206290 1636.4
1206300 1636.4
1206310 1645.7
1206320 1658.7
1206330 1676.2
1206340 1690.8
1206350 1707.3
1206360 1716.5
1206370 1716.5
1206380 1723.4
1206390 1729.7
1206400 1729.7
1206410 1735.6
1206420 1741.3
1206430 1741.3
1206440 1746.7
1206450 1752.3
1206460 1752.3
1206470 1756.9
1206480 1761.5
1206490 1761.5
1206500 1765.3
1206510 1767.5
1206520 1767.5
1206530 1768.7
1206540 1770.4
1206550 1770.4
1206560 1771.2
1206570 1773.0
1206580 1773.0
1206590 1775.8
1206600 1776.9
1206610 1776.2
1206620 1776.2
1206630 1777.9
1206640 1782.0
1206650 1782.0
1206660 1787.1
1206670 1792.9
1206680 1792.9
1206690 1798.6
1206700 1801.6
1206710 1801.6
1206720 1802.5
1206730 1799.4
1206740 1799.4
1206750 1796.0
1206760 1793.1
1206770 1793.1
1206780 1789.9
1206790 1786.8
1206800 1781.2
1206810 1778.1
1206820 1775.5
1206830 1775.5
1206840 1773.4
1206850 1771.0
1206860 1771.0
1206870 1769.0
1206880 1765.9
1206890 1762.6
1206900 1762.6
1206910 1759.1
1206920 1755.3
1206930 1755.3
1206940 1752.8
1206950 1749.1
1206960 1749.1
1206970 1740.4
1206980 1733.2
1206990 1733.2
1207000 1728.0
1207010 1725.8
1207020 1725.8
1207030 1724.9
1207040 1723.9
1207050 1723.9
1207060 1722.4
1207070 1721.8
1207080 1721.8
1207090 1720.6
1207100 1720.5
1207110 1720.5
1207120 1721.3
1207130 1718.3
1207140 1718.3
1207150 1712.1
1207160 1706.7
1207170 1701.7
1207180 1701.7
1207190 1702.2
1207200 1708.0
1207210 1708.0
1207220 1714.6
1207230 1721.9
1207240 1721.9
1207250 1727.0
1207260 1721.7
1207270 1721.7
1207280 1726.0
1207290 1733.2
1207300 1733.2
1207310 1739.6
1207320 1745.5
1207330 1745.5
1207340 1753.0
1207350 1763.9
1207360 1763.9
1207370 1772.6
1207380 1779.5
1207390 1779.5
1207400 1784.0
1207410 1789.3
1207420 1789.3
1207430 1795.4
1207440 1802.9
1207450 1811.8
1207460 1811.8
1207470 1818.7
1207480 1826.9
1207490 1826.9
1207500 1835.7
1207510 1843.6
1207520 1843.6
1207530 1851.1
1207540 1859.1
1207550 1859.1
1207560 1867.5
1207570 1879.7
1207580 1879.7
1207590 1888.6
1207600 1895.1
1207610 1895.1
1207620 1901.9
1207630 1908.7
1207640 1908.7
1207650 1916.6
1207660 1923.7
1207670 1923.7
1207680 1928.1
1207690 1932.2
1207700 1932.2
1207710 1935.1
1207720 1937.3
1207730 1939.8
1207740 1939.8
1207750 1944.5
1207760 1950.6
1207770 1950.6
1207780 1958.7
1207790 1967.7
1207800 1967.7
1207810 1973.0
1207820 1978.4
1207830 1978.4
1207840 1984.3
1207850 1990.3
1207860 1990.3
1207870 1994.4
1207880 1998.7
1207890 1998.7
1207900 2002.5
1207910 2003.3
1207920 2003.3
1207930 2003.0
1207940 2001.9
1207950 2001.9
1207960 2003.7
1207970 2008.6
1207980 2008.6
1207990 2014.2
1208000 2019.9
1208010 2019.9
1208020 2024.6
1208030 2025.6
1208040 2025.1
1208050 2025.1
1208060 2026.4
1208070 2030.0
1208080 2030.0
1208090 2034.0
1208100 2039.7
1208110 2039.7
1208120 2044.5
1208130 2047.8
1208140 2047.8
1208150 2051.0
1208160 2054.0
1208170 2054.0
1208180 2050.6
1208190 2053.8
1208200 2053.8
1208210 2057.3
1208220 2060.2
1208230 2060.2
1208240 2063.4
1208250 2067.9
1208260 2067.9
1208270 2072.7
1208280 2077.3
1208290 2077.3
1208300 2080.8
1208310 2083.4
1208320 2080.8
1208330 2080.8
1208340 2077.3
1208350 2078.2
1208360 2078.2
1208370 2082.6
1208380 2088.1
1208390 2088.1
1208400 2089.6
1208410 2085.3
1208420 2085.3
1208430 2083.4
1208440 2083.0
1208450 2083.0
1208460 2084.9
1208470 2089.7
1208480 2089.7
1208490 2097.3
1208500 2103.0
1208510 2103.0
1208520 2107.5
1208530 2111.3
1208540 2111.3
1208550 2113.9
1208560 2113.3
1208570 2113.3
1208580 2111.8
1208590 2114.4
1208600 2119.6
1208610 2119.6
1208620 2124.1
1208630 2126.8
1208640 2119.7
1208650 2120.3
1208660 2121.9
1208670 2121.9
1208680 2126.9
1208690 2131.7
1208700 2131.7
1208710 2136.2
1208720 2141.9
1208730 2141.9
1208740 2148.6
1208750 2155.6
1208760 2155.6
1208770 2162.9
1208780 2169.9
1208790 2169.9
1208800 2177.2
1208810 2184.9
1208820 2184.9
1208830 2192.4
1208840 2199.7
1208850 2199.7
1208860 2207.2
1208870 2215.0
1208880 2222.4
1208890 2222.4
1208900 2229.3
1208910 2235.4
1208920 2235.4
1208930 2240.2
1208940 2243.4
1208950 2243.4
1208960 2245.6
1208970 2246.5
1208980 2246.5
1208990 2248.0
1209000 2250.8
1209010 2250.8
1209020 2255.1
1209030 2262.2
1209040 2262.2
1209050 2268.9
1209060 2263.3
1209070 2263.3
1209080 2267.6
1209090 2275.0
1209100 2262.2
1209110 2257.9
1209120 2256.8
1209130 2256.8
1209140 2251.3
1209150 2244.4
1209160 2239.4
1209170 2239.4
1209180 2242.8
1209190 2260.1
1209200 2260.1
1209210 2285.4
1209220 2303.3
1209230 2303.3
1209240 2308.1
1209250 2300.5
1209260 2300.5
1209270 2291.7
1209280 2280.2
1209290 2280.2
1209300 2267.7
1209310 2255.4
1209320 2255.4
1209330 2241.0
1209340 2227.7
1209350 2227.7
1209360 2216.8
1209370 2208.8
1209380 2208.8
1209390 2203.6
1209400 2202.1
1209410 2202.1
1209420 2202.4
1209430 2197.7
1209440 2197.0
1209450 2197.0
1209460 2192.7
1209470 2182.0
1209480 2182.0
1209490 2164.5
1209500 2154.4
1209510 2154.4
1209520 2151.6
1209530 2148.2
1209540 2148.2
1209550 2149.9
1209560 2148.6
1209570 2140.2
1209580 2139.6
1209590 2139.6
1209600 2139.6
1209610 2130.1
1209620 2120.3
1209630 2120.3
1209640 2109.1
1209650 2096.6
1209660 2096.6
1209670 2084.1
1209680 2070.3
1209690 2070.3
1209700 2059.8
1209710 2052.4
1209720 2052.4
1209730 2047.4
1209740 2039.6
1209750 2035.8
1209760 2035.8
1209770 2031.3
1209780 2023.4
1209790 2023.4
1209800 2015.8
1209810 2010.7
1209820 2010.7
1209830 2009.7
1209840 2010.3
1209850 2010.3
1209860 2008.3
1209870 1999.2
1209880 1999.2
1209890 1987.3
1209900 1979.2
1209910 1979.2
1209920 1973.8
1209930 1968.3
1209940 1968.3
1209950 1963.5
1209960 1961.3
1209970 1961.3
1209980 1961.6
1209990 1960.8
1210000 1960.8
1210010 1962.1
1210020 1964.9
1210030 1962.7
1210040 1962.7
1210050 1962.6
1210060 1971.8
1210070 1971.8
1210080 1975.3
1210090 1970.9
1210100 1970.9
1210110 1969.8
1210120 1967.6
1210130 1967.6
1210140 1971.9
1210150 1976.6
1210160 1976.6
1210170 1976.2
1210180 1979.8
1210190 1979.8
1210200 1995.0
1210210 2000.6
1210220 2000.6
1210230 1993.1
1210240 1980.9
1210250 1980.9
1210260 1971.8
1210270 1964.0
1210280 1964.0
1210290 1955.0
1210300 1948.1
1210310 1943.0
1210320 1943.0
1210330 1936.9
1210340 1934.8
1210350 1934.8
1210360 1940.8
1210370 1933.9
1210380 1933.9
1210390 1929.3
1210400 1921.7
1210410 1921.7
1210420 1917.7
1210430 1915.8
1210440 1915.8
1210450 1909.3
1210460 1904.8
1210470 1904.8
1210480 1910.3
1210490 1918.1
1210500 1915.8
1210510 1916.4
1210520 1913.4
1210530 1913.4
1210540 1911.1
1210550 1909.0
1210560 1909.0
1210570 1906.8
1210580 1904.8
1210590 1903.2
1210600 1903.2
1210610 1901.9
1210620 1901.9
1210630 1901.9
1210640 1901.8
1210650 1901.3
1210660 1901.3
1210670 1902.0
1210680 1904.7
1210690 1904.7
1210700 1907.2
1210710 1909.8
1210720 1909.8
1210730 1911.6
1210740 1911.5
1210750 1911.5
1210760 1909.0
1210770 1905.1
1210780 1905.1
1210790 1898.7
1210800 1891.9
1210810 1891.9
1210820 1884.4
1210830 1875.2
1210840 1875.2
1210850 1867.4
1210860 1860.3
1210870 1854.5
1210880 1854.5
1210890 1852.9
1210900 1849.2
1210910 1849.2
1210920 1838.6
1210930 1831.9
1210940 1831.9
1210950 1828.1
1210960 1814.9
1210970 1814.9
1210980 1811.5
1210990 1805.8
1211000 1805.8
1211010 1797.8
1211020 1790.2
1211030 1790.2
1211040 1783.5
1211050 1777.4
1211060 1777.4
1211070 1772.3
1211080 1766.9
1211090 1766.9
1211100 1762.8
1211110 1758.3
1211120 1758.3
1211130 1753.0
1211140 1752.5
1211150 1755.4
1211160 1755.4
1211170 1760.5
1211180 1767.3
1211190 1767.3
1211200 1768.5
1211210 1769.5
1211220 1769.5
1211230 1773.6
1211240 1778.2
1211250 1778.2
1211260 1780.4
1211270 1781.0
1211280 1781.0
1211290 1781.0
1211300 1780.6
1211310 1780.6
1211320 1779.6
1211330 1778.0
1211340 1778.0
1211350 1775.6
1211360 1772.8
1211370 1772.8
1211380 1769.7
1211390 1765.7
1211400 1765.7
1211410 1761.4
1211420 1757.5
1211430 1753.1
1211440 1753.1
1211450 1747.7
1211460 1741.2
1211470 1741.2
1211480 1734.8
1211490 1727.8
1211500 1727.8
1211510 1720.7
1211520 1713.6
1211530 1713.6
1211540 1706.6
1211550 1699.1
1211560 1699.1
1211570 1691.4
1211580 1684.0
1211590 1684.0
1211600 1678.8
1211610 1675.2
1211620 1675.2
1211630 1673.9
1211640 1673.3
1211650 1673.3
1211660 1671.8
1211670 1675.8
1211680 1675.8
1211690 1682.8
1211700 1687.7
1211710 1687.7
1211720 1689.3
1211730 1690.1
1211740 1689.1
1211750 1689.1
1211760 1685.7
1211770 1682.4
1211780 1682.4
1211790 1678.8
1211800 1674.5
1211810 1674.5
1211820 1670.5
1211830 1666.1
1211840 1666.1
1211850 1662.3
1211860 1661.2
1211870 1661.2
1211880 1661.0
1211890 1656.0
1211900 1656.0
1211910 1655.4
1211920 1653.7
1211930 1653.7
1211940 1651.9
1211950 1652.8
1211960 1652.8
1211970 1655.1
1211980 1658.2
1211990 1658.2
1212000 1660.7
1212010 1662.7
1212020 1663.8
1212030 1663.8
1212040 1666.6
1212050 1670.5
1212060 1670.5
1212070 1674.1
1212080 1677.3
1212090 1677.3
1212100 1680.7
1212110 1685.0
1212120 1685.0
1212130 1690.9
1212140 1696.6
1212150 1696.6
1212160 1701.7
1212170 1704.9
1212180 1704.9
1212190 1704.9
1212200 1703.7
1212210 1703.7
1212220 1703.7
1212230 1704.3
1212240 1704.3
1212250 1703.8
1212260 1702.3
1212270 1702.3
1212280 1701.9
1212290 1701.1
1212300 1698.7
1212310 1698.7
1212320 1695.4
1212330 1691.6
1212340 1691.6
1212350 1688.0
1212360 1681.1
1212370 1681.1
1212380 1675.5
1212390 1672.5
1212400 1672.5
1212410 1671.6
1212420 1670.3
1212430 1670.3
1212440 1666.5
1212450 1661.4
1212460 1661.4
1212470 1655.5
1212480 1649.2
1212490 1649.2
1212500 1642.3
1212510 1634.3
1212520 1634.3
1212530 1626.5
1212540 1619.8
1212550 1619.8
1212560 1613.4
1212570 1607.6
1212580 1603.5
1212590 1603.5
1212600 1603.8
1212610 1606.0
1212620 1606.0
1212630 1607.1
1212640 1608.8
1212650 1608.8
1212660 1609.7
1212670 1610.7
1212680 1610.7
1212690 1611.9
1212700 1609.8
1212710 1609.8
1212720 1603.7
1212730 1596.4
1212740 1596.4
1212750 1590.5
1212760 1585.2
1212770 1585.2
1212780 1579.5
1212790 1574.1
1212800 1574.1
1212810 1569.7
1212820 1566.3
1212830 1563.7
1212840 1560.0
1212850 1557.1
1212860 1554.6
1212870 1554.6
1212880 1550.5
1212890 1545.8
1212900 1545.8
1212910 1541.8
1212920 1537.9
1212930 1537.9
1212940 1537.8
1212950 1537.5
1212960 1537.5
1212970 1535.0
1212980 1532.4
1212990 1532.4
1213000 1531.0
1213010 1530.5
1213020 1530.5
1213030 1528.3
1213040 1526.5
1213050 1526.5
1213060 1526.7
1213070 1527.4
1213080 1527.4
1213090 1527.4
1213100 1525.4
1213110 1525.4
1213120 1521.8
1213130 1517.1
1213140 1512.6
1213150 1512.6
1213160 1509.3
1213170 1507.5
1213180 1507.5
1213190 1505.9
1213200 1504.3
1213210 1504.3
1213220 1501.9
1213230 1498.4
1213240 1498.4
1213250 1493.3
1213260 1488.6
1213270 1488.6
1213280 1485.3
1213290 1481.3
1213300 1478.8
1213310 1473.5
1213320 1468.6
1213330 1468.6
1213340 1464.0
1213350 1459.5
1213360 1459.5
1213370 1454.5
1213380 1448.9
1213390 1448.9
1213400 1442.8
1213410 1436.6
1213420 1430.1
1213430 1430.1
1213440 1422.9
1213450 1416.1
1213460 1416.1
1213470 1414.2
1213480 1421.3
1213490 1421.3
1213500 1431.3
1213510 1439.7
1213520 1439.7
1213530 1447.0
1213540 1453.4
1213550 1453.4
1213560 1458.9
1213570 1463.7
1213580 1463.7
1213590 1468.4
1213600 1472.9
1213610 1472.9
1213620 1476.3
1213630 1480.6
1213640 1480.6
1213650 1485.9
1213660 1490.9
1213670 1490.9
1213680 1496.6
1213690 1502.4
1213700 1508.6
1213710 1508.6
1213720 1514.5
1213730 1520.6
1213740 1520.6
1213750 1525.8
1213760 1530.8
1213770 1530.4
1213780 1536.9
1213790 1544.3
1213800 1544.3
1213810 1551.9
1213820 1560.5
1213830 1560.5
1213840 1568.5
1213850 1576.5
1213860 1576.5
1213870 1583.5
1213880 1590.6
1213890 1590.6
1213900 1599.3
1213910 1607.9
1213920 1607.9
1213930 1614.3
1213940 1620.4
1213950 1620.4
1213960 1629.0
1213970 1637.5
1213980 1637.5
1213990 1645.1
1214000 1653.5
1214010 1661.8
1214020 1661.8
1214030 1670.8
1214040 1680.6
1214050 1680.6
1214060 1687.9
1214070 1693.6
1214080 1693.6
1214090 1697.7
1214100 1703.9
1214110 1703.9
1214120 1710.7
1214130 1715.5
1214140 1715.5
1214150 1720.6
1214160 1725.4
1214170 1725.4
1214180 1729.3
1214190 1729.6
1214200 1729.6
1214210 1723.9
1214220 1720.0
1214230 1720.0
1214240 1728.9
1214250 1737.7
1214260 1737.7
1214270 1746.7
1214280 1760.2
1214290 1775.0
1214300 1775.0
1214310 1785.9
1214320 1791.5
1214330 1791.5
1214340 1806.1
1214350 1815.0
1214360 1815.0
1214370 1822.5
1214380 1830.0
1214390 1830.0
1214400 1837.4
1214410 1847.0
1214420 1847.0
1214430 1856.3
1214440 1861.8
1214450 1861.8
1214460 1863.2
1214470 1870.4
1214480 1870.4
1214490 1884.0
1214500 1899.3
1214510 1899.3
1214520 1908.3
1214530 1918.7
1214540 1918.7
1214550 1935.8
1214560 1947.6
1214570 1961.8
1214580 1961.8
1214590 1972.5
1214600 1978.4
1214610 1978.4
1214620 1984.0
1214630 1987.3
1214640 1987.3
1214650 1989.3
1214660 1989.6
1214670 1989.6
1214680 1987.6
1214690 1987.0
1214700 1987.0
1214710 1977.8
1214720 1978.3
1214730 1978.3
1214740 1975.3
1214750 1971.3
1214760 1971.3
1214770 1972.1
1214780 1972.3
1214790 1972.3
1214800 1969.5
1214810 1964.1
1214820 1964.1
1214830 1958.4
1214840 1952.6
1214850 1946.4
1214860 1946.4
1214870 1940.7
1214880 1934.6
1214890 1934.6
1214900 1929.9
1214910 1924.4
1214920 1924.4
1214930 1916.7
1214940 1909.9
1214950 1909.9
1214960 1903.7
1214970 1897.5
1214980 1897.5
1214990 1894.6
1215000 1888.0
1215010 1888.0
1215020 1879.9
1215030 1880.4
1215040 1880.4
1215050 1883.0
1215060 1882.1
1215070 1882.1
1215080 1881.2
1215090 1881.2
1215100 1881.2
1215110 1877.0
1215120 1872.6
1215130 1869.5
1215140 1869.5
1215150 1866.4
1215160 1862.1
1215170 1862.1
1215180 1853.3
1215190 1841.9
1215200 1841.9
1215210 1836.8
1215220 1834.2
1215230 1834.2
1215240 1829.0
1215250 1823.6
1215260 1823.6
1215270 1819.2
1215280 1815.6
1215290 1815.6
1215300 1812.1
1215310 1808.9
1215320 1808.9
1215330 1804.8
1215340 1801.0
1215350 1801.0
1215360 1797.4
1215370 1793.7
1215380 1793.7
1215390 1789.2
1215400 1791.2
1215410 1790.5
1215420 1790.5
1215430 1788.9
1215440 1786.9
1215450 1786.9
1215460 1791.4
1215470 1794.6
1215480 1794.6
1215490 1794.1
1215500 1792.4
1215510 1792.4
1215520 1789.9
1215530 1786.7
1215540 1786.7
1215550 1783.4
1215560 1779.4
1215570 1779.4
1215580 1773.4
1215590 1766.5
1215600 1766.5
1215610 1762.0
1215620 1753.4
1215630 1753.4
1215640 1745.8
1215650 1738.3
1215660 1731.9
1215670 1723.9
1215680 1717.6
1215690 1713.7
1215700 1713.7
1215710 1710.0
1215720 1704.0
1215730 1704.0
1215740 1696.2
1215750 1689.4
1215760 1689.4
1215770 1682.0
1215780 1674.3
1215790 1674.3
1215800 1668.4
1215810 1663.3
1215820 1663.3
1215830 1656.5
1215840 1648.2
1215850 1648.2
1215860 1640.0
1215870 1632.1
1215880 1632.1
1215890 1623.1
1215900 1618.3
1215910 1618.3
1215920 1618.2
1215930 1617.0
1215940 1617.0
1215950 1615.1
1215960 1612.6
1215970 1607.9
1215980 1607.9
1215990 1602.7
1216000 1595.9
1216010 1595.9
1216020 1588.4
1216030 1581.0
1216040 1581.0
1216050 1575.5
1216060 1573.5
1216070 1573.5
1216080 1571.0
1216090 1567.5
1216100 1567.5
1216110 1563.3
1216120 1559.5
1216130 1556.6
1216140 1553.1
1216150 1549.3
1216160 1549.3
1216170 1545.8
1216180 1541.7
1216190 1541.7
1216200 1536.2
1216210 1530.4
1216220 1530.4
1216230 1528.6
1216240 1531.8
1216250 1531.8
1216260 1538.7
1216270 1544.5
1216280 1550.8
1216290 1550.8
1216300 1557.5
1216310 1564.1
1216320 1564.1
1216330 1570.3
1216340 1576.8
1216350 1576.8
1216360 1584.4
1216370 1591.7
1216380 1591.7
1216390 1599.2
1216400 1605.9
1216410 1605.9
1216420 1612.3
1216430 1618.6
1216440 1618.6
1216450 1627.2
1216460 1640.6
1216470 1640.6
1216480 1654.1
1216490 1673.1
1216500 1673.1
1216510 1689.0
1216520 1700.9
1216530 1700.9
1216540 1710.8
1216550 1720.6
1216560 1730.8
1216570 1730.8
1216580 1739.4
1216590 1746.8
1216600 1746.8
1216610 1761.9
1216620 1767.4
1216630 1767.4
1216640 1771.3
1216650 1775.7
1216660 1775.7
1216670 1782.2
1216680 1788.4
1216690 1788.4
1216700 1793.6
1216710 1799.0
1216720 1799.0
1216730 1802.4
1216740 1804.5
1216750 1804.5
1216760 1805.6
1216770 1806.9
1216780 1806.9
1216790 1808.0
1216800 1809.4
1216810 1809.4
1216820 1810.6
1216830 1811.1
1216840 1813.4
1216850 1813.4
1216860 1817.4
1216870 1820.1
1216880 1820.1
1216890 1819.8
1216900 1816.9
1216910 1816.9
1216920 1816.3
1216930 1817.5
1216940 1817.5
1216950 1820.9
1216960 1822.7
1216970 1822.7
1216980 1820.9
1216990 1818.1
1217000 1818.1
1217010 1815.5
1217020 1813.2
1217030 1813.2
1217040 1809.7
1217050 1803.0
1217060 1803.0
1217070 1799.7
1217080 1800.3
1217090 1794.0
1217100 1794.9
1217110 1791.7
1217120 1793.0
1217130 1793.0
1217140 1793.7
1217150 1793.1
1217160 1793.1
1217170 1793.1
1217180 1794.3
1217190 1794.3
1217200 1794.1
1217210 1790.3
1217220 1790.3
1217230 1786.1
1217240 1786.7
1217250 1786.7
1217260 1791.8
1217270 1798.0
1217280 1798.0
1217290 1803.8
1217300 1809.6
1217310 1809.6
1217320 1814.7
1217330 1817.5
1217340 1817.5
1217350 1819.9
1217360 1822.7
1217370 1822.7
1217380 1826.6
1217390 1831.1
1217400 1835.8
1217410 1835.8
1217420 1840.3
1217430 1845.1
1217440 1845.1
1217450 1849.9
1217460 1854.5
1217470 1854.5
1217480 1859.3
1217490 1864.4
1217500 1864.4
1217510 1869.7
1217520 1875.4
1217530 1875.4
1217540 1881.5
1217550 1887.2
1217560 1884.9
1217570 1891.2
1217580 1897.8
1217590 1897.8
1217600 1904.1
1217610 1911.1
1217620 1911.1
1217630 1917.4
1217640 1921.3
1217650 1921.3
1217660 1923.6
1217670 1923.3
1217680 1921.5
1217690 1921.5
1217700 1926.2
1217710 1933.0
1217720 1933.0
1217730 1938.6
1217740 1943.6
1217750 1943.6
1217760 1948.8
1217770 1953.3
1217780 1953.3
1217790 1958.1
1217800 1962.4
1217810 1962.4
1217820 1966.2
1217830 1969.7
1217840 1969.7
1217850 1972.6
1217860 1973.4
1217870 1973.4
1217880 1974.4
1217890 1980.0
1217900 1980.0
1217910 1983.5
1217920 1985.9
1217930 1985.9
1217940 1986.0
1217950 1980.4
1217960 1971.9
1217970 1971.9
1217980 1962.2
1217990 1955.9
1218000 1955.9
1218010 1953.8
1218020 1952.3
1218030 1952.3
1218040 1943.7
1218050 1945.4
1218060 1945.4
1218070 1947.5
1218080 1947.7
1218090 1947.7
1218100 1945.4
1218110 1938.4
1218120 1938.4
1218130 1926.4
1218140 1913.5
1218150 1913.5
1218160 1903.7
1218170 1895.0
1218180 1895.0
1218190 1887.5
1218200 1881.3
1218210 1881.3
1218220 1878.3
1218230 1876.7
1218240 1868.9
1218250 1868.9
1218260 1861.2
1218270 1860.2
1218280 1860.2
1218290 1856.3
1218300 1847.8
1218310 1847.8
1218320 1842.3
1218330 1840.6
1218340 1840.6
1218350 1845.5
1218360 1851.2
1218370 1851.2
1218380 1852.6
1218390 1851.5
1218400 1851.5
1218410 1846.3
1218420 1838.2
1218430 1838.2
1218440 1830.2
1218450 1823.1
1218460 1823.1
1218470 1817.3
1218480 1814.4
1218490 1814.4
1218500 1814.1
1218510 1810.1
1218520 1804.7
1218530 1799.0
1218540 1790.6
1218550 1782.3
1218560 1782.3
1218570 1774.1
1218580 1764.5
1218590 1764.5
1218600 1752.3
1218610 1741.9
1218620 1741.9
1218630 1733.1
1218640 1721.9
1218650 1721.9
1218660 1712.7
1218670 1707.3
1218680 1707.3
1218690 1703.1
1218700 1704.1
1218710 1704.1
1218720 1703.8
1218730 1697.8
1218740 1697.8
1218750 1696.5
1218760 1701.9
1218770 1701.9
1218780 1703.2
1218790 1694.1
1218800 1694.1
1218810 1687.3
1218820 1685.8
1218830 1680.6
1218840 1680.6
1218850 1677.3
1218860 1675.8
1218870 1675.8
1218880 1673.2
1218890 1670.8
1218900 1670.8
1218910 1666.0
1218920 1660.6
1218930 1660.6
1218940 1655.8
1218950 1652.0
1218960 1652.0
1218970 1648.4
1218980 1645.4
1218990 1645.4
1219000 1634.7
1219010 1628.1
1219020 1628.1
1219030 1619.4
1219040 1614.0
1219050 1614.0
1219060 1609.7
1219070 1604.0
1219080 1604.0
1219090 1597.6
1219100 1591.3
1219110 1585.1
1219120 1585.1
1219130 1579.0
1219140 1572.5
1219150 1572.5
1219160 1563.9
1219170 1556.0
1219180 1556.0
1219190 1551.9
1219200 1546.3
1219210 1546.3
1219220 1540.5
1219230 1533.0
1219240 1533.0
1219250 1525.8
1219260 1527.6
1219270 1527.6
1219280 1526.8
1219290 1522.9
1219300 1522.9
1219310 1516.8
1219320 1508.8
1219330 1508.8
1219340 1499.8
1219350 1490.0
1219360 1490.0
1219370 1483.1
1219380 1480.2
1219390 1476.8
1219400 1476.8
1219410 1472.5
1219420 1468.9
1219430 1468.9
1219440 1465.3
1219450 1459.3
1219460 1459.3
1219470 1455.9
1219480 1447.2
1219490 1447.2
1219500 1446.9
1219510 1445.5
1219520 1445.5
1219530 1442.5
1219540 1435.3
1219550 1435.3
1219560 1426.7
1219570 1420.4
1219580 1420.4
1219590 1415.9
1219600 1412.2
1219610 1412.2
1219620 1408.9
1219630 1404.2
1219640 1404.2
1219650 1398.4
1219660 1390.2
1219670 1380.2
1219680 1380.2
1219690 1375.4
1219700 1374.4
1219710 1374.4
1219720 1373.6
1219730 1368.6
1219740 1368.6
1219750 1366.3
1219760 1365.0
1219770 1365.0
1219780 1361.8
1219790 1358.1
1219800 1358.1
1219810 1354.4
1219820 1351.3
1219830 1351.3
1219840 1348.7
1219850 1349.2
1219860 1349.2
1219870 1346.8
1219880 1344.2
1219890 1344.2
1219900 1341.1
1219910 1337.2
1219920 1337.2
1219930 1332.3
1219940 1327.5
1219950 1323.3
1219960 1320.6
1219970 1315.7
1219980 1310.7
1219990 1310.7
1200000 1430.6
1200010 1427.6
1200020 1427.6
1200030 1425.5
1200040 1422.3
1200050 1422.3
1200060 1417.9
1200070 1415.7
1200080 1415.3
1200090 1415.3
1200100 1414.9
1200110 1412.4
1200120 1412.4
1200130 1411.1
1200140 1409.9
1200150 1409.9
1200160 1406.9
1200170 1406.3
1200180 1406.3
1200190 1406.6
1200200 1407.9
1200210 1407.9
1200220 1407.2
1200230 1405.6
1200240 1405.6
1200250 1402.8
1200260 1401.6
1200270 1401.6
1200280 1402.0
1200290 1402.3
1200300 1402.3
1200310 1403.0
1200320 1403.8
1200330 1403.8
1200340 1403.0
1200350 1403.8
1200360 1404.0
1200370 1404.0
1200380 1403.6
1200390 1402.7
1200400 1402.7
1200410 1399.5
1200420 1397.1
1200430 1397.1
1200440 1385.2
1200450 1365.6
1200460 1365.6
1200470 1358.9
1200480 1354.5
1200490 1354.5
1200500 1348.2
1200510 1347.0
1200520 1347.0
1200530 1353.9
1200540 1361.0
1200550 1361.0
1200560 1368.9
1200570 1377.9
1200580 1377.9
1200590 1386.8
1200600 1395.1
1200610 1395.1
1200620 1402.8
1200630 1410.4
1200640 1418.7
1200650 1418.7
1200660 1425.1
1200670 1429.0
1200680 1429.0
1200690 1430.6
1200700 1430.6
1200710 1430.6
1200720 1433.2
1200730 1437.4
1200740 1437.4
1200750 1440.4
1200760 1441.8
1200770 1441.8
1200780 1441.4
1200790 1440.3
1200800 1440.3
1200810 1441.9
1200820 1445.2
1200830 1445.2
1200840 1450.0
1200850 1453.1
1200860 1453.1
1200870 1453.0
1200880 1453.8
1200890 1453.8
1200900 1451.3
1200910 1455.5
1200920 1455.4
1200930 1455.4
1200940 1457.1
1200950 1462.6
1200960 1462.6
1200970 1467.9
1200980 1472.6
1200990 1472.6
1201000 1475.6
1201010 1476.2
1201020 1476.2
1201030 1473.3
1201040 1475.0
1201050 1475.0
1201060 1481.4
1201070 1486.4
1201080 1486.4
1201090 1490.7
1201100 1494.1
1201110 1494.1
1201120 1495.9
1201130 1497.2
1201140 1497.2
1201150 1499.6
1201160 1502.2
1201170 1502.2
1201180 1505.1
1201190 1507.7
1201200 1509.6
1201210 1509.6
1201220 1506.2
1201230 1497.4
1201240 1497.4
1201250 1489.4
1201260 1481.8
1201270 1481.8
1201280 1476.4
1201290 1474.7
1201300 1474.7
1201310 1474.1
1201320 1472.6
1201330 1472.6
1201340 1469.4
1201350 1464.0
1201360 1464.0
1201370 1458.4
1201380 1451.5
1201390 1451.5
1201400 1446.0
1201410 1440.1
1201420 1440.1
1201430 1432.6
1201440 1426.1
1201450 1426.1
1201460 1418.5
1201470 1411.5
1201480 1405.3
1201490 1405.3
1201500 1399.4
1201510 1393.4
1201520 1393.4
1201530 1387.7
1201540 1381.8
1201550 1381.8
1201560 1376.2
1201570 1370.7
1201580 1370.7
1201590 1364.9
1201600 1359.8
1201610 1359.8
1201620 1355.4
1201630 1349.8
1201640 1349.8
1201650 1344.2
1201660 1339.4
1201670 1339.4
1201680 1334.2
1201690 1328.6
1201700 1328.6
1201710 1322.0
1201720 1315.5
1201730 1315.5
1201740 1309.8
1201750 1304.4
1201760 1298.7
1201770 1298.7
1201780 1293.3
1201790 1287.5
1201800 1288.5
1201810 1282.6
1201820 1276.2
1201830 1276.2
1201840 1272.2
1201850 1270.3
1201860 1270.3
1201870 1265.8
1201880 1261.7
1201890 1261.7
1201900 1257.9
1201910 1253.3
1201920 1253.3
1201930 1249.6
1201940 1245.1
1201950 1245.1
1201960 1241.4
1201970 1241.6
1201980 1241.6
1201990 1241.1
1202000 1239.6
1202010 1239.6
1202020 1239.2
1202030 1238.9
1202040 1238.9
1202050 1240.6
1202060 1243.2
1202070 1246.1
1202080 1246.1
1202090 1247.7
1202100 1249.2
1202110 1249.2
1202120 1251.5
1202130 1254.4
1202140 1254.4
1202150 1258.9
1202160 1265.5
1202170 1265.5
1202180 1271.9
1202190 1278.7
1202200 1278.7
1202210 1286.2
1202220 1293.0
1202230 1293.0
1202240 1293.6
1202250 1294.8
1202260 1294.8
1202270 1292.9
1202280 1290.7
1202290 1290.7
1202300 1288.5
1202310 1286.8
1202320 1286.8
1202330 1284.9
1202340 1282.6
1202350 1280.1
1202360 1280.1
1202370 1277.8
1202380 1275.8
1202390 1275.8
1202400 1274.0
1202410 1272.0
1202420 1272.0
1202430 1269.9
1202440 1268.0
1202450 1268.0
1202460 1266.2
1202470 1264.2
1202480 1264.2
1202490 1261.7
1202500 1258.6
1202510 1258.6
1202520 1255.6
1202530 1253.1
1202540 1253.1
1202550 1249.7
1202560 1245.9
1202570 1245.9
1202580 1240.8
1202590 1229.2
1202600 1229.2
1202610 1219.3
1202620 1212.4
1202630 1206.9
1202640 1206.9
1202650 1202.1
1202660 1196.6
1202670 1196.6
1202680 1189.0
1202690 1181.8
1202700 1188.7
1202710 1180.5
1202720 1172.0
1202730 1172.0
1202740 1164.1
1202750 1155.2
1202760 1155.2
1202770 1147.0
1202780 1139.2
1202790 1139.2
1202800 1131.7
1202810 1124.4
1202820 1124.4
1202830 1117.4
1202840 1110.6
1202850 1110.6
1202860 1103.6
1202870 1096.7
1202880 1096.7
1202890 1089.8
1202900 1082.8
1202910 1075.6
1202920 1075.6
1202930 1068.7
1202940 1061.8
1202950 1061.8
1202960 1054.9
1202970 1048.0
1202980 1048.0
1202990 1041.0
1203000 1034.2
1203010 1034.2
1203020 1027.3
1203030 1020.8
1203040 1020.8
1203050 1014.7
1203060 1009.5
1203070 1009.5
1203080 1004.9
1203090 1000.5
1203100 1000.5
1203110 996.8
1203120 994.2
1203130 994.2
1203140 993.0
1203150 987.8
1203160 987.8
1203170 984.6
1203180 980.2
1203190 974.2
1203200 974.2
1203210 968.7
1203220 963.2
1203230 963.2
1203240 957.8
1203250 951.7
1203260 951.7
1203270 945.2
1203280 939.3
1203290 939.3
1203300 935.0
1203310 931.0
1203320 931.0
1203330 925.7
1203340 923.0
1203350 923.0
1203360 922.7
1203370 921.9
1203380 921.9
1203390 921.8
1203400 921.7
1203410 921.7
1203420 922.1
1203430 921.9
1203440 921.9
1203450 920.2
1203460 916.6
1203470 913.4
1203480 913.4
1203490 913.3
1203500 912.9
1203510 912.9
1203520 912.6
1203530 911.4
1203540 911.4
1203550 910.7
1203560 910.7
1203570 910.7
1203580 910.3
1203590 910.5
1203600 910.5
1203610 917.2
1203620 915.4
1203630 915.4
1203640 914.2
1203650 913.3
1203660 913.3
1203670 910.7
1203680 908.5
1203690 908.5
1203700 908.4
1203710 907.9
1203720 907.9
1203730 905.4
1203740 901.1
1203750 899.5
1203760 899.5
1203770 898.8
1203780 900.1
1203790 900.1
1203800 905.5
1203810 906.6
1203820 906.6
1203830 902.9
1203840 900.7
1203850 900.7
1203860 898.3
1203870 897.4
1203880 897.4
1203890 895.9
1203900 893.6
1203910 893.6
1203920 893.4
1203930 897.7
1203940 897.7
1203950 904.3
1203960 903.0
1203970 903.0
1203980 899.4
1203990 897.9
1204000 897.9
1204010 898.8
1204020 899.9
1204030 899.9
1204040 901.0
1204050 901.2
1204060 897.6
1204070 897.6
1204080 897.9
1204090 899.6
1204100 899.6
1204110 902.2
1204120 902.2
1204130 902.2
1204140 905.3
1204150 905.8
1204160 905.8
1204170 904.5
1204180 902.8
1204190 902.8
1204200 900.3
1204210 898.0
1204220 898.0
1204230 895.9
1204240 893.6
1204250 893.6
1204260 893.4
1204270 893.9
1204280 893.9
1204290 894.4
1204300 895.5
1204310 895.5
1204320 897.4
1204330 898.2
1204340 899.9
1204350 899.9
1204360 902.6
1204370 905.1
1204380 905.1
1204390 907.3
1204400 910.7
1204410 910.7
1204420 914.6
1204430 918.3
1204440 918.3
1204450 922.0
1204460 925.7
1204470 925.7
1204480 929.8
1204490 932.9
1204500 932.9
1204510 935.7
1204520 938.6
1204530 938.6
1204540 942.1
1204550 946.0
1204560 946.0
1204570 950.4
1204580 953.9
1204590 953.9
1204600 956.9
1204610 960.1
1204620 963.5
1204630 963.5
1204640 967.2
1204650 971.0
1204660 971.0
1204670 975.0
1204680 978.4
1204690 978.4
1204700 981.6
1204710 984.8
1204720 984.8
1204730 988.5
1204740 991.3
1204750 991.3
1204760 994.7
1204770 998.5
1204780 998.5
1204790 1002.0
1204800 1005.4
1204810 1005.4
1204820 1009.4
1204830 1013.7
1204840 1013.7
1204850 1018.3
1204860 1021.5
1204870 1021.5
1204880 1025.5
1204890 1029.2
1204900 1033.0
1204910 1033.0
1204920 1035.8
1204930 1037.9
1204940 1037.9
1204950 1041.0
1204960 1047.1
1204970 1051.1
1204980 1062.1
1204990 1071.1
1205000 1071.1
1205010 1078.0
1205020 1080.6
1205030 1080.6
1205040 1082.5
1205050 1086.0
1205060 1086.0
1205070 1091.2
1205080 1097.3
1205090 1097.3
1205100 1103.5
1205110 1110.5
1205120 1110.5
1205130 1117.9
1205140 1125.8
1205150 1125.8
1205160 1134.6
1205170 1143.9
1205180 1153.5
1205190 1153.5
1205200 1163.3
1205210 1173.0
1205220 1173.0
1205230 1181.9
1205240 1191.0
1205250 1191.0
1205260 1200.2
1205270 1208.8
1205280 1208.8
1205290 1216.2
1205300 1224.1
1205310 1224.1
1205320 1234.5
1205330 1249.8
1205340 1249.8
1205350 1279.3
1205360 1297.9
1205370 1297.9
1205380 1310.5
1205390 1326.9
1205400 1326.9
1205410 1353.1
1205420 1370.5
1205430 1370.7
1205440 1378.1
1205450 1382.8
1205460 1384.9
1205470 1384.9
1205480 1387.2
1205490 1391.1
1205500 1391.1
1205510 1395.7
1205520 1400.4
1205530 1400.4
1205540 1404.2
1205550 1407.1
1205560 1407.1
1205570 1409.1
1205580 1410.6
1205590 1410.6
1205600 1412.5
1205610 1414.8
1205620 1414.8
1205630 1417.4
1205640 1419.7
1205650 1419.7
1205660 1421.6
1205670 1421.7
1205680 1421.7
1205690 1423.0
1205700 1427.0
1205710 1427.0
1205720 1432.9
1205730 1439.4
1205740 1446.8
1205750 1446.8
1205760 1452.0
1205770 1457.4
1205780 1457.4
1205790 1470.4
1205800 1484.0
1205810 1484.0
1205820 1495.4
1205830 1504.0
1205840 1504.0
1205850 1510.6
1205860 1516.8
1205870 1516.8
1205880 1515.9
1205890 1521.4
1205900 1521.4
1205910 1527.3
1205920 1534.0
1205930 1534.0
1205940 1540.0
1205950 1543.0
1205960 1543.0
1205970 1542.0
1205980 1535.7
1205990 1535.7
1206000 1534.0
1206010 1539.3
1206020 1539.3
1206030 1540.9
1206040 1549.4
1206050 1558.3
1206060 1558.3
1206070 1560.1
1206080 1562.3
1206090 1562.3
1206100 1558.9
1206110 1561.1
1206120 1561.1
1206130 1564.1
1206140 1567.6
1206150 1567.6
1206160 1570.6
1206170 1574.5
1206180 1574.5
1206190 1579.5
1206200 1586.7
1206210 1586.7
1206220 1594.4
1206230 1602.4
1206240 1602.4
1206250 1611.0
1206260 1619.5
1206270 1619.5
1206280 1628.2
1206290 1636.4
1206300 1636.4
1206310 1645.7
1206320 1658.7
1206330 1676.2
1206340 1690.8
1206350 1707.3
1206360 1716.5
1206370 1716.5
1206380 1723.4
1206390 1729.7
1206400 1729.7
1206410 1735.6
1206420 1741.3
1206430 1741.3
1206440 1746.7
1206450 1752.3
1206460 1752.3
1206470 1756.9
1206480 1761.5
1206490 1761.5
1206500 1765.3
1206510 1767.5
1206520 1767.5
1206530 1768.7
1206540 1770.4
1206550 1770.4
1206560 1771.2
1206570 1773.0
1206580 1773.0
1206590 1775.8
1206600 1776.9
1206610 1776.2
1206620 1776.2
1206630 1777.9
1206640 1782.0
1206650 1782.0
1206660 1787.1
1206670 1792.9
1206680 1792.9
1206690 1798.6
1206700 1801.6
1206710 1801.6
1206720 1802.5
1206730 1799.4
1206740 1799.4
1206750 1796.0
1206760 1793.1
1206770 1793.1
1206780 1789.9
1206790 1786.8
1206800 1781.2
1206810 1778.1
1206820 1775.5
1206830 1775.5
1206840 1773.4
1206850 1771.0
1206860 1771.0
1206870 1769.0
1206880 1765.9
1206890 1762.6
1206900 1762.6
1206910 1759.1
1206920 1755.3
1206930 1755.3
1206940 1752.8
1206950 1749.1
1206960 1749.1
1206970 1740.4
1206980 1733.2
1206990 1733.2
1207000 1728.0
1207010 1725.8
1207020 1725.8
1207030 1724.9
1207040 1723.9
1207050 1723.9
1207060 1722.4
1207070 1721.8
1207080 1721.8
1207090 1720.6
1207100 1720.5
1207110 1720.5
1207120 1721.3
1207130 1718.3
1207140 1718.3
1207150 1712.1
1207160 1706.7
1207170 1701.7
1207180 1701.7
1207190 1702.2
1207200 1708.0
1207210 1708.0
1207220 1714.6
1207230 1721.9
1207240 1721.9
1207250 1727.0
1207260 1721.7
1207270 1721.7
1207280 1726.0
1207290 1733.2
1207300 1733.2
1207310 1739.6
1207320 1745.5
1207330 1745.5
1207340 1753.0
1207350 1763.9
1207360 1763.9
1207370 1772.6
1207380 1779.5
1207390 1779.5
1207400 1784.0
1207410 1789.3
1207420 1789.3
1207430 1795.4
1207440 1802.9
1207450 1811.8
1207460 1811.8
1207470 1818.7
1207480 1826.9
1207490 1826.9
1207500 1835.7
1207510 1843.6
1207520 1843.6
1207530 1851.1
1207540 1859.1
1207550 1859.1
1207560 1867.5
1207570 1879.7
1207580 1879.7
1207590 1888.6
1207600 1895.1
1207610 1895.1
1207620 1901.9
1207630 1908.7
1207640 1908.7
1207650 1916.6
1207660 1923.7
1207670 1923.7
1207680 1928.1
1207690 1932.2
1207700 1932.2
1207710 1935.1
1207720 1937.3
1207730 1939.8
1207740 1939.8
1207750 1944.5
1207760 1950.6
1207770 1950.6
1207780 1958.7
1207790 1967.7
1207800 1967.7
1207810 1973.0
1207820 1978.4
1207830 1978.4
1207840 1984.3
1207850 1990.3
1207860 1990.3
1207870 1994.4
1207880 1998.7
1207890 1998.7
1207900 2002.5
1207910 2003.3
1207920 2003.3
1207930 2003.0
1207940 2001.9
1207950 2001.9
1207960 2003.7
1207970 2008.6
1207980 2008.6
1207990 2014.2
1208000 2019.9
1208010 2019.9
1208020 2024.6
1208030 2025.6
1208040 2025.1
1208050 2025.1
1208060 2026.4
1208070 2030.0
1208080 2030.0
1208090 2034.0
1208100 2039.7
1208110 2039.7
1208120 2044.5
1208130 2047.8
1208140 2047.8
1208150 2051.0
1208160 2054.0
1208170 2054.0
1208180 2050.6
1208190 2053.8
1208200 2053.8
1208210 2057.3
1208220 2060.2
1208230 2060.2
1208240 2063.4
1208250 2067.9
1208260 2067.9
1208270 2072.7
1208280 2077.3
1208290 2077.3
1208300 2080.8
1208310 2083.4
1208320 2080.8
1208330 2080.8
1208340 2077.3
1208350 2078.2
1208360 2078.2
1208370 2082.6
1208380 2088.1
1208390 2088.1
1208400 2089.6
1208410 2085.3
1208420 2085.3
1208430 2083.4
1208440 2083.0
1208450 2083.0
1208460 2084.9
1208470 2089.7
1208480 2089.7
1208490 2097.3
1208500 2103.0
1208510 2103.0
1208520 2107.5
1208530 2111.3
1208540 2111.3
1208550 2113.9
1208560 2113.3
1208570 2113.3
1208580 2111.8
1208590 2114.4
1208600 2119.6
1208610 2119.6
1208620 2124.1
1208630 2126.8
1208640 2119.7
1208650 2120.3
1208660 2121.9
1208670 2121.9
1208680 2126.9
1208690 2131.7
1208700 2131.7
1208710 2136.2
1208720 2141.9
1208730 2141.9
1208740 2148.6
1208750 2155.6
1208760 2155.6
1208770 2162.9
1208780 2169.9
1208790 2169.9
1208800 2177.2
1208810 2184.9
1208820 2184.9
1208830 2192.4
1208840 2199.7
1208850 2199.7
1208860 2207.2
1208870 2215.0
1208880 2222.4
1208890 2222.4
1208900 2229.3
1208910 2235.4
1208920 2235.4
1208930 2240.2
1208940 2243.4
1208950 2243.4
1208960 2245.6
1208970 2246.5
1208980 2246.5
1208990 2248.0
1209000 2250.8
1209010 2250.8
1209020 2255.1
1209030 2262.2
1209040 2262.2
1209050 2268.9
1209060 2263.3
1209070 2263.3
1209080 2267.6
1209090 2275.0
1209100 2262.2
1209110 2257.9
1209120 2256.8
1209130 2256.8
1209140 2251.3
1209150 2244.4
1209160 2239.4
1209170 2239.4
1209180 2242.8
1209190 2260.1
1209200 2260.1
1209210 2285.4
1209220 2303.3
1209230 2303.3
1209240 2308.1
1209250 2300.5
1209260 2300.5
1209270 2291.7
1209280 2280.2
1209290 2280.2
1209300 2267.7
1209310 2255.4
1209320 2255.4
1209330 2241.0
1209340 2227.7
1209350 2227.7
1209360 2216.8
1209370 2208.8
1209380 2208.8
1209390 2203.6
1209400 2202.1
1209410 2202.1
1209420 2202.4
1209430 2197.7
1209440 2197.0
1209450 2197.0
1209460 2192.7
1209470 2182.0
1209480 2182.0
1209490 2164.5
1209500 2154.4
1209510 2154.4
1209520 2151.6
1209530 2148.2
1209540 2148.2
1209550 2149.9
1209560 2148.6
1209570 2140.2
1209580 2139.6
1209590 2139.6
1209600 2139.6
1209610 2130.1
1209620 2120.3
1209630 2120.3
1209640 2109.1
1209650 2096.6
1209660 2096.6
1209670 2084.1
1209680 2070.3
1209690 2070.3
1209700 2059.8
1209710 2052.4
1209720 2052.4
1209730 2047.4
1209740 2039.6
1209750 2035.8
1209760 2035.8
1209770 2031.3
1209780 2023.4
1209790 2023.4
1209800 2015.8
1209810 2010.7
1209820 2010.7
1209830 2009.7
1209840 2010.3
1209850 2010.3
1209860 2008.3
1209870 1999.2
1209880 1999.2
1209890 1987.3
1209900 1979.2
1209910 1979.2
1209920 1973.8
1209930 1968.3
1209940 1968.3
1209950 1963.5
1209960 1961.3
1209970 1961.3
1209980 1961.6
1209990 1960.8
1210000 1960.8
1210010 1962.1
1210020 1964.9
1210030 1962.7
1210040 1962.7
1210050 1962.6
1210060 1971.8
1210070 1971.8
1210080 1975.3
1210090 1970.9
1210100 1970.9
1210110 1969.8
1210120 1967.6
1210130 1967.6
1210140 1971.9
1210150 1976.6
1210160 1976.6
1210170 1976.2
1210180 1979.8
1210190 1979.8
1210200 1995.0
1210210 2000.6
1210220 2000.6
1210230 1993.1
1210240 1980.9
1210250 1980.9
1210260 1971.8
1210270 1964.0
1210280 1964.0
1210290 1955.0
1210300 1948.1
1210310 1943.0
1210320 1943.0
1210330 1936.9
1210340 1934.8
1210350 1934.8
1210360 1940.8
1210370 1933.9
1210380 1933.9
1210390 1929.3
1210400 1921.7
1210410 1921.7
1210420 1917.7
1210430 1915.8
1210440 1915.8
1210450 1909.3
1210460 1904.8
1210470 1904.8
1210480 1910.3
1210490 1918.1
1210500 1915.8
1210510 1916.4
1210520 1913.4
1210530 1913.4
1210540 1911.1
1210550 1909.0
1210560 1909.0
1210570 1906.8
1210580 1904.8
1210590 1903.2
1210600 1903.2
1210610 1901.9
1210620 1901.9
1210630 1901.9
1210640 1901.8
1210650 1901.3
1210660 1901.3
1210670 1902.0
1210680 1904.7
1210690 1904.7
1210700 1907.2
1210710 1909.8
1210720 1909.8
1210730 1911.6
1210740 1911.5
1210750 1911.5
1210760 1909.0
1210770 1905.1
1210780 1905.1
1210790 1898.7
1210800 1891.9
1210810 1891.9
1210820 1884.4
1210830 1875.2
1210840 1875.2
1210850 1867.4
1210860 1860.3
1210870 1854.5
1210880 1854.5
1210890 1852.9
1210900 1849.2
1210910 1849.2
1210920 1838.6
1210930 1831.9
1210940 1831.9
1210950 1828.1
1210960 1814.9
1210970 1814.9
1210980 1811.5
1210990 1805.8
1211000 1805.8
1211010 1797.8
1211020 1790.2
1211030 1790.2
1211040 1783.5
1211050 1777.4
1211060 1777.4
1211070 1772.3
1211080 1766.9
1211090 1766.9
1211100 1762.8
1211110 1758.3
1211120 1758.3
1211130 1753.0
1211140 1752.5
1211150 1755.4
1211160 1755.4
1211170 1760.5
1211180 1767.3
1211190 1767.3
1211200 1768.5
1211210 1769.5
1211220 1769.5
1211230 1773.6
1211240 1778.2
1211250 1778.2
1211260 1780.4
1211270 1781.0
1211280 1781.0
1211290 1781.0
1211300 1780.6
1211310 1780.6
1211320 1779.6
1211330 1778.0
1211340 1778.0
1211350 1775.6
1211360 1772.8
1211370 1772.8
1211380 1769.7
1211390 1765.7
1211400 1765.7
1211410 1761.4
1211420 1757.5
1211430 1753.1
1211440 1753.1
1211450 1747.7
1211460 1741.2
1211470 1741.2
1211480 1734.8
1211490 1727.8
1211500 1727.8
1211510 1720.7
1211520 1713.6
1211530 1713.6
1211540 1706.6
1211550 1699.1
1211560 1699.1
1211570 1691.4
1211580 1684.0
1211590 1684.0
1211600 1678.8
1211610 1675.2
1211620 1675.2
1211630 1673.9
1211640 1673.3
1211650 1673.3
1211660 1671.8
1211670 1675.8
1211680 1675.8
1211690 1682.8
1211700 1687.7
1211710 1687.7
1211720 1689.3
1211730 1690.1
1211740 1689.1
1211750 1689.1
1211760 1685.7
1211770 1682.4
1211780 1682.4
1211790 1678.8
1211800 1674.5
1211810 1674.5
1211820 1670.5
1211830 1666.1
1211840 1666.1
1211850 1662.3
1211860 1661.2
1211870 1661.2
1211880 1661.0
1211890 1656.0
1211900 1656.0
1211910 1655.4
1211920 1653.7
1211930 1653.7
1211940 1651.9
1211950 1652.8
1211960 1652.8
1211970 1655.1
1211980 1658.2
1211990 1658.2
1212000 1660.7
1212010 1662.7
1212020 1663.8
1212030 1663.8
1212040 1666.6
1212050 1670.5
1212060 1670.5
1212070 1674.1
1212080 1677.3
1212090 1677.3
1212100 1680.7
1212110 1685.0
1212120 1685.0
1212130 1690.9
1212140 1696.6
1212150 1696.6
1212160 1701.7
1212170 1704.9
1212180 1704.9
1212190 1704.9
1212200 1703.7
1212210 1703.7
1212220 1703.7
1212230 1704.3
1212240 1704.3
1212250 1703.8
1212260 1702.3
1212270 1702.3
1212280 1701.9
1212290 1701.1
1212300 1698.7
1212310 1698.7
1212320 1695.4
1212330 1691.6
1212340 1691.6
1212350 1688.0
1212360 1681.1
1212370 1681.1
1212380 1675.5
1212390 1672.5
1212400 1672.5
1212410 1671.6
1212420 1670.3
1212430 1670.3
1212440 1666.5
1212450 1661.4
1212460 1661.4
1212470 1655.5
1212480 1649.2
1212490 1649.2
1212500 1642.3
1212510 1634.3
1212520 1634.3
1212530 1626.5
1212540 1619.8
1212550 1619.8
1212560 1613.4
1212570 1607.6
1212580 1603.5
1212590 1603.5
1212600 1603.8
1212610 1606.0
1212620 1606.0
1212630 1607.1
1212640 1608.8
1212650 1608.8
1212660 1609.7
1212670 1610.7
1212680 1610.7
1212690 1611.9
1212700 1609.8
1212710 1609.8
1212720 1603.7
1212730 1596.4
1212740 1596.4
1212750 1590.5
1212760 1585.2
1212770 1585.2
1212780 1579.5
1212790 1574.1
1212800 1574.1
1212810 1569.7
1212820 1566.3
1212830 1563.7
1212840 1560.0
1212850 1557.1
1212860 1554.6
1212870 1554.6
1212880 1550.5
1212890 1545.8
1212900 1545.8
1212910 1541.8
1212920 1537.9
1212930 1537.9
1212940 1537.8
1212950 1537.5
1212960 1537.5
1212970 1535.0
1212980 1532.4
1212990 1532.4
1213000 1531.0
1213010 1530.5
1213020 1530.5
1213030 1528.3
1213040 1526.5
1213050 1526.5
1213060 1526.7
1213070 1527.4
1213080 1527.4
1213090 1527.4
1213100 1525.4
1213110 1525.4
1213120 1521.8
1213130 1517.1
1213140 1512.6
1213150 1512.6
1213160 1509.3
1213170 1507.5
1213180 1507.5
1213190 1505.9
1213200 1504.3
1213210 1504.3
1213220 1501.9
1213230 1498.4
1213240 1498.4
1213250 1493.3
1213260 1488.6
1213270 1488.6
1213280 1485.3
1213290 1481.3
1213300 1478.8
1213310 1473.5
1213320 1468.6
1213330 1468.6
1213340 1464.0
1213350 1459.5
1213360 1459.5
1213370 1454.5
1213380 1448.9
1213390 1448.9
1213400 1442.8
1213410 1436.6
1213420 1430.1
1213430 1430.1
1213440 1422.9
1213450 1416.1
1213460 1416.1
1213470 1414.2
1213480 1421.3
1213490 1421.3
1213500 1431.3
1213510 1439.7
1213520 1439.7
1213530 1447.0
1213540 1453.4
1213550 1453.4
1213560 1458.9
1213570 1463.7
1213580 1463.7
1213590 1468.4
1213600 1472.9
1213610 1472.9
1213620 1476.3
1213630 1480.6
1213640 1480.6
1213650 1485.9
1213660 1490.9
1213670 1490.9
1213680 1496.6
1213690 1502.4
1213700 1508.6
1213710 1508.6
1213720 1514.5
1213730 1520.6
1213740 1520.6
1213750 1525.8
1213760 1530.8
1213770 1530.4
1213780 1536.9
1213790 1544.3
1213800 1544.3
1213810 1551.9
1213820 1560.5
1213830 1560.5
1213840 1568.5
1213850 1576.5
1213860 1576.5
1213870 1583.5
1213880 1590.6
1213890 1590.6
1213900 1599.3
1213910 1607.9
1213920 1607.9
1213930 1614.3
1213940 1620.4
1213950 1620.4
1213960 1629.0
1213970 1637.5
1213980 1637.5
1213990 1645.1
1214000 1653.5
1214010 1661.8
1214020 1661.8
1214030 1670.8
1214040 1680.6
1214050 1680.6
1214060 1687.9
1214070 1693.6
1214080 1693.6
1214090 1697.7
1214100 1703.9
1214110 1703.9
1214120 1710.7
1214130 1715.5
1214140 1715.5
1214150 1720.6
1214160 1725.4
1214170 1725.4
1214180 1729.3
1214190 1729.6
1214200 1729.6
1214210 1723.9
1214220 1720.0
1214230 1720.0
1214240 1728.9
1214250 1737.7
1214260 1737.7
1214270 1746.7
1214280 1760.2
1214290 1775.0
1214300 1775.0
1214310 1785.9
1214320 1791.5
1214330 1791.5
1214340 1806.1
1214350 1815.0
1214360 1815.0
1214370 1822.5
1214380 1830.0
1214390 1830.0
1214400 1837.4
1214410 1847.0
1214420 1847.0
1214430 1856.3
1214440 1861.8
1214450 1861.8
1214460 1863.2
1214470 1870.4
1214480 1870.4
1214490 1884.0
1214500 1899.3
1214510 1899.3
1214520 1908.3
1214530 1918.7
1214540 1918.7
1214550 1935.8
1214560 1947.6
1214570 1961.8
1214580 1961.8
1214590 1972.5
1214600 1978.4
1214610 1978.4
1214620 1984.0
1214630 1987.3
1214640 1987.3
1214650 1989.3
1214660 1989.6
1214670 1989.6
1214680 1987.6
1214690 1987.0
1214700 1987.0
1214710 1977.8
1214720 1978.3
1214730 1978.3
1214740 1975.3
1214750 1971.3
1214760 1971.3
1214770 1972.1
1214780 1972.3
1214790 1972.3
1214800 1969.5
1214810 1964.1
1214820 1964.1
1214830 1958.4
1214840 1952.6
1214850 1946.4
1214860 1946.4
1214870 1940.7
1214880 1934.6
1214890 1934.6
1214900 1929.9
1214910 1924.4
1214920 1924.4
1214930 1916.7
1214940 1909.9
1214950 1909.9
1214960 1903.7
1214970 1897.5
1214980 1897.5
1214990 1894.6
1215000 1888.0
1215010 1888.0
1215020 1879.9
1215030 1880.4
1215040 1880.4
1215050 1883.0
1215060 1882.1
1215070 1882.1
1215080 1881.2
1215090 1881.2
1215100 1881.2
1215110 1877.0
1215120 1872.6
1215130 1869.5
1215140 1869.5
1215150 1866.4
1215160 1862.1
1215170 1862.1
1215180 1853.3
1215190 1841.9
1215200 1841.9
1215210 1836.8
1215220 1834.2
1215230 1834.2
1215240 1829.0
1215250 1823.6
1215260 1823.6
1215270 1819.2
1215280 1815.6
1215290 1815.6
1215300 1812.1
1215310 1808.9
1215320 1808.9
1215330 1804.8
1215340 1801.0
1215350 1801.0
1215360 1797.4
1215370 1793.7
1215380 1793.7
1215390 1789.2
1215400 1791.2
1215410 1790.5
1215420 1790.5
1215430 1788.9
1215440 1786.9
1215450 1786.9
1215460 1791.4
1215470 1794.6
1215480 1794.6
1215490 1794.1
1215500 1792.4
1215510 1792.4
1215520 1789.9
1215530 1786.7
1215540 1786.7
1215550 1783.4
1215560 1779.4
1215570 1779.4
1215580 1773.4
1215590 1766.5
1215600 1766.5
1215610 1762.0
1215620 1753.4
1215630 1753.4
1215640 1745.8
1215650 1738.3
1215660 1731.9
1215670 1723.9
1215680 1717.6
1215690 1713.7
1215700 1713.7
1215710 1710.0
1215720 1704.0
1215730 1704.0
1215740 1696.2
1215750 1689.4
1215760 1689.4
1215770 1682.0
1215780 1674.3
1215790 1674.3
1215800 1668.4
1215810 1663.3
1215820 1663.3
1215830 1656.5
1215840 1648.2
1215850 1648.2
1215860 1640.0
1215870 1632.1
1215880 1632.1
1215890 1623.1
1215900 1618.3
1215910 1618.3
1215920 1618.2
1215930 1617.0
1215940 1617.0
1215950 1615.1
1215960 1612.6
1215970 1607.9
1215980 1607.9
1215990 1602.7
1216000 1595.9
1216010 1595.9
1216020 1588.4
1216030 1581.0
1216040 1581.0
1216050 1575.5
1216060 1573.5
1216070 1573.5
1216080 1571.0
1216090 1567.5
1216100 1567.5
1216110 1563.3
1216120 1559.5
1216130 1556.6
1216140 1553.1
1216150 1549.3
1216160 1549.3
1216170 1545.8
1216180 1541.7
1216190 1541.7
1216200 1536.2
1216210 1530.4
1216220 1530.4
1216230 1528.6
1216240 1531.8
1216250 1531.8
1216260 1538.7
1216270 1544.5
1216280 1550.8
1216290 1550.8
1216300 1557.5
1216310 1564.1
1216320 1564.1
1216330 1570.3
1216340 1576.8
1216350 1576.8
1216360 1584.4
1216370 1591.7
1216380 1591.7
1216390 1599.2
1216400 1605.9
1216410 1605.9
1216420 1612.3
1216430 1618.6
1216440 1618.6
1216450 1627.2
1216460 1640.6
1216470 1640.6
1216480 1654.1
1216490 1673.1
1216500 1673.1
1216510 1689.0
1216520 1700.9
1216530 1700.9
1216540 1710.8
1216550 1720.6
1216560 1730.8
1216570 1730.8
1216580 1739.4
1216590 1746.8
1216600 1746.8
1216610 1761.9
1216620 1767.4
1216630 1767.4
1216640 1771.3
1216650 1775.7
1216660 1775.7
1216670 1782.2
1216680 1788.4
1216690 1788.4
1216700 1793.6
1216710 1799.0
1216720 1799.0
1216730 1802.4
1216740 1804.5
1216750 1804.5
1216760 1805.6
1216770 1806.9
1216780 1806.9
1216790 1808.0
1216800 1809.4
1216810 1809.4
1216820 1810.6
1216830 1811.1
1216840 1813.4
1216850 1813.4
1216860 1817.4
1216870 1820.1
1216880 1820.1
1216890 1819.8
1216900 1816.9
1216910 1816.9
1216920 1816.3
1216930 1817.5
1216940 1817.5
1216950 1820.9
1216960 1822.7
1216970 1822.7
1216980 1820.9
1216990 1818.1
1217000 1818.1
1217010 1815.5
1217020 1813.2
1217030 1813.2
1217040 1809.7
1217050 1803.0
1217060 1803.0
1217070 1799.7
1217080 1800.3
1217090 1794.0
1217100 1794.9
1217110 1791.7
1217120 1793.0
1217130 1793.0
1217140 1793.7
1217150 1793.1
1217160 1793.1
1217170 1793.1
1217180 1794.3
1217190 1794.3
1217200 1794.1
1217210 1790.3
1217220 1790.3
1217230 1786.1
1217240 1786.7
1217250 1786.7
1217260 1791.8
1217270 1798.0
1217280 1798.0
1217290 1803.8
1217300 1809.6
1217310 1809.6
1217320 1814.7
1217330 1817.5
1217340 1817.5
1217350 1819.9
1217360 1822.7
1217370 1822.7
1217380 1826.6
1217390 1831.1
1217400 1835.8
1217410 1835.8
1217420 1840.3
1217430 1845.1
1217440 1845.1
1217450 1849.9
1217460 1854.5
1217470 1854.5
1217480 1859.3
1217490 1864.4
1217500 1864.4
1217510 1869.7
1217520 1875.4
1217530 1875.4
1217540 1881.5
1217550 1887.2
1217560 1884.9
1217570 1891.2
1217580 1897.8
1217590 1897.8
1217600 1904.1
1217610 1911.1
1217620 1911.1
1217630 1917.4
1217640 1921.3
1217650 1921.3
1217660 1923.6
1217670 1923.3
1217680 1921.5
1217690 1921.5
1217700 1926.2
1217710 1933.0
1217720 1933.0
1217730 1938.6
1217740 1943.6
1217750 1943.6
1217760 1948.8
1217770 1953.3
1217780 1953.3
1217790 1958.1
1217800 1962.4
1217810 1962.4
1217820 1966.2
1217830 1969.7
1217840 1969.7
1217850 1972.6
1217860 1973.4
1217870 1973.4
1217880 1974.4
1217890 1980.0
1217900 1980.0
1217910 1983.5
1217920 1985.9
1217930 1985.9
1217940 1986.0
1217950 1980.4
1217960 1971.9
1217970 1971.9
1217980 1962.2
1217990 1955.9
1218000 1955.9
1218010 1953.8
1218020 1952.3
1218030 1952.3
1218040 1943.7
1218050 1945.4
1218060 1945.4
1218070 1947.5
1218080 1947.7
1218090 1947.7
1218100 1945.4
1218110 1938.4
1218120 1938.4
1218130 1926.4
1218140 1913.5
1218150 1913.5
1218160 1903.7
1218170 1895.0
1218180 1895.0
1218190 1887.5
1218200 1881.3
1218210 1881.3
1218220 1878.3
1218230 1876.7
1218240 1868.9
1218250 1868.9
1218260 1861.2
1218270 1860.2
1218280 1860.2
1218290 1856.3
1218300 1847.8
1218310 1847.8
1218320 1842.3
1218330 1840.6
1218340 1840.6
1218350 1845.5
1218360 1851.2
1218370 1851.2
1218380 1852.6
1218390 1851.5
1218400 1851.5
1218410 1846.3
1218420 1838.2
1218430 1838.2
1218440 1830.2
1218450 1823.1
1218460 1823.1
1218470 1817.3
1218480 1814.4
1218490 1814.4
1218500 1814.1
1218510 1810.1
1218520 1804.7
1218530 1799.0
1218540 1790.6
1218550 1782.3
1218560 1782.3
1218570 1774.1
1218580 1764.5
1218590 1764.5
1218600 1752.3
1218610 1741.9
1218620 1741.9
1218630 1733.1
1218640 1721.9
1218650 1721.9
1218660 1712.7
1218670 1707.3
1218680 1707.3
1218690 1703.1
1218700 1704.1
1218710 1704.1
1218720 1703.8
1218730 1697.8
1218740 1697.8
1218750 1696.5
1218760 1701.9
1218770 1701.9
1218780 1703.2
1218790 1694.1
1218800 1694.1
1218810 1687.3
1218820 1685.8
1218830 1680.6
1218840 1680.6
1218850 1677.3
1218860 1675.8
1218870 1675.8
1218880 1673.2
1218890 1670.8
1218900 1670.8
1218910 1666.0
1218920 1660.6
1218930 1660.6
1218940 1655.8
1218950 1652.0
1218960 1652.0
1218970 1648.4
1218980 1645.4
1218990 1645.4
1219000 1634.7
1219010 1628.1
1219020 1628.1
1219030 1619.4
1219040 1614.0
1219050 1614.0
1219060 1609.7
1219070 1604.0
1219080 1604.0
1219090 1597.6
1219100 1591.3
1219110 1585.1
1219120 1585.1
1219130 1579.0
1219140 1572.5
1219150 1572.5
1219160 1563.9
1219170 1556.0
1219180 1556.0
1219190 1551.9
1219200 1546.3
1219210 1546.3
1219220 1540.5
1219230 1533.0
1219240 1533.0
1219250 1525.8
1219260 1527.6
1219270 1527.6
1219280 1526.8
1219290 1522.9
1219300 1522.9
1219310 1516.8
1219320 1508.8
1219330 1508.8
1219340 1499.8
1219350 1490.0
1219360 1490.0
1219370 1483.1
1219380 1480.2
1219390 1476.8
1219400 1476.8
1219410 1472.5
1219420 1468.9
1219430 1468.9
1219440 1465.3
1219450 1459.3
1219460 1459.3
1219470 1455.9
1219480 1447.2
1219490 1447.2
1219500 1446.9
1219510 1445.5
1219520 1445.5
1219530 1442.5
1219540 1435.3
1219550 1435.3
1219560 1426.7
1219570 1420.4
1219580 1420.4
1219590 1415.9
1219600 1412.2
1219610 1412.2
1219620 1408.9
1219630 1404.2
1219640 1404.2
1219650 1398.4
1219660 1390.2
1219670 1380.2
1219680 1380.2
1219690 1375.4
1219700 1374.4
1219710 1374.4
1219720 1373.6
1219730 1368.6
1219740 1368.6
1219750 1366.3
1219760 1365.0
1219770 1365.0
1219780 1361.8
1219790 1358.1
1219800 1358.1
1219810 1354.4
1219820 1351.3
1219830 1351.3
1219840 1348.7
1219850 1349.2
1219860 1349.2
1219870 1346.8
1219880 1344.2
1219890 1344.2
1219900 1341.1
1219910 1337.2
1219920 1337.2
1219930 1332.3
1219940 1327.5
1219950 1323.3
1219960 1320.6
1219970 1315.7
1219980 1310.7
1219990 1310.7
