1200000 1962.9
1200010 1961.4
1200020 1968.9
1200030 1968.9
1200040 1973.1
1200050 1981.5
1200060 1981.5
1200070 1983.2
1200080 1983.9
1200090 1979.7
1200100 1979.7
1200110 1975.1
1200120 1971.8
1200130 1971.8
1200140 1978.0
1200150 1986.1
1200160 1986.1
1200170 1993.7
1200180 1996.4
1200190 1996.4
1200200 2000.0
1200210 2006.1
1200220 2006.1
1200230 1994.0
1200240 1995.4
1200250 1995.4
1200260 2006.8
1200270 2011.3
1200280 2011.3
1200290 2020.1
1200300 2029.0
1200310 2029.0
1200320 2035.6
1200330 2041.3
1200340 2041.3
1200350 2046.2
1200360 2049.2
1200370 2049.2
1200380 2048.1
1200390 2045.8
1200400 2042.3
1200410 2042.3
1200420 2038.6
1200430 2036.5
1200440 2036.5
1200450 2032.9
1200460 2030.8
1200470 2030.8
1200480 2028.4
1200490 2025.4
1200500 2025.4
1200510 2021.8
1200520 2016.6
1200530 2016.6
1200540 2011.5
1200550 2011.3
1200560 2011.3
1200570 2015.8
1200580 2018.3
1200590 2018.3
1200600 2020.4
1200610 2020.4
1200620 2020.4
1200630 2019.9
1200640 2018.3
1200650 2018.3
1200660 2015.2
1200670 2012.7
1200680 2014.0
1200690 2014.0
1200700 2020.9
1200710 2026.1
1200720 2026.1
1200730 2031.6
1200740 2038.1
1200750 2038.1
1200760 2044.3
1200770 2050.3
1200780 2050.3
1200790 2055.7
1200800 2060.8
1200810 2060.8
1200820 2066.5
1200830 2072.6
1200840 2072.6
1200850 2077.5
1200860 2082.7
1200870 2082.7
1200880 2087.2
1200890 2091.6
1200900 2091.6
1200910 2094.2
1200920 2095.0
1200930 2095.0
1200940 2097.1
1200950 2095.8
1200960 2092.5
1200970 2092.5
1200980 2087.9
1200990 2081.4
1201000 2081.4
1201010 2075.4
1201020 2069.6
1201030 2069.6
1201040 2062.8
1201050 2054.2
1201060 2054.2
1201070 2045.4
1201080 2037.5
1201090 2037.5
1201100 2030.8
1201110 2023.6
1201120 2023.6
1201130 2020.3
1201140 2015.3
1201150 2015.3
1201160 2010.9
1201170 2005.9
1201180 2005.9
1201190 2000.2
1201200 1995.0
1201210 1995.0
1201220 1990.4
1201230 1986.0
1201240 1980.9
1201250 1980.9
1201260 1976.4
1201270 1972.3
1201280 1972.3
1201290 1968.4
1201300 1964.9
1201310 1964.9
1201320 1961.9
1201330 1957.9
1201340 1957.9
1201350 1952.4
1201360 1945.9
1201370 1945.9
1201380 1939.6
1201390 1933.2
1201400 1933.2
1201410 1927.2
1201420 1921.5
1201430 1921.5
1201440 1916.2
1201450 1911.4
1201460 1911.4
1201470 1907.4
1201480 1904.2
1201490 1904.2
1201500 1901.6
1201510 1899.4
1201520 1899.4
1201530 1896.2
1201540 1892.1
1201550 1888.4
1201560 1888.4
1201570 1884.1
1201580 1876.1
1201590 1876.1
1201600 1868.1
1201610 1863.0
1201620 1863.0
1201630 1860.1
1201640 1860.7
1201650 1860.7
1201660 1855.4
1201670 1851.7
1201680 1851.7
1201690 1845.7
1201700 1837.6
1201710 1837.6
1201720 1829.5
1201730 1820.2
1201740 1820.2
1201750 1812.7
1201760 1805.7
1201770 1805.7
1201780 1799.0
1201790 1791.7
1201800 1791.7
1201810 1785.0
1201820 1777.2
1201830 1768.1
1201840 1768.1
1201850 1761.2
1201860 1759.0
1201870 1759.0
1201880 1756.1
1201890 1749.5
1201900 1749.5
1201910 1739.7
1201920 1729.3
1201930 1729.3
1201940 1720.8
1201950 1713.4
1201960 1713.4
1201970 1708.3
1201980 1704.0
1201990 1704.0
1202000 1699.0
1202010 1693.7
1202020 1693.7
1202030 1684.2
1202040 1678.7
1202050 1678.7
1202060 1673.2
1202070 1666.9
1202080 1666.9
1202090 1659.6
1202100 1652.5
1202110 1645.7
1202120 1645.7
1202130 1638.6
1202140 1631.7
1202150 1631.7
1202160 1626.0
1202170 1621.1
1202180 1621.1
1202190 1615.5
1202200 1609.4
1202210 1609.4
1202220 1603.2
1202230 1596.2
1202240 1596.2
1202250 1589.5
1202260 1583.1
1202270 1583.1
1202280 1576.4
1202290 1569.7
1202300 1569.7
1202310 1563.5
1202320 1557.5
1202330 1557.5
1202340 1551.6
1202350 1545.9
1202360 1545.9
1202370 1540.3
1202380 1534.9
1202390 1529.3
1202400 1529.3
1202410 1523.5
1202420 1517.9
1202430 1517.9
1202440 1512.6
1202450 1507.9
1202460 1507.9
1202470 1503.3
1202480 1495.3
1202490 1495.3
1202500 1490.4
1202510 1485.7
1202520 1485.7
1202530 1481.3
1202540 1477.9
1202550 1477.9
1202560 1475.9
1202570 1473.4
1202580 1473.4
1202590 1469.7
1202600 1466.0
1202610 1466.0
1202620 1462.9
1202630 1459.4
1202640 1459.4
1202650 1455.5
1202660 1451.3
1202670 1451.3
1202680 1446.6
1202690 1440.9
1202700 1434.4
1202710 1434.4
1202720 1428.7
1202730 1424.6
1202740 1424.6
1202750 1420.9
1202760 1417.8
1202770 1417.8
1202780 1415.6
1202790 1414.2
1202800 1414.2
1202810 1413.0
1202820 1408.1
1202830 1408.1
1202840 1402.8
1202850 1397.4
1202860 1397.4
1202870 1393.0
1202880 1391.1
1202890 1391.1
1202900 1388.1
1202910 1380.9
1202920 1380.9
1202930 1368.9
1202940 1363.0
1202950 1363.0
1202960 1357.0
1202970 1351.4
1202980 1346.7
1202990 1346.7
1203000 1343.2
1203010 1340.1
1203020 1340.1
1203030 1337.1
1203040 1336.2
1203050 1336.2
1203060 1333.7
1203070 1328.5
1203080 1328.5
1203090 1321.6
1203100 1314.7
1203110 1314.7
1203120 1308.7
1203130 1302.9
1203140 1302.9
1203150 1297.7
1203160 1292.2
1203170 1292.2
1203180 1285.5
1203190 1275.4
1203200 1275.4
1203210 1265.3
1203220 1256.8
1203230 1256.8
1203240 1248.1
1203250 1241.0
1203260 1234.9
1203270 1234.9
1203280 1229.7
1203290 1224.9
1203300 1224.9
1203310 1220.0
1203320 1215.0
1203330 1215.0
1203340 1209.8
1203350 1204.9
1203360 1204.9
1203370 1199.9
1203380 1193.2
1203390 1192.4
1203400 1184.9
1203410 1179.5
1203420 1179.5
1203430 1174.9
1203440 1170.9
1203450 1170.9
1203460 1167.7
1203470 1164.0
1203480 1164.0
1203490 1157.9
1203500 1153.0
1203510 1153.0
1203520 1144.7
1203530 1133.2
1203540 1133.2
1203550 1123.3
1203560 1113.1
1203570 1103.6
1203580 1103.6
1203590 1095.7
1203600 1087.7
1203610 1087.7
1203620 1079.7
1203630 1072.0
1203640 1072.0
1203650 1064.5
1203660 1057.1
1203670 1057.1
1203680 1050.0
1203690 1042.8
1203700 1042.8
1203710 1035.6
1203720 1028.2
1203730 1028.2
1203740 1018.2
1203750 1008.8
1203760 1008.8
1203770 1000.8
1203780 993.7
1203790 993.7
1203800 986.4
1203810 981.7
1203820 981.7
1203830 977.6
1203840 969.3
1203850 963.8
1203860 963.8
1203870 958.7
1203880 954.8
1203890 954.8
1203900 953.2
1203910 950.5
1203920 950.5
1203930 947.5
1203940 943.6
1203950 943.6
1203960 940.0
1203970 936.7
1203980 936.7
1203990 934.3
1204000 930.1
1204010 930.1
1204020 927.6
1204030 926.9
1204040 926.9
1204050 927.8
1204060 928.1
1204070 928.1
1204080 928.8
1204090 929.4
1204100 929.4
1204110 932.7
1204120 939.7
1204130 947.2
1204140 947.2
1204150 953.3
1204160 956.6
1204170 956.6
1204180 957.2
1204190 959.0
1204200 959.0
1204210 959.8
1204220 959.7
1204230 959.7
1204240 959.0
1204250 956.2
1204260 956.2
1204270 952.2
1204280 948.0
1204290 950.9
1204300 948.4
1204310 947.4
1204320 947.4
1204330 946.1
1204340 945.3
1204350 945.3
1204360 948.2
1204370 950.7
1204380 950.7
1204390 953.2
1204400 956.2
1204410 959.3
1204420 959.3
1204430 963.4
1204440 965.4
1204450 965.4
1204460 965.8
1204470 965.0
1204480 965.0
1204490 965.4
1204500 962.6
1204510 962.6
1204520 959.6
1204530 959.4
1204540 959.4
1204550 956.2
1204560 949.2
1204570 949.2
1204580 944.4
1204590 938.9
1204600 938.9
1204610 934.7
1204620 934.3
1204630 934.3
1204640 934.3
1204650 934.3
1204660 934.3
1204670 934.3
1204680 934.3
1204690 934.3
1204700 934.3
1204710 934.3
1204720 934.3
1204730 934.3
1204740 934.3
1204750 934.3
1204760 934.3
1204770 934.3
1204780 934.3
1204790 934.3
1204800 934.3
1204810 934.3
1204820 934.3
1204830 934.3
1204840 934.3
1204850 934.3
1204860 934.3
1204870 934.3
1204880 934.3
1204890 934.3
1204900 934.3
1204910 934.3
1204920 934.3
1204930 934.3
1204940 934.3
1204950 934.3
1204960 934.3
1204970 934.3
1204980 934.3
1204990 934.3
1205000 934.3
1205010 934.3
1205020 934.3
1205030 934.3
1205040 934.3
1205050 934.5
1205060 935.0
1205070 935.0
1205080 936.7
1205090 938.5
1205100 938.5
1205110 940.2
1205120 942.1
1205130 942.1
1205140 943.8
1205150 945.4
1205160 945.4
1205170 946.8
1205180 948.3
1205190 948.3
1205200 951.4
1205210 953.8
1205220 953.8
1205230 956.5
1205240 959.0
1205250 959.0
1205260 960.6
1205270 961.7
1205280 962.9
1205290 962.9
1205300 967.2
1205310 973.2
1205320 973.2
1205330 979.0
1205340 984.7
1205350 984.7
1205360 990.2
1205370 995.9
1205380 995.9
1205390 1001.2
1205400 1006.5
1205410 1006.5
1205420 1012.6
1205430 1018.7
1205440 1018.7
1205450 1024.0
1205460 1029.8
1205470 1029.8
1205480 1035.4
1205490 1040.3
1205500 1040.3
1205510 1044.5
1205520 1048.4
1205530 1048.4
1205540 1053.1
1205550 1060.1
1205560 1064.9
1205570 1064.9
1205580 1072.4
1205590 1080.9
1205600 1080.9
1205610 1085.4
1205620 1085.7
1205630 1085.7
1205640 1090.5
1205650 1104.2
1205660 1114.5
1205670 1134.5
1205680 1148.7
1205690 1148.7
1205700 1159.5
1205710 1171.0
1205720 1171.0
1205730 1181.1
1205740 1187.8
1205750 1187.8
1205760 1193.7
1205770 1199.5
1205780 1199.5
1205790 1204.6
1205800 1209.4
1205810 1209.4
1205820 1211.5
1205830 1214.1
1205840 1214.1
1205850 1219.9
1205860 1224.1
1205870 1228.3
1205880 1228.3
1205890 1233.8
1205900 1240.0
1205910 1240.0
1205920 1246.8
1205930 1252.4
1205940 1252.4
1205950 1256.2
1205960 1260.9
1205970 1260.9
1205980 1267.6
1205990 1276.9
1206000 1276.9
1206010 1287.4
1206020 1295.0
1206030 1295.0
1206040 1301.1
1206050 1306.6
1206060 1306.6
1206070 1310.1
1206080 1312.5
1206090 1312.5
1206100 1314.4
1206110 1317.4
1206120 1319.6
1206130 1322.6
1206140 1326.1
1206150 1330.1
1206160 1330.1
1206170 1334.2
1206180 1337.4
1206190 1337.4
1206200 1341.6
1206210 1346.2
1206220 1346.2
1206230 1351.1
1206240 1356.3
1206250 1356.3
1206260 1361.0
1206270 1365.8
1206280 1365.8
1206290 1370.7
1206300 1376.1
1206310 1376.1
1206320 1381.6
1206330 1385.2
1206340 1385.2
1206350 1387.9
1206360 1391.9
1206370 1391.9
1206380 1397.9
1206390 1400.5
1206400 1400.5
1206410 1402.4
1206420 1405.8
1206430 1408.9
1206440 1408.9
1206450 1410.4
1206460 1413.4
1206470 1413.4
1206480 1416.9
1206490 1421.0
1206500 1421.0
1206510 1425.7
1206520 1430.0
1206530 1430.0
1206540 1434.3
1206550 1440.2
1206560 1440.2
1206570 1447.4
1206580 1458.4
1206590 1458.4
1206600 1464.0
1206610 1469.7
1206620 1469.7
1206630 1476.4
1206640 1483.7
1206650 1483.7
1206660 1489.7
1206670 1496.4
1206680 1496.4
1206690 1503.3
1206700 1508.9
1206710 1508.9
1206720 1513.3
1206730 1517.9
1206740 1522.8
1206750 1522.8
1206760 1528.2
1206770 1533.6
1206780 1533.6
1206790 1539.0
1206800 1544.6
1206810 1544.6
1206820 1550.4
1206830 1556.2
1206840 1556.2
1206850 1562.4
1206860 1568.3
1206870 1568.3
1206880 1573.4
1206890 1578.7
1206900 1578.7
1206910 1584.3
1206920 1589.3
1206930 1589.3
1206940 1597.4
1206950 1606.2
1206960 1606.2
1206970 1613.4
1206980 1619.6
1206990 1619.6
1207000 1627.8
1207010 1635.3
1207020 1639.9
1207030 1639.9
1207040 1658.0
1207050 1663.7
1207060 1663.7
1207070 1671.6
1207080 1683.4
1207090 1683.4
1207100 1691.1
1207110 1694.6
1207120 1694.6
1207130 1700.8
1207140 1708.8
1207150 1708.8
1207160 1714.0
1207170 1718.2
1207180 1718.2
1207190 1720.9
1207200 1723.7
1207210 1723.7
1207220 1726.7
1207230 1729.1
1207240 1729.1
1207250 1730.3
1207260 1729.7
1207270 1729.7
1207280 1728.1
1207290 1727.3
1207300 1729.5
1207310 1729.5
1207320 1732.5
1207330 1733.5
1207340 1733.5
1207350 1732.7
1207360 1733.5
1207370 1733.5
1207380 1736.3
1207390 1738.8
1207400 1738.8
1207410 1740.3
1207420 1740.4
1207430 1740.4
1207440 1740.8
1207450 1742.5
1207460 1742.5
1207470 1744.4
1207480 1746.3
1207490 1746.3
1207500 1749.0
1207510 1750.7
1207520 1750.7
1207530 1751.1
1207540 1750.6
1207550 1750.6
1207560 1750.5
1207570 1750.9
1207580 1750.6
1207590 1750.6
1207600 1749.9
1207610 1749.1
1207620 1749.1
1207630 1748.4
1207640 1747.5
1207650 1747.5
1207660 1746.3
1207670 1745.3
1207680 1745.3
1207690 1744.6
1207700 1744.5
1207710 1744.5
1207720 1744.5
1207730 1744.7
1207740 1744.7
1207750 1744.9
1207760 1745.4
1207770 1745.4
1207780 1745.3
1207790 1745.0
1207800 1745.0
1207810 1745.2
1207820 1745.7
1207830 1745.7
1207840 1746.9
1207850 1749.8
1207860 1749.8
1207870 1754.3
1207880 1759.7
1207890 1765.0
1207900 1765.0
1207910 1769.9
1207920 1774.2
1207930 1774.2
1207940 1777.1
1207950 1778.1
1207960 1774.2
1207970 1776.1
1207980 1779.3
1207990 1779.3
1208000 1782.7
1208010 1786.1
1208020 1786.1
1208030 1789.1
1208040 1792.0
1208050 1792.0
1208060 1794.9
1208070 1797.9
1208080 1797.9
1208090 1801.1
1208100 1804.4
1208110 1804.4
1208120 1808.1
1208130 1811.2
1208140 1811.2
1208150 1813.9
1208160 1816.4
1208170 1819.0
1208180 1819.0
1208190 1822.4
1208200 1826.4
1208210 1826.4
1208220 1829.5
1208230 1832.0
1208240 1832.0
1208250 1834.8
1208260 1837.2
1208270 1837.2
1208280 1839.6
1208290 1842.3
1208300 1842.3
1208310 1845.0
1208320 1847.9
1208330 1847.9
1208340 1850.6
1208350 1853.7
1208360 1853.7
1208370 1855.6
1208380 1856.9
1208390 1856.9
1208400 1859.1
1208410 1861.3
1208420 1865.0
1208430 1867.4
1208440 1870.2
1208450 1873.1
1208460 1873.1
1208470 1876.0
1208480 1878.8
1208490 1878.8
1208500 1881.1
1208510 1883.6
1208520 1883.6
1208530 1887.6
1208540 1892.1
1208550 1892.1
1208560 1896.6
1208570 1901.0
1208580 1901.0
1208590 1906.0
1208600 1910.4
1208610 1910.4
1208620 1913.9
1208630 1917.2
1208640 1917.2
1208650 1920.6
1208660 1924.0
1208670 1924.0
1208680 1927.1
1208690 1930.8
1208700 1930.8
1208710 1935.7
1208720 1939.7
1208730 1943.4
1208740 1943.4
1208750 1946.4
1208760 1950.1
1208770 1950.1
1208780 1953.1
1208790 1955.7
1208800 1955.7
1208810 1958.1
1208820 1960.0
1208830 1960.0
1208840 1962.2
1208850 1964.2
1208860 1964.2
1208870 1966.2
1208880 1974.5
1208890 1974.5
1208900 1978.1
1208910 1982.4
1208920 1982.4
1208930 1987.1
1208940 1991.9
1208950 1991.9
1208960 1995.9
1208970 1999.4
1208980 1999.4
1208990 2001.6
1209000 2001.0
1209010 2001.0
1209020 2002.0
1209030 2004.6
1209040 2006.5
1209050 2006.5
1209060 2008.1
1209070 2009.3
1209080 2009.3
1209090 2010.4
1209100 2012.7
1209110 2012.7
1209120 2016.5
1209130 2019.5
1209140 2019.5
1209150 2023.1
1209160 2026.3
1209170 2026.3
1209180 2030.2
1209190 2036.1
1209200 2036.1
1209210 2044.0
1209220 2051.2
1209230 2051.2
1209240 2058.8
1209250 2066.8
1209260 2066.8
1209270 2074.4
1209280 2081.1
1209290 2081.1
1209300 2086.1
1209310 2087.3
1209320 2085.5
1209330 2085.5
1209340 2091.7
1209350 2091.8
1209360 2091.8
1209370 2092.3
1209380 2092.8
1209390 2092.8
1209400 2094.1
1209410 2096.0
1209420 2096.0
1209430 2097.9
1209440 2099.8
1209450 2099.8
1209460 2101.6
1209470 2104.2
1209480 2104.2
1209490 2106.5
1209500 2109.2
1209510 2109.2
1209520 2111.6
1209530 2112.2
1209540 2112.2
1209550 2113.3
1209560 2114.4
1209570 2114.4
1209580 2116.4
1209590 2120.5
1209600 2124.7
1209610 2124.7
1209620 2128.9
1209630 2132.3
1209640 2132.3
1209650 2135.4
1209660 2137.8
1209670 2137.8
1209680 2139.5
1209690 2141.3
1209700 2141.3
1209710 2140.6
1209720 2135.8
1209730 2135.8
1209740 2130.1
1209750 2124.1
1209760 2124.1
1209770 2117.2
1209780 2107.9
1209790 2107.9
1209800 2097.4
1209810 2084.2
1209820 2084.2
1209830 2075.0
1209840 2067.2
1209850 2067.2
1209860 2061.0
1209870 2055.8
1209880 2050.8
1209890 2050.8
1209900 2046.3
1209910 2042.8
1209920 2042.8
1209930 2039.9
1209940 2037.7
1209950 2037.7
1209960 2035.6
1209970 2033.5
1209980 2033.5
1209990 2031.0
1210000 2028.2
1210010 2028.2
1210020 2023.7
1210030 2017.6
1210040 2017.6
1210050 2011.4
1210060 2005.1
1210070 2005.1
1210080 1997.5
1210090 1989.4
1210100 1989.4
1210110 1981.5
1210120 1974.3
1210130 1974.3
1210140 1970.1
1210150 1966.3
1210160 1966.3
1210170 1961.8
1210180 1957.6
1210190 1954.3
1210200 1954.3
1210210 1950.9
1210220 1946.8
1210230 1946.8
1210240 1942.7
1210250 1937.9
1210260 1937.9
1210270 1928.6
1210280 1924.1
1210290 1924.1
1210300 1919.9
1210310 1915.8
1210320 1915.8
1210330 1911.6
1210340 1907.1
1210350 1907.1
1210360 1903.3
1210370 1899.3
1210380 1899.3
1210390 1895.2
1210400 1891.0
1210410 1891.0
1210420 1886.6
1210430 1882.3
1210440 1882.3
1210450 1877.7
1210460 1873.4
1210470 1869.6
1210480 1869.6
1210490 1865.2
1210500 1859.9
1210510 1859.9
1210520 1854.7
1210530 1850.0
1210540 1850.0
1210550 1845.6
1210560 1841.2
1210570 1841.2
1210580 1837.6
1210590 1834.9
1210600 1834.9
1210610 1832.7
1210620 1830.5
1210630 1830.5
1210640 1829.2
1210650 1828.1
1210660 1828.1
1210670 1826.9
1210680 1825.9
1210690 1825.9
1210700 1824.0
1210710 1821.6
1210720 1821.6
1210730 1819.6
1210740 1819.6
1210750 1817.7
1210760 1817.7
1210770 1815.9
1210780 1814.3
1210790 1814.3
1210800 1813.2
1210810 1812.3
1210820 1812.3
1210830 1811.7
1210840 1811.4
1210850 1811.4
1210860 1812.7
1210870 1815.1
1210880 1815.1
1210890 1817.3
1210900 1819.2
1210910 1819.2
1210920 1820.8
1210930 1822.7
1210940 1822.7
1210950 1824.7
1210960 1826.4
1210970 1826.4
1210980 1828.0
1210990 1829.8
1211000 1829.8
1211010 1832.0
1211020 1833.6
1211030 1833.6
1211040 1834.5
1211050 1834.9
1211060 1835.5
1211070 1835.5
1211080 1835.1
1211090 1833.9
1211100 1833.9
1211110 1831.5
1211120 1828.9
1211130 1828.9
1211140 1829.0
1211150 1831.9
1211160 1831.9
1211170 1836.3
1211180 1840.1
1211190 1840.1
1211200 1848.8
1211210 1852.3
1211220 1852.3
1211230 1855.1
1211240 1857.5
1211250 1857.5
1211260 1859.4
1211270 1861.4
1211280 1861.4
1211290 1864.3
1211300 1867.9
1211310 1867.9
1211320 1871.3
1211330 1875.7
1211340 1881.7
1211350 1881.7
1211360 1889.3
1211370 1897.6
1211380 1897.6
1211390 1902.9
1211400 1905.2
1211410 1905.2
1211420 1910.1
1211430 1920.8
1211440 1920.8
1211450 1930.1
1211460 1939.0
1211470 1939.0
1211480 1944.1
1211490 1942.5
1211500 1942.5
1211510 1940.9
1211520 1941.3
1211530 1941.3
1211540 1944.3
1211550 1948.5
1211560 1948.5
1211570 1951.4
1211580 1956.4
1211590 1956.4
1211600 1964.4
1211610 1972.3
1211620 1983.9
1211630 1983.9
1211640 1999.0
1211650 2007.8
1211660 2007.8
1211670 2014.7
1211680 2026.6
1211690 2026.6
1211700 2038.5
1211710 2052.5
1211720 2052.5
1211730 2066.3
1211740 2080.1
1211750 2080.1
1211760 2098.5
1211770 2115.9
1211780 2115.9
1211790 2127.4
1211800 2132.0
1211810 2132.0
1211820 2133.4
1211830 2131.1
1211840 2131.1
1211850 2126.4
1211860 2120.3
1211870 2120.3
1211880 2113.0
1211890 2104.3
1211900 2095.2
1211910 2095.2
1211920 2087.9
1211930 2081.4
1211940 2081.4
1211950 2075.9
1211960 2072.8
1211970 2072.8
1211980 2072.0
1211990 2069.6
1212000 2069.6
1212010 2067.7
1212020 2066.7
1212030 2066.7
1212040 2065.3
1212050 2062.1
1212060 2062.1
1212070 2058.0
1212080 2056.4
1212090 2056.4
1212100 2052.2
1212110 2044.4
1212120 2044.4
1212130 2037.7
1212140 2032.6
1212150 2032.6
1212160 2027.5
1212170 2021.3
1212180 2021.3
1212190 2014.0
1212200 2006.5
1212210 2000.8
1212220 2000.8
1212230 1997.6
1212240 1995.8
1212250 1995.8
1212260 1992.3
1212270 1989.1
1212280 1989.1
1212290 1983.8
1212300 1974.3
1212310 1974.3
1212320 1964.1
1212330 1958.3
1212340 1958.3
1212350 1952.8
1212360 1948.3
1212370 1948.3
1212380 1942.8
1212390 1937.2
1212400 1937.2
1212410 1932.0
1212420 1926.5
1212430 1926.5
1212440 1918.9
1212450 1913.2
1212460 1913.2
1212470 1908.8
1212480 1902.1
1212490 1896.7
1212500 1896.7
1212510 1891.6
1212520 1885.9
1212530 1885.9
1212540 1879.7
1212550 1873.3
1212560 1873.3
1212570 1867.0
1212580 1863.4
1212590 1863.4
1212600 1860.9
1212610 1862.2
1212620 1862.2
1212630 1858.5
1212640 1853.4
1212650 1853.4
1212660 1847.5
1212670 1843.0
1212680 1843.0
1212690 1840.0
1212700 1830.0
1212710 1830.0
1212720 1816.9
1212730 1806.4
1212740 1806.4
1212750 1798.9
1212760 1789.4
1212770 1779.2
1212780 1779.2
1212790 1772.8
1212800 1768.7
1212810 1768.7
1212820 1766.6
1212830 1761.3
1212840 1761.3
1212850 1755.5
1212860 1751.3
1212870 1751.3
1212880 1746.5
1212890 1737.9
1212900 1737.9
1212910 1728.2
1212920 1720.7
1212930 1720.7
1212940 1709.1
1212950 1699.2
1212960 1699.2
1212970 1692.1
1212980 1687.3
1212990 1687.3
1213000 1685.7
1213010 1685.6
1213020 1685.6
1213030 1684.4
1213040 1682.7
1213050 1682.3
1213060 1682.3
1213070 1682.8
1213080 1683.2
1213090 1683.2
1213100 1680.3
1213110 1676.1
1213120 1676.1
1213130 1670.5
1213140 1665.6
1213150 1665.6
1213160 1661.4
1213170 1658.0
1213180 1658.0
1213190 1656.2
1213200 1653.0
1213210 1653.0
1213220 1649.3
1213230 1647.8
1213240 1647.8
1213250 1647.2
1213260 1644.7
1213270 1644.7
1213280 1642.0
1213290 1644.7
1213300 1644.7
1213310 1649.2
1213320 1651.8
1213330 1651.8
1213340 1652.2
1213350 1652.1
1213360 1652.9
1213370 1652.9
1213380 1654.9
1213390 1656.1
1213400 1656.1
1213410 1656.9
1213420 1658.4
1213430 1658.4
1213440 1660.7
1213450 1662.8
1213460 1662.8
1213470 1664.3
1213480 1665.2
1213490 1665.2
1213500 1666.8
1213510 1670.0
1213520 1670.0
1213530 1672.6
1213540 1674.4
1213550 1674.4
1213560 1679.0
1213570 1685.4
1213580 1685.4
1213590 1690.1
1213600 1693.7
1213610 1693.7
1213620 1699.2
1213630 1706.9
1213640 1715.2
1213650 1715.2
1213660 1721.9
1213670 1727.8
1213680 1727.8
1213690 1731.6
1213700 1733.8
1213710 1733.8
1213720 1736.8
1213730 1738.2
1213740 1738.2
1213750 1737.9
1213760 1739.3
1213770 1739.3
1213780 1742.2
1213790 1744.1
1213800 1744.1
1213810 1745.4
1213820 1747.2
1213830 1747.2
1213840 1748.2
1213850 1750.9
1213860 1750.9
1213870 1753.5
1213880 1756.5
1213890 1756.5
1213900 1758.8
1213910 1759.3
1213920 1758.8
1213930 1758.8
1213940 1760.5
1213950 1762.5
1213960 1762.5
1213970 1766.5
1213980 1772.4
1213990 1772.4
1214000 1777.5
1214010 1770.8
1214020 1770.8
1214030 1773.0
1214040 1778.4
1214050 1778.4
1214060 1785.9
1214070 1793.5
1214080 1793.5
1214090 1800.3
1214100 1807.2
1214110 1807.2
1214120 1813.6
1214130 1820.2
1214140 1820.2
1214150 1827.0
1214160 1832.4
1214170 1832.4
1214180 1836.8
1214190 1841.7
1214200 1848.7
1214210 1848.7
1214220 1855.0
1214230 1861.0
1214240 1861.0
1214250 1866.3
1214260 1870.9
1214270 1870.9
1214280 1874.9
1214290 1878.7
1214300 1878.7
1214310 1882.8
1214320 1886.6
1214330 1886.6
1214340 1890.9
1214350 1895.2
1214360 1895.2
1214370 1899.2
1214380 1901.4
1214390 1901.4
1214400 1905.4
1214410 1910.0
1214420 1910.0
1214430 1913.7
1214440 1917.3
1214450 1917.3
1214460 1921.5
1214470 1925.1
1214480 1930.7
1214490 1934.3
1214500 1937.8
1214510 1940.8
1214520 1940.8
1214530 1945.0
1214540 1947.2
1214550 1947.2
1214560 1949.4
1214570 1952.6
1214580 1952.6
1214590 1957.1
1214600 1962.6
1214610 1962.6
1214620 1968.1
1214630 1973.4
1214640 1973.4
1214650 1979.3
1214660 1985.1
1214670 1985.1
1214680 1990.9
1214690 1996.7
1214700 1996.7
1214710 2001.9
1214720 2006.9
1214730 2006.9
1214740 2011.3
1214750 2015.9
1214760 2015.9
1214770 2019.9
1214780 2025.6
1214790 2031.8
1214800 2031.8
1214810 2036.6
1214820 2041.1
1214830 2041.1
1214840 2045.3
1214850 2050.3
1214860 2050.3
1214870 2055.2
1214880 2059.2
1214890 2059.2
1214900 2063.1
1214910 2067.0
1214920 2067.0
1214930 2070.6
1214940 2074.1
1214950 2074.1
1214960 2074.4
1214970 2078.9
1214980 2078.9
1214990 2083.5
1215000 2088.1
1215010 2088.1
1215020 2092.6
1215030 2096.8
1215040 2096.8
1215050 2100.4
1215060 2103.5
1215070 2105.9
1215080 2105.9
1215090 2107.7
1215100 2108.8
1215110 2108.8
1215120 2109.6
1215130 2110.0
1215140 2110.0
1215150 2110.4
1215160 2111.2
1215170 2111.2
1215180 2112.5
1215190 2114.2
1215200 2114.2
1215210 2115.8
1215220 2118.0
1215230 2118.0
1215240 2120.7
1215250 2122.8
1215260 2122.8
1215270 2124.3
1215280 2126.9
1215290 2126.9
1215300 2130.3
1215310 2132.9
1215320 2132.9
1215330 2133.3
1215340 2133.2
1215350 2132.4
1215360 2132.4
1215370 2127.3
1215380 2119.9
1215390 2119.9
1215400 2112.8
1215410 2106.2
1215420 2106.2
1215430 2099.6
1215440 2093.3
1215450 2093.3
1215460 2087.9
1215470 2083.0
1215480 2083.0
1215490 2078.2
1215500 2074.3
1215510 2074.3
1215520 2071.2
1215530 2069.8
1215540 2069.8
1215550 2068.9
1215560 2067.5
1215570 2067.5
1215580 2066.1
1215590 2065.2
1215600 2065.2
1215610 2064.8
1215620 2065.3
1215630 2065.3
1215640 2065.0
1215650 2063.0
1215660 2060.5
1215670 2060.5
1215680 2057.7
1215690 2056.5
1215700 2056.5
1215710 2056.2
1215720 2054.9
1215730 2054.9
1215740 2052.1
1215750 2049.8
1215760 2049.8
1215770 2048.5
1215780 2051.8
1215790 2051.8
1215800 2061.4
1215810 2061.7
1215820 2061.7
1215830 2059.0
1215840 2058.0
1215850 2058.0
1215860 2055.7
1215870 2054.0
1215880 2054.0
1215890 2051.3
1215900 2040.0
1215910 2040.0
1215920 2039.0
1215930 2043.0
1215940 2042.2
1215950 2042.2
1215960 2042.2
1215970 2039.4
1215980 2039.4
1215990 2038.7
1216000 2038.6
1216010 2038.6
1216020 2036.1
1216030 2033.8
1216040 2033.8
1216050 2035.2
1216060 2038.4
1216070 2038.4
1216080 2044.5
1216090 2048.8
1216100 2048.8
1216110 2049.3
1216120 2050.6
1216130 2050.6
1216140 2053.3
1216150 2050.0
1216160 2050.0
1216170 2047.2
1216180 2047.1
1216190 2047.1
1216200 2048.7
1216210 2050.7
1216220 2054.6
1216230 2054.6
1216240 2060.1
1216250 2063.2
1216260 2063.2
1216270 2063.7
1216280 2055.5
1216290 2055.5
1216300 2048.7
1216310 2047.8
1216320 2047.8
1216330 2045.6
1216340 2047.9
1216350 2047.9
1216360 2047.0
1216370 2023.1
1216380 2008.0
1216390 1975.7
1216400 1960.9
1216410 1960.9
1216420 1973.4
1216430 1987.0
1216440 1987.0
1216450 2002.3
1216460 2012.6
1216470 2012.6
1216480 2015.5
1216490 2005.1
1216500 1982.7
1216510 1982.7
1216520 1979.0
1216530 1977.8
1216540 1977.8
1216550 1951.0
1216560 1926.8
1216570 1926.8
1216580 1912.5
1216590 1906.9
1216600 1906.9
1216610 1905.7
1216620 1903.4
1216630 1903.4
1216640 1902.0
1216650 1905.3
1216660 1905.3
1216670 1907.0
1216680 1903.1
1216690 1903.1
1216700 1911.7
1216710 1919.6
1216720 1919.6
1216730 1923.1
1216740 1919.6
1216750 1919.6
1216760 1920.8
1216770 1897.6
1216780 1897.6
1216790 1868.5
1216800 1862.4
1216810 1859.6
1216820 1859.6
1216830 1855.7
1216840 1851.5
1216850 1851.5
1216860 1841.8
1216870 1839.2
1216880 1839.2
1216890 1837.4
1216900 1836.0
1216910 1836.0
1216920 1834.3
1216930 1834.1
1216940 1834.1
1216950 1835.7
1216960 1837.5
1216970 1837.5
1216980 1839.3
1216990 1842.7
1217000 1842.7
1217010 1846.0
1217020 1848.1
1217030 1848.1
1217040 1850.2
1217050 1852.5
1217060 1852.5
1217070 1854.4
1217080 1856.6
1217090 1857.7
1217100 1857.7
1217110 1859.2
1217120 1860.9
1217130 1860.9
1217140 1861.9
1217150 1863.6
1217160 1863.6
1217170 1868.2
1217180 1873.4
1217190 1873.4
1217200 1878.3
1217210 1883.2
1217220 1883.2
1217230 1888.3
1217240 1893.4
1217250 1893.4
1217260 1898.2
1217270 1902.9
1217280 1902.9
1217290 1908.0
1217300 1913.2
1217310 1913.2
1217320 1918.6
1217330 1921.7
1217340 1921.7
1217350 1928.0
1217360 1935.4
1217370 1940.4
1217380 1940.4
1217390 1950.8
1217400 1966.2
1217410 1966.2
1217420 1970.4
1217430 1977.3
1217440 1977.3
1217450 1988.6
1217460 1993.2
1217470 1993.2
1217480 2002.8
1217490 2006.4
1217500 2006.4
1217510 2008.7
1217520 2013.9
1217530 2013.9
1217540 2016.6
1217550 2014.9
1217560 2014.9
1217570 2017.9
1217580 2021.0
1217590 2021.0
1217600 2031.8
1217610 2046.8
1217620 2046.8
1217630 2045.8
1217640 2051.6
1217650 2067.4
1217660 2067.4
1217670 2082.0
1217680 2088.3
1217690 2088.3
1217700 2095.4
1217710 2105.0
1217720 2105.0
1217730 2113.9
1217740 2122.8
1217750 2122.8
1217760 2132.7
1217770 2145.6
1217780 2145.6
1217790 2155.8
1217800 2171.7
1217810 2181.5
1217820 2202.2
1217830 2200.7
1217840 2200.7
1217850 2185.7
1217860 2173.5
1217870 2173.5
1217880 2160.4
1217890 2155.4
1217900 2155.4
1217910 2187.3
1217920 2193.8
1217930 2193.8
1217940 2181.7
1217950 2169.7
1217960 2156.4
1217970 2156.4
1217980 2149.7
1217990 2145.3
1218000 2145.3
1218010 2136.1
1218020 2125.7
1218030 2125.7
1218040 2120.0
1218050 2107.0
1218060 2107.0
1218070 2104.8
1218080 2091.7
1218090 2091.7
1218100 2080.3
1218110 2072.4
1218120 2072.4
1218130 2077.3
1218140 2083.0
1218150 2083.0
1218160 2065.0
1218170 2057.9
1218180 2057.9
1218190 2057.7
1218200 2058.5
1218210 2058.5
1218220 2045.8
1218230 2033.8
1218240 2031.1
1218250 2031.1
1218260 2046.0
1218270 2068.0
1218280 2068.0
1218290 2068.6
1218300 2050.4
1218310 2050.4
1218320 2046.1
1218330 2043.2
1218340 2043.2
1218350 2037.9
1218360 2036.6
1218370 2036.6
1218380 2063.1
1218390 2082.9
1218400 2082.9
1218410 2094.3
1218420 2094.7
1218430 2094.7
1218440 2088.3
1218450 2082.0
1218460 2082.0
1218470 2074.3
1218480 2069.8
1218490 2069.8
1218500 2068.5
1218510 2062.7
1218520 2057.7
1218530 2057.7
1218540 2049.2
1218550 2031.9
1218560 2031.9
1218570 2016.2
1218580 2003.3
1218590 2003.3
1218600 1992.7
1218610 1983.7
1218620 1983.7
1218630 1966.0
1218640 1952.3
1218650 1952.3
1218660 1950.3
1218670 1944.9
1218680 1944.9
1218690 1963.1
1218700 2030.3
1218710 2030.3
1218720 2087.7
1218730 2118.8
1218740 2118.8
1218750 2146.8
1218760 2122.5
1218770 2078.2
1218780 2037.4
1218790 1998.2
1218800 1989.1
1218810 1989.1
1218820 2019.8
1218830 2054.2
1218840 2054.2
1218850 2028.5
1218860 2006.3
1218870 2006.3
1218880 1996.9
1218890 1996.3
1218900 1996.3
1218910 1991.1
1218920 1987.4
1218930 1987.4
1218940 1983.5
1218950 1991.3
1218960 1991.3
1218970 2030.6
1218980 2085.9
1218990 2085.9
1219000 2098.3
1219010 2090.9
1219020 2090.9
1219030 2084.2
1219040 2079.3
1219050 2079.3
1219060 2077.8
1219070 2084.2
1219080 2094.9
1219090 2094.9
1219100 2107.9
1219110 2114.8
1219120 2114.8
1219130 2104.1
1219140 2093.2
1219150 2093.2
1219160 2085.0
1219170 2076.1
1219180 2076.1
1219190 2068.5
1219200 2061.6
1219210 2061.6
1219220 2055.2
1219230 2048.5
1219240 2048.5
1219250 2037.0
1219260 2035.9
1219270 2035.9
1219280 2036.8
1219290 2039.7
1219300 2039.7
1219310 2041.8
1219320 2039.0
1219330 2039.0
1219340 2032.1
1219350 2034.2
1219360 2034.2
1219370 2029.1
1219380 2013.1
1219390 1991.6
1219400 1991.6
1219410 1962.7
1219420 1948.2
1219430 1948.2
1219440 1941.1
1219450 1928.8
1219460 1928.8
1219470 1915.7
1219480 1900.1
1219490 1900.1
1219500 1880.4
1219510 1871.1
1219520 1871.1
1219530 1857.1
1219540 1838.9
1219550 1838.9
1219560 1831.8
1219570 1842.6
1219580 1842.6
1219590 1861.1
1219600 1864.3
1219610 1864.3
1219620 1848.4
1219630 1798.7
1219640 1798.7
1219650 1758.4
1219660 1739.3
1219670 1724.4
1219680 1724.4
1219690 1709.3
1219700 1696.2
1219710 1696.2
1219720 1675.3
1219730 1659.9
1219740 1659.9
1219750 1650.5
1219760 1638.2
1219770 1638.2
1219780 1626.0
1219790 1613.2
1219800 1613.2
1219810 1601.4
1219820 1596.5
1219830 1596.5
1219840 1593.7
1219850 1596.0
1219860 1596.0
1219870 1602.9
1219880 1611.0
1219890 1611.0
1219900 1618.1
1219910 1626.2
1219920 1626.2
1219930 1632.0
1219940 1638.5
1219950 1645.3
1219960 1645.3
1219970 1652.9
1219980 1658.9
1219990 1658.9
