1200000 2112.6
1200010 2130.7
1200020 2158.2
1200030 2158.2
1200040 2164.9
1200050 2170.2
1200060 2170.2
1200070 2176.2
1200080 2180.5
1200090 2180.5
1200100 2180.4
1200110 2178.5
1200120 2178.5
1200130 2181.8
1200140 2194.2
1200150 2194.2
1200160 2218.7
1200170 2226.1
1200180 2226.1
1200190 2228.8
1200200 2231.7
1200210 2233.4
1200220 2233.4
1200230 2238.0
1200240 2234.3
1200250 2234.3
1200260 2235.2
1200270 2237.9
1200280 2237.9
1200290 2237.0
1200300 2231.2
1200310 2231.2
1200320 2227.8
1200330 2228.9
1200340 2228.9
1200350 2230.9
1200360 2230.5
1200370 2230.5
1200380 2226.6
1200390 2222.3
1200400 2217.3
1200410 2213.5
1200420 2208.9
1200430 2208.9
1200440 2203.9
1200450 2198.8
1200460 2198.8
1200470 2193.6
1200480 2189.2
1200490 2184.1
1200500 2184.1
1200510 2178.9
1200520 2172.6
1200530 2172.6
1200540 2165.8
1200550 2159.1
1200560 2159.1
1200570 2152.7
1200580 2145.8
1200590 2145.8
1200600 2137.9
1200610 2131.4
1200620 2131.4
1200630 2126.9
1200640 2122.1
1200650 2122.1
1200660 2116.5
1200670 2107.5
1200680 2107.5
1200690 2098.0
1200700 2090.3
1200710 2090.3
1200720 2084.3
1200730 2078.6
1200740 2078.6
1200750 2073.0
1200760 2067.8
1200770 2067.8
1200780 2062.8
1200790 2058.4
1200800 2055.1
1200810 2055.1
1200820 2052.5
1200830 2049.4
1200840 2054.6
1200850 2052.3
1200860 2050.3
1200870 2050.3
1200880 2048.9
1200890 2047.9
1200900 2047.9
1200910 2047.0
1200920 2045.1
1200930 2045.1
1200940 2043.5
1200950 2042.5
1200960 2042.5
1200970 2042.2
1200980 2041.2
1200990 2041.2
1201000 2040.0
1201010 2039.1
1201020 2039.1
1201030 2038.8
1201040 2038.9
1201050 2038.9
1201060 2038.5
1201070 2037.2
1201080 2035.0
1201090 2035.0
1201100 2032.1
1201110 2027.8
1201120 2027.8
1201130 2024.0
1201140 2020.7
1201150 2020.7
1201160 2018.2
1201170 2016.6
1201180 2016.6
1201190 2014.5
1201200 2012.5
1201210 2012.5
1201220 2010.1
1201230 2006.3
1201240 2006.3
1201250 2002.5
1201260 1998.6
1201270 1998.6
1201280 1995.3
1201290 1988.7
1201300 1988.7
1201310 1986.8
1201320 1985.5
1201330 1985.5
1201340 1984.5
1201350 1984.2
1201360 1984.4
1201370 1984.4
1201380 1983.8
1201390 1983.1
1201400 1983.1
1201410 1981.9
1201420 1980.4
1201430 1980.4
1201440 1978.5
1201450 1977.1
1201460 1977.1
1201470 1976.6
1201480 1975.6
1201490 1975.6
1201500 1975.1
1201510 1973.8
1201520 1973.8
1201530 1970.1
1201540 1966.2
1201550 1966.2
1201560 1961.1
1201570 1956.4
1201580 1956.4
1201590 1953.4
1201600 1951.4
1201610 1951.4
1201620 1948.9
1201630 1946.6
1201640 1946.6
1201650 1943.9
1201660 1941.5
1201670 1939.2
1201680 1939.2
1201690 1936.9
1201700 1934.8
1201710 1934.8
1201720 1930.3
1201730 1926.6
1201740 1923.6
1201750 1920.7
1201760 1916.7
1201770 1916.7
1201780 1913.5
1201790 1908.8
1201800 1908.8
1201810 1903.6
1201820 1899.2
1201830 1899.2
1201840 1896.0
1201850 1892.2
1201860 1892.2
1201870 1886.8
1201880 1877.4
1201890 1877.4
1201900 1869.8
1201910 1871.0
1201920 1871.0
1201930 1868.0
1201940 1857.8
1201950 1846.3
1201960 1846.3
1201970 1819.2
1201980 1799.4
1201990 1799.4
1202000 1784.3
1202010 1776.4
1202020 1776.4
1202030 1769.9
1202040 1763.1
1202050 1763.1
1202060 1755.6
1202070 1748.2
1202080 1748.2
1202090 1741.8
1202100 1735.8
1202110 1735.8
1202120 1729.5
1202130 1723.5
1202140 1723.5
1202150 1717.2
1202160 1713.3
1202170 1713.3
1202180 1710.3
1202190 1704.4
1202200 1704.4
1202210 1700.2
1202220 1695.1
1202230 1689.2
1202240 1689.2
1202250 1685.9
1202260 1683.4
1202270 1683.4
1202280 1679.8
1202290 1674.4
1202300 1674.4
1202310 1667.4
1202320 1659.3
1202330 1659.3
1202340 1651.8
1202350 1642.8
1202360 1642.8
1202370 1634.7
1202380 1622.2
1202390 1622.2
1202400 1609.4
1202410 1600.7
1202420 1600.7
1202430 1592.4
1202440 1585.2
1202450 1585.2
1202460 1578.3
1202470 1571.0
1202480 1571.0
1202490 1558.6
1202500 1548.5
1202510 1540.9
1202520 1540.9
1202530 1533.8
1202540 1526.6
1202550 1526.6
1202560 1518.8
1202570 1512.0
1202580 1512.0
1202590 1505.3
1202600 1499.2
1202610 1499.2
1202620 1492.0
1202630 1485.2
1202640 1485.2
1202650 1477.1
1202660 1471.9
1202670 1471.9
1202680 1466.4
1202690 1461.6
1202700 1461.6
1202710 1456.9
1202720 1451.6
1202730 1451.6
1202740 1444.9
1202750 1439.2
1202760 1439.2
1202770 1434.0
1202780 1429.6
1202790 1429.6
1202800 1425.5
1202810 1422.0
1202820 1418.5
1202830 1418.5
1202840 1414.2
1202850 1410.8
1202860 1410.8
1202870 1407.1
1202880 1403.7
1202890 1403.7
1202900 1400.0
1202910 1395.9
1202920 1395.9
1202930 1391.2
1202940 1387.8
1202950 1387.8
1202960 1384.2
1202970 1380.6
1202980 1380.6
1202990 1377.5
1203000 1373.6
1203010 1373.6
1203020 1368.1
1203030 1361.5
1203040 1361.5
1203050 1354.8
1203060 1349.1
1203070 1349.1
1203080 1345.3
1203090 1343.1
1203100 1338.2
1203110 1338.2
1203120 1335.5
1203130 1331.2
1203140 1331.2
1203150 1327.6
1203160 1325.5
1203170 1325.5
1203180 1324.8
1203190 1322.1
1203200 1322.1
1203210 1317.7
1203220 1313.8
1203230 1313.8
1203240 1309.9
1203250 1303.9
1203260 1303.9
1203270 1297.9
1203280 1291.9
1203290 1291.9
1203300 1283.3
1203310 1274.7
1203320 1274.7
1203330 1267.6
1203340 1261.5
1203350 1261.5
1203360 1255.2
1203370 1249.9
1203380 1245.3
1203390 1245.3
1203400 1240.6
1203410 1235.2
1203420 1235.2
1203430 1230.6
1203440 1226.0
1203450 1226.0
1203460 1220.9
1203470 1215.7
1203480 1215.7
1203490 1210.8
1203500 1206.5
1203510 1206.5
1203520 1203.5
1203530 1201.1
1203540 1201.1
1203550 1195.9
1203560 1191.7
1203570 1191.7
1203580 1188.2
1203590 1186.0
1203600 1186.0
1203610 1180.6
1203620 1174.7
1203630 1174.7
1203640 1169.5
1203650 1166.8
1203660 1166.8
1203670 1167.2
1203680 1164.3
1203690 1157.0
1203700 1157.0
1203710 1148.3
1203720 1141.1
1203730 1141.1
1203740 1134.6
1203750 1128.7
1203760 1128.7
1203770 1122.7
1203780 1117.3
1203790 1117.3
1203800 1111.9
1203810 1106.5
1203820 1106.5
1203830 1100.4
1203840 1094.7
1203850 1094.7
1203860 1089.1
1203870 1083.9
1203880 1083.9
1203890 1079.0
1203900 1074.1
1203910 1074.1
1203920 1069.3
1203930 1065.3
1203940 1065.3
1203950 1061.6
1203960 1057.8
1203970 1053.5
1203980 1053.5
1203990 1048.3
1204000 1045.0
1204010 1034.0
1204020 1030.9
1204030 1023.4
1204040 1023.4
1204050 1012.4
1204060 994.0
1204070 994.0
1204080 977.3
1204090 964.7
1204100 964.7
1204110 958.7
1204120 955.8
1204130 955.8
1204140 954.1
1204150 953.0
1204160 953.0
1204170 960.3
1204180 974.7
1204190 974.7
1204200 990.4
1204210 995.3
1204220 995.3
1204230 991.1
1204240 986.5
1204250 981.2
1204260 981.2
1204270 975.0
1204280 974.2
1204290 974.2
1204300 975.6
1204310 976.5
1204320 976.5
1204330 976.3
1204340 974.4
1204350 974.4
1204360 970.0
1204370 966.9
1204380 966.9
1204390 962.8
1204400 957.2
1204410 957.2
1204420 953.7
1204430 952.4
1204440 952.4
1204450 951.9
1204460 942.4
1204470 942.4
1204480 937.3
1204490 934.9
1204500 934.9
1204510 934.4
1204520 934.3
1204530 934.3
1204540 934.3
1204550 934.4
1204560 934.4
1204570 934.4
1204580 934.6
1204590 934.7
1204600 934.7
1204610 935.0
1204620 934.8
1204630 934.8
1204640 934.4
1204650 934.3
1204660 934.3
1204670 934.3
1204680 934.3
1204690 934.3
1204700 934.4
1204710 934.4
1204720 934.4
1204730 934.5
1204740 935.1
1204750 935.1
1204760 936.6
1204770 938.2
1204780 938.2
1204790 940.3
1204800 942.2
1204810 942.2
1204820 942.9
1204830 943.8
1204840 944.1
1204850 944.1
1204860 944.0
1204870 943.4
1204880 943.4
1204890 943.4
1204900 942.5
1204910 942.5
1204920 945.9
1204930 943.6
1204940 943.6
1204950 939.9
1204960 935.9
1204970 935.9
1204980 934.4
1204990 934.4
1205000 934.4
1205010 934.3
1205020 934.3
1205030 934.3
1205040 934.3
1205050 934.3
1205060 934.3
1205070 934.3
1205080 934.3
1205090 934.3
1205100 934.3
1205110 934.3
1205120 934.3
1205130 934.3
1205140 934.3
1205150 934.3
1205160 934.3
1205170 934.4
1205180 935.3
1205190 935.3
1205200 938.4
1205210 937.1
1205220 937.1
1205230 934.9
1205240 934.3
1205250 934.3
1205260 934.2
1205270 934.5
1205280 934.5
1205290 938.3
1205300 945.1
1205310 945.1
1205320 951.4
1205330 957.1
1205340 957.1
1205350 961.8
1205360 965.1
1205370 964.8
1205380 968.6
1205390 969.5
1205400 963.9
1205410 963.9
1205420 957.7
1205430 952.7
1205440 952.7
1205450 953.4
1205460 956.8
1205470 956.8
1205480 958.0
1205490 956.5
1205500 956.5
1205510 955.5
1205520 953.6
1205530 953.6
1205540 949.2
1205550 948.0
1205560 948.0
1205570 950.4
1205580 951.0
1205590 951.0
1205600 952.4
1205610 955.0
1205620 955.0
1205630 958.2
1205640 961.2
1205650 961.2
1205660 963.9
1205670 966.3
1205680 966.3
1205690 967.8
1205700 972.0
1205710 978.4
1205720 978.4
1205730 983.9
1205740 989.7
1205750 989.7
1205760 995.1
1205770 999.6
1205780 999.6
1205790 1004.6
1205800 1014.6
1205810 1014.6
1205820 1027.4
1205830 1052.4
1205840 1052.4
1205850 1065.1
1205860 1078.5
1205870 1078.5
1205880 1086.9
1205890 1093.9
1205900 1093.9
1205910 1102.1
1205920 1110.2
1205930 1110.2
1205940 1118.0
1205950 1130.3
1205960 1130.3
1205970 1140.1
1205980 1147.9
1205990 1155.0
1206000 1155.0
1206010 1160.3
1206020 1166.9
1206030 1166.9
1206040 1171.0
1206050 1174.2
1206060 1174.2
1206070 1177.1
1206080 1182.0
1206090 1182.0
1206100 1188.2
1206110 1195.7
1206120 1195.7
1206130 1204.8
1206140 1210.9
1206150 1210.9
1206160 1214.4
1206170 1218.7
1206180 1218.7
1206190 1223.4
1206200 1228.2
1206210 1228.2
1206220 1233.0
1206230 1238.6
1206240 1238.6
1206250 1244.6
1206260 1250.1
1206270 1255.2
1206280 1255.2
1206290 1267.6
1206300 1283.4
1206310 1283.4
1206320 1298.6
1206330 1305.8
1206340 1305.8
1206350 1310.6
1206360 1314.4
1206370 1314.4
1206380 1317.9
1206390 1320.6
1206400 1320.6
1206410 1323.6
1206420 1327.3
1206430 1327.3
1206440 1331.2
1206450 1333.7
1206460 1333.7
1206470 1333.8
1206480 1334.1
1206490 1334.1
1206500 1336.7
1206510 1340.1
1206520 1340.1
1206530 1343.9
1206540 1349.6
1206550 1349.6
1206560 1357.0
1206570 1364.0
1206580 1370.8
1206590 1370.8
1206600 1376.6
1206610 1381.4
1206620 1381.4
1206630 1385.2
1206640 1388.2
1206650 1388.2
1206660 1389.6
1206670 1391.9
1206680 1391.9
1206690 1394.4
1206700 1398.0
1206710 1398.0
1206720 1402.3
1206730 1406.1
1206740 1406.1
1206750 1412.2
1206760 1414.4
1206770 1414.4
1206780 1416.3
1206790 1419.1
1206800 1419.1
1206810 1422.5
1206820 1425.9
1206830 1425.9
1206840 1429.0
1206850 1432.6
1206860 1436.7
1206870 1436.7
1206880 1441.6
1206890 1446.1
1206900 1446.1
1206910 1450.9
1206920 1456.2
1206930 1456.2
1206940 1462.7
1206950 1469.7
1206960 1469.7
1206970 1478.6
1206980 1488.8
1206990 1488.8
1207000 1497.3
1207010 1502.2
1207020 1502.2
1207030 1509.1
1207040 1515.3
1207050 1515.3
1207060 1518.1
1207070 1521.7
1207080 1521.7
1207090 1526.8
1207100 1531.8
1207110 1531.8
1207120 1535.7
1207130 1540.0
1207140 1545.6
1207150 1545.6
1207160 1550.8
1207170 1559.8
1207180 1559.8
1207190 1564.6
1207200 1567.0
1207210 1569.9
1207220 1572.7
1207230 1575.9
1207240 1575.9
1207250 1579.8
1207260 1583.8
1207270 1583.8
1207280 1587.3
1207290 1589.3
1207300 1589.3
1207310 1591.5
1207320 1594.4
1207330 1594.4
1207340 1597.6
1207350 1600.5
1207360 1600.5
1207370 1604.0
1207380 1607.7
1207390 1607.7
1207400 1611.6
1207410 1615.9
1207420 1620.6
1207430 1620.6
1207440 1626.0
1207450 1631.2
1207460 1631.2
1207470 1636.0
1207480 1640.5
1207490 1640.5
1207500 1645.3
1207510 1649.8
1207520 1649.8
1207530 1653.0
1207540 1655.6
1207550 1655.6
1207560 1658.3
1207570 1661.5
1207580 1661.5
1207590 1665.0
1207600 1668.4
1207610 1668.4
1207620 1671.7
1207630 1674.7
1207640 1674.7
1207650 1677.0
1207660 1679.4
1207670 1684.3
1207680 1687.4
1207690 1690.4
1207700 1690.4
1207710 1692.4
1207720 1693.9
1207730 1695.0
1207740 1695.0
1207750 1694.7
1207760 1693.0
1207770 1693.0
1207780 1692.5
1207790 1696.7
1207800 1696.7
1207810 1702.0
1207820 1706.5
1207830 1706.5
1207840 1709.9
1207850 1713.2
1207860 1713.2
1207870 1717.5
1207880 1721.6
1207890 1721.6
1207900 1724.2
1207910 1726.0
1207920 1726.0
1207930 1727.7
1207940 1728.9
1207950 1728.9
1207960 1729.8
1207970 1729.9
1207980 1729.9
1207990 1729.7
1208000 1729.9
1208010 1735.4
1208020 1735.4
1208030 1740.5
1208040 1743.9
1208050 1743.9
1208060 1746.4
1208070 1747.8
1208080 1747.8
1208090 1749.7
1208100 1751.0
1208110 1751.0
1208120 1751.7
1208130 1760.2
1208140 1760.2
1208150 1761.6
1208160 1764.4
1208170 1764.4
1208180 1768.1
1208190 1772.0
1208200 1772.0
1208210 1775.7
1208220 1779.4
1208230 1779.4
1208240 1783.4
1208250 1787.1
1208260 1787.1
1208270 1790.4
1208280 1793.2
1208290 1794.0
1208300 1794.0
1208310 1794.9
1208320 1796.1
1208330 1796.1
1208340 1796.1
1208350 1797.0
1208360 1797.0
1208370 1798.5
1208380 1799.2
1208390 1799.2
1208400 1799.5
1208410 1800.7
1208420 1800.7
1208430 1802.3
1208440 1805.0
1208450 1805.0
1208460 1808.6
1208470 1810.0
1208480 1810.0
1208490 1810.3
1208500 1810.3
1208510 1810.3
1208520 1812.7
1208530 1814.3
1208540 1814.3
1208550 1815.6
1208560 1815.3
1208570 1815.3
1208580 1816.3
1208590 1822.4
1208600 1823.5
1208610 1823.5
1208620 1823.9
1208630 1824.8
1208640 1824.8
1208650 1825.6
1208660 1826.7
1208670 1826.7
1208680 1827.7
1208690 1828.3
1208700 1828.3
1208710 1829.9
1208720 1831.9
1208730 1831.9
1208740 1833.4
1208750 1835.9
1208760 1835.9
1208770 1837.4
1208780 1839.8
1208790 1839.8
1208800 1842.8
1208810 1845.5
1208820 1845.5
1208830 1848.2
1208840 1850.3
1208850 1850.3
1208860 1852.8
1208870 1855.6
1208880 1858.7
1208890 1858.7
1208900 1861.5
1208910 1864.0
1208920 1864.0
1208930 1865.7
1208940 1866.0
1208950 1866.0
1208960 1866.1
1208970 1867.1
1208980 1867.1
1208990 1867.7
1209000 1866.8
1209010 1866.8
1209020 1866.1
1209030 1867.4
1209040 1867.4
1209050 1876.4
1209060 1879.4
1209070 1879.4
1209080 1882.7
1209090 1886.1
1209100 1886.1
1209110 1889.9
1209120 1893.3
1209130 1893.3
1209140 1896.3
1209150 1898.2
1209160 1898.4
1209170 1898.4
1209180 1900.2
1209190 1903.8
1209200 1903.8
1209210 1906.9
1209220 1910.6
1209230 1910.6
1209240 1915.2
1209250 1920.0
1209260 1920.0
1209270 1924.5
1209280 1928.7
1209290 1928.7
1209300 1932.9
1209310 1937.1
1209320 1937.1
1209330 1940.9
1209340 1944.4
1209350 1944.4
1209360 1948.1
1209370 1951.2
1209380 1951.2
1209390 1953.8
1209400 1957.6
1209410 1957.6
1209420 1961.7
1209430 1966.1
1209440 1966.1
1209450 1970.3
1209460 1974.1
1209470 1974.7
1209480 1974.7
1209490 1975.1
1209500 1976.4
1209510 1982.2
1209520 1981.3
1209530 1981.6
1209540 1981.6
1209550 1983.8
1209560 1985.7
1209570 1985.7
1209580 1986.8
1209590 1986.3
1209600 1986.3
1209610 1986.5
1209620 1986.2
1209630 1986.2
1209640 1985.6
1209650 1985.7
1209660 1985.7
1209670 1987.0
1209680 1989.5
1209690 1989.5
1209700 1991.1
1209710 1993.9
1209720 1993.9
1209730 1996.7
1209740 1999.1
1209750 2002.1
1209760 2002.1
1209770 2004.5
1209780 2007.3
1209790 2007.3
1209800 2007.2
1209810 2005.5
1209820 2005.5
1209830 2005.3
1209840 2007.1
1209850 2007.1
1209860 2011.3
1209870 2016.6
1209880 2016.6
1209890 2019.6
1209900 2020.3
1209910 2020.3
1209920 2019.3
1209930 2019.5
1209940 2019.5
1209950 2023.1
1209960 2021.8
1209970 2021.8
1209980 2028.2
1209990 2030.6
1210000 2030.6
1210010 2033.8
1210020 2036.7
1210030 2041.1
1210040 2041.1
1210050 2045.0
1210060 2048.9
1210070 2048.9
1210080 2053.7
1210090 2056.0
1210100 2056.0
1210110 2056.2
1210120 2057.4
1210130 2057.4
1210140 2055.2
1210150 2053.6
1210160 2053.6
1210170 2054.6
1210180 2055.3
1210190 2055.3
1210200 2056.9
1210210 2051.8
1210220 2051.8
1210230 2043.7
1210240 2041.2
1210250 2041.2
1210260 2039.2
1210270 2039.6
1210280 2039.6
1210290 2039.7
1210300 2036.2
1210310 2032.6
1210320 2032.6
1210330 2028.1
1210340 2024.0
1210350 2024.0
1210360 2019.6
1210370 2015.5
1210380 2015.5
1210390 2013.1
1210400 2011.5
1210410 2011.5
1210420 2007.9
1210430 2005.1
1210440 2011.5
1210450 2008.4
1210460 1999.4
1210470 1999.4
1210480 1992.4
1210490 1988.1
1210500 1988.1
1210510 1983.1
1210520 1976.4
1210530 1976.4
1210540 1970.0
1210550 1965.4
1210560 1965.4
1210570 1960.2
1210580 1954.9
1210590 1954.9
1210600 1947.3
1210610 1939.0
1210620 1929.7
1210630 1929.7
1210640 1922.8
1210650 1916.8
1210660 1916.8
1210670 1908.7
1210680 1897.6
1210690 1897.6
1210700 1882.9
1210710 1870.6
1210720 1870.6
1210730 1861.0
1210740 1853.0
1210750 1853.0
1210760 1845.0
1210770 1837.0
1210780 1837.0
1210790 1829.4
1210800 1823.4
1210810 1823.4
1210820 1817.0
1210830 1810.1
1210840 1810.1
1210850 1803.5
1210860 1797.1
1210870 1797.1
1210880 1791.1
1210890 1785.1
1210900 1778.8
1210910 1781.6
1210920 1775.9
1210930 1768.0
1210940 1768.0
1210950 1761.5
1210960 1757.9
1210970 1757.9
1210980 1755.7
1210990 1752.8
1211000 1752.8
1211010 1747.5
1211020 1740.5
1211030 1740.5
1211040 1733.2
1211050 1725.9
1211060 1725.9
1211070 1718.9
1211080 1712.5
1211090 1712.5
1211100 1706.7
1211110 1701.2
1211120 1701.2
1211130 1696.7
1211140 1693.6
1211150 1693.6
1211160 1690.4
1211170 1688.3
1211180 1686.9
1211190 1686.9
1211200 1686.0
1211210 1686.2
1211220 1686.2
1211230 1686.6
1211240 1687.4
1211250 1687.4
1211260 1689.6
1211270 1693.0
1211280 1693.0
1211290 1697.0
1211300 1701.0
1211310 1701.0
1211320 1704.5
1211330 1707.4
1211340 1707.4
1211350 1710.7
1211360 1713.6
1211370 1719.2
1211380 1721.8
1211390 1724.4
1211400 1724.4
1211410 1726.8
1211420 1729.3
1211430 1729.3
1211440 1731.9
1211450 1734.2
1211460 1734.2
1211470 1736.4
1211480 1738.2
1211490 1740.2
1211500 1740.2
1211510 1742.3
1211520 1742.9
1211530 1742.9
1211540 1744.5
1211550 1746.7
1211560 1746.7
1211570 1748.3
1211580 1749.8
1211590 1749.8
1211600 1751.2
1211610 1751.3
1211620 1751.3
1211630 1752.2
1211640 1755.7
1211650 1755.7
1211660 1760.4
1211670 1765.2
1211680 1765.2
1211690 1770.6
1211700 1776.6
1211710 1776.6
1211720 1782.6
1211730 1788.6
1211740 1788.6
1211750 1794.3
1211760 1799.4
1211770 1804.3
1211780 1804.3
1211790 1808.6
1211800 1812.8
1211810 1812.8
1211820 1816.2
1211830 1818.8
1211840 1825.7
1211850 1828.4
1211860 1830.5
1211870 1830.5
1211880 1832.5
1211890 1833.6
1211900 1833.6
1211910 1834.9
1211920 1841.1
1211930 1841.1
1211940 1851.8
1211950 1856.3
1211960 1856.3
1211970 1861.7
1211980 1871.3
1211990 1871.3
1212000 1881.8
1212010 1887.1
1212020 1887.1
1212030 1892.2
1212040 1898.1
1212050 1905.2
1212060 1905.2
1212070 1904.9
1212080 1904.3
1212090 1904.3
1212100 1906.0
1212110 1907.6
1212120 1907.6
1212130 1908.6
1212140 1911.1
1212150 1911.1
1212160 1913.6
1212170 1915.4
1212180 1915.4
1212190 1917.4
1212200 1919.0
1212210 1919.0
1212220 1921.3
1212230 1922.8
1212240 1922.8
1212250 1923.3
1212260 1925.9
1212270 1925.9
1212280 1929.9
1212290 1935.3
1212300 1935.3
1212310 1941.4
1212320 1942.2
1212330 1943.9
1212340 1943.9
1212350 1944.7
1212360 1943.3
1212370 1943.3
1212380 1938.5
1212390 1932.9
1212400 1932.9
1212410 1927.5
1212420 1928.9
1212430 1928.9
1212440 1932.1
1212450 1935.7
1212460 1935.7
1212470 1938.2
1212480 1937.9
1212490 1937.9
1212500 1938.2
1212510 1938.7
1212520 1938.7
1212530 1938.5
1212540 1938.8
1212550 1938.8
1212560 1939.5
1212570 1939.0
1212580 1939.0
1212590 1937.8
1212600 1930.9
1212610 1930.9
1212620 1923.9
1212630 1921.9
1212640 1919.5
1212650 1919.5
1212660 1918.0
1212670 1916.7
1212680 1916.7
1212690 1915.4
1212700 1913.5
1212710 1913.5
1212720 1911.0
1212730 1909.2
1212740 1909.2
1212750 1903.8
1212760 1897.0
1212770 1897.0
1212780 1886.6
1212790 1877.1
1212800 1877.1
1212810 1868.2
1212820 1862.0
1212830 1862.0
1212840 1855.6
1212850 1848.0
1212860 1848.0
1212870 1842.6
1212880 1835.3
1212890 1835.3
1212900 1826.6
1212910 1820.8
1212920 1814.5
1212930 1814.5
1212940 1809.0
1212950 1803.8
1212960 1803.8
1212970 1799.9
1212980 1794.8
1212990 1794.8
1213000 1789.1
1213010 1782.9
1213020 1782.9
1213030 1776.4
1213040 1768.6
1213050 1768.6
1213060 1762.7
1213070 1758.2
1213080 1758.2
1213090 1754.6
1213100 1751.3
1213110 1751.3
1213120 1748.6
1213130 1744.6
1213140 1744.6
1213150 1738.6
1213160 1732.2
1213170 1732.2
1213180 1726.7
1213190 1721.9
1213200 1718.0
1213210 1718.0
1213220 1715.2
1213230 1714.6
1213240 1714.6
1213250 1713.6
1213260 1714.0
1213270 1714.0
1213280 1714.6
1213290 1715.6
1213300 1715.6
1213310 1715.8
1213320 1714.9
1213330 1714.9
1213340 1713.5
1213350 1714.5
1213360 1714.5
1213370 1711.7
1213380 1712.3
1213390 1712.3
1213400 1715.2
1213410 1718.3
1213420 1718.3
1213430 1721.3
1213440 1722.3
1213450 1722.3
1213460 1718.3
1213470 1716.2
1213480 1716.2
1213490 1719.2
1213500 1727.7
1213510 1737.3
1213520 1737.3
1213530 1745.6
1213540 1754.8
1213550 1754.8
1213560 1765.2
1213570 1771.3
1213580 1771.3
1213590 1776.1
1213600 1781.7
1213610 1781.7
1213620 1787.0
1213630 1790.7
1213640 1790.7
1213650 1793.6
1213660 1794.2
1213670 1794.2
1213680 1796.6
1213690 1801.2
1213700 1801.2
1213710 1803.5
1213720 1803.3
1213730 1803.3
1213740 1803.5
1213750 1805.7
1213760 1805.7
1213770 1809.8
1213780 1816.2
1213790 1821.6
1213800 1821.6
1213810 1826.5
1213820 1830.9
1213830 1830.9
1213840 1833.4
1213850 1836.2
1213860 1836.2
1213870 1839.8
1213880 1842.9
1213890 1842.9
1213900 1846.0
1213910 1849.8
1213920 1849.8
1213930 1853.9
1213940 1857.9
1213950 1857.9
1213960 1862.0
1213970 1865.5
1213980 1865.5
1213990 1868.8
1214000 1872.5
1214010 1872.5
1214020 1876.3
1214030 1879.5
1214040 1879.5
1214050 1879.9
1214060 1880.8
1214070 1882.5
1214080 1882.5
1214090 1884.1
1214100 1887.7
1214110 1887.7
1214120 1891.9
1214130 1896.1
1214140 1896.1
1214150 1900.3
1214160 1904.2
1214170 1904.2
1214180 1908.4
1214190 1905.8
1214200 1905.8
1214210 1908.8
1214220 1914.4
1214230 1914.4
1214240 1920.6
1214250 1925.4
1214260 1925.4
1214270 1929.2
1214280 1933.6
1214290 1933.6
1214300 1938.4
1214310 1943.2
1214320 1943.2
1214330 1946.9
1214340 1950.7
1214350 1956.1
1214360 1956.1
1214370 1961.5
1214380 1965.4
1214390 1965.4
1214400 1969.5
1214410 1974.4
1214420 1974.4
1214430 1979.2
1214440 1983.7
1214450 1983.7
1214460 1988.0
1214470 1992.2
1214480 1992.2
1214490 1996.0
1214500 1999.9
1214510 1999.9
1214520 2004.2
1214530 2008.1
1214540 2008.1
1214550 2012.6
1214560 2017.5
1214570 2017.5
1214580 2021.3
1214590 2026.0
1214600 2026.0
1214610 2031.0
1214620 2036.0
1214630 2036.0
1214640 2040.1
1214650 2044.9
1214660 2043.2
1214670 2043.2
1214680 2047.2
1214690 2051.7
1214700 2051.7
1214710 2056.4
1214720 2061.6
1214730 2061.6
1214740 2066.8
1214750 2071.7
1214760 2071.7
1214770 2078.9
1214780 2086.4
1214790 2086.4
1214800 2090.5
1214810 2097.4
1214820 2097.4
1214830 2108.4
1214840 2119.8
1214850 2119.8
1214860 2131.7
1214870 2139.1
1214880 2139.1
1214890 2141.7
1214900 2142.7
1214910 2142.7
1214920 2140.6
1214930 2139.9
1214940 2143.3
1214950 2143.3
1214960 2151.6
1214970 2162.4
1214980 2162.4
1214990 2167.4
1215000 2171.3
1215010 2171.3
1215020 2177.5
1215030 2187.8
1215040 2187.8
1215050 2201.5
1215060 2207.3
1215070 2207.3
1215080 2210.0
1215090 2214.6
1215100 2214.6
1215110 2219.7
1215120 2224.5
1215130 2212.3
1215140 2213.5
1215150 2219.0
1215160 2219.0
1215170 2226.5
1215180 2234.4
1215190 2234.4
1215200 2242.1
1215210 2250.4
1215220 2255.5
1215230 2255.5
1215240 2258.7
1215250 2263.5
1215260 2263.5
1215270 2267.7
1215280 2272.7
1215290 2272.7
1215300 2278.9
1215310 2281.6
1215320 2281.6
1215330 2281.5
1215340 2287.4
1215350 2287.4
1215360 2301.8
1215370 2314.2
1215380 2314.2
1215390 2320.7
1215400 2325.6
1215410 2325.6
1215420 2332.7
1215430 2339.7
1215440 2339.7
1215450 2347.1
1215460 2354.3
1215470 2354.3
1215480 2362.2
1215490 2369.7
1215500 2376.7
1215510 2376.7
1215520 2384.4
1215530 2391.9
1215540 2391.9
1215550 2399.1
1215560 2402.8
1215570 2402.8
1215580 2400.8
1215590 2402.8
1215600 2402.8
1215610 2396.9
1215620 2397.8
1215630 2397.8
1215640 2408.0
1215650 2429.5
1215660 2429.5
1215670 2418.5
1215680 2397.1
1215690 2397.1
1215700 2392.7
1215710 2395.4
1215720 2395.4
1215730 2405.7
1215740 2416.3
1215750 2416.3
1215760 2428.1
1215770 2431.8
1215780 2431.8
1215790 2424.8
1215800 2416.5
1215810 2410.4
1215820 2410.4
1215830 2409.5
1215840 2408.9
1215850 2408.9
1215860 2405.7
1215870 2399.8
1215880 2399.8
1215890 2399.0
1215900 2397.7
1215910 2397.7
1215920 2390.9
1215930 2382.3
1215940 2382.3
1215950 2374.2
1215960 2367.5
1215970 2367.5
1215980 2361.1
1215990 2353.7
1216000 2353.7
1216010 2345.9
1216020 2340.2
1216030 2340.2
1216040 2335.6
1216050 2331.0
1216060 2331.0
1216070 2326.6
1216080 2316.3
1216090 2314.2
1216100 2314.2
1216110 2313.3
1216120 2311.3
1216130 2311.3
1216140 2310.3
1216150 2310.2
1216160 2310.2
1216170 2310.9
1216180 2311.2
1216190 2311.2
1216200 2311.9
1216210 2317.7
1216220 2317.7
1216230 2323.1
1216240 2326.7
1216250 2326.7
1216260 2329.6
1216270 2332.6
1216280 2332.6
1216290 2336.3
1216300 2339.0
1216310 2339.0
1216320 2339.7
1216330 2338.5
1216340 2338.5
1216350 2336.0
1216360 2334.2
1216370 2332.8
1216380 2332.8
1216390 2329.4
1216400 2324.7
1216410 2324.7
1216420 2317.7
1216430 2309.8
1216440 2309.8
1216450 2303.4
1216460 2298.8
1216470 2298.8
1216480 2292.7
1216490 2290.4
1216500 2290.4
1216510 2283.8
1216520 2279.3
1216530 2279.3
1216540 2273.7
1216550 2256.8
1216560 2254.4
1216570 2219.4
1216580 2198.2
1216590 2198.2
1216600 2185.2
1216610 2179.6
1216620 2179.6
1216630 2183.7
1216640 2190.7
1216650 2190.7
1216660 2192.9
1216670 2191.2
1216680 2184.8
1216690 2184.8
1216700 2185.1
1216710 2194.6
1216720 2194.6
1216730 2199.1
1216740 2197.5
1216750 2197.5
1216760 2184.5
1216770 2162.7
1216780 2162.7
1216790 2161.8
1216800 2170.1
1216810 2170.1
1216820 2179.2
1216830 2185.2
1216840 2185.2
1216850 2187.4
1216860 2173.5
1216870 2173.5
1216880 2154.5
1216890 2145.1
1216900 2145.1
1216910 2127.9
1216920 2100.5
1216930 2100.5
1216940 2046.4
1216950 2016.2
1216960 2013.0
1216970 2013.0
1216980 2010.6
1216990 2001.3
1217000 2001.3
1217010 1997.1
1217020 1994.1
1217030 1988.8
1217040 1985.4
1217050 1980.8
1217060 1980.8
1217070 1975.7
1217080 1970.2
1217090 1970.2
1217100 1964.2
1217110 1959.9
1217120 1959.9
1217130 1961.0
1217140 1963.6
1217150 1963.6
1217160 1965.6
1217170 1965.9
1217180 1965.9
1217190 1966.1
1217200 1965.9
1217210 1965.9
1217220 1964.9
1217230 1964.4
1217240 1964.4
1217250 1964.4
1217260 1965.2
1217270 1965.0
1217280 1965.0
1217290 1965.2
1217300 1966.0
1217310 1966.0
1217320 1967.9
1217330 1969.6
1217340 1969.6
1217350 1972.5
1217360 1977.6
1217370 1977.6
1217380 1983.8
1217390 1990.3
1217400 1990.3
1217410 1996.7
1217420 2003.2
1217430 2003.2
1217440 2009.3
1217450 2014.9
1217460 2014.9
1217470 2020.6
1217480 2026.7
1217490 2026.7
1217500 2033.3
1217510 2043.1
1217520 2051.5
1217530 2051.5
1217540 2071.4
1217550 2117.6
1217560 2117.6
1217570 2154.7
1217580 2184.5
1217590 2184.5
1217600 2193.0
1217610 2199.8
1217620 2199.8
1217630 2211.9
1217640 2248.2
1217650 2248.2
1217660 2278.8
1217670 2288.6
1217680 2288.6
1217690 2298.0
1217700 2316.1
1217710 2316.1
1217720 2330.4
1217730 2342.4
1217740 2342.4
1217750 2347.3
1217760 2349.6
1217770 2349.6
1217780 2351.2
1217790 2355.0
1217800 2355.0
1217810 2358.3
1217820 2361.1
1217830 2363.7
1217840 2363.7
1217850 2366.7
1217860 2371.2
1217870 2371.2
1217880 2376.2
1217890 2380.1
1217900 2380.1
1217910 2384.4
1217920 2389.0
1217930 2389.0
1217940 2393.6
1217950 2398.4
1217960 2398.4
1217970 2403.4
1217980 2407.2
1217990 2402.9
1218000 2398.3
1218010 2385.1
1218020 2385.1
1218030 2370.1
1218040 2358.6
1218050 2358.6
1218060 2352.0
1218070 2347.4
1218080 2347.4
1218090 2344.8
1218100 2344.2
1218110 2345.0
1218120 2345.0
1218130 2344.1
1218140 2341.8
1218150 2341.8
1218160 2339.2
1218170 2335.6
1218180 2335.6
1218190 2332.8
1218200 2327.8
1218210 2327.8
1218220 2325.7
1218230 2325.0
1218240 2325.0
1218250 2321.3
1218260 2316.8
1218270 2316.8
1218280 2314.3
1218290 2317.7
1218300 2317.7
1218310 2319.8
1218320 2323.4
1218330 2323.4
1218340 2324.3
1218350 2332.2
1218360 2332.2
1218370 2342.3
1218380 2342.8
1218390 2335.9
1218400 2335.9
1218410 2319.6
1218420 2315.1
1218430 2315.1
1218440 2314.5
1218450 2313.5
1218460 2313.5
1218470 2306.9
1218480 2303.4
1218490 2303.4
1218500 2301.8
1218510 2300.6
1218520 2300.6
1218530 2296.1
1218540 2292.6
1218550 2292.6
1218560 2290.6
1218570 2289.8
1218580 2289.8
1218590 2290.4
1218600 2292.7
1218610 2292.7
1218620 2294.4
1218630 2295.6
1218640 2295.6
1218650 2297.6
1218660 2298.2
1218670 2298.5
1218680 2298.5
1218690 2302.0
1218700 2305.4
1218710 2305.4
1218720 2308.9
1218730 2311.2
1218740 2311.2
1218750 2316.2
1218760 2325.2
1218770 2325.2
1218780 2326.9
1218790 2330.7
1218800 2330.7
1218810 2342.4
1218820 2345.0
1218830 2345.0
1218840 2346.6
1218850 2349.8
1218860 2349.8
1218870 2355.8
1218880 2354.5
1218890 2354.5
1218900 2351.6
1218910 2355.4
1218920 2355.4
1218930 2357.7
1218940 2354.8
1218950 2335.3
1218960 2334.0
1218970 2326.3
1218980 2313.6
1218990 2313.6
1219000 2306.1
1219010 2296.5
1219020 2296.5
1219030 2292.2
1219040 2312.3
1219050 2312.3
1219060 2334.3
1219070 2337.9
1219080 2337.9
1219090 2340.2
1219100 2341.7
1219110 2341.7
1219120 2336.6
1219130 2329.3
1219140 2329.3
1219150 2321.1
1219160 2311.4
1219170 2311.4
1219180 2303.0
1219190 2291.7
1219200 2291.7
1219210 2277.6
1219220 2264.2
1219230 2264.2
1219240 2249.5
1219250 2238.0
1219260 2232.0
1219270 2232.0
1219280 2230.4
1219290 2218.1
1219300 2218.1
1219310 2194.5
1219320 2174.4
1219330 2174.4
1219340 2159.7
1219350 2152.6
1219360 2152.6
1219370 2150.9
1219380 2146.7
1219390 2146.7
1219400 2133.0
1219410 2120.6
1219420 2120.6
1219430 2097.2
1219440 2099.9
1219450 2099.9
1219460 2104.5
1219470 2105.9
1219480 2105.9
1219490 2110.9
1219500 2114.1
1219510 2114.1
1219520 2121.0
1219530 2130.4
1219540 2134.8
1219550 2134.8
1219560 2141.6
1219570 2143.4
1219580 2143.4
1219590 2142.0
1219600 2137.1
1219610 2137.1
1219620 2129.8
1219630 2125.4
1219640 2125.4
1219650 2122.7
1219660 2122.6
1219670 2122.6
1219680 2120.7
1219690 2118.4
1219700 2118.4
1219710 2113.9
1219720 2104.4
1219730 2104.4
1219740 2088.9
1219750 2069.3
1219760 2069.3
1219770 2085.8
1219780 2099.8
1219790 2099.8
1219800 2085.9
1219810 2069.8
1219820 2055.7
1219830 2055.7
1219840 2045.1
1219850 2038.3
1219860 2038.3
1219870 2031.3
1219880 2024.8
1219890 2024.8
1219900 2018.6
1219910 2009.2
1219920 2009.2
1219930 2002.1
1219940 1997.2
1219950 1997.2
1219960 1994.4
1219970 1991.9
1219980 1991.9
1219990 1989.1
1200000 2112.6
1200010 2130.7
1200020 2158.2
1200030 2158.2
1200040 2164.9
1200050 2170.2
1200060 2170.2
1200070 2176.2
1200080 2180.5
1200090 2180.5
1200100 2180.4
1200110 2178.5
1200120 2178.5
1200130 2181.8
1200140 2194.2
1200150 2194.2
1200160 2218.7
1200170 2226.1
1200180 2226.1
1200190 2228.8
1200200 2231.7
1200210 2233.4
1200220 2233.4
1200230 2238.0
1200240 2234.3
1200250 2234.3
1200260 2235.2
1200270 2237.9
1200280 2237.9
1200290 2237.0
1200300 2231.2
1200310 2231.2
1200320 2227.8
1200330 2228.9
1200340 2228.9
1200350 2230.9
1200360 2230.5
1200370 2230.5
1200380 2226.6
1200390 2222.3
1200400 2217.3
1200410 2213.5
1200420 2208.9
1200430 2208.9
1200440 2203.9
1200450 2198.8
1200460 2198.8
1200470 2193.6
1200480 2189.2
1200490 2184.1
1200500 2184.1
1200510 2178.9
1200520 2172.6
1200530 2172.6
1200540 2165.8
1200550 2159.1
1200560 2159.1
1200570 2152.7
1200580 2145.8
1200590 2145.8
1200600 2137.9
1200610 2131.4
1200620 2131.4
1200630 2126.9
1200640 2122.1
1200650 2122.1
1200660 2116.5
1200670 2107.5
1200680 2107.5
1200690 2098.0
1200700 2090.3
1200710 2090.3
1200720 2084.3
1200730 2078.6
1200740 2078.6
1200750 2073.0
1200760 2067.8
1200770 2067.8
1200780 2062.8
1200790 2058.4
1200800 2055.1
1200810 2055.1
1200820 2052.5
1200830 2049.4
1200840 2054.6
1200850 2052.3
1200860 2050.3
1200870 2050.3
1200880 2048.9
1200890 2047.9
1200900 2047.9
1200910 2047.0
1200920 2045.1
1200930 2045.1
1200940 2043.5
1200950 2042.5
1200960 2042.5
1200970 2042.2
1200980 2041.2
1200990 2041.2
1201000 2040.0
1201010 2039.1
1201020 2039.1
1201030 2038.8
1201040 2038.9
1201050 2038.9
1201060 2038.5
1201070 2037.2
1201080 2035.0
1201090 2035.0
1201100 2032.1
1201110 2027.8
1201120 2027.8
1201130 2024.0
1201140 2020.7
1201150 2020.7
1201160 2018.2
1201170 2016.6
1201180 2016.6
1201190 2014.5
1201200 2012.5
1201210 2012.5
1201220 2010.1
1201230 2006.3
1201240 2006.3
1201250 2002.5
1201260 1998.6
1201270 1998.6
1201280 1995.3
1201290 1988.7
1201300 1988.7
1201310 1986.8
1201320 1985.5
1201330 1985.5
1201340 1984.5
1201350 1984.2
1201360 1984.4
1201370 1984.4
1201380 1983.8
1201390 1983.1
1201400 1983.1
1201410 1981.9
1201420 1980.4
1201430 1980.4
1201440 1978.5
1201450 1977.1
1201460 1977.1
1201470 1976.6
1201480 1975.6
1201490 1975.6
1201500 1975.1
1201510 1973.8
1201520 1973.8
1201530 1970.1
1201540 1966.2
1201550 1966.2
1201560 1961.1
1201570 1956.4
1201580 1956.4
1201590 1953.4
1201600 1951.4
1201610 1951.4
1201620 1948.9
1201630 1946.6
1201640 1946.6
1201650 1943.9
1201660 1941.5
1201670 1939.2
1201680 1939.2
1201690 1936.9
1201700 1934.8
1201710 1934.8
1201720 1930.3
1201730 1926.6
1201740 1923.6
1201750 1920.7
1201760 1916.7
1201770 1916.7
1201780 1913.5
1201790 1908.8
1201800 1908.8
1201810 1903.6
1201820 1899.2
1201830 1899.2
1201840 1896.0
1201850 1892.2
1201860 1892.2
1201870 1886.8
1201880 1877.4
1201890 1877.4
1201900 1869.8
1201910 1871.0
1201920 1871.0
1201930 1868.0
1201940 1857.8
1201950 1846.3
1201960 1846.3
1201970 1819.2
1201980 1799.4
1201990 1799.4
1202000 1784.3
1202010 1776.4
1202020 1776.4
1202030 1769.9
1202040 1763.1
1202050 1763.1
1202060 1755.6
1202070 1748.2
1202080 1748.2
1202090 1741.8
1202100 1735.8
1202110 1735.8
1202120 1729.5
1202130 1723.5
1202140 1723.5
1202150 1717.2
1202160 1713.3
1202170 1713.3
1202180 1710.3
1202190 1704.4
1202200 1704.4
1202210 1700.2
1202220 1695.1
1202230 1689.2
1202240 1689.2
1202250 1685.9
1202260 1683.4
1202270 1683.4
1202280 1679.8
1202290 1674.4
1202300 1674.4
1202310 1667.4
1202320 1659.3
1202330 1659.3
1202340 1651.8
1202350 1642.8
1202360 1642.8
1202370 1634.7
1202380 1622.2
1202390 1622.2
1202400 1609.4
1202410 1600.7
1202420 1600.7
1202430 1592.4
1202440 1585.2
1202450 1585.2
1202460 1578.3
1202470 1571.0
1202480 1571.0
1202490 1558.6
1202500 1548.5
1202510 1540.9
1202520 1540.9
1202530 1533.8
1202540 1526.6
1202550 1526.6
1202560 1518.8
1202570 1512.0
1202580 1512.0
1202590 1505.3
1202600 1499.2
1202610 1499.2
1202620 1492.0
1202630 1485.2
1202640 1485.2
1202650 1477.1
1202660 1471.9
1202670 1471.9
1202680 1466.4
1202690 1461.6
1202700 1461.6
1202710 1456.9
1202720 1451.6
1202730 1451.6
1202740 1444.9
1202750 1439.2
1202760 1439.2
1202770 1434.0
1202780 1429.6
1202790 1429.6
1202800 1425.5
1202810 1422.0
1202820 1418.5
1202830 1418.5
1202840 1414.2
1202850 1410.8
1202860 1410.8
1202870 1407.1
1202880 1403.7
1202890 1403.7
1202900 1400.0
1202910 1395.9
1202920 1395.9
1202930 1391.2
1202940 1387.8
1202950 1387.8
1202960 1384.2
1202970 1380.6
1202980 1380.6
1202990 1377.5
1203000 1373.6
1203010 1373.6
1203020 1368.1
1203030 1361.5
1203040 1361.5
1203050 1354.8
1203060 1349.1
1203070 1349.1
1203080 1345.3
1203090 1343.1
1203100 1338.2
1203110 1338.2
1203120 1335.5
1203130 1331.2
1203140 1331.2
1203150 1327.6
1203160 1325.5
1203170 1325.5
1203180 1324.8
1203190 1322.1
1203200 1322.1
1203210 1317.7
1203220 1313.8
1203230 1313.8
1203240 1309.9
1203250 1303.9
1203260 1303.9
1203270 1297.9
1203280 1291.9
1203290 1291.9
1203300 1283.3
1203310 1274.7
1203320 1274.7
1203330 1267.6
1203340 1261.5
1203350 1261.5
1203360 1255.2
1203370 1249.9
1203380 1245.3
1203390 1245.3
1203400 1240.6
1203410 1235.2
1203420 1235.2
1203430 1230.6
1203440 1226.0
1203450 1226.0
1203460 1220.9
1203470 1215.7
1203480 1215.7
1203490 1210.8
1203500 1206.5
1203510 1206.5
1203520 1203.5
1203530 1201.1
1203540 1201.1
1203550 1195.9
1203560 1191.7
1203570 1191.7
1203580 1188.2
1203590 1186.0
1203600 1186.0
1203610 1180.6
1203620 1174.7
1203630 1174.7
1203640 1169.5
1203650 1166.8
1203660 1166.8
1203670 1167.2
1203680 1164.3
1203690 1157.0
1203700 1157.0
1203710 1148.3
1203720 1141.1
1203730 1141.1
1203740 1134.6
1203750 1128.7
1203760 1128.7
1203770 1122.7
1203780 1117.3
1203790 1117.3
1203800 1111.9
1203810 1106.5
1203820 1106.5
1203830 1100.4
1203840 1094.7
1203850 1094.7
1203860 1089.1
1203870 1083.9
1203880 1083.9
1203890 1079.0
1203900 1074.1
1203910 1074.1
1203920 1069.3
1203930 1065.3
1203940 1065.3
1203950 1061.6
1203960 1057.8
1203970 1053.5
1203980 1053.5
1203990 1048.3
1204000 1045.0
1204010 1034.0
1204020 1030.9
1204030 1023.4
1204040 1023.4
1204050 1012.4
1204060 994.0
1204070 994.0
1204080 977.3
1204090 964.7
1204100 964.7
1204110 958.7
1204120 955.8
1204130 955.8
1204140 954.1
1204150 953.0
1204160 953.0
1204170 960.3
1204180 974.7
1204190 974.7
1204200 990.4
1204210 995.3
1204220 995.3
1204230 991.1
1204240 986.5
1204250 981.2
1204260 981.2
1204270 975.0
1204280 974.2
1204290 974.2
1204300 975.6
1204310 976.5
1204320 976.5
1204330 976.3
1204340 974.4
1204350 974.4
1204360 970.0
1204370 966.9
1204380 966.9
1204390 962.8
1204400 957.2
1204410 957.2
1204420 953.7
1204430 952.4
1204440 952.4
1204450 951.9
1204460 942.4
1204470 942.4
1204480 937.3
1204490 934.9
1204500 934.9
1204510 934.4
1204520 934.3
1204530 934.3
1204540 934.3
1204550 934.4
1204560 934.4
1204570 934.4
1204580 934.6
1204590 934.7
1204600 934.7
1204610 935.0
1204620 934.8
1204630 934.8
1204640 934.4
1204650 934.3
1204660 934.3
1204670 934.3
1204680 934.3
1204690 934.3
1204700 934.4
1204710 934.4
1204720 934.4
1204730 934.5
1204740 935.1
1204750 935.1
1204760 936.6
1204770 938.2
1204780 938.2
1204790 940.3
1204800 942.2
1204810 942.2
1204820 942.9
1204830 943.8
1204840 944.1
1204850 944.1
1204860 944.0
1204870 943.4
1204880 943.4
1204890 943.4
1204900 942.5
1204910 942.5
1204920 945.9
1204930 943.6
1204940 943.6
1204950 939.9
1204960 935.9
1204970 935.9
1204980 934.4
1204990 934.4
1205000 934.4
1205010 934.3
1205020 934.3
1205030 934.3
1205040 934.3
1205050 934.3
1205060 934.3
1205070 934.3
1205080 934.3
1205090 934.3
1205100 934.3
1205110 934.3
1205120 934.3
1205130 934.3
1205140 934.3
1205150 934.3
1205160 934.3
1205170 934.4
1205180 935.3
1205190 935.3
1205200 938.4
1205210 937.1
1205220 937.1
1205230 934.9
1205240 934.3
1205250 934.3
1205260 934.2
1205270 934.5
1205280 934.5
1205290 938.3
1205300 945.1
1205310 945.1
1205320 951.4
1205330 957.1
1205340 957.1
1205350 961.8
1205360 965.1
1205370 964.8
1205380 968.6
1205390 969.5
1205400 963.9
1205410 963.9
1205420 957.7
1205430 952.7
1205440 952.7
1205450 953.4
1205460 956.8
1205470 956.8
1205480 958.0
1205490 956.5
1205500 956.5
1205510 955.5
1205520 953.6
1205530 953.6
1205540 949.2
1205550 948.0
1205560 948.0
1205570 950.4
1205580 951.0
1205590 951.0
1205600 952.4
1205610 955.0
1205620 955.0
1205630 958.2
1205640 961.2
1205650 961.2
1205660 963.9
1205670 966.3
1205680 966.3
1205690 967.8
1205700 972.0
1205710 978.4
1205720 978.4
1205730 983.9
1205740 989.7
1205750 989.7
1205760 995.1
1205770 999.6
1205780 999.6
1205790 1004.6
1205800 1014.6
1205810 1014.6
1205820 1027.4
1205830 1052.4
1205840 1052.4
1205850 1065.1
1205860 1078.5
1205870 1078.5
1205880 1086.9
1205890 1093.9
1205900 1093.9
1205910 1102.1
1205920 1110.2
1205930 1110.2
1205940 1118.0
1205950 1130.3
1205960 1130.3
1205970 1140.1
1205980 1147.9
1205990 1155.0
1206000 1155.0
1206010 1160.3
1206020 1166.9
1206030 1166.9
1206040 1171.0
1206050 1174.2
1206060 1174.2
1206070 1177.1
1206080 1182.0
1206090 1182.0
1206100 1188.2
1206110 1195.7
1206120 1195.7
1206130 1204.8
1206140 1210.9
1206150 1210.9
1206160 1214.4
1206170 1218.7
1206180 1218.7
1206190 1223.4
1206200 1228.2
1206210 1228.2
1206220 1233.0
1206230 1238.6
1206240 1238.6
1206250 1244.6
1206260 1250.1
1206270 1255.2
1206280 1255.2
1206290 1267.6
1206300 1283.4
1206310 1283.4
1206320 1298.6
1206330 1305.8
1206340 1305.8
1206350 1310.6
1206360 1314.4
1206370 1314.4
1206380 1317.9
1206390 1320.6
1206400 1320.6
1206410 1323.6
1206420 1327.3
1206430 1327.3
1206440 1331.2
1206450 1333.7
1206460 1333.7
1206470 1333.8
1206480 1334.1
1206490 1334.1
1206500 1336.7
1206510 1340.1
1206520 1340.1
1206530 1343.9
1206540 1349.6
1206550 1349.6
1206560 1357.0
1206570 1364.0
1206580 1370.8
1206590 1370.8
1206600 1376.6
1206610 1381.4
1206620 1381.4
1206630 1385.2
1206640 1388.2
1206650 1388.2
1206660 1389.6
1206670 1391.9
1206680 1391.9
1206690 1394.4
1206700 1398.0
1206710 1398.0
1206720 1402.3
1206730 1406.1
1206740 1406.1
1206750 1412.2
1206760 1414.4
1206770 1414.4
1206780 1416.3
1206790 1419.1
1206800 1419.1
1206810 1422.5
1206820 1425.9
1206830 1425.9
1206840 1429.0
1206850 1432.6
1206860 1436.7
1206870 1436.7
1206880 1441.6
1206890 1446.1
1206900 1446.1
1206910 1450.9
1206920 1456.2
1206930 1456.2
1206940 1462.7
1206950 1469.7
1206960 1469.7
1206970 1478.6
1206980 1488.8
1206990 1488.8
1207000 1497.3
1207010 1502.2
1207020 1502.2
1207030 1509.1
1207040 1515.3
1207050 1515.3
1207060 1518.1
1207070 1521.7
1207080 1521.7
1207090 1526.8
1207100 1531.8
1207110 1531.8
1207120 1535.7
1207130 1540.0
1207140 1545.6
1207150 1545.6
1207160 1550.8
1207170 1559.8
1207180 1559.8
1207190 1564.6
1207200 1567.0
1207210 1569.9
1207220 1572.7
1207230 1575.9
1207240 1575.9
1207250 1579.8
1207260 1583.8
1207270 1583.8
1207280 1587.3
1207290 1589.3
1207300 1589.3
1207310 1591.5
1207320 1594.4
1207330 1594.4
1207340 1597.6
1207350 1600.5
1207360 1600.5
1207370 1604.0
1207380 1607.7
1207390 1607.7
1207400 1611.6
1207410 1615.9
1207420 1620.6
1207430 1620.6
1207440 1626.0
1207450 1631.2
1207460 1631.2
1207470 1636.0
1207480 1640.5
1207490 1640.5
1207500 1645.3
1207510 1649.8
1207520 1649.8
1207530 1653.0
1207540 1655.6
1207550 1655.6
1207560 1658.3
1207570 1661.5
1207580 1661.5
1207590 1665.0
1207600 1668.4
1207610 1668.4
1207620 1671.7
1207630 1674.7
1207640 1674.7
1207650 1677.0
1207660 1679.4
1207670 1684.3
1207680 1687.4
1207690 1690.4
1207700 1690.4
1207710 1692.4
1207720 1693.9
1207730 1695.0
1207740 1695.0
1207750 1694.7
1207760 1693.0
1207770 1693.0
1207780 1692.5
1207790 1696.7
1207800 1696.7
1207810 1702.0
1207820 1706.5
1207830 1706.5
1207840 1709.9
1207850 1713.2
1207860 1713.2
1207870 1717.5
1207880 1721.6
1207890 1721.6
1207900 1724.2
1207910 1726.0
1207920 1726.0
1207930 1727.7
1207940 1728.9
1207950 1728.9
1207960 1729.8
1207970 1729.9
1207980 1729.9
1207990 1729.7
1208000 1729.9
1208010 1735.4
1208020 1735.4
1208030 1740.5
1208040 1743.9
1208050 1743.9
1208060 1746.4
1208070 1747.8
1208080 1747.8
1208090 1749.7
1208100 1751.0
1208110 1751.0
1208120 1751.7
1208130 1760.2
1208140 1760.2
1208150 1761.6
1208160 1764.4
1208170 1764.4
1208180 1768.1
1208190 1772.0
1208200 1772.0
1208210 1775.7
1208220 1779.4
1208230 1779.4
1208240 1783.4
1208250 1787.1
1208260 1787.1
1208270 1790.4
1208280 1793.2
1208290 1794.0
1208300 1794.0
1208310 1794.9
1208320 1796.1
1208330 1796.1
1208340 1796.1
1208350 1797.0
1208360 1797.0
1208370 1798.5
1208380 1799.2
1208390 1799.2
1208400 1799.5
1208410 1800.7
1208420 1800.7
1208430 1802.3
1208440 1805.0
1208450 1805.0
1208460 1808.6
1208470 1810.0
1208480 1810.0
1208490 1810.3
1208500 1810.3
1208510 1810.3
1208520 1812.7
1208530 1814.3
1208540 1814.3
1208550 1815.6
1208560 1815.3
1208570 1815.3
1208580 1816.3
1208590 1822.4
1208600 1823.5
1208610 1823.5
1208620 1823.9
1208630 1824.8
1208640 1824.8
1208650 1825.6
1208660 1826.7
1208670 1826.7
1208680 1827.7
1208690 1828.3
1208700 1828.3
1208710 1829.9
1208720 1831.9
1208730 1831.9
1208740 1833.4
1208750 1835.9
1208760 1835.9
1208770 1837.4
1208780 1839.8
1208790 1839.8
1208800 1842.8
1208810 1845.5
1208820 1845.5
1208830 1848.2
1208840 1850.3
1208850 1850.3
1208860 1852.8
1208870 1855.6
1208880 1858.7
1208890 1858.7
1208900 1861.5
1208910 1864.0
1208920 1864.0
1208930 1865.7
1208940 1866.0
1208950 1866.0
1208960 1866.1
1208970 1867.1
1208980 1867.1
1208990 1867.7
1209000 1866.8
1209010 1866.8
1209020 1866.1
1209030 1867.4
1209040 1867.4
1209050 1876.4
1209060 1879.4
1209070 1879.4
1209080 1882.7
1209090 1886.1
1209100 1886.1
1209110 1889.9
1209120 1893.3
1209130 1893.3
1209140 1896.3
1209150 1898.2
1209160 1898.4
1209170 1898.4
1209180 1900.2
1209190 1903.8
1209200 1903.8
1209210 1906.9
1209220 1910.6
1209230 1910.6
1209240 1915.2
1209250 1920.0
1209260 1920.0
1209270 1924.5
1209280 1928.7
1209290 1928.7
1209300 1932.9
1209310 1937.1
1209320 1937.1
1209330 1940.9
1209340 1944.4
1209350 1944.4
1209360 1948.1
1209370 1951.2
1209380 1951.2
1209390 1953.8
1209400 1957.6
1209410 1957.6
1209420 1961.7
1209430 1966.1
1209440 1966.1
1209450 1970.3
1209460 1974.1
1209470 1974.7
1209480 1974.7
1209490 1975.1
1209500 1976.4
1209510 1982.2
1209520 1981.3
1209530 1981.6
1209540 1981.6
1209550 1983.8
1209560 1985.7
1209570 1985.7
1209580 1986.8
1209590 1986.3
1209600 1986.3
1209610 1986.5
1209620 1986.2
1209630 1986.2
1209640 1985.6
1209650 1985.7
1209660 1985.7
1209670 1987.0
1209680 1989.5
1209690 1989.5
1209700 1991.1
1209710 1993.9
1209720 1993.9
1209730 1996.7
1209740 1999.1
1209750 2002.1
1209760 2002.1
1209770 2004.5
1209780 2007.3
1209790 2007.3
1209800 2007.2
1209810 2005.5
1209820 2005.5
1209830 2005.3
1209840 2007.1
1209850 2007.1
1209860 2011.3
1209870 2016.6
1209880 2016.6
1209890 2019.6
1209900 2020.3
1209910 2020.3
1209920 2019.3
1209930 2019.5
1209940 2019.5
1209950 2023.1
1209960 2021.8
1209970 2021.8
1209980 2028.2
1209990 2030.6
1210000 2030.6
1210010 2033.8
1210020 2036.7
1210030 2041.1
1210040 2041.1
1210050 2045.0
1210060 2048.9
1210070 2048.9
1210080 2053.7
1210090 2056.0
1210100 2056.0
1210110 2056.2
1210120 2057.4
1210130 2057.4
1210140 2055.2
1210150 2053.6
1210160 2053.6
1210170 2054.6
1210180 2055.3
1210190 2055.3
1210200 2056.9
1210210 2051.8
1210220 2051.8
1210230 2043.7
1210240 2041.2
1210250 2041.2
1210260 2039.2
1210270 2039.6
1210280 2039.6
1210290 2039.7
1210300 2036.2
1210310 2032.6
1210320 2032.6
1210330 2028.1
1210340 2024.0
1210350 2024.0
1210360 2019.6
1210370 2015.5
1210380 2015.5
1210390 2013.1
1210400 2011.5
1210410 2011.5
1210420 2007.9
1210430 2005.1
1210440 2011.5
1210450 2008.4
1210460 1999.4
1210470 1999.4
1210480 1992.4
1210490 1988.1
1210500 1988.1
1210510 1983.1
1210520 1976.4
1210530 1976.4
1210540 1970.0
1210550 1965.4
1210560 1965.4
1210570 1960.2
1210580 1954.9
1210590 1954.9
1210600 1947.3
1210610 1939.0
1210620 1929.7
1210630 1929.7
1210640 1922.8
1210650 1916.8
1210660 1916.8
1210670 1908.7
1210680 1897.6
1210690 1897.6
1210700 1882.9
1210710 1870.6
1210720 1870.6
1210730 1861.0
1210740 1853.0
1210750 1853.0
1210760 1845.0
1210770 1837.0
1210780 1837.0
1210790 1829.4
1210800 1823.4
1210810 1823.4
1210820 1817.0
1210830 1810.1
1210840 1810.1
1210850 1803.5
1210860 1797.1
1210870 1797.1
1210880 1791.1
1210890 1785.1
1210900 1778.8
1210910 1781.6
1210920 1775.9
1210930 1768.0
1210940 1768.0
1210950 1761.5
1210960 1757.9
1210970 1757.9
1210980 1755.7
1210990 1752.8
1211000 1752.8
1211010 1747.5
1211020 1740.5
1211030 1740.5
1211040 1733.2
1211050 1725.9
1211060 1725.9
1211070 1718.9
1211080 1712.5
1211090 1712.5
1211100 1706.7
1211110 1701.2
1211120 1701.2
1211130 1696.7
1211140 1693.6
1211150 1693.6
1211160 1690.4
1211170 1688.3
1211180 1686.9
1211190 1686.9
1211200 1686.0
1211210 1686.2
1211220 1686.2
1211230 1686.6
1211240 1687.4
1211250 1687.4
1211260 1689.6
1211270 1693.0
1211280 1693.0
1211290 1697.0
1211300 1701.0
1211310 1701.0
1211320 1704.5
1211330 1707.4
1211340 1707.4
1211350 1710.7
1211360 1713.6
1211370 1719.2
1211380 1721.8
1211390 1724.4
1211400 1724.4
1211410 1726.8
1211420 1729.3
1211430 1729.3
1211440 1731.9
1211450 1734.2
1211460 1734.2
1211470 1736.4
1211480 1738.2
1211490 1740.2
1211500 1740.2
1211510 1742.3
1211520 1742.9
1211530 1742.9
1211540 1744.5
1211550 1746.7
1211560 1746.7
1211570 1748.3
1211580 1749.8
1211590 1749.8
1211600 1751.2
1211610 1751.3
1211620 1751.3
1211630 1752.2
1211640 1755.7
1211650 1755.7
1211660 1760.4
1211670 1765.2
1211680 1765.2
1211690 1770.6
1211700 1776.6
1211710 1776.6
1211720 1782.6
1211730 1788.6
1211740 1788.6
1211750 1794.3
1211760 1799.4
1211770 1804.3
1211780 1804.3
1211790 1808.6
1211800 1812.8
1211810 1812.8
1211820 1816.2
1211830 1818.8
1211840 1825.7
1211850 1828.4
1211860 1830.5
1211870 1830.5
1211880 1832.5
1211890 1833.6
1211900 1833.6
1211910 1834.9
1211920 1841.1
1211930 1841.1
1211940 1851.8
1211950 1856.3
1211960 1856.3
1211970 1861.7
1211980 1871.3
1211990 1871.3
1212000 1881.8
1212010 1887.1
1212020 1887.1
1212030 1892.2
1212040 1898.1
1212050 1905.2
1212060 1905.2
1212070 1904.9
1212080 1904.3
1212090 1904.3
1212100 1906.0
1212110 1907.6
1212120 1907.6
1212130 1908.6
1212140 1911.1
1212150 1911.1
1212160 1913.6
1212170 1915.4
1212180 1915.4
1212190 1917.4
1212200 1919.0
1212210 1919.0
1212220 1921.3
1212230 1922.8
1212240 1922.8
1212250 1923.3
1212260 1925.9
1212270 1925.9
1212280 1929.9
1212290 1935.3
1212300 1935.3
1212310 1941.4
1212320 1942.2
1212330 1943.9
1212340 1943.9
1212350 1944.7
1212360 1943.3
1212370 1943.3
1212380 1938.5
1212390 1932.9
1212400 1932.9
1212410 1927.5
1212420 1928.9
1212430 1928.9
1212440 1932.1
1212450 1935.7
1212460 1935.7
1212470 1938.2
1212480 1937.9
1212490 1937.9
1212500 1938.2
1212510 1938.7
1212520 1938.7
1212530 1938.5
1212540 1938.8
1212550 1938.8
1212560 1939.5
1212570 1939.0
1212580 1939.0
1212590 1937.8
1212600 1930.9
1212610 1930.9
1212620 1923.9
1212630 1921.9
1212640 1919.5
1212650 1919.5
1212660 1918.0
1212670 1916.7
1212680 1916.7
1212690 1915.4
1212700 1913.5
1212710 1913.5
1212720 1911.0
1212730 1909.2
1212740 1909.2
1212750 1903.8
1212760 1897.0
1212770 1897.0
1212780 1886.6
1212790 1877.1
1212800 1877.1
1212810 1868.2
1212820 1862.0
1212830 1862.0
1212840 1855.6
1212850 1848.0
1212860 1848.0
1212870 1842.6
1212880 1835.3
1212890 1835.3
1212900 1826.6
1212910 1820.8
1212920 1814.5
1212930 1814.5
1212940 1809.0
1212950 1803.8
1212960 1803.8
1212970 1799.9
1212980 1794.8
1212990 1794.8
1213000 1789.1
1213010 1782.9
1213020 1782.9
1213030 1776.4
1213040 1768.6
1213050 1768.6
1213060 1762.7
1213070 1758.2
1213080 1758.2
1213090 1754.6
1213100 1751.3
1213110 1751.3
1213120 1748.6
1213130 1744.6
1213140 1744.6
1213150 1738.6
1213160 1732.2
1213170 1732.2
1213180 1726.7
1213190 1721.9
1213200 1718.0
1213210 1718.0
1213220 1715.2
1213230 1714.6
1213240 1714.6
1213250 1713.6
1213260 1714.0
1213270 1714.0
1213280 1714.6
1213290 1715.6
1213300 1715.6
1213310 1715.8
1213320 1714.9
1213330 1714.9
1213340 1713.5
1213350 1714.5
1213360 1714.5
1213370 1711.7
1213380 1712.3
1213390 1712.3
1213400 1715.2
1213410 1718.3
1213420 1718.3
1213430 1721.3
1213440 1722.3
1213450 1722.3
1213460 1718.3
1213470 1716.2
1213480 1716.2
1213490 1719.2
1213500 1727.7
1213510 1737.3
1213520 1737.3
1213530 1745.6
1213540 1754.8
1213550 1754.8
1213560 1765.2
1213570 1771.3
1213580 1771.3
1213590 1776.1
1213600 1781.7
1213610 1781.7
1213620 1787.0
1213630 1790.7
1213640 1790.7
1213650 1793.6
1213660 1794.2
1213670 1794.2
1213680 1796.6
1213690 1801.2
1213700 1801.2
1213710 1803.5
1213720 1803.3
1213730 1803.3
1213740 1803.5
1213750 1805.7
1213760 1805.7
1213770 1809.8
1213780 1816.2
1213790 1821.6
1213800 1821.6
1213810 1826.5
1213820 1830.9
1213830 1830.9
1213840 1833.4
1213850 1836.2
1213860 1836.2
1213870 1839.8
1213880 1842.9
1213890 1842.9
1213900 1846.0
1213910 1849.8
1213920 1849.8
1213930 1853.9
1213940 1857.9
1213950 1857.9
1213960 1862.0
1213970 1865.5
1213980 1865.5
1213990 1868.8
1214000 1872.5
1214010 1872.5
1214020 1876.3
1214030 1879.5
1214040 1879.5
1214050 1879.9
1214060 1880.8
1214070 1882.5
1214080 1882.5
1214090 1884.1
1214100 1887.7
1214110 1887.7
1214120 1891.9
1214130 1896.1
1214140 1896.1
1214150 1900.3
1214160 1904.2
1214170 1904.2
1214180 1908.4
1214190 1905.8
1214200 1905.8
1214210 1908.8
1214220 1914.4
1214230 1914.4
1214240 1920.6
1214250 1925.4
1214260 1925.4
1214270 1929.2
1214280 1933.6
1214290 1933.6
1214300 1938.4
1214310 1943.2
1214320 1943.2
1214330 1946.9
1214340 1950.7
1214350 1956.1
1214360 1956.1
1214370 1961.5
1214380 1965.4
1214390 1965.4
1214400 1969.5
1214410 1974.4
1214420 1974.4
1214430 1979.2
1214440 1983.7
1214450 1983.7
1214460 1988.0
1214470 1992.2
1214480 1992.2
1214490 1996.0
1214500 1999.9
1214510 1999.9
1214520 2004.2
1214530 2008.1
1214540 2008.1
1214550 2012.6
1214560 2017.5
1214570 2017.5
1214580 2021.3
1214590 2026.0
1214600 2026.0
1214610 2031.0
1214620 2036.0
1214630 2036.0
1214640 2040.1
1214650 2044.9
1214660 2043.2
1214670 2043.2
1214680 2047.2
1214690 2051.7
1214700 2051.7
1214710 2056.4
1214720 2061.6
1214730 2061.6
1214740 2066.8
1214750 2071.7
1214760 2071.7
1214770 2078.9
1214780 2086.4
1214790 2086.4
1214800 2090.5
1214810 2097.4
1214820 2097.4
1214830 2108.4
1214840 2119.8
1214850 2119.8
1214860 2131.7
1214870 2139.1
1214880 2139.1
1214890 2141.7
1214900 2142.7
1214910 2142.7
1214920 2140.6
1214930 2139.9
1214940 2143.3
1214950 2143.3
1214960 2151.6
1214970 2162.4
1214980 2162.4
1214990 2167.4
1215000 2171.3
1215010 2171.3
1215020 2177.5
1215030 2187.8
1215040 2187.8
1215050 2201.5
1215060 2207.3
1215070 2207.3
1215080 2210.0
1215090 2214.6
1215100 2214.6
1215110 2219.7
1215120 2224.5
1215130 2212.3
1215140 2213.5
1215150 2219.0
1215160 2219.0
1215170 2226.5
1215180 2234.4
1215190 2234.4
1215200 2242.1
1215210 2250.4
1215220 2255.5
1215230 2255.5
1215240 2258.7
1215250 2263.5
1215260 2263.5
1215270 2267.7
1215280 2272.7
1215290 2272.7
1215300 2278.9
1215310 2281.6
1215320 2281.6
1215330 2281.5
1215340 2287.4
1215350 2287.4
1215360 2301.8
1215370 2314.2
1215380 2314.2
1215390 2320.7
1215400 2325.6
1215410 2325.6
1215420 2332.7
1215430 2339.7
1215440 2339.7
1215450 2347.1
1215460 2354.3
1215470 2354.3
1215480 2362.2
1215490 2369.7
1215500 2376.7
1215510 2376.7
1215520 2384.4
1215530 2391.9
1215540 2391.9
1215550 2399.1
1215560 2402.8
1215570 2402.8
1215580 2400.8
1215590 2402.8
1215600 2402.8
1215610 2396.9
1215620 2397.8
1215630 2397.8
1215640 2408.0
1215650 2429.5
1215660 2429.5
1215670 2418.5
1215680 2397.1
1215690 2397.1
1215700 2392.7
1215710 2395.4
1215720 2395.4
1215730 2405.7
1215740 2416.3
1215750 2416.3
1215760 2428.1
1215770 2431.8
1215780 2431.8
1215790 2424.8
1215800 2416.5
1215810 2410.4
1215820 2410.4
1215830 2409.5
1215840 2408.9
1215850 2408.9
1215860 2405.7
1215870 2399.8
1215880 2399.8
1215890 2399.0
1215900 2397.7
1215910 2397.7
1215920 2390.9
1215930 2382.3
1215940 2382.3
1215950 2374.2
1215960 2367.5
1215970 2367.5
1215980 2361.1
1215990 2353.7
1216000 2353.7
1216010 2345.9
1216020 2340.2
1216030 2340.2
1216040 2335.6
1216050 2331.0
1216060 2331.0
1216070 2326.6
1216080 2316.3
1216090 2314.2
1216100 2314.2
1216110 2313.3
1216120 2311.3
1216130 2311.3
1216140 2310.3
1216150 2310.2
1216160 2310.2
1216170 2310.9
1216180 2311.2
1216190 2311.2
1216200 2311.9
1216210 2317.7
1216220 2317.7
1216230 2323.1
1216240 2326.7
1216250 2326.7
1216260 2329.6
1216270 2332.6
1216280 2332.6
1216290 2336.3
1216300 2339.0
1216310 2339.0
1216320 2339.7
1216330 2338.5
1216340 2338.5
1216350 2336.0
1216360 2334.2
1216370 2332.8
1216380 2332.8
1216390 2329.4
1216400 2324.7
1216410 2324.7
1216420 2317.7
1216430 2309.8
1216440 2309.8
1216450 2303.4
1216460 2298.8
1216470 2298.8
1216480 2292.7
1216490 2290.4
1216500 2290.4
1216510 2283.8
1216520 2279.3
1216530 2279.3
1216540 2273.7
1216550 2256.8
1216560 2254.4
1216570 2219.4
1216580 2198.2
1216590 2198.2
1216600 2185.2
1216610 2179.6
1216620 2179.6
1216630 2183.7
1216640 2190.7
1216650 2190.7
1216660 2192.9
1216670 2191.2
1216680 2184.8
1216690 2184.8
1216700 2185.1
1216710 2194.6
1216720 2194.6
1216730 2199.1
1216740 2197.5
1216750 2197.5
1216760 2184.5
1216770 2162.7
1216780 2162.7
1216790 2161.8
1216800 2170.1
1216810 2170.1
1216820 2179.2
1216830 2185.2
1216840 2185.2
1216850 2187.4
1216860 2173.5
1216870 2173.5
1216880 2154.5
1216890 2145.1
1216900 2145.1
1216910 2127.9
1216920 2100.5
1216930 2100.5
1216940 2046.4
1216950 2016.2
1216960 2013.0
1216970 2013.0
1216980 2010.6
1216990 2001.3
1217000 2001.3
1217010 1997.1
1217020 1994.1
1217030 1988.8
1217040 1985.4
1217050 1980.8
1217060 1980.8
1217070 1975.7
1217080 1970.2
1217090 1970.2
1217100 1964.2
1217110 1959.9
1217120 1959.9
1217130 1961.0
1217140 1963.6
1217150 1963.6
1217160 1965.6
1217170 1965.9
1217180 1965.9
1217190 1966.1
1217200 1965.9
1217210 1965.9
1217220 1964.9
1217230 1964.4
1217240 1964.4
1217250 1964.4
1217260 1965.2
1217270 1965.0
1217280 1965.0
1217290 1965.2
1217300 1966.0
1217310 1966.0
1217320 1967.9
1217330 1969.6
1217340 1969.6
1217350 1972.5
1217360 1977.6
1217370 1977.6
1217380 1983.8
1217390 1990.3
1217400 1990.3
1217410 1996.7
1217420 2003.2
1217430 2003.2
1217440 2009.3
1217450 2014.9
1217460 2014.9
1217470 2020.6
1217480 2026.7
1217490 2026.7
1217500 2033.3
1217510 2043.1
1217520 2051.5
1217530 2051.5
1217540 2071.4
1217550 2117.6
1217560 2117.6
1217570 2154.7
1217580 2184.5
1217590 2184.5
1217600 2193.0
1217610 2199.8
1217620 2199.8
1217630 2211.9
1217640 2248.2
1217650 2248.2
1217660 2278.8
1217670 2288.6
1217680 2288.6
1217690 2298.0
1217700 2316.1
1217710 2316.1
1217720 2330.4
1217730 2342.4
1217740 2342.4
1217750 2347.3
1217760 2349.6
1217770 2349.6
1217780 2351.2
1217790 2355.0
1217800 2355.0
1217810 2358.3
1217820 2361.1
1217830 2363.7
1217840 2363.7
1217850 2366.7
1217860 2371.2
1217870 2371.2
1217880 2376.2
1217890 2380.1
1217900 2380.1
1217910 2384.4
1217920 2389.0
1217930 2389.0
1217940 2393.6
1217950 2398.4
1217960 2398.4
1217970 2403.4
1217980 2407.2
1217990 2402.9
1218000 2398.3
1218010 2385.1
1218020 2385.1
1218030 2370.1
1218040 2358.6
1218050 2358.6
1218060 2352.0
1218070 2347.4
1218080 2347.4
1218090 2344.8
1218100 2344.2
1218110 2345.0
1218120 2345.0
1218130 2344.1
1218140 2341.8
1218150 2341.8
1218160 2339.2
1218170 2335.6
1218180 2335.6
1218190 2332.8
1218200 2327.8
1218210 2327.8
1218220 2325.7
1218230 2325.0
1218240 2325.0
1218250 2321.3
1218260 2316.8
1218270 2316.8
1218280 2314.3
1218290 2317.7
1218300 2317.7
1218310 2319.8
1218320 2323.4
1218330 2323.4
1218340 2324.3
1218350 2332.2
1218360 2332.2
1218370 2342.3
1218380 2342.8
1218390 2335.9
1218400 2335.9
1218410 2319.6
1218420 2315.1
1218430 2315.1
1218440 2314.5
1218450 2313.5
1218460 2313.5
1218470 2306.9
1218480 2303.4
1218490 2303.4
1218500 2301.8
1218510 2300.6
1218520 2300.6
1218530 2296.1
1218540 2292.6
1218550 2292.6
1218560 2290.6
1218570 2289.8
1218580 2289.8
1218590 2290.4
1218600 2292.7
1218610 2292.7
1218620 2294.4
1218630 2295.6
1218640 2295.6
1218650 2297.6
1218660 2298.2
1218670 2298.5
1218680 2298.5
1218690 2302.0
1218700 2305.4
1218710 2305.4
1218720 2308.9
1218730 2311.2
1218740 2311.2
1218750 2316.2
1218760 2325.2
1218770 2325.2
1218780 2326.9
1218790 2330.7
1218800 2330.7
1218810 2342.4
1218820 2345.0
1218830 2345.0
1218840 2346.6
1218850 2349.8
1218860 2349.8
1218870 2355.8
1218880 2354.5
1218890 2354.5
1218900 2351.6
1218910 2355.4
1218920 2355.4
1218930 2357.7
1218940 2354.8
1218950 2335.3
1218960 2334.0
1218970 2326.3
1218980 2313.6
1218990 2313.6
1219000 2306.1
1219010 2296.5
1219020 2296.5
1219030 2292.2
1219040 2312.3
1219050 2312.3
1219060 2334.3
1219070 2337.9
1219080 2337.9
1219090 2340.2
1219100 2341.7
1219110 2341.7
1219120 2336.6
1219130 2329.3
1219140 2329.3
1219150 2321.1
1219160 2311.4
1219170 2311.4
1219180 2303.0
1219190 2291.7
1219200 2291.7
1219210 2277.6
1219220 2264.2
1219230 2264.2
1219240 2249.5
1219250 2238.0
1219260 2232.0
1219270 2232.0
1219280 2230.4
1219290 2218.1
1219300 2218.1
1219310 2194.5
1219320 2174.4
1219330 2174.4
1219340 2159.7
1219350 2152.6
1219360 2152.6
1219370 2150.9
1219380 2146.7
1219390 2146.7
1219400 2133.0
1219410 2120.6
1219420 2120.6
1219430 2097.2
1219440 2099.9
1219450 2099.9
1219460 2104.5
1219470 2105.9
1219480 2105.9
1219490 2110.9
1219500 2114.1
1219510 2114.1
1219520 2121.0
1219530 2130.4
1219540 2134.8
1219550 2134.8
1219560 2141.6
1219570 2143.4
1219580 2143.4
1219590 2142.0
1219600 2137.1
1219610 2137.1
1219620 2129.8
1219630 2125.4
1219640 2125.4
1219650 2122.7
1219660 2122.6
1219670 2122.6
1219680 2120.7
1219690 2118.4
1219700 2118.4
1219710 2113.9
1219720 2104.4
1219730 2104.4
1219740 2088.9
1219750 2069.3
1219760 2069.3
1219770 2085.8
1219780 2099.8
1219790 2099.8
1219800 2085.9
1219810 2069.8
1219820 2055.7
1219830 2055.7
1219840 2045.1
1219850 2038.3
1219860 2038.3
1219870 2031.3
1219880 2024.8
1219890 2024.8
1219900 2018.6
1219910 2009.2
1219920 2009.2
1219930 2002.1
1219940 1997.2
1219950 1997.2
1219960 1994.4
1219970 1991.9
1219980 1991.9
1219990 1989.1
