1200000 2265.9
1200010 2253.3
1200020 2242.6
1200030 2242.6
1200040 2231.0
1200050 2223.9
1200060 2223.9
1200070 2216.9
1200080 2209.0
1200090 2209.0
1200100 2199.8
1200110 2194.6
1200120 2194.6
1200130 2189.6
1200140 2181.7
1200150 2181.7
1200160 2176.7
1200170 2172.6
1200180 2172.6
1200190 2167.0
1200200 2160.7
1200210 2160.7
1200220 2153.9
1200230 2145.5
1200240 2140.8
1200250 2140.8
1200260 2136.5
1200270 2130.9
1200280 2130.9
1200290 2130.7
1200300 2125.2
1200310 2125.2
1200320 2119.8
1200330 2115.2
1200340 2115.2
1200350 2111.4
1200360 2107.8
1200370 2107.8
1200380 2105.8
1200390 2105.1
1200400 2105.1
1200410 2103.0
1200420 2101.2
1200430 2101.2
1200440 2100.2
1200450 2096.1
1200460 2096.1
1200470 2091.6
1200480 2088.0
1200490 2088.0
1200500 2084.2
1200510 2080.8
1200520 2080.8
1200530 2079.6
1200540 2079.4
1200550 2078.8
1200560 2078.8
1200570 2078.4
1200580 2076.9
1200590 2076.9
1200600 2074.5
1200610 2071.2
1200620 2071.2
1200630 2067.9
1200640 2063.7
1200650 2063.7
1200660 2059.2
1200670 2055.5
1200680 2055.5
1200690 2052.2
1200700 2048.8
1200710 2048.8
1200720 2045.5
1200730 2037.8
1200740 2037.8
1200750 2035.5
1200760 2034.0
1200770 2034.0
1200780 2032.8
1200790 2031.2
1200800 2031.2
1200810 2029.6
1200820 2027.5
1200830 2027.2
1200840 2027.2
1200850 2028.9
1200860 2029.7
1200870 2029.7
1200880 2029.3
1200890 2028.1
1200900 2028.1
1200910 2027.4
1200920 2026.7
1200930 2026.7
1200940 2025.1
1200950 2022.3
1200960 2022.3
1200970 2020.6
1200980 2017.2
1200990 2017.2
1201000 2013.4
1201010 2009.6
1201020 2009.6
1201030 2007.8
1201040 2009.2
1201050 2009.2
1201060 2009.6
1201070 2009.4
1201080 2009.4
1201090 2008.1
1201100 2005.6
1201110 2005.6
1201120 2001.7
1201130 1996.9
1201140 1992.9
1201150 1992.9
1201160 1988.3
1201170 1982.3
1201180 1983.7
1201190 1977.7
1201200 1972.4
1201210 1972.4
1201220 1966.1
1201230 1960.3
1201240 1960.3
1201250 1952.2
1201260 1941.8
1201270 1941.8
1201280 1931.1
1201290 1923.7
1201300 1923.7
1201310 1918.1
1201320 1913.1
1201330 1913.1
1201340 1908.0
1201350 1903.1
1201360 1903.1
1201370 1898.7
1201380 1892.8
1201390 1892.8
1201400 1886.1
1201410 1878.6
1201420 1871.2
1201430 1871.2
1201440 1864.2
1201450 1857.3
1201460 1857.3
1201470 1850.8
1201480 1845.2
1201490 1845.2
1201500 1840.3
1201510 1834.0
1201520 1834.0
1201530 1826.7
1201540 1819.3
1201550 1819.3
1201560 1812.2
1201570 1805.3
1201580 1805.3
1201590 1798.0
1201600 1791.1
1201610 1791.1
1201620 1784.3
1201630 1782.1
1201640 1782.1
1201650 1775.3
1201660 1768.1
1201670 1768.1
1201680 1760.6
1201690 1750.8
1201700 1750.8
1201710 1740.4
1201720 1730.4
1201730 1722.0
1201740 1722.0
1201750 1714.6
1201760 1707.5
1201770 1707.5
1201780 1700.7
1201790 1693.8
1201800 1693.8
1201810 1686.9
1201820 1679.9
1201830 1679.9
1201840 1672.6
1201850 1665.6
1201860 1665.6
1201870 1659.1
1201880 1652.7
1201890 1652.7
1201900 1646.3
1201910 1640.2
1201920 1640.2
1201930 1633.9
1201940 1627.8
1201950 1627.8
1201960 1622.0
1201970 1616.2
1201980 1616.2
1201990 1611.0
1202000 1606.3
1202010 1601.2
1202020 1601.2
1202030 1595.4
1202040 1589.2
1202050 1589.2
1202060 1582.8
1202070 1576.6
1202080 1576.6
1202090 1577.3
1202100 1572.4
1202110 1572.4
1202120 1567.6
1202130 1561.2
1202140 1561.2
1202150 1556.5
1202160 1553.2
1202170 1553.2
1202180 1549.8
1202190 1544.9
1202200 1544.9
1202210 1539.7
1202220 1534.0
1202230 1534.0
1202240 1528.2
1202250 1523.8
1202260 1523.8
1202270 1518.7
1202280 1511.0
1202290 1505.9
1202300 1505.9
1202310 1503.5
1202320 1500.2
1202330 1500.2
1202340 1493.9
1202350 1487.7
1202360 1487.7
1202370 1483.3
1202380 1479.9
1202390 1479.9
1202400 1475.7
1202410 1471.6
1202420 1471.6
1202430 1467.5
1202440 1461.6
1202450 1461.6
1202460 1455.9
1202470 1451.5
1202480 1451.5
1202490 1447.7
1202500 1444.0
1202510 1444.0
1202520 1440.6
1202530 1437.7
1202540 1441.0
1202550 1438.7
1202560 1436.4
1202570 1436.4
1202580 1432.6
1202590 1428.4
1202600 1424.1
1202610 1424.1
1202620 1419.6
1202630 1415.4
1202640 1415.4
1202650 1411.3
1202660 1408.4
1202670 1408.4
1202680 1404.8
1202690 1401.4
1202700 1401.4
1202710 1398.0
1202720 1394.7
1202730 1394.7
1202740 1390.9
1202750 1387.4
1202760 1387.4
1202770 1383.6
1202780 1380.2
1202790 1380.2
1202800 1377.0
1202810 1373.8
1202820 1373.8
1202830 1370.3
1202840 1366.8
1202850 1366.8
1202860 1363.3
1202870 1359.8
1202880 1356.6
1202890 1356.6
1202900 1353.7
1202910 1350.7
1202920 1350.7
1202930 1347.6
1202940 1343.9
1202950 1343.9
1202960 1340.2
1202970 1337.3
1202980 1337.3
1202990 1337.8
1203000 1334.5
1203010 1334.5
1203020 1331.1
1203030 1327.2
1203040 1327.2
1203050 1323.5
1203060 1320.0
1203070 1320.0
1203080 1316.4
1203090 1313.3
1203100 1313.3
1203110 1310.2
1203120 1307.2
1203130 1307.2
1203140 1303.8
1203150 1300.7
1203160 1300.7
1203170 1298.0
1203180 1295.5
1203190 1293.2
1203200 1293.2
1203210 1290.7
1203220 1288.6
1203230 1288.6
1203240 1286.6
1203250 1284.9
1203260 1284.9
1203270 1283.3
1203280 1281.9
1203290 1281.9
1203300 1280.5
1203310 1279.3
1203320 1279.3
1203330 1278.4
1203340 1277.3
1203350 1277.3
1203360 1276.0
1203370 1275.6
1203380 1275.6
1203390 1276.1
1203400 1276.6
1203410 1276.6
1203420 1276.7
1203430 1277.4
1203440 1277.1
1203450 1277.7
1203460 1278.4
1203470 1278.9
1203480 1278.9
1203490 1278.8
1203500 1278.4
1203510 1278.4
1203520 1278.5
1203530 1279.6
1203540 1279.6
1203550 1281.1
1203560 1281.5
1203570 1281.5
1203580 1281.8
1203590 1281.7
1203600 1281.7
1203610 1281.1
1203620 1280.1
1203630 1280.1
1203640 1279.2
1203650 1278.5
1203660 1278.5
1203670 1277.6
1203680 1277.1
1203690 1277.1
1203700 1276.2
1203710 1274.6
1203720 1274.6
1203730 1273.9
1203740 1273.1
1203750 1273.1
1203760 1271.2
1203770 1269.4
1203780 1267.5
1203790 1267.5
1203800 1266.5
1203810 1266.2
1203820 1266.2
1203830 1265.4
1203840 1264.3
1203850 1264.3
1203860 1263.1
1203870 1262.0
1203880 1262.0
1203890 1261.5
1203900 1255.1
1203910 1255.1
1203920 1254.2
1203930 1253.8
1203940 1253.8
1203950 1253.1
1203960 1252.0
1203970 1252.0
1203980 1251.4
1203990 1253.2
1204000 1253.2
1204010 1257.7
1204020 1263.1
1204030 1263.1
1204040 1264.1
1204050 1259.7
1204060 1254.7
1204070 1254.7
1204080 1251.1
1204090 1249.1
1204100 1249.1
1204110 1247.5
1204120 1246.1
1204130 1246.1
1204140 1245.1
1204150 1244.3
1204160 1244.3
1204170 1243.3
1204180 1241.8
1204190 1241.8
1204200 1240.5
1204210 1239.0
1204220 1239.0
1204230 1238.4
1204240 1237.9
1204250 1237.9
1204260 1236.8
1204270 1236.0
1204280 1236.0
1204290 1235.1
1204300 1233.2
1204310 1233.2
1204320 1230.8
1204330 1228.3
1204340 1228.3
1204350 1225.3
1204360 1221.6
1204370 1217.1
1204380 1217.1
1204390 1212.6
1204400 1208.3
1204410 1208.3
1204420 1204.0
1204430 1200.0
1204440 1200.0
1204450 1196.5
1204460 1193.9
1204470 1193.9
1204480 1191.7
1204490 1190.6
1204500 1190.6
1204510 1189.2
1204520 1187.9
1204530 1187.9
1204540 1186.9
1204550 1185.0
1204560 1185.0
1204570 1181.9
1204580 1177.3
1204590 1177.3
1204600 1173.0
1204610 1169.7
1204620 1169.7
1204630 1167.0
1204640 1164.1
1204650 1161.9
1204660 1161.9
1204670 1161.3
1204680 1161.1
1204690 1161.1
1204700 1160.4
1204710 1161.0
1204720 1161.0
1204730 1160.7
1204740 1160.4
1204750 1160.4
1204760 1160.1
1204770 1159.9
1204780 1159.9
1204790 1159.8
1204800 1159.8
1204810 1159.4
1204820 1159.4
1204830 1159.4
1204840 1159.4
1204850 1159.3
1204860 1159.3
1204870 1159.3
1204880 1159.2
1204890 1159.2
1204900 1159.2
1204910 1159.1
1204920 1159.1
1204930 1159.1
1204940 1159.1
1204950 1159.2
1204960 1159.7
1204970 1159.7
1204980 1162.5
1204990 1166.7
1205000 1166.7
1205010 1170.3
1205020 1172.9
1205030 1172.9
1205040 1174.8
1205050 1176.5
1205060 1176.5
1205070 1177.9
1205080 1178.9
1205090 1178.9
1205100 1179.9
1205110 1180.4
1205120 1180.4
1205130 1180.4
1205140 1180.8
1205150 1180.8
1205160 1181.1
1205170 1181.6
1205180 1181.6
1205190 1182.3
1205200 1183.2
1205210 1183.2
1205220 1184.1
1205230 1185.0
1205240 1186.1
1205250 1186.1
1205260 1189.4
1205270 1190.5
1205280 1190.5
1205290 1190.8
1205300 1192.6
1205310 1192.6
1205320 1193.5
1205330 1195.2
1205340 1195.2
1205350 1196.5
1205360 1197.7
1205370 1197.7
1205380 1198.8
1205390 1201.0
1205400 1201.0
1205410 1202.9
1205420 1202.5
1205430 1202.5
1205440 1202.5
1205450 1203.4
1205460 1203.4
1205470 1202.9
1205480 1201.6
1205490 1201.6
1205500 1202.0
1205510 1201.9
1205520 1204.8
1205530 1204.8
1205540 1205.7
1205550 1207.2
1205560 1207.2
1205570 1208.2
1205580 1207.1
1205590 1207.1
1205600 1205.2
1205610 1205.6
1205620 1205.6
1205630 1208.1
1205640 1211.0
1205650 1211.0
1205660 1212.3
1205670 1211.7
1205680 1211.7
1205690 1210.3
1205700 1209.8
1205710 1209.8
1205720 1213.2
1205730 1213.6
1205740 1213.6
1205750 1215.4
1205760 1217.3
1205770 1217.3
1205780 1220.2
1205790 1224.9
1205800 1224.9
1205810 1230.7
1205820 1238.1
1205830 1245.4
1205840 1245.4
1205850 1251.7
1205860 1256.3
1205870 1256.3
1205880 1257.6
1205890 1258.4
1205900 1258.4
1205910 1259.6
1205920 1258.8
1205930 1258.8
1205940 1257.5
1205950 1257.9
1205960 1257.9
1205970 1257.1
1205980 1256.5
1205990 1256.5
1206000 1256.2
1206010 1257.7
1206020 1257.7
1206030 1259.4
1206040 1261.4
1206050 1261.4
1206060 1261.0
1206070 1259.5
1206080 1259.5
1206090 1259.9
1206100 1259.9
1206110 1261.1
1206120 1261.1
1206130 1262.0
1206140 1264.0
1206150 1264.0
1206160 1265.8
1206170 1264.0
1206180 1265.9
1206190 1263.5
1206200 1263.7
1206210 1263.7
1206220 1263.0
1206230 1263.8
1206240 1263.8
1206250 1268.5
1206260 1269.2
1206270 1269.2
1206280 1270.2
1206290 1273.4
1206300 1273.4
1206310 1274.7
1206320 1273.2
1206330 1273.2
1206340 1270.7
1206350 1268.6
1206360 1268.6
1206370 1265.8
1206380 1264.8
1206390 1264.8
1206400 1266.8
1206410 1268.6
1206420 1272.4
1206430 1272.4
1206440 1271.5
1206450 1267.9
1206460 1267.9
1206470 1268.8
1206480 1269.9
1206490 1269.9
1206500 1268.3
1206510 1272.5
1206520 1272.5
1206530 1279.8
1206540 1285.6
1206550 1285.6
1206560 1292.1
1206570 1296.5
1206580 1296.5
1206590 1299.9
1206600 1305.0
1206610 1305.0
1206620 1309.4
1206630 1310.6
1206640 1307.9
1206650 1308.2
1206660 1312.3
1206670 1312.3
1206680 1314.6
1206690 1314.6
1206700 1314.5
1206710 1314.5
1206720 1315.6
1206730 1315.5
1206740 1315.5
1206750 1317.4
1206760 1321.6
1206770 1321.6
1206780 1324.6
1206790 1325.0
1206800 1325.0
1206810 1323.7
1206820 1322.4
1206830 1322.4
1206840 1320.1
1206850 1315.3
1206860 1315.3
1206870 1311.4
1206880 1308.5
1206890 1308.5
1206900 1305.7
1206910 1303.9
1206920 1303.9
1206930 1301.7
1206940 1298.5
1206950 1298.5
1206960 1296.9
1206970 1294.5
1206980 1288.0
1206990 1288.0
1207000 1280.7
1207010 1276.7
1207020 1276.7
1207030 1275.3
1207040 1275.5
1207050 1275.5
1207060 1277.5
1207070 1272.3
1207080 1272.3
1207090 1268.3
1207100 1262.4
1207110 1262.4
1207120 1256.9
1207130 1251.7
1207140 1251.7
1207150 1247.3
1207160 1244.3
1207170 1244.3
1207180 1242.8
1207190 1241.3
1207200 1241.3
1207210 1239.1
1207220 1234.6
1207230 1234.6
1207240 1226.6
1207250 1218.9
1207260 1218.9
1207270 1211.8
1207280 1204.7
1207290 1197.9
1207300 1197.9
1207310 1191.1
1207320 1184.2
1207330 1184.2
1207340 1180.7
1207350 1175.1
1207360 1175.1
1207370 1168.1
1207380 1162.0
1207390 1162.0
1207400 1156.6
1207410 1151.2
1207420 1151.2
1207430 1146.4
1207440 1141.8
1207450 1141.8
1207460 1137.1
1207470 1132.4
1207480 1132.4
1207490 1127.9
1207500 1122.3
1207510 1122.3
1207520 1116.5
1207530 1111.4
1207540 1111.4
1207550 1113.0
1207560 1108.2
1207570 1103.0
1207580 1103.0
1207590 1098.6
1207600 1095.2
1207610 1095.2
1207620 1093.5
1207630 1093.1
1207640 1093.1
1207650 1093.1
1207660 1093.1
1207670 1093.1
1207680 1093.1
1207690 1093.1
1207700 1093.1
1207710 1094.0
1207720 1096.6
1207730 1096.6
1207740 1099.7
1207750 1101.6
1207760 1101.6
1207770 1103.3
1207780 1104.8
1207790 1104.8
1207800 1104.2
1207810 1102.8
1207820 1102.8
1207830 1102.1
1207840 1101.3
1207850 1101.3
1207860 1099.7
1207870 1096.7
1207880 1093.9
1207890 1093.9
1207900 1093.1
1207910 1093.1
1207920 1093.1
1207930 1093.1
1207940 1093.1
1207950 1093.1
1207960 1093.1
1207970 1093.1
1207980 1093.1
1207990 1093.1
1208000 1093.1
1208010 1093.1
1208020 1093.1
1208030 1093.1
1208040 1093.1
1208050 1093.1
1208060 1093.1
1208070 1093.1
1208080 1093.1
1208090 1093.1
1208100 1093.1
1208110 1093.1
1208120 1093.1
1208130 1093.1
1208140 1093.3
1208150 1095.1
1208160 1099.5
1208170 1099.5
1208180 1105.0
1208190 1110.8
1208200 1110.8
1208210 1116.3
1208220 1121.9
1208230 1121.9
1208240 1127.2
1208250 1131.9
1208260 1131.9
1208270 1136.8
1208280 1141.9
1208290 1141.9
1208300 1146.9
1208310 1149.8
1208320 1149.8
1208330 1150.9
1208340 1152.8
1208350 1152.8
1208360 1156.1
1208370 1159.2
1208380 1159.2
1208390 1162.4
1208400 1165.2
1208410 1165.2
1208420 1167.4
1208430 1167.9
1208440 1167.9
1208450 1167.9
1208460 1168.0
1208470 1167.5
1208480 1170.0
1208490 1172.5
1208500 1173.1
1208510 1173.1
1208520 1174.6
1208530 1177.5
1208540 1177.5
1208550 1178.5
1208560 1178.6
1208570 1178.6
1208580 1177.5
1208590 1176.8
1208600 1176.8
1208610 1176.3
1208620 1175.7
1208630 1175.7
1208640 1176.0
1208650 1178.3
1208660 1178.3
1208670 1181.2
1208680 1182.6
1208690 1182.6
1208700 1183.6
1208710 1182.9
1208720 1182.9
1208730 1183.4
1208740 1185.1
1208750 1185.2
1208760 1185.2
1208770 1185.6
1208780 1185.6
1208790 1185.6
1208800 1184.4
1208810 1183.1
1208820 1183.1
1208830 1181.6
1208840 1178.9
1208850 1178.9
1208860 1177.3
1208870 1175.7
1208880 1175.7
1208890 1175.5
1208900 1175.6
1208910 1175.6
1208920 1174.8
1208930 1174.6
1208940 1174.9
1208950 1174.8
1208960 1174.6
1208970 1174.6
1208980 1174.4
1208990 1174.0
1209000 1174.0
1209010 1172.9
1209020 1171.1
1209030 1171.1
1209040 1169.1
1209050 1167.6
1209060 1166.6
1209070 1166.6
1209080 1164.6
1209090 1161.9
1209100 1161.9
1209110 1159.5
1209120 1157.9
1209130 1157.9
1209140 1156.9
1209150 1155.2
1209160 1155.2
1209170 1151.9
1209180 1149.5
1209190 1149.5
1209200 1148.0
1209210 1146.1
1209220 1146.1
1209230 1145.8
1209240 1147.9
1209250 1147.9
1209260 1149.4
1209270 1148.3
1209280 1148.3
1209290 1144.0
1209300 1141.0
1209310 1141.0
1209320 1138.0
1209330 1137.7
1209340 1142.9
1209350 1142.9
1209360 1144.2
1209370 1141.9
1209380 1141.9
1209390 1137.3
1209400 1134.6
1209410 1134.6
1209420 1129.6
1209430 1126.8
1209440 1126.8
1209450 1125.4
1209460 1124.8
1209470 1124.8
1209480 1125.0
1209490 1124.9
1209500 1124.9
1209510 1126.8
1209520 1126.5
1209530 1126.5
1209540 1125.2
1209550 1125.5
1209560 1125.5
1209570 1125.6
1209580 1126.0
1209590 1126.0
1209600 1127.1
1209610 1127.6
1209620 1126.6
1209630 1126.6
1209640 1127.8
1209650 1130.6
1209660 1130.6
1209670 1133.0
1209680 1135.2
1209690 1135.2
1209700 1137.3
1209710 1136.5
1209720 1136.5
1209730 1131.9
1209740 1128.4
1209750 1128.4
1209760 1124.6
1209770 1122.3
1209780 1122.3
1209790 1125.3
1209800 1129.1
1209810 1129.1
1209820 1133.8
1209830 1139.8
1209840 1139.8
1209850 1145.2
1209860 1150.9
1209870 1155.9
1209880 1162.0
1209890 1169.9
1209900 1169.9
1209910 1179.8
1209920 1189.7
1209930 1193.5
1209940 1193.5
1209950 1197.7
1209960 1202.3
1209970 1202.3
1209980 1207.9
1209990 1213.8
1210000 1213.8
1210010 1220.1
1210020 1226.7
1210030 1226.7
1210040 1234.4
1210050 1243.1
1210060 1243.1
1210070 1251.8
1210080 1260.7
1210090 1260.7
1210100 1268.9
1210110 1273.0
1210120 1273.0
1210130 1272.6
1210140 1272.5
1210150 1272.5
1210160 1272.1
1210170 1271.4
1210180 1271.4
1210190 1271.5
1210200 1271.3
1210210 1271.4
1210220 1271.4
1210230 1271.8
1210240 1272.8
1210250 1272.8
1210260 1274.8
1210270 1276.9
1210280 1276.9
1210290 1279.0
1210300 1282.0
1210310 1282.0
1210320 1285.2
1210330 1293.3
1210340 1293.3
1210350 1296.3
1210360 1298.4
1210370 1298.4
1210380 1300.5
1210390 1302.0
1210400 1302.0
1210410 1303.7
1210420 1306.2
1210430 1306.2
1210440 1308.0
1210450 1308.8
1210460 1308.8
1210470 1307.5
1210480 1304.8
1210490 1304.8
1210500 1301.4
1210510 1297.5
1210520 1293.8
1210530 1293.8
1210540 1287.9
1210550 1280.3
1210560 1280.3
1210570 1273.6
1210580 1267.7
1210590 1267.7
1210600 1262.5
1210610 1258.2
1210620 1258.2
1210630 1254.3
1210640 1249.6
1210650 1249.6
1210660 1242.6
1210670 1234.4
1210680 1234.4
1210690 1230.7
1210700 1229.5
1210710 1229.5
1210720 1225.0
1210730 1223.9
1210740 1223.9
1210750 1224.5
1210760 1226.5
1210770 1226.5
1210780 1233.3
1210790 1241.0
1210800 1248.4
1210810 1248.4
1210820 1255.5
1210830 1262.4
1210840 1262.4
1210850 1269.5
1210860 1276.8
1210870 1276.8
1210880 1281.6
1210890 1280.9
1210900 1280.9
1210910 1277.5
1210920 1277.8
1210930 1277.8
1210940 1278.4
1210950 1278.9
1210960 1278.9
1210970 1280.5
1210980 1281.9
1210990 1281.9
1211000 1280.8
1211010 1281.6
1211020 1281.6
1211030 1283.8
1211040 1285.5
1211050 1285.5
1211060 1285.1
1211070 1281.1
1211080 1281.1
1211090 1276.1
1211100 1272.1
1211110 1269.7
1211120 1269.7
1211130 1269.3
1211140 1270.2
1211150 1270.2
1211160 1271.5
1211170 1273.6
1211180 1273.6
1211190 1278.0
1211200 1284.3
1211210 1284.3
1211220 1290.0
1211230 1294.3
1211240 1294.3
1211250 1298.6
1211260 1306.8
1211270 1306.8
1211280 1309.0
1211290 1310.6
1211300 1310.6
1211310 1313.3
1211320 1316.6
1211330 1316.6
1211340 1318.2
1211350 1318.6
1211360 1318.6
1211370 1318.4
1211380 1318.2
1211390 1317.4
1211400 1317.4
1211410 1315.5
1211420 1314.1
1211430 1314.1
1211440 1313.0
1211450 1311.8
1211460 1311.8
1211470 1311.2
1211480 1311.4
1211490 1311.4
1211500 1311.0
1211510 1310.4
1211520 1310.4
1211530 1310.3
1211540 1310.7
1211550 1310.7
1211560 1311.2
1211570 1312.2
1211580 1312.2
1211590 1313.0
1211600 1313.8
1211610 1313.8
1211620 1314.8
1211630 1315.3
1211640 1315.3
1211650 1315.7
1211660 1315.8
1211670 1316.0
1211680 1316.0
1211690 1315.7
1211700 1314.9
1211710 1314.9
1211720 1315.5
1211730 1323.3
1211740 1323.3
1211750 1325.1
1211760 1326.5
1211770 1326.5
1211780 1327.4
1211790 1328.2
1211800 1328.2
1211810 1328.5
1211820 1328.5
1211830 1328.5
1211840 1328.7
1211850 1329.4
1211860 1329.4
1211870 1330.8
1211880 1330.8
1211890 1330.8
1211900 1330.8
1211910 1330.9
1211920 1330.9
1211930 1330.8
1211940 1330.5
1211950 1330.5
1211960 1331.9
1211970 1333.7
1211980 1335.4
1211990 1335.4
1212000 1334.9
1212010 1331.9
1212020 1331.9
1212030 1328.3
1212040 1328.3
1212050 1328.3
1212060 1330.0
1212070 1333.1
1212080 1333.1
1212090 1336.6
1212100 1339.4
1212110 1339.4
1212120 1342.0
1212130 1342.1
1212140 1342.1
1212150 1340.2
1212160 1337.9
1212170 1337.9
1212180 1335.7
1212190 1333.6
1212200 1339.1
1212210 1337.5
1212220 1335.8
1212230 1335.8
1212240 1334.3
1212250 1334.6
1212260 1335.7
1212270 1335.7
1212280 1337.3
1212290 1339.1
1212300 1339.1
1212310 1341.9
1212320 1343.9
1212330 1343.9
1212340 1345.4
1212350 1348.3
1212360 1348.3
1212370 1351.5
1212380 1354.9
1212390 1354.9
1212400 1358.0
1212410 1359.8
1212420 1359.8
1212430 1360.5
1212440 1361.2
1212450 1361.2
1212460 1362.1
1212470 1364.9
1212480 1364.9
1212490 1369.8
1212500 1369.9
1212510 1369.9
1212520 1367.7
1212530 1367.7
1212540 1367.7
1212550 1369.1
1212560 1368.9
1212570 1369.7
1212580 1369.7
1212590 1370.8
1212600 1371.9
1212610 1371.9
1212620 1372.9
1212630 1373.7
1212640 1373.7
1212650 1374.8
1212660 1376.2
1212670 1379.0
1212680 1380.2
1212690 1381.7
1212700 1381.7
1212710 1383.9
1212720 1386.3
1212730 1386.3
1212740 1388.0
1212750 1390.3
1212760 1390.3
1212770 1393.4
1212780 1396.2
1212790 1396.2
1212800 1398.4
1212810 1400.5
1212820 1400.5
1212830 1403.7
1212840 1406.0
1212850 1407.6
1212860 1407.6
1212870 1409.7
1212880 1410.4
1212890 1410.4
1212900 1412.9
1212910 1415.4
1212920 1415.4
1212930 1418.4
1212940 1421.3
1212950 1421.3
1212960 1423.2
1212970 1425.0
1212980 1425.0
1212990 1427.3
1213000 1429.7
1213010 1429.7
1213020 1432.1
1213030 1434.8
1213040 1434.8
1213050 1437.6
1213060 1440.0
1213070 1440.0
1213080 1442.1
1213090 1445.2
1213100 1445.2
1213110 1447.3
1213120 1449.0
1213130 1449.0
1213140 1452.4
1213150 1453.6
1213160 1457.6
1213170 1457.6
1213180 1463.4
1213190 1469.6
1213200 1469.6
1213210 1476.1
1213220 1482.7
1213230 1482.7
1213240 1489.7
1213250 1496.6
1213260 1496.6
1213270 1503.6
1213280 1511.2
1213290 1511.2
1213300 1519.5
1213310 1531.8
1213320 1531.8
1213330 1541.2
1213340 1544.1
1213350 1544.1
1213360 1547.9
1213370 1553.6
1213380 1553.6
1213390 1559.0
1213400 1565.0
1213410 1565.0
1213420 1576.1
1213430 1585.7
1213440 1593.3
1213450 1593.3
1213460 1602.5
1213470 1601.2
1213480 1601.2
1213490 1600.8
1213500 1606.7
1213510 1606.7
1213520 1614.2
1213530 1621.5
1213540 1621.5
1213550 1628.9
1213560 1637.9
1213570 1637.9
1213580 1648.9
1213590 1658.5
1213600 1658.5
1213610 1661.1
1213620 1662.8
1213630 1662.8
1213640 1663.4
1213650 1664.3
1213660 1664.3
1213670 1665.9
1213680 1666.3
1213690 1666.3
1213700 1666.2
1213710 1665.1
1213720 1666.5
1213730 1666.5
1213740 1671.8
1213750 1679.0
1213760 1679.0
1213770 1686.6
1213780 1694.5
1213790 1694.5
1213800 1703.4
1213810 1712.1
1213820 1712.1
1213830 1721.1
1213840 1727.9
1213850 1727.9
1213860 1732.3
1213870 1735.0
1213880 1735.0
1213890 1737.8
1213900 1739.4
1213910 1739.4
1213920 1744.2
1213930 1750.2
1213940 1750.2
1213950 1753.3
1213960 1757.2
1213970 1757.2
1213980 1760.6
1213990 1762.9
1214000 1762.9
1214010 1764.6
1214020 1765.1
1214030 1765.3
1214040 1765.3
1214050 1765.8
1214060 1766.0
1214070 1766.0
1214080 1770.6
1214090 1773.1
1214100 1773.1
1214110 1777.1
1214120 1781.8
1214130 1781.8
1214140 1786.0
1214150 1789.9
1214160 1789.9
1214170 1794.2
1214180 1798.1
1214190 1798.1
1214200 1802.1
1214210 1806.7
1214220 1806.7
1214230 1810.7
1214240 1814.7
1214250 1814.7
1214260 1818.3
1214270 1822.3
1214280 1822.3
1214290 1826.1
1214300 1830.1
1214310 1834.3
1214320 1834.3
1214330 1839.5
1214340 1845.8
1214350 1845.8
1214360 1851.9
1214370 1857.8
1214380 1857.8
1214390 1863.4
1214400 1869.0
1214410 1869.0
1214420 1873.7
1214430 1877.6
1214440 1877.6
1214450 1887.4
1214460 1909.9
1214470 1909.9
1214480 1922.2
1214490 1940.1
1214500 1940.1
1214510 1973.2
1214520 1997.6
1214530 1997.6
1214540 2012.4
1214550 2026.2
1214560 2026.2
1214570 2050.1
1214580 2077.2
1214590 2077.2
1214600 2093.8
1214610 2102.3
1214620 2112.6
1214630 2112.6
1214640 2107.6
1214650 2089.7
1214660 2089.7
1214670 2098.3
1214680 2126.3
1214690 2126.3
1214700 2154.8
1214710 2179.1
1214720 2179.1
1214730 2198.4
1214740 2205.0
1214750 2205.0
1214760 2200.4
1214770 2197.4
1214780 2197.4
1214790 2196.7
1214800 2200.6
1214810 2200.6
1214820 2203.9
1214830 2207.3
1214840 2207.3
1214850 2218.3
1214860 2225.8
1214870 2225.8
1214880 2219.0
1214890 2211.8
1214900 2204.1
1214910 2204.1
1214920 2218.1
1214930 2238.7
1214940 2238.7
1214950 2252.5
1214960 2274.2
1214970 2274.2
1214980 2288.8
1214990 2305.0
1215000 2305.0
1215010 2316.6
1215020 2304.1
1215030 2304.1
1215040 2282.8
1215050 2265.5
1215060 2265.5
1215070 2236.0
1215080 2221.9
1215090 2221.9
1215100 2216.4
1215110 2211.2
1215120 2211.2
1215130 2205.9
1215140 2198.3
1215150 2198.3
1215160 2176.5
1215170 2152.9
1215180 2152.9
1215190 2149.8
1215200 2147.7
1215210 2145.4
1215220 2145.4
1215230 2143.3
1215240 2141.4
1215250 2141.4
1215260 2139.7
1215270 2137.4
1215280 2137.4
1215290 2135.0
1215300 2132.7
1215310 2132.7
1215320 2130.3
1215330 2129.0
1215340 2129.0
1215350 2129.4
1215360 2130.4
1215370 2130.4
1215380 2130.7
1215390 2130.3
1215400 2130.3
1215410 2128.7
1215420 2120.2
1215430 2120.2
1215440 2105.8
1215450 2095.3
1215460 2095.3
1215470 2090.7
1215480 2085.9
1215490 2080.9
1215500 2086.1
1215510 2081.9
1215520 2078.8
1215530 2078.8
1215540 2077.1
1215550 2076.5
1215560 2076.5
1215570 2076.2
1215580 2076.3
1215590 2076.3
1215600 2075.8
1215610 2070.5
1215620 2070.5
1215630 2062.4
1215640 2054.8
1215650 2054.8
1215660 2047.8
1215670 2040.9
1215680 2040.9
1215690 2033.9
1215700 2027.5
1215710 2027.5
1215720 2021.9
1215730 2017.1
1215740 2017.1
1215750 2013.3
1215760 2010.6
1215770 2009.8
1215780 2009.8
1215790 2010.7
1215800 2011.7
1215810 2011.7
1215820 2012.2
1215830 2011.6
1215840 2011.6
1215850 2010.7
1215860 2010.5
1215870 2010.5
1215880 2011.8
1215890 2014.1
1215900 2014.1
1215910 2017.4
1215920 2021.8
1215930 2021.8
1215940 2026.7
1215950 2030.4
1215960 2030.4
1215970 2040.7
1215980 2044.7
1215990 2044.7
1216000 2044.5
1216010 2043.0
1216020 2043.0
1216030 2042.4
1216040 2043.3
1216050 2043.3
1216060 2045.8
1216070 2048.2
1216080 2047.9
1216090 2047.9
1216100 2047.0
1216110 2045.8
1216120 2045.8
1216130 2042.1
1216140 2037.6
1216150 2037.6
1216160 2033.9
1216170 2032.7
1216180 2032.7
1216190 2032.5
1216200 2031.1
1216210 2031.1
1216220 2028.1
1216230 2024.6
1216240 2024.6
1216250 2021.3
1216260 2019.1
1216270 2019.1
1216280 2018.8
1216290 2019.2
1216300 2019.2
1216310 2020.0
1216320 2021.6
1216330 2021.6
1216340 2022.8
1216350 2021.5
1216360 2024.1
1216370 2024.1
1216380 2038.8
1216390 2051.7
1216400 2051.7
1216410 2072.9
1216420 2074.6
1216430 2074.6
1216440 2082.9
1216450 2082.0
1216460 2082.0
1216470 2081.0
1216480 2091.8
1216490 2091.8
1216500 2079.7
1216510 2066.8
1216520 2066.8
1216530 2062.4
1216540 2059.2
1216550 2059.2
1216560 2052.7
1216570 2046.4
1216580 2046.4
1216590 2041.6
1216600 2037.0
1216610 2037.0
1216620 2033.8
1216630 2031.6
1216640 2031.6
1216650 2029.4
1216660 2025.2
1216670 2019.9
1216680 2019.9
1216690 2011.6
1216700 2003.2
1216710 2003.2
1216720 1997.4
1216730 1991.9
1216740 1991.9
1216750 1985.0
1216760 1975.4
1216770 1975.4
1216780 1967.9
1216790 1961.4
1216800 1961.4
1216810 1955.1
1216820 1949.3
1216830 1949.3
1216840 1944.9
1216850 1941.8
1216860 1941.8
1216870 1939.1
1216880 1935.4
1216890 1935.4
1216900 1934.1
1216910 1935.5
1216920 1931.0
1216930 1930.5
1216940 1929.1
1216950 1928.7
1216960 1928.7
1216970 1927.2
1216980 1926.0
1216990 1926.0
1217000 1924.8
1217010 1922.5
1217020 1922.5
1217030 1920.5
1217040 1921.0
1217050 1921.0
1217060 1918.9
1217070 1914.7
1217080 1914.7
1217090 1912.1
1217100 1910.2
1217110 1910.2
1217120 1908.5
1217130 1902.9
1217140 1902.9
1217150 1898.3
1217160 1897.5
1217170 1897.5
1217180 1896.3
1217190 1894.6
1217200 1894.6
1217210 1893.4
1217220 1893.1
1217230 1893.1
1217240 1891.0
1217250 1887.0
1217260 1884.6
1217270 1884.6
1217280 1882.3
1217290 1881.5
1217300 1881.5
1217310 1880.8
1217320 1881.1
1217330 1881.1
1217340 1881.2
1217350 1881.6
1217360 1881.6
1217370 1883.8
1217380 1888.6
1217390 1888.6
1217400 1891.5
1217410 1894.9
1217420 1894.9
1217430 1896.8
1217440 1900.3
1217450 1900.3
1217460 1903.6
1217470 1907.3
1217480 1907.3
1217490 1913.1
1217500 1920.3
1217510 1920.3
1217520 1926.5
1217530 1932.5
1217540 1940.1
1217550 1940.1
1217560 1949.0
1217570 1960.5
1217580 1960.5
1217590 1967.7
1217600 1972.3
1217610 1972.3
1217620 1973.1
1217630 1970.7
1217640 1970.7
1217650 1967.3
1217660 1963.6
1217670 1963.6
1217680 1959.5
1217690 1955.2
1217700 1955.2
1217710 1952.7
1217720 1951.2
1217730 1951.2
1217740 1949.7
1217750 1949.0
1217760 1949.0
1217770 1948.5
1217780 1948.7
1217790 1948.7
1217800 1947.3
1217810 1947.4
1217820 1950.7
1217830 1950.7
1217840 1954.7
1217850 1958.6
1217860 1958.6
1217870 1962.8
1217880 1973.2
1217890 1973.2
1217900 1975.6
1217910 1978.2
1217920 1978.2
1217930 1981.9
1217940 1986.9
1217950 1986.9
1217960 1994.6
1217970 2003.4
1217980 2003.4
1217990 2008.9
1218000 2012.8
1218010 2012.8
1218020 2019.5
1218030 2024.2
1218040 2024.2
1218050 2029.3
1218060 2034.2
1218070 2034.2
1218080 2038.9
1218090 2043.3
1218100 2043.3
1218110 2047.4
1218120 2051.9
1218130 2056.9
1218140 2056.9
1218150 2063.0
1218160 2070.0
1218170 2070.0
1218180 2077.6
1218190 2085.5
1218200 2085.5
1218210 2096.6
1218220 2108.0
1218230 2108.0
1218240 2112.9
1218250 2118.4
1218260 2118.4
1218270 2124.8
1218280 2135.1
1218290 2135.1
1218300 2142.6
1218310 2150.8
1218320 2150.8
1218330 2160.0
1218340 2167.3
1218350 2158.8
1218360 2164.8
1218370 2170.0
1218380 2170.0
1218390 2178.0
1218400 2185.6
1218410 2193.6
1218420 2193.6
1218430 2200.9
1218440 2207.3
1218450 2207.3
1218460 2213.0
1218470 2219.8
1218480 2219.8
1218490 2227.2
1218500 2236.0
1218510 2236.0
1218520 2244.2
1218530 2251.6
1218540 2251.6
1218550 2257.4
1218560 2263.7
1218570 2263.7
1218580 2283.7
1218590 2307.5
1218600 2307.5
1218610 2318.4
1218620 2320.5
1218630 2320.5
1218640 2316.2
1218650 2312.9
1218660 2312.9
1218670 2310.7
1218680 2308.1
1218690 2308.1
1218700 2304.9
1218710 2305.0
1218720 2311.3
1218730 2311.3
1218740 2319.8
1218750 2328.8
1218760 2328.8
1218770 2337.8
1218780 2346.4
1218790 2346.4
1218800 2353.9
1218810 2353.8
1218820 2353.8
1218830 2343.5
1218840 2337.6
1218850 2337.6
1218860 2331.2
1218870 2321.9
1218880 2321.9
1218890 2302.1
1218900 2291.3
1218910 2291.3
1218920 2285.5
1218930 2279.8
1218940 2279.8
1218950 2274.2
1218960 2269.5
1218970 2269.5
1218980 2262.6
1218990 2257.3
1219000 2258.4
1219010 2258.4
1219020 2260.0
1219030 2249.5
1219040 2249.5
1219050 2238.6
1219060 2231.2
1219070 2231.2
1219080 2225.3
1219090 2221.4
1219100 2221.4
1219110 2216.0
1219120 2207.4
1219130 2207.4
1219140 2195.6
1219150 2185.4
1219160 2185.4
1219170 2178.9
1219180 2173.3
1219190 2173.3
1219200 2168.5
1219210 2164.2
1219220 2164.2
1219230 2156.9
1219240 2151.5
1219250 2151.5
1219260 2146.4
1219270 2141.3
1219280 2136.5
1219290 2136.5
1219300 2132.0
1219310 2126.4
1219320 2126.4
1219330 2122.5
1219340 2118.9
1219350 2118.9
1219360 2115.1
1219370 2111.3
1219380 2111.3
1219390 2107.6
1219400 2104.2
1219410 2104.2
1219420 2101.1
1219430 2098.0
1219440 2098.0
1219450 2095.1
1219460 2092.6
1219470 2092.6
1219480 2090.0
1219490 2087.3
1219500 2087.3
1219510 2084.8
1219520 2083.0
1219530 2083.0
1219540 2081.8
1219550 2081.0
1219560 2081.0
1219570 2079.8
1219580 2078.1
1219590 2076.5
1219600 2076.5
1219610 2076.0
1219620 2076.9
1219630 2076.9
1219640 2077.9
1219650 2077.7
1219660 2077.7
1219670 2075.8
1219680 2073.5
1219690 2073.5
1219700 2071.5
1219710 2070.4
1219720 2070.4
1219730 2070.2
1219740 2069.0
1219750 2069.0
1219760 2067.0
1219770 2064.5
1219780 2064.5
1219790 2067.9
1219800 2067.5
1219810 2067.5
1219820 2065.1
1219830 2062.0
1219840 2062.0
1219850 2057.8
1219860 2052.8
1219870 2056.6
1219880 2056.6
1219890 2060.5
1219900 2059.5
1219910 2059.5
1219920 2055.9
1219930 2052.1
1219940 2052.1
1219950 2048.4
1219960 2046.0
1219970 2046.0
1219980 2045.0
1219990 2044.3
