1200000 2250.7
1200010 2244.3
1200020 2244.3
1200030 2237.6
1200040 2231.1
1200050 2231.1
1200060 2225.1
1200070 2219.2
1200080 2219.2
1200090 2212.6
1200100 2206.7
1200110 2206.7
1200120 2200.9
1200130 2194.8
1200140 2194.8
1200150 2188.9
1200160 2183.0
1200170 2183.0
1200180 2177.1
1200190 2171.1
1200200 2165.2
1200210 2165.2
1200220 2159.6
1200230 2154.0
1200240 2154.0
1200250 2148.8
1200260 2143.4
1200270 2143.4
1200280 2138.5
1200290 2131.6
1200300 2131.6
1200310 2125.3
1200320 2119.0
1200330 2119.0
1200340 2113.1
1200350 2108.0
1200360 2108.0
1200370 2103.3
1200380 2099.4
1200390 2099.4
1200400 2095.6
1200410 2092.6
1200420 2092.6
1200430 2091.0
1200440 2091.5
1200450 2091.5
1200460 2090.9
1200470 2088.9
1200480 2088.9
1200490 2087.6
1200500 2085.4
1200510 2081.9
1200520 2081.9
1200530 2078.5
1200540 2074.2
1200550 2074.2
1200560 2070.4
1200570 2067.3
1200580 2067.3
1200590 2064.8
1200600 2059.7
1200610 2059.7
1200620 2055.1
1200630 2051.9
1200640 2051.9
1200650 2048.0
1200660 2043.0
1200670 2043.0
1200680 2038.0
1200690 2032.9
1200700 2032.9
1200710 2027.0
1200720 2021.7
1200730 2021.7
1200740 2016.0
1200750 2010.9
1200760 2010.9
1200770 2008.6
1200780 2008.7
1200790 2009.7
1200800 2009.7
1200810 2010.8
1200820 2011.1
1200830 2006.1
1200840 2005.0
1200850 2001.5
1200860 2001.5
1200870 1998.0
1200880 1994.8
1200890 1994.8
1200900 1992.9
1200910 1991.8
1200920 1991.8
1200930 1989.6
1200940 1987.3
1200950 1987.3
1200960 1985.3
1200970 1982.9
1200980 1982.9
1200990 1980.2
1201000 1977.8
1201010 1977.8
1201020 1977.1
1201030 1975.7
1201040 1975.7
1201050 1975.0
1201060 1970.8
1201070 1970.8
1201080 1965.7
1201090 1961.8
1201100 1960.4
1201110 1960.4
1201120 1960.3
1201130 1958.7
1201140 1958.7
1201150 1957.8
1201160 1955.7
1201170 1955.7
1201180 1955.0
1201190 1953.6
1201200 1953.6
1201210 1952.4
1201220 1951.7
1201230 1951.7
1201240 1949.7
1201250 1947.5
1201260 1947.5
1201270 1943.4
1201280 1935.7
1201290 1935.7
1201300 1929.2
1201310 1923.2
1201320 1923.2
1201330 1918.3
1201340 1915.1
1201350 1915.1
1201360 1916.8
1201370 1918.7
1201380 1918.1
1201390 1918.1
1201400 1914.3
1201410 1906.6
1201420 1906.6
1201430 1899.6
1201440 1892.6
1201450 1892.6
1201460 1885.5
1201470 1878.8
1201480 1878.8
1201490 1872.1
1201500 1865.0
1201510 1865.0
1201520 1858.1
1201530 1851.5
1201540 1851.5
1201550 1843.6
1201560 1830.7
1201570 1830.7
1201580 1819.4
1201590 1811.2
1201600 1811.2
1201610 1802.7
1201620 1794.0
1201630 1794.0
1201640 1786.4
1201650 1779.3
1201660 1779.3
1201670 1771.3
1201680 1762.5
1201690 1754.1
1201700 1754.1
1201710 1745.3
1201720 1736.9
1201730 1740.3
1201740 1730.3
1201750 1721.8
1201760 1721.8
1201770 1713.4
1201780 1708.6
1201790 1708.6
1201800 1705.8
1201810 1702.5
1201820 1702.5
1201830 1700.0
1201840 1695.5
1201850 1695.5
1201860 1689.9
1201870 1683.6
1201880 1683.6
1201890 1677.3
1201900 1671.0
1201910 1671.0
1201920 1665.2
1201930 1659.7
1201940 1659.7
1201950 1654.6
1201960 1649.4
1201970 1644.4
1201980 1644.4
1201990 1638.9
1202000 1633.4
1202010 1633.4
1202020 1627.9
1202030 1622.1
1202040 1622.1
1202050 1616.5
1202060 1611.5
1202070 1611.5
1202080 1607.4
1202090 1601.8
1202100 1601.8
1202110 1595.2
1202120 1592.2
1202130 1592.2
1202140 1590.4
1202150 1586.3
1202160 1586.3
1202170 1582.1
1202180 1581.7
1202190 1581.7
1202200 1580.6
1202210 1579.9
1202220 1579.9
1202230 1577.3
1202240 1573.3
1202250 1568.9
1202260 1568.9
1202270 1564.1
1202280 1559.9
1202290 1559.9
1202300 1555.2
1202310 1550.2
1202320 1550.2
1202330 1545.5
1202340 1540.3
1202350 1540.3
1202360 1535.5
1202370 1530.1
1202380 1530.1
1202390 1524.9
1202400 1519.3
1202410 1519.3
1202420 1514.0
1202430 1508.7
1202440 1508.7
1202450 1503.5
1202460 1498.5
1202470 1498.5
1202480 1494.1
1202490 1490.1
1202500 1490.1
1202510 1485.7
1202520 1481.3
1202530 1481.3
1202540 1476.5
1202550 1471.9
1202560 1467.8
1202570 1467.8
1202580 1463.8
1202590 1459.4
1202600 1459.4
1202610 1454.8
1202620 1449.9
1202630 1453.0
1202640 1448.3
1202650 1443.8
1202660 1443.8
1202670 1439.0
1202680 1434.7
1202690 1434.7
1202700 1430.8
1202710 1426.9
1202720 1426.9
1202730 1423.2
1202740 1419.4
1202750 1419.4
1202760 1415.4
1202770 1411.0
1202780 1411.0
1202790 1406.4
1202800 1402.9
1202810 1402.9
1202820 1401.8
1202830 1398.9
1202840 1395.5
1202850 1395.5
1202860 1392.1
1202870 1388.8
1202880 1388.8
1202890 1385.6
1202900 1381.5
1202910 1381.5
1202920 1377.1
1202930 1372.6
1202940 1372.6
1202950 1368.7
1202960 1365.2
1202970 1365.2
1202980 1361.7
1202990 1357.8
1203000 1357.8
1203010 1353.5
1203020 1348.9
1203030 1348.9
1203040 1344.4
1203050 1339.6
1203060 1339.6
1203070 1335.2
1203080 1331.4
1203090 1335.7
1203100 1332.3
1203110 1330.1
1203120 1330.1
1203130 1326.9
1203140 1322.6
1203150 1318.4
1203160 1318.4
1203170 1315.0
1203180 1311.7
1203190 1311.7
1203200 1309.0
1203210 1305.7
1203220 1305.7
1203230 1302.8
1203240 1300.6
1203250 1300.6
1203260 1299.1
1203270 1296.7
1203280 1296.7
1203290 1294.8
1203300 1292.9
1203310 1292.9
1203320 1291.9
1203330 1290.6
1203340 1290.6
1203350 1290.3
1203360 1289.7
1203370 1289.7
1203380 1288.7
1203390 1288.2
1203400 1288.2
1203410 1288.2
1203420 1287.4
1203430 1286.2
1203440 1286.2
1203450 1285.6
1203460 1285.6
1203470 1285.6
1203480 1285.0
1203490 1284.1
1203500 1284.1
1203510 1283.4
1203520 1283.5
1203530 1283.5
1203540 1282.7
1203550 1282.9
1203560 1282.9
1203570 1283.5
1203580 1282.8
1203590 1282.8
1203600 1281.3
1203610 1281.0
1203620 1281.0
1203630 1281.8
1203640 1280.8
1203650 1280.8
1203660 1278.6
1203670 1278.6
1203680 1278.6
1203690 1278.2
1203700 1278.2
1203710 1278.2
1203720 1277.9
1203730 1277.4
1203740 1276.4
1203750 1276.4
1203760 1274.7
1203770 1273.1
1203780 1273.1
1203790 1271.1
1203800 1268.5
1203810 1268.5
1203820 1266.4
1203830 1264.9
1203840 1264.9
1203850 1263.4
1203860 1261.2
1203870 1261.2
1203880 1259.5
1203890 1258.8
1203900 1258.8
1203910 1257.9
1203920 1257.7
1203930 1257.7
1203940 1258.3
1203950 1257.5
1203960 1257.5
1203970 1254.2
1203980 1249.3
1203990 1247.7
1204000 1242.6
1204010 1239.3
1204020 1236.1
1204030 1236.1
1204040 1233.4
1204050 1230.6
1204060 1230.6
1204070 1230.0
1204080 1230.4
1204090 1230.4
1204100 1231.8
1204110 1234.0
1204120 1234.0
1204130 1236.0
1204140 1236.7
1204150 1236.7
1204160 1236.1
1204170 1235.8
1204180 1235.8
1204190 1235.2
1204200 1234.6
1204210 1234.6
1204220 1234.6
1204230 1234.7
1204240 1234.7
1204250 1235.2
1204260 1236.0
1204270 1236.0
1204280 1236.3
1204290 1235.9
1204300 1234.9
1204310 1234.9
1204320 1233.4
1204330 1230.8
1204340 1230.8
1204350 1228.1
1204360 1224.9
1204370 1224.9
1204380 1221.0
1204390 1216.8
1204400 1216.8
1204410 1212.6
1204420 1208.9
1204430 1208.9
1204440 1205.0
1204450 1202.7
1204460 1202.7
1204470 1200.0
1204480 1197.0
1204490 1197.0
1204500 1193.9
1204510 1192.4
1204520 1192.4
1204530 1190.8
1204540 1188.8
1204550 1188.8
1204560 1186.4
1204570 1183.3
1204580 1183.3
1204590 1180.2
1204600 1177.2
1204610 1175.2
1204620 1175.2
1204630 1174.3
1204640 1172.8
1204650 1172.8
1204660 1169.7
1204670 1167.0
1204680 1167.0
1204690 1164.4
1204700 1161.8
1204710 1161.8
1204720 1160.3
1204730 1159.6
1204740 1159.6
1204750 1159.4
1204760 1159.3
1204770 1159.3
1204780 1159.0
1204790 1158.7
1204800 1158.7
1204810 1158.1
1204820 1158.2
1204830 1158.2
1204840 1160.9
1204850 1166.6
1204860 1166.6
1204870 1168.7
1204880 1170.8
1204890 1173.8
1204900 1176.1
1204910 1178.9
1204920 1182.6
1204930 1182.6
1204940 1182.5
1204950 1178.0
1204960 1178.0
1204970 1173.8
1204980 1171.3
1204990 1171.3
1205000 1172.3
1205010 1173.8
1205020 1173.8
1205030 1175.4
1205040 1177.9
1205050 1177.9
1205060 1179.0
1205070 1180.2
1205080 1180.2
1205090 1181.5
1205100 1185.3
1205110 1185.3
1205120 1189.6
1205130 1191.1
1205140 1191.1
1205150 1194.3
1205160 1196.5
1205170 1196.5
1205180 1193.9
1205190 1193.4
1205200 1194.9
1205210 1194.9
1205220 1195.9
1205230 1198.3
1205240 1198.3
1205250 1199.2
1205260 1198.6
1205270 1198.6
1205280 1199.1
1205290 1200.0
1205300 1200.0
1205310 1201.7
1205320 1203.5
1205330 1203.5
1205340 1203.6
1205350 1202.5
1205360 1205.3
1205370 1204.7
1205380 1204.6
1205390 1204.6
1205400 1205.6
1205410 1207.5
1205420 1207.5
1205430 1208.9
1205440 1210.9
1205450 1210.9
1205460 1212.5
1205470 1213.7
1205480 1215.8
1205490 1215.8
1205500 1217.1
1205510 1216.9
1205520 1216.9
1205530 1215.3
1205540 1213.8
1205550 1213.8
1205560 1212.8
1205570 1211.7
1205580 1211.7
1205590 1210.6
1205600 1208.5
1205610 1208.5
1205620 1208.7
1205630 1212.8
1205640 1212.8
1205650 1214.1
1205660 1215.6
1205670 1215.6
1205680 1217.9
1205690 1220.3
1205700 1220.3
1205710 1221.2
1205720 1221.8
1205730 1221.8
1205740 1222.3
1205750 1224.5
1205760 1224.5
1205770 1225.1
1205780 1225.2
1205790 1224.0
1205800 1224.0
1205810 1223.0
1205820 1223.5
1205830 1223.5
1205840 1224.8
1205850 1225.7
1205860 1225.7
1205870 1226.6
1205880 1227.5
1205890 1227.5
1205900 1229.7
1205910 1232.3
1205920 1232.3
1205930 1234.7
1205940 1237.5
1205950 1237.5
1205960 1242.0
1205970 1247.0
1205980 1247.0
1205990 1250.5
1206000 1252.1
1206010 1252.1
1206020 1251.9
1206030 1252.1
1206040 1252.1
1206050 1253.4
1206060 1256.3
1206070 1259.3
1206080 1259.3
1206090 1261.4
1206100 1265.9
1206110 1265.9
1206120 1270.5
1206130 1274.1
1206140 1274.1
1206150 1276.6
1206160 1275.1
1206170 1275.1
1206180 1272.2
1206190 1270.2
1206200 1270.2
1206210 1269.2
1206220 1267.4
1206230 1267.4
1206240 1266.2
1206250 1265.2
1206260 1265.2
1206270 1264.5
1206280 1262.8
1206290 1262.8
1206300 1260.5
1206310 1256.8
1206320 1256.8
1206330 1254.6
1206340 1257.2
1206350 1258.3
1206360 1258.3
1206370 1260.5
1206380 1263.9
1206390 1263.9
1206400 1268.0
1206410 1272.5
1206420 1272.5
1206430 1275.8
1206440 1276.8
1206450 1276.8
1206460 1279.8
1206470 1281.6
1206480 1281.6
1206490 1283.0
1206500 1283.2
1206510 1283.2
1206520 1283.2
1206530 1284.4
1206540 1284.4
1206550 1286.5
1206560 1287.3
1206570 1287.3
1206580 1287.6
1206590 1288.1
1206600 1288.1
1206610 1289.2
1206620 1294.1
1206630 1294.1
1206640 1300.7
1206650 1308.1
1206660 1315.2
1206670 1315.2
1206680 1321.3
1206690 1323.5
1206700 1323.5
1206710 1323.2
1206720 1322.1
1206730 1319.5
1206740 1319.2
1206750 1318.7
1206760 1318.7
1206770 1317.3
1206780 1315.9
1206790 1315.9
1206800 1316.0
1206810 1316.0
1206820 1316.0
1206830 1314.6
1206840 1312.1
1206850 1312.1
1206860 1309.1
1206870 1307.0
1206880 1307.0
1206890 1304.5
1206900 1300.6
1206910 1300.6
1206920 1301.1
1206930 1303.5
1206940 1302.1
1206950 1302.1
1206960 1300.1
1206970 1298.2
1206980 1298.2
1206990 1297.0
1207000 1296.7
1207010 1296.7
1207020 1298.8
1207030 1302.4
1207040 1302.4
1207050 1303.8
1207060 1304.4
1207070 1304.4
1207080 1304.2
1207090 1302.2
1207100 1302.2
1207110 1300.9
1207120 1297.0
1207130 1297.0
1207140 1291.5
1207150 1285.7
1207160 1285.7
1207170 1280.5
1207180 1276.2
1207190 1284.1
1207200 1280.7
1207210 1276.9
1207220 1276.9
1207230 1269.5
1207240 1262.4
1207250 1255.7
1207260 1255.7
1207270 1249.8
1207280 1243.5
1207290 1243.5
1207300 1237.4
1207310 1231.2
1207320 1231.2
1207330 1225.6
1207340 1220.1
1207350 1220.1
1207360 1216.7
1207370 1210.8
1207380 1210.8
1207390 1204.1
1207400 1198.1
1207410 1198.1
1207420 1193.1
1207430 1188.5
1207440 1188.5
1207450 1182.7
1207460 1177.6
1207470 1177.6
1207480 1174.8
1207490 1170.2
1207500 1170.2
1207510 1164.7
1207520 1159.9
1207530 1155.5
1207540 1155.5
1207550 1150.9
1207560 1146.2
1207570 1146.2
1207580 1144.4
1207590 1143.5
1207600 1143.5
1207610 1142.6
1207620 1141.7
1207630 1141.7
1207640 1141.4
1207650 1147.2
1207660 1147.2
1207670 1146.1
1207680 1145.2
1207690 1145.2
1207700 1144.1
1207710 1142.5
1207720 1142.5
1207730 1140.4
1207740 1137.4
1207750 1137.4
1207760 1134.1
1207770 1130.3
1207780 1130.3
1207790 1126.2
1207800 1121.9
1207810 1121.9
1207820 1117.2
1207830 1113.0
1207840 1109.0
1207850 1109.0
1207860 1104.3
1207870 1099.2
1207880 1099.2
1207890 1095.0
1207900 1093.3
1207910 1093.3
1207920 1093.1
1207930 1093.1
1207940 1093.1
1207950 1093.1
1207960 1093.1
1207970 1093.1
1207980 1093.1
1207990 1093.1
1208000 1093.1
1208010 1093.1
1208020 1093.1
1208030 1093.1
1208040 1093.1
1208050 1093.1
1208060 1093.1
1208070 1093.1
1208080 1093.1
1208090 1093.1
1208100 1094.2
1208110 1096.6
1208120 1103.2
1208130 1103.2
1208140 1109.3
1208150 1114.9
1208160 1114.9
1208170 1120.2
1208180 1124.2
1208190 1124.2
1208200 1126.5
1208210 1127.4
1208220 1127.4
1208230 1128.1
1208240 1129.1
1208250 1129.1
1208260 1131.8
1208270 1132.9
1208280 1132.9
1208290 1135.0
1208300 1137.1
1208310 1137.1
1208320 1139.0
1208330 1141.4
1208340 1141.4
1208350 1144.7
1208360 1148.4
1208370 1148.4
1208380 1150.5
1208390 1154.6
1208400 1158.5
1208410 1158.5
1208420 1162.0
1208430 1165.4
1208440 1165.4
1208450 1167.5
1208460 1169.8
1208470 1169.8
1208480 1172.1
1208490 1173.0
1208500 1173.0
1208510 1173.9
1208520 1174.7
1208530 1174.7
1208540 1175.9
1208550 1178.2
1208560 1178.2
1208570 1180.0
1208580 1178.0
1208590 1178.0
1208600 1178.7
1208610 1178.9
1208620 1178.9
1208630 1178.7
1208640 1177.3
1208650 1177.3
1208660 1176.2
1208670 1175.5
1208680 1175.5
1208690 1175.2
1208700 1174.7
1208710 1173.8
1208720 1173.8
1208730 1172.7
1208740 1172.9
1208750 1172.9
1208760 1173.4
1208770 1173.7
1208780 1173.7
1208790 1174.1
1208800 1173.5
1208810 1173.5
1208820 1172.7
1208830 1172.8
1208840 1172.8
1208850 1173.7
1208860 1174.5
1208870 1174.5
1208880 1174.3
1208890 1173.5
1208900 1173.5
1208910 1171.2
1208920 1169.8
1208930 1169.8
1208940 1169.4
1208950 1167.4
1208960 1167.4
1208970 1164.8
1208980 1163.3
1208990 1161.3
1209000 1161.3
1209010 1159.0
1209020 1161.1
1209030 1161.1
1209040 1157.8
1209050 1159.5
1209060 1159.5
1209070 1164.4
1209080 1167.5
1209090 1167.5
1209100 1169.9
1209110 1171.2
1209120 1171.2
1209130 1171.0
1209140 1170.0
1209150 1170.0
1209160 1169.8
1209170 1167.8
1209180 1167.8
1209190 1162.3
1209200 1157.6
1209210 1157.6
1209220 1156.4
1209230 1159.0
1209240 1159.0
1209250 1160.1
1209260 1159.3
1209270 1159.3
1209280 1155.1
1209290 1152.6
1209300 1148.4
1209310 1148.4
1209320 1145.7
1209330 1145.4
1209340 1145.4
1209350 1145.6
1209360 1145.5
1209370 1145.5
1209380 1147.6
1209390 1147.5
1209400 1147.5
1209410 1145.3
1209420 1144.2
1209430 1144.2
1209440 1143.2
1209450 1144.1
1209460 1144.1
1209470 1149.2
1209480 1154.8
1209490 1154.8
1209500 1165.3
1209510 1170.5
1209520 1170.5
1209530 1175.5
1209540 1179.7
1209550 1179.7
1209560 1183.5
1209570 1186.6
1209580 1189.3
1209590 1189.3
1209600 1190.8
1209610 1191.7
1209620 1191.7
1209630 1193.6
1209640 1195.7
1209650 1195.7
1209660 1202.0
1209670 1211.1
1209680 1211.1
1209690 1215.7
1209700 1214.8
1209710 1214.8
1209720 1212.9
1209730 1207.0
1209740 1207.0
1209750 1200.0
1209760 1193.4
1209770 1193.4
1209780 1188.6
1209790 1188.0
1209800 1188.0
1209810 1188.2
1209820 1191.8
1209830 1191.8
1209840 1193.5
1209850 1188.5
1209860 1188.5
1209870 1182.6
1209880 1183.3
1209890 1193.6
1209900 1193.6
1209910 1207.9
1209920 1217.2
1209930 1217.2
1209940 1228.1
1209950 1245.3
1209960 1245.3
1209970 1264.4
1209980 1270.0
1209990 1270.0
1210000 1284.7
1210010 1287.9
1210020 1287.9
1210030 1294.7
1210040 1296.2
1210050 1296.2
1210060 1295.3
1210070 1294.7
1210080 1294.7
1210090 1295.5
1210100 1296.9
1210110 1296.9
1210120 1298.7
1210130 1302.8
1210140 1302.8
1210150 1306.4
1210160 1310.0
1210170 1313.5
1210180 1313.5
1210190 1317.1
1210200 1320.5
1210210 1320.5
1210220 1323.8
1210230 1328.4
1210240 1328.4
1210250 1332.3
1210260 1337.2
1210270 1337.2
1210280 1343.9
1210290 1349.0
1210300 1349.0
1210310 1352.0
1210320 1354.2
1210330 1354.2
1210340 1357.5
1210350 1361.6
1210360 1361.6
1210370 1365.0
1210380 1367.2
1210390 1367.2
1210400 1368.2
1210410 1364.6
1210420 1364.6
1210430 1364.6
1210440 1359.7
1210450 1356.2
1210460 1356.2
1210470 1352.7
1210480 1348.5
1210490 1348.5
1210500 1343.4
1210510 1336.1
1210520 1336.1
1210530 1327.6
1210540 1319.6
1210550 1319.6
1210560 1312.1
1210570 1305.1
1210580 1305.1
1210590 1299.2
1210600 1296.3
1210610 1296.3
1210620 1297.2
1210630 1295.9
1210640 1295.9
1210650 1292.7
1210660 1286.9
1210670 1286.9
1210680 1285.4
1210690 1284.8
1210700 1284.8
1210710 1280.4
1210720 1274.1
1210730 1274.1
1210740 1269.3
1210750 1264.3
1210760 1259.8
1210770 1259.8
1210780 1254.4
1210790 1248.9
1210800 1248.9
1210810 1248.1
1210820 1249.7
1210830 1249.7
1210840 1255.1
1210850 1262.4
1210860 1262.4
1210870 1268.9
1210880 1276.0
1210890 1276.0
1210900 1284.0
1210910 1291.9
1210920 1291.9
1210930 1297.5
1210940 1297.4
1210950 1297.4
1210960 1296.5
1210970 1296.9
1210980 1296.9
1210990 1293.7
1211000 1292.1
1211010 1292.1
1211020 1291.4
1211030 1292.0
1211040 1293.6
1211050 1293.6
1211060 1293.4
1211070 1296.6
1211080 1296.6
1211090 1299.9
1211100 1303.8
1211110 1303.8
1211120 1306.8
1211130 1310.0
1211140 1310.0
1211150 1310.7
1211160 1308.2
1211170 1308.2
1211180 1304.1
1211190 1301.7
1211200 1301.7
1211210 1301.9
1211220 1303.1
1211230 1303.1
1211240 1304.5
1211250 1303.7
1211260 1303.7
1211270 1302.0
1211280 1302.4
1211290 1302.4
1211300 1304.0
1211310 1309.6
1211320 1309.6
1211330 1317.2
1211340 1323.4
1211350 1327.8
1211360 1326.0
1211370 1329.7
1211380 1334.3
1211390 1334.3
1211400 1339.2
1211410 1344.6
1211420 1344.6
1211430 1349.4
1211440 1353.6
1211450 1353.6
1211460 1357.1
1211470 1360.1
1211480 1360.1
1211490 1362.4
1211500 1363.5
1211510 1363.5
1211520 1364.8
1211530 1366.5
1211540 1366.5
1211550 1367.8
1211560 1367.6
1211570 1367.6
1211580 1367.0
1211590 1367.3
1211600 1367.3
1211610 1368.4
1211620 1369.7
1211630 1370.8
1211640 1370.8
1211650 1371.8
1211660 1372.5
1211670 1372.5
1211680 1373.6
1211690 1376.4
1211700 1376.4
1211710 1380.6
1211720 1385.5
1211730 1385.5
1211740 1389.0
1211750 1391.0
1211760 1391.0
1211770 1394.5
1211780 1395.0
1211790 1395.0
1211800 1395.8
1211810 1395.7
1211820 1395.7
1211830 1401.3
1211840 1398.5
1211850 1398.5
1211860 1400.9
1211870 1402.6
1211880 1402.6
1211890 1403.6
1211900 1402.5
1211910 1402.5
1211920 1399.2
1211930 1394.1
1211940 1390.8
1211950 1390.8
1211960 1387.7
1211970 1384.4
1211980 1384.4
1211990 1381.2
1212000 1377.5
1212010 1377.5
1212020 1374.2
1212030 1372.2
1212040 1372.2
1212050 1370.2
1212060 1368.6
1212070 1368.6
1212080 1368.5
1212090 1369.7
1212100 1369.7
1212110 1371.0
1212120 1372.8
1212130 1372.8
1212140 1373.9
1212150 1374.8
1212160 1374.8
1212170 1375.0
1212180 1376.6
1212190 1376.6
1212200 1378.2
1212210 1379.2
1212220 1378.0
1212230 1378.0
1212240 1378.5
1212250 1380.1
1212260 1380.1
1212270 1382.2
1212280 1386.4
1212290 1386.4
1212300 1395.3
1212310 1398.3
1212320 1398.3
1212330 1399.8
1212340 1401.0
1212350 1401.0
1212360 1402.5
1212370 1405.3
1212380 1405.3
1212390 1406.1
1212400 1403.9
1212410 1403.9
1212420 1400.3
1212430 1400.5
1212440 1400.5
1212450 1403.0
1212460 1403.3
1212470 1403.3
1212480 1405.5
1212490 1409.0
1212500 1410.3
1212510 1410.3
1212520 1407.7
1212530 1403.2
1212540 1403.2
1212550 1400.3
1212560 1398.4
1212570 1398.4
1212580 1397.5
1212590 1396.9
1212600 1396.9
1212610 1395.1
1212620 1393.3
1212630 1393.3
1212640 1393.0
1212650 1394.7
1212660 1394.7
1212670 1396.4
1212680 1397.7
1212690 1397.7
1212700 1399.4
1212710 1400.5
1212720 1400.5
1212730 1401.1
1212740 1403.1
1212750 1403.1
1212760 1405.4
1212770 1408.5
1212780 1408.5
1212790 1411.6
1212800 1415.4
1212810 1418.4
1212820 1418.4
1212830 1420.0
1212840 1421.0
1212850 1421.0
1212860 1423.0
1212870 1424.6
1212880 1424.6
1212890 1426.9
1212900 1430.2
1212910 1430.2
1212920 1433.3
1212930 1435.7
1212940 1435.7
1212950 1438.0
1212960 1440.7
1212970 1440.7
1212980 1443.5
1212990 1446.4
1213000 1446.4
1213010 1449.2
1213020 1452.3
1213030 1452.3
1213040 1454.9
1213050 1458.3
1213060 1458.3
1213070 1461.6
1213080 1464.2
1213090 1467.0
1213100 1467.0
1213110 1470.3
1213120 1472.9
1213130 1472.9
1213140 1474.9
1213150 1476.0
1213160 1476.0
1213170 1478.7
1213180 1483.6
1213190 1483.6
1213200 1488.4
1213210 1493.2
1213220 1493.2
1213230 1497.6
1213240 1502.4
1213250 1502.4
1213260 1506.3
1213270 1509.9
1213280 1509.9
1213290 1513.3
1213300 1517.0
1213310 1517.0
1213320 1521.2
1213330 1525.5
1213340 1525.5
1213350 1529.7
1213360 1533.5
1213370 1533.5
1213380 1537.2
1213390 1540.8
1213400 1544.5
1213410 1544.5
1213420 1548.1
1213430 1552.1
1213440 1552.1
1213450 1556.0
1213460 1559.8
1213470 1559.8
1213480 1564.6
1213490 1570.3
1213500 1570.3
1213510 1576.1
1213520 1582.5
1213530 1582.5
1213540 1588.7
1213550 1594.5
1213560 1594.5
1213570 1600.3
1213580 1605.6
1213590 1605.6
1213600 1610.4
1213610 1615.1
1213620 1615.1
1213630 1619.7
1213640 1624.2
1213650 1624.2
1213660 1628.3
1213670 1632.3
1213680 1636.7
1213690 1636.7
1213700 1641.2
1213710 1646.4
1213720 1646.4
1213730 1650.9
1213740 1655.4
1213750 1655.4
1213760 1660.0
1213770 1664.3
1213780 1664.3
1213790 1668.7
1213800 1673.1
1213810 1673.1
1213820 1677.3
1213830 1681.8
1213840 1681.8
1213850 1686.9
1213860 1692.4
1213870 1692.4
1213880 1697.8
1213890 1702.8
1213900 1702.8
1213910 1708.3
1213920 1714.0
1213930 1714.0
1213940 1719.9
1213950 1725.9
1213960 1725.9
1213970 1731.7
1213980 1737.4
1213990 1743.2
1214000 1743.2
1214010 1748.8
1214020 1754.0
1214030 1754.0
1214040 1759.3
1214050 1764.3
1214060 1764.3
1214070 1769.0
1214080 1773.7
1214090 1773.7
1214100 1778.8
1214110 1783.8
1214120 1783.8
1214130 1788.5
1214140 1793.5
1214150 1793.5
1214160 1798.5
1214170 1803.9
1214180 1805.0
1214190 1810.3
1214200 1815.8
1214210 1815.8
1214220 1821.7
1214230 1827.5
1214240 1827.5
1214250 1832.7
1214260 1837.5
1214270 1841.5
1214280 1841.5
1214290 1844.9
1214300 1847.6
1214310 1847.6
1214320 1850.1
1214330 1852.6
1214340 1852.6
1214350 1855.3
1214360 1857.8
1214370 1857.8
1214380 1860.7
1214390 1864.9
1214400 1864.9
1214410 1878.4
1214420 1891.1
1214430 1891.1
1214440 1906.0
1214450 1925.6
1214460 1925.6
1214470 1940.8
1214480 1951.1
1214490 1951.1
1214500 1958.4
1214510 1961.9
1214520 1961.9
1214530 1962.4
1214540 1964.9
1214550 1970.6
1214560 1970.6
1214570 1984.6
1214580 2002.4
1214590 2002.4
1214600 2011.5
1214610 2024.3
1214620 2024.3
1214630 2045.5
1214640 2069.1
1214650 2066.0
1214660 2093.6
1214670 2108.6
1214680 2108.6
1214690 2126.2
1214700 2156.1
1214710 2156.1
1214720 2173.6
1214730 2186.4
1214740 2186.4
1214750 2201.0
1214760 2214.2
1214770 2214.2
1214780 2225.3
1214790 2238.0
1214800 2238.0
1214810 2250.3
1214820 2265.0
1214830 2265.0
1214840 2280.6
1214850 2295.3
1214860 2300.9
1214870 2300.9
1214880 2301.8
1214890 2291.0
1214900 2291.0
1214910 2288.7
1214920 2287.5
1214930 2287.5
1214940 2288.2
1214950 2294.0
1214960 2294.0
1214970 2302.2
1214980 2308.2
1214990 2308.2
1215000 2305.0
1215010 2297.8
1215020 2297.8
1215030 2290.6
1215040 2282.0
1215050 2282.0
1215060 2273.3
1215070 2259.1
1215080 2259.1
1215090 2245.3
1215100 2237.5
1215110 2237.5
1215120 2234.5
1215130 2228.0
1215140 2222.4
1215150 2222.4
1215160 2216.6
1215170 2210.6
1215180 2210.6
1215190 2204.9
1215200 2200.5
1215210 2200.5
1215220 2196.5
1215230 2193.0
1215240 2193.0
1215250 2190.6
1215260 2189.1
1215270 2189.1
1215280 2188.6
1215290 2189.4
1215300 2189.4
1215310 2192.7
1215320 2199.2
1215330 2199.2
1215340 2207.6
1215350 2218.4
1215360 2218.4
1215370 2224.1
1215380 2226.9
1215390 2226.9
1215400 2226.1
1215410 2217.9
1215420 2217.9
1215430 2208.5
1215440 2199.7
1215450 2173.8
1215460 2173.8
1215470 2143.5
1215480 2132.2
1215490 2132.2
1215500 2126.2
1215510 2121.8
1215520 2121.8
1215530 2119.9
1215540 2118.2
1215550 2118.2
1215560 2115.2
1215570 2112.3
1215580 2112.3
1215590 2110.0
1215600 2112.5
1215610 2112.5
1215620 2108.7
1215630 2103.7
1215640 2103.7
1215650 2095.0
1215660 2084.1
1215670 2084.1
1215680 2077.1
1215690 2071.2
1215700 2071.2
1215710 2066.4
1215720 2062.3
1215730 2059.7
1215740 2059.7
1215750 2059.4
1215760 2059.9
1215770 2059.9
1215780 2058.4
1215790 2057.5
1215800 2057.5
1215810 2058.9
1215820 2060.7
1215830 2060.7
1215840 2062.9
1215850 2065.9
1215860 2065.9
1215870 2069.0
1215880 2072.1
1215890 2072.1
1215900 2075.5
1215910 2078.9
1215920 2078.9
1215930 2082.1
1215940 2084.9
1215950 2084.9
1215960 2085.3
1215970 2084.3
1215980 2084.3
1215990 2083.7
1216000 2084.0
1216010 2083.4
1216020 2083.4
1216030 2081.4
1216040 2078.1
1216050 2078.1
1216060 2073.7
1216070 2074.6
1216080 2074.6
1216090 2073.7
1216100 2075.1
1216110 2075.1
1216120 2078.8
1216130 2081.7
1216140 2081.7
1216150 2081.4
1216160 2081.3
1216170 2081.3
1216180 2081.7
1216190 2082.0
1216200 2082.0
1216210 2081.4
1216220 2082.9
1216230 2082.9
1216240 2100.3
1216250 2118.0
1216260 2118.0
1216270 2125.0
1216280 2134.4
1216290 2134.4
1216300 2146.3
1216310 2151.3
1216320 2154.4
1216330 2154.4
1216340 2152.4
1216350 2148.6
1216360 2148.6
1216370 2159.4
1216380 2161.6
1216390 2161.6
1216400 2164.1
1216410 2162.6
1216420 2162.6
1216430 2165.0
1216440 2170.7
1216450 2170.7
1216460 2178.8
1216470 2177.3
1216480 2177.3
1216490 2164.9
1216500 2152.9
1216510 2152.9
1216520 2144.1
1216530 2136.9
1216540 2136.9
1216550 2129.6
1216560 2117.9
1216570 2117.9
1216580 2115.5
1216590 2124.5
1216600 2125.7
1216610 2125.7
1216620 2115.5
1216630 2096.2
1216640 2096.2
1216650 2076.8
1216660 2051.9
1216670 2051.9
1216680 2032.1
1216690 2017.0
1216700 2017.0
1216710 2006.8
1216720 1999.3
1216730 1999.3
1216740 1989.5
1216750 1976.6
1216760 1976.6
1216770 1968.4
1216780 1961.7
1216790 1961.7
1216800 1955.3
1216810 1949.0
1216820 1949.0
1216830 1942.4
1216840 1935.6
1216850 1935.6
1216860 1929.5
1216870 1923.6
1216880 1923.6
1216890 1918.0
1216900 1912.7
1216910 1907.4
1216920 1907.4
1216930 1902.5
1216940 1899.1
1216950 1899.1
1216960 1896.1
1216970 1893.1
1216980 1893.1
1216990 1890.1
1217000 1887.4
1217010 1887.4
1217020 1884.0
1217030 1880.6
1217040 1880.6
1217050 1877.9
1217060 1876.2
1217070 1876.2
1217080 1874.8
1217090 1873.7
1217100 1873.7
1217110 1873.0
1217120 1872.8
1217130 1872.8
1217140 1872.8
1217150 1872.8
1217160 1872.8
1217170 1872.8
1217180 1872.8
1217190 1872.8
1217200 1872.8
1217210 1872.8
1217220 1872.8
1217230 1872.8
1217240 1872.8
1217250 1872.8
1217260 1872.8
1217270 1872.8
1217280 1872.8
1217290 1872.8
1217300 1872.8
1217310 1872.8
1217320 1872.8
1217330 1872.8
1217340 1872.8
1217350 1872.8
1217360 1872.8
1217370 1872.8
1217380 1872.8
1217390 1872.8
1217400 1872.8
1217410 1872.8
1217420 1872.8
1217430 1873.4
1217440 1873.4
1217450 1876.4
1217460 1880.8
1217470 1880.8
1217480 1885.8
1217490 1889.6
1217500 1893.4
1217510 1893.4
1217520 1897.7
1217530 1902.6
1217540 1902.6
1217550 1907.9
1217560 1913.6
1217570 1913.6
1217580 1919.8
1217590 1925.8
1217600 1925.8
1217610 1932.1
1217620 1938.8
1217630 1938.8
1217640 1945.5
1217650 1952.8
1217660 1952.8
1217670 1959.8
1217680 1966.3
1217690 1966.3
1217700 1970.7
1217710 1973.8
1217720 1973.8
1217730 1976.1
1217740 1978.2
1217750 1978.2
1217760 1979.0
1217770 1981.2
1217780 1985.1
1217790 1985.1
1217800 1990.1
1217810 1996.4
1217820 1996.4
1217830 2002.2
1217840 2008.5
1217850 2008.5
1217860 2014.9
1217870 2019.2
1217880 2019.2
1217890 2024.2
1217900 2029.9
1217910 2029.9
1217920 2035.4
1217930 2039.8
1217940 2039.8
1217950 2041.5
1217960 2043.9
1217970 2043.9
1217980 2048.7
1217990 2049.6
1218000 2049.6
1218010 2050.1
1218020 2051.1
1218030 2051.1
1218040 2052.1
1218050 2053.2
1218060 2054.8
1218070 2054.8
1218080 2056.4
1218090 2058.6
1218100 2058.6
1218110 2060.2
1218120 2060.3
1218130 2060.3
1218140 2060.7
1218150 2063.4
1218160 2063.4
1218170 2066.2
1218180 2069.4
1218190 2069.4
1218200 2072.8
1218210 2075.9
1218220 2075.9
1218230 2078.4
1218240 2080.5
1218250 2080.5
1218260 2082.8
1218270 2086.2
1218280 2086.2
1218290 2090.9
1218300 2096.1
1218310 2096.1
1218320 2101.4
1218330 2106.5
1218340 2106.5
1218350 2111.6
1218360 2116.1
1218370 2120.2
1218380 2120.2
1218390 2124.5
1218400 2129.7
1218410 2129.7
1218420 2135.4
1218430 2141.2
1218440 2141.2
1218450 2147.0
1218460 2149.9
1218470 2149.9
1218480 2155.3
1218490 2161.3
1218500 2161.3
1218510 2167.8
1218520 2176.8
1218530 2176.8
1218540 2195.9
1218550 2200.4
1218560 2200.4
1218570 2204.0
1218580 2213.0
1218590 2213.0
1218600 2224.0
1218610 2222.4
1218620 2222.4
1218630 2227.4
1218640 2237.7
1218650 2247.6
1218660 2247.6
1218670 2260.3
1218680 2272.7
1218690 2272.7
1218700 2282.8
1218710 2291.2
1218720 2291.2
1218730 2298.3
1218740 2307.5
1218750 2307.5
1218760 2314.0
1218770 2312.8
1218780 2312.8
1218790 2307.2
1218800 2300.7
1218810 2300.7
1218820 2295.6
1218830 2288.2
1218840 2288.2
1218850 2282.0
1218860 2276.8
1218870 2276.8
1218880 2271.3
1218890 2266.2
1218900 2266.2
1218910 2260.0
1218920 2255.3
1218930 2245.4
1218940 2245.4
1218950 2240.3
1218960 2235.3
1218970 2235.3
1218980 2229.9
1218990 2224.2
1219000 2224.2
1219010 2218.5
1219020 2212.7
1219030 2212.7
1219040 2206.7
1219050 2200.6
1219060 2200.6
1219070 2194.2
1219080 2187.5
1219090 2187.5
1219100 2180.7
1219110 2175.0
1219120 2175.0
1219130 2170.7
1219140 2167.0
1219150 2167.0
1219160 2162.9
1219170 2158.6
1219180 2158.6
1219190 2154.3
1219200 2149.9
1219210 2149.9
1219220 2145.5
1219230 2141.5
1219240 2137.7
1219250 2137.7
1219260 2134.1
1219270 2130.7
1219280 2130.7
1219290 2127.5
1219300 2124.5
1219310 2124.5
1219320 2121.8
1219330 2119.6
1219340 2119.6
1219350 2117.7
1219360 2116.2
1219370 2116.2
1219380 2115.0
1219390 2114.3
1219400 2114.3
1219410 2113.9
1219420 2117.5
1219430 2117.5
1219440 2117.3
1219450 2116.9
1219460 2116.9
1219470 2116.1
1219480 2114.7
1219490 2114.7
1219500 2112.8
1219510 2110.7
1219520 2108.7
1219530 2108.7
1219540 2107.2
1219550 2106.2
1219560 2106.2
1219570 2105.0
1219580 2103.8
1219590 2103.8
1219600 2102.7
1219610 2101.7
1219620 2101.7
1219630 2101.0
1219640 2100.3
1219650 2100.3
1219660 2099.4
1219670 2098.2
1219680 2098.2
1219690 2096.5
1219700 2094.7
1219710 2094.7
1219720 2092.9
1219730 2091.5
1219740 2091.5
1219750 2090.5
1219760 2089.8
1219770 2089.8
1219780 2088.7
1219790 2086.7
1219800 2086.7
1219810 2084.0
1219820 2080.6
1219830 2077.8
1219840 2077.8
1219850 2075.9
1219860 2074.9
1219870 2074.9
1219880 2074.2
1219890 2074.1
1219900 2079.8
1219910 2079.3
1219920 2078.2
1219930 2078.2
1219940 2076.8
1219950 2076.9
1219960 2076.9
1219970 2078.2
1219980 2079.7
1219990 2079.7
1200000 2250.7
1200010 2244.3
1200020 2244.3
1200030 2237.6
1200040 2231.1
1200050 2231.1
1200060 2225.1
1200070 2219.2
1200080 2219.2
1200090 2212.6
1200100 2206.7
1200110 2206.7
1200120 2200.9
1200130 2194.8
1200140 2194.8
1200150 2188.9
1200160 2183.0
1200170 2183.0
1200180 2177.1
1200190 2171.1
1200200 2165.2
1200210 2165.2
1200220 2159.6
1200230 2154.0
1200240 2154.0
1200250 2148.8
1200260 2143.4
1200270 2143.4
1200280 2138.5
1200290 2131.6
1200300 2131.6
1200310 2125.3
1200320 2119.0
1200330 2119.0
1200340 2113.1
1200350 2108.0
1200360 2108.0
1200370 2103.3
1200380 2099.4
1200390 2099.4
1200400 2095.6
1200410 2092.6
1200420 2092.6
1200430 2091.0
1200440 2091.5
1200450 2091.5
1200460 2090.9
1200470 2088.9
1200480 2088.9
1200490 2087.6
1200500 2085.4
1200510 2081.9
1200520 2081.9
1200530 2078.5
1200540 2074.2
1200550 2074.2
1200560 2070.4
1200570 2067.3
1200580 2067.3
1200590 2064.8
1200600 2059.7
1200610 2059.7
1200620 2055.1
1200630 2051.9
1200640 2051.9
1200650 2048.0
1200660 2043.0
1200670 2043.0
1200680 2038.0
1200690 2032.9
1200700 2032.9
1200710 2027.0
1200720 2021.7
1200730 2021.7
1200740 2016.0
1200750 2010.9
1200760 2010.9
1200770 2008.6
1200780 2008.7
1200790 2009.7
1200800 2009.7
1200810 2010.8
1200820 2011.1
1200830 2006.1
1200840 2005.0
1200850 2001.5
1200860 2001.5
1200870 1998.0
1200880 1994.8
1200890 1994.8
1200900 1992.9
1200910 1991.8
1200920 1991.8
1200930 1989.6
1200940 1987.3
1200950 1987.3
1200960 1985.3
1200970 1982.9
1200980 1982.9
1200990 1980.2
1201000 1977.8
1201010 1977.8
1201020 1977.1
1201030 1975.7
1201040 1975.7
1201050 1975.0
1201060 1970.8
1201070 1970.8
1201080 1965.7
1201090 1961.8
1201100 1960.4
1201110 1960.4
1201120 1960.3
1201130 1958.7
1201140 1958.7
1201150 1957.8
1201160 1955.7
1201170 1955.7
1201180 1955.0
1201190 1953.6
1201200 1953.6
1201210 1952.4
1201220 1951.7
1201230 1951.7
1201240 1949.7
1201250 1947.5
1201260 1947.5
1201270 1943.4
1201280 1935.7
1201290 1935.7
1201300 1929.2
1201310 1923.2
1201320 1923.2
1201330 1918.3
1201340 1915.1
1201350 1915.1
1201360 1916.8
1201370 1918.7
1201380 1918.1
1201390 1918.1
1201400 1914.3
1201410 1906.6
1201420 1906.6
1201430 1899.6
1201440 1892.6
1201450 1892.6
1201460 1885.5
1201470 1878.8
1201480 1878.8
1201490 1872.1
1201500 1865.0
1201510 1865.0
1201520 1858.1
1201530 1851.5
1201540 1851.5
1201550 1843.6
1201560 1830.7
1201570 1830.7
1201580 1819.4
1201590 1811.2
1201600 1811.2
1201610 1802.7
1201620 1794.0
1201630 1794.0
1201640 1786.4
1201650 1779.3
1201660 1779.3
1201670 1771.3
1201680 1762.5
1201690 1754.1
1201700 1754.1
1201710 1745.3
1201720 1736.9
1201730 1740.3
1201740 1730.3
1201750 1721.8
1201760 1721.8
1201770 1713.4
1201780 1708.6
1201790 1708.6
1201800 1705.8
1201810 1702.5
1201820 1702.5
1201830 1700.0
1201840 1695.5
1201850 1695.5
1201860 1689.9
1201870 1683.6
1201880 1683.6
1201890 1677.3
1201900 1671.0
1201910 1671.0
1201920 1665.2
1201930 1659.7
1201940 1659.7
1201950 1654.6
1201960 1649.4
1201970 1644.4
1201980 1644.4
1201990 1638.9
1202000 1633.4
1202010 1633.4
1202020 1627.9
1202030 1622.1
1202040 1622.1
1202050 1616.5
1202060 1611.5
1202070 1611.5
1202080 1607.4
1202090 1601.8
1202100 1601.8
1202110 1595.2
1202120 1592.2
1202130 1592.2
1202140 1590.4
1202150 1586.3
1202160 1586.3
1202170 1582.1
1202180 1581.7
1202190 1581.7
1202200 1580.6
1202210 1579.9
1202220 1579.9
1202230 1577.3
1202240 1573.3
1202250 1568.9
1202260 1568.9
1202270 1564.1
1202280 1559.9
1202290 1559.9
1202300 1555.2
1202310 1550.2
1202320 1550.2
1202330 1545.5
1202340 1540.3
1202350 1540.3
1202360 1535.5
1202370 1530.1
1202380 1530.1
1202390 1524.9
1202400 1519.3
1202410 1519.3
1202420 1514.0
1202430 1508.7
1202440 1508.7
1202450 1503.5
1202460 1498.5
1202470 1498.5
1202480 1494.1
1202490 1490.1
1202500 1490.1
1202510 1485.7
1202520 1481.3
1202530 1481.3
1202540 1476.5
1202550 1471.9
1202560 1467.8
1202570 1467.8
1202580 1463.8
1202590 1459.4
1202600 1459.4
1202610 1454.8
1202620 1449.9
1202630 1453.0
1202640 1448.3
1202650 1443.8
1202660 1443.8
1202670 1439.0
1202680 1434.7
1202690 1434.7
1202700 1430.8
1202710 1426.9
1202720 1426.9
1202730 1423.2
1202740 1419.4
1202750 1419.4
1202760 1415.4
1202770 1411.0
1202780 1411.0
1202790 1406.4
1202800 1402.9
1202810 1402.9
1202820 1401.8
1202830 1398.9
1202840 1395.5
1202850 1395.5
1202860 1392.1
1202870 1388.8
1202880 1388.8
1202890 1385.6
1202900 1381.5
1202910 1381.5
1202920 1377.1
1202930 1372.6
1202940 1372.6
1202950 1368.7
1202960 1365.2
1202970 1365.2
1202980 1361.7
1202990 1357.8
1203000 1357.8
1203010 1353.5
1203020 1348.9
1203030 1348.9
1203040 1344.4
1203050 1339.6
1203060 1339.6
1203070 1335.2
1203080 1331.4
1203090 1335.7
1203100 1332.3
1203110 1330.1
1203120 1330.1
1203130 1326.9
1203140 1322.6
1203150 1318.4
1203160 1318.4
1203170 1315.0
1203180 1311.7
1203190 1311.7
1203200 1309.0
1203210 1305.7
1203220 1305.7
1203230 1302.8
1203240 1300.6
1203250 1300.6
1203260 1299.1
1203270 1296.7
1203280 1296.7
1203290 1294.8
1203300 1292.9
1203310 1292.9
1203320 1291.9
1203330 1290.6
1203340 1290.6
1203350 1290.3
1203360 1289.7
1203370 1289.7
1203380 1288.7
1203390 1288.2
1203400 1288.2
1203410 1288.2
1203420 1287.4
1203430 1286.2
1203440 1286.2
1203450 1285.6
1203460 1285.6
1203470 1285.6
1203480 1285.0
1203490 1284.1
1203500 1284.1
1203510 1283.4
1203520 1283.5
1203530 1283.5
1203540 1282.7
1203550 1282.9
1203560 1282.9
1203570 1283.5
1203580 1282.8
1203590 1282.8
1203600 1281.3
1203610 1281.0
1203620 1281.0
1203630 1281.8
1203640 1280.8
1203650 1280.8
1203660 1278.6
1203670 1278.6
1203680 1278.6
1203690 1278.2
1203700 1278.2
1203710 1278.2
1203720 1277.9
1203730 1277.4
1203740 1276.4
1203750 1276.4
1203760 1274.7
1203770 1273.1
1203780 1273.1
1203790 1271.1
1203800 1268.5
1203810 1268.5
1203820 1266.4
1203830 1264.9
1203840 1264.9
1203850 1263.4
1203860 1261.2
1203870 1261.2
1203880 1259.5
1203890 1258.8
1203900 1258.8
1203910 1257.9
1203920 1257.7
1203930 1257.7
1203940 1258.3
1203950 1257.5
1203960 1257.5
1203970 1254.2
1203980 1249.3
1203990 1247.7
1204000 1242.6
1204010 1239.3
1204020 1236.1
1204030 1236.1
1204040 1233.4
1204050 1230.6
1204060 1230.6
1204070 1230.0
1204080 1230.4
1204090 1230.4
1204100 1231.8
1204110 1234.0
1204120 1234.0
1204130 1236.0
1204140 1236.7
1204150 1236.7
1204160 1236.1
1204170 1235.8
1204180 1235.8
1204190 1235.2
1204200 1234.6
1204210 1234.6
1204220 1234.6
1204230 1234.7
1204240 1234.7
1204250 1235.2
1204260 1236.0
1204270 1236.0
1204280 1236.3
1204290 1235.9
1204300 1234.9
1204310 1234.9
1204320 1233.4
1204330 1230.8
1204340 1230.8
1204350 1228.1
1204360 1224.9
1204370 1224.9
1204380 1221.0
1204390 1216.8
1204400 1216.8
1204410 1212.6
1204420 1208.9
1204430 1208.9
1204440 1205.0
1204450 1202.7
1204460 1202.7
1204470 1200.0
1204480 1197.0
1204490 1197.0
1204500 1193.9
1204510 1192.4
1204520 1192.4
1204530 1190.8
1204540 1188.8
1204550 1188.8
1204560 1186.4
1204570 1183.3
1204580 1183.3
1204590 1180.2
1204600 1177.2
1204610 1175.2
1204620 1175.2
1204630 1174.3
1204640 1172.8
1204650 1172.8
1204660 1169.7
1204670 1167.0
1204680 1167.0
1204690 1164.4
1204700 1161.8
1204710 1161.8
1204720 1160.3
1204730 1159.6
1204740 1159.6
1204750 1159.4
1204760 1159.3
1204770 1159.3
1204780 1159.0
1204790 1158.7
1204800 1158.7
1204810 1158.1
1204820 1158.2
1204830 1158.2
1204840 1160.9
1204850 1166.6
1204860 1166.6
1204870 1168.7
1204880 1170.8
1204890 1173.8
1204900 1176.1
1204910 1178.9
1204920 1182.6
1204930 1182.6
1204940 1182.5
1204950 1178.0
1204960 1178.0
1204970 1173.8
1204980 1171.3
1204990 1171.3
1205000 1172.3
1205010 1173.8
1205020 1173.8
1205030 1175.4
1205040 1177.9
1205050 1177.9
1205060 1179.0
1205070 1180.2
1205080 1180.2
1205090 1181.5
1205100 1185.3
1205110 1185.3
1205120 1189.6
1205130 1191.1
1205140 1191.1
1205150 1194.3
1205160 1196.5
1205170 1196.5
1205180 1193.9
1205190 1193.4
1205200 1194.9
1205210 1194.9
1205220 1195.9
1205230 1198.3
1205240 1198.3
1205250 1199.2
1205260 1198.6
1205270 1198.6
1205280 1199.1
1205290 1200.0
1205300 1200.0
1205310 1201.7
1205320 1203.5
1205330 1203.5
1205340 1203.6
1205350 1202.5
1205360 1205.3
1205370 1204.7
1205380 1204.6
1205390 1204.6
1205400 1205.6
1205410 1207.5
1205420 1207.5
1205430 1208.9
1205440 1210.9
1205450 1210.9
1205460 1212.5
1205470 1213.7
1205480 1215.8
1205490 1215.8
1205500 1217.1
1205510 1216.9
1205520 1216.9
1205530 1215.3
1205540 1213.8
1205550 1213.8
1205560 1212.8
1205570 1211.7
1205580 1211.7
1205590 1210.6
1205600 1208.5
1205610 1208.5
1205620 1208.7
1205630 1212.8
1205640 1212.8
1205650 1214.1
1205660 1215.6
1205670 1215.6
1205680 1217.9
1205690 1220.3
1205700 1220.3
1205710 1221.2
1205720 1221.8
1205730 1221.8
1205740 1222.3
1205750 1224.5
1205760 1224.5
1205770 1225.1
1205780 1225.2
1205790 1224.0
1205800 1224.0
1205810 1223.0
1205820 1223.5
1205830 1223.5
1205840 1224.8
1205850 1225.7
1205860 1225.7
1205870 1226.6
1205880 1227.5
1205890 1227.5
1205900 1229.7
1205910 1232.3
1205920 1232.3
1205930 1234.7
1205940 1237.5
1205950 1237.5
1205960 1242.0
1205970 1247.0
1205980 1247.0
1205990 1250.5
1206000 1252.1
1206010 1252.1
1206020 1251.9
1206030 1252.1
1206040 1252.1
1206050 1253.4
1206060 1256.3
1206070 1259.3
1206080 1259.3
1206090 1261.4
1206100 1265.9
1206110 1265.9
1206120 1270.5
1206130 1274.1
1206140 1274.1
1206150 1276.6
1206160 1275.1
1206170 1275.1
1206180 1272.2
1206190 1270.2
1206200 1270.2
1206210 1269.2
1206220 1267.4
1206230 1267.4
1206240 1266.2
1206250 1265.2
1206260 1265.2
1206270 1264.5
1206280 1262.8
1206290 1262.8
1206300 1260.5
1206310 1256.8
1206320 1256.8
1206330 1254.6
1206340 1257.2
1206350 1258.3
1206360 1258.3
1206370 1260.5
1206380 1263.9
1206390 1263.9
1206400 1268.0
1206410 1272.5
1206420 1272.5
1206430 1275.8
1206440 1276.8
1206450 1276.8
1206460 1279.8
1206470 1281.6
1206480 1281.6
1206490 1283.0
1206500 1283.2
1206510 1283.2
1206520 1283.2
1206530 1284.4
1206540 1284.4
1206550 1286.5
1206560 1287.3
1206570 1287.3
1206580 1287.6
1206590 1288.1
1206600 1288.1
1206610 1289.2
1206620 1294.1
1206630 1294.1
1206640 1300.7
1206650 1308.1
1206660 1315.2
1206670 1315.2
1206680 1321.3
1206690 1323.5
1206700 1323.5
1206710 1323.2
1206720 1322.1
1206730 1319.5
1206740 1319.2
1206750 1318.7
1206760 1318.7
1206770 1317.3
1206780 1315.9
1206790 1315.9
1206800 1316.0
1206810 1316.0
1206820 1316.0
1206830 1314.6
1206840 1312.1
1206850 1312.1
1206860 1309.1
1206870 1307.0
1206880 1307.0
1206890 1304.5
1206900 1300.6
1206910 1300.6
1206920 1301.1
1206930 1303.5
1206940 1302.1
1206950 1302.1
1206960 1300.1
1206970 1298.2
1206980 1298.2
1206990 1297.0
1207000 1296.7
1207010 1296.7
1207020 1298.8
1207030 1302.4
1207040 1302.4
1207050 1303.8
1207060 1304.4
1207070 1304.4
1207080 1304.2
1207090 1302.2
1207100 1302.2
1207110 1300.9
1207120 1297.0
1207130 1297.0
1207140 1291.5
1207150 1285.7
1207160 1285.7
1207170 1280.5
1207180 1276.2
1207190 1284.1
1207200 1280.7
1207210 1276.9
1207220 1276.9
1207230 1269.5
1207240 1262.4
1207250 1255.7
1207260 1255.7
1207270 1249.8
1207280 1243.5
1207290 1243.5
1207300 1237.4
1207310 1231.2
1207320 1231.2
1207330 1225.6
1207340 1220.1
1207350 1220.1
1207360 1216.7
1207370 1210.8
1207380 1210.8
1207390 1204.1
1207400 1198.1
1207410 1198.1
1207420 1193.1
1207430 1188.5
1207440 1188.5
1207450 1182.7
1207460 1177.6
1207470 1177.6
1207480 1174.8
1207490 1170.2
1207500 1170.2
1207510 1164.7
1207520 1159.9
1207530 1155.5
1207540 1155.5
1207550 1150.9
1207560 1146.2
1207570 1146.2
1207580 1144.4
1207590 1143.5
1207600 1143.5
1207610 1142.6
1207620 1141.7
1207630 1141.7
1207640 1141.4
1207650 1147.2
1207660 1147.2
1207670 1146.1
1207680 1145.2
1207690 1145.2
1207700 1144.1
1207710 1142.5
1207720 1142.5
1207730 1140.4
1207740 1137.4
1207750 1137.4
1207760 1134.1
1207770 1130.3
1207780 1130.3
1207790 1126.2
1207800 1121.9
1207810 1121.9
1207820 1117.2
1207830 1113.0
1207840 1109.0
1207850 1109.0
1207860 1104.3
1207870 1099.2
1207880 1099.2
1207890 1095.0
1207900 1093.3
1207910 1093.3
1207920 1093.1
1207930 1093.1
1207940 1093.1
1207950 1093.1
1207960 1093.1
1207970 1093.1
1207980 1093.1
1207990 1093.1
1208000 1093.1
1208010 1093.1
1208020 1093.1
1208030 1093.1
1208040 1093.1
1208050 1093.1
1208060 1093.1
1208070 1093.1
1208080 1093.1
1208090 1093.1
1208100 1094.2
1208110 1096.6
1208120 1103.2
1208130 1103.2
1208140 1109.3
1208150 1114.9
1208160 1114.9
1208170 1120.2
1208180 1124.2
1208190 1124.2
1208200 1126.5
1208210 1127.4
1208220 1127.4
1208230 1128.1
1208240 1129.1
1208250 1129.1
1208260 1131.8
1208270 1132.9
1208280 1132.9
1208290 1135.0
1208300 1137.1
1208310 1137.1
1208320 1139.0
1208330 1141.4
1208340 1141.4
1208350 1144.7
1208360 1148.4
1208370 1148.4
1208380 1150.5
1208390 1154.6
1208400 1158.5
1208410 1158.5
1208420 1162.0
1208430 1165.4
1208440 1165.4
1208450 1167.5
1208460 1169.8
1208470 1169.8
1208480 1172.1
1208490 1173.0
1208500 1173.0
1208510 1173.9
1208520 1174.7
1208530 1174.7
1208540 1175.9
1208550 1178.2
1208560 1178.2
1208570 1180.0
1208580 1178.0
1208590 1178.0
1208600 1178.7
1208610 1178.9
1208620 1178.9
1208630 1178.7
1208640 1177.3
1208650 1177.3
1208660 1176.2
1208670 1175.5
1208680 1175.5
1208690 1175.2
1208700 1174.7
1208710 1173.8
1208720 1173.8
1208730 1172.7
1208740 1172.9
1208750 1172.9
1208760 1173.4
1208770 1173.7
1208780 1173.7
1208790 1174.1
1208800 1173.5
1208810 1173.5
1208820 1172.7
1208830 1172.8
1208840 1172.8
1208850 1173.7
1208860 1174.5
1208870 1174.5
1208880 1174.3
1208890 1173.5
1208900 1173.5
1208910 1171.2
1208920 1169.8
1208930 1169.8
1208940 1169.4
1208950 1167.4
1208960 1167.4
1208970 1164.8
1208980 1163.3
1208990 1161.3
1209000 1161.3
1209010 1159.0
1209020 1161.1
1209030 1161.1
1209040 1157.8
1209050 1159.5
1209060 1159.5
1209070 1164.4
1209080 1167.5
1209090 1167.5
1209100 1169.9
1209110 1171.2
1209120 1171.2
1209130 1171.0
1209140 1170.0
1209150 1170.0
1209160 1169.8
1209170 1167.8
1209180 1167.8
1209190 1162.3
1209200 1157.6
1209210 1157.6
1209220 1156.4
1209230 1159.0
1209240 1159.0
1209250 1160.1
1209260 1159.3
1209270 1159.3
1209280 1155.1
1209290 1152.6
1209300 1148.4
1209310 1148.4
1209320 1145.7
1209330 1145.4
1209340 1145.4
1209350 1145.6
1209360 1145.5
1209370 1145.5
1209380 1147.6
1209390 1147.5
1209400 1147.5
1209410 1145.3
1209420 1144.2
1209430 1144.2
1209440 1143.2
1209450 1144.1
1209460 1144.1
1209470 1149.2
1209480 1154.8
1209490 1154.8
1209500 1165.3
1209510 1170.5
1209520 1170.5
1209530 1175.5
1209540 1179.7
1209550 1179.7
1209560 1183.5
1209570 1186.6
1209580 1189.3
1209590 1189.3
1209600 1190.8
1209610 1191.7
1209620 1191.7
1209630 1193.6
1209640 1195.7
1209650 1195.7
1209660 1202.0
1209670 1211.1
1209680 1211.1
1209690 1215.7
1209700 1214.8
1209710 1214.8
1209720 1212.9
1209730 1207.0
1209740 1207.0
1209750 1200.0
1209760 1193.4
1209770 1193.4
1209780 1188.6
1209790 1188.0
1209800 1188.0
1209810 1188.2
1209820 1191.8
1209830 1191.8
1209840 1193.5
1209850 1188.5
1209860 1188.5
1209870 1182.6
1209880 1183.3
1209890 1193.6
1209900 1193.6
1209910 1207.9
1209920 1217.2
1209930 1217.2
1209940 1228.1
1209950 1245.3
1209960 1245.3
1209970 1264.4
1209980 1270.0
1209990 1270.0
1210000 1284.7
1210010 1287.9
1210020 1287.9
1210030 1294.7
1210040 1296.2
1210050 1296.2
1210060 1295.3
1210070 1294.7
1210080 1294.7
1210090 1295.5
1210100 1296.9
1210110 1296.9
1210120 1298.7
1210130 1302.8
1210140 1302.8
1210150 1306.4
1210160 1310.0
1210170 1313.5
1210180 1313.5
1210190 1317.1
1210200 1320.5
1210210 1320.5
1210220 1323.8
1210230 1328.4
1210240 1328.4
1210250 1332.3
1210260 1337.2
1210270 1337.2
1210280 1343.9
1210290 1349.0
1210300 1349.0
1210310 1352.0
1210320 1354.2
1210330 1354.2
1210340 1357.5
1210350 1361.6
1210360 1361.6
1210370 1365.0
1210380 1367.2
1210390 1367.2
1210400 1368.2
1210410 1364.6
1210420 1364.6
1210430 1364.6
1210440 1359.7
1210450 1356.2
1210460 1356.2
1210470 1352.7
1210480 1348.5
1210490 1348.5
1210500 1343.4
1210510 1336.1
1210520 1336.1
1210530 1327.6
1210540 1319.6
1210550 1319.6
1210560 1312.1
1210570 1305.1
1210580 1305.1
1210590 1299.2
1210600 1296.3
1210610 1296.3
1210620 1297.2
1210630 1295.9
1210640 1295.9
1210650 1292.7
1210660 1286.9
1210670 1286.9
1210680 1285.4
1210690 1284.8
1210700 1284.8
1210710 1280.4
1210720 1274.1
1210730 1274.1
1210740 1269.3
1210750 1264.3
1210760 1259.8
1210770 1259.8
1210780 1254.4
1210790 1248.9
1210800 1248.9
1210810 1248.1
1210820 1249.7
1210830 1249.7
1210840 1255.1
1210850 1262.4
1210860 1262.4
1210870 1268.9
1210880 1276.0
1210890 1276.0
1210900 1284.0
1210910 1291.9
1210920 1291.9
1210930 1297.5
1210940 1297.4
1210950 1297.4
1210960 1296.5
1210970 1296.9
1210980 1296.9
1210990 1293.7
1211000 1292.1
1211010 1292.1
1211020 1291.4
1211030 1292.0
1211040 1293.6
1211050 1293.6
1211060 1293.4
1211070 1296.6
1211080 1296.6
1211090 1299.9
1211100 1303.8
1211110 1303.8
1211120 1306.8
1211130 1310.0
1211140 1310.0
1211150 1310.7
1211160 1308.2
1211170 1308.2
1211180 1304.1
1211190 1301.7
1211200 1301.7
1211210 1301.9
1211220 1303.1
1211230 1303.1
1211240 1304.5
1211250 1303.7
1211260 1303.7
1211270 1302.0
1211280 1302.4
1211290 1302.4
1211300 1304.0
1211310 1309.6
1211320 1309.6
1211330 1317.2
1211340 1323.4
1211350 1327.8
1211360 1326.0
1211370 1329.7
1211380 1334.3
1211390 1334.3
1211400 1339.2
1211410 1344.6
1211420 1344.6
1211430 1349.4
1211440 1353.6
1211450 1353.6
1211460 1357.1
1211470 1360.1
1211480 1360.1
1211490 1362.4
1211500 1363.5
1211510 1363.5
1211520 1364.8
1211530 1366.5
1211540 1366.5
1211550 1367.8
1211560 1367.6
1211570 1367.6
1211580 1367.0
1211590 1367.3
1211600 1367.3
1211610 1368.4
1211620 1369.7
1211630 1370.8
1211640 1370.8
1211650 1371.8
1211660 1372.5
1211670 1372.5
1211680 1373.6
1211690 1376.4
1211700 1376.4
1211710 1380.6
1211720 1385.5
1211730 1385.5
1211740 1389.0
1211750 1391.0
1211760 1391.0
1211770 1394.5
1211780 1395.0
1211790 1395.0
1211800 1395.8
1211810 1395.7
1211820 1395.7
1211830 1401.3
1211840 1398.5
1211850 1398.5
1211860 1400.9
1211870 1402.6
1211880 1402.6
1211890 1403.6
1211900 1402.5
1211910 1402.5
1211920 1399.2
1211930 1394.1
1211940 1390.8
1211950 1390.8
1211960 1387.7
1211970 1384.4
1211980 1384.4
1211990 1381.2
1212000 1377.5
1212010 1377.5
1212020 1374.2
1212030 1372.2
1212040 1372.2
1212050 1370.2
1212060 1368.6
1212070 1368.6
1212080 1368.5
1212090 1369.7
1212100 1369.7
1212110 1371.0
1212120 1372.8
1212130 1372.8
1212140 1373.9
1212150 1374.8
1212160 1374.8
1212170 1375.0
1212180 1376.6
1212190 1376.6
1212200 1378.2
1212210 1379.2
1212220 1378.0
1212230 1378.0
1212240 1378.5
1212250 1380.1
1212260 1380.1
1212270 1382.2
1212280 1386.4
1212290 1386.4
1212300 1395.3
1212310 1398.3
1212320 1398.3
1212330 1399.8
1212340 1401.0
1212350 1401.0
1212360 1402.5
1212370 1405.3
1212380 1405.3
1212390 1406.1
1212400 1403.9
1212410 1403.9
1212420 1400.3
1212430 1400.5
1212440 1400.5
1212450 1403.0
1212460 1403.3
1212470 1403.3
1212480 1405.5
1212490 1409.0
1212500 1410.3
1212510 1410.3
1212520 1407.7
1212530 1403.2
1212540 1403.2
1212550 1400.3
1212560 1398.4
1212570 1398.4
1212580 1397.5
1212590 1396.9
1212600 1396.9
1212610 1395.1
1212620 1393.3
1212630 1393.3
1212640 1393.0
1212650 1394.7
1212660 1394.7
1212670 1396.4
1212680 1397.7
1212690 1397.7
1212700 1399.4
1212710 1400.5
1212720 1400.5
1212730 1401.1
1212740 1403.1
1212750 1403.1
1212760 1405.4
1212770 1408.5
1212780 1408.5
1212790 1411.6
1212800 1415.4
1212810 1418.4
1212820 1418.4
1212830 1420.0
1212840 1421.0
1212850 1421.0
1212860 1423.0
1212870 1424.6
1212880 1424.6
1212890 1426.9
1212900 1430.2
1212910 1430.2
1212920 1433.3
1212930 1435.7
1212940 1435.7
1212950 1438.0
1212960 1440.7
1212970 1440.7
1212980 1443.5
1212990 1446.4
1213000 1446.4
1213010 1449.2
1213020 1452.3
1213030 1452.3
1213040 1454.9
1213050 1458.3
1213060 1458.3
1213070 1461.6
1213080 1464.2
1213090 1467.0
1213100 1467.0
1213110 1470.3
1213120 1472.9
1213130 1472.9
1213140 1474.9
1213150 1476.0
1213160 1476.0
1213170 1478.7
1213180 1483.6
1213190 1483.6
1213200 1488.4
1213210 1493.2
1213220 1493.2
1213230 1497.6
1213240 1502.4
1213250 1502.4
1213260 1506.3
1213270 1509.9
1213280 1509.9
1213290 1513.3
1213300 1517.0
1213310 1517.0
1213320 1521.2
1213330 1525.5
1213340 1525.5
1213350 1529.7
1213360 1533.5
1213370 1533.5
1213380 1537.2
1213390 1540.8
1213400 1544.5
1213410 1544.5
1213420 1548.1
1213430 1552.1
1213440 1552.1
1213450 1556.0
1213460 1559.8
1213470 1559.8
1213480 1564.6
1213490 1570.3
1213500 1570.3
1213510 1576.1
1213520 1582.5
1213530 1582.5
1213540 1588.7
1213550 1594.5
1213560 1594.5
1213570 1600.3
1213580 1605.6
1213590 1605.6
1213600 1610.4
1213610 1615.1
1213620 1615.1
1213630 1619.7
1213640 1624.2
1213650 1624.2
1213660 1628.3
1213670 1632.3
1213680 1636.7
1213690 1636.7
1213700 1641.2
1213710 1646.4
1213720 1646.4
1213730 1650.9
1213740 1655.4
1213750 1655.4
1213760 1660.0
1213770 1664.3
1213780 1664.3
1213790 1668.7
1213800 1673.1
1213810 1673.1
1213820 1677.3
1213830 1681.8
1213840 1681.8
1213850 1686.9
1213860 1692.4
1213870 1692.4
1213880 1697.8
1213890 1702.8
1213900 1702.8
1213910 1708.3
1213920 1714.0
1213930 1714.0
1213940 1719.9
1213950 1725.9
1213960 1725.9
1213970 1731.7
1213980 1737.4
1213990 1743.2
1214000 1743.2
1214010 1748.8
1214020 1754.0
1214030 1754.0
1214040 1759.3
1214050 1764.3
1214060 1764.3
1214070 1769.0
1214080 1773.7
1214090 1773.7
1214100 1778.8
1214110 1783.8
1214120 1783.8
1214130 1788.5
1214140 1793.5
1214150 1793.5
1214160 1798.5
1214170 1803.9
1214180 1805.0
1214190 1810.3
1214200 1815.8
1214210 1815.8
1214220 1821.7
1214230 1827.5
1214240 1827.5
1214250 1832.7
1214260 1837.5
1214270 1841.5
1214280 1841.5
1214290 1844.9
1214300 1847.6
1214310 1847.6
1214320 1850.1
1214330 1852.6
1214340 1852.6
1214350 1855.3
1214360 1857.8
1214370 1857.8
1214380 1860.7
1214390 1864.9
1214400 1864.9
1214410 1878.4
1214420 1891.1
1214430 1891.1
1214440 1906.0
1214450 1925.6
1214460 1925.6
1214470 1940.8
1214480 1951.1
1214490 1951.1
1214500 1958.4
1214510 1961.9
1214520 1961.9
1214530 1962.4
1214540 1964.9
1214550 1970.6
1214560 1970.6
1214570 1984.6
1214580 2002.4
1214590 2002.4
1214600 2011.5
1214610 2024.3
1214620 2024.3
1214630 2045.5
1214640 2069.1
1214650 2066.0
1214660 2093.6
1214670 2108.6
1214680 2108.6
1214690 2126.2
1214700 2156.1
1214710 2156.1
1214720 2173.6
1214730 2186.4
1214740 2186.4
1214750 2201.0
1214760 2214.2
1214770 2214.2
1214780 2225.3
1214790 2238.0
1214800 2238.0
1214810 2250.3
1214820 2265.0
1214830 2265.0
1214840 2280.6
1214850 2295.3
1214860 2300.9
1214870 2300.9
1214880 2301.8
1214890 2291.0
1214900 2291.0
1214910 2288.7
1214920 2287.5
1214930 2287.5
1214940 2288.2
1214950 2294.0
1214960 2294.0
1214970 2302.2
1214980 2308.2
1214990 2308.2
1215000 2305.0
1215010 2297.8
1215020 2297.8
1215030 2290.6
1215040 2282.0
1215050 2282.0
1215060 2273.3
1215070 2259.1
1215080 2259.1
1215090 2245.3
1215100 2237.5
1215110 2237.5
1215120 2234.5
1215130 2228.0
1215140 2222.4
1215150 2222.4
1215160 2216.6
1215170 2210.6
1215180 2210.6
1215190 2204.9
1215200 2200.5
1215210 2200.5
1215220 2196.5
1215230 2193.0
1215240 2193.0
1215250 2190.6
1215260 2189.1
1215270 2189.1
1215280 2188.6
1215290 2189.4
1215300 2189.4
1215310 2192.7
1215320 2199.2
1215330 2199.2
1215340 2207.6
1215350 2218.4
1215360 2218.4
1215370 2224.1
1215380 2226.9
1215390 2226.9
1215400 2226.1
1215410 2217.9
1215420 2217.9
1215430 2208.5
1215440 2199.7
1215450 2173.8
1215460 2173.8
1215470 2143.5
1215480 2132.2
1215490 2132.2
1215500 2126.2
1215510 2121.8
1215520 2121.8
1215530 2119.9
1215540 2118.2
1215550 2118.2
1215560 2115.2
1215570 2112.3
1215580 2112.3
1215590 2110.0
1215600 2112.5
1215610 2112.5
1215620 2108.7
1215630 2103.7
1215640 2103.7
1215650 2095.0
1215660 2084.1
1215670 2084.1
1215680 2077.1
1215690 2071.2
1215700 2071.2
1215710 2066.4
1215720 2062.3
1215730 2059.7
1215740 2059.7
1215750 2059.4
1215760 2059.9
1215770 2059.9
1215780 2058.4
1215790 2057.5
1215800 2057.5
1215810 2058.9
1215820 2060.7
1215830 2060.7
1215840 2062.9
1215850 2065.9
1215860 2065.9
1215870 2069.0
1215880 2072.1
1215890 2072.1
1215900 2075.5
1215910 2078.9
1215920 2078.9
1215930 2082.1
1215940 2084.9
1215950 2084.9
1215960 2085.3
1215970 2084.3
1215980 2084.3
1215990 2083.7
1216000 2084.0
1216010 2083.4
1216020 2083.4
1216030 2081.4
1216040 2078.1
1216050 2078.1
1216060 2073.7
1216070 2074.6
1216080 2074.6
1216090 2073.7
1216100 2075.1
1216110 2075.1
1216120 2078.8
1216130 2081.7
1216140 2081.7
1216150 2081.4
1216160 2081.3
1216170 2081.3
1216180 2081.7
1216190 2082.0
1216200 2082.0
1216210 2081.4
1216220 2082.9
1216230 2082.9
1216240 2100.3
1216250 2118.0
1216260 2118.0
1216270 2125.0
1216280 2134.4
1216290 2134.4
1216300 2146.3
1216310 2151.3
1216320 2154.4
1216330 2154.4
1216340 2152.4
1216350 2148.6
1216360 2148.6
1216370 2159.4
1216380 2161.6
1216390 2161.6
1216400 2164.1
1216410 2162.6
1216420 2162.6
1216430 2165.0
1216440 2170.7
1216450 2170.7
1216460 2178.8
1216470 2177.3
1216480 2177.3
1216490 2164.9
1216500 2152.9
1216510 2152.9
1216520 2144.1
1216530 2136.9
1216540 2136.9
1216550 2129.6
1216560 2117.9
1216570 2117.9
1216580 2115.5
1216590 2124.5
1216600 2125.7
1216610 2125.7
1216620 2115.5
1216630 2096.2
1216640 2096.2
1216650 2076.8
1216660 2051.9
1216670 2051.9
1216680 2032.1
1216690 2017.0
1216700 2017.0
1216710 2006.8
1216720 1999.3
1216730 1999.3
1216740 1989.5
1216750 1976.6
1216760 1976.6
1216770 1968.4
1216780 1961.7
1216790 1961.7
1216800 1955.3
1216810 1949.0
1216820 1949.0
1216830 1942.4
1216840 1935.6
1216850 1935.6
1216860 1929.5
1216870 1923.6
1216880 1923.6
1216890 1918.0
1216900 1912.7
1216910 1907.4
1216920 1907.4
1216930 1902.5
1216940 1899.1
1216950 1899.1
1216960 1896.1
1216970 1893.1
1216980 1893.1
1216990 1890.1
1217000 1887.4
1217010 1887.4
1217020 1884.0
1217030 1880.6
1217040 1880.6
1217050 1877.9
1217060 1876.2
1217070 1876.2
1217080 1874.8
1217090 1873.7
1217100 1873.7
1217110 1873.0
1217120 1872.8
1217130 1872.8
1217140 1872.8
1217150 1872.8
1217160 1872.8
1217170 1872.8
1217180 1872.8
1217190 1872.8
1217200 1872.8
1217210 1872.8
1217220 1872.8
1217230 1872.8
1217240 1872.8
1217250 1872.8
1217260 1872.8
1217270 1872.8
1217280 1872.8
1217290 1872.8
1217300 1872.8
1217310 1872.8
1217320 1872.8
1217330 1872.8
1217340 1872.8
1217350 1872.8
1217360 1872.8
1217370 1872.8
1217380 1872.8
1217390 1872.8
1217400 1872.8
1217410 1872.8
1217420 1872.8
1217430 1873.4
1217440 1873.4
1217450 1876.4
1217460 1880.8
1217470 1880.8
1217480 1885.8
1217490 1889.6
1217500 1893.4
1217510 1893.4
1217520 1897.7
1217530 1902.6
1217540 1902.6
1217550 1907.9
1217560 1913.6
1217570 1913.6
1217580 1919.8
1217590 1925.8
1217600 1925.8
1217610 1932.1
1217620 1938.8
1217630 1938.8
1217640 1945.5
1217650 1952.8
1217660 1952.8
1217670 1959.8
1217680 1966.3
1217690 1966.3
1217700 1970.7
1217710 1973.8
1217720 1973.8
1217730 1976.1
1217740 1978.2
1217750 1978.2
1217760 1979.0
1217770 1981.2
1217780 1985.1
1217790 1985.1
1217800 1990.1
1217810 1996.4
1217820 1996.4
1217830 2002.2
1217840 2008.5
1217850 2008.5
1217860 2014.9
1217870 2019.2
1217880 2019.2
1217890 2024.2
1217900 2029.9
1217910 2029.9
1217920 2035.4
1217930 2039.8
1217940 2039.8
1217950 2041.5
1217960 2043.9
1217970 2043.9
1217980 2048.7
1217990 2049.6
1218000 2049.6
1218010 2050.1
1218020 2051.1
1218030 2051.1
1218040 2052.1
1218050 2053.2
1218060 2054.8
1218070 2054.8
1218080 2056.4
1218090 2058.6
1218100 2058.6
1218110 2060.2
1218120 2060.3
1218130 2060.3
1218140 2060.7
1218150 2063.4
1218160 2063.4
1218170 2066.2
1218180 2069.4
1218190 2069.4
1218200 2072.8
1218210 2075.9
1218220 2075.9
1218230 2078.4
1218240 2080.5
1218250 2080.5
1218260 2082.8
1218270 2086.2
1218280 2086.2
1218290 2090.9
1218300 2096.1
1218310 2096.1
1218320 2101.4
1218330 2106.5
1218340 2106.5
1218350 2111.6
1218360 2116.1
1218370 2120.2
1218380 2120.2
1218390 2124.5
1218400 2129.7
1218410 2129.7
1218420 2135.4
1218430 2141.2
1218440 2141.2
1218450 2147.0
1218460 2149.9
1218470 2149.9
1218480 2155.3
1218490 2161.3
1218500 2161.3
1218510 2167.8
1218520 2176.8
1218530 2176.8
1218540 2195.9
1218550 2200.4
1218560 2200.4
1218570 2204.0
1218580 2213.0
1218590 2213.0
1218600 2224.0
1218610 2222.4
1218620 2222.4
1218630 2227.4
1218640 2237.7
1218650 2247.6
1218660 2247.6
1218670 2260.3
1218680 2272.7
1218690 2272.7
1218700 2282.8
1218710 2291.2
1218720 2291.2
1218730 2298.3
1218740 2307.5
1218750 2307.5
1218760 2314.0
1218770 2312.8
1218780 2312.8
1218790 2307.2
1218800 2300.7
1218810 2300.7
1218820 2295.6
1218830 2288.2
1218840 2288.2
1218850 2282.0
1218860 2276.8
1218870 2276.8
1218880 2271.3
1218890 2266.2
1218900 2266.2
1218910 2260.0
1218920 2255.3
1218930 2245.4
1218940 2245.4
1218950 2240.3
1218960 2235.3
1218970 2235.3
1218980 2229.9
1218990 2224.2
1219000 2224.2
1219010 2218.5
1219020 2212.7
1219030 2212.7
1219040 2206.7
1219050 2200.6
1219060 2200.6
1219070 2194.2
1219080 2187.5
1219090 2187.5
1219100 2180.7
1219110 2175.0
1219120 2175.0
1219130 2170.7
1219140 2167.0
1219150 2167.0
1219160 2162.9
1219170 2158.6
1219180 2158.6
1219190 2154.3
1219200 2149.9
1219210 2149.9
1219220 2145.5
1219230 2141.5
1219240 2137.7
1219250 2137.7
1219260 2134.1
1219270 2130.7
1219280 2130.7
1219290 2127.5
1219300 2124.5
1219310 2124.5
1219320 2121.8
1219330 2119.6
1219340 2119.6
1219350 2117.7
1219360 2116.2
1219370 2116.2
1219380 2115.0
1219390 2114.3
1219400 2114.3
1219410 2113.9
1219420 2117.5
1219430 2117.5
1219440 2117.3
1219450 2116.9
1219460 2116.9
1219470 2116.1
1219480 2114.7
1219490 2114.7
1219500 2112.8
1219510 2110.7
1219520 2108.7
1219530 2108.7
1219540 2107.2
1219550 2106.2
1219560 2106.2
1219570 2105.0
1219580 2103.8
1219590 2103.8
1219600 2102.7
1219610 2101.7
1219620 2101.7
1219630 2101.0
1219640 2100.3
1219650 2100.3
1219660 2099.4
1219670 2098.2
1219680 2098.2
1219690 2096.5
1219700 2094.7
1219710 2094.7
1219720 2092.9
1219730 2091.5
1219740 2091.5
1219750 2090.5
1219760 2089.8
1219770 2089.8
1219780 2088.7
1219790 2086.7
1219800 2086.7
1219810 2084.0
1219820 2080.6
1219830 2077.8
1219840 2077.8
1219850 2075.9
1219860 2074.9
1219870 2074.9
1219880 2074.2
1219890 2074.1
1219900 2079.8
1219910 2079.3
1219920 2078.2
1219930 2078.2
1219940 2076.8
1219950 2076.9
1219960 2076.9
1219970 2078.2
1219980 2079.7
1219990 2079.7
