1200000 2313.3
1200010 2313.3
1200020 2316.2
1200030 2309.8
1200040 2309.8
1200050 2299.2
1200060 2289.3
1200070 2289.3
1200080 2279.6
1200090 2270.6
1200100 2264.3
1200110 2264.3
1200120 2257.1
1200130 2246.5
1200140 2246.5
1200150 2231.9
1200160 2219.8
1200170 2219.8
1200180 2209.7
1200190 2209.1
1200200 2209.1
1200210 2216.3
1200220 2223.9
1200230 2223.9
1200240 2237.7
1200250 2241.8
1200260 2241.8
1200270 2238.6
1200280 2243.9
1200290 2243.9
1200300 2250.0
1200310 2256.9
1200320 2256.9
1200330 2261.2
1200340 2256.9
1200350 2256.9
1200360 2252.0
1200370 2248.8
1200380 2248.8
1200390 2247.3
1200400 2246.6
1200410 2246.2
1200420 2246.2
1200430 2242.5
1200440 2239.5
1200450 2239.5
1200460 2236.4
1200470 2233.4
1200480 2233.4
1200490 2232.8
1200500 2232.3
1200510 2232.3
1200520 2228.9
1200530 2225.2
1200540 2225.2
1200550 2221.1
1200560 2217.9
1200570 2217.9
1200580 2215.1
1200590 2216.3
1200600 2216.3
1200610 2218.2
1200620 2217.0
1200630 2217.0
1200640 2212.7
1200650 2198.4
1200660 2198.4
1200670 2183.9
1200680 2180.5
1200690 2177.6
1200700 2177.6
1200710 2168.6
1200720 2156.4
1200730 2156.4
1200740 2149.9
1200750 2148.8
1200760 2148.8
1200770 2148.4
1200780 2143.8
1200790 2143.8
1200800 2142.4
1200810 2140.7
1200820 2140.7
1200830 2136.5
1200840 2134.1
1200850 2134.1
1200860 2119.7
1200870 2108.4
1200880 2108.4
1200890 2099.9
1200900 2097.2
1200910 2097.2
1200920 2096.8
1200930 2096.8
1200940 2096.8
1200950 2098.3
1200960 2105.6
1200970 2105.6
1200980 2108.6
1200990 2107.3
1201000 2107.6
1201010 2107.6
1201020 2107.4
1201030 2102.3
1201040 2102.3
1201050 2096.1
1201060 2087.2
1201070 2087.2
1201080 2072.9
1201090 2065.9
1201100 2065.9
1201110 2064.3
1201120 2062.6
1201130 2062.6
1201140 2055.0
1201150 2047.4
1201160 2047.4
1201170 2041.8
1201180 2037.1
1201190 2037.1
1201200 2033.4
1201210 2029.8
1201220 2029.8
1201230 2022.2
1201240 2016.2
1201250 2016.2
1201260 2013.3
1201270 2008.4
1201280 2003.6
1201290 2003.6
1201300 1999.3
1201310 1987.6
1201320 1987.6
1201330 1982.9
1201340 1980.0
1201350 1980.0
1201360 1981.0
1201370 1979.3
1201380 1979.3
1201390 1979.4
1201400 1979.7
1201410 1979.7
1201420 1976.9
1201430 1972.1
1201440 1972.1
1201450 1973.1
1201460 1972.8
1201470 1972.8
1201480 1972.7
1201490 1973.3
1201500 1973.3
1201510 1972.8
1201520 1971.2
1201530 1971.2
1201540 1968.4
1201550 1963.6
1201560 1963.6
1201570 1949.9
1201580 1918.7
1201590 1863.9
1201600 1863.9
1201610 1833.6
1201620 1826.7
1201630 1826.7
1201640 1820.5
1201650 1803.9
1201660 1803.9
1201670 1791.8
1201680 1789.1
1201690 1789.1
1201700 1787.6
1201710 1786.1
1201720 1786.1
1201730 1784.0
1201740 1780.8
1201750 1780.8
1201760 1770.4
1201770 1764.8
1201780 1764.8
1201790 1759.9
1201800 1760.8
1201810 1760.8
1201820 1759.8
1201830 1755.1
1201840 1755.1
1201850 1750.3
1201860 1747.3
1201870 1743.4
1201880 1743.4
1201890 1734.9
1201900 1729.1
1201910 1729.1
1201920 1723.4
1201930 1719.7
1201940 1719.7
1201950 1721.8
1201960 1719.6
1201970 1719.6
1201980 1714.2
1201990 1706.2
1202000 1706.2
1202010 1696.1
1202020 1694.5
1202030 1694.5
1202040 1695.4
1202050 1687.6
1202060 1687.6
1202070 1675.4
1202080 1666.8
1202090 1666.8
1202100 1663.6
1202110 1660.5
1202120 1660.5
1202130 1662.0
1202140 1662.8
1202150 1662.8
1202160 1664.3
1202170 1661.2
1202180 1658.0
1202190 1658.0
1202200 1649.2
1202210 1632.7
1202220 1632.7
1202230 1621.2
1202240 1603.7
1202250 1603.7
1202260 1595.6
1202270 1585.2
1202280 1585.2
1202290 1571.0
1202300 1560.8
1202310 1560.8
1202320 1550.1
1202330 1541.5
1202340 1541.5
1202350 1540.2
1202360 1546.9
1202370 1546.9
1202380 1551.8
1202390 1544.5
1202400 1544.5
1202410 1537.7
1202420 1530.0
1202430 1530.0
1202440 1519.6
1202450 1510.6
1202460 1504.5
1202470 1504.5
1202480 1503.7
1202490 1499.0
1202500 1499.0
1202510 1494.2
1202520 1489.6
1202530 1489.6
1202540 1483.9
1202550 1481.3
1202560 1481.3
1202570 1481.6
1202580 1479.3
1202590 1479.3
1202600 1473.4
1202610 1468.1
1202620 1468.1
1202630 1464.0
1202640 1459.2
1202650 1459.2
1202660 1455.1
1202670 1446.8
1202680 1446.8
1202690 1442.8
1202700 1439.2
1202710 1439.2
1202720 1436.2
1202730 1433.1
1202740 1433.1
1202750 1429.7
1202760 1424.8
1202770 1417.9
1202780 1417.9
1202790 1411.6
1202800 1407.2
1202810 1407.2
1202820 1403.6
1202830 1401.7
1202840 1401.7
1202850 1396.8
1202860 1390.3
1202870 1390.3
1202880 1385.4
1202890 1379.1
1202900 1379.1
1202910 1377.4
1202920 1375.7
1202930 1375.7
1202940 1373.2
1202950 1371.0
1202960 1371.0
1202970 1368.7
1202980 1365.9
1202990 1365.9
1203000 1363.3
1203010 1360.9
1203020 1360.9
1203030 1357.9
1203040 1354.8
1203050 1351.5
1203060 1351.5
1203070 1348.3
1203080 1345.0
1203090 1345.0
1203100 1342.6
1203110 1341.1
1203120 1335.5
1203130 1334.8
1203140 1334.2
1203150 1334.2
1203160 1333.2
1203170 1331.8
1203180 1331.8
1203190 1330.6
1203200 1328.8
1203210 1328.8
1203220 1328.1
1203230 1327.1
1203240 1327.1
1203250 1326.4
1203260 1325.9
1203270 1325.9
1203280 1326.0
1203290 1325.0
1203300 1325.0
1203310 1323.6
1203320 1323.1
1203330 1323.1
1203340 1322.3
1203350 1320.8
1203360 1319.2
1203370 1319.2
1203380 1317.5
1203390 1316.2
1203400 1316.2
1203410 1314.7
1203420 1314.2
1203430 1314.2
1203440 1313.9
1203450 1313.9
1203460 1313.9
1203470 1313.7
1203480 1313.6
1203490 1313.6
1203500 1313.3
1203510 1312.6
1203520 1312.6
1203530 1312.8
1203540 1312.5
1203550 1312.5
1203560 1312.0
1203570 1307.0
1203580 1307.0
1203590 1305.2
1203600 1304.4
1203610 1304.4
1203620 1303.9
1203630 1303.0
1203640 1302.7
1203650 1302.7
1203660 1301.4
1203670 1300.7
1203680 1300.7
1203690 1300.5
1203700 1299.6
1203710 1299.6
1203720 1298.2
1203730 1296.5
1203740 1296.5
1203750 1295.5
1203760 1296.1
1203770 1296.1
1203780 1296.6
1203790 1295.7
1203800 1295.7
1203810 1294.4
1203820 1292.8
1203830 1292.8
1203840 1292.5
1203850 1291.5
1203860 1291.5
1203870 1291.1
1203880 1290.2
1203890 1290.2
1203900 1289.1
1203910 1287.9
1203920 1287.9
1203930 1286.4
1203940 1285.8
1203950 1284.8
1203960 1284.8
1203970 1283.1
1203980 1281.5
1203990 1281.5
1204000 1280.8
1204010 1281.3
1204020 1281.3
1204030 1283.0
1204040 1282.3
1204050 1282.3
1204060 1279.1
1204070 1276.4
1204080 1276.4
1204090 1273.9
1204100 1272.4
1204110 1272.4
1204120 1270.3
1204130 1268.1
1204140 1268.1
1204150 1265.6
1204160 1262.8
1204170 1262.8
1204180 1260.2
1204190 1257.2
1204200 1257.2
1204210 1254.6
1204220 1252.0
1204230 1248.7
1204240 1248.7
1204250 1244.8
1204260 1240.5
1204270 1240.5
1204280 1237.6
1204290 1234.8
1204300 1234.8
1204310 1232.8
1204320 1230.3
1204330 1230.3
1204340 1228.2
1204350 1225.1
1204360 1225.1
1204370 1221.7
1204380 1219.6
1204390 1219.6
1204400 1217.5
1204410 1214.9
1204420 1214.9
1204430 1211.9
1204440 1209.3
1204450 1209.3
1204460 1207.2
1204470 1205.1
1204480 1201.7
1204490 1199.8
1204500 1198.1
1204510 1198.1
1204520 1197.9
1204530 1198.9
1204540 1199.6
1204550 1199.6
1204560 1198.6
1204570 1196.6
1204580 1196.6
1204590 1195.1
1204600 1194.5
1204610 1194.5
1204620 1193.3
1204630 1191.8
1204640 1191.8
1204650 1190.1
1204660 1187.6
1204670 1187.6
1204680 1183.8
1204690 1177.7
1204700 1177.7
1204710 1176.5
1204720 1176.0
1204730 1176.0
1204740 1175.1
1204750 1173.9
1204760 1173.9
1204770 1174.8
1204780 1176.9
1204790 1176.9
1204800 1178.4
1204810 1179.1
1204820 1180.2
1204830 1180.2
1204840 1182.8
1204850 1186.9
1204860 1186.9
1204870 1190.7
1204880 1194.2
1204890 1194.2
1204900 1197.9
1204910 1201.5
1204920 1201.5
1204930 1205.4
1204940 1204.0
1204950 1204.0
1204960 1206.6
1204970 1209.2
1204980 1209.2
1204990 1212.0
1205000 1214.8
1205010 1214.8
1205020 1217.2
1205030 1219.4
1205040 1219.4
1205050 1221.4
1205060 1223.4
1205070 1223.4
1205080 1225.1
1205090 1226.5
1205100 1226.5
1205110 1228.4
1205120 1230.4
1205130 1232.5
1205140 1232.5
1205150 1234.5
1205160 1235.9
1205170 1235.9
1205180 1236.2
1205190 1235.7
1205200 1235.7
1205210 1234.3
1205220 1234.1
1205230 1234.1
1205240 1235.5
1205250 1236.5
1205260 1236.5
1205270 1236.4
1205280 1236.0
1205290 1236.0
1205300 1236.0
1205310 1234.8
1205320 1234.8
1205330 1232.9
1205340 1231.3
1205350 1231.3
1205360 1229.1
1205370 1226.5
1205380 1226.5
1205390 1220.8
1205400 1218.9
1205410 1217.8
1205420 1217.8
1205430 1217.2
1205440 1218.1
1205450 1218.1
1205460 1221.7
1205470 1225.0
1205480 1225.0
1205490 1225.2
1205500 1225.0
1205510 1225.0
1205520 1225.2
1205530 1225.0
1205540 1225.0
1205550 1225.0
1205560 1225.3
1205570 1225.3
1205580 1225.8
1205590 1225.4
1205600 1225.4
1205610 1225.2
1205620 1226.0
1205630 1226.0
1205640 1227.2
1205650 1228.7
1205660 1228.7
1205670 1230.5
1205680 1231.3
1205690 1231.3
1205700 1231.8
1205710 1231.9
1205720 1231.4
1205730 1231.4
1205740 1231.0
1205750 1230.4
1205760 1230.4
1205770 1229.6
1205780 1229.0
1205790 1229.0
1205800 1228.1
1205810 1227.0
1205820 1227.0
1205830 1226.1
1205840 1225.1
1205850 1222.7
1205860 1222.0
1205870 1221.1
1205880 1221.1
1205890 1221.0
1205900 1221.1
1205910 1221.1
1205920 1220.3
1205930 1217.6
1205940 1217.6
1205950 1214.3
1205960 1214.2
1205970 1214.2
1205980 1213.8
1205990 1213.5
1206000 1213.3
1206010 1213.3
1206020 1212.6
1206030 1210.5
1206040 1210.5
1206050 1209.1
1206060 1208.1
1206070 1208.1
1206080 1206.5
1206090 1204.5
1206100 1204.5
1206110 1202.9
1206120 1201.7
1206130 1201.7
1206140 1200.8
1206150 1199.4
1206160 1199.4
1206170 1198.3
1206180 1197.2
1206190 1197.2
1206200 1196.2
1206210 1194.8
1206220 1194.8
1206230 1193.2
1206240 1191.2
1206250 1191.2
1206260 1188.7
1206270 1186.4
1206280 1186.4
1206290 1184.3
1206300 1183.1
1206310 1188.1
1206320 1188.1
1206330 1187.6
1206340 1187.7
1206350 1187.7
1206360 1188.4
1206370 1189.5
1206380 1189.5
1206390 1190.6
1206400 1191.4
1206410 1191.4
1206420 1191.4
1206430 1191.7
1206440 1191.7
1206450 1192.7
1206460 1194.6
1206470 1194.6
1206480 1196.7
1206490 1198.7
1206500 1198.7
1206510 1200.8
1206520 1203.2
1206530 1203.2
1206540 1206.3
1206550 1209.1
1206560 1209.1
1206570 1212.3
1206580 1214.6
1206590 1216.3
1206600 1216.3
1206610 1218.5
1206620 1221.7
1206630 1221.7
1206640 1223.4
1206650 1221.5
1206660 1221.5
1206670 1217.6
1206680 1215.8
1206690 1215.8
1206700 1213.6
1206710 1211.7
1206720 1211.7
1206730 1209.1
1206740 1206.9
1206750 1206.9
1206760 1204.9
1206770 1202.7
1206780 1202.7
1206790 1201.7
1206800 1201.4
1206810 1201.4
1206820 1199.8
1206830 1198.0
1206840 1198.0
1206850 1196.4
1206860 1194.1
1206870 1194.1
1206880 1192.1
1206890 1190.5
1206900 1188.6
1206910 1188.6
1206920 1187.0
1206930 1185.8
1206940 1185.8
1206950 1185.9
1206960 1185.6
1206970 1185.6
1206980 1185.1
1206990 1183.7
1207000 1183.7
1207010 1181.0
1207020 1176.5
1207030 1176.5
1207040 1172.8
1207050 1171.0
1207060 1171.0
1207070 1170.1
1207080 1167.4
1207090 1167.4
1207100 1165.5
1207110 1165.3
1207120 1165.3
1207130 1163.9
1207140 1161.4
1207150 1161.4
1207160 1157.8
1207170 1153.6
1207180 1149.1
1207190 1149.1
1207200 1144.8
1207210 1140.8
1207220 1140.8
1207230 1139.0
1207240 1136.0
1207250 1136.0
1207260 1134.2
1207270 1131.8
1207280 1131.8
1207290 1128.6
1207300 1124.2
1207310 1124.2
1207320 1118.2
1207330 1113.0
1207340 1113.0
1207350 1109.9
1207360 1106.6
1207370 1106.6
1207380 1101.8
1207390 1097.7
1207400 1097.7
1207410 1094.6
1207420 1093.5
1207430 1093.5
1207440 1093.1
1207450 1093.1
1207460 1093.1
1207470 1093.1
1207480 1093.1
1207490 1093.1
1207500 1093.1
1207510 1093.1
1207520 1093.1
1207530 1093.1
1207540 1093.1
1207550 1093.1
1207560 1093.1
1207570 1093.1
1207580 1093.1
1207590 1093.1
1207600 1093.1
1207610 1093.1
1207620 1093.1
1207630 1093.1
1207640 1093.1
1207650 1093.1
1207660 1093.2
1207670 1096.8
1207680 1096.8
1207690 1103.9
1207700 1106.8
1207710 1106.8
1207720 1109.1
1207730 1112.0
1207740 1112.0
1207750 1114.5
1207760 1115.6
1207770 1117.4
1207780 1117.4
1207790 1118.7
1207800 1120.3
1207810 1120.3
1207820 1122.3
1207830 1123.8
1207840 1123.8
1207850 1125.3
1207860 1126.7
1207870 1126.7
1207880 1128.1
1207890 1129.8
1207900 1129.8
1207910 1131.6
1207920 1133.3
1207930 1133.3
1207940 1134.9
1207950 1136.0
1207960 1136.0
1207970 1136.9
1207980 1137.6
1207990 1137.6
1208000 1137.9
1208010 1138.1
1208020 1138.1
1208030 1137.9
1208040 1137.6
1208050 1139.5
1208060 1139.5
1208070 1140.9
1208080 1140.5
1208090 1140.5
1208100 1139.8
1208110 1139.0
1208120 1139.0
1208130 1139.1
1208140 1139.6
1208150 1142.9
1208160 1143.6
1208170 1143.4
1208180 1143.4
1208190 1141.1
1208200 1138.1
1208210 1138.1
1208220 1135.6
1208230 1134.9
1208240 1134.9
1208250 1134.8
1208260 1135.6
1208270 1135.6
1208280 1134.7
1208290 1132.2
1208300 1132.2
1208310 1130.8
1208320 1131.3
1208330 1131.3
1208340 1132.7
1208350 1135.4
1208360 1135.8
1208370 1135.8
1208380 1135.7
1208390 1137.9
1208400 1137.9
1208410 1137.5
1208420 1138.4
1208430 1138.4
1208440 1138.6
1208450 1137.6
1208460 1137.6
1208470 1137.3
1208480 1138.0
1208490 1138.0
1208500 1137.7
1208510 1138.1
1208520 1138.1
1208530 1138.1
1208540 1136.6
1208550 1136.6
1208560 1135.2
1208570 1136.7
1208580 1136.7
1208590 1138.1
1208600 1140.1
1208610 1136.0
1208620 1137.6
1208630 1138.4
1208640 1139.4
1208650 1139.4
1208660 1139.9
1208670 1139.5
1208680 1139.5
1208690 1138.3
1208700 1137.0
1208710 1137.0
1208720 1135.6
1208730 1136.6
1208740 1136.6
1208750 1136.4
1208760 1135.3
1208770 1135.3
1208780 1134.9
1208790 1136.6
1208800 1136.6
1208810 1139.3
1208820 1142.2
1208830 1142.2
1208840 1144.8
1208850 1146.8
1208860 1146.8
1208870 1148.6
1208880 1150.9
1208890 1150.9
1208900 1153.7
1208910 1156.5
1208920 1156.5
1208930 1159.0
1208940 1161.4
1208950 1162.9
1208960 1162.9
1208970 1164.3
1208980 1165.9
1208990 1165.9
1209000 1166.1
1209010 1165.8
1209020 1165.8
1209030 1166.5
1209040 1166.9
1209050 1166.9
1209060 1167.3
1209070 1164.7
1209080 1164.7
1209090 1164.3
1209100 1168.3
1209110 1168.3
1209120 1171.7
1209130 1172.2
1209140 1172.2
1209150 1171.3
1209160 1169.6
1209170 1169.6
1209180 1167.7
1209190 1164.7
1209200 1164.7
1209210 1162.0
1209220 1162.3
1209230 1161.6
1209240 1161.6
1209250 1160.6
1209260 1154.6
1209270 1154.6
1209280 1150.6
1209290 1147.7
1209300 1147.7
1209310 1146.6
1209320 1146.7
1209330 1146.7
1209340 1145.8
1209350 1145.5
1209360 1145.5
1209370 1148.0
1209380 1149.7
1209390 1149.7
1209400 1151.6
1209410 1152.1
1209420 1152.1
1209430 1148.0
1209440 1143.2
1209450 1143.2
1209460 1142.3
1209470 1142.8
1209480 1142.8
1209490 1140.5
1209500 1136.7
1209510 1136.7
1209520 1132.1
1209530 1127.3
1209540 1125.2
1209550 1125.2
1209560 1120.3
1209570 1115.8
1209580 1115.8
1209590 1113.8
1209600 1113.7
1209610 1113.7
1209620 1114.5
1209630 1115.0
1209640 1115.0
1209650 1114.6
1209660 1114.2
1209670 1114.2
1209680 1113.9
1209690 1113.6
1209700 1113.6
1209710 1113.7
1209720 1117.2
1209730 1117.2
1209740 1123.0
1209750 1126.5
1209760 1126.5
1209770 1127.7
1209780 1127.7
1209790 1127.7
1209800 1128.6
1209810 1130.3
1209820 1130.3
1209830 1130.3
1209840 1129.9
1209850 1127.5
1209860 1127.5
1209870 1126.5
1209880 1123.5
1209890 1123.5
1209900 1120.5
1209910 1116.6
1209920 1116.6
1209930 1113.0
1209940 1109.6
1209950 1109.6
1209960 1106.8
1209970 1105.8
1209980 1105.8
1209990 1103.3
1210000 1095.4
1210010 1095.4
1210020 1091.0
1210030 1087.5
1210040 1087.5
1210050 1085.3
1210060 1082.9
1210070 1082.9
1210080 1081.6
1210090 1081.5
1210100 1081.5
1210110 1081.5
1210120 1081.5
1210130 1081.5
1210140 1081.5
1210150 1081.5
1210160 1081.5
1210170 1081.5
1210180 1081.5
1210190 1081.5
1210200 1081.5
1210210 1081.5
1210220 1081.5
1210230 1081.5
1210240 1081.5
1210250 1081.5
1210260 1081.5
1210270 1081.5
1210280 1081.6
1210290 1081.6
1210300 1082.2
1210310 1082.3
1210320 1082.3
1210330 1082.4
1210340 1081.6
1210350 1081.6
1210360 1081.5
1210370 1081.5
1210380 1081.5
1210390 1081.5
1210400 1081.5
1210410 1081.5
1210420 1081.5
1210430 1081.5
1210440 1081.5
1210450 1081.5
1210460 1081.5
1210470 1081.5
1210480 1081.5
1210490 1081.9
1210500 1082.9
1210510 1082.9
1210520 1083.9
1210530 1084.6
1210540 1084.6
1210550 1085.6
1210560 1086.5
1210570 1086.5
1210580 1087.6
1210590 1089.1
1210600 1089.1
1210610 1091.1
1210620 1092.7
1210630 1092.7
1210640 1092.0
1210650 1091.2
1210660 1091.2
1210670 1090.9
1210680 1090.9
1210690 1090.9
1210700 1091.7
1210710 1092.8
1210720 1093.9
1210730 1093.9
1210740 1095.7
1210750 1098.3
1210760 1098.3
1210770 1100.7
1210780 1103.5
1210790 1103.5
1210800 1105.5
1210810 1106.9
1210820 1106.9
1210830 1107.9
1210840 1107.4
1210850 1107.4
1210860 1105.1
1210870 1105.1
1210880 1105.1
1210890 1105.1
1210900 1102.2
1210910 1102.2
1210920 1100.2
1210930 1102.1
1210940 1102.1
1210950 1102.4
1210960 1103.2
1210970 1103.2
1210980 1102.8
1210990 1102.0
1211000 1102.1
1211010 1102.1
1211020 1102.0
1211030 1102.6
1211040 1102.6
1211050 1103.5
1211060 1104.1
1211070 1104.1
1211080 1105.0
1211090 1106.2
1211100 1106.2
1211110 1108.1
1211120 1110.0
1211130 1110.0
1211140 1110.6
1211150 1111.2
1211160 1111.2
1211170 1112.0
1211180 1113.8
1211190 1113.8
1211200 1114.6
1211210 1114.9
1211220 1114.9
1211230 1115.2
1211240 1115.6
1211250 1115.6
1211260 1116.0
1211270 1116.4
1211280 1116.4
1211290 1116.9
1211300 1117.6
1211310 1118.4
1211320 1118.4
1211330 1119.1
1211340 1119.8
1211350 1119.8
1211360 1120.9
1211370 1122.4
1211380 1122.4
1211390 1123.7
1211400 1125.1
1211410 1125.1
1211420 1126.4
1211430 1128.1
1211440 1128.1
1211450 1129.6
1211460 1131.5
1211470 1131.5
1211480 1133.7
1211490 1136.4
1211500 1136.4
1211510 1138.5
1211520 1139.5
1211530 1139.5
1211540 1140.4
1211550 1142.8
1211560 1142.8
1211570 1145.2
1211580 1146.4
1211590 1147.8
1211600 1147.8
1211610 1149.3
1211620 1150.8
1211630 1150.8
1211640 1155.3
1211650 1160.8
1211660 1160.8
1211670 1166.2
1211680 1170.6
1211690 1170.6
1211700 1174.6
1211710 1177.9
1211720 1177.9
1211730 1180.8
1211740 1182.7
1211750 1182.7
1211760 1182.6
1211770 1184.0
1211780 1184.0
1211790 1187.9
1211800 1190.2
1211810 1190.2
1211820 1192.8
1211830 1194.4
1211840 1194.4
1211850 1195.9
1211860 1197.1
1211870 1199.0
1211880 1200.6
1211890 1202.5
1211900 1204.2
1211910 1204.2
1211920 1205.5
1211930 1207.4
1211940 1207.4
1211950 1209.1
1211960 1210.3
1211970 1210.3
1211980 1211.4
1211990 1214.4
1212000 1214.4
1212010 1215.2
1212020 1215.1
1212030 1215.1
1212040 1216.7
1212050 1218.1
1212060 1218.1
1212070 1219.7
1212080 1221.2
1212090 1221.2
1212100 1222.7
1212110 1223.9
1212120 1223.9
1212130 1225.0
1212140 1226.0
1212150 1226.0
1212160 1227.3
1212170 1229.1
1212180 1230.6
1212190 1230.6
1212200 1232.4
1212210 1234.5
1212220 1234.5
1212230 1236.8
1212240 1238.9
1212250 1238.9
1212260 1240.1
1212270 1241.6
1212280 1241.6
1212290 1243.1
1212300 1244.7
1212310 1244.7
1212320 1246.3
1212330 1249.6
1212340 1249.6
1212350 1251.5
1212360 1253.5
1212370 1253.5
1212380 1255.1
1212390 1256.7
1212400 1256.7
1212410 1258.9
1212420 1260.5
1212430 1260.5
1212440 1261.9
1212450 1262.9
1212460 1262.9
1212470 1264.1
1212480 1265.8
1212490 1266.6
1212500 1266.6
1212510 1268.1
1212520 1270.9
1212530 1270.9
1212540 1273.1
1212550 1275.8
1212560 1275.8
1212570 1278.9
1212580 1284.5
1212590 1284.5
1212600 1291.0
1212610 1297.7
1212620 1297.7
1212630 1304.5
1212640 1311.3
1212650 1311.3
1212660 1317.9
1212670 1324.5
1212680 1324.5
1212690 1331.6
1212700 1339.0
1212710 1339.0
1212720 1346.1
1212730 1353.8
1212740 1353.8
1212750 1360.9
1212760 1368.2
1212770 1375.0
1212780 1375.0
1212790 1380.2
1212800 1381.0
1212810 1381.0
1212820 1384.3
1212830 1388.3
1212840 1388.3
1212850 1394.6
1212860 1401.7
1212870 1401.7
1212880 1407.4
1212890 1410.9
1212900 1410.9
1212910 1415.5
1212920 1420.4
1212930 1420.4
1212940 1425.0
1212950 1430.2
1212960 1430.2
1212970 1436.1
1212980 1441.7
1212990 1441.7
1213000 1447.8
1213010 1454.6
1213020 1454.6
1213030 1461.7
1213040 1469.1
1213050 1469.1
1213060 1476.4
1213070 1483.9
1213080 1491.9
1213090 1491.9
1213100 1500.1
1213110 1508.1
1213120 1508.1
1213130 1516.2
1213140 1524.7
1213150 1524.7
1213160 1533.9
1213170 1543.8
1213180 1543.8
1213190 1553.3
1213200 1561.2
1213210 1561.2
1213220 1567.2
1213230 1572.1
1213240 1572.1
1213250 1578.2
1213260 1587.1
1213270 1590.9
1213280 1600.7
1213290 1608.5
1213300 1608.5
1213310 1615.7
1213320 1623.3
1213330 1623.3
1213340 1630.4
1213350 1631.7
1213360 1621.8
1213370 1621.8
1213380 1608.5
1213390 1602.8
1213400 1602.8
1213410 1598.3
1213420 1600.1
1213430 1600.1
1213440 1601.0
1213450 1597.7
1213460 1597.7
1213470 1594.5
1213480 1593.3
1213490 1593.3
1213500 1594.4
1213510 1595.8
1213520 1595.8
1213530 1597.1
1213540 1602.1
1213550 1602.1
1213560 1605.5
1213570 1604.0
1213580 1604.0
1213590 1606.1
1213600 1609.3
1213610 1609.3
1213620 1611.0
1213630 1610.5
1213640 1610.5
1213650 1608.9
1213660 1606.9
1213670 1605.1
1213680 1605.1
1213690 1604.2
1213700 1605.5
1213710 1605.5
1213720 1605.8
1213730 1603.0
1213740 1611.0
1213750 1609.8
1213760 1607.5
1213770 1607.5
1213780 1605.2
1213790 1601.0
1213800 1601.0
1213810 1597.9
1213820 1595.6
1213830 1595.6
1213840 1593.6
1213850 1592.4
1213860 1592.4
1213870 1590.0
1213880 1587.1
1213890 1587.1
1213900 1583.9
1213910 1581.0
1213920 1581.0
1213930 1577.5
1213940 1576.9
1213950 1579.2
1213960 1579.2
1213970 1578.9
1213980 1572.2
1213990 1572.2
1214000 1566.0
1214010 1560.3
1214020 1560.3
1214030 1555.3
1214040 1553.3
1214050 1553.3
1214060 1553.1
1214070 1549.9
1214080 1549.9
1214090 1547.4
1214100 1548.7
1214110 1548.7
1214120 1548.8
1214130 1549.0
1214140 1549.0
1214150 1549.5
1214160 1550.8
1214170 1550.8
1214180 1551.5
1214190 1553.9
1214200 1553.9
1214210 1560.8
1214220 1561.6
1214230 1561.6
1214240 1562.2
1214250 1561.7
1214260 1561.6
1214270 1561.6
1214280 1560.5
1214290 1559.6
1214300 1559.6
1214310 1559.5
1214320 1557.7
1214330 1557.7
1214340 1556.5
1214350 1558.7
1214360 1558.7
1214370 1576.4
1214380 1611.1
1214390 1611.1
1214400 1642.4
1214410 1665.9
1214420 1665.9
1214430 1681.1
1214440 1693.3
1214450 1693.3
1214460 1701.9
1214470 1713.0
1214480 1713.0
1214490 1719.7
1214500 1723.0
1214510 1723.0
1214520 1724.5
1214530 1723.4
1214540 1721.7
1214550 1721.7
1214560 1720.9
1214570 1721.9
1214580 1721.9
1214590 1721.3
1214600 1720.5
1214610 1720.5
1214620 1719.3
1214630 1714.8
1214640 1714.8
1214650 1707.5
1214660 1694.1
1214670 1694.1
1214680 1681.9
1214690 1683.3
1214700 1683.3
1214710 1676.0
1214720 1664.3
1214730 1664.3
1214740 1651.8
1214750 1648.7
1214760 1648.7
1214770 1648.5
1214780 1645.2
1214790 1645.2
1214800 1642.6
1214810 1638.7
1214820 1631.9
1214830 1631.9
1214840 1629.4
1214850 1635.6
1214860 1635.6
1214870 1643.1
1214880 1657.3
1214890 1657.3
1214900 1675.8
1214910 1691.5
1214920 1691.5
1214930 1705.8
1214940 1714.8
1214950 1714.8
1214960 1716.6
1214970 1710.5
1214980 1710.5
1214990 1710.2
1215000 1711.3
1215010 1711.3
1215020 1710.0
1215030 1722.8
1215040 1722.8
1215050 1719.6
1215060 1716.4
1215070 1716.4
1215080 1709.8
1215090 1705.9
1215100 1705.9
1215110 1706.5
1215120 1720.6
1215130 1768.2
1215140 1768.2
1215150 1847.4
1215160 1897.2
1215170 1897.2
1215180 1907.7
1215190 1907.7
1215200 1907.7
1215210 1898.9
1215220 1890.4
1215230 1890.4
1215240 1884.1
1215250 1882.4
1215260 1882.4
1215270 1883.8
1215280 1876.7
1215290 1876.7
1215300 1870.6
1215310 1868.7
1215320 1868.7
1215330 1867.7
1215340 1870.8
1215350 1870.8
1215360 1876.3
1215370 1882.4
1215380 1882.4
1215390 1888.7
1215400 1895.3
1215410 1901.8
1215420 1901.8
1215430 1908.2
1215440 1914.8
1215450 1914.8
1215460 1920.2
1215470 1923.3
1215480 1923.3
1215490 1927.6
1215500 1951.4
1215510 1951.4
1215520 1969.1
1215530 1966.1
1215540 1966.1
1215550 1960.7
1215560 1972.2
1215570 1972.2
1215580 1999.0
1215590 2008.7
1215600 2008.7
1215610 2007.8
1215620 2041.8
1215630 2053.6
1215640 2085.3
1215650 2093.3
1215660 2093.3
1215670 2100.7
1215680 2101.9
1215690 2101.9
1215700 2104.7
1215710 2106.5
1215720 2105.3
1215730 2105.3
1215740 2104.7
1215750 2105.3
1215760 2105.3
1215770 2105.8
1215780 2093.5
1215790 2093.5
1215800 2081.0
1215810 2072.3
1215820 2072.3
1215830 2062.7
1215840 2054.6
1215850 2054.6
1215860 2048.7
1215870 2042.7
1215880 2042.7
1215890 2036.2
1215900 2030.2
1215910 2030.2
1215920 2024.2
1215930 2018.5
1215940 2018.5
1215950 2014.8
1215960 2010.7
1215970 2010.7
1215980 2006.5
1215990 2002.5
1216000 1999.1
1216010 1999.1
1216020 1997.0
1216030 1995.6
1216040 1995.6
1216050 1992.8
1216060 1988.9
1216070 1988.9
1216080 1985.3
1216090 1982.6
1216100 1982.6
1216110 1977.0
1216120 1971.1
1216130 1971.1
1216140 1965.3
1216150 1953.2
1216160 1953.2
1216170 1944.3
1216180 1938.8
1216190 1938.8
1216200 1933.1
1216210 1930.2
1216220 1930.2
1216230 1927.8
1216240 1924.6
1216250 1924.6
1216260 1920.6
1216270 1916.7
1216280 1916.7
1216290 1913.1
1216300 1909.2
1216310 1905.8
1216320 1905.8
1216330 1904.5
1216340 1903.2
1216350 1903.2
1216360 1901.8
1216370 1900.0
1216380 1900.0
1216390 1897.9
1216400 1895.8
1216410 1895.8
1216420 1896.7
1216430 1895.3
1216440 1895.3
1216450 1888.6
1216460 1881.3
1216470 1881.3
1216480 1875.2
1216490 1869.1
1216500 1869.1
1216510 1861.7
1216520 1852.0
1216530 1852.0
1216540 1842.5
1216550 1836.1
1216560 1836.1
1216570 1831.1
1216580 1825.5
1216590 1821.0
1216600 1821.0
1216610 1817.4
1216620 1815.2
1216630 1815.2
1216640 1812.9
1216650 1808.6
1216660 1808.6
1216670 1802.3
1216680 1796.6
1216690 1796.6
1216700 1793.5
1216710 1786.2
1216720 1786.2
1216730 1781.0
1216740 1778.4
1216750 1778.4
1216760 1775.6
1216770 1772.8
1216780 1772.8
1216790 1769.9
1216800 1767.3
1216810 1767.3
1216820 1765.7
1216830 1762.7
1216840 1762.7
1216850 1756.8
1216860 1752.9
1216870 1752.9
1216880 1749.5
1216890 1746.4
1216900 1745.6
1216910 1745.6
1216920 1746.2
1216930 1748.9
1216940 1748.9
1216950 1751.8
1216960 1754.0
1216970 1754.0
1216980 1753.9
1216990 1751.5
1217000 1751.5
1217010 1749.4
1217020 1746.9
1217030 1746.9
1217040 1743.4
1217050 1741.4
1217060 1747.8
1217070 1746.0
1217080 1745.1
1217090 1745.1
1217100 1741.4
1217110 1731.3
1217120 1731.3
1217130 1723.6
1217140 1718.9
1217150 1718.9
1217160 1714.2
1217170 1711.3
1217180 1706.5
1217190 1706.5
1217200 1703.4
1217210 1703.9
1217220 1703.9
1217230 1705.3
1217240 1706.5
1217250 1706.5
1217260 1708.3
1217270 1711.1
1217280 1711.1
1217290 1713.1
1217300 1717.1
1217310 1717.1
1217320 1722.4
1217330 1728.1
1217340 1728.1
1217350 1733.6
1217360 1739.3
1217370 1739.3
1217380 1745.4
1217390 1751.2
1217400 1751.2
1217410 1756.8
1217420 1763.0
1217430 1763.0
1217440 1769.2
1217450 1775.3
1217460 1775.3
1217470 1781.3
1217480 1787.4
1217490 1793.6
1217500 1793.6
1217510 1799.6
1217520 1805.8
1217530 1805.8
1217540 1812.5
1217550 1818.8
1217560 1818.8
1217570 1825.3
1217580 1831.9
1217590 1831.9
1217600 1838.1
1217610 1844.5
1217620 1844.5
1217630 1851.0
1217640 1857.2
1217650 1857.2
1217660 1863.7
1217670 1870.4
1217680 1870.4
1217690 1876.6
1217700 1882.2
1217710 1882.2
1217720 1888.2
1217730 1894.9
1217740 1894.9
1217750 1901.6
1217760 1908.4
1217770 1915.6
1217780 1915.6
1217790 1923.1
1217800 1930.6
1217810 1930.6
1217820 1937.5
1217830 1945.7
1217840 1945.7
1217850 1956.4
1217860 1962.5
1217870 1962.5
1217880 1968.6
1217890 1976.0
1217900 1976.0
1217910 1982.7
1217920 1989.5
1217930 1989.5
1217940 1996.3
1217950 2004.5
1217960 2004.5
1217970 2012.8
1217980 2021.6
1217990 2021.6
1218000 2032.5
1218010 2039.9
1218020 2039.9
1218030 2047.3
1218040 2056.9
1218050 2056.9
1218060 2066.6
1218070 2074.5
1218080 2083.7
1218090 2083.7
1218100 2092.5
1218110 2101.2
1218120 2101.2
1218130 2109.8
1218140 2119.8
1218150 2119.8
1218160 2132.7
1218170 2151.8
1218180 2151.8
1218190 2171.5
1218200 2183.0
1218210 2183.0
1218220 2192.1
1218230 2200.1
1218240 2200.1
1218250 2208.0
1218260 2216.4
1218270 2216.4
1218280 2224.3
1218290 2232.5
1218300 2232.5
1218310 2241.1
1218320 2251.9
1218330 2251.9
1218340 2272.4
1218350 2279.4
1218360 2280.0
1218370 2280.0
1218380 2287.7
1218390 2299.4
1218400 2299.4
1218410 2312.5
1218420 2329.3
1218430 2329.3
1218440 2343.4
1218450 2352.4
1218460 2352.4
1218470 2358.9
1218480 2359.6
1218490 2349.1
1218500 2352.3
1218510 2359.5
1218520 2359.5
1218530 2360.9
1218540 2359.6
1218550 2359.6
1218560 2363.9
1218570 2372.4
1218580 2372.4
1218590 2376.5
1218600 2377.9
1218610 2377.9
1218620 2385.7
1218630 2391.1
1218640 2391.1
1218650 2400.0
1218660 2399.2
1218670 2388.4
1218680 2388.4
1218690 2376.5
1218700 2366.2
1218710 2366.2
1218720 2357.8
1218730 2343.6
1218740 2343.6
1218750 2333.8
1218760 2322.0
1218770 2322.0
1218780 2306.6
1218790 2299.7
1218800 2299.7
1218810 2295.5
1218820 2290.7
1218830 2290.7
1218840 2287.7
1218850 2278.8
1218860 2278.8
1218870 2265.5
1218880 2247.1
1218890 2247.1
1218900 2225.4
1218910 2216.5
1218920 2216.5
1218930 2215.3
1218940 2211.1
1218950 2199.5
1218960 2199.5
1218970 2173.5
1218980 2164.3
1218990 2164.3
1219000 2162.1
1219010 2162.4
1219020 2162.4
1219030 2163.3
1219040 2164.3
1219050 2164.3
1219060 2163.7
1219070 2162.7
1219080 2162.7
1219090 2160.6
1219100 2158.0
1219110 2158.0
1219120 2154.9
1219130 2151.6
1219140 2151.6
1219150 2148.4
1219160 2145.4
1219170 2145.4
1219180 2142.2
1219190 2138.7
1219200 2138.7
1219210 2135.3
1219220 2131.4
1219230 2127.7
1219240 2127.7
1219250 2123.5
1219260 2118.3
1219270 2118.3
1219280 2112.8
1219290 2107.4
1219300 2107.4
1219310 2102.1
1219320 2096.8
1219330 2096.8
1219340 2092.0
1219350 2089.3
1219360 2089.3
1219370 2087.4
1219380 2083.9
1219390 2083.9
1219400 2080.0
1219410 2076.0
1219420 2076.0
1219430 2071.8
1219440 2067.9
1219450 2063.2
1219460 2059.9
1219470 2057.2
1219480 2057.2
1219490 2056.3
1219500 2058.3
1219510 2058.3
1219520 2058.6
1219530 2053.3
1219540 2046.4
1219550 2046.4
1219560 2039.7
1219570 2033.4
1219580 2033.4
1219590 2028.0
1219600 2022.6
1219610 2022.6
1219620 2015.9
1219630 2008.8
1219640 2008.8
1219650 2001.8
1219660 1995.0
1219670 1995.0
1219680 1988.2
1219690 1981.7
1219700 1981.7
1219710 1975.6
1219720 1969.7
1219730 1969.7
1219740 1964.4
1219750 1960.7
1219760 1960.7
1219770 1957.1
1219780 1953.9
1219790 1953.9
1219800 1952.2
1219810 1952.6
1219820 1950.5
1219830 1950.5
1219840 1947.6
1219850 1947.6
1219860 1947.6
1219870 1946.2
1219880 1944.5
1219890 1944.5
1219900 1942.9
1219910 1941.3
1219920 1941.3
1219930 1943.6
1219940 1942.5
1219950 1942.5
1219960 1942.0
1219970 1938.6
1219980 1938.6
1219990 1934.1
