1200000 2272.5
1200010 2268.7
1200020 2262.9
1200030 2262.9
1200040 2256.5
1200050 2250.6
1200060 2250.6
1200070 2249.5
1200080 2250.7
1200090 2246.1
1200100 2246.1
1200110 2239.4
1200120 2237.1
1200130 2237.1
1200140 2234.9
1200150 2230.7
1200160 2230.7
1200170 2226.6
1200180 2223.3
1200190 2223.3
1200200 2220.3
1200210 2211.1
1200220 2211.1
1200230 2207.6
1200240 2204.2
1200250 2204.2
1200260 2201.5
1200270 2198.4
1200280 2198.4
1200290 2194.7
1200300 2192.7
1200310 2192.7
1200320 2190.4
1200330 2188.6
1200340 2188.6
1200350 2187.0
1200360 2184.9
1200370 2184.9
1200380 2184.1
1200390 2182.9
1200400 2181.1
1200410 2181.1
1200420 2179.5
1200430 2177.4
1200440 2177.4
1200450 2174.0
1200460 2172.7
1200470 2172.7
1200480 2171.0
1200490 2168.4
1200500 2168.4
1200510 2166.0
1200520 2163.7
1200530 2163.7
1200540 2161.5
1200550 2156.3
1200560 2156.3
1200570 2154.2
1200580 2154.3
1200590 2154.3
1200600 2151.7
1200610 2146.4
1200620 2146.4
1200630 2143.3
1200640 2144.2
1200650 2144.2
1200660 2135.8
1200670 2130.3
1200680 2123.6
1200690 2123.6
1200700 2117.9
1200710 2112.2
1200720 2112.2
1200730 2106.9
1200740 2101.3
1200750 2101.3
1200760 2095.7
1200770 2090.1
1200780 2090.1
1200790 2084.0
1200800 2077.9
1200810 2077.9
1200820 2071.9
1200830 2066.8
1200840 2066.8
1200850 2065.2
1200860 2059.0
1200870 2059.0
1200880 2048.9
1200890 2039.8
1200900 2039.8
1200910 2033.2
1200920 2025.0
1200930 2025.0
1200940 2013.5
1200950 2002.8
1200960 2002.8
1200970 1992.9
1200980 1983.4
1200990 1978.9
1201000 1978.9
1201010 1975.0
1201020 1970.4
1201030 1970.4
1201040 1965.1
1201050 1960.5
1201060 1960.5
1201070 1954.7
1201080 1949.2
1201090 1949.2
1201100 1931.5
1201110 1927.6
1201120 1927.6
1201130 1923.5
1201140 1923.4
1201150 1923.4
1201160 1920.1
1201170 1912.3
1201180 1912.3
1201190 1902.8
1201200 1900.9
1201210 1900.9
1201220 1891.3
1201230 1881.6
1201240 1881.6
1201250 1876.3
1201260 1875.7
1201270 1875.2
1201280 1875.2
1201290 1874.8
1201300 1871.9
1201310 1871.9
1201320 1866.3
1201330 1859.2
1201340 1859.2
1201350 1852.0
1201360 1844.3
1201370 1844.3
1201380 1836.7
1201390 1829.9
1201400 1829.9
1201410 1824.0
1201420 1818.9
1201430 1818.9
1201440 1814.8
1201450 1811.1
1201460 1811.1
1201470 1809.1
1201480 1798.7
1201490 1798.7
1201500 1789.9
1201510 1785.0
1201520 1785.0
1201530 1780.7
1201540 1776.0
1201550 1769.4
1201560 1765.0
1201570 1758.9
1201580 1753.8
1201590 1753.8
1201600 1749.9
1201610 1745.4
1201620 1745.4
1201630 1740.9
1201640 1736.3
1201650 1736.3
1201660 1731.7
1201670 1726.6
1201680 1726.6
1201690 1721.5
1201700 1716.2
1201710 1716.2
1201720 1712.1
1201730 1710.9
1201740 1710.9
1201750 1711.1
1201760 1706.3
1201770 1706.3
1201780 1701.5
1201790 1691.1
1201800 1691.1
1201810 1677.8
1201820 1671.6
1201830 1671.6
1201840 1665.1
1201850 1659.7
1201860 1651.6
1201870 1651.6
1201880 1644.1
1201890 1638.5
1201900 1638.5
1201910 1633.2
1201920 1627.8
1201930 1627.8
1201940 1622.2
1201950 1617.0
1201960 1617.0
1201970 1611.9
1201980 1606.8
1201990 1606.8
1202000 1601.9
1202010 1594.1
1202020 1594.1
1202030 1590.0
1202040 1585.1
1202050 1585.1
1202060 1580.1
1202070 1575.3
1202080 1575.3
1202090 1570.4
1202100 1565.6
1202110 1565.6
1202120 1560.9
1202130 1555.9
1202140 1552.0
1202150 1552.0
1202160 1548.6
1202170 1544.3
1202180 1544.3
1202190 1539.9
1202200 1535.3
1202210 1535.3
1202220 1529.9
1202230 1524.7
1202240 1524.7
1202250 1520.3
1202260 1515.5
1202270 1515.5
1202280 1511.7
1202290 1508.2
1202300 1508.2
1202310 1503.3
1202320 1497.8
1202330 1497.8
1202340 1493.0
1202350 1489.3
1202360 1489.3
1202370 1485.7
1202380 1482.0
1202390 1482.0
1202400 1478.1
1202410 1473.9
1202420 1473.9
1202430 1471.3
1202440 1467.5
1202450 1463.7
1202460 1458.8
1202470 1455.4
1202480 1452.7
1202490 1452.7
1202500 1449.2
1202510 1444.9
1202520 1444.9
1202530 1441.5
1202540 1438.3
1202550 1438.3
1202560 1434.0
1202570 1430.3
1202580 1430.3
1202590 1426.3
1202600 1422.6
1202610 1422.6
1202620 1419.8
1202630 1418.1
1202640 1418.1
1202650 1414.3
1202660 1410.2
1202670 1410.2
1202680 1405.9
1202690 1401.5
1202700 1401.5
1202710 1397.4
1202720 1393.6
1202730 1390.0
1202740 1390.0
1202750 1386.5
1202760 1383.0
1202770 1383.0
1202780 1379.4
1202790 1376.0
1202800 1376.0
1202810 1372.0
1202820 1367.8
1202830 1367.8
1202840 1363.5
1202850 1359.7
1202860 1359.7
1202870 1357.4
1202880 1355.6
1202890 1355.6
1202900 1353.5
1202910 1346.8
1202920 1346.8
1202930 1344.2
1202940 1341.3
1202950 1341.3
1202960 1338.4
1202970 1335.1
1202980 1335.1
1202990 1331.9
1203000 1328.3
1203010 1328.3
1203020 1324.6
1203030 1321.5
1203040 1318.0
1203050 1318.0
1203060 1314.2
1203070 1311.2
1203080 1311.2
1203090 1308.1
1203100 1305.1
1203110 1305.1
1203120 1302.5
1203130 1299.3
1203140 1299.3
1203150 1296.8
1203160 1294.7
1203170 1294.7
1203180 1293.1
1203190 1291.9
1203200 1291.9
1203210 1290.9
1203220 1290.5
1203230 1290.5
1203240 1290.1
1203250 1290.1
1203260 1290.1
1203270 1288.8
1203280 1288.3
1203290 1288.3
1203300 1288.4
1203310 1288.5
1203320 1288.5
1203330 1288.5
1203340 1289.4
1203350 1290.0
1203360 1284.1
1203370 1285.7
1203380 1286.9
1203390 1286.9
1203400 1287.5
1203410 1287.9
1203420 1287.9
1203430 1289.4
1203440 1290.6
1203450 1290.6
1203460 1290.7
1203470 1289.8
1203480 1289.8
1203490 1289.3
1203500 1289.3
1203510 1289.3
1203520 1289.3
1203530 1289.9
1203540 1289.9
1203550 1290.7
1203560 1290.7
1203570 1290.7
1203580 1291.8
1203590 1293.2
1203600 1293.2
1203610 1293.9
1203620 1293.7
1203630 1294.6
1203640 1294.6
1203650 1295.6
1203660 1294.8
1203670 1294.8
1203680 1293.9
1203690 1294.7
1203700 1294.7
1203710 1293.9
1203720 1292.5
1203730 1292.5
1203740 1290.8
1203750 1289.7
1203760 1289.7
1203770 1288.4
1203780 1287.2
1203790 1287.2
1203800 1286.0
1203810 1284.8
1203820 1284.4
1203830 1283.7
1203840 1281.7
1203850 1281.7
1203860 1277.4
1203870 1274.0
1203880 1274.0
1203890 1274.6
1203900 1275.9
1203910 1276.6
1203920 1276.6
1203930 1277.8
1203940 1278.4
1203950 1278.4
1203960 1277.9
1203970 1277.8
1203980 1277.8
1203990 1277.5
1204000 1276.2
1204010 1276.2
1204020 1274.5
1204030 1272.6
1204040 1272.6
1204050 1271.1
1204060 1269.3
1204070 1269.3
1204080 1267.3
1204090 1265.6
1204100 1265.6
1204110 1263.8
1204120 1261.8
1204130 1261.8
1204140 1259.6
1204150 1257.2
1204160 1257.2
1204170 1253.2
1204180 1248.5
1204190 1248.5
1204200 1244.5
1204210 1241.3
1204220 1239.0
1204230 1239.0
1204240 1236.5
1204250 1233.6
1204260 1233.6
1204270 1229.8
1204280 1225.8
1204290 1225.8
1204300 1222.0
1204310 1218.4
1204320 1218.4
1204330 1214.7
1204340 1211.4
1204350 1211.4
1204360 1207.9
1204370 1204.8
1204380 1204.8
1204390 1202.1
1204400 1200.5
1204410 1200.5
1204420 1198.6
1204430 1196.7
1204440 1196.7
1204450 1195.5
1204460 1194.2
1204470 1194.2
1204480 1193.3
1204490 1192.5
1204500 1191.3
1204510 1191.3
1204520 1190.7
1204530 1190.2
1204540 1190.2
1204550 1189.7
1204560 1189.9
1204570 1189.9
1204580 1189.9
1204590 1189.9
1204600 1189.9
1204610 1188.4
1204620 1185.3
1204630 1185.3
1204640 1181.7
1204650 1177.4
1204660 1177.4
1204670 1172.6
1204680 1170.8
1204690 1170.8
1204700 1170.3
1204710 1170.2
1204720 1170.2
1204730 1169.1
1204740 1169.8
1204750 1169.8
1204760 1170.0
1204770 1170.3
1204780 1170.3
1204790 1171.0
1204800 1172.6
1204810 1171.0
1204820 1171.0
1204830 1171.0
1204840 1170.8
1204850 1170.8
1204860 1170.5
1204870 1169.9
1204880 1169.9
1204890 1169.4
1204900 1169.0
1204910 1169.0
1204920 1168.7
1204930 1168.6
1204940 1168.6
1204950 1168.9
1204960 1169.9
1204970 1169.9
1204980 1171.9
1204990 1173.4
1205000 1173.4
1205010 1174.9
1205020 1176.6
1205030 1176.6
1205040 1178.2
1205050 1178.9
1205060 1178.9
1205070 1180.3
1205080 1181.7
1205090 1182.5
1205100 1182.5
1205110 1183.1
1205120 1183.4
1205130 1183.4
1205140 1183.9
1205150 1184.6
1205160 1184.6
1205170 1185.2
1205180 1181.7
1205190 1181.7
1205200 1182.0
1205210 1182.4
1205220 1182.4
1205230 1182.8
1205240 1183.2
1205250 1183.2
1205260 1183.4
1205270 1183.8
1205280 1183.8
1205290 1185.3
1205300 1187.0
1205310 1187.0
1205320 1187.6
1205330 1188.1
1205340 1188.1
1205350 1189.2
1205360 1190.2
1205370 1190.2
1205380 1190.6
1205390 1190.9
1205400 1190.9
1205410 1190.9
1205420 1190.9
1205430 1190.8
1205440 1190.8
1205450 1190.6
1205460 1190.1
1205470 1190.1
1205480 1189.7
1205490 1190.1
1205500 1190.1
1205510 1191.6
1205520 1193.7
1205530 1193.7
1205540 1195.3
1205550 1197.4
1205560 1197.4
1205570 1199.5
1205580 1201.7
1205590 1201.7
1205600 1204.3
1205610 1204.9
1205620 1204.9
1205630 1204.7
1205640 1204.6
1205650 1204.6
1205660 1206.6
1205670 1208.9
1205680 1210.4
1205690 1210.4
1205700 1210.8
1205710 1211.1
1205720 1211.1
1205730 1211.6
1205740 1212.2
1205750 1212.2
1205760 1212.3
1205770 1212.3
1205780 1212.3
1205790 1212.0
1205800 1211.1
1205810 1211.1
1205820 1209.0
1205830 1206.4
1205840 1206.4
1205850 1203.1
1205860 1200.5
1205870 1200.5
1205880 1199.0
1205890 1198.2
1205900 1198.2
1205910 1197.4
1205920 1196.1
1205930 1196.1
1205940 1194.7
1205950 1192.3
1205960 1192.3
1205970 1191.8
1205980 1191.5
1205990 1191.6
1206000 1191.6
1206010 1192.6
1206020 1194.4
1206030 1194.4
1206040 1196.9
1206050 1199.1
1206060 1199.1
1206070 1202.0
1206080 1205.2
1206090 1205.2
1206100 1210.5
1206110 1213.2
1206120 1213.2
1206130 1217.1
1206140 1220.7
1206150 1220.7
1206160 1222.7
1206170 1222.4
1206180 1222.4
1206190 1223.5
1206200 1225.2
1206210 1225.2
1206220 1226.2
1206230 1225.9
1206240 1225.9
1206250 1226.1
1206260 1226.8
1206270 1227.1
1206280 1227.1
1206290 1228.5
1206300 1229.2
1206310 1229.2
1206320 1230.4
1206330 1231.3
1206340 1231.3
1206350 1232.5
1206360 1234.6
1206370 1234.6
1206380 1236.4
1206390 1237.0
1206400 1237.0
1206410 1236.9
1206420 1236.9
1206430 1236.9
1206440 1237.4
1206450 1238.3
1206460 1238.3
1206470 1240.3
1206480 1241.1
1206490 1241.1
1206500 1242.3
1206510 1243.1
1206520 1243.1
1206530 1244.1
1206540 1245.3
1206550 1245.3
1206560 1250.8
1206570 1252.6
1206580 1253.1
1206590 1253.1
1206600 1253.6
1206610 1253.8
1206620 1253.8
1206630 1253.3
1206640 1253.2
1206650 1253.2
1206660 1252.2
1206670 1249.5
1206680 1249.5
1206690 1244.4
1206700 1237.8
1206710 1237.8
1206720 1230.6
1206730 1222.8
1206740 1222.8
1206750 1215.8
1206760 1211.8
1206770 1211.8
1206780 1207.7
1206790 1201.4
1206800 1201.4
1206810 1195.4
1206820 1191.0
1206830 1191.0
1206840 1188.6
1206850 1187.6
1206860 1187.2
1206870 1187.2
1206880 1187.4
1206890 1187.8
1206900 1187.8
1206910 1187.8
1206920 1187.7
1206930 1187.7
1206940 1187.5
1206950 1186.3
1206960 1186.3
1206970 1186.0
1206980 1186.1
1206990 1186.1
1207000 1185.8
1207010 1184.6
1207020 1184.6
1207030 1183.4
1207040 1183.5
1207050 1183.5
1207060 1183.9
1207070 1182.7
1207080 1182.7
1207090 1182.5
1207100 1183.7
1207110 1183.7
1207120 1184.5
1207130 1184.6
1207140 1184.6
1207150 1185.0
1207160 1183.0
1207170 1179.6
1207180 1179.6
1207190 1175.6
1207200 1172.0
1207210 1172.0
1207220 1168.0
1207230 1163.7
1207240 1163.7
1207250 1158.8
1207260 1152.5
1207270 1152.5
1207280 1145.8
1207290 1137.9
1207300 1137.9
1207310 1130.0
1207320 1122.6
1207330 1122.6
1207340 1115.4
1207350 1108.5
1207360 1108.5
1207370 1101.5
1207380 1095.3
1207390 1095.3
1207400 1093.2
1207410 1093.1
1207420 1093.1
1207430 1093.1
1207440 1093.1
1207450 1093.1
1207460 1093.1
1207470 1093.1
1207480 1093.1
1207490 1093.1
1207500 1093.1
1207510 1093.1
1207520 1093.1
1207530 1093.1
1207540 1093.1
1207550 1093.1
1207560 1093.1
1207570 1093.1
1207580 1093.1
1207590 1093.1
1207600 1093.1
1207610 1093.1
1207620 1093.1
1207630 1093.1
1207640 1093.1
1207650 1093.1
1207660 1093.1
1207670 1093.1
1207680 1093.1
1207690 1093.1
1207700 1093.1
1207710 1093.3
1207720 1096.2
1207730 1103.2
1207740 1103.2
1207750 1109.9
1207760 1116.5
1207770 1116.5
1207780 1120.8
1207790 1124.0
1207800 1124.0
1207810 1127.0
1207820 1131.0
1207830 1131.0
1207840 1134.4
1207850 1137.0
1207860 1137.0
1207870 1139.4
1207880 1141.3
1207890 1141.3
1207900 1142.9
1207910 1144.7
1207920 1144.7
1207930 1145.7
1207940 1149.1
1207950 1149.1
1207960 1149.2
1207970 1149.7
1207980 1149.7
1207990 1149.7
1208000 1147.9
1208010 1147.9
1208020 1146.8
1208030 1146.5
1208040 1146.6
1208050 1146.6
1208060 1146.8
1208070 1146.2
1208080 1146.2
1208090 1145.4
1208100 1144.7
1208110 1144.7
1208120 1144.5
1208130 1143.0
1208140 1143.0
1208150 1141.3
1208160 1140.5
1208170 1140.5
1208180 1139.9
1208190 1139.6
1208200 1139.6
1208210 1140.0
1208220 1141.7
1208230 1141.7
1208240 1140.3
1208250 1138.7
1208260 1138.7
1208270 1137.5
1208280 1136.1
1208290 1136.1
1208300 1134.3
1208310 1131.6
1208320 1128.9
1208330 1128.9
1208340 1125.4
1208350 1122.1
1208360 1122.1
1208370 1119.7
1208380 1117.7
1208390 1117.7
1208400 1112.5
1208410 1109.2
1208420 1109.2
1208430 1106.1
1208440 1105.7
1208450 1105.7
1208460 1104.4
1208470 1103.9
1208480 1103.9
1208490 1103.8
1208500 1102.8
1208510 1102.8
1208520 1103.4
1208530 1106.3
1208540 1106.3
1208550 1108.0
1208560 1106.5
1208570 1106.5
1208580 1106.5
1208590 1108.3
1208600 1108.3
1208610 1110.5
1208620 1112.4
1208630 1114.0
1208640 1114.0
1208650 1113.2
1208660 1112.7
1208670 1112.7
1208680 1112.6
1208690 1113.4
1208700 1113.4
1208710 1114.2
1208720 1116.1
1208730 1116.1
1208740 1118.8
1208750 1119.4
1208760 1119.4
1208770 1120.0
1208780 1120.7
1208790 1120.7
1208800 1121.1
1208810 1117.8
1208820 1117.8
1208830 1116.4
1208840 1115.2
1208850 1115.2
1208860 1114.6
1208870 1117.4
1208880 1117.4
1208890 1120.1
1208900 1121.4
1208910 1122.0
1208920 1122.0
1208930 1123.8
1208940 1125.6
1208950 1125.6
1208960 1126.4
1208970 1129.2
1208980 1129.2
1208990 1131.9
1209000 1133.3
1209010 1133.3
1209020 1136.3
1209030 1142.0
1209040 1142.0
1209050 1147.0
1209060 1151.5
1209070 1151.5
1209080 1155.6
1209090 1159.6
1209100 1159.6
1209110 1163.0
1209120 1166.2
1209130 1166.2
1209140 1169.5
1209150 1172.1
1209160 1172.1
1209170 1174.3
1209180 1176.5
1209190 1176.5
1209200 1178.9
1209210 1179.5
1209220 1179.1
1209230 1179.1
1209240 1177.7
1209250 1172.7
1209260 1172.7
1209270 1169.6
1209280 1165.5
1209290 1165.5
1209300 1159.1
1209310 1154.7
1209320 1155.3
1209330 1153.0
1209340 1151.0
1209350 1151.0
1209360 1147.5
1209370 1145.3
1209380 1145.3
1209390 1143.6
1209400 1141.8
1209410 1141.8
1209420 1142.2
1209430 1143.5
1209440 1143.5
1209450 1143.6
1209460 1143.1
1209470 1143.1
1209480 1142.6
1209490 1138.8
1209500 1134.8
1209510 1134.8
1209520 1131.5
1209530 1127.5
1209540 1127.5
1209550 1125.8
1209560 1124.9
1209570 1124.9
1209580 1120.8
1209590 1118.4
1209600 1118.4
1209610 1118.3
1209620 1117.9
1209630 1117.9
1209640 1117.0
1209650 1116.0
1209660 1116.0
1209670 1115.2
1209680 1114.2
1209690 1114.2
1209700 1113.0
1209710 1111.9
1209720 1111.9
1209730 1111.1
1209740 1110.6
1209750 1110.6
1209760 1110.4
1209770 1110.3
1209780 1110.3
1209790 1106.3
1209800 1106.2
1209810 1104.5
1209820 1104.5
1209830 1101.7
1209840 1098.5
1209850 1098.5
1209860 1095.6
1209870 1092.6
1209880 1092.6
1209890 1089.8
1209900 1086.8
1209910 1086.8
1209920 1083.5
1209930 1081.8
1209940 1081.8
1209950 1081.5
1209960 1081.5
1209970 1081.5
1209980 1081.5
1209990 1081.5
1210000 1081.5
1210010 1081.5
1210020 1081.5
1210030 1081.5
1210040 1081.5
1210050 1081.5
1210060 1081.5
1210070 1081.5
1210080 1081.5
1210090 1081.5
1210100 1081.5
1210110 1081.5
1210120 1081.5
1210130 1081.5
1210140 1081.5
1210150 1081.5
1210160 1081.5
1210170 1081.5
1210180 1081.5
1210190 1081.5
1210200 1081.5
1210210 1081.5
1210220 1081.5
1210230 1081.5
1210240 1081.5
1210250 1081.5
1210260 1081.5
1210270 1081.5
1210280 1081.5
1210290 1081.5
1210300 1081.5
1210310 1081.5
1210320 1081.5
1210330 1081.6
1210340 1081.6
1210350 1081.8
1210360 1082.2
1210370 1082.2
1210380 1082.7
1210390 1083.5
1210400 1085.1
1210410 1085.1
1210420 1088.6
1210430 1092.6
1210440 1092.6
1210450 1098.0
1210460 1101.0
1210470 1101.0
1210480 1104.2
1210490 1108.2
1210500 1108.2
1210510 1110.3
1210520 1113.6
1210530 1113.6
1210540 1114.2
1210550 1113.6
1210560 1113.6
1210570 1109.0
1210580 1105.9
1210590 1105.9
1210600 1104.3
1210610 1103.1
1210620 1103.1
1210630 1102.7
1210640 1104.4
1210650 1104.4
1210660 1106.4
1210670 1106.5
1210680 1108.0
1210690 1108.0
1210700 1115.0
1210710 1122.7
1210720 1123.8
1210730 1130.8
1210740 1137.5
1210750 1137.5
1210760 1144.6
1210770 1152.2
1210780 1152.2
1210790 1157.9
1210800 1160.4
1210810 1160.4
1210820 1161.3
1210830 1160.9
1210840 1160.9
1210850 1157.9
1210860 1152.8
1210870 1152.8
1210880 1148.2
1210890 1145.2
1210900 1145.2
1210910 1145.5
1210920 1146.1
1210930 1146.1
1210940 1145.6
1210950 1144.7
1210960 1144.7
1210970 1143.2
1210980 1140.0
1210990 1136.0
1211000 1136.0
1211010 1132.3
1211020 1129.5
1211030 1129.5
1211040 1126.2
1211050 1123.7
1211060 1123.7
1211070 1122.6
1211080 1121.2
1211090 1121.2
1211100 1119.9
1211110 1120.8
1211120 1120.8
1211130 1123.0
1211140 1125.1
1211150 1125.1
1211160 1126.7
1211170 1127.2
1211180 1129.6
1211190 1130.7
1211200 1135.5
1211210 1135.5
1211220 1136.7
1211230 1137.5
1211240 1137.5
1211250 1137.5
1211260 1136.8
1211270 1135.6
1211280 1135.6
1211290 1135.5
1211300 1133.2
1211310 1133.2
1211320 1130.4
1211330 1129.7
1211340 1129.7
1211350 1130.5
1211360 1130.9
1211370 1130.9
1211380 1131.1
1211390 1131.5
1211400 1131.5
1211410 1132.7
1211420 1133.5
1211430 1133.5
1211440 1134.0
1211450 1133.9
1211460 1133.9
1211470 1134.7
1211480 1136.2
1211490 1136.2
1211500 1137.8
1211510 1138.5
1211520 1138.5
1211530 1139.7
1211540 1140.9
1211550 1140.9
1211560 1142.0
1211570 1142.6
1211580 1142.7
1211590 1142.7
1211600 1143.7
1211610 1146.5
1211620 1146.5
1211630 1149.7
1211640 1152.0
1211650 1155.3
1211660 1157.2
1211670 1157.8
1211680 1157.8
1211690 1159.9
1211700 1164.0
1211710 1164.0
1211720 1168.3
1211730 1172.2
1211740 1172.2
1211750 1175.5
1211760 1178.2
1211770 1178.2
1211780 1181.0
1211790 1185.0
1211800 1185.0
1211810 1188.1
1211820 1190.9
1211830 1190.9
1211840 1193.8
1211850 1197.3
1211860 1200.7
1211870 1200.7
1211880 1204.4
1211890 1208.9
1211900 1208.9
1211910 1212.6
1211920 1215.0
1211930 1215.0
1211940 1217.4
1211950 1220.9
1211960 1220.9
1211970 1225.5
1211980 1229.5
1211990 1229.5
1212000 1230.9
1212010 1229.8
1212020 1229.8
1212030 1229.4
1212040 1233.0
1212050 1233.0
1212060 1235.6
1212070 1235.1
1212080 1235.1
1212090 1236.4
1212100 1237.4
1212110 1237.4
1212120 1240.6
1212130 1241.6
1212140 1241.6
1212150 1243.9
1212160 1246.5
1212170 1248.9
1212180 1248.9
1212190 1250.8
1212200 1252.7
1212210 1252.7
1212220 1253.2
1212230 1254.6
1212240 1254.6
1212250 1255.4
1212260 1256.8
1212270 1256.8
1212280 1258.8
1212290 1261.5
1212300 1261.5
1212310 1262.8
1212320 1264.0
1212330 1264.0
1212340 1265.8
1212350 1267.8
1212360 1267.8
1212370 1269.6
1212380 1271.0
1212390 1271.0
1212400 1272.9
1212410 1274.3
1212420 1274.3
1212430 1275.7
1212440 1278.1
1212450 1280.0
1212460 1280.0
1212470 1281.1
1212480 1283.7
1212490 1283.7
1212500 1284.8
1212510 1285.7
1212520 1285.7
1212530 1287.9
1212540 1290.1
1212550 1290.1
1212560 1291.3
1212570 1293.2
1212580 1293.2
1212590 1297.6
1212600 1300.6
1212610 1300.6
1212620 1301.8
1212630 1302.7
1212640 1302.7
1212650 1304.5
1212660 1306.1
1212670 1306.1
1212680 1307.4
1212690 1309.9
1212700 1309.9
1212710 1315.4
1212720 1322.0
1212730 1328.5
1212740 1328.5
1212750 1335.1
1212760 1341.9
1212770 1341.9
1212780 1348.5
1212790 1354.9
1212800 1354.9
1212810 1360.9
1212820 1367.1
1212830 1367.1
1212840 1373.1
1212850 1379.7
1212860 1379.7
1212870 1386.2
1212880 1393.0
1212890 1393.0
1212900 1400.1
1212910 1407.0
1212920 1407.0
1212930 1414.4
1212940 1422.2
1212950 1422.2
1212960 1429.9
1212970 1437.9
1212980 1437.9
1212990 1446.0
1213000 1454.3
1213010 1454.3
1213020 1462.5
1213030 1470.9
1213040 1480.3
1213050 1481.5
1213060 1493.5
1213070 1505.0
1213080 1505.0
1213090 1508.9
1213100 1515.9
1213110 1515.9
1213120 1525.1
1213130 1534.8
1213140 1534.8
1213150 1543.0
1213160 1548.2
1213170 1548.2
1213180 1550.5
1213190 1555.8
1213200 1555.8
1213210 1564.0
1213220 1573.3
1213230 1573.3
1213240 1580.7
1213250 1588.9
1213260 1588.9
1213270 1598.5
1213280 1607.6
1213290 1607.6
1213300 1616.1
1213310 1626.0
1213320 1633.9
1213330 1633.9
1213340 1632.8
1213350 1629.5
1213360 1629.5
1213370 1624.2
1213380 1617.3
1213390 1617.3
1213400 1611.2
1213410 1607.6
1213420 1607.6
1213430 1605.9
1213440 1604.3
1213450 1604.3
1213460 1605.4
1213470 1607.5
1213480 1607.5
1213490 1611.0
1213500 1613.8
1213510 1613.8
1213520 1617.8
1213530 1621.9
1213540 1621.9
1213550 1625.7
1213560 1628.8
1213570 1628.8
1213580 1630.9
1213590 1632.9
1213600 1632.9
1213610 1634.6
1213620 1634.8
1213630 1633.7
1213640 1633.7
1213650 1633.6
1213660 1636.9
1213670 1636.9
1213680 1641.4
1213690 1645.4
1213700 1645.4
1213710 1648.3
1213720 1651.0
1213730 1651.0
1213740 1653.1
1213750 1654.6
1213760 1654.6
1213770 1656.8
1213780 1658.4
1213790 1658.4
1213800 1658.4
1213810 1657.8
1213820 1657.8
1213830 1655.9
1213840 1653.4
1213850 1653.4
1213860 1653.0
1213870 1650.6
1213880 1650.6
1213890 1648.2
1213900 1647.0
1213910 1645.9
1213920 1645.9
1213930 1643.2
1213940 1638.1
1213950 1638.1
1213960 1634.3
1213970 1630.4
1213980 1630.4
1213990 1627.9
1214000 1628.1
1214010 1628.1
1214020 1625.0
1214030 1619.6
1214040 1619.6
1214050 1613.4
1214060 1608.6
1214070 1608.6
1214080 1602.8
1214090 1601.7
1214100 1601.7
1214110 1602.1
1214120 1602.8
1214130 1602.8
1214140 1605.5
1214150 1607.3
1214160 1607.3
1214170 1608.7
1214180 1610.8
1214190 1610.8
1214200 1612.0
1214210 1613.0
1214220 1614.1
1214230 1614.1
1214240 1617.3
1214250 1619.0
1214260 1619.0
1214270 1621.1
1214280 1622.7
1214290 1622.7
1214300 1636.6
1214310 1669.8
1214320 1669.8
1214330 1692.7
1214340 1717.6
1214350 1717.6
1214360 1756.1
1214370 1802.0
1214380 1802.0
1214390 1816.4
1214400 1825.5
1214410 1825.5
1214420 1834.3
1214430 1849.1
1214440 1849.1
1214450 1860.5
1214460 1866.0
1214470 1880.4
1214480 1885.3
1214490 1890.6
1214500 1889.2
1214510 1889.2
1214520 1879.7
1214530 1877.3
1214540 1877.3
1214550 1875.7
1214560 1876.8
1214570 1876.8
1214580 1874.3
1214590 1869.1
1214600 1869.1
1214610 1858.9
1214620 1846.8
1214630 1846.8
1214640 1833.7
1214650 1819.5
1214660 1819.5
1214670 1813.3
1214680 1798.1
1214690 1798.1
1214700 1788.3
1214710 1787.2
1214720 1787.2
1214730 1788.0
1214740 1788.3
1214750 1788.3
1214760 1789.9
1214770 1791.4
1214780 1791.4
1214790 1793.8
1214800 1799.1
1214810 1802.2
1214820 1802.2
1214830 1796.6
1214840 1790.9
1214850 1790.9
1214860 1788.4
1214870 1787.0
1214880 1787.0
1214890 1783.3
1214900 1779.8
1214910 1779.8
1214920 1777.6
1214930 1775.2
1214940 1780.8
1214950 1779.2
1214960 1781.2
1214970 1781.2
1214980 1793.0
1214990 1808.0
1215000 1808.0
1215010 1815.1
1215020 1827.8
1215030 1827.8
1215040 1849.4
1215050 1873.9
1215060 1873.9
1215070 1893.1
1215080 1897.3
1215090 1883.4
1215100 1883.4
1215110 1888.0
1215120 1918.9
1215130 1918.9
1215140 1949.0
1215150 1971.4
1215160 1971.4
1215170 1992.3
1215180 2012.4
1215190 2012.4
1215200 2024.1
1215210 2026.3
1215220 2026.3
1215230 2030.5
1215240 2035.2
1215250 2035.2
1215260 2036.1
1215270 2041.9
1215280 2041.9
1215290 2042.2
1215300 2045.9
1215310 2045.9
1215320 2049.1
1215330 2044.7
1215340 2044.7
1215350 2044.0
1215360 2041.2
1215370 2041.2
1215380 2035.6
1215390 2028.0
1215400 2015.8
1215410 2041.5
1215420 2036.9
1215430 2020.3
1215440 2020.3
1215450 1991.9
1215460 1975.2
1215470 1975.2
1215480 1970.9
1215490 1971.9
1215500 1971.9
1215510 1975.0
1215520 1980.4
1215530 1980.4
1215540 1986.5
1215550 1993.3
1215560 1993.3
1215570 2000.1
1215580 2007.8
1215590 2007.8
1215600 2014.5
1215610 2017.7
1215620 2017.7
1215630 2019.9
1215640 2018.7
1215650 2018.7
1215660 2016.7
1215670 2014.4
1215680 2013.1
1215690 2013.1
1215700 2012.1
1215710 2009.9
1215720 2009.9
1215730 2006.8
1215740 2003.3
1215750 2003.3
1215760 2000.2
1215770 1997.2
1215780 1997.2
1215790 1994.3
1215800 1990.6
1215810 1990.6
1215820 1986.7
1215830 1981.7
1215840 1981.7
1215850 1976.6
1215860 1971.5
1215870 1971.5
1215880 1967.4
1215890 1962.3
1215900 1962.3
1215910 1962.1
1215920 1962.6
1215930 1962.6
1215940 1961.6
1215950 1960.2
1215960 1960.2
1215970 1958.2
1215980 1956.9
1215990 1955.0
1216000 1955.0
1216010 1953.7
1216020 1953.0
1216030 1953.0
1216040 1953.0
1216050 1953.2
1216060 1953.2
1216070 1954.3
1216080 1954.1
1216090 1954.1
1216100 1952.9
1216110 1951.3
1216120 1951.3
1216130 1949.1
1216140 1946.7
1216150 1946.7
1216160 1945.2
1216170 1944.6
1216180 1944.6
1216190 1944.1
1216200 1943.6
1216210 1943.6
1216220 1940.2
1216230 1935.5
1216240 1935.5
1216250 1932.9
1216260 1930.5
1216270 1926.6
1216280 1926.6
1216290 1923.8
1216300 1920.1
1216310 1920.1
1216320 1916.3
1216330 1912.7
1216340 1912.7
1216350 1907.4
1216360 1898.8
1216370 1898.8
1216380 1894.1
1216390 1890.8
1216400 1890.8
1216410 1888.6
1216420 1886.7
1216430 1886.7
1216440 1882.9
1216450 1878.2
1216460 1878.2
1216470 1873.3
1216480 1868.2
1216490 1868.2
1216500 1864.5
1216510 1860.6
1216520 1860.6
1216530 1857.5
1216540 1854.1
1216550 1851.6
1216560 1851.6
1216570 1849.2
1216580 1846.4
1216590 1846.4
1216600 1843.6
1216610 1842.6
1216620 1842.6
1216630 1842.6
1216640 1842.9
1216650 1842.9
1216660 1840.1
1216670 1834.8
1216680 1834.8
1216690 1829.9
1216700 1825.8
1216710 1825.8
1216720 1821.4
1216730 1815.5
1216740 1815.5
1216750 1810.6
1216760 1809.8
1216770 1809.8
1216780 1808.2
1216790 1803.4
1216800 1803.4
1216810 1800.9
1216820 1801.6
1216830 1801.6
1216840 1806.3
1216850 1807.1
1216860 1808.7
1216870 1808.7
1216880 1809.7
1216890 1809.5
1216900 1809.5
1216910 1808.1
1216920 1807.0
1216930 1807.0
1216940 1805.4
1216950 1805.3
1216960 1805.3
1216970 1804.7
1216980 1802.5
1216990 1802.5
1217000 1800.3
1217010 1798.1
1217020 1798.1
1217030 1792.9
1217040 1787.0
1217050 1787.0
1217060 1781.5
1217070 1778.4
1217080 1778.4
1217090 1776.4
1217100 1776.2
1217110 1776.2
1217120 1771.9
1217130 1769.5
1217140 1768.0
1217150 1768.0
1217160 1765.7
1217170 1765.0
1217180 1765.0
1217190 1765.3
1217200 1758.4
1217210 1758.4
1217220 1747.4
1217230 1743.3
1217240 1743.3
1217250 1738.7
1217260 1734.9
1217270 1734.9
1217280 1732.9
1217290 1731.1
1217300 1731.1
1217310 1732.1
1217320 1735.3
1217330 1735.3
1217340 1738.0
1217350 1741.0
1217360 1741.0
1217370 1744.2
1217380 1748.0
1217390 1748.0
1217400 1752.9
1217410 1757.9
1217420 1757.9
1217430 1762.6
1217440 1768.8
1217450 1774.4
1217460 1774.4
1217470 1778.6
1217480 1785.1
1217490 1785.1
1217500 1794.6
1217510 1802.7
1217520 1802.7
1217530 1808.6
1217540 1814.1
1217550 1814.1
1217560 1824.8
1217570 1833.8
1217580 1833.8
1217590 1839.1
1217600 1843.7
1217610 1843.7
1217620 1847.8
1217630 1852.3
1217640 1852.3
1217650 1858.7
1217660 1866.0
1217670 1866.0
1217680 1873.2
1217690 1880.9
1217700 1880.9
1217710 1891.6
1217720 1907.4
1217730 1920.4
1217740 1920.4
1217750 1925.4
1217760 1929.4
1217770 1929.4
1217780 1934.3
1217790 1937.8
1217800 1937.8
1217810 1942.5
1217820 1948.1
1217830 1948.1
1217840 1954.2
1217850 1959.9
1217860 1959.9
1217870 1965.8
1217880 1972.0
1217890 1972.0
1217900 1978.7
1217910 1986.2
1217920 1986.2
1217930 1993.7
1217940 2001.6
1217950 2001.6
1217960 2009.5
1217970 2016.5
1217980 2016.5
1217990 2023.9
1218000 2036.6
1218010 2036.6
1218020 2060.5
1218030 2090.6
1218040 2108.9
1218050 2108.9
1218060 2111.9
1218070 2116.4
1218080 2116.4
1218090 2120.6
1218100 2119.4
1218110 2119.4
1218120 2123.2
1218130 2125.1
1218140 2125.1
1218150 2130.1
1218160 2135.8
1218170 2135.8
1218180 2147.6
1218190 2156.0
1218200 2156.0
1218210 2159.0
1218220 2165.3
1218230 2165.3
1218240 2173.2
1218250 2181.9
1218260 2181.9
1218270 2191.8
1218280 2200.1
1218290 2200.1
1218300 2204.2
1218310 2210.1
1218320 2216.7
1218330 2216.7
1218340 2221.6
1218350 2225.1
1218360 2225.1
1218370 2229.7
1218380 2234.3
1218390 2234.3
1218400 2240.0
1218410 2247.0
1218420 2247.0
1218430 2251.3
1218440 2254.9
1218450 2254.9
1218460 2257.7
1218470 2262.6
1218480 2262.6
1218490 2268.9
1218500 2275.4
1218510 2275.4
1218520 2282.1
1218530 2288.4
1218540 2288.4
1218550 2294.0
1218560 2299.3
1218570 2299.3
1218580 2303.5
1218590 2302.8
1218600 2302.8
1218610 2298.2
1218620 2295.0
1218630 2291.3
1218640 2291.3
1218650 2284.8
1218660 2274.1
1218670 2274.1
1218680 2268.6
1218690 2258.1
1218700 2258.1
1218710 2246.5
1218720 2239.1
1218730 2239.1
1218740 2230.6
1218750 2210.4
1218760 2210.4
1218770 2205.7
1218780 2201.4
1218790 2201.4
1218800 2195.8
1218810 2189.5
1218820 2189.5
1218830 2183.3
1218840 2176.9
1218850 2176.9
1218860 2171.0
1218870 2165.4
1218880 2165.4
1218890 2159.8
1218900 2154.2
1218910 2149.0
1218920 2149.0
1218930 2144.2
1218940 2139.7
1218950 2139.7
1218960 2135.3
1218970 2131.0
1218980 2131.0
1218990 2126.9
1219000 2123.1
1219010 2123.1
1219020 2119.7
1219030 2116.5
1219040 2116.5
1219050 2113.6
1219060 2111.2
1219070 2111.2
1219080 2109.1
1219090 2107.0
1219100 2107.0
1219110 2105.1
1219120 2103.1
1219130 2103.1
1219140 2101.2
1219150 2099.2
1219160 2099.2
1219170 2096.9
1219180 2095.2
1219190 2095.2
1219200 2093.5
1219210 2091.2
1219220 2088.7
1219230 2086.4
1219240 2083.9
1219250 2081.5
1219260 2081.5
1219270 2079.1
1219280 2076.4
1219290 2076.4
1219300 2073.1
1219310 2069.1
1219320 2069.1
1219330 2064.6
1219340 2060.0
1219350 2060.0
1219360 2056.2
1219370 2052.9
1219380 2052.9
1219390 2049.6
1219400 2046.6
1219410 2046.6
1219420 2044.5
1219430 2044.8
1219440 2044.8
1219450 2046.0
1219460 2046.4
1219470 2046.4
1219480 2045.8
1219490 2044.5
1219500 2042.2
1219510 2042.2
1219520 2039.4
1219530 2037.1
1219540 2037.1
1219550 2035.8
1219560 2034.4
1219570 2034.4
1219580 2032.0
1219590 2028.9
1219600 2028.9
1219610 2025.9
1219620 2023.0
1219630 2023.0
1219640 2019.7
1219650 2016.1
1219660 2016.1
1219670 2011.8
1219680 2007.0
1219690 2007.0
1219700 2001.9
1219710 1998.9
1219720 1998.9
1219730 1994.6
1219740 1990.7
1219750 1990.7
1219760 1987.2
1219770 1984.3
1219780 1982.1
1219790 1982.1
1219800 1979.9
1219810 1978.9
1219820 1978.9
1219830 1978.0
1219840 1976.4
1219850 1976.4
1219860 1975.3
1219870 1974.9
1219880 1974.9
1219890 1974.5
1219900 1973.9
1219910 1973.9
1219920 1974.7
1219930 1975.1
1219940 1975.1
1219950 1973.9
1219960 1972.7
1219970 1972.7
1219980 1972.2
1219990 1972.0
1200000 2272.5
1200010 2268.7
1200020 2262.9
1200030 2262.9
1200040 2256.5
1200050 2250.6
1200060 2250.6
1200070 2249.5
1200080 2250.7
1200090 2246.1
1200100 2246.1
1200110 2239.4
1200120 2237.1
1200130 2237.1
1200140 2234.9
1200150 2230.7
1200160 2230.7
1200170 2226.6
1200180 2223.3
1200190 2223.3
1200200 2220.3
1200210 2211.1
1200220 2211.1
1200230 2207.6
1200240 2204.2
1200250 2204.2
1200260 2201.5
1200270 2198.4
1200280 2198.4
1200290 2194.7
1200300 2192.7
1200310 2192.7
1200320 2190.4
1200330 2188.6
1200340 2188.6
1200350 2187.0
1200360 2184.9
1200370 2184.9
1200380 2184.1
1200390 2182.9
1200400 2181.1
1200410 2181.1
1200420 2179.5
1200430 2177.4
1200440 2177.4
1200450 2174.0
1200460 2172.7
1200470 2172.7
1200480 2171.0
1200490 2168.4
1200500 2168.4
1200510 2166.0
1200520 2163.7
1200530 2163.7
1200540 2161.5
1200550 2156.3
1200560 2156.3
1200570 2154.2
1200580 2154.3
1200590 2154.3
1200600 2151.7
1200610 2146.4
1200620 2146.4
1200630 2143.3
1200640 2144.2
1200650 2144.2
1200660 2135.8
1200670 2130.3
1200680 2123.6
1200690 2123.6
1200700 2117.9
1200710 2112.2
1200720 2112.2
1200730 2106.9
1200740 2101.3
1200750 2101.3
1200760 2095.7
1200770 2090.1
1200780 2090.1
1200790 2084.0
1200800 2077.9
1200810 2077.9
1200820 2071.9
1200830 2066.8
1200840 2066.8
1200850 2065.2
1200860 2059.0
1200870 2059.0
1200880 2048.9
1200890 2039.8
1200900 2039.8
1200910 2033.2
1200920 2025.0
1200930 2025.0
1200940 2013.5
1200950 2002.8
1200960 2002.8
1200970 1992.9
1200980 1983.4
1200990 1978.9
1201000 1978.9
1201010 1975.0
1201020 1970.4
1201030 1970.4
1201040 1965.1
1201050 1960.5
1201060 1960.5
1201070 1954.7
1201080 1949.2
1201090 1949.2
1201100 1931.5
1201110 1927.6
1201120 1927.6
1201130 1923.5
1201140 1923.4
1201150 1923.4
1201160 1920.1
1201170 1912.3
1201180 1912.3
1201190 1902.8
1201200 1900.9
1201210 1900.9
1201220 1891.3
1201230 1881.6
1201240 1881.6
1201250 1876.3
1201260 1875.7
1201270 1875.2
1201280 1875.2
1201290 1874.8
1201300 1871.9
1201310 1871.9
1201320 1866.3
1201330 1859.2
1201340 1859.2
1201350 1852.0
1201360 1844.3
1201370 1844.3
1201380 1836.7
1201390 1829.9
1201400 1829.9
1201410 1824.0
1201420 1818.9
1201430 1818.9
1201440 1814.8
1201450 1811.1
1201460 1811.1
1201470 1809.1
1201480 1798.7
1201490 1798.7
1201500 1789.9
1201510 1785.0
1201520 1785.0
1201530 1780.7
1201540 1776.0
1201550 1769.4
1201560 1765.0
1201570 1758.9
1201580 1753.8
1201590 1753.8
1201600 1749.9
1201610 1745.4
1201620 1745.4
1201630 1740.9
1201640 1736.3
1201650 1736.3
1201660 1731.7
1201670 1726.6
1201680 1726.6
1201690 1721.5
1201700 1716.2
1201710 1716.2
1201720 1712.1
1201730 1710.9
1201740 1710.9
1201750 1711.1
1201760 1706.3
1201770 1706.3
1201780 1701.5
1201790 1691.1
1201800 1691.1
1201810 1677.8
1201820 1671.6
1201830 1671.6
1201840 1665.1
1201850 1659.7
1201860 1651.6
1201870 1651.6
1201880 1644.1
1201890 1638.5
1201900 1638.5
1201910 1633.2
1201920 1627.8
1201930 1627.8
1201940 1622.2
1201950 1617.0
1201960 1617.0
1201970 1611.9
1201980 1606.8
1201990 1606.8
1202000 1601.9
1202010 1594.1
1202020 1594.1
1202030 1590.0
1202040 1585.1
1202050 1585.1
1202060 1580.1
1202070 1575.3
1202080 1575.3
1202090 1570.4
1202100 1565.6
1202110 1565.6
1202120 1560.9
1202130 1555.9
1202140 1552.0
1202150 1552.0
1202160 1548.6
1202170 1544.3
1202180 1544.3
1202190 1539.9
1202200 1535.3
1202210 1535.3
1202220 1529.9
1202230 1524.7
1202240 1524.7
1202250 1520.3
1202260 1515.5
1202270 1515.5
1202280 1511.7
1202290 1508.2
1202300 1508.2
1202310 1503.3
1202320 1497.8
1202330 1497.8
1202340 1493.0
1202350 1489.3
1202360 1489.3
1202370 1485.7
1202380 1482.0
1202390 1482.0
1202400 1478.1
1202410 1473.9
1202420 1473.9
1202430 1471.3
1202440 1467.5
1202450 1463.7
1202460 1458.8
1202470 1455.4
1202480 1452.7
1202490 1452.7
1202500 1449.2
1202510 1444.9
1202520 1444.9
1202530 1441.5
1202540 1438.3
1202550 1438.3
1202560 1434.0
1202570 1430.3
1202580 1430.3
1202590 1426.3
1202600 1422.6
1202610 1422.6
1202620 1419.8
1202630 1418.1
1202640 1418.1
1202650 1414.3
1202660 1410.2
1202670 1410.2
1202680 1405.9
1202690 1401.5
1202700 1401.5
1202710 1397.4
1202720 1393.6
1202730 1390.0
1202740 1390.0
1202750 1386.5
1202760 1383.0
1202770 1383.0
1202780 1379.4
1202790 1376.0
1202800 1376.0
1202810 1372.0
1202820 1367.8
1202830 1367.8
1202840 1363.5
1202850 1359.7
1202860 1359.7
1202870 1357.4
1202880 1355.6
1202890 1355.6
1202900 1353.5
1202910 1346.8
1202920 1346.8
1202930 1344.2
1202940 1341.3
1202950 1341.3
1202960 1338.4
1202970 1335.1
1202980 1335.1
1202990 1331.9
1203000 1328.3
1203010 1328.3
1203020 1324.6
1203030 1321.5
1203040 1318.0
1203050 1318.0
1203060 1314.2
1203070 1311.2
1203080 1311.2
1203090 1308.1
1203100 1305.1
1203110 1305.1
1203120 1302.5
1203130 1299.3
1203140 1299.3
1203150 1296.8
1203160 1294.7
1203170 1294.7
1203180 1293.1
1203190 1291.9
1203200 1291.9
1203210 1290.9
1203220 1290.5
1203230 1290.5
1203240 1290.1
1203250 1290.1
1203260 1290.1
1203270 1288.8
1203280 1288.3
1203290 1288.3
1203300 1288.4
1203310 1288.5
1203320 1288.5
1203330 1288.5
1203340 1289.4
1203350 1290.0
1203360 1284.1
1203370 1285.7
1203380 1286.9
1203390 1286.9
1203400 1287.5
1203410 1287.9
1203420 1287.9
1203430 1289.4
1203440 1290.6
1203450 1290.6
1203460 1290.7
1203470 1289.8
1203480 1289.8
1203490 1289.3
1203500 1289.3
1203510 1289.3
1203520 1289.3
1203530 1289.9
1203540 1289.9
1203550 1290.7
1203560 1290.7
1203570 1290.7
1203580 1291.8
1203590 1293.2
1203600 1293.2
1203610 1293.9
1203620 1293.7
1203630 1294.6
1203640 1294.6
1203650 1295.6
1203660 1294.8
1203670 1294.8
1203680 1293.9
1203690 1294.7
1203700 1294.7
1203710 1293.9
1203720 1292.5
1203730 1292.5
1203740 1290.8
1203750 1289.7
1203760 1289.7
1203770 1288.4
1203780 1287.2
1203790 1287.2
1203800 1286.0
1203810 1284.8
1203820 1284.4
1203830 1283.7
1203840 1281.7
1203850 1281.7
1203860 1277.4
1203870 1274.0
1203880 1274.0
1203890 1274.6
1203900 1275.9
1203910 1276.6
1203920 1276.6
1203930 1277.8
1203940 1278.4
1203950 1278.4
1203960 1277.9
1203970 1277.8
1203980 1277.8
1203990 1277.5
1204000 1276.2
1204010 1276.2
1204020 1274.5
1204030 1272.6
1204040 1272.6
1204050 1271.1
1204060 1269.3
1204070 1269.3
1204080 1267.3
1204090 1265.6
1204100 1265.6
1204110 1263.8
1204120 1261.8
1204130 1261.8
1204140 1259.6
1204150 1257.2
1204160 1257.2
1204170 1253.2
1204180 1248.5
1204190 1248.5
1204200 1244.5
1204210 1241.3
1204220 1239.0
1204230 1239.0
1204240 1236.5
1204250 1233.6
1204260 1233.6
1204270 1229.8
1204280 1225.8
1204290 1225.8
1204300 1222.0
1204310 1218.4
1204320 1218.4
1204330 1214.7
1204340 1211.4
1204350 1211.4
1204360 1207.9
1204370 1204.8
1204380 1204.8
1204390 1202.1
1204400 1200.5
1204410 1200.5
1204420 1198.6
1204430 1196.7
1204440 1196.7
1204450 1195.5
1204460 1194.2
1204470 1194.2
1204480 1193.3
1204490 1192.5
1204500 1191.3
1204510 1191.3
1204520 1190.7
1204530 1190.2
1204540 1190.2
1204550 1189.7
1204560 1189.9
1204570 1189.9
1204580 1189.9
1204590 1189.9
1204600 1189.9
1204610 1188.4
1204620 1185.3
1204630 1185.3
1204640 1181.7
1204650 1177.4
1204660 1177.4
1204670 1172.6
1204680 1170.8
1204690 1170.8
1204700 1170.3
1204710 1170.2
1204720 1170.2
1204730 1169.1
1204740 1169.8
1204750 1169.8
1204760 1170.0
1204770 1170.3
1204780 1170.3
1204790 1171.0
1204800 1172.6
1204810 1171.0
1204820 1171.0
1204830 1171.0
1204840 1170.8
1204850 1170.8
1204860 1170.5
1204870 1169.9
1204880 1169.9
1204890 1169.4
1204900 1169.0
1204910 1169.0
1204920 1168.7
1204930 1168.6
1204940 1168.6
1204950 1168.9
1204960 1169.9
1204970 1169.9
1204980 1171.9
1204990 1173.4
1205000 1173.4
1205010 1174.9
1205020 1176.6
1205030 1176.6
1205040 1178.2
1205050 1178.9
1205060 1178.9
1205070 1180.3
1205080 1181.7
1205090 1182.5
1205100 1182.5
1205110 1183.1
1205120 1183.4
1205130 1183.4
1205140 1183.9
1205150 1184.6
1205160 1184.6
1205170 1185.2
1205180 1181.7
1205190 1181.7
1205200 1182.0
1205210 1182.4
1205220 1182.4
1205230 1182.8
1205240 1183.2
1205250 1183.2
1205260 1183.4
1205270 1183.8
1205280 1183.8
1205290 1185.3
1205300 1187.0
1205310 1187.0
1205320 1187.6
1205330 1188.1
1205340 1188.1
1205350 1189.2
1205360 1190.2
1205370 1190.2
1205380 1190.6
1205390 1190.9
1205400 1190.9
1205410 1190.9
1205420 1190.9
1205430 1190.8
1205440 1190.8
1205450 1190.6
1205460 1190.1
1205470 1190.1
1205480 1189.7
1205490 1190.1
1205500 1190.1
1205510 1191.6
1205520 1193.7
1205530 1193.7
1205540 1195.3
1205550 1197.4
1205560 1197.4
1205570 1199.5
1205580 1201.7
1205590 1201.7
1205600 1204.3
1205610 1204.9
1205620 1204.9
1205630 1204.7
1205640 1204.6
1205650 1204.6
1205660 1206.6
1205670 1208.9
1205680 1210.4
1205690 1210.4
1205700 1210.8
1205710 1211.1
1205720 1211.1
1205730 1211.6
1205740 1212.2
1205750 1212.2
1205760 1212.3
1205770 1212.3
1205780 1212.3
1205790 1212.0
1205800 1211.1
1205810 1211.1
1205820 1209.0
1205830 1206.4
1205840 1206.4
1205850 1203.1
1205860 1200.5
1205870 1200.5
1205880 1199.0
1205890 1198.2
1205900 1198.2
1205910 1197.4
1205920 1196.1
1205930 1196.1
1205940 1194.7
1205950 1192.3
1205960 1192.3
1205970 1191.8
1205980 1191.5
1205990 1191.6
1206000 1191.6
1206010 1192.6
1206020 1194.4
1206030 1194.4
1206040 1196.9
1206050 1199.1
1206060 1199.1
1206070 1202.0
1206080 1205.2
1206090 1205.2
1206100 1210.5
1206110 1213.2
1206120 1213.2
1206130 1217.1
1206140 1220.7
1206150 1220.7
1206160 1222.7
1206170 1222.4
1206180 1222.4
1206190 1223.5
1206200 1225.2
1206210 1225.2
1206220 1226.2
1206230 1225.9
1206240 1225.9
1206250 1226.1
1206260 1226.8
1206270 1227.1
1206280 1227.1
1206290 1228.5
1206300 1229.2
1206310 1229.2
1206320 1230.4
1206330 1231.3
1206340 1231.3
1206350 1232.5
1206360 1234.6
1206370 1234.6
1206380 1236.4
1206390 1237.0
1206400 1237.0
1206410 1236.9
1206420 1236.9
1206430 1236.9
1206440 1237.4
1206450 1238.3
1206460 1238.3
1206470 1240.3
1206480 1241.1
1206490 1241.1
1206500 1242.3
1206510 1243.1
1206520 1243.1
1206530 1244.1
1206540 1245.3
1206550 1245.3
1206560 1250.8
1206570 1252.6
1206580 1253.1
1206590 1253.1
1206600 1253.6
1206610 1253.8
1206620 1253.8
1206630 1253.3
1206640 1253.2
1206650 1253.2
1206660 1252.2
1206670 1249.5
1206680 1249.5
1206690 1244.4
1206700 1237.8
1206710 1237.8
1206720 1230.6
1206730 1222.8
1206740 1222.8
1206750 1215.8
1206760 1211.8
1206770 1211.8
1206780 1207.7
1206790 1201.4
1206800 1201.4
1206810 1195.4
1206820 1191.0
1206830 1191.0
1206840 1188.6
1206850 1187.6
1206860 1187.2
1206870 1187.2
1206880 1187.4
1206890 1187.8
1206900 1187.8
1206910 1187.8
1206920 1187.7
1206930 1187.7
1206940 1187.5
1206950 1186.3
1206960 1186.3
1206970 1186.0
1206980 1186.1
1206990 1186.1
1207000 1185.8
1207010 1184.6
1207020 1184.6
1207030 1183.4
1207040 1183.5
1207050 1183.5
1207060 1183.9
1207070 1182.7
1207080 1182.7
1207090 1182.5
1207100 1183.7
1207110 1183.7
1207120 1184.5
1207130 1184.6
1207140 1184.6
1207150 1185.0
1207160 1183.0
1207170 1179.6
1207180 1179.6
1207190 1175.6
1207200 1172.0
1207210 1172.0
1207220 1168.0
1207230 1163.7
1207240 1163.7
1207250 1158.8
1207260 1152.5
1207270 1152.5
1207280 1145.8
1207290 1137.9
1207300 1137.9
1207310 1130.0
1207320 1122.6
1207330 1122.6
1207340 1115.4
1207350 1108.5
1207360 1108.5
1207370 1101.5
1207380 1095.3
1207390 1095.3
1207400 1093.2
1207410 1093.1
1207420 1093.1
1207430 1093.1
1207440 1093.1
1207450 1093.1
1207460 1093.1
1207470 1093.1
1207480 1093.1
1207490 1093.1
1207500 1093.1
1207510 1093.1
1207520 1093.1
1207530 1093.1
1207540 1093.1
1207550 1093.1
1207560 1093.1
1207570 1093.1
1207580 1093.1
1207590 1093.1
1207600 1093.1
1207610 1093.1
1207620 1093.1
1207630 1093.1
1207640 1093.1
1207650 1093.1
1207660 1093.1
1207670 1093.1
1207680 1093.1
1207690 1093.1
1207700 1093.1
1207710 1093.3
1207720 1096.2
1207730 1103.2
1207740 1103.2
1207750 1109.9
1207760 1116.5
1207770 1116.5
1207780 1120.8
1207790 1124.0
1207800 1124.0
1207810 1127.0
1207820 1131.0
1207830 1131.0
1207840 1134.4
1207850 1137.0
1207860 1137.0
1207870 1139.4
1207880 1141.3
1207890 1141.3
1207900 1142.9
1207910 1144.7
1207920 1144.7
1207930 1145.7
1207940 1149.1
1207950 1149.1
1207960 1149.2
1207970 1149.7
1207980 1149.7
1207990 1149.7
1208000 1147.9
1208010 1147.9
1208020 1146.8
1208030 1146.5
1208040 1146.6
1208050 1146.6
1208060 1146.8
1208070 1146.2
1208080 1146.2
1208090 1145.4
1208100 1144.7
1208110 1144.7
1208120 1144.5
1208130 1143.0
1208140 1143.0
1208150 1141.3
1208160 1140.5
1208170 1140.5
1208180 1139.9
1208190 1139.6
1208200 1139.6
1208210 1140.0
1208220 1141.7
1208230 1141.7
1208240 1140.3
1208250 1138.7
1208260 1138.7
1208270 1137.5
1208280 1136.1
1208290 1136.1
1208300 1134.3
1208310 1131.6
1208320 1128.9
1208330 1128.9
1208340 1125.4
1208350 1122.1
1208360 1122.1
1208370 1119.7
1208380 1117.7
1208390 1117.7
1208400 1112.5
1208410 1109.2
1208420 1109.2
1208430 1106.1
1208440 1105.7
1208450 1105.7
1208460 1104.4
1208470 1103.9
1208480 1103.9
1208490 1103.8
1208500 1102.8
1208510 1102.8
1208520 1103.4
1208530 1106.3
1208540 1106.3
1208550 1108.0
1208560 1106.5
1208570 1106.5
1208580 1106.5
1208590 1108.3
1208600 1108.3
1208610 1110.5
1208620 1112.4
1208630 1114.0
1208640 1114.0
1208650 1113.2
1208660 1112.7
1208670 1112.7
1208680 1112.6
1208690 1113.4
1208700 1113.4
1208710 1114.2
1208720 1116.1
1208730 1116.1
1208740 1118.8
1208750 1119.4
1208760 1119.4
1208770 1120.0
1208780 1120.7
1208790 1120.7
1208800 1121.1
1208810 1117.8
1208820 1117.8
1208830 1116.4
1208840 1115.2
1208850 1115.2
1208860 1114.6
1208870 1117.4
1208880 1117.4
1208890 1120.1
1208900 1121.4
1208910 1122.0
1208920 1122.0
1208930 1123.8
1208940 1125.6
1208950 1125.6
1208960 1126.4
1208970 1129.2
1208980 1129.2
1208990 1131.9
1209000 1133.3
1209010 1133.3
1209020 1136.3
1209030 1142.0
1209040 1142.0
1209050 1147.0
1209060 1151.5
1209070 1151.5
1209080 1155.6
1209090 1159.6
1209100 1159.6
1209110 1163.0
1209120 1166.2
1209130 1166.2
1209140 1169.5
1209150 1172.1
1209160 1172.1
1209170 1174.3
1209180 1176.5
1209190 1176.5
1209200 1178.9
1209210 1179.5
1209220 1179.1
1209230 1179.1
1209240 1177.7
1209250 1172.7
1209260 1172.7
1209270 1169.6
1209280 1165.5
1209290 1165.5
1209300 1159.1
1209310 1154.7
1209320 1155.3
1209330 1153.0
1209340 1151.0
1209350 1151.0
1209360 1147.5
1209370 1145.3
1209380 1145.3
1209390 1143.6
1209400 1141.8
1209410 1141.8
1209420 1142.2
1209430 1143.5
1209440 1143.5
1209450 1143.6
1209460 1143.1
1209470 1143.1
1209480 1142.6
1209490 1138.8
1209500 1134.8
1209510 1134.8
1209520 1131.5
1209530 1127.5
1209540 1127.5
1209550 1125.8
1209560 1124.9
1209570 1124.9
1209580 1120.8
1209590 1118.4
1209600 1118.4
1209610 1118.3
1209620 1117.9
1209630 1117.9
1209640 1117.0
1209650 1116.0
1209660 1116.0
1209670 1115.2
1209680 1114.2
1209690 1114.2
1209700 1113.0
1209710 1111.9
1209720 1111.9
1209730 1111.1
1209740 1110.6
1209750 1110.6
1209760 1110.4
1209770 1110.3
1209780 1110.3
1209790 1106.3
1209800 1106.2
1209810 1104.5
1209820 1104.5
1209830 1101.7
1209840 1098.5
1209850 1098.5
1209860 1095.6
1209870 1092.6
1209880 1092.6
1209890 1089.8
1209900 1086.8
1209910 1086.8
1209920 1083.5
1209930 1081.8
1209940 1081.8
1209950 1081.5
1209960 1081.5
1209970 1081.5
1209980 1081.5
1209990 1081.5
1210000 1081.5
1210010 1081.5
1210020 1081.5
1210030 1081.5
1210040 1081.5
1210050 1081.5
1210060 1081.5
1210070 1081.5
1210080 1081.5
1210090 1081.5
1210100 1081.5
1210110 1081.5
1210120 1081.5
1210130 1081.5
1210140 1081.5
1210150 1081.5
1210160 1081.5
1210170 1081.5
1210180 1081.5
1210190 1081.5
1210200 1081.5
1210210 1081.5
1210220 1081.5
1210230 1081.5
1210240 1081.5
1210250 1081.5
1210260 1081.5
1210270 1081.5
1210280 1081.5
1210290 1081.5
1210300 1081.5
1210310 1081.5
1210320 1081.5
1210330 1081.6
1210340 1081.6
1210350 1081.8
1210360 1082.2
1210370 1082.2
1210380 1082.7
1210390 1083.5
1210400 1085.1
1210410 1085.1
1210420 1088.6
1210430 1092.6
1210440 1092.6
1210450 1098.0
1210460 1101.0
1210470 1101.0
1210480 1104.2
1210490 1108.2
1210500 1108.2
1210510 1110.3
1210520 1113.6
1210530 1113.6
1210540 1114.2
1210550 1113.6
1210560 1113.6
1210570 1109.0
1210580 1105.9
1210590 1105.9
1210600 1104.3
1210610 1103.1
1210620 1103.1
1210630 1102.7
1210640 1104.4
1210650 1104.4
1210660 1106.4
1210670 1106.5
1210680 1108.0
1210690 1108.0
1210700 1115.0
1210710 1122.7
1210720 1123.8
1210730 1130.8
1210740 1137.5
1210750 1137.5
1210760 1144.6
1210770 1152.2
1210780 1152.2
1210790 1157.9
1210800 1160.4
1210810 1160.4
1210820 1161.3
1210830 1160.9
1210840 1160.9
1210850 1157.9
1210860 1152.8
1210870 1152.8
1210880 1148.2
1210890 1145.2
1210900 1145.2
1210910 1145.5
1210920 1146.1
1210930 1146.1
1210940 1145.6
1210950 1144.7
1210960 1144.7
1210970 1143.2
1210980 1140.0
1210990 1136.0
1211000 1136.0
1211010 1132.3
1211020 1129.5
1211030 1129.5
1211040 1126.2
1211050 1123.7
1211060 1123.7
1211070 1122.6
1211080 1121.2
1211090 1121.2
1211100 1119.9
1211110 1120.8
1211120 1120.8
1211130 1123.0
1211140 1125.1
1211150 1125.1
1211160 1126.7
1211170 1127.2
1211180 1129.6
1211190 1130.7
1211200 1135.5
1211210 1135.5
1211220 1136.7
1211230 1137.5
1211240 1137.5
1211250 1137.5
1211260 1136.8
1211270 1135.6
1211280 1135.6
1211290 1135.5
1211300 1133.2
1211310 1133.2
1211320 1130.4
1211330 1129.7
1211340 1129.7
1211350 1130.5
1211360 1130.9
1211370 1130.9
1211380 1131.1
1211390 1131.5
1211400 1131.5
1211410 1132.7
1211420 1133.5
1211430 1133.5
1211440 1134.0
1211450 1133.9
1211460 1133.9
1211470 1134.7
1211480 1136.2
1211490 1136.2
1211500 1137.8
1211510 1138.5
1211520 1138.5
1211530 1139.7
1211540 1140.9
1211550 1140.9
1211560 1142.0
1211570 1142.6
1211580 1142.7
1211590 1142.7
1211600 1143.7
1211610 1146.5
1211620 1146.5
1211630 1149.7
1211640 1152.0
1211650 1155.3
1211660 1157.2
1211670 1157.8
1211680 1157.8
1211690 1159.9
1211700 1164.0
1211710 1164.0
1211720 1168.3
1211730 1172.2
1211740 1172.2
1211750 1175.5
1211760 1178.2
1211770 1178.2
1211780 1181.0
1211790 1185.0
1211800 1185.0
1211810 1188.1
1211820 1190.9
1211830 1190.9
1211840 1193.8
1211850 1197.3
1211860 1200.7
1211870 1200.7
1211880 1204.4
1211890 1208.9
1211900 1208.9
1211910 1212.6
1211920 1215.0
1211930 1215.0
1211940 1217.4
1211950 1220.9
1211960 1220.9
1211970 1225.5
1211980 1229.5
1211990 1229.5
1212000 1230.9
1212010 1229.8
1212020 1229.8
1212030 1229.4
1212040 1233.0
1212050 1233.0
1212060 1235.6
1212070 1235.1
1212080 1235.1
1212090 1236.4
1212100 1237.4
1212110 1237.4
1212120 1240.6
1212130 1241.6
1212140 1241.6
1212150 1243.9
1212160 1246.5
1212170 1248.9
1212180 1248.9
1212190 1250.8
1212200 1252.7
1212210 1252.7
1212220 1253.2
1212230 1254.6
1212240 1254.6
1212250 1255.4
1212260 1256.8
1212270 1256.8
1212280 1258.8
1212290 1261.5
1212300 1261.5
1212310 1262.8
1212320 1264.0
1212330 1264.0
1212340 1265.8
1212350 1267.8
1212360 1267.8
1212370 1269.6
1212380 1271.0
1212390 1271.0
1212400 1272.9
1212410 1274.3
1212420 1274.3
1212430 1275.7
1212440 1278.1
1212450 1280.0
1212460 1280.0
1212470 1281.1
1212480 1283.7
1212490 1283.7
1212500 1284.8
1212510 1285.7
1212520 1285.7
1212530 1287.9
1212540 1290.1
1212550 1290.1
1212560 1291.3
1212570 1293.2
1212580 1293.2
1212590 1297.6
1212600 1300.6
1212610 1300.6
1212620 1301.8
1212630 1302.7
1212640 1302.7
1212650 1304.5
1212660 1306.1
1212670 1306.1
1212680 1307.4
1212690 1309.9
1212700 1309.9
1212710 1315.4
1212720 1322.0
1212730 1328.5
1212740 1328.5
1212750 1335.1
1212760 1341.9
1212770 1341.9
1212780 1348.5
1212790 1354.9
1212800 1354.9
1212810 1360.9
1212820 1367.1
1212830 1367.1
1212840 1373.1
1212850 1379.7
1212860 1379.7
1212870 1386.2
1212880 1393.0
1212890 1393.0
1212900 1400.1
1212910 1407.0
1212920 1407.0
1212930 1414.4
1212940 1422.2
1212950 1422.2
1212960 1429.9
1212970 1437.9
1212980 1437.9
1212990 1446.0
1213000 1454.3
1213010 1454.3
1213020 1462.5
1213030 1470.9
1213040 1480.3
1213050 1481.5
1213060 1493.5
1213070 1505.0
1213080 1505.0
1213090 1508.9
1213100 1515.9
1213110 1515.9
1213120 1525.1
1213130 1534.8
1213140 1534.8
1213150 1543.0
1213160 1548.2
1213170 1548.2
1213180 1550.5
1213190 1555.8
1213200 1555.8
1213210 1564.0
1213220 1573.3
1213230 1573.3
1213240 1580.7
1213250 1588.9
1213260 1588.9
1213270 1598.5
1213280 1607.6
1213290 1607.6
1213300 1616.1
1213310 1626.0
1213320 1633.9
1213330 1633.9
1213340 1632.8
1213350 1629.5
1213360 1629.5
1213370 1624.2
1213380 1617.3
1213390 1617.3
1213400 1611.2
1213410 1607.6
1213420 1607.6
1213430 1605.9
1213440 1604.3
1213450 1604.3
1213460 1605.4
1213470 1607.5
1213480 1607.5
1213490 1611.0
1213500 1613.8
1213510 1613.8
1213520 1617.8
1213530 1621.9
1213540 1621.9
1213550 1625.7
1213560 1628.8
1213570 1628.8
1213580 1630.9
1213590 1632.9
1213600 1632.9
1213610 1634.6
1213620 1634.8
1213630 1633.7
1213640 1633.7
1213650 1633.6
1213660 1636.9
1213670 1636.9
1213680 1641.4
1213690 1645.4
1213700 1645.4
1213710 1648.3
1213720 1651.0
1213730 1651.0
1213740 1653.1
1213750 1654.6
1213760 1654.6
1213770 1656.8
1213780 1658.4
1213790 1658.4
1213800 1658.4
1213810 1657.8
1213820 1657.8
1213830 1655.9
1213840 1653.4
1213850 1653.4
1213860 1653.0
1213870 1650.6
1213880 1650.6
1213890 1648.2
1213900 1647.0
1213910 1645.9
1213920 1645.9
1213930 1643.2
1213940 1638.1
1213950 1638.1
1213960 1634.3
1213970 1630.4
1213980 1630.4
1213990 1627.9
1214000 1628.1
1214010 1628.1
1214020 1625.0
1214030 1619.6
1214040 1619.6
1214050 1613.4
1214060 1608.6
1214070 1608.6
1214080 1602.8
1214090 1601.7
1214100 1601.7
1214110 1602.1
1214120 1602.8
1214130 1602.8
1214140 1605.5
1214150 1607.3
1214160 1607.3
1214170 1608.7
1214180 1610.8
1214190 1610.8
1214200 1612.0
1214210 1613.0
1214220 1614.1
1214230 1614.1
1214240 1617.3
1214250 1619.0
1214260 1619.0
1214270 1621.1
1214280 1622.7
1214290 1622.7
1214300 1636.6
1214310 1669.8
1214320 1669.8
1214330 1692.7
1214340 1717.6
1214350 1717.6
1214360 1756.1
1214370 1802.0
1214380 1802.0
1214390 1816.4
1214400 1825.5
1214410 1825.5
1214420 1834.3
1214430 1849.1
1214440 1849.1
1214450 1860.5
1214460 1866.0
1214470 1880.4
1214480 1885.3
1214490 1890.6
1214500 1889.2
1214510 1889.2
1214520 1879.7
1214530 1877.3
1214540 1877.3
1214550 1875.7
1214560 1876.8
1214570 1876.8
1214580 1874.3
1214590 1869.1
1214600 1869.1
1214610 1858.9
1214620 1846.8
1214630 1846.8
1214640 1833.7
1214650 1819.5
1214660 1819.5
1214670 1813.3
1214680 1798.1
1214690 1798.1
1214700 1788.3
1214710 1787.2
1214720 1787.2
1214730 1788.0
1214740 1788.3
1214750 1788.3
1214760 1789.9
1214770 1791.4
1214780 1791.4
1214790 1793.8
1214800 1799.1
1214810 1802.2
1214820 1802.2
1214830 1796.6
1214840 1790.9
1214850 1790.9
1214860 1788.4
1214870 1787.0
1214880 1787.0
1214890 1783.3
1214900 1779.8
1214910 1779.8
1214920 1777.6
1214930 1775.2
1214940 1780.8
1214950 1779.2
1214960 1781.2
1214970 1781.2
1214980 1793.0
1214990 1808.0
1215000 1808.0
1215010 1815.1
1215020 1827.8
1215030 1827.8
1215040 1849.4
1215050 1873.9
1215060 1873.9
1215070 1893.1
1215080 1897.3
1215090 1883.4
1215100 1883.4
1215110 1888.0
1215120 1918.9
1215130 1918.9
1215140 1949.0
1215150 1971.4
1215160 1971.4
1215170 1992.3
1215180 2012.4
1215190 2012.4
1215200 2024.1
1215210 2026.3
1215220 2026.3
1215230 2030.5
1215240 2035.2
1215250 2035.2
1215260 2036.1
1215270 2041.9
1215280 2041.9
1215290 2042.2
1215300 2045.9
1215310 2045.9
1215320 2049.1
1215330 2044.7
1215340 2044.7
1215350 2044.0
1215360 2041.2
1215370 2041.2
1215380 2035.6
1215390 2028.0
1215400 2015.8
1215410 2041.5
1215420 2036.9
1215430 2020.3
1215440 2020.3
1215450 1991.9
1215460 1975.2
1215470 1975.2
1215480 1970.9
1215490 1971.9
1215500 1971.9
1215510 1975.0
1215520 1980.4
1215530 1980.4
1215540 1986.5
1215550 1993.3
1215560 1993.3
1215570 2000.1
1215580 2007.8
1215590 2007.8
1215600 2014.5
1215610 2017.7
1215620 2017.7
1215630 2019.9
1215640 2018.7
1215650 2018.7
1215660 2016.7
1215670 2014.4
1215680 2013.1
1215690 2013.1
1215700 2012.1
1215710 2009.9
1215720 2009.9
1215730 2006.8
1215740 2003.3
1215750 2003.3
1215760 2000.2
1215770 1997.2
1215780 1997.2
1215790 1994.3
1215800 1990.6
1215810 1990.6
1215820 1986.7
1215830 1981.7
1215840 1981.7
1215850 1976.6
1215860 1971.5
1215870 1971.5
1215880 1967.4
1215890 1962.3
1215900 1962.3
1215910 1962.1
1215920 1962.6
1215930 1962.6
1215940 1961.6
1215950 1960.2
1215960 1960.2
1215970 1958.2
1215980 1956.9
1215990 1955.0
1216000 1955.0
1216010 1953.7
1216020 1953.0
1216030 1953.0
1216040 1953.0
1216050 1953.2
1216060 1953.2
1216070 1954.3
1216080 1954.1
1216090 1954.1
1216100 1952.9
1216110 1951.3
1216120 1951.3
1216130 1949.1
1216140 1946.7
1216150 1946.7
1216160 1945.2
1216170 1944.6
1216180 1944.6
1216190 1944.1
1216200 1943.6
1216210 1943.6
1216220 1940.2
1216230 1935.5
1216240 1935.5
1216250 1932.9
1216260 1930.5
1216270 1926.6
1216280 1926.6
1216290 1923.8
1216300 1920.1
1216310 1920.1
1216320 1916.3
1216330 1912.7
1216340 1912.7
1216350 1907.4
1216360 1898.8
1216370 1898.8
1216380 1894.1
1216390 1890.8
1216400 1890.8
1216410 1888.6
1216420 1886.7
1216430 1886.7
1216440 1882.9
1216450 1878.2
1216460 1878.2
1216470 1873.3
1216480 1868.2
1216490 1868.2
1216500 1864.5
1216510 1860.6
1216520 1860.6
1216530 1857.5
1216540 1854.1
1216550 1851.6
1216560 1851.6
1216570 1849.2
1216580 1846.4
1216590 1846.4
1216600 1843.6
1216610 1842.6
1216620 1842.6
1216630 1842.6
1216640 1842.9
1216650 1842.9
1216660 1840.1
1216670 1834.8
1216680 1834.8
1216690 1829.9
1216700 1825.8
1216710 1825.8
1216720 1821.4
1216730 1815.5
1216740 1815.5
1216750 1810.6
1216760 1809.8
1216770 1809.8
1216780 1808.2
1216790 1803.4
1216800 1803.4
1216810 1800.9
1216820 1801.6
1216830 1801.6
1216840 1806.3
1216850 1807.1
1216860 1808.7
1216870 1808.7
1216880 1809.7
1216890 1809.5
1216900 1809.5
1216910 1808.1
1216920 1807.0
1216930 1807.0
1216940 1805.4
1216950 1805.3
1216960 1805.3
1216970 1804.7
1216980 1802.5
1216990 1802.5
1217000 1800.3
1217010 1798.1
1217020 1798.1
1217030 1792.9
1217040 1787.0
1217050 1787.0
1217060 1781.5
1217070 1778.4
1217080 1778.4
1217090 1776.4
1217100 1776.2
1217110 1776.2
1217120 1771.9
1217130 1769.5
1217140 1768.0
1217150 1768.0
1217160 1765.7
1217170 1765.0
1217180 1765.0
1217190 1765.3
1217200 1758.4
1217210 1758.4
1217220 1747.4
1217230 1743.3
1217240 1743.3
1217250 1738.7
1217260 1734.9
1217270 1734.9
1217280 1732.9
1217290 1731.1
1217300 1731.1
1217310 1732.1
1217320 1735.3
1217330 1735.3
1217340 1738.0
1217350 1741.0
1217360 1741.0
1217370 1744.2
1217380 1748.0
1217390 1748.0
1217400 1752.9
1217410 1757.9
1217420 1757.9
1217430 1762.6
1217440 1768.8
1217450 1774.4
1217460 1774.4
1217470 1778.6
1217480 1785.1
1217490 1785.1
1217500 1794.6
1217510 1802.7
1217520 1802.7
1217530 1808.6
1217540 1814.1
1217550 1814.1
1217560 1824.8
1217570 1833.8
1217580 1833.8
1217590 1839.1
1217600 1843.7
1217610 1843.7
1217620 1847.8
1217630 1852.3
1217640 1852.3
1217650 1858.7
1217660 1866.0
1217670 1866.0
1217680 1873.2
1217690 1880.9
1217700 1880.9
1217710 1891.6
1217720 1907.4
1217730 1920.4
1217740 1920.4
1217750 1925.4
1217760 1929.4
1217770 1929.4
1217780 1934.3
1217790 1937.8
1217800 1937.8
1217810 1942.5
1217820 1948.1
1217830 1948.1
1217840 1954.2
1217850 1959.9
1217860 1959.9
1217870 1965.8
1217880 1972.0
1217890 1972.0
1217900 1978.7
1217910 1986.2
1217920 1986.2
1217930 1993.7
1217940 2001.6
1217950 2001.6
1217960 2009.5
1217970 2016.5
1217980 2016.5
1217990 2023.9
1218000 2036.6
1218010 2036.6
1218020 2060.5
1218030 2090.6
1218040 2108.9
1218050 2108.9
1218060 2111.9
1218070 2116.4
1218080 2116.4
1218090 2120.6
1218100 2119.4
1218110 2119.4
1218120 2123.2
1218130 2125.1
1218140 2125.1
1218150 2130.1
1218160 2135.8
1218170 2135.8
1218180 2147.6
1218190 2156.0
1218200 2156.0
1218210 2159.0
1218220 2165.3
1218230 2165.3
1218240 2173.2
1218250 2181.9
1218260 2181.9
1218270 2191.8
1218280 2200.1
1218290 2200.1
1218300 2204.2
1218310 2210.1
1218320 2216.7
1218330 2216.7
1218340 2221.6
1218350 2225.1
1218360 2225.1
1218370 2229.7
1218380 2234.3
1218390 2234.3
1218400 2240.0
1218410 2247.0
1218420 2247.0
1218430 2251.3
1218440 2254.9
1218450 2254.9
1218460 2257.7
1218470 2262.6
1218480 2262.6
1218490 2268.9
1218500 2275.4
1218510 2275.4
1218520 2282.1
1218530 2288.4
1218540 2288.4
1218550 2294.0
1218560 2299.3
1218570 2299.3
1218580 2303.5
1218590 2302.8
1218600 2302.8
1218610 2298.2
1218620 2295.0
1218630 2291.3
1218640 2291.3
1218650 2284.8
1218660 2274.1
1218670 2274.1
1218680 2268.6
1218690 2258.1
1218700 2258.1
1218710 2246.5
1218720 2239.1
1218730 2239.1
1218740 2230.6
1218750 2210.4
1218760 2210.4
1218770 2205.7
1218780 2201.4
1218790 2201.4
1218800 2195.8
1218810 2189.5
1218820 2189.5
1218830 2183.3
1218840 2176.9
1218850 2176.9
1218860 2171.0
1218870 2165.4
1218880 2165.4
1218890 2159.8
1218900 2154.2
1218910 2149.0
1218920 2149.0
1218930 2144.2
1218940 2139.7
1218950 2139.7
1218960 2135.3
1218970 2131.0
1218980 2131.0
1218990 2126.9
1219000 2123.1
1219010 2123.1
1219020 2119.7
1219030 2116.5
1219040 2116.5
1219050 2113.6
1219060 2111.2
1219070 2111.2
1219080 2109.1
1219090 2107.0
1219100 2107.0
1219110 2105.1
1219120 2103.1
1219130 2103.1
1219140 2101.2
1219150 2099.2
1219160 2099.2
1219170 2096.9
1219180 2095.2
1219190 2095.2
1219200 2093.5
1219210 2091.2
1219220 2088.7
1219230 2086.4
1219240 2083.9
1219250 2081.5
1219260 2081.5
1219270 2079.1
1219280 2076.4
1219290 2076.4
1219300 2073.1
1219310 2069.1
1219320 2069.1
1219330 2064.6
1219340 2060.0
1219350 2060.0
1219360 2056.2
1219370 2052.9
1219380 2052.9
1219390 2049.6
1219400 2046.6
1219410 2046.6
1219420 2044.5
1219430 2044.8
1219440 2044.8
1219450 2046.0
1219460 2046.4
1219470 2046.4
1219480 2045.8
1219490 2044.5
1219500 2042.2
1219510 2042.2
1219520 2039.4
1219530 2037.1
1219540 2037.1
1219550 2035.8
1219560 2034.4
1219570 2034.4
1219580 2032.0
1219590 2028.9
1219600 2028.9
1219610 2025.9
1219620 2023.0
1219630 2023.0
1219640 2019.7
1219650 2016.1
1219660 2016.1
1219670 2011.8
1219680 2007.0
1219690 2007.0
1219700 2001.9
1219710 1998.9
1219720 1998.9
1219730 1994.6
1219740 1990.7
1219750 1990.7
1219760 1987.2
1219770 1984.3
1219780 1982.1
1219790 1982.1
1219800 1979.9
1219810 1978.9
1219820 1978.9
1219830 1978.0
1219840 1976.4
1219850 1976.4
1219860 1975.3
1219870 1974.9
1219880 1974.9
1219890 1974.5
1219900 1973.9
1219910 1973.9
1219920 1974.7
1219930 1975.1
1219940 1975.1
1219950 1973.9
1219960 1972.7
1219970 1972.7
1219980 1972.2
1219990 1972.0
