1200000 2187.1
1200010 2176.9
1200020 2166.1
1200030 2166.1
1200040 2151.1
1200050 2135.6
1200060 2135.6
1200070 2119.9
1200080 2104.3
1200090 2104.3
1200100 2091.0
1200110 2081.3
1200120 2074.3
1200130 2074.3
1200140 2070.1
1200150 2067.2
1200160 2067.2
1200170 2066.5
1200180 2066.3
1200190 2066.3
1200200 2066.4
1200210 2065.1
1200220 2065.1
1200230 2070.5
1200240 2068.9
1200250 2068.9
1200260 2066.2
1200270 2064.1
1200280 2064.1
1200290 2062.2
1200300 2060.0
1200310 2060.0
1200320 2057.8
1200330 2055.0
1200340 2055.0
1200350 2052.3
1200360 2049.6
1200370 2049.6
1200380 2046.8
1200390 2043.4
1200400 2043.4
1200410 2040.2
1200420 2036.9
1200430 2034.8
1200440 2034.8
1200450 2032.8
1200460 2029.9
1200470 2029.9
1200480 2027.3
1200490 2024.6
1200500 2024.6
1200510 2022.8
1200520 2021.2
1200530 2021.2
1200540 2018.5
1200550 2015.7
1200560 2015.7
1200570 2013.9
1200580 2013.0
1200590 2013.0
1200600 2013.5
1200610 2015.1
1200620 2015.1
1200630 2017.2
1200640 2018.4
1200650 2018.4
1200660 2018.1
1200670 2020.0
1200680 2025.7
1200690 2028.2
1200700 2032.1
1200710 2035.6
1200720 2035.6
1200730 2038.3
1200740 2041.4
1200750 2041.4
1200760 2045.8
1200770 2051.1
1200780 2051.1
1200790 2054.9
1200800 2058.7
1200810 2058.7
1200820 2068.6
1200830 2071.6
1200840 2071.6
1200850 2074.8
1200860 2077.8
1200870 2077.8
1200880 2079.9
1200890 2083.4
1200900 2083.4
1200910 2088.3
1200920 2095.1
1200930 2095.1
1200940 2102.8
1200950 2110.1
1200960 2110.1
1200970 2116.8
1200980 2124.6
1200990 2124.6
1201000 2135.8
1201010 2148.1
1201020 2161.3
1201030 2161.3
1201040 2165.4
1201050 2170.3
1201060 2170.3
1201070 2186.8
1201080 2192.9
1201090 2192.9
1201100 2190.7
1201110 2187.2
1201120 2187.2
1201130 2178.9
1201140 2175.5
1201150 2175.5
1201160 2172.2
1201170 2168.8
1201180 2168.8
1201190 2164.6
1201200 2159.8
1201210 2159.8
1201220 2152.7
1201230 2144.8
1201240 2144.8
1201250 2136.9
1201260 2127.9
1201270 2127.9
1201280 2118.4
1201290 2104.7
1201300 2091.1
1201310 2091.1
1201320 2081.0
1201330 2072.4
1201340 2072.4
1201350 2065.0
1201360 2058.3
1201370 2058.3
1201380 2052.0
1201390 2046.2
1201400 2046.2
1201410 2041.0
1201420 2036.0
1201430 2036.0
1201440 2031.6
1201450 2027.8
1201460 2027.8
1201470 2024.3
1201480 2021.6
1201490 2021.6
1201500 2018.7
1201510 2015.9
1201520 2015.9
1201530 2013.8
1201540 2010.6
1201550 2010.6
1201560 2006.7
1201570 2002.8
1201580 2006.3
1201590 2002.6
1201600 1999.1
1201610 1995.4
1201620 1995.4
1201630 1990.8
1201640 1986.3
1201650 1986.3
1201660 1981.9
1201670 1978.6
1201680 1978.6
1201690 1975.3
1201700 1970.6
1201710 1970.6
1201720 1965.0
1201730 1959.4
1201740 1959.4
1201750 1954.9
1201760 1952.9
1201770 1952.9
1201780 1952.1
1201790 1950.2
1201800 1950.2
1201810 1946.5
1201820 1941.1
1201830 1941.1
1201840 1935.1
1201850 1929.5
1201860 1929.5
1201870 1924.6
1201880 1919.6
1201890 1914.9
1201900 1914.9
1201910 1909.6
1201920 1902.6
1201930 1902.6
1201940 1895.5
1201950 1889.6
1201960 1889.6
1201970 1883.1
1201980 1876.0
1201990 1876.0
1202000 1869.2
1202010 1863.9
1202020 1863.9
1202030 1859.0
1202040 1855.9
1202050 1855.9
1202060 1852.2
1202070 1848.6
1202080 1848.6
1202090 1845.2
1202100 1842.9
1202110 1842.9
1202120 1841.8
1202130 1840.9
1202140 1840.9
1202150 1839.2
1202160 1837.8
1202170 1837.8
1202180 1837.3
1202190 1835.6
1202200 1832.3
1202210 1832.3
1202220 1829.0
1202230 1824.5
1202240 1824.5
1202250 1820.7
1202260 1816.6
1202270 1816.6
1202280 1809.9
1202290 1805.3
1202300 1805.3
1202310 1801.6
1202320 1798.0
1202330 1798.0
1202340 1795.8
1202350 1789.5
1202360 1789.5
1202370 1773.1
1202380 1760.1
1202390 1760.1
1202400 1753.2
1202410 1738.7
1202420 1738.7
1202430 1729.0
1202440 1723.6
1202450 1723.6
1202460 1721.0
1202470 1715.5
1202480 1707.3
1202490 1695.5
1202500 1689.3
1202510 1682.9
1202520 1682.9
1202530 1680.2
1202540 1674.6
1202550 1674.6
1202560 1670.8
1202570 1669.3
1202580 1669.3
1202590 1661.8
1202600 1659.8
1202610 1659.8
1202620 1657.2
1202630 1647.2
1202640 1647.2
1202650 1639.7
1202660 1634.5
1202670 1634.5
1202680 1627.9
1202690 1621.1
1202700 1621.1
1202710 1614.0
1202720 1606.1
1202730 1606.1
1202740 1600.4
1202750 1593.1
1202760 1593.1
1202770 1583.4
1202780 1574.3
1202790 1566.0
1202800 1566.0
1202810 1550.9
1202820 1540.0
1202830 1540.0
1202840 1529.1
1202850 1517.9
1202860 1517.9
1202870 1508.0
1202880 1502.2
1202890 1502.2
1202900 1501.1
1202910 1500.7
1202920 1500.7
1202930 1498.2
1202940 1488.7
1202950 1488.7
1202960 1485.6
1202970 1482.0
1202980 1482.0
1202990 1478.0
1203000 1474.6
1203010 1474.6
1203020 1471.6
1203030 1469.0
1203040 1469.0
1203050 1466.3
1203060 1462.8
1203070 1459.0
1203080 1459.0
1203090 1456.1
1203100 1453.1
1203110 1453.1
1203120 1450.0
1203130 1447.9
1203140 1447.9
1203150 1445.6
1203160 1443.4
1203170 1443.4
1203180 1441.4
1203190 1439.7
1203200 1439.7
1203210 1438.4
1203220 1436.5
1203230 1436.5
1203240 1433.5
1203250 1431.2
1203260 1431.2
1203270 1428.6
1203280 1426.1
1203290 1426.1
1203300 1423.7
1203310 1422.1
1203320 1422.1
1203330 1422.1
1203340 1421.8
1203350 1421.8
1203360 1421.9
1203370 1421.6
1203380 1421.1
1203390 1414.6
1203400 1413.8
1203410 1413.5
1203420 1413.5
1203430 1412.8
1203440 1411.3
1203450 1411.3
1203460 1411.6
1203470 1413.8
1203480 1413.8
1203490 1415.9
1203500 1418.3
1203510 1418.3
1203520 1419.5
1203530 1420.1
1203540 1420.1
1203550 1420.8
1203560 1420.3
1203570 1420.3
1203580 1420.0
1203590 1420.9
1203600 1420.9
1203610 1422.4
1203620 1422.9
1203630 1422.9
1203640 1422.8
1203650 1422.2
1203660 1423.2
1203670 1423.2
1203680 1423.4
1203690 1424.2
1203700 1424.2
1203710 1423.8
1203720 1421.9
1203730 1421.9
1203740 1420.9
1203750 1419.9
1203760 1419.9
1203770 1418.6
1203780 1419.0
1203790 1419.0
1203800 1419.2
1203810 1418.7
1203820 1418.7
1203830 1417.6
1203840 1415.9
1203850 1409.1
1203860 1406.8
1203870 1405.5
1203880 1405.5
1203890 1401.9
1203900 1396.4
1203910 1396.4
1203920 1396.7
1203930 1393.6
1203940 1393.6
1203950 1389.8
1203960 1387.8
1203970 1384.0
1203980 1384.0
1203990 1380.9
1204000 1379.3
1204010 1379.3
1204020 1379.8
1204030 1379.7
1204040 1379.7
1204050 1379.1
1204060 1376.7
1204070 1376.7
1204080 1373.6
1204090 1370.5
1204100 1370.5
1204110 1365.8
1204120 1362.6
1204130 1362.6
1204140 1363.3
1204150 1361.1
1204160 1361.1
1204170 1357.9
1204180 1354.1
1204190 1354.1
1204200 1350.2
1204210 1346.9
1204220 1346.9
1204230 1345.0
1204240 1344.4
1204250 1342.7
1204260 1342.7
1204270 1340.5
1204280 1334.9
1204290 1334.9
1204300 1319.1
1204310 1316.8
1204320 1316.8
1204330 1312.9
1204340 1308.3
1204350 1308.3
1204360 1305.6
1204370 1303.2
1204380 1303.2
1204390 1302.1
1204400 1304.4
1204410 1304.4
1204420 1304.0
1204430 1303.2
1204440 1303.2
1204450 1298.3
1204460 1290.1
1204470 1290.1
1204480 1284.3
1204490 1281.1
1204500 1281.1
1204510 1275.5
1204520 1270.8
1204530 1270.8
1204540 1259.7
1204550 1253.0
1204560 1249.4
1204570 1249.4
1204580 1244.9
1204590 1239.7
1204600 1239.7
1204610 1232.8
1204620 1225.9
1204630 1225.9
1204640 1212.8
1204650 1204.2
1204660 1204.2
1204670 1202.6
1204680 1209.2
1204690 1209.2
1204700 1217.4
1204710 1225.5
1204720 1225.5
1204730 1234.6
1204740 1243.7
1204750 1243.7
1204760 1244.8
1204770 1248.4
1204780 1248.4
1204790 1252.2
1204800 1255.3
1204810 1255.3
1204820 1257.7
1204830 1259.6
1204840 1259.6
1204850 1261.1
1204860 1263.6
1204870 1265.4
1204880 1265.4
1204890 1267.8
1204900 1271.3
1204910 1271.3
1204920 1274.4
1204930 1277.4
1204940 1277.4
1204950 1281.8
1204960 1285.8
1204970 1285.8
1204980 1290.2
1204990 1291.7
1205000 1291.7
1205010 1291.2
1205020 1291.9
1205030 1291.9
1205040 1290.6
1205050 1290.2
1205060 1290.2
1205070 1291.1
1205080 1292.3
1205090 1292.3
1205100 1293.5
1205110 1293.8
1205120 1293.8
1205130 1295.0
1205140 1296.5
1205150 1297.8
1205160 1297.8
1205170 1299.5
1205180 1302.0
1205190 1302.0
1205200 1303.4
1205210 1299.5
1205220 1299.5
1205230 1302.1
1205240 1305.1
1205250 1305.1
1205260 1307.0
1205270 1308.4
1205280 1308.4
1205290 1309.9
1205300 1312.2
1205310 1312.2
1205320 1314.3
1205330 1315.3
1205340 1315.3
1205350 1319.1
1205360 1325.9
1205370 1325.9
1205380 1328.7
1205390 1328.2
1205400 1328.2
1205410 1329.5
1205420 1331.4
1205430 1331.4
1205440 1331.3
1205450 1331.4
1205460 1332.7
1205470 1332.7
1205480 1335.3
1205490 1336.8
1205500 1336.8
1205510 1336.1
1205520 1336.6
1205530 1336.6
1205540 1337.6
1205550 1338.8
1205560 1338.8
1205570 1339.7
1205580 1338.4
1205590 1338.4
1205600 1336.0
1205610 1333.6
1205620 1333.6
1205630 1329.8
1205640 1328.1
1205650 1328.1
1205660 1328.3
1205670 1325.4
1205680 1325.4
1205690 1325.7
1205700 1325.0
1205710 1325.0
1205720 1323.6
1205730 1322.7
1205740 1322.4
1205750 1322.4
1205760 1323.4
1205770 1324.1
1205780 1324.1
1205790 1322.9
1205800 1322.7
1205810 1322.7
1205820 1324.5
1205830 1325.8
1205840 1325.8
1205850 1327.5
1205860 1326.9
1205870 1326.9
1205880 1323.0
1205890 1317.8
1205900 1317.8
1205910 1315.5
1205920 1314.4
1205930 1314.4
1205940 1313.3
1205950 1312.3
1205960 1312.3
1205970 1313.4
1205980 1315.2
1205990 1315.2
1206000 1316.4
1206010 1314.3
1206020 1314.3
1206030 1311.8
1206040 1308.4
1206050 1305.0
1206060 1305.0
1206070 1298.1
1206080 1293.5
1206090 1293.5
1206100 1291.4
1206110 1290.8
1206120 1290.8
1206130 1281.2
1206140 1278.9
1206150 1278.9
1206160 1278.1
1206170 1277.1
1206180 1277.1
1206190 1276.7
1206200 1275.6
1206210 1275.6
1206220 1275.0
1206230 1277.7
1206240 1277.7
1206250 1280.2
1206260 1282.1
1206270 1282.1
1206280 1285.4
1206290 1286.6
1206300 1286.6
1206310 1288.3
1206320 1291.2
1206330 1293.4
1206340 1293.4
1206350 1293.9
1206360 1294.2
1206370 1294.2
1206380 1294.7
1206390 1292.9
1206400 1292.9
1206410 1289.9
1206420 1287.9
1206430 1287.9
1206440 1287.7
1206450 1288.4
1206460 1288.4
1206470 1287.6
1206480 1282.4
1206490 1282.4
1206500 1278.6
1206510 1276.8
1206520 1276.8
1206530 1274.8
1206540 1278.5
1206550 1278.5
1206560 1278.6
1206570 1276.8
1206580 1275.1
1206590 1273.3
1206600 1268.3
1206610 1266.9
1206620 1266.9
1206630 1267.1
1206640 1262.7
1206650 1262.7
1206660 1259.6
1206670 1259.3
1206680 1259.3
1206690 1257.8
1206700 1253.3
1206710 1253.3
1206720 1245.5
1206730 1240.0
1206740 1240.0
1206750 1235.5
1206760 1232.6
1206770 1232.6
1206780 1228.2
1206790 1224.3
1206800 1224.3
1206810 1221.4
1206820 1213.6
1206830 1213.6
1206840 1204.2
1206850 1197.7
1206860 1197.7
1206870 1191.4
1206880 1187.6
1206890 1187.6
1206900 1183.1
1206910 1177.4
1206920 1172.2
1206930 1172.2
1206940 1167.6
1206950 1162.3
1206960 1162.3
1206970 1155.6
1206980 1149.3
1206990 1149.3
1207000 1143.4
1207010 1138.0
1207020 1138.0
1207030 1132.9
1207040 1127.6
1207050 1127.6
1207060 1122.4
1207070 1116.9
1207080 1116.9
1207090 1110.7
1207100 1103.5
1207110 1103.5
1207120 1098.7
1207130 1098.3
1207140 1098.3
1207150 1097.5
1207160 1096.8
1207170 1096.8
1207180 1096.3
1207190 1095.5
1207200 1094.5
1207210 1094.5
1207220 1093.4
1207230 1093.1
1207240 1093.1
1207250 1093.1
1207260 1093.1
1207270 1093.1
1207280 1093.1
1207290 1093.1
1207300 1093.1
1207310 1093.1
1207320 1093.1
1207330 1093.1
1207340 1093.1
1207350 1093.1
1207360 1093.1
1207370 1093.1
1207380 1093.1
1207390 1093.1
1207400 1093.1
1207410 1093.1
1207420 1093.1
1207430 1093.1
1207440 1093.1
1207450 1093.1
1207460 1093.1
1207470 1093.1
1207480 1093.1
1207490 1093.1
1207500 1093.1
1207510 1093.1
1207520 1093.1
1207530 1093.1
1207540 1093.1
1207550 1093.1
1207560 1093.1
1207570 1093.1
1207580 1093.1
1207590 1093.1
1207600 1093.1
1207610 1093.1
1207620 1093.1
1207630 1093.1
1207640 1093.1
1207650 1093.1
1207660 1093.1
1207670 1093.1
1207680 1093.1
1207690 1093.1
1207700 1093.1
1207710 1093.2
1207720 1093.2
1207730 1093.2
1207740 1093.2
1207750 1093.2
1207760 1093.2
1207770 1093.4
1207780 1094.6
1207790 1096.8
1207800 1096.8
1207810 1098.8
1207820 1100.4
1207830 1100.4
1207840 1101.8
1207850 1102.5
1207860 1102.5
1207870 1103.2
1207880 1104.3
1207890 1104.3
1207900 1105.0
1207910 1105.1
1207920 1105.1
1207930 1105.1
1207940 1105.2
1207950 1105.2
1207960 1105.6
1207970 1105.7
1207980 1105.7
1207990 1105.7
1208000 1105.7
1208010 1105.7
1208020 1105.6
1208030 1105.7
1208040 1105.7
1208050 1106.2
1208060 1107.7
1208070 1107.7
1208080 1109.6
1208090 1112.6
1208100 1116.8
1208110 1116.8
1208120 1120.4
1208130 1122.2
1208140 1122.2
1208150 1125.8
1208160 1128.8
1208170 1128.8
1208180 1133.0
1208190 1138.1
1208200 1138.1
1208210 1143.7
1208220 1149.6
1208230 1149.6
1208240 1154.8
1208250 1159.8
1208260 1159.8
1208270 1163.7
1208280 1166.6
1208290 1166.6
1208300 1168.7
1208310 1169.6
1208320 1169.6
1208330 1170.6
1208340 1170.2
1208350 1170.2
1208360 1166.6
1208370 1162.4
1208380 1160.9
1208390 1160.9
1208400 1161.4
1208410 1162.0
1208420 1162.0
1208430 1157.3
1208440 1159.1
1208450 1159.1
1208460 1161.1
1208470 1162.3
1208480 1162.3
1208490 1161.3
1208500 1161.7
1208510 1161.7
1208520 1162.2
1208530 1162.0
1208540 1162.0
1208550 1161.8
1208560 1163.6
1208570 1163.6
1208580 1167.7
1208590 1173.1
1208600 1173.1
1208610 1176.2
1208620 1175.0
1208630 1175.0
1208640 1174.0
1208650 1172.7
1208660 1172.7
1208670 1170.9
1208680 1170.3
1208690 1171.3
1208700 1171.3
1208710 1173.5
1208720 1174.1
1208730 1174.1
1208740 1174.7
1208750 1174.8
1208760 1174.8
1208770 1173.8
1208780 1172.5
1208790 1172.5
1208800 1171.1
1208810 1169.5
1208820 1169.5
1208830 1167.9
1208840 1166.2
1208850 1166.2
1208860 1163.9
1208870 1161.4
1208880 1161.4
1208890 1159.9
1208900 1158.6
1208910 1158.6
1208920 1156.9
1208930 1155.4
1208940 1155.4
1208950 1154.1
1208960 1152.8
1208970 1151.6
1208980 1151.6
1208990 1150.7
1209000 1150.1
1209010 1150.1
1209020 1149.4
1209030 1147.8
1209040 1147.8
1209050 1145.2
1209060 1143.1
1209070 1143.1
1209080 1142.2
1209090 1141.2
1209100 1141.2
1209110 1139.4
1209120 1137.3
1209130 1137.3
1209140 1134.9
1209150 1132.8
1209160 1132.8
1209170 1132.5
1209180 1133.8
1209190 1133.8
1209200 1131.6
1209210 1125.9
1209220 1125.9
1209230 1124.3
1209240 1126.8
1209250 1126.8
1209260 1128.4
1209270 1126.1
1209280 1124.6
1209290 1124.6
1209300 1123.6
1209310 1122.0
1209320 1122.0
1209330 1122.3
1209340 1123.3
1209350 1117.4
1209360 1116.1
1209370 1117.2
1209380 1117.2
1209390 1118.6
1209400 1122.2
1209410 1122.2
1209420 1126.9
1209430 1133.0
1209440 1133.0
1209450 1139.5
1209460 1145.3
1209470 1145.3
1209480 1150.2
1209490 1154.4
1209500 1154.4
1209510 1157.8
1209520 1159.9
1209530 1159.9
1209540 1161.4
1209550 1161.3
1209560 1160.1
1209570 1160.1
1209580 1158.1
1209590 1157.3
1209600 1157.3
1209610 1157.3
1209620 1157.3
1209630 1157.3
1209640 1156.4
1209650 1154.5
1209660 1154.5
1209670 1152.0
1209680 1148.9
1209690 1148.9
1209700 1146.5
1209710 1147.1
1209720 1147.1
1209730 1148.2
1209740 1148.7
1209750 1148.7
1209760 1147.5
1209770 1146.7
1209780 1146.7
1209790 1147.5
1209800 1149.7
1209810 1149.7
1209820 1151.7
1209830 1154.1
1209840 1154.1
1209850 1157.4
1209860 1160.6
1209870 1160.9
1209880 1160.9
1209890 1160.1
1209900 1158.7
1209910 1158.7
1209920 1160.5
1209930 1162.1
1209940 1162.1
1209950 1163.4
1209960 1162.2
1209970 1162.2
1209980 1158.5
1209990 1157.6
1210000 1157.6
1210010 1155.4
1210020 1149.7
1210030 1149.7
1210040 1146.0
1210050 1140.8
1210060 1140.8
1210070 1135.5
1210080 1131.8
1210090 1131.8
1210100 1129.8
1210110 1125.4
1210120 1125.4
1210130 1121.6
1210140 1118.3
1210150 1114.7
1210160 1114.7
1210170 1110.4
1210180 1103.9
1210190 1103.9
1210200 1097.2
1210210 1095.4
1210220 1095.4
1210230 1095.8
1210240 1095.0
1210250 1095.0
1210260 1092.5
1210270 1086.6
1210280 1085.1
1210290 1082.3
1210300 1081.8
1210310 1081.8
1210320 1081.6
1210330 1081.5
1210340 1081.5
1210350 1081.5
1210360 1081.5
1210370 1081.5
1210380 1081.5
1210390 1081.5
1210400 1081.5
1210410 1082.0
1210420 1084.6
1210430 1084.6
1210440 1087.9
1210450 1088.9
1210460 1088.8
1210470 1088.8
1210480 1088.3
1210490 1087.1
1210500 1087.1
1210510 1085.8
1210520 1085.2
1210530 1085.2
1210540 1085.1
1210550 1084.8
1210560 1084.8
1210570 1084.5
1210580 1084.3
1210590 1084.3
1210600 1084.2
1210610 1084.0
1210620 1084.0
1210630 1084.0
1210640 1084.0
1210650 1084.0
1210660 1083.9
1210670 1083.7
1210680 1083.7
1210690 1083.7
1210700 1083.7
1210710 1083.7
1210720 1083.4
1210730 1082.8
1210740 1082.9
1210750 1084.3
1210760 1085.0
1210770 1085.6
1210780 1085.6
1210790 1085.7
1210800 1085.4
1210810 1085.4
1210820 1085.0
1210830 1084.8
1210840 1084.8
1210850 1084.6
1210860 1084.5
1210870 1084.5
1210880 1084.5
1210890 1084.6
1210900 1084.6
1210910 1084.7
1210920 1085.1
1210930 1085.1
1210940 1085.5
1210950 1087.4
1210960 1087.4
1210970 1091.4
1210980 1095.0
1210990 1095.0
1211000 1096.3
1211010 1095.6
1211020 1095.6
1211030 1094.7
1211040 1094.6
1211050 1094.9
1211060 1094.9
1211070 1095.3
1211080 1095.5
1211090 1095.5
1211100 1095.9
1211110 1096.2
1211120 1096.2
1211130 1096.5
1211140 1096.7
1211150 1096.7
1211160 1097.1
1211170 1097.3
1211180 1097.3
1211190 1098.0
1211200 1099.0
1211210 1100.5
1211220 1101.0
1211230 1101.0
1211240 1101.0
1211250 1101.6
1211260 1102.6
1211270 1102.6
1211280 1104.0
1211290 1105.7
1211300 1105.7
1211310 1107.5
1211320 1108.9
1211330 1109.7
1211340 1109.7
1211350 1111.5
1211360 1114.2
1211370 1114.2
1211380 1116.5
1211390 1118.3
1211400 1118.3
1211410 1120.0
1211420 1122.0
1211430 1122.0
1211440 1124.2
1211450 1126.1
1211460 1126.1
1211470 1127.7
1211480 1129.1
1211490 1129.1
1211500 1130.6
1211510 1131.7
1211520 1131.7
1211530 1133.4
1211540 1135.6
1211550 1135.6
1211560 1137.2
1211570 1138.5
1211580 1138.5
1211590 1140.4
1211600 1142.3
1211610 1142.3
1211620 1144.5
1211630 1146.4
1211640 1147.7
1211650 1147.7
1211660 1148.8
1211670 1150.1
1211680 1150.6
1211690 1151.9
1211700 1153.5
1211710 1153.5
1211720 1156.1
1211730 1157.9
1211740 1157.9
1211750 1159.3
1211760 1161.1
1211770 1161.1
1211780 1162.7
1211790 1164.6
1211800 1164.6
1211810 1166.2
1211820 1167.6
1211830 1167.6
1211840 1168.6
1211850 1169.1
1211860 1169.1
1211870 1168.2
1211880 1169.5
1211890 1169.5
1211900 1169.4
1211910 1170.6
1211920 1172.5
1211930 1172.5
1211940 1173.8
1211950 1174.5
1211960 1174.5
1211970 1175.3
1211980 1176.2
1211990 1176.2
1212000 1177.2
1212010 1178.5
1212020 1178.5
1212030 1180.0
1212040 1181.4
1212050 1181.4
1212060 1181.8
1212070 1181.5
1212080 1181.5
1212090 1181.9
1212100 1183.5
1212110 1183.5
1212120 1185.5
1212130 1187.8
1212140 1187.8
1212150 1192.0
1212160 1193.5
1212170 1193.5
1212180 1193.5
1212190 1191.6
1212200 1191.6
1212210 1190.7
1212220 1194.2
1212230 1195.8
1212240 1195.8
1212250 1194.8
1212260 1199.2
1212270 1199.2
1212280 1206.6
1212290 1213.9
1212300 1213.9
1212310 1219.6
1212320 1224.0
1212330 1224.0
1212340 1230.4
1212350 1238.0
1212360 1238.0
1212370 1244.9
1212380 1251.6
1212390 1251.6
1212400 1256.6
1212410 1261.5
1212420 1261.5
1212430 1267.1
1212440 1272.8
1212450 1272.8
1212460 1277.4
1212470 1281.8
1212480 1281.8
1212490 1287.6
1212500 1295.4
1212510 1300.9
1212520 1300.9
1212530 1299.1
1212540 1298.6
1212550 1298.6
1212560 1302.1
1212570 1305.5
1212580 1305.5
1212590 1309.3
1212600 1313.6
1212610 1313.6
1212620 1320.8
1212630 1326.7
1212640 1326.7
1212650 1332.6
1212660 1337.7
1212670 1337.7
1212680 1341.2
1212690 1348.0
1212700 1348.0
1212710 1356.4
1212720 1361.7
1212730 1361.7
1212740 1360.2
1212750 1361.8
1212760 1361.8
1212770 1364.2
1212780 1368.3
1212790 1368.3
1212800 1370.8
1212810 1369.5
1212820 1373.8
1212830 1373.8
1212840 1380.0
1212850 1386.3
1212860 1386.3
1212870 1391.8
1212880 1397.2
1212890 1397.2
1212900 1399.8
1212910 1401.2
1212920 1401.2
1212930 1402.2
1212940 1405.8
1212950 1405.8
1212960 1412.3
1212970 1419.7
1212980 1419.7
1212990 1426.9
1213000 1434.1
1213010 1434.1
1213020 1441.9
1213030 1451.6
1213040 1451.6
1213050 1465.0
1213060 1475.8
1213070 1475.8
1213080 1484.5
1213090 1494.9
1213100 1506.3
1213110 1506.3
1213120 1517.3
1213130 1520.9
1213140 1520.9
1213150 1518.6
1213160 1516.5
1213170 1516.5
1213180 1515.4
1213190 1511.8
1213200 1511.8
1213210 1505.1
1213220 1502.2
1213230 1502.2
1213240 1503.5
1213250 1508.5
1213260 1508.5
1213270 1513.9
1213280 1519.9
1213290 1519.9
1213300 1523.4
1213310 1520.4
1213320 1520.4
1213330 1515.6
1213340 1512.3
1213350 1512.3
1213360 1512.3
1213370 1513.4
1213380 1513.4
1213390 1512.2
1213400 1511.3
1213410 1511.5
1213420 1511.5
1213430 1513.6
1213440 1514.3
1213450 1514.3
1213460 1511.7
1213470 1510.5
1213480 1510.5
1213490 1511.0
1213500 1504.6
1213510 1504.6
1213520 1500.0
1213530 1500.6
1213540 1500.6
1213550 1507.0
1213560 1521.9
1213570 1521.9
1213580 1518.6
1213590 1513.2
1213600 1513.2
1213610 1512.6
1213620 1513.1
1213630 1513.1
1213640 1515.2
1213650 1518.1
1213660 1518.1
1213670 1518.1
1213680 1513.0
1213690 1507.1
1213700 1507.1
1213710 1500.9
1213720 1497.4
1213730 1497.4
1213740 1495.5
1213750 1494.2
1213760 1494.2
1213770 1493.6
1213780 1493.0
1213790 1493.0
1213800 1495.3
1213810 1502.9
1213820 1502.9
1213830 1500.8
1213840 1497.7
1213850 1497.7
1213860 1496.6
1213870 1489.9
1213880 1489.9
1213890 1482.2
1213900 1474.1
1213910 1474.1
1213920 1469.3
1213930 1464.9
1213940 1464.9
1213950 1463.2
1213960 1466.8
1213970 1466.8
1213980 1463.2
1213990 1453.8
1214000 1445.5
1214010 1445.5
1214020 1439.6
1214030 1442.4
1214040 1442.4
1214050 1443.2
1214060 1444.3
1214070 1444.3
1214080 1445.7
1214090 1446.3
1214100 1446.3
1214110 1446.9
1214120 1446.6
1214130 1446.6
1214140 1448.7
1214150 1449.5
1214160 1449.5
1214170 1450.6
1214180 1452.2
1214190 1452.2
1214200 1454.0
1214210 1454.0
1214220 1454.0
1214230 1452.1
1214240 1451.1
1214250 1451.1
1214260 1450.3
1214270 1450.0
1214280 1449.7
1214290 1449.7
1214300 1448.8
1214310 1448.1
1214320 1448.1
1214330 1448.0
1214340 1449.1
1214350 1449.1
1214360 1452.8
1214370 1455.9
1214380 1455.9
1214390 1458.7
1214400 1461.9
1214410 1461.9
1214420 1465.3
1214430 1467.6
1214440 1467.6
1214450 1471.0
1214460 1474.7
1214470 1474.7
1214480 1478.3
1214490 1481.9
1214500 1483.8
1214510 1487.9
1214520 1491.8
1214530 1491.8
1214540 1495.8
1214550 1500.0
1214560 1500.0
1214570 1504.4
1214580 1508.8
1214590 1513.0
1214600 1513.0
1214610 1517.9
1214620 1522.9
1214630 1522.9
1214640 1527.8
1214650 1532.7
1214660 1532.7
1214670 1536.7
1214680 1540.2
1214690 1540.2
1214700 1543.5
1214710 1546.7
1214720 1546.7
1214730 1550.3
1214740 1555.1
1214750 1555.1
1214760 1560.9
1214770 1567.6
1214780 1567.6
1214790 1574.1
1214800 1580.6
1214810 1580.6
1214820 1587.0
1214830 1593.1
1214840 1593.1
1214850 1599.0
1214860 1605.1
1214870 1611.4
1214880 1611.4
1214890 1617.6
1214900 1624.1
1214910 1624.1
1214920 1630.6
1214930 1637.2
1214940 1637.2
1214950 1643.9
1214960 1650.7
1214970 1651.9
1214980 1658.7
1214990 1665.5
1215000 1665.5
1215010 1672.4
1215020 1679.2
1215030 1679.2
1215040 1686.1
1215050 1693.1
1215060 1693.1
1215070 1700.0
1215080 1706.8
1215090 1706.8
1215100 1713.5
1215110 1720.4
1215120 1720.4
1215130 1727.3
1215140 1734.1
1215150 1734.1
1215160 1741.3
1215170 1749.6
1215180 1759.3
1215190 1759.3
1215200 1767.7
1215210 1773.7
1215220 1773.7
1215230 1778.0
1215240 1783.6
1215250 1783.6
1215260 1791.5
1215270 1799.3
1215280 1799.3
1215290 1807.0
1215300 1814.3
1215310 1814.3
1215320 1821.3
1215330 1828.5
1215340 1828.5
1215350 1835.9
1215360 1843.4
1215370 1843.4
1215380 1850.2
1215390 1857.3
1215400 1857.3
1215410 1863.7
1215420 1869.8
1215430 1869.8
1215440 1870.1
1215450 1876.6
1215460 1882.8
1215470 1882.8
1215480 1890.9
1215490 1922.5
1215500 1922.5
1215510 1947.1
1215520 1958.8
1215530 1958.8
1215540 1969.3
1215550 1980.0
1215560 1980.0
1215570 1989.1
1215580 2004.2
1215590 2004.2
1215600 2042.7
1215610 2066.9
1215620 2066.9
1215630 2073.7
1215640 2082.8
1215650 2082.8
1215660 2094.9
1215670 2107.8
1215680 2107.8
1215690 2122.5
1215700 2139.9
1215710 2139.9
1215720 2155.7
1215730 2176.2
1215740 2176.2
1215750 2210.5
1215760 2238.0
1215770 2257.1
1215780 2257.1
1215790 2254.6
1215800 2239.7
1215810 2239.7
1215820 2222.7
1215830 2209.7
1215840 2209.7
1215850 2197.4
1215860 2185.5
1215870 2185.5
1215880 2176.4
1215890 2168.9
1215900 2168.9
1215910 2163.7
1215920 2149.4
1215930 2149.4
1215940 2148.6
1215950 2145.8
1215960 2145.8
1215970 2143.0
1215980 2142.2
1215990 2142.2
1216000 2142.1
1216010 2142.3
1216020 2142.3
1216030 2139.8
1216040 2129.1
1216050 2117.5
1216060 2117.5
1216070 2107.8
1216080 2094.5
1216090 2094.5
1216100 2084.4
1216110 2073.7
1216120 2073.7
1216130 2063.1
1216140 2053.4
1216150 2053.4
1216160 2042.9
1216170 2035.3
1216180 2035.3
1216190 2026.1
1216200 2014.4
1216210 2014.4
1216220 2001.4
1216230 1995.4
1216240 1995.4
1216250 1985.8
1216260 1973.7
1216270 1973.7
1216280 1959.2
1216290 1946.5
1216300 1946.5
1216310 1938.5
1216320 1934.5
1216330 1934.5
1216340 1929.6
1216350 1923.7
1216360 1917.9
1216370 1917.9
1216380 1911.9
1216390 1907.1
1216400 1907.1
1216410 1901.2
1216420 1895.2
1216430 1895.2
1216440 1889.4
1216450 1883.4
1216460 1883.4
1216470 1877.9
1216480 1871.0
1216490 1871.0
1216500 1864.1
1216510 1857.4
1216520 1857.4
1216530 1847.9
1216540 1833.5
1216550 1833.5
1216560 1813.5
1216570 1786.8
1216580 1786.8
1216590 1776.8
1216600 1771.9
1216610 1771.9
1216620 1767.4
1216630 1762.9
1216640 1758.6
1216650 1758.6
1216660 1754.2
1216670 1749.9
1216680 1749.9
1216690 1746.8
1216700 1743.6
1216710 1743.6
1216720 1740.0
1216730 1735.6
1216740 1735.6
1216750 1731.2
1216760 1726.9
1216770 1726.9
1216780 1722.6
1216790 1719.0
1216800 1719.0
1216810 1716.4
1216820 1714.4
1216830 1714.4
1216840 1713.4
1216850 1710.7
1216860 1710.7
1216870 1706.4
1216880 1704.7
1216890 1704.7
1216900 1701.6
1216910 1700.9
1216920 1700.9
1216930 1702.4
1216940 1701.9
1216950 1699.1
1216960 1699.1
1216970 1695.4
1216980 1692.8
1216990 1692.8
1217000 1690.2
1217010 1688.1
1217020 1688.1
1217030 1686.1
1217040 1684.0
1217050 1684.0
1217060 1681.4
1217070 1678.1
1217080 1678.1
1217090 1676.9
1217100 1676.9
1217110 1676.9
1217120 1676.7
1217130 1676.5
1217140 1676.5
1217150 1676.3
1217160 1676.1
1217170 1676.1
1217180 1676.1
1217190 1676.3
1217200 1676.3
1217210 1677.2
1217220 1678.5
1217230 1680.0
1217240 1680.0
1217250 1681.6
1217260 1682.9
1217270 1682.9
1217280 1683.6
1217290 1685.2
1217300 1685.2
1217310 1687.2
1217320 1689.3
1217330 1689.3
1217340 1692.4
1217350 1699.4
1217360 1699.4
1217370 1704.3
1217380 1708.6
1217390 1708.6
1217400 1713.2
1217410 1717.7
1217420 1717.7
1217430 1721.8
1217440 1727.1
1217450 1727.1
1217460 1740.9
1217470 1749.3
1217480 1749.3
1217490 1754.9
1217500 1766.8
1217510 1766.8
1217520 1779.4
1217530 1786.9
1217540 1793.9
1217550 1793.9
1217560 1803.8
1217570 1810.8
1217580 1810.8
1217590 1816.8
1217600 1822.1
1217610 1822.1
1217620 1827.6
1217630 1834.0
1217640 1834.0
1217650 1840.4
1217660 1846.8
1217670 1846.8
1217680 1864.4
1217690 1889.4
1217700 1889.4
1217710 1905.6
1217720 1918.6
1217730 1918.6
1217740 1930.2
1217750 1938.1
1217760 1938.1
1217770 1947.4
1217780 1959.0
1217790 1959.0
1217800 1970.5
1217810 1979.1
1217820 1992.0
1217830 1992.0
1217840 1999.4
1217850 2006.6
1217860 2006.6
1217870 2014.0
1217880 2023.5
1217890 2023.5
1217900 2035.8
1217910 2048.0
1217920 2048.0
1217930 2060.2
1217940 2070.3
1217950 2070.3
1217960 2078.6
1217970 2085.6
1217980 2085.6
1217990 2093.6
1218000 2103.3
1218010 2103.3
1218020 2108.8
1218030 2112.7
1218040 2112.7
1218050 2118.2
1218060 2123.6
1218070 2123.6
1218080 2126.1
1218090 2128.4
1218100 2128.4
1218110 2131.0
1218120 2109.6
1218130 2102.6
1218140 2102.6
1218150 2098.4
1218160 2098.2
1218170 2098.2
1218180 2099.7
1218190 2102.9
1218200 2102.9
1218210 2108.1
1218220 2111.5
1218230 2111.5
1218240 2116.0
1218250 2125.6
1218260 2125.6
1218270 2134.2
1218280 2142.8
1218290 2142.8
1218300 2151.3
1218310 2159.3
1218320 2159.3
1218330 2166.4
1218340 2173.0
1218350 2173.0
1218360 2178.7
1218370 2184.8
1218380 2184.8
1218390 2191.2
1218400 2198.6
1218410 2207.7
1218420 2207.7
1218430 2216.1
1218440 2223.1
1218450 2223.1
1218460 2231.4
1218470 2241.4
1218480 2241.4
1218490 2251.3
1218500 2260.1
1218510 2260.1
1218520 2266.5
1218530 2272.7
1218540 2272.7
1218550 2290.4
1218560 2313.0
1218570 2313.0
1218580 2332.2
1218590 2339.6
1218600 2339.6
1218610 2347.7
1218620 2353.7
1218630 2353.7
1218640 2365.6
1218650 2376.2
1218660 2376.2
1218670 2381.3
1218680 2387.0
1218690 2387.0
1218700 2395.2
1218710 2402.0
1218720 2407.7
1218730 2407.7
1218740 2415.8
1218750 2420.4
1218760 2420.4
1218770 2423.7
1218780 2436.2
1218790 2436.2
1218800 2431.7
1218810 2420.3
1218820 2420.3
1218830 2409.1
1218840 2400.9
1218850 2400.9
1218860 2394.3
1218870 2387.0
1218880 2387.0
1218890 2380.2
1218900 2372.3
1218910 2372.3
1218920 2371.2
1218930 2373.8
1218940 2373.8
1218950 2371.4
1218960 2370.0
1218970 2370.0
1218980 2362.2
1218990 2349.2
1219000 2334.6
1219010 2334.6
1219020 2319.2
1219030 2310.3
1219040 2310.3
1219050 2311.5
1219060 2307.6
1219070 2307.6
1219080 2303.8
1219090 2298.5
1219100 2298.5
1219110 2296.1
1219120 2290.3
1219130 2290.3
1219140 2290.4
1219150 2294.9
1219160 2294.9
1219170 2292.1
1219180 2285.1
1219190 2285.1
1219200 2277.8
1219210 2269.3
1219220 2269.3
1219230 2263.7
1219240 2259.8
1219250 2259.8
1219260 2245.3
1219270 2236.2
1219280 2236.2
1219290 2227.7
1219300 2222.9
1219310 2218.4
1219320 2218.4
1219330 2212.6
1219340 2200.9
1219350 2200.9
1219360 2183.3
1219370 2164.6
1219380 2164.6
1219390 2151.0
1219400 2135.9
1219410 2135.9
1219420 2115.8
1219430 2099.9
1219440 2099.9
1219450 2087.9
1219460 2072.3
1219470 2072.3
1219480 2051.4
1219490 2042.9
1219500 2042.9
1219510 2037.4
1219520 2031.3
1219530 2031.3
1219540 2025.0
1219550 2018.4
1219560 2018.4
1219570 2011.8
1219580 2004.9
1219590 1998.1
1219600 1998.1
1219610 1991.5
1219620 1984.4
1219630 1984.4
1219640 1977.3
1219650 1970.0
1219660 1970.0
1219670 1962.9
1219680 1955.8
1219690 1955.8
1219700 1949.0
1219710 1942.6
1219720 1942.6
1219730 1935.8
1219740 1929.9
1219750 1929.9
1219760 1923.8
1219770 1918.3
1219780 1918.3
1219790 1914.4
1219800 1913.1
1219810 1913.1
1219820 1913.6
1219830 1912.6
1219840 1912.6
1219850 1911.8
1219860 1912.8
1219870 1912.8
1219880 1912.5
1219890 1911.5
1219900 1912.4
1219910 1912.4
1219920 1913.6
1219930 1913.1
1219940 1913.1
1219950 1911.5
1219960 1909.3
1219970 1909.3
1219980 1907.7
1219990 1907.6
