1200000 1977.7
1200010 1975.7
1200020 1972.3
1200030 1972.3
1200040 1966.2
1200050 1960.5
1200060 1969.2
1200070 1961.5
1200080 1952.4
1200090 1944.0
1200100 1944.0
1200110 1940.7
1200120 1939.8
1200130 1939.8
1200140 1935.7
1200150 1928.7
1200160 1928.7
1200170 1915.5
1200180 1903.1
1200190 1903.1
1200200 1893.2
1200210 1879.9
1200220 1879.9
1200230 1863.3
1200240 1853.3
1200250 1853.3
1200260 1845.1
1200270 1837.1
1200280 1837.1
1200290 1828.9
1200300 1820.4
1200310 1820.4
1200320 1811.6
1200330 1803.3
1200340 1803.3
1200350 1795.5
1200360 1787.8
1200370 1787.8
1200380 1783.3
1200390 1780.9
1200400 1777.3
1200410 1777.3
1200420 1771.6
1200430 1766.4
1200440 1766.4
1200450 1759.6
1200460 1752.2
1200470 1752.2
1200480 1745.5
1200490 1736.9
1200500 1736.9
1200510 1736.5
1200520 1728.0
1200530 1728.0
1200540 1720.5
1200550 1712.1
1200560 1712.1
1200570 1704.0
1200580 1696.4
1200590 1696.4
1200600 1689.7
1200610 1683.1
1200620 1683.1
1200630 1676.2
1200640 1670.6
1200650 1670.6
1200660 1665.2
1200670 1660.5
1200680 1655.2
1200690 1655.2
1200700 1649.4
1200710 1643.6
1200720 1643.6
1200730 1638.5
1200740 1633.0
1200750 1633.0
1200760 1630.6
1200770 1626.7
1200780 1626.7
1200790 1621.9
1200800 1616.2
1200810 1616.2
1200820 1612.2
1200830 1609.4
1200840 1609.4
1200850 1605.3
1200860 1604.4
1200870 1604.4
1200880 1606.7
1200890 1608.2
1200900 1608.2
1200910 1609.0
1200920 1608.0
1200930 1608.0
1200940 1606.2
1200950 1604.6
1200960 1610.1
1200970 1608.0
1200980 1606.9
1200990 1605.8
1201000 1605.8
1201010 1605.0
1201020 1605.7
1201030 1605.7
1201040 1606.1
1201050 1606.0
1201060 1606.0
1201070 1606.1
1201080 1605.5
1201090 1605.5
1201100 1604.4
1201110 1604.8
1201120 1604.8
1201130 1606.2
1201140 1608.5
1201150 1608.5
1201160 1610.3
1201170 1612.1
1201180 1612.1
1201190 1613.5
1201200 1614.1
1201210 1614.1
1201220 1616.3
1201230 1617.5
1201240 1617.5
1201250 1619.4
1201260 1621.6
1201270 1621.6
1201280 1624.0
1201290 1627.0
1201300 1630.3
1201310 1630.3
1201320 1629.1
1201330 1630.7
1201340 1630.7
1201350 1632.2
1201360 1634.7
1201370 1634.7
1201380 1637.2
1201390 1639.4
1201400 1639.4
1201410 1650.9
1201420 1653.9
1201430 1653.9
1201440 1658.6
1201450 1663.2
1201460 1663.2
1201470 1666.9
1201480 1669.3
1201490 1669.3
1201500 1672.2
1201510 1676.2
1201520 1676.2
1201530 1678.2
1201540 1679.5
1201550 1679.5
1201560 1681.0
1201570 1684.7
1201580 1684.7
1201590 1690.9
1201600 1697.6
1201610 1702.5
1201620 1702.5
1201630 1707.3
1201640 1712.0
1201650 1712.0
1201660 1715.5
1201670 1718.9
1201680 1718.9
1201690 1722.0
1201700 1725.0
1201710 1725.0
1201720 1728.6
1201730 1734.2
1201740 1734.2
1201750 1736.8
1201760 1738.1
1201770 1738.1
1201780 1742.8
1201790 1749.2
1201800 1749.2
1201810 1753.7
1201820 1757.2
1201830 1757.2
1201840 1761.5
1201850 1765.6
1201860 1770.8
1201870 1774.9
1201880 1780.1
1201890 1785.5
1201900 1785.5
1201910 1790.9
1201920 1795.2
1201930 1795.2
1201940 1800.1
1201950 1806.1
1201960 1806.1
1201970 1811.7
1201980 1817.5
1201990 1817.5
1202000 1825.2
1202010 1834.5
1202020 1834.5
1202030 1845.2
1202040 1855.3
1202050 1855.3
1202060 1865.0
1202070 1872.8
1202080 1872.8
1202090 1881.1
1202100 1890.4
1202110 1890.4
1202120 1898.5
1202130 1905.1
1202140 1905.1
1202150 1910.9
1202160 1917.0
1202170 1917.0
1202180 1923.4
1202190 1930.5
1202200 1937.2
1202210 1937.2
1202220 1944.2
1202230 1950.0
1202240 1950.0
1202250 1955.9
1202260 1962.6
1202270 1962.6
1202280 1969.5
1202290 1975.0
1202300 1975.0
1202310 1985.7
1202320 1991.0
1202330 1991.0
1202340 1995.6
1202350 2000.1
1202360 2000.1
1202370 2005.0
1202380 2011.1
1202390 2011.1
1202400 2016.4
1202410 2015.5
1202420 2015.5
1202430 2017.6
1202440 2025.1
1202450 2025.1
1202460 2024.7
1202470 2020.5
1202480 2020.5
1202490 2014.3
1202500 2004.7
1202510 2001.4
1202520 2001.4
1202530 2006.3
1202540 2011.4
1202550 2011.4
1202560 2005.3
1202570 1999.2
1202580 1999.2
1202590 1990.2
1202600 1981.3
1202610 1981.3
1202620 1974.9
1202630 1964.0
1202640 1964.0
1202650 1954.2
1202660 1959.7
1202670 1959.7
1202680 1966.0
1202690 1962.7
1202700 1962.7
1202710 1957.9
1202720 1952.2
1202730 1952.2
1202740 1947.1
1202750 1946.9
1202760 1954.0
1202770 1950.2
1202780 1947.0
1202790 1947.0
1202800 1945.1
1202810 1943.5
1202820 1943.9
1202830 1943.9
1202840 1946.2
1202850 1949.7
1202860 1949.7
1202870 1952.3
1202880 1951.4
1202890 1951.4
1202900 1952.6
1202910 1952.0
1202920 1952.0
1202930 1950.1
1202940 1947.1
1202950 1947.1
1202960 1945.9
1202970 1945.5
1202980 1945.5
1202990 1943.3
1203000 1940.2
1203010 1940.2
1203020 1939.0
1203030 1939.0
1203040 1939.0
1203050 1938.5
1203060 1940.3
1203070 1940.3
1203080 1941.7
1203090 1941.5
1203100 1941.5
1203110 1938.8
1203120 1936.2
1203130 1935.0
1203140 1935.0
1203150 1939.0
1203160 1946.3
1203170 1946.3
1203180 1947.1
1203190 1940.5
1203200 1940.5
1203210 1938.0
1203220 1949.4
1203230 1949.4
1203240 1956.4
1203250 1956.8
1203260 1956.8
1203270 1953.4
1203280 1949.5
1203290 1949.5
1203300 1945.3
1203310 1942.3
1203320 1942.3
1203330 1942.6
1203340 1942.1
1203350 1942.1
1203360 1941.1
1203370 1941.6
1203380 1941.6
1203390 1943.7
1203400 1945.1
1203410 1946.3
1203420 1946.3
1203430 1948.2
1203440 1950.4
1203450 1950.4
1203460 1952.4
1203470 1954.3
1203480 1954.3
1203490 1955.4
1203500 1955.9
1203510 1955.9
1203520 1955.5
1203530 1955.8
1203540 1955.8
1203550 1957.1
1203560 1958.7
1203570 1958.7
1203580 1961.0
1203590 1964.0
1203600 1964.0
1203610 1967.3
1203620 1970.5
1203630 1970.5
1203640 1973.6
1203650 1976.6
1203660 1976.6
1203670 1985.6
1203680 1988.4
1203690 1988.4
1203700 1991.4
1203710 1994.6
1203720 1998.1
1203730 1998.1
1203740 2001.6
1203750 2004.9
1203760 2004.9
1203770 2008.1
1203780 2011.4
1203790 2011.4
1203800 2014.7
1203810 2018.1
1203820 2018.1
1203830 2022.2
1203840 2026.6
1203850 2026.6
1203860 2030.7
1203870 2034.6
1203880 2034.6
1203890 2038.0
1203900 2042.0
1203910 2042.0
1203920 2046.7
1203930 2051.4
1203940 2051.4
1203950 2056.3
1203960 2061.8
1203970 2061.8
1203980 2069.6
1203990 2077.8
1204000 2077.8
1204010 2085.0
1204020 2093.2
1204030 2101.1
1204040 2101.1
1204050 2108.7
1204060 2117.0
1204070 2117.0
1204080 2125.6
1204090 2135.2
1204100 2135.2
1204110 2145.7
1204120 2157.0
1204130 2163.3
1204140 2174.3
1204150 2185.0
1204160 2185.0
1204170 2194.0
1204180 2203.1
1204190 2203.1
1204200 2213.5
1204210 2226.5
1204220 2226.5
1204230 2237.0
1204240 2245.4
1204250 2245.4
1204260 2252.6
1204270 2261.1
1204280 2261.1
1204290 2269.1
1204300 2269.0
1204310 2269.0
1204320 2260.0
1204330 2244.8
1204340 2234.7
1204350 2234.7
1204360 2227.9
1204370 2223.5
1204380 2223.5
1204390 2218.2
1204400 2210.6
1204410 2210.6
1204420 2200.3
1204430 2190.2
1204440 2190.2
1204450 2180.0
1204460 2169.8
1204470 2169.8
1204480 2160.1
1204490 2147.1
1204500 2147.1
1204510 2135.7
1204520 2131.0
1204530 2131.0
1204540 2128.0
1204550 2127.1
1204560 2127.1
1204570 2127.9
1204580 2135.3
1204590 2135.3
1204600 2142.0
1204610 2138.4
1204620 2126.6
1204630 2126.6
1204640 2114.7
1204650 2100.9
1204660 2100.9
1204670 2087.9
1204680 2075.5
1204690 2075.5
1204700 2064.0
1204710 2053.3
1204720 2053.3
1204730 2043.6
1204740 2035.9
1204750 2035.9
1204760 2025.9
1204770 2015.6
1204780 2015.6
1204790 2007.3
1204800 1999.0
1204810 1999.0
1204820 1989.1
1204830 1979.7
1204840 1979.7
1204850 1972.8
1204860 1967.7
1204870 1967.7
1204880 1963.8
1204890 1959.6
1204900 1959.6
1204910 1953.5
1204920 1946.9
1204930 1943.0
1204940 1943.0
1204950 1940.6
1204960 1935.9
1204970 1935.9
1204980 1928.0
1204990 1921.4
1205000 1921.4
1205010 1919.3
1205020 1911.7
1205030 1911.7
1205040 1907.1
1205050 1902.5
1205060 1902.5
1205070 1898.1
1205080 1893.6
1205090 1893.6
1205100 1888.7
1205110 1884.3
1205120 1884.3
1205130 1880.1
1205140 1875.6
1205150 1875.6
1205160 1870.8
1205170 1866.3
1205180 1866.3
1205190 1862.1
1205200 1858.9
1205210 1858.9
1205220 1855.5
1205230 1851.8
1205240 1848.4
1205250 1848.4
1205260 1845.0
1205270 1841.9
1205280 1841.9
1205290 1839.8
1205300 1837.8
1205310 1837.8
1205320 1835.8
1205330 1833.3
1205340 1833.3
1205350 1830.5
1205360 1827.8
1205370 1827.8
1205380 1824.8
1205390 1821.5
1205400 1821.5
1205410 1818.2
1205420 1815.5
1205430 1815.5
1205440 1811.3
1205450 1806.2
1205460 1806.2
1205470 1800.8
1205480 1794.9
1205490 1798.3
1205500 1792.8
1205510 1789.4
1205520 1789.4
1205530 1788.6
1205540 1788.1
1205550 1787.0
1205560 1787.0
1205570 1785.4
1205580 1782.9
1205590 1782.9
1205600 1779.7
1205610 1776.5
1205620 1776.5
1205630 1773.9
1205640 1771.9
1205650 1771.9
1205660 1771.2
1205670 1771.4
1205680 1771.4
1205690 1771.6
1205700 1771.7
1205710 1771.7
1205720 1771.1
1205730 1770.5
1205740 1770.5
1205750 1769.7
1205760 1768.6
1205770 1768.6
1205780 1766.5
1205790 1764.9
1205800 1764.9
1205810 1763.0
1205820 1761.0
1205830 1758.8
1205840 1758.8
1205850 1756.6
1205860 1754.4
1205870 1754.4
1205880 1752.2
1205890 1749.2
1205900 1749.2
1205910 1746.1
1205920 1743.7
1205930 1743.7
1205940 1741.7
1205950 1746.3
1205960 1746.3
1205970 1745.8
1205980 1745.5
1205990 1745.5
1206000 1744.2
1206010 1742.9
1206020 1742.9
1206030 1742.2
1206040 1741.5
1206050 1741.5
1206060 1740.5
1206070 1738.4
1206080 1738.4
1206090 1735.8
1206100 1734.0
1206110 1734.0
1206120 1732.0
1206130 1729.6
1206140 1727.5
1206150 1727.5
1206160 1725.5
1206170 1723.3
1206180 1723.3
1206190 1721.0
1206200 1718.5
1206210 1718.5
1206220 1715.9
1206230 1712.1
1206240 1712.1
1206250 1709.0
1206260 1705.7
1206270 1705.7
1206280 1702.6
1206290 1700.1
1206300 1700.1
1206310 1697.0
1206320 1693.9
1206330 1693.9
1206340 1692.1
1206350 1690.9
1206360 1690.9
1206370 1690.0
1206380 1688.2
1206390 1688.2
1206400 1687.5
1206410 1692.4
1206420 1692.4
1206430 1691.1
1206440 1689.5
1206450 1689.8
1206460 1689.8
1206470 1692.1
1206480 1695.9
1206490 1695.9
1206500 1697.9
1206510 1699.6
1206520 1699.6
1206530 1700.4
1206540 1700.9
1206550 1700.9
1206560 1702.6
1206570 1704.7
1206580 1704.7
1206590 1706.1
1206600 1708.0
1206610 1708.0
1206620 1708.5
1206630 1708.5
1206640 1708.5
1206650 1709.2
1206660 1709.9
1206670 1709.9
1206680 1709.9
1206690 1709.5
1206700 1709.5
1206710 1709.8
1206720 1711.4
1206730 1711.4
1206740 1714.1
1206750 1716.0
1206760 1717.7
1206770 1717.7
1206780 1718.3
1206790 1719.4
1206800 1719.4
1206810 1718.8
1206820 1719.3
1206830 1719.3
1206840 1721.4
1206850 1724.6
1206860 1724.6
1206870 1733.4
1206880 1737.7
1206890 1737.7
1206900 1741.8
1206910 1745.4
1206920 1745.4
1206930 1748.2
1206940 1751.7
1206950 1751.7
1206960 1755.0
1206970 1757.6
1206980 1757.6
1206990 1759.8
1207000 1761.9
1207010 1761.9
1207020 1763.2
1207030 1763.9
1207040 1766.5
1207050 1766.5
1207060 1768.2
1207070 1769.0
1207080 1769.0
1207090 1770.5
1207100 1774.8
1207110 1774.8
1207120 1779.3
1207130 1782.4
1207140 1782.4
1207150 1784.8
1207160 1790.1
1207170 1790.1
1207180 1797.6
1207190 1804.0
1207200 1804.0
1207210 1809.0
1207220 1812.5
1207230 1812.5
1207240 1816.5
1207250 1822.9
1207260 1822.9
1207270 1824.4
1207280 1825.9
1207290 1825.9
1207300 1829.4
1207310 1832.8
1207320 1832.8
1207330 1845.1
1207340 1847.9
1207350 1854.6
1207360 1854.6
1207370 1857.9
1207380 1864.2
1207390 1864.2
1207400 1870.3
1207410 1875.1
1207420 1875.1
1207430 1881.1
1207440 1887.9
1207450 1887.9
1207460 1894.1
1207470 1897.7
1207480 1897.7
1207490 1899.3
1207500 1901.0
1207510 1901.0
1207520 1897.5
1207530 1897.3
1207540 1897.3
1207550 1901.9
1207560 1907.6
1207570 1907.6
1207580 1909.2
1207590 1907.0
1207600 1907.0
1207610 1905.1
1207620 1903.6
1207630 1903.6
1207640 1897.7
1207650 1893.9
1207660 1894.1
1207670 1894.1
1207680 1891.5
1207690 1889.2
1207700 1889.2
1207710 1888.2
1207720 1887.6
1207730 1887.6
1207740 1885.8
1207750 1882.1
1207760 1882.1
1207770 1882.4
1207780 1883.6
1207790 1890.0
1207800 1888.3
1207810 1887.9
1207820 1887.9
1207830 1887.4
1207840 1885.9
1207850 1885.9
1207860 1883.8
1207870 1883.4
1207880 1883.4
1207890 1884.0
1207900 1883.3
1207910 1883.3
1207920 1880.8
1207930 1879.8
1207940 1879.8
1207950 1878.0
1207960 1875.9
1207970 1874.5
1207980 1874.5
1207990 1873.3
1208000 1872.2
1208010 1872.2
1208020 1871.0
1208030 1869.2
1208040 1869.2
1208050 1867.4
1208060 1867.1
1208070 1867.1
1208080 1866.2
1208090 1864.4
1208100 1864.4
1208110 1861.8
1208120 1857.4
1208130 1857.4
1208140 1850.3
1208150 1842.8
1208160 1842.8
1208170 1836.5
1208180 1834.5
1208190 1834.5
1208200 1831.5
1208210 1827.0
1208220 1827.0
1208230 1823.0
1208240 1820.9
1208250 1820.5
1208260 1820.5
1208270 1819.6
1208280 1817.5
1208290 1817.5
1208300 1815.3
1208310 1814.0
1208320 1814.0
1208330 1812.0
1208340 1808.6
1208350 1808.6
1208360 1803.9
1208370 1800.0
1208380 1800.0
1208390 1798.0
1208400 1794.5
1208410 1794.5
1208420 1791.3
1208430 1788.0
1208440 1788.0
1208450 1785.6
1208460 1782.7
1208470 1782.7
1208480 1781.6
1208490 1779.9
1208500 1779.9
1208510 1775.8
1208520 1771.3
1208530 1771.3
1208540 1768.7
1208550 1764.7
1208560 1760.6
1208570 1760.6
1208580 1755.7
1208590 1750.4
1208600 1750.4
1208610 1745.7
1208620 1741.3
1208630 1741.3
1208640 1737.0
1208650 1733.6
1208660 1733.6
1208670 1729.4
1208680 1725.7
1208690 1725.7
1208700 1722.8
1208710 1722.6
1208720 1722.6
1208730 1721.9
1208740 1720.2
1208750 1720.2
1208760 1716.6
1208770 1713.0
1208780 1713.0
1208790 1709.9
1208800 1706.1
1208810 1706.1
1208820 1702.8
1208830 1700.0
1208840 1700.0
1208850 1698.7
1208860 1696.5
1208870 1691.4
1208880 1691.4
1208890 1687.5
1208900 1684.6
1208910 1684.6
1208920 1682.2
1208930 1679.3
1208940 1679.3
1208950 1673.7
1208960 1668.9
1208970 1668.9
1208980 1666.0
1208990 1662.6
1209000 1662.6
1209010 1658.2
1209020 1654.7
1209030 1654.7
1209040 1652.3
1209050 1652.6
1209060 1652.6
1209070 1657.7
1209080 1662.7
1209090 1662.7
1209100 1666.8
1209110 1668.5
1209120 1668.5
1209130 1667.8
1209140 1668.3
1209150 1668.3
1209160 1669.0
1209170 1668.1
1209180 1670.2
1209190 1670.2
1209200 1665.7
1209210 1660.7
1209220 1660.7
1209230 1655.4
1209240 1651.7
1209250 1651.7
1209260 1649.0
1209270 1645.0
1209280 1645.0
1209290 1642.1
1209300 1640.5
1209310 1640.5
1209320 1638.7
1209330 1636.6
1209340 1636.6
1209350 1633.8
1209360 1630.4
1209370 1630.4
1209380 1627.2
1209390 1625.6
1209400 1625.6
1209410 1623.8
1209420 1620.8
1209430 1620.8
1209440 1616.5
1209450 1612.5
1209460 1609.0
1209470 1609.0
1209480 1607.0
1209490 1605.4
1209500 1605.4
1209510 1603.0
1209520 1599.9
1209530 1599.9
1209540 1594.4
1209550 1590.0
1209560 1590.0
1209570 1587.0
1209580 1584.2
1209590 1584.2
1209600 1580.9
1209610 1578.4
1209620 1578.4
1209630 1578.5
1209640 1582.9
1209650 1582.9
1209660 1582.0
1209670 1581.8
1209680 1581.8
1209690 1584.0
1209700 1584.7
1209710 1584.7
1209720 1583.0
1209730 1579.5
1209740 1579.5
1209750 1577.4
1209760 1576.5
1209770 1574.4
1209780 1574.4
1209790 1571.5
1209800 1569.1
1209810 1569.1
1209820 1566.0
1209830 1563.9
1209840 1563.9
1209850 1562.5
1209860 1559.9
1209870 1559.9
1209880 1557.3
1209890 1556.7
1209900 1556.7
1209910 1557.7
1209920 1558.3
1209930 1558.3
1209940 1558.2
1209950 1558.9
1209960 1558.9
1209970 1555.8
1209980 1550.6
1209990 1550.6
1210000 1545.8
1210010 1543.2
1210020 1543.2
1210030 1541.8
1210040 1539.3
1210050 1539.3
1210060 1535.3
1210070 1531.9
1210080 1528.0
1210090 1528.0
1210100 1528.9
1210110 1528.8
1210120 1528.8
1210130 1527.7
1210140 1524.9
1210150 1524.9
1210160 1522.9
1210170 1521.5
1210180 1521.5
1210190 1518.3
1210200 1512.9
1210210 1512.9
1210220 1508.3
1210230 1502.9
1210240 1502.9
1210250 1497.0
1210260 1492.0
1210270 1492.0
1210280 1486.7
1210290 1482.7
1210300 1482.7
1210310 1479.4
1210320 1475.5
1210330 1475.5
1210340 1472.2
1210350 1468.8
1210360 1468.8
1210370 1465.3
1210380 1461.4
1210390 1457.9
1210400 1457.9
1210410 1455.2
1210420 1450.7
1210430 1450.7
1210440 1444.7
1210450 1438.5
1210460 1438.5
1210470 1433.0
1210480 1427.8
1210490 1427.8
1210500 1422.5
1210510 1415.9
1210520 1415.9
1210530 1408.9
1210540 1403.1
1210550 1403.1
1210560 1397.7
1210570 1397.3
1210580 1397.3
1210590 1394.8
1210600 1391.6
1210610 1391.6
1210620 1388.3
1210630 1384.9
1210640 1384.9
1210650 1382.7
1210660 1380.3
1210670 1377.4
1210680 1377.4
1210690 1374.9
1210700 1373.1
1210710 1373.1
1210720 1372.6
1210730 1371.3
1210740 1371.3
1210750 1368.8
1210760 1365.6
1210770 1365.6
1210780 1363.3
1210790 1361.4
1210800 1361.4
1210810 1359.7
1210820 1357.8
1210830 1357.8
1210840 1356.4
1210850 1350.9
1210860 1350.9
1210870 1344.9
1210880 1340.9
1210890 1340.9
1210900 1336.9
1210910 1332.9
1210920 1332.9
1210930 1329.9
1210940 1326.5
1210950 1326.5
1210960 1322.4
1210970 1318.5
1210980 1314.3
1210990 1314.3
1211000 1310.1
1211010 1305.9
1211020 1305.9
1211030 1301.4
1211040 1301.3
1211050 1301.3
1211060 1300.1
1211070 1297.8
1211080 1297.8
1211090 1293.6
1211100 1288.1
1211110 1288.1
1211120 1282.7
1211130 1277.6
1211140 1277.6
1211150 1272.3
1211160 1267.5
1211170 1267.5
1211180 1263.9
1211190 1260.5
1211200 1260.5
1211210 1257.2
1211220 1254.4
1211230 1254.4
1211240 1252.1
1211250 1249.2
1211260 1249.2
1211270 1246.2
1211280 1243.2
1211290 1240.0
1211300 1240.0
1211310 1237.1
1211320 1233.8
1211330 1233.8
1211340 1229.8
1211350 1225.4
1211360 1225.4
1211370 1221.9
1211380 1217.3
1211390 1217.3
1211400 1213.3
1211410 1210.0
1211420 1210.0
1211430 1206.7
1211440 1203.4
1211450 1203.4
1211460 1199.8
1211470 1196.3
1211480 1196.3
1211490 1193.2
1211500 1192.8
1211510 1192.8
1211520 1188.9
1211530 1186.1
1211540 1186.1
1211550 1184.3
1211560 1182.2
1211570 1182.2
1211580 1179.7
1211590 1176.7
1211600 1174.1
1211610 1174.1
1211620 1172.0
1211630 1169.3
1211640 1169.3
1211650 1165.7
1211660 1161.9
1211670 1161.9
1211680 1158.1
1211690 1153.4
1211700 1153.4
1211710 1147.5
1211720 1139.1
1211730 1139.1
1211740 1129.0
1211750 1123.3
1211760 1123.3
1211770 1119.6
1211780 1114.1
1211790 1114.1
1211800 1107.8
1211810 1103.9
1211820 1103.9
1211830 1098.9
1211840 1094.3
1211850 1094.3
1211860 1089.8
1211870 1084.7
1211880 1079.8
1211890 1079.8
1211900 1075.7
1211910 1072.3
1211920 1072.3
1211930 1068.6
1211940 1064.5
1211950 1064.5
1211960 1060.7
1211970 1063.3
1211980 1063.3
1211990 1061.3
1212000 1058.6
1212010 1058.6
1212020 1055.1
1212030 1051.2
1212040 1051.2
1212050 1047.8
1212060 1045.0
1212070 1045.0
1212080 1042.0
1212090 1039.2
1212100 1039.2
1212110 1036.9
1212120 1034.7
1212130 1034.7
1212140 1031.9
1212150 1029.4
1212160 1029.4
1212170 1027.2
1212180 1024.3
1212190 1020.6
1212200 1020.6
1212210 1017.6
1212220 1014.5
1212230 1014.5
1212240 1011.5
1212250 1009.0
1212260 1009.0
1212270 1007.1
1212280 1005.2
1212290 1005.2
1212300 1002.9
1212310 1000.9
1212320 1000.9
1212330 999.5
1212340 998.2
1212350 998.2
1212360 996.5
1212370 994.5
1212380 994.5
1212390 993.2
1212400 992.4
1212410 992.4
1212420 990.7
1212430 988.8
1212440 990.8
1212450 989.7
1212460 989.4
1212470 989.4
1212480 988.8
1212490 988.0
1212500 987.1
1212510 987.1
1212520 985.9
1212530 984.9
1212540 984.9
1212550 983.9
1212560 982.5
1212570 982.5
1212580 980.7
1212590 978.9
1212600 978.9
1212610 977.4
1212620 975.4
1212630 975.4
1212640 972.9
1212650 970.4
1212660 970.4
1212670 968.2
1212680 966.2
1212690 966.2
1212700 965.5
1212710 965.3
1212720 965.3
1212730 965.2
1212740 965.0
1212750 965.0
1212760 964.9
1212770 964.9
1212780 964.9
1212790 964.8
1212800 964.7
1212810 964.4
1212820 964.4
1212830 964.1
1212840 963.8
1212850 963.8
1212860 964.1
1212870 964.2
1212880 964.2
1212890 964.4
1212900 964.7
1212910 964.7
1212920 964.8
1212930 964.8
1212940 964.8
1212950 964.9
1212960 965.1
1212970 965.1
1212980 965.1
1212990 965.2
1213000 965.2
1213010 965.1
1213020 965.2
1213030 965.2
1213040 965.2
1213050 965.3
1213060 965.3
1213070 965.7
1213080 965.9
1213090 965.8
1213100 965.8
1213110 965.9
1213120 966.0
1213130 966.0
1213140 965.9
1213150 965.7
1213160 965.7
1213170 965.4
1213180 965.3
1213190 965.3
1213200 965.2
1213210 965.2
1213220 965.2
1213230 965.1
1213240 965.0
1213250 965.0
1213260 964.8
1213270 964.6
1213280 964.6
1213290 964.5
1213300 964.5
1213310 964.5
1213320 964.7
1213330 964.7
1213340 964.7
1213350 964.8
1213360 964.9
1213370 964.9
1213380 964.9
1213390 964.9
1213400 964.9
1213410 964.9
1213420 964.8
1213430 964.6
1213440 964.6
1213450 964.5
1213460 964.4
1213470 964.4
1213480 964.4
1213490 964.3
1213500 964.3
1213510 964.4
1213520 964.4
1213530 964.4
1213540 964.4
1213550 964.4
1213560 964.4
1213570 964.4
1213580 964.4
1213590 964.4
1213600 964.4
1213610 964.4
1213620 964.4
1213630 964.4
1213640 964.2
1213650 964.2
1213660 964.2
1213670 964.1
1213680 964.1
1213690 964.1
1213700 964.1
1213710 964.2
1213720 964.2
1213730 964.2
1213740 964.1
1213750 964.1
1213760 964.1
1213770 964.1
1213780 964.1
1213790 964.1
1213800 964.0
1213810 964.0
1213820 964.0
1213830 964.0
1213840 964.0
1213850 964.1
1213860 963.9
1213870 963.9
1213880 963.9
1213890 964.0
1213900 964.0
1213910 964.1
1213920 964.1
1213930 964.1
1213940 964.0
1213950 964.0
1213960 964.0
1213970 964.0
1213980 963.9
1213990 963.9
1214000 963.8
1214010 963.6
1214020 963.9
1214030 963.9
1214040 963.3
1214050 963.2
1214060 963.2
1214070 963.7
1214080 963.6
1214090 963.6
1214100 963.5
1214110 963.4
1214120 963.4
1214130 963.4
1214140 963.4
1214150 963.4
1214160 963.4
1214170 963.4
1214180 963.4
1214190 963.2
1214200 963.3
1214210 963.3
1214220 963.4
1214230 963.3
1214240 963.3
1214250 963.4
1214260 963.4
1214270 963.4
1214280 963.4
1214290 963.4
1214300 963.5
1214310 963.5
1214320 963.7
1214330 963.7
1214340 963.7
1214350 963.7
1214360 963.8
1214370 963.8
1214380 964.0
1214390 964.1
1214400 964.1
1214410 964.2
1214420 964.4
1214430 964.4
1214440 964.6
1214450 964.9
1214460 964.9
1214470 965.1
1214480 965.3
1214490 965.3
1214500 965.4
1214510 965.9
1214520 965.9
1214530 967.6
1214540 970.9
1214550 970.9
1214560 972.8
1214570 975.2
1214580 975.2
1214590 978.0
1214600 980.7
1214610 983.1
1214620 983.1
1214630 984.9
1214640 987.3
1214650 987.3
1214660 990.0
1214670 993.5
1214680 993.5
1214690 997.6
1214700 1001.5
1214710 1001.5
1214720 1004.7
1214730 1006.7
1214740 1006.7
1214750 1007.5
1214760 1008.3
1214770 1008.3
1214780 1008.6
1214790 1010.2
1214800 1010.2
1214810 1009.7
1214820 1009.6
1214830 1009.6
1214840 1011.3
1214850 1014.6
1214860 1014.6
1214870 1017.7
1214880 1020.4
1214890 1020.4
1214900 1023.1
1214910 1025.0
1214920 1027.2
1214930 1027.2
1214940 1030.1
1214950 1033.0
1214960 1033.0
1214970 1036.1
1214980 1038.8
1214990 1038.8
1215000 1037.2
1215010 1033.9
1215020 1033.9
1215030 1030.8
1215040 1029.3
1215050 1029.3
1215060 1029.2
1215070 1029.6
1215080 1029.6
1215090 1030.5
1215100 1031.9
1215110 1031.9
1215120 1033.1
1215130 1033.9
1215140 1033.9
1215150 1034.8
1215160 1036.4
1215170 1036.4
1215180 1039.9
1215190 1043.7
1215200 1043.7
1215210 1045.7
1215220 1046.1
1215230 1047.8
1215240 1047.8
1215250 1051.0
1215260 1054.0
1215270 1056.1
1215280 1059.6
1215290 1061.3
1215300 1061.3
1215310 1061.9
1215320 1062.1
1215330 1062.1
1215340 1062.1
1215350 1061.8
1215360 1061.8
1215370 1060.9
1215380 1061.9
1215390 1061.9
1215400 1064.0
1215410 1065.9
1215420 1065.9
1215430 1068.1
1215440 1070.7
1215450 1070.7
1215460 1073.0
1215470 1075.2
1215480 1075.2
1215490 1078.9
1215500 1082.3
1215510 1082.0
1215520 1082.0
1215530 1083.2
1215540 1086.9
1215550 1086.9
1215560 1087.0
1215570 1087.0
1215580 1087.0
1215590 1089.3
1215600 1091.5
1215610 1091.5
1215620 1093.5
1215630 1096.0
1215640 1096.0
1215650 1098.9
1215660 1101.0
1215670 1101.0
1215680 1102.4
1215690 1103.4
1215700 1103.4
1215710 1104.6
1215720 1106.9
1215730 1106.9
1215740 1111.3
1215750 1114.9
1215760 1114.9
1215770 1119.0
1215780 1123.4
1215790 1123.4
1215800 1126.8
1215810 1129.2
1215820 1131.8
1215830 1131.8
1215840 1134.5
1215850 1137.4
1215860 1137.4
1215870 1140.7
1215880 1144.2
1215890 1144.2
1215900 1147.4
1215910 1150.0
1215920 1150.0
1215930 1152.0
1215940 1154.3
1215950 1154.3
1215960 1156.8
1215970 1159.8
1215980 1159.8
1215990 1162.6
1216000 1165.2
1216010 1165.2
1216020 1167.4
1216030 1169.1
1216040 1169.1
1216050 1170.0
1216060 1170.3
1216070 1170.3
1216080 1169.8
1216090 1168.8
1216100 1168.8
1216110 1166.9
1216120 1164.7
1216130 1163.0
1216140 1163.0
1216150 1161.4
1216160 1160.1
1216170 1160.1
1216180 1157.9
1216190 1154.8
1216200 1154.8
1216210 1152.9
1216220 1152.9
1216230 1152.9
1216240 1149.7
1216250 1148.1
1216260 1148.1
1216270 1146.2
1216280 1144.7
1216290 1144.7
1216300 1147.0
1216310 1148.2
1216320 1148.2
1216330 1146.3
1216340 1142.6
1216350 1142.6
1216360 1139.0
1216370 1137.8
1216380 1137.8
1216390 1137.3
1216400 1136.4
1216410 1136.4
1216420 1134.4
1216430 1134.3
1216440 1134.4
1216450 1134.4
1216460 1133.8
1216470 1131.5
1216480 1131.5
1216490 1129.9
1216500 1132.7
1216510 1132.7
1216520 1136.0
1216530 1136.9
1216540 1136.9
1216550 1138.0
1216560 1138.6
1216570 1138.6
1216580 1139.4
1216590 1139.6
1216600 1139.6
1216610 1141.1
1216620 1142.1
1216630 1142.1
1216640 1140.4
1216650 1139.2
1216660 1139.2
1216670 1138.7
1216680 1137.9
1216690 1140.2
1216700 1139.7
1216710 1139.4
1216720 1137.0
1216730 1137.0
1216740 1134.1
1216750 1131.9
1216760 1131.9
1216770 1130.1
1216780 1126.8
1216790 1126.8
1216800 1125.7
1216810 1124.8
1216820 1124.8
1216830 1124.2
1216840 1124.0
1216850 1124.0
1216860 1125.8
1216870 1127.1
1216880 1127.1
1216890 1125.8
1216900 1123.8
1216910 1123.8
1216920 1122.0
1216930 1121.9
1216940 1121.9
1216950 1121.4
1216960 1121.6
1216970 1121.6
1216980 1122.7
1216990 1121.4
1217000 1121.4
1217010 1119.9
1217020 1117.7
1217030 1114.3
1217040 1114.3
1217050 1112.8
1217060 1111.5
1217070 1111.5
1217080 1109.9
1217090 1110.8
1217100 1110.8
1217110 1112.3
1217120 1112.4
1217130 1112.4
1217140 1111.3
1217150 1107.4
1217160 1107.4
1217170 1106.6
1217180 1105.3
1217190 1105.3
1217200 1102.7
1217210 1099.9
1217220 1099.9
1217230 1097.5
1217240 1095.7
1217250 1095.7
1217260 1096.9
1217270 1099.6
1217280 1099.6
1217290 1103.6
1217300 1104.4
1217310 1104.4
1217320 1103.0
1217330 1101.9
1217340 1100.5
1217350 1100.5
1217360 1098.2
1217370 1094.2
1217380 1094.2
1217390 1090.1
1217400 1087.6
1217410 1087.6
1217420 1086.9
1217430 1085.0
1217440 1085.0
1217450 1085.7
1217460 1089.7
1217470 1089.7
1217480 1092.9
1217490 1096.1
1217500 1096.1
1217510 1097.3
1217520 1098.4
1217530 1098.4
1217540 1099.2
1217550 1100.4
1217560 1100.4
1217570 1100.7
1217580 1101.7
1217590 1101.7
1217600 1102.7
1217610 1104.5
1217620 1106.1
1217630 1106.1
1217640 1107.7
1217650 1109.7
1217660 1109.7
1217670 1110.1
1217680 1111.2
1217690 1111.2
1217700 1112.0
1217710 1112.9
1217720 1112.9
1217730 1113.9
1217740 1115.3
1217750 1115.3
1217760 1116.7
1217770 1118.2
1217780 1118.2
1217790 1119.8
1217800 1121.2
1217810 1121.2
1217820 1122.3
1217830 1123.3
1217840 1123.3
1217850 1124.6
1217860 1126.4
1217870 1126.4
1217880 1128.6
1217890 1130.4
1217900 1130.4
1217910 1133.3
1217920 1134.2
1217930 1134.3
1217940 1134.3
1217950 1135.0
1217960 1136.1
1217970 1136.1
1217980 1137.2
1217990 1138.3
1218000 1138.3
1218010 1139.9
1218020 1140.9
1218030 1140.9
1218040 1141.8
1218050 1143.4
1218060 1143.4
1218070 1144.9
1218080 1146.6
1218090 1146.6
1218100 1148.5
1218110 1150.1
1218120 1150.1
1218130 1151.7
1218140 1153.3
1218150 1153.3
1218160 1154.7
1218170 1155.9
1218180 1155.9
1218190 1157.4
1218200 1158.6
1218210 1158.6
1218220 1160.0
1218230 1161.4
1218240 1162.9
1218250 1162.9
1218260 1164.5
1218270 1166.5
1218280 1166.5
1218290 1168.5
1218300 1170.3
1218310 1170.3
1218320 1171.6
1218330 1173.1
1218340 1173.1
1218350 1174.6
1218360 1175.9
1218370 1175.9
1218380 1177.3
1218390 1178.4
1218400 1178.4
1218410 1178.5
1218420 1179.3
1218430 1179.3
1218440 1180.0
1218450 1180.4
1218460 1180.4
1218470 1182.4
1218480 1184.4
1218490 1184.4
1218500 1186.5
1218510 1188.3
1218520 1188.3
1218530 1190.3
1218540 1192.9
1218550 1195.4
1218560 1195.4
1218570 1199.5
1218580 1203.0
1218590 1203.0
1218600 1212.4
1218610 1212.2
1218620 1212.2
1218630 1212.4
1218640 1214.5
1218650 1214.5
1218660 1215.5
1218670 1216.7
1218680 1216.7
1218690 1217.9
1218700 1219.7
1218710 1219.7
1218720 1223.4
1218730 1225.0
1218740 1225.0
1218750 1225.0
1218760 1225.8
1218770 1225.8
1218780 1227.1
1218790 1230.3
1218800 1230.3
1218810 1235.6
1218820 1238.9
1218830 1241.7
1218840 1241.7
1218850 1244.9
1218860 1248.9
1218870 1248.9
1218880 1251.6
1218890 1252.6
1218900 1252.6
1218910 1249.7
1218920 1247.5
1218930 1247.5
1218940 1245.3
1218950 1244.3
1218960 1244.3
1218970 1245.1
1218980 1247.1
1218990 1247.1
1219000 1248.2
1219010 1249.5
1219020 1249.5
1219030 1250.2
1219040 1250.5
1219050 1250.5
1219060 1251.6
1219070 1253.5
1219080 1253.5
1219090 1256.8
1219100 1259.5
1219110 1259.5
1219120 1261.6
1219130 1263.8
1219140 1266.7
1219150 1266.7
1219160 1269.3
1219170 1271.2
1219180 1271.2
1219190 1274.5
1219200 1279.4
1219210 1279.4
1219220 1285.4
1219230 1289.2
1219240 1289.2
1219250 1287.4
1219260 1287.6
1219270 1287.6
1219280 1288.7
1219290 1288.7
1219300 1288.7
1219310 1290.5
1219320 1293.6
1219330 1293.6
1219340 1297.3
1219350 1299.5
1219360 1299.5
1219370 1299.2
1219380 1299.6
1219390 1299.6
1219400 1300.3
1219410 1302.3
1219420 1302.3
1219430 1304.0
1219440 1304.7
1219450 1305.8
1219460 1305.8
1219470 1307.7
1219480 1309.9
1219490 1309.9
1219500 1311.6
1219510 1313.4
1219520 1313.4
1219530 1314.6
1219540 1316.1
1219550 1316.1
1219560 1317.6
1219570 1322.4
1219580 1322.4
1219590 1325.8
1219600 1327.6
1219610 1327.6
1219620 1328.6
1219630 1331.0
1219640 1331.0
1219650 1334.1
1219660 1336.9
1219670 1336.9
1219680 1339.0
1219690 1341.7
1219700 1341.7
1219710 1344.7
1219720 1347.7
1219730 1347.7
1219740 1348.6
1219750 1349.5
1219760 1350.8
1219770 1350.8
1219780 1352.7
1219790 1355.5
1219800 1355.5
1219810 1358.9
1219820 1362.4
1219830 1362.4
1219840 1365.5
1219850 1367.6
1219860 1367.6
1219870 1370.4
1219880 1374.1
1219890 1374.1
1219900 1377.0
1219910 1380.7
1219920 1380.7
1219930 1384.0
1219940 1386.6
1219950 1386.6
1219960 1389.1
1219970 1391.6
1219980 1391.6
1219990 1393.4
