1200000 1559.7
1200010 1559.7
1200020 1567.1
1200030 1573.4
1200040 1573.4
1200050 1577.1
1200060 1577.7
1200070 1577.7
1200080 1576.5
1200090 1574.4
1200100 1574.4
1200110 1571.6
1200120 1568.0
1200130 1568.0
1200140 1563.6
1200150 1558.7
1200160 1553.7
1200170 1553.7
1200180 1548.4
1200190 1543.2
1200200 1543.2
1200210 1538.5
1200220 1533.0
1200230 1533.0
1200240 1527.4
1200250 1521.4
1200260 1521.4
1200270 1515.1
1200280 1508.4
1200290 1508.4
1200300 1501.8
1200310 1495.2
1200320 1495.2
1200330 1488.6
1200340 1485.4
1200350 1485.4
1200360 1478.7
1200370 1471.9
1200380 1471.9
1200390 1464.8
1200400 1457.6
1200410 1457.6
1200420 1450.9
1200430 1444.5
1200440 1444.5
1200450 1438.0
1200460 1431.5
1200470 1425.3
1200480 1425.3
1200490 1419.2
1200500 1413.7
1200510 1413.7
1200520 1408.0
1200530 1402.0
1200540 1402.0
1200550 1396.1
1200560 1390.2
1200570 1390.2
1200580 1384.8
1200590 1380.0
1200600 1380.0
1200610 1375.3
1200620 1371.0
1200630 1371.0
1200640 1365.3
1200650 1359.5
1200660 1359.5
1200670 1353.6
1200680 1348.8
1200690 1348.8
1200700 1344.7
1200710 1340.4
1200720 1340.4
1200730 1336.0
1200740 1331.9
1200750 1331.9
1200760 1328.6
1200770 1325.7
1200780 1322.6
1200790 1325.9
1200800 1321.9
1200810 1318.0
1200820 1318.0
1200830 1314.1
1200840 1310.2
1200850 1310.2
1200860 1306.5
1200870 1303.5
1200880 1303.5
1200890 1300.7
1200900 1295.9
1200910 1295.9
1200920 1289.7
1200930 1288.2
1200940 1288.2
1200950 1294.2
1200960 1297.4
1200970 1297.4
1200980 1295.2
1200990 1294.5
1201000 1294.5
1201010 1294.9
1201020 1296.2
1201030 1296.2
1201040 1300.0
1201050 1306.5
1201060 1306.5
1201070 1313.1
1201080 1319.1
1201090 1325.1
1201100 1325.1
1201110 1330.5
1201120 1336.7
1201130 1336.7
1201140 1342.9
1201150 1349.1
1201160 1349.1
1201170 1355.4
1201180 1361.8
1201190 1361.8
1201200 1368.2
1201210 1374.8
1201220 1374.8
1201230 1381.1
1201240 1387.3
1201250 1387.3
1201260 1393.2
1201270 1399.4
1201280 1399.4
1201290 1405.6
1201300 1411.9
1201310 1411.9
1201320 1417.9
1201330 1424.0
1201340 1424.0
1201350 1429.6
1201360 1435.0
1201370 1435.0
1201380 1440.4
1201390 1446.1
1201400 1451.9
1201410 1451.9
1201420 1458.0
1201430 1464.0
1201440 1464.0
1201450 1469.3
1201460 1474.1
1201470 1474.1
1201480 1478.9
1201490 1483.8
1201500 1483.8
1201510 1488.4
1201520 1493.0
1201530 1493.0
1201540 1497.2
1201550 1501.3
1201560 1501.3
1201570 1505.3
1201580 1509.2
1201590 1509.2
1201600 1513.6
1201610 1518.5
1201620 1518.5
1201630 1523.5
1201640 1528.4
1201650 1528.4
1201660 1533.7
1201670 1539.0
1201680 1539.0
1201690 1546.5
1201700 1551.7
1201710 1557.0
1201720 1557.0
1201730 1562.4
1201740 1567.8
1201750 1567.8
1201760 1573.1
1201770 1578.2
1201780 1578.2
1201790 1583.0
1201800 1587.0
1201810 1587.0
1201820 1590.5
1201830 1593.9
1201840 1593.9
1201850 1597.2
1201860 1599.9
1201870 1599.9
1201880 1601.9
1201890 1603.2
1201900 1603.2
1201910 1603.7
1201920 1603.8
1201930 1603.8
1201940 1604.0
1201950 1603.9
1201960 1603.9
1201970 1603.5
1201980 1602.6
1201990 1600.1
1202000 1600.1
1202010 1596.3
1202020 1592.6
1202030 1592.6
1202040 1588.4
1202050 1583.2
1202060 1583.2
1202070 1578.3
1202080 1573.3
1202090 1573.3
1202100 1568.7
1202110 1564.8
1202120 1564.8
1202130 1560.3
1202140 1563.6
1202150 1563.6
1202160 1562.4
1202170 1563.5
1202180 1563.5
1202190 1564.4
1202200 1561.2
1202210 1561.2
1202220 1564.4
1202230 1572.4
1202240 1572.4
1202250 1576.7
1202260 1577.3
1202270 1577.3
1202280 1577.3
1202290 1576.9
1202300 1576.7
1202310 1576.7
1202320 1577.1
1202330 1576.3
1202340 1576.3
1202350 1573.4
1202360 1570.1
1202370 1570.1
1202380 1569.1
1202390 1569.2
1202400 1569.2
1202410 1570.0
1202420 1571.8
1202430 1571.8
1202440 1575.0
1202450 1577.6
1202460 1577.6
1202470 1578.9
1202480 1577.6
1202490 1577.6
1202500 1572.6
1202510 1567.9
1202520 1567.9
1202530 1563.9
1202540 1561.5
1202550 1561.5
1202560 1558.8
1202570 1557.2
1202580 1557.2
1202590 1556.5
1202600 1564.2
1202610 1561.8
1202620 1561.8
1202630 1558.0
1202640 1560.9
1202650 1560.9
1202660 1569.0
1202670 1576.7
1202680 1576.7
1202690 1582.8
1202700 1589.5
1202710 1589.5
1202720 1596.4
1202730 1601.7
1202740 1601.7
1202750 1606.3
1202760 1610.4
1202770 1610.4
1202780 1614.8
1202790 1619.4
1202800 1619.4
1202810 1624.4
1202820 1629.6
1202830 1629.6
1202840 1633.3
1202850 1635.4
1202860 1635.4
1202870 1637.2
1202880 1639.1
1202890 1639.1
1202900 1642.3
1202910 1647.6
1202920 1653.4
1202930 1653.4
1202940 1658.1
1202950 1662.2
1202960 1662.2
1202970 1666.5
1202980 1670.6
1202990 1670.6
1203000 1674.3
1203010 1677.2
1203020 1677.2
1203030 1680.4
1203040 1684.5
1203050 1680.9
1203060 1685.7
1203070 1691.8
1203080 1691.8
1203090 1697.2
1203100 1702.4
1203110 1702.4
1203120 1707.8
1203130 1713.2
1203140 1713.2
1203150 1718.3
1203160 1723.7
1203170 1723.7
1203180 1729.1
1203190 1734.7
1203200 1734.7
1203210 1742.3
1203220 1750.2
1203230 1756.9
1203240 1756.9
1203250 1762.9
1203260 1769.5
1203270 1769.5
1203280 1776.8
1203290 1784.8
1203300 1784.8
1203310 1792.5
1203320 1800.3
1203330 1800.3
1203340 1807.7
1203350 1815.0
1203360 1815.0
1203370 1822.0
1203380 1828.7
1203390 1828.7
1203400 1835.0
1203410 1841.4
1203420 1841.4
1203430 1847.8
1203440 1853.9
1203450 1853.9
1203460 1860.0
1203470 1865.9
1203480 1865.9
1203490 1871.4
1203500 1879.8
1203510 1879.8
1203520 1885.7
1203530 1891.9
1203540 1898.3
1203550 1898.3
1203560 1905.0
1203570 1912.2
1203580 1912.2
1203590 1918.9
1203600 1925.7
1203610 1925.7
1203620 1932.3
1203630 1939.0
1203640 1939.0
1203650 1945.8
1203660 1952.7
1203670 1952.7
1203680 1959.6
1203690 1966.4
1203700 1966.4
1203710 1973.2
1203720 1980.0
1203730 1980.0
1203740 1987.0
1203750 1994.1
1203760 1994.1
1203770 2000.9
1203780 2007.5
1203790 2007.5
1203800 2014.0
1203810 2020.4
1203820 2020.4
1203830 2027.5
1203840 2034.3
1203850 2040.8
1203860 2040.8
1203870 2047.1
1203880 2053.4
1203890 2053.4
1203900 2059.7
1203910 2066.0
1203920 2066.0
1203930 2072.2
1203940 2078.3
1203950 2078.3
1203960 2086.5
1203970 2092.7
1203980 2092.7
1203990 2098.6
1204000 2104.5
1204010 2104.5
1204020 2110.4
1204030 2116.3
1204040 2116.3
1204050 2122.3
1204060 2128.1
1204070 2128.1
1204080 2133.5
1204090 2138.9
1204100 2138.9
1204110 2144.4
1204120 2149.8
1204130 2154.6
1204140 2154.6
1204150 2157.9
1204160 2158.0
1204170 2158.0
1204180 2156.0
1204190 2152.7
1204200 2152.7
1204210 2150.4
1204220 2149.6
1204230 2149.6
1204240 2150.0
1204250 2150.6
1204260 2150.6
1204270 2150.3
1204280 2149.9
1204290 2149.9
1204300 2149.7
1204310 2149.9
1204320 2149.9
1204330 2149.8
1204340 2149.1
1204350 2149.1
1204360 2148.3
1204370 2147.4
1204380 2147.4
1204390 2145.8
1204400 2143.9
1204410 2139.1
1204420 2137.6
1204430 2135.7
1204440 2133.5
1204450 2133.5
1204460 2130.6
1204470 2127.4
1204480 2127.4
1204490 2124.4
1204500 2120.9
1204510 2120.9
1204520 2116.2
1204530 2110.4
1204540 2110.4
1204550 2105.0
1204560 2100.6
1204570 2100.6
1204580 2096.8
1204590 2093.3
1204600 2093.3
1204610 2090.1
1204620 2087.3
1204630 2087.3
1204640 2085.1
1204650 2083.5
1204660 2083.5
1204670 2082.7
1204680 2082.5
1204690 2082.5
1204700 2082.9
1204710 2083.9
1204720 2083.9
1204730 2085.0
1204740 2086.2
1204750 2087.3
1204760 2087.3
1204770 2087.3
1204780 2083.8
1204790 2083.8
1204800 2077.2
1204810 2070.0
1204820 2070.0
1204830 2064.4
1204840 2059.1
1204850 2059.1
1204860 2053.2
1204870 2055.6
1204880 2055.6
1204890 2051.1
1204900 2046.7
1204910 2046.7
1204920 2042.8
1204930 2037.8
1204940 2037.8
1204950 2031.4
1204960 2026.0
1204970 2026.0
1204980 2021.9
1204990 2017.7
1205000 2017.7
1205010 2013.3
1205020 2009.4
1205030 2009.4
1205040 2006.3
1205050 2003.7
1205060 2001.3
1205070 2001.3
1205080 1999.4
1205090 1997.6
1205100 1997.6
1205110 1995.9
1205120 1994.6
1205130 1994.6
1205140 1993.8
1205150 1993.6
1205160 1993.6
1205170 1993.7
1205180 1994.1
1205190 1994.1
1205200 1994.9
1205210 1995.9
1205220 1995.9
1205230 1997.1
1205240 1998.0
1205250 1998.0
1205260 1998.3
1205270 1997.9
1205280 1997.9
1205290 1998.7
1205300 2000.1
1205310 2000.1
1205320 2010.1
1205330 2011.3
1205340 2011.3
1205350 2013.1
1205360 2015.3
1205370 2017.9
1205380 2017.9
1205390 2020.4
1205400 2021.8
1205410 2021.8
1205420 2024.1
1205430 2026.5
1205440 2026.5
1205450 2029.8
1205460 2033.3
1205470 2033.3
1205480 2036.9
1205490 2039.1
1205500 2039.1
1205510 2040.5
1205520 2040.5
1205530 2040.5
1205540 2038.0
1205550 2031.0
1205560 2031.0
1205570 2022.3
1205580 2014.2
1205590 2014.2
1205600 2007.5
1205610 2000.9
1205620 2000.9
1205630 1994.2
1205640 1987.9
1205650 1987.9
1205660 1983.4
1205670 1979.3
1205680 1973.7
1205690 1973.7
1205700 1966.1
1205710 1957.7
1205720 1957.7
1205730 1949.4
1205740 1944.3
1205750 1944.3
1205760 1941.9
1205770 1938.4
1205780 1932.4
1205790 1929.3
1205800 1926.1
1205810 1926.1
1205820 1921.8
1205830 1915.8
1205840 1915.8
1205850 1908.1
1205860 1901.6
1205870 1901.6
1205880 1897.1
1205890 1892.7
1205900 1892.7
1205910 1888.2
1205920 1883.8
1205930 1883.8
1205940 1879.6
1205950 1875.4
1205960 1875.4
1205970 1871.7
1205980 1867.8
1205990 1865.1
1206000 1865.1
1206010 1862.8
1206020 1858.9
1206030 1858.9
1206040 1854.8
1206050 1849.5
1206060 1849.5
1206070 1844.3
1206080 1838.5
1206090 1838.5
1206100 1832.7
1206110 1827.0
1206120 1827.0
1206130 1821.3
1206140 1816.4
1206150 1816.4
1206160 1812.2
1206170 1808.1
1206180 1808.1
1206190 1804.0
1206200 1800.0
1206210 1800.0
1206220 1795.5
1206230 1790.7
1206240 1787.3
1206250 1783.1
1206260 1778.4
1206270 1773.2
1206280 1773.2
1206290 1767.0
1206300 1760.6
1206310 1760.6
1206320 1754.2
1206330 1748.7
1206340 1748.7
1206350 1743.7
1206360 1739.7
1206370 1739.7
1206380 1736.3
1206390 1732.8
1206400 1732.8
1206410 1729.0
1206420 1724.2
1206430 1724.2
1206440 1716.2
1206450 1707.4
1206460 1707.4
1206470 1698.5
1206480 1689.9
1206490 1689.9
1206500 1682.1
1206510 1674.5
1206520 1674.5
1206530 1666.6
1206540 1659.2
1206550 1659.2
1206560 1653.7
1206570 1648.4
1206580 1641.2
1206590 1641.2
1206600 1632.4
1206610 1620.9
1206620 1620.9
1206630 1608.3
1206640 1597.6
1206650 1597.6
1206660 1588.5
1206670 1579.6
1206680 1579.6
1206690 1571.1
1206700 1568.2
1206710 1568.2
1206720 1561.2
1206730 1554.0
1206740 1554.0
1206750 1545.2
1206760 1535.8
1206770 1535.8
1206780 1527.3
1206790 1519.9
1206800 1519.9
1206810 1513.8
1206820 1508.3
1206830 1508.3
1206840 1502.5
1206850 1496.7
1206860 1496.7
1206870 1490.9
1206880 1485.2
1206890 1479.5
1206900 1479.5
1206910 1473.7
1206920 1468.3
1206930 1468.3
1206940 1462.8
1206950 1457.1
1206960 1457.1
1206970 1451.4
1206980 1445.9
1206990 1445.9
1207000 1440.4
1207010 1435.1
1207020 1435.1
1207030 1430.4
1207040 1426.0
1207050 1426.0
1207060 1422.5
1207070 1419.2
1207080 1419.2
1207090 1415.7
1207100 1412.9
1207110 1412.9
1207120 1410.9
1207130 1408.5
1207140 1408.5
1207150 1406.4
1207160 1404.8
1207170 1404.8
1207180 1402.6
1207190 1400.1
1207200 1397.9
1207210 1397.9
1207220 1395.3
1207230 1392.5
1207240 1392.5
1207250 1388.0
1207260 1384.5
1207270 1384.5
1207280 1386.9
1207290 1392.2
1207300 1392.2
1207310 1396.0
1207320 1399.7
1207330 1399.7
1207340 1402.9
1207350 1406.3
1207360 1406.3
1207370 1409.8
1207380 1414.0
1207390 1414.0
1207400 1418.9
1207410 1424.4
1207420 1424.4
1207430 1430.2
1207440 1436.1
1207450 1436.1
1207460 1442.2
1207470 1447.9
1207480 1447.9
1207490 1453.5
1207500 1459.2
1207510 1465.5
1207520 1465.5
1207530 1472.1
1207540 1478.5
1207550 1478.5
1207560 1484.7
1207570 1491.3
1207580 1491.3
1207590 1497.8
1207600 1504.4
1207610 1504.4
1207620 1515.3
1207630 1522.4
1207640 1522.4
1207650 1529.8
1207660 1537.1
1207670 1537.1
1207680 1544.1
1207690 1551.1
1207700 1551.1
1207710 1557.9
1207720 1564.9
1207730 1564.9
1207740 1571.5
1207750 1578.1
1207760 1578.1
1207770 1585.0
1207780 1592.0
1207790 1592.0
1207800 1599.7
1207810 1607.3
1207820 1615.2
1207830 1615.2
1207840 1623.8
1207850 1631.4
1207860 1631.4
1207870 1637.5
1207880 1641.1
1207890 1641.1
1207900 1641.5
1207910 1639.7
1207920 1639.7
1207930 1636.9
1207940 1633.8
1207950 1633.8
1207960 1630.6
1207970 1627.0
1207980 1627.0
1207990 1623.0
1208000 1619.1
1208010 1619.1
1208020 1614.9
1208030 1610.2
1208040 1610.2
1208050 1605.4
1208060 1600.7
1208070 1600.7
1208080 1597.1
1208090 1592.5
1208100 1592.5
1208110 1587.5
1208120 1581.6
1208130 1576.0
1208140 1576.0
1208150 1571.3
1208160 1566.7
1208170 1566.7
1208180 1561.9
1208190 1556.7
1208200 1556.7
1208210 1551.0
1208220 1545.4
1208230 1545.4
1208240 1539.9
1208250 1534.7
1208260 1534.7
1208270 1529.3
1208280 1524.2
1208290 1524.2
1208300 1518.9
1208310 1513.4
1208320 1513.4
1208330 1507.8
1208340 1502.9
1208350 1502.9
1208360 1498.2
1208370 1492.8
1208380 1492.8
1208390 1486.7
1208400 1479.9
1208410 1472.5
1208420 1472.5
1208430 1465.4
1208440 1458.3
1208450 1458.3
1208460 1449.8
1208470 1441.3
1208480 1441.3
1208490 1433.5
1208500 1426.0
1208510 1426.0
1208520 1419.5
1208530 1413.6
1208540 1415.4
1208550 1410.5
1208560 1406.6
1208570 1406.6
1208580 1403.3
1208590 1398.8
1208600 1398.8
1208610 1392.6
1208620 1385.6
1208630 1385.6
1208640 1378.4
1208650 1371.0
1208660 1371.0
1208670 1363.0
1208680 1355.5
1208690 1355.5
1208700 1347.0
1208710 1339.8
1208720 1336.3
1208730 1336.3
1208740 1337.6
1208750 1337.6
1208760 1337.6
1208770 1337.2
1208780 1338.5
1208790 1338.5
1208800 1339.2
1208810 1341.5
1208820 1341.5
1208830 1345.7
1208840 1349.1
1208850 1349.1
1208860 1351.9
1208870 1355.9
1208880 1355.9
1208890 1359.1
1208900 1359.6
1208910 1359.6
1208920 1359.8
1208930 1361.7
1208940 1361.7
1208950 1363.8
1208960 1364.6
1208970 1364.6
1208980 1365.1
1208990 1365.5
1209000 1372.3
1209010 1372.4
1209020 1372.3
1209030 1372.2
1209040 1372.2
1209050 1371.6
1209060 1370.8
1209070 1370.8
1209080 1369.6
1209090 1367.8
1209100 1367.8
1209110 1365.8
1209120 1365.0
1209130 1365.0
1209140 1364.9
1209150 1363.2
1209160 1363.2
1209170 1362.3
1209180 1362.3
1209190 1362.3
1209200 1363.2
1209210 1362.3
1209220 1362.3
1209230 1360.6
1209240 1360.0
1209250 1360.0
1209260 1359.3
1209270 1358.2
1209280 1358.2
1209290 1356.9
1209300 1356.5
1209310 1356.5
1209320 1356.3
1209330 1355.9
1209340 1355.4
1209350 1355.4
1209360 1354.8
1209370 1354.1
1209380 1354.1
1209390 1353.5
1209400 1352.2
1209410 1352.2
1209420 1350.5
1209430 1348.2
1209440 1348.2
1209450 1345.2
1209460 1341.5
1209470 1343.7
1209480 1340.0
1209490 1336.2
1209500 1336.2
1209510 1332.5
1209520 1329.1
1209530 1329.1
1209540 1326.7
1209550 1324.8
1209560 1324.8
1209570 1321.9
1209580 1317.8
1209590 1317.8
1209600 1311.6
1209610 1305.0
1209620 1305.0
1209630 1298.4
1209640 1292.6
1209650 1287.7
1209660 1287.7
1209670 1284.0
1209680 1280.1
1209690 1280.1
1209700 1276.1
1209710 1272.7
1209720 1272.7
1209730 1268.8
1209740 1264.1
1209750 1264.1
1209760 1258.8
1209770 1253.2
1209780 1253.2
1209790 1248.7
1209800 1242.0
1209810 1242.0
1209820 1235.1
1209830 1227.8
1209840 1227.8
1209850 1219.9
1209860 1212.4
1209870 1212.4
1209880 1206.1
1209890 1199.2
1209900 1199.2
1209910 1191.5
1209920 1183.6
1209930 1180.6
1209940 1173.5
1209950 1165.8
1209960 1158.6
1209970 1158.6
1209980 1152.5
1209990 1147.9
1210000 1147.9
1210010 1145.1
1210020 1142.2
1210030 1142.2
1210040 1141.9
1210050 1146.4
1210060 1146.4
1210070 1153.3
1210080 1158.8
1210090 1158.8
1210100 1163.7
1210110 1168.8
1210120 1168.8
1210130 1174.4
1210140 1179.8
1210150 1179.8
1210160 1183.5
1210170 1185.7
1210180 1185.7
1210190 1187.8
1210200 1189.6
1210210 1189.6
1210220 1192.0
1210230 1194.8
1210240 1194.8
1210250 1197.8
1210260 1200.5
1210270 1202.6
1210280 1202.6
1210290 1205.2
1210300 1207.1
1210310 1207.1
1210320 1208.0
1210330 1207.8
1210340 1207.8
1210350 1206.5
1210360 1205.9
1210370 1205.9
1210380 1206.6
1210390 1207.1
1210400 1208.6
1210410 1209.0
1210420 1208.5
1210430 1208.5
1210440 1207.1
1210450 1205.6
1210460 1205.6
1210470 1204.2
1210480 1202.3
1210490 1202.3
1210500 1200.1
1210510 1198.0
1210520 1198.0
1210530 1195.6
1210540 1193.4
1210550 1191.4
1210560 1191.4
1210570 1189.7
1210580 1187.4
1210590 1187.4
1210600 1185.6
1210610 1185.2
1210620 1185.2
1210630 1185.5
1210640 1185.2
1210650 1185.2
1210660 1184.1
1210670 1182.9
1210680 1182.9
1210690 1181.1
1210700 1179.4
1210710 1179.4
1210720 1177.9
1210730 1176.5
1210740 1176.5
1210750 1174.7
1210760 1172.9
1210770 1172.9
1210780 1170.9
1210790 1168.9
1210800 1168.9
1210810 1166.3
1210820 1162.0
1210830 1162.0
1210840 1157.5
1210850 1153.9
1210860 1152.1
1210870 1152.1
1210880 1149.2
1210890 1146.6
1210900 1146.6
1210910 1144.8
1210920 1143.0
1210930 1143.0
1210940 1141.1
1210950 1139.2
1210960 1139.2
1210970 1136.8
1210980 1134.1
1210990 1134.1
1211000 1132.1
1211010 1130.7
1211020 1130.7
1211030 1129.7
1211040 1129.4
1211050 1129.4
1211060 1129.2
1211070 1128.7
1211080 1128.7
1211090 1127.9
1211100 1127.1
1211110 1127.1
1211120 1126.1
1211130 1124.9
1211140 1124.9
1211150 1123.8
1211160 1122.4
1211170 1120.4
1211180 1120.4
1211190 1117.7
1211200 1114.9
1211210 1114.9
1211220 1111.7
1211230 1108.0
1211240 1108.0
1211250 1103.5
1211260 1099.6
1211270 1099.6
1211280 1097.5
1211290 1095.3
1211300 1095.3
1211310 1093.2
1211320 1091.4
1211330 1095.0
1211340 1092.9
1211350 1090.8
1211360 1090.8
1211370 1087.9
1211380 1086.3
1211390 1086.3
1211400 1086.6
1211410 1087.9
1211420 1087.9
1211430 1087.5
1211440 1085.2
1211450 1085.2
1211460 1082.5
1211470 1080.0
1211480 1077.7
1211490 1077.7
1211500 1075.2
1211510 1072.0
1211520 1072.0
1211530 1069.2
1211540 1067.9
1211550 1067.9
1211560 1065.8
1211570 1063.5
1211580 1063.5
1211590 1061.7
1211600 1060.4
1211610 1060.4
1211620 1058.7
1211630 1056.8
1211640 1056.8
1211650 1054.8
1211660 1053.2
1211670 1053.2
1211680 1051.2
1211690 1049.0
1211700 1049.0
1211710 1046.5
1211720 1043.9
1211730 1043.9
1211740 1041.2
1211750 1038.1
1211760 1038.1
1211770 1035.1
1211780 1032.1
1211790 1028.4
1211800 1030.1
1211810 1025.7
1211820 1021.3
1211830 1021.3
1211840 1017.6
1211850 1015.8
1211860 1015.8
1211870 1013.9
1211880 1010.3
1211890 1010.3
1211900 1008.3
1211910 1007.7
1211920 1007.7
1211930 1007.1
1211940 1007.0
1211950 1007.0
1211960 1006.6
1211970 1005.9
1211980 1005.9
1211990 1005.1
1212000 1003.7
1212010 1003.7
1212020 1002.2
1212030 1001.1
1212040 1001.1
1212050 999.5
1212060 995.6
1212070 995.6
1212080 993.1
1212090 990.4
1212100 987.7
1212110 987.7
1212120 983.5
1212130 980.0
1212140 980.0
1212150 977.6
1212160 974.3
1212170 974.3
1212180 971.9
1212190 970.4
1212200 970.4
1212210 969.7
1212220 969.3
1212230 969.3
1212240 969.0
1212250 968.5
1212260 968.5
1212270 967.8
1212280 967.5
1212290 967.5
1212300 967.3
1212310 967.1
1212320 967.1
1212330 966.9
1212340 966.7
1212350 966.7
1212360 966.5
1212370 966.3
1212380 966.3
1212390 966.2
1212400 966.1
1212410 965.9
1212420 965.9
1212430 965.9
1212440 965.8
1212450 965.8
1212460 965.8
1212470 965.7
1212480 965.7
1212490 965.6
1212500 965.5
1212510 965.5
1212520 965.2
1212530 965.0
1212540 965.0
1212550 964.5
1212560 964.6
1212570 964.6
1212580 964.8
1212590 964.7
1212600 964.7
1212610 964.7
1212620 964.6
1212630 964.6
1212640 964.5
1212650 964.5
1212660 964.5
1212670 964.4
1212680 964.5
1212690 964.4
1212700 964.4
1212710 964.1
1212720 964.2
1212730 964.1
1212740 964.2
1212750 964.0
1212760 964.0
1212770 964.1
1212780 964.1
1212790 964.1
1212800 963.9
1212810 963.9
1212820 963.9
1212830 963.9
1212840 963.8
1212850 963.8
1212860 963.9
1212870 964.0
1212880 964.0
1212890 964.0
1212900 964.0
1212910 964.0
1212920 964.2
1212930 964.3
1212940 964.3
1212950 964.4
1212960 964.6
1212970 964.6
1212980 964.4
1212990 964.6
1213000 964.5
1213010 964.5
1213020 964.5
1213030 964.5
1213040 964.5
1213050 964.4
1213060 964.3
1213070 964.3
1213080 964.2
1213090 964.2
1213100 964.2
1213110 964.1
1213120 964.0
1213130 964.0
1213140 964.0
1213150 963.7
1213160 963.7
1213170 963.2
1213180 962.4
1213190 962.4
1213200 962.2
1213210 963.4
1213220 963.4
1213230 963.5
1213240 963.5
1213250 963.5
1213260 963.4
1213270 963.4
1213280 963.4
1213290 963.3
1213300 963.2
1213310 963.3
1213320 963.3
1213330 963.3
1213340 963.3
1213350 963.3
1213360 963.4
1213370 963.4
1213380 963.4
1213390 963.3
1213400 963.2
1213410 963.2
1213420 963.3
1213430 963.4
1213440 963.4
1213450 963.4
1213460 963.5
1213470 963.5
1213480 963.5
1213490 963.5
1213500 963.5
1213510 963.6
1213520 963.6
1213530 963.6
1213540 963.7
1213550 963.6
1213560 963.6
1213570 963.6
1213580 963.5
1213590 963.5
1213600 963.4
1213610 963.4
1213620 963.3
1213630 963.3
1213640 963.2
1213650 963.0
1213660 963.0
1213670 962.9
1213680 962.8
1213690 962.8
1213700 962.8
1213710 962.8
1213720 962.8
1213730 962.7
1213740 962.7
1213750 962.7
1213760 962.7
1213770 962.7
1213780 962.7
1213790 962.8
1213800 962.9
1213810 962.9
1213820 961.9
1213830 961.7
1213840 961.7
1213850 962.5
1213860 962.6
1213870 962.6
1213880 962.7
1213890 962.7
1213900 962.7
1213910 962.7
1213920 962.7
1213930 962.7
1213940 962.7
1213950 962.7
1213960 962.7
1213970 962.7
1213980 962.7
1213990 962.7
1214000 962.7
1214010 962.8
1214020 962.8
1214030 962.8
1214040 963.0
1214050 963.1
1214060 963.1
1214070 963.2
1214080 963.2
1214090 963.2
1214100 963.3
1214110 963.4
1214120 963.4
1214130 963.5
1214140 963.6
1214150 963.5
1214160 963.5
1214170 963.5
1214180 963.5
1214190 963.4
1214200 963.4
1214210 963.4
1214220 963.5
1214230 963.6
1214240 963.6
1214250 963.6
1214260 963.5
1214270 963.4
1214280 963.4
1214290 963.8
1214300 963.8
1214310 963.8
1214320 964.0
1214330 964.2
1214340 964.2
1214350 964.4
1214360 964.6
1214370 964.6
1214380 964.8
1214390 965.0
1214400 965.0
1214410 965.2
1214420 965.4
1214430 965.4
1214440 965.6
1214450 965.9
1214460 965.9
1214470 966.3
1214480 966.7
1214490 966.7
1214500 967.2
1214510 967.6
1214520 967.6
1214530 968.2
1214540 968.7
1214550 969.0
1214560 969.0
1214570 969.1
1214580 969.3
1214590 969.3
1214600 969.7
1214610 970.2
1214620 970.4
1214630 970.5
1214640 970.9
1214650 970.9
1214660 971.4
1214670 972.3
1214680 972.3
1214690 972.4
1214700 972.6
1214710 972.6
1214720 972.9
1214730 973.2
1214740 973.2
1214750 973.6
1214760 973.9
1214770 973.9
1214780 974.0
1214790 974.5
1214800 974.5
1214810 974.8
1214820 975.2
1214830 975.4
1214840 975.4
1214850 975.7
1214860 976.0
1214870 976.0
1214880 976.3
1214890 976.6
1214900 976.6
1214910 976.9
1214920 977.3
1214930 977.3
1214940 977.6
1214950 977.8
1214960 977.8
1214970 978.0
1214980 978.4
1214990 978.4
1215000 978.8
1215010 979.2
1215020 979.2
1215030 979.7
1215040 980.5
1215050 980.5
1215060 981.2
1215070 980.8
1215080 980.8
1215090 980.6
1215100 980.8
1215110 980.8
1215120 981.0
1215130 981.3
1215140 981.7
1215150 981.7
1215160 981.7
1215170 982.0
1215180 982.0
1215190 982.3
1215200 982.6
1215210 982.6
1215220 983.0
1215230 983.5
1215240 983.5
1215250 983.9
1215260 984.2
1215270 984.2
1215280 984.4
1215290 984.6
1215300 984.6
1215310 984.8
1215320 985.6
1215330 985.6
1215340 989.0
1215350 993.2
1215360 993.2
1215370 995.5
1215380 996.3
1215390 996.3
1215400 996.8
1215410 997.0
1215420 997.0
1215430 997.4
1215440 997.7
1215450 997.9
1215460 997.9
1215470 998.0
1215480 998.8
1215490 998.8
1215500 998.8
1215510 998.9
1215520 998.9
1215530 999.2
1215540 999.4
1215550 999.4
1215560 999.6
1215570 1000.0
1215580 1000.0
1215590 1000.3
1215600 1000.6
1215610 1000.6
1215620 1000.9
1215630 1001.0
1215640 1001.0
1215650 1000.7
1215660 1001.1
1215670 1001.1
1215680 1001.4
1215690 1001.7
1215700 1001.7
1215710 1002.2
1215720 1002.7
1215730 1002.7
1215740 1003.0
1215750 1003.5
1215760 1003.8
1215770 1003.8
1215780 1004.0
1215790 1004.5
1215800 1004.5
1215810 1004.8
1215820 1004.9
1215830 1004.9
1215840 1005.1
1215850 1005.1
1215860 1005.1
1215870 1005.2
1215880 1005.4
1215890 1005.4
1215900 1005.8
1215910 1006.2
1215920 1006.2
1215930 1006.4
1215940 1006.7
1215950 1006.7
1215960 1006.9
1215970 1007.1
1215980 1007.1
1215990 1007.4
1216000 1007.7
1216010 1007.7
1216020 1007.9
1216030 1008.1
1216040 1008.4
1216050 1008.6
1216060 1008.9
1216070 1009.3
1216080 1009.3
1216090 1009.6
1216100 1009.9
1216110 1009.9
1216120 1010.2
1216130 1010.3
1216140 1010.3
1216150 1010.6
1216160 1011.1
1216170 1011.1
1216180 1011.1
1216190 1011.2
1216200 1011.2
1216210 1011.8
1216220 1012.4
1216230 1012.4
1216240 1012.7
1216250 1013.7
1216260 1013.7
1216270 1015.3
1216280 1016.4
1216290 1016.4
1216300 1017.1
1216310 1017.4
1216320 1017.4
1216330 1019.2
1216340 1022.9
1216350 1022.9
1216360 1025.2
1216370 1026.1
1216380 1027.3
1216390 1027.3
1216400 1028.6
1216410 1030.1
1216420 1030.1
1216430 1030.7
1216440 1032.2
1216450 1032.2
1216460 1032.5
1216470 1033.3
1216480 1033.3
1216490 1033.9
1216500 1034.3
1216510 1034.3
1216520 1033.8
1216530 1034.8
1216540 1034.8
1216550 1035.8
1216560 1037.3
1216570 1037.3
1216580 1039.4
1216590 1041.5
1216600 1041.5
1216610 1044.1
1216620 1045.1
1216630 1045.1
1216640 1045.8
1216650 1046.6
1216660 1046.6
1216670 1047.2
1216680 1047.3
1216690 1047.3
1216700 1047.3
1216710 1047.8
1216720 1048.9
1216730 1048.9
1216740 1050.0
1216750 1051.2
1216760 1051.2
1216770 1052.6
1216780 1053.9
1216790 1053.9
1216800 1055.5
1216810 1057.1
1216820 1057.1
1216830 1058.7
1216840 1060.3
1216850 1060.3
1216860 1061.7
1216870 1063.1
1216880 1063.1
1216890 1064.6
1216900 1066.1
1216910 1066.1
1216920 1067.6
1216930 1069.1
1216940 1069.1
1216950 1070.6
1216960 1072.1
1216970 1073.6
1216980 1073.6
1216990 1076.9
1217000 1080.6
1217010 1080.6
1217020 1083.7
1217030 1085.7
1217040 1085.7
1217050 1085.1
1217060 1085.0
1217070 1085.0
1217080 1086.1
1217090 1088.2
1217100 1088.2
1217110 1090.3
1217120 1092.7
1217130 1092.7
1217140 1095.3
1217150 1098.1
1217160 1098.1
1217170 1101.1
1217180 1104.1
1217190 1104.1
1217200 1107.5
1217210 1111.4
1217220 1111.4
1217230 1115.4
1217240 1119.2
1217250 1119.2
1217260 1123.1
1217270 1127.5
1217280 1131.9
1217290 1131.9
1217300 1136.4
1217310 1141.0
1217320 1141.0
1217330 1145.4
1217340 1149.7
1217350 1149.7
1217360 1154.1
1217370 1159.0
1217380 1159.0
1217390 1164.0
1217400 1168.8
1217410 1168.8
1217420 1173.5
1217430 1178.0
1217440 1178.0
1217450 1182.4
1217460 1187.4
1217470 1185.8
1217480 1191.5
1217490 1197.1
1217500 1197.1
1217510 1202.9
1217520 1208.8
1217530 1208.8
1217540 1214.6
1217550 1220.4
1217560 1220.4
1217570 1226.5
1217580 1232.7
1217590 1239.1
1217600 1239.1
1217610 1245.7
1217620 1252.3
1217630 1252.3
1217640 1259.0
1217650 1265.7
1217660 1265.7
1217670 1273.2
1217680 1281.0
1217690 1281.0
1217700 1289.2
1217710 1298.2
1217720 1298.2
1217730 1307.3
1217740 1316.0
1217750 1316.0
1217760 1324.2
1217770 1330.5
1217780 1330.5
1217790 1335.9
1217800 1340.4
1217810 1340.4
1217820 1344.5
1217830 1348.6
1217840 1348.6
1217850 1353.2
1217860 1358.9
1217870 1358.9
1217880 1364.0
1217890 1368.9
1217900 1373.9
1217910 1373.9
1217920 1379.5
1217930 1384.8
1217940 1384.8
1217950 1389.3
1217960 1394.4
1217970 1394.4
1217980 1400.3
1217990 1406.1
1218000 1406.1
1218010 1411.3
1218020 1416.1
1218030 1416.1
1218040 1421.0
1218050 1425.6
1218060 1425.6
1218070 1429.6
1218080 1434.2
1218090 1434.2
1218100 1437.1
1218110 1436.8
1218120 1436.8
1218130 1434.3
1218140 1431.6
1218150 1431.6
1218160 1428.7
1218170 1426.2
1218180 1426.2
1218190 1424.0
1218200 1422.5
1218210 1421.9
1218220 1421.9
1218230 1420.1
1218240 1419.3
1218250 1419.3
1218260 1417.9
1218270 1419.2
1218280 1419.2
1218290 1421.1
1218300 1423.9
1218310 1423.9
1218320 1427.9
1218330 1430.3
1218340 1430.3
1218350 1433.3
1218360 1436.8
1218370 1436.8
1218380 1439.7
1218390 1441.1
1218400 1441.1
1218410 1440.1
1218420 1439.5
1218430 1432.7
1218440 1433.9
1218450 1435.7
1218460 1435.7
1218470 1438.2
1218480 1442.5
1218490 1442.5
1218500 1447.0
1218510 1450.9
1218520 1457.1
1218530 1457.1
1218540 1464.9
1218550 1471.9
1218560 1471.9
1218570 1476.0
1218580 1478.0
1218590 1478.0
1218600 1479.5
1218610 1482.8
1218620 1482.8
1218630 1486.8
1218640 1490.3
1218650 1490.3
1218660 1494.1
1218670 1498.6
1218680 1498.6
1218690 1504.0
1218700 1509.2
1218710 1509.2
1218720 1514.4
1218730 1520.8
1218740 1520.8
1218750 1528.5
1218760 1535.3
1218770 1535.3
1218780 1540.2
1218790 1541.9
1218800 1541.5
1218810 1541.5
1218820 1540.9
1218830 1543.9
1218840 1543.9
1218850 1548.7
1218860 1552.6
1218870 1552.6
1218880 1557.0
1218890 1562.0
1218900 1562.0
1218910 1563.5
1218920 1567.7
1218930 1567.7
1218940 1569.9
1218950 1571.0
1218960 1571.0
1218970 1571.8
1218980 1571.6
1218990 1571.6
1219000 1570.0
1219010 1569.6
1219020 1569.6
1219030 1571.4
1219040 1572.7
1219050 1572.7
1219060 1574.2
1219070 1575.8
1219080 1575.8
1219090 1578.5
1219100 1581.4
1219110 1584.6
1219120 1584.6
1219130 1586.0
1219140 1585.0
1219150 1585.0
1219160 1584.1
1219170 1584.2
1219180 1584.2
1219190 1585.1
1219200 1586.6
1219210 1586.6
1219220 1585.4
1219230 1584.0
1219240 1584.0
1219250 1584.5
1219260 1585.5
1219270 1585.5
1219280 1586.1
1219290 1585.8
1219300 1585.8
1219310 1584.8
1219320 1582.7
1219330 1582.7
1219340 1579.6
1219350 1578.3
1219360 1578.3
1219370 1580.0
1219380 1586.0
1219390 1587.8
1219400 1595.7
1219410 1603.3
1219420 1611.5
1219430 1611.5
1219440 1620.5
1219450 1629.3
1219460 1629.3
1219470 1637.3
1219480 1644.7
1219490 1644.7
1219500 1651.7
1219510 1658.4
1219520 1658.4
1219530 1664.8
1219540 1671.1
1219550 1671.1
1219560 1677.5
1219570 1683.9
1219580 1683.9
1219590 1690.1
1219600 1695.6
1219610 1695.6
1219620 1700.8
1219630 1705.0
1219640 1705.0
1219650 1704.8
1219660 1700.2
1219670 1700.2
1219680 1695.8
1219690 1691.7
1219700 1691.7
1219710 1689.0
1219720 1689.2
1219730 1690.9
1219740 1690.9
1219750 1694.0
1219760 1694.5
1219770 1694.5
1219780 1691.2
1219790 1686.2
1219800 1686.2
1219810 1684.9
1219820 1683.6
1219830 1683.6
1219840 1679.3
1219850 1680.1
1219860 1680.1
1219870 1681.3
1219880 1683.6
1219890 1683.6
1219900 1680.9
1219910 1681.5
1219920 1681.5
1219930 1677.7
1219940 1678.6
1219950 1678.6
1219960 1678.9
1219970 1679.7
1219980 1679.7
1219990 1680.5
1200000 1559.7
1200010 1559.7
1200020 1567.1
1200030 1573.4
1200040 1573.4
1200050 1577.1
1200060 1577.7
1200070 1577.7
1200080 1576.5
1200090 1574.4
1200100 1574.4
1200110 1571.6
1200120 1568.0
1200130 1568.0
1200140 1563.6
1200150 1558.7
1200160 1553.7
1200170 1553.7
1200180 1548.4
1200190 1543.2
1200200 1543.2
1200210 1538.5
1200220 1533.0
1200230 1533.0
1200240 1527.4
1200250 1521.4
1200260 1521.4
1200270 1515.1
1200280 1508.4
1200290 1508.4
1200300 1501.8
1200310 1495.2
1200320 1495.2
1200330 1488.6
1200340 1485.4
1200350 1485.4
1200360 1478.7
1200370 1471.9
1200380 1471.9
1200390 1464.8
1200400 1457.6
1200410 1457.6
1200420 1450.9
1200430 1444.5
1200440 1444.5
1200450 1438.0
1200460 1431.5
1200470 1425.3
1200480 1425.3
1200490 1419.2
1200500 1413.7
1200510 1413.7
1200520 1408.0
1200530 1402.0
1200540 1402.0
1200550 1396.1
1200560 1390.2
1200570 1390.2
1200580 1384.8
1200590 1380.0
1200600 1380.0
1200610 1375.3
1200620 1371.0
1200630 1371.0
1200640 1365.3
1200650 1359.5
1200660 1359.5
1200670 1353.6
1200680 1348.8
1200690 1348.8
1200700 1344.7
1200710 1340.4
1200720 1340.4
1200730 1336.0
1200740 1331.9
1200750 1331.9
1200760 1328.6
1200770 1325.7
1200780 1322.6
1200790 1325.9
1200800 1321.9
1200810 1318.0
1200820 1318.0
1200830 1314.1
1200840 1310.2
1200850 1310.2
1200860 1306.5
1200870 1303.5
1200880 1303.5
1200890 1300.7
1200900 1295.9
1200910 1295.9
1200920 1289.7
1200930 1288.2
1200940 1288.2
1200950 1294.2
1200960 1297.4
1200970 1297.4
1200980 1295.2
1200990 1294.5
1201000 1294.5
1201010 1294.9
1201020 1296.2
1201030 1296.2
1201040 1300.0
1201050 1306.5
1201060 1306.5
1201070 1313.1
1201080 1319.1
1201090 1325.1
1201100 1325.1
1201110 1330.5
1201120 1336.7
1201130 1336.7
1201140 1342.9
1201150 1349.1
1201160 1349.1
1201170 1355.4
1201180 1361.8
1201190 1361.8
1201200 1368.2
1201210 1374.8
1201220 1374.8
1201230 1381.1
1201240 1387.3
1201250 1387.3
1201260 1393.2
1201270 1399.4
1201280 1399.4
1201290 1405.6
1201300 1411.9
1201310 1411.9
1201320 1417.9
1201330 1424.0
1201340 1424.0
1201350 1429.6
1201360 1435.0
1201370 1435.0
1201380 1440.4
1201390 1446.1
1201400 1451.9
1201410 1451.9
1201420 1458.0
1201430 1464.0
1201440 1464.0
1201450 1469.3
1201460 1474.1
1201470 1474.1
1201480 1478.9
1201490 1483.8
1201500 1483.8
1201510 1488.4
1201520 1493.0
1201530 1493.0
1201540 1497.2
1201550 1501.3
1201560 1501.3
1201570 1505.3
1201580 1509.2
1201590 1509.2
1201600 1513.6
1201610 1518.5
1201620 1518.5
1201630 1523.5
1201640 1528.4
1201650 1528.4
1201660 1533.7
1201670 1539.0
1201680 1539.0
1201690 1546.5
1201700 1551.7
1201710 1557.0
1201720 1557.0
1201730 1562.4
1201740 1567.8
1201750 1567.8
1201760 1573.1
1201770 1578.2
1201780 1578.2
1201790 1583.0
1201800 1587.0
1201810 1587.0
1201820 1590.5
1201830 1593.9
1201840 1593.9
1201850 1597.2
1201860 1599.9
1201870 1599.9
1201880 1601.9
1201890 1603.2
1201900 1603.2
1201910 1603.7
1201920 1603.8
1201930 1603.8
1201940 1604.0
1201950 1603.9
1201960 1603.9
1201970 1603.5
1201980 1602.6
1201990 1600.1
1202000 1600.1
1202010 1596.3
1202020 1592.6
1202030 1592.6
1202040 1588.4
1202050 1583.2
1202060 1583.2
1202070 1578.3
1202080 1573.3
1202090 1573.3
1202100 1568.7
1202110 1564.8
1202120 1564.8
1202130 1560.3
1202140 1563.6
1202150 1563.6
1202160 1562.4
1202170 1563.5
1202180 1563.5
1202190 1564.4
1202200 1561.2
1202210 1561.2
1202220 1564.4
1202230 1572.4
1202240 1572.4
1202250 1576.7
1202260 1577.3
1202270 1577.3
1202280 1577.3
1202290 1576.9
1202300 1576.7
1202310 1576.7
1202320 1577.1
1202330 1576.3
1202340 1576.3
1202350 1573.4
1202360 1570.1
1202370 1570.1
1202380 1569.1
1202390 1569.2
1202400 1569.2
1202410 1570.0
1202420 1571.8
1202430 1571.8
1202440 1575.0
1202450 1577.6
1202460 1577.6
1202470 1578.9
1202480 1577.6
1202490 1577.6
1202500 1572.6
1202510 1567.9
1202520 1567.9
1202530 1563.9
1202540 1561.5
1202550 1561.5
1202560 1558.8
1202570 1557.2
1202580 1557.2
1202590 1556.5
1202600 1564.2
1202610 1561.8
1202620 1561.8
1202630 1558.0
1202640 1560.9
1202650 1560.9
1202660 1569.0
1202670 1576.7
1202680 1576.7
1202690 1582.8
1202700 1589.5
1202710 1589.5
1202720 1596.4
1202730 1601.7
1202740 1601.7
1202750 1606.3
1202760 1610.4
1202770 1610.4
1202780 1614.8
1202790 1619.4
1202800 1619.4
1202810 1624.4
1202820 1629.6
1202830 1629.6
1202840 1633.3
1202850 1635.4
1202860 1635.4
1202870 1637.2
1202880 1639.1
1202890 1639.1
1202900 1642.3
1202910 1647.6
1202920 1653.4
1202930 1653.4
1202940 1658.1
1202950 1662.2
1202960 1662.2
1202970 1666.5
1202980 1670.6
1202990 1670.6
1203000 1674.3
1203010 1677.2
1203020 1677.2
1203030 1680.4
1203040 1684.5
1203050 1680.9
1203060 1685.7
1203070 1691.8
1203080 1691.8
1203090 1697.2
1203100 1702.4
1203110 1702.4
1203120 1707.8
1203130 1713.2
1203140 1713.2
1203150 1718.3
1203160 1723.7
1203170 1723.7
1203180 1729.1
1203190 1734.7
1203200 1734.7
1203210 1742.3
1203220 1750.2
1203230 1756.9
1203240 1756.9
1203250 1762.9
1203260 1769.5
1203270 1769.5
1203280 1776.8
1203290 1784.8
1203300 1784.8
1203310 1792.5
1203320 1800.3
1203330 1800.3
1203340 1807.7
1203350 1815.0
1203360 1815.0
1203370 1822.0
1203380 1828.7
1203390 1828.7
1203400 1835.0
1203410 1841.4
1203420 1841.4
1203430 1847.8
1203440 1853.9
1203450 1853.9
1203460 1860.0
1203470 1865.9
1203480 1865.9
1203490 1871.4
1203500 1879.8
1203510 1879.8
1203520 1885.7
1203530 1891.9
1203540 1898.3
1203550 1898.3
1203560 1905.0
1203570 1912.2
1203580 1912.2
1203590 1918.9
1203600 1925.7
1203610 1925.7
1203620 1932.3
1203630 1939.0
1203640 1939.0
1203650 1945.8
1203660 1952.7
1203670 1952.7
1203680 1959.6
1203690 1966.4
1203700 1966.4
1203710 1973.2
1203720 1980.0
1203730 1980.0
1203740 1987.0
1203750 1994.1
1203760 1994.1
1203770 2000.9
1203780 2007.5
1203790 2007.5
1203800 2014.0
1203810 2020.4
1203820 2020.4
1203830 2027.5
1203840 2034.3
1203850 2040.8
1203860 2040.8
1203870 2047.1
1203880 2053.4
1203890 2053.4
1203900 2059.7
1203910 2066.0
1203920 2066.0
1203930 2072.2
1203940 2078.3
1203950 2078.3
1203960 2086.5
1203970 2092.7
1203980 2092.7
1203990 2098.6
1204000 2104.5
1204010 2104.5
1204020 2110.4
1204030 2116.3
1204040 2116.3
1204050 2122.3
1204060 2128.1
1204070 2128.1
1204080 2133.5
1204090 2138.9
1204100 2138.9
1204110 2144.4
1204120 2149.8
1204130 2154.6
1204140 2154.6
1204150 2157.9
1204160 2158.0
1204170 2158.0
1204180 2156.0
1204190 2152.7
1204200 2152.7
1204210 2150.4
1204220 2149.6
1204230 2149.6
1204240 2150.0
1204250 2150.6
1204260 2150.6
1204270 2150.3
1204280 2149.9
1204290 2149.9
1204300 2149.7
1204310 2149.9
1204320 2149.9
1204330 2149.8
1204340 2149.1
1204350 2149.1
1204360 2148.3
1204370 2147.4
1204380 2147.4
1204390 2145.8
1204400 2143.9
1204410 2139.1
1204420 2137.6
1204430 2135.7
1204440 2133.5
1204450 2133.5
1204460 2130.6
1204470 2127.4
1204480 2127.4
1204490 2124.4
1204500 2120.9
1204510 2120.9
1204520 2116.2
1204530 2110.4
1204540 2110.4
1204550 2105.0
1204560 2100.6
1204570 2100.6
1204580 2096.8
1204590 2093.3
1204600 2093.3
1204610 2090.1
1204620 2087.3
1204630 2087.3
1204640 2085.1
1204650 2083.5
1204660 2083.5
1204670 2082.7
1204680 2082.5
1204690 2082.5
1204700 2082.9
1204710 2083.9
1204720 2083.9
1204730 2085.0
1204740 2086.2
1204750 2087.3
1204760 2087.3
1204770 2087.3
1204780 2083.8
1204790 2083.8
1204800 2077.2
1204810 2070.0
1204820 2070.0
1204830 2064.4
1204840 2059.1
1204850 2059.1
1204860 2053.2
1204870 2055.6
1204880 2055.6
1204890 2051.1
1204900 2046.7
1204910 2046.7
1204920 2042.8
1204930 2037.8
1204940 2037.8
1204950 2031.4
1204960 2026.0
1204970 2026.0
1204980 2021.9
1204990 2017.7
1205000 2017.7
1205010 2013.3
1205020 2009.4
1205030 2009.4
1205040 2006.3
1205050 2003.7
1205060 2001.3
1205070 2001.3
1205080 1999.4
1205090 1997.6
1205100 1997.6
1205110 1995.9
1205120 1994.6
1205130 1994.6
1205140 1993.8
1205150 1993.6
1205160 1993.6
1205170 1993.7
1205180 1994.1
1205190 1994.1
1205200 1994.9
1205210 1995.9
1205220 1995.9
1205230 1997.1
1205240 1998.0
1205250 1998.0
1205260 1998.3
1205270 1997.9
1205280 1997.9
1205290 1998.7
1205300 2000.1
1205310 2000.1
1205320 2010.1
1205330 2011.3
1205340 2011.3
1205350 2013.1
1205360 2015.3
1205370 2017.9
1205380 2017.9
1205390 2020.4
1205400 2021.8
1205410 2021.8
1205420 2024.1
1205430 2026.5
1205440 2026.5
1205450 2029.8
1205460 2033.3
1205470 2033.3
1205480 2036.9
1205490 2039.1
1205500 2039.1
1205510 2040.5
1205520 2040.5
1205530 2040.5
1205540 2038.0
1205550 2031.0
1205560 2031.0
1205570 2022.3
1205580 2014.2
1205590 2014.2
1205600 2007.5
1205610 2000.9
1205620 2000.9
1205630 1994.2
1205640 1987.9
1205650 1987.9
1205660 1983.4
1205670 1979.3
1205680 1973.7
1205690 1973.7
1205700 1966.1
1205710 1957.7
1205720 1957.7
1205730 1949.4
1205740 1944.3
1205750 1944.3
1205760 1941.9
1205770 1938.4
1205780 1932.4
1205790 1929.3
1205800 1926.1
1205810 1926.1
1205820 1921.8
1205830 1915.8
1205840 1915.8
1205850 1908.1
1205860 1901.6
1205870 1901.6
1205880 1897.1
1205890 1892.7
1205900 1892.7
1205910 1888.2
1205920 1883.8
1205930 1883.8
1205940 1879.6
1205950 1875.4
1205960 1875.4
1205970 1871.7
1205980 1867.8
1205990 1865.1
1206000 1865.1
1206010 1862.8
1206020 1858.9
1206030 1858.9
1206040 1854.8
1206050 1849.5
1206060 1849.5
1206070 1844.3
1206080 1838.5
1206090 1838.5
1206100 1832.7
1206110 1827.0
1206120 1827.0
1206130 1821.3
1206140 1816.4
1206150 1816.4
1206160 1812.2
1206170 1808.1
1206180 1808.1
1206190 1804.0
1206200 1800.0
1206210 1800.0
1206220 1795.5
1206230 1790.7
1206240 1787.3
1206250 1783.1
1206260 1778.4
1206270 1773.2
1206280 1773.2
1206290 1767.0
1206300 1760.6
1206310 1760.6
1206320 1754.2
1206330 1748.7
1206340 1748.7
1206350 1743.7
1206360 1739.7
1206370 1739.7
1206380 1736.3
1206390 1732.8
1206400 1732.8
1206410 1729.0
1206420 1724.2
1206430 1724.2
1206440 1716.2
1206450 1707.4
1206460 1707.4
1206470 1698.5
1206480 1689.9
1206490 1689.9
1206500 1682.1
1206510 1674.5
1206520 1674.5
1206530 1666.6
1206540 1659.2
1206550 1659.2
1206560 1653.7
1206570 1648.4
1206580 1641.2
1206590 1641.2
1206600 1632.4
1206610 1620.9
1206620 1620.9
1206630 1608.3
1206640 1597.6
1206650 1597.6
1206660 1588.5
1206670 1579.6
1206680 1579.6
1206690 1571.1
1206700 1568.2
1206710 1568.2
1206720 1561.2
1206730 1554.0
1206740 1554.0
1206750 1545.2
1206760 1535.8
1206770 1535.8
1206780 1527.3
1206790 1519.9
1206800 1519.9
1206810 1513.8
1206820 1508.3
1206830 1508.3
1206840 1502.5
1206850 1496.7
1206860 1496.7
1206870 1490.9
1206880 1485.2
1206890 1479.5
1206900 1479.5
1206910 1473.7
1206920 1468.3
1206930 1468.3
1206940 1462.8
1206950 1457.1
1206960 1457.1
1206970 1451.4
1206980 1445.9
1206990 1445.9
1207000 1440.4
1207010 1435.1
1207020 1435.1
1207030 1430.4
1207040 1426.0
1207050 1426.0
1207060 1422.5
1207070 1419.2
1207080 1419.2
1207090 1415.7
1207100 1412.9
1207110 1412.9
1207120 1410.9
1207130 1408.5
1207140 1408.5
1207150 1406.4
1207160 1404.8
1207170 1404.8
1207180 1402.6
1207190 1400.1
1207200 1397.9
1207210 1397.9
1207220 1395.3
1207230 1392.5
1207240 1392.5
1207250 1388.0
1207260 1384.5
1207270 1384.5
1207280 1386.9
1207290 1392.2
1207300 1392.2
1207310 1396.0
1207320 1399.7
1207330 1399.7
1207340 1402.9
1207350 1406.3
1207360 1406.3
1207370 1409.8
1207380 1414.0
1207390 1414.0
1207400 1418.9
1207410 1424.4
1207420 1424.4
1207430 1430.2
1207440 1436.1
1207450 1436.1
1207460 1442.2
1207470 1447.9
1207480 1447.9
1207490 1453.5
1207500 1459.2
1207510 1465.5
1207520 1465.5
1207530 1472.1
1207540 1478.5
1207550 1478.5
1207560 1484.7
1207570 1491.3
1207580 1491.3
1207590 1497.8
1207600 1504.4
1207610 1504.4
1207620 1515.3
1207630 1522.4
1207640 1522.4
1207650 1529.8
1207660 1537.1
1207670 1537.1
1207680 1544.1
1207690 1551.1
1207700 1551.1
1207710 1557.9
1207720 1564.9
1207730 1564.9
1207740 1571.5
1207750 1578.1
1207760 1578.1
1207770 1585.0
1207780 1592.0
1207790 1592.0
1207800 1599.7
1207810 1607.3
1207820 1615.2
1207830 1615.2
1207840 1623.8
1207850 1631.4
1207860 1631.4
1207870 1637.5
1207880 1641.1
1207890 1641.1
1207900 1641.5
1207910 1639.7
1207920 1639.7
1207930 1636.9
1207940 1633.8
1207950 1633.8
1207960 1630.6
1207970 1627.0
1207980 1627.0
1207990 1623.0
1208000 1619.1
1208010 1619.1
1208020 1614.9
1208030 1610.2
1208040 1610.2
1208050 1605.4
1208060 1600.7
1208070 1600.7
1208080 1597.1
1208090 1592.5
1208100 1592.5
1208110 1587.5
1208120 1581.6
1208130 1576.0
1208140 1576.0
1208150 1571.3
1208160 1566.7
1208170 1566.7
1208180 1561.9
1208190 1556.7
1208200 1556.7
1208210 1551.0
1208220 1545.4
1208230 1545.4
1208240 1539.9
1208250 1534.7
1208260 1534.7
1208270 1529.3
1208280 1524.2
1208290 1524.2
1208300 1518.9
1208310 1513.4
1208320 1513.4
1208330 1507.8
1208340 1502.9
1208350 1502.9
1208360 1498.2
1208370 1492.8
1208380 1492.8
1208390 1486.7
1208400 1479.9
1208410 1472.5
1208420 1472.5
1208430 1465.4
1208440 1458.3
1208450 1458.3
1208460 1449.8
1208470 1441.3
1208480 1441.3
1208490 1433.5
1208500 1426.0
1208510 1426.0
1208520 1419.5
1208530 1413.6
1208540 1415.4
1208550 1410.5
1208560 1406.6
1208570 1406.6
1208580 1403.3
1208590 1398.8
1208600 1398.8
1208610 1392.6
1208620 1385.6
1208630 1385.6
1208640 1378.4
1208650 1371.0
1208660 1371.0
1208670 1363.0
1208680 1355.5
1208690 1355.5
1208700 1347.0
1208710 1339.8
1208720 1336.3
1208730 1336.3
1208740 1337.6
1208750 1337.6
1208760 1337.6
1208770 1337.2
1208780 1338.5
1208790 1338.5
1208800 1339.2
1208810 1341.5
1208820 1341.5
1208830 1345.7
1208840 1349.1
1208850 1349.1
1208860 1351.9
1208870 1355.9
1208880 1355.9
1208890 1359.1
1208900 1359.6
1208910 1359.6
1208920 1359.8
1208930 1361.7
1208940 1361.7
1208950 1363.8
1208960 1364.6
1208970 1364.6
1208980 1365.1
1208990 1365.5
1209000 1372.3
1209010 1372.4
1209020 1372.3
1209030 1372.2
1209040 1372.2
1209050 1371.6
1209060 1370.8
1209070 1370.8
1209080 1369.6
1209090 1367.8
1209100 1367.8
1209110 1365.8
1209120 1365.0
1209130 1365.0
1209140 1364.9
1209150 1363.2
1209160 1363.2
1209170 1362.3
1209180 1362.3
1209190 1362.3
1209200 1363.2
1209210 1362.3
1209220 1362.3
1209230 1360.6
1209240 1360.0
1209250 1360.0
1209260 1359.3
1209270 1358.2
1209280 1358.2
1209290 1356.9
1209300 1356.5
1209310 1356.5
1209320 1356.3
1209330 1355.9
1209340 1355.4
1209350 1355.4
1209360 1354.8
1209370 1354.1
1209380 1354.1
1209390 1353.5
1209400 1352.2
1209410 1352.2
1209420 1350.5
1209430 1348.2
1209440 1348.2
1209450 1345.2
1209460 1341.5
1209470 1343.7
1209480 1340.0
1209490 1336.2
1209500 1336.2
1209510 1332.5
1209520 1329.1
1209530 1329.1
1209540 1326.7
1209550 1324.8
1209560 1324.8
1209570 1321.9
1209580 1317.8
1209590 1317.8
1209600 1311.6
1209610 1305.0
1209620 1305.0
1209630 1298.4
1209640 1292.6
1209650 1287.7
1209660 1287.7
1209670 1284.0
1209680 1280.1
1209690 1280.1
1209700 1276.1
1209710 1272.7
1209720 1272.7
1209730 1268.8
1209740 1264.1
1209750 1264.1
1209760 1258.8
1209770 1253.2
1209780 1253.2
1209790 1248.7
1209800 1242.0
1209810 1242.0
1209820 1235.1
1209830 1227.8
1209840 1227.8
1209850 1219.9
1209860 1212.4
1209870 1212.4
1209880 1206.1
1209890 1199.2
1209900 1199.2
1209910 1191.5
1209920 1183.6
1209930 1180.6
1209940 1173.5
1209950 1165.8
1209960 1158.6
1209970 1158.6
1209980 1152.5
1209990 1147.9
1210000 1147.9
1210010 1145.1
1210020 1142.2
1210030 1142.2
1210040 1141.9
1210050 1146.4
1210060 1146.4
1210070 1153.3
1210080 1158.8
1210090 1158.8
1210100 1163.7
1210110 1168.8
1210120 1168.8
1210130 1174.4
1210140 1179.8
1210150 1179.8
1210160 1183.5
1210170 1185.7
1210180 1185.7
1210190 1187.8
1210200 1189.6
1210210 1189.6
1210220 1192.0
1210230 1194.8
1210240 1194.8
1210250 1197.8
1210260 1200.5
1210270 1202.6
1210280 1202.6
1210290 1205.2
1210300 1207.1
1210310 1207.1
1210320 1208.0
1210330 1207.8
1210340 1207.8
1210350 1206.5
1210360 1205.9
1210370 1205.9
1210380 1206.6
1210390 1207.1
1210400 1208.6
1210410 1209.0
1210420 1208.5
1210430 1208.5
1210440 1207.1
1210450 1205.6
1210460 1205.6
1210470 1204.2
1210480 1202.3
1210490 1202.3
1210500 1200.1
1210510 1198.0
1210520 1198.0
1210530 1195.6
1210540 1193.4
1210550 1191.4
1210560 1191.4
1210570 1189.7
1210580 1187.4
1210590 1187.4
1210600 1185.6
1210610 1185.2
1210620 1185.2
1210630 1185.5
1210640 1185.2
1210650 1185.2
1210660 1184.1
1210670 1182.9
1210680 1182.9
1210690 1181.1
1210700 1179.4
1210710 1179.4
1210720 1177.9
1210730 1176.5
1210740 1176.5
1210750 1174.7
1210760 1172.9
1210770 1172.9
1210780 1170.9
1210790 1168.9
1210800 1168.9
1210810 1166.3
1210820 1162.0
1210830 1162.0
1210840 1157.5
1210850 1153.9
1210860 1152.1
1210870 1152.1
1210880 1149.2
1210890 1146.6
1210900 1146.6
1210910 1144.8
1210920 1143.0
1210930 1143.0
1210940 1141.1
1210950 1139.2
1210960 1139.2
1210970 1136.8
1210980 1134.1
1210990 1134.1
1211000 1132.1
1211010 1130.7
1211020 1130.7
1211030 1129.7
1211040 1129.4
1211050 1129.4
1211060 1129.2
1211070 1128.7
1211080 1128.7
1211090 1127.9
1211100 1127.1
1211110 1127.1
1211120 1126.1
1211130 1124.9
1211140 1124.9
1211150 1123.8
1211160 1122.4
1211170 1120.4
1211180 1120.4
1211190 1117.7
1211200 1114.9
1211210 1114.9
1211220 1111.7
1211230 1108.0
1211240 1108.0
1211250 1103.5
1211260 1099.6
1211270 1099.6
1211280 1097.5
1211290 1095.3
1211300 1095.3
1211310 1093.2
1211320 1091.4
1211330 1095.0
1211340 1092.9
1211350 1090.8
1211360 1090.8
1211370 1087.9
1211380 1086.3
1211390 1086.3
1211400 1086.6
1211410 1087.9
1211420 1087.9
1211430 1087.5
1211440 1085.2
1211450 1085.2
1211460 1082.5
1211470 1080.0
1211480 1077.7
1211490 1077.7
1211500 1075.2
1211510 1072.0
1211520 1072.0
1211530 1069.2
1211540 1067.9
1211550 1067.9
1211560 1065.8
1211570 1063.5
1211580 1063.5
1211590 1061.7
1211600 1060.4
1211610 1060.4
1211620 1058.7
1211630 1056.8
1211640 1056.8
1211650 1054.8
1211660 1053.2
1211670 1053.2
1211680 1051.2
1211690 1049.0
1211700 1049.0
1211710 1046.5
1211720 1043.9
1211730 1043.9
1211740 1041.2
1211750 1038.1
1211760 1038.1
1211770 1035.1
1211780 1032.1
1211790 1028.4
1211800 1030.1
1211810 1025.7
1211820 1021.3
1211830 1021.3
1211840 1017.6
1211850 1015.8
1211860 1015.8
1211870 1013.9
1211880 1010.3
1211890 1010.3
1211900 1008.3
1211910 1007.7
1211920 1007.7
1211930 1007.1
1211940 1007.0
1211950 1007.0
1211960 1006.6
1211970 1005.9
1211980 1005.9
1211990 1005.1
1212000 1003.7
1212010 1003.7
1212020 1002.2
1212030 1001.1
1212040 1001.1
1212050 999.5
1212060 995.6
1212070 995.6
1212080 993.1
1212090 990.4
1212100 987.7
1212110 987.7
1212120 983.5
1212130 980.0
1212140 980.0
1212150 977.6
1212160 974.3
1212170 974.3
1212180 971.9
1212190 970.4
1212200 970.4
1212210 969.7
1212220 969.3
1212230 969.3
1212240 969.0
1212250 968.5
1212260 968.5
1212270 967.8
1212280 967.5
1212290 967.5
1212300 967.3
1212310 967.1
1212320 967.1
1212330 966.9
1212340 966.7
1212350 966.7
1212360 966.5
1212370 966.3
1212380 966.3
1212390 966.2
1212400 966.1
1212410 965.9
1212420 965.9
1212430 965.9
1212440 965.8
1212450 965.8
1212460 965.8
1212470 965.7
1212480 965.7
1212490 965.6
1212500 965.5
1212510 965.5
1212520 965.2
1212530 965.0
1212540 965.0
1212550 964.5
1212560 964.6
1212570 964.6
1212580 964.8
1212590 964.7
1212600 964.7
1212610 964.7
1212620 964.6
1212630 964.6
1212640 964.5
1212650 964.5
1212660 964.5
1212670 964.4
1212680 964.5
1212690 964.4
1212700 964.4
1212710 964.1
1212720 964.2
1212730 964.1
1212740 964.2
1212750 964.0
1212760 964.0
1212770 964.1
1212780 964.1
1212790 964.1
1212800 963.9
1212810 963.9
1212820 963.9
1212830 963.9
1212840 963.8
1212850 963.8
1212860 963.9
1212870 964.0
1212880 964.0
1212890 964.0
1212900 964.0
1212910 964.0
1212920 964.2
1212930 964.3
1212940 964.3
1212950 964.4
1212960 964.6
1212970 964.6
1212980 964.4
1212990 964.6
1213000 964.5
1213010 964.5
1213020 964.5
1213030 964.5
1213040 964.5
1213050 964.4
1213060 964.3
1213070 964.3
1213080 964.2
1213090 964.2
1213100 964.2
1213110 964.1
1213120 964.0
1213130 964.0
1213140 964.0
1213150 963.7
1213160 963.7
1213170 963.2
1213180 962.4
1213190 962.4
1213200 962.2
1213210 963.4
1213220 963.4
1213230 963.5
1213240 963.5
1213250 963.5
1213260 963.4
1213270 963.4
1213280 963.4
1213290 963.3
1213300 963.2
1213310 963.3
1213320 963.3
1213330 963.3
1213340 963.3
1213350 963.3
1213360 963.4
1213370 963.4
1213380 963.4
1213390 963.3
1213400 963.2
1213410 963.2
1213420 963.3
1213430 963.4
1213440 963.4
1213450 963.4
1213460 963.5
1213470 963.5
1213480 963.5
1213490 963.5
1213500 963.5
1213510 963.6
1213520 963.6
1213530 963.6
1213540 963.7
1213550 963.6
1213560 963.6
1213570 963.6
1213580 963.5
1213590 963.5
1213600 963.4
1213610 963.4
1213620 963.3
1213630 963.3
1213640 963.2
1213650 963.0
1213660 963.0
1213670 962.9
1213680 962.8
1213690 962.8
1213700 962.8
1213710 962.8
1213720 962.8
1213730 962.7
1213740 962.7
1213750 962.7
1213760 962.7
1213770 962.7
1213780 962.7
1213790 962.8
1213800 962.9
1213810 962.9
1213820 961.9
1213830 961.7
1213840 961.7
1213850 962.5
1213860 962.6
1213870 962.6
1213880 962.7
1213890 962.7
1213900 962.7
1213910 962.7
1213920 962.7
1213930 962.7
1213940 962.7
1213950 962.7
1213960 962.7
1213970 962.7
1213980 962.7
1213990 962.7
1214000 962.7
1214010 962.8
1214020 962.8
1214030 962.8
1214040 963.0
1214050 963.1
1214060 963.1
1214070 963.2
1214080 963.2
1214090 963.2
1214100 963.3
1214110 963.4
1214120 963.4
1214130 963.5
1214140 963.6
1214150 963.5
1214160 963.5
1214170 963.5
1214180 963.5
1214190 963.4
1214200 963.4
1214210 963.4
1214220 963.5
1214230 963.6
1214240 963.6
1214250 963.6
1214260 963.5
1214270 963.4
1214280 963.4
1214290 963.8
1214300 963.8
1214310 963.8
1214320 964.0
1214330 964.2
1214340 964.2
1214350 964.4
1214360 964.6
1214370 964.6
1214380 964.8
1214390 965.0
1214400 965.0
1214410 965.2
1214420 965.4
1214430 965.4
1214440 965.6
1214450 965.9
1214460 965.9
1214470 966.3
1214480 966.7
1214490 966.7
1214500 967.2
1214510 967.6
1214520 967.6
1214530 968.2
1214540 968.7
1214550 969.0
1214560 969.0
1214570 969.1
1214580 969.3
1214590 969.3
1214600 969.7
1214610 970.2
1214620 970.4
1214630 970.5
1214640 970.9
1214650 970.9
1214660 971.4
1214670 972.3
1214680 972.3
1214690 972.4
1214700 972.6
1214710 972.6
1214720 972.9
1214730 973.2
1214740 973.2
1214750 973.6
1214760 973.9
1214770 973.9
1214780 974.0
1214790 974.5
1214800 974.5
1214810 974.8
1214820 975.2
1214830 975.4
1214840 975.4
1214850 975.7
1214860 976.0
1214870 976.0
1214880 976.3
1214890 976.6
1214900 976.6
1214910 976.9
1214920 977.3
1214930 977.3
1214940 977.6
1214950 977.8
1214960 977.8
1214970 978.0
1214980 978.4
1214990 978.4
1215000 978.8
1215010 979.2
1215020 979.2
1215030 979.7
1215040 980.5
1215050 980.5
1215060 981.2
1215070 980.8
1215080 980.8
1215090 980.6
1215100 980.8
1215110 980.8
1215120 981.0
1215130 981.3
1215140 981.7
1215150 981.7
1215160 981.7
1215170 982.0
1215180 982.0
1215190 982.3
1215200 982.6
1215210 982.6
1215220 983.0
1215230 983.5
1215240 983.5
1215250 983.9
1215260 984.2
1215270 984.2
1215280 984.4
1215290 984.6
1215300 984.6
1215310 984.8
1215320 985.6
1215330 985.6
1215340 989.0
1215350 993.2
1215360 993.2
1215370 995.5
1215380 996.3
1215390 996.3
1215400 996.8
1215410 997.0
1215420 997.0
1215430 997.4
1215440 997.7
1215450 997.9
1215460 997.9
1215470 998.0
1215480 998.8
1215490 998.8
1215500 998.8
1215510 998.9
1215520 998.9
1215530 999.2
1215540 999.4
1215550 999.4
1215560 999.6
1215570 1000.0
1215580 1000.0
1215590 1000.3
1215600 1000.6
1215610 1000.6
1215620 1000.9
1215630 1001.0
1215640 1001.0
1215650 1000.7
1215660 1001.1
1215670 1001.1
1215680 1001.4
1215690 1001.7
1215700 1001.7
1215710 1002.2
1215720 1002.7
1215730 1002.7
1215740 1003.0
1215750 1003.5
1215760 1003.8
1215770 1003.8
1215780 1004.0
1215790 1004.5
1215800 1004.5
1215810 1004.8
1215820 1004.9
1215830 1004.9
1215840 1005.1
1215850 1005.1
1215860 1005.1
1215870 1005.2
1215880 1005.4
1215890 1005.4
1215900 1005.8
1215910 1006.2
1215920 1006.2
1215930 1006.4
1215940 1006.7
1215950 1006.7
1215960 1006.9
1215970 1007.1
1215980 1007.1
1215990 1007.4
1216000 1007.7
1216010 1007.7
1216020 1007.9
1216030 1008.1
1216040 1008.4
1216050 1008.6
1216060 1008.9
1216070 1009.3
1216080 1009.3
1216090 1009.6
1216100 1009.9
1216110 1009.9
1216120 1010.2
1216130 1010.3
1216140 1010.3
1216150 1010.6
1216160 1011.1
1216170 1011.1
1216180 1011.1
1216190 1011.2
1216200 1011.2
1216210 1011.8
1216220 1012.4
1216230 1012.4
1216240 1012.7
1216250 1013.7
1216260 1013.7
1216270 1015.3
1216280 1016.4
1216290 1016.4
1216300 1017.1
1216310 1017.4
1216320 1017.4
1216330 1019.2
1216340 1022.9
1216350 1022.9
1216360 1025.2
1216370 1026.1
1216380 1027.3
1216390 1027.3
1216400 1028.6
1216410 1030.1
1216420 1030.1
1216430 1030.7
1216440 1032.2
1216450 1032.2
1216460 1032.5
1216470 1033.3
1216480 1033.3
1216490 1033.9
1216500 1034.3
1216510 1034.3
1216520 1033.8
1216530 1034.8
1216540 1034.8
1216550 1035.8
1216560 1037.3
1216570 1037.3
1216580 1039.4
1216590 1041.5
1216600 1041.5
1216610 1044.1
1216620 1045.1
1216630 1045.1
1216640 1045.8
1216650 1046.6
1216660 1046.6
1216670 1047.2
1216680 1047.3
1216690 1047.3
1216700 1047.3
1216710 1047.8
1216720 1048.9
1216730 1048.9
1216740 1050.0
1216750 1051.2
1216760 1051.2
1216770 1052.6
1216780 1053.9
1216790 1053.9
1216800 1055.5
1216810 1057.1
1216820 1057.1
1216830 1058.7
1216840 1060.3
1216850 1060.3
1216860 1061.7
1216870 1063.1
1216880 1063.1
1216890 1064.6
1216900 1066.1
1216910 1066.1
1216920 1067.6
1216930 1069.1
1216940 1069.1
1216950 1070.6
1216960 1072.1
1216970 1073.6
1216980 1073.6
1216990 1076.9
1217000 1080.6
1217010 1080.6
1217020 1083.7
1217030 1085.7
1217040 1085.7
1217050 1085.1
1217060 1085.0
1217070 1085.0
1217080 1086.1
1217090 1088.2
1217100 1088.2
1217110 1090.3
1217120 1092.7
1217130 1092.7
1217140 1095.3
1217150 1098.1
1217160 1098.1
1217170 1101.1
1217180 1104.1
1217190 1104.1
1217200 1107.5
1217210 1111.4
1217220 1111.4
1217230 1115.4
1217240 1119.2
1217250 1119.2
1217260 1123.1
1217270 1127.5
1217280 1131.9
1217290 1131.9
1217300 1136.4
1217310 1141.0
1217320 1141.0
1217330 1145.4
1217340 1149.7
1217350 1149.7
1217360 1154.1
1217370 1159.0
1217380 1159.0
1217390 1164.0
1217400 1168.8
1217410 1168.8
1217420 1173.5
1217430 1178.0
1217440 1178.0
1217450 1182.4
1217460 1187.4
1217470 1185.8
1217480 1191.5
1217490 1197.1
1217500 1197.1
1217510 1202.9
1217520 1208.8
1217530 1208.8
1217540 1214.6
1217550 1220.4
1217560 1220.4
1217570 1226.5
1217580 1232.7
1217590 1239.1
1217600 1239.1
1217610 1245.7
1217620 1252.3
1217630 1252.3
1217640 1259.0
1217650 1265.7
1217660 1265.7
1217670 1273.2
1217680 1281.0
1217690 1281.0
1217700 1289.2
1217710 1298.2
1217720 1298.2
1217730 1307.3
1217740 1316.0
1217750 1316.0
1217760 1324.2
1217770 1330.5
1217780 1330.5
1217790 1335.9
1217800 1340.4
1217810 1340.4
1217820 1344.5
1217830 1348.6
1217840 1348.6
1217850 1353.2
1217860 1358.9
1217870 1358.9
1217880 1364.0
1217890 1368.9
1217900 1373.9
1217910 1373.9
1217920 1379.5
1217930 1384.8
1217940 1384.8
1217950 1389.3
1217960 1394.4
1217970 1394.4
1217980 1400.3
1217990 1406.1
1218000 1406.1
1218010 1411.3
1218020 1416.1
1218030 1416.1
1218040 1421.0
1218050 1425.6
1218060 1425.6
1218070 1429.6
1218080 1434.2
1218090 1434.2
1218100 1437.1
1218110 1436.8
1218120 1436.8
1218130 1434.3
1218140 1431.6
1218150 1431.6
1218160 1428.7
1218170 1426.2
1218180 1426.2
1218190 1424.0
1218200 1422.5
1218210 1421.9
1218220 1421.9
1218230 1420.1
1218240 1419.3
1218250 1419.3
1218260 1417.9
1218270 1419.2
1218280 1419.2
1218290 1421.1
1218300 1423.9
1218310 1423.9
1218320 1427.9
1218330 1430.3
1218340 1430.3
1218350 1433.3
1218360 1436.8
1218370 1436.8
1218380 1439.7
1218390 1441.1
1218400 1441.1
1218410 1440.1
1218420 1439.5
1218430 1432.7
1218440 1433.9
1218450 1435.7
1218460 1435.7
1218470 1438.2
1218480 1442.5
1218490 1442.5
1218500 1447.0
1218510 1450.9
1218520 1457.1
1218530 1457.1
1218540 1464.9
1218550 1471.9
1218560 1471.9
1218570 1476.0
1218580 1478.0
1218590 1478.0
1218600 1479.5
1218610 1482.8
1218620 1482.8
1218630 1486.8
1218640 1490.3
1218650 1490.3
1218660 1494.1
1218670 1498.6
1218680 1498.6
1218690 1504.0
1218700 1509.2
1218710 1509.2
1218720 1514.4
1218730 1520.8
1218740 1520.8
1218750 1528.5
1218760 1535.3
1218770 1535.3
1218780 1540.2
1218790 1541.9
1218800 1541.5
1218810 1541.5
1218820 1540.9
1218830 1543.9
1218840 1543.9
1218850 1548.7
1218860 1552.6
1218870 1552.6
1218880 1557.0
1218890 1562.0
1218900 1562.0
1218910 1563.5
1218920 1567.7
1218930 1567.7
1218940 1569.9
1218950 1571.0
1218960 1571.0
1218970 1571.8
1218980 1571.6
1218990 1571.6
1219000 1570.0
1219010 1569.6
1219020 1569.6
1219030 1571.4
1219040 1572.7
1219050 1572.7
1219060 1574.2
1219070 1575.8
1219080 1575.8
1219090 1578.5
1219100 1581.4
1219110 1584.6
1219120 1584.6
1219130 1586.0
1219140 1585.0
1219150 1585.0
1219160 1584.1
1219170 1584.2
1219180 1584.2
1219190 1585.1
1219200 1586.6
1219210 1586.6
1219220 1585.4
1219230 1584.0
1219240 1584.0
1219250 1584.5
1219260 1585.5
1219270 1585.5
1219280 1586.1
1219290 1585.8
1219300 1585.8
1219310 1584.8
1219320 1582.7
1219330 1582.7
1219340 1579.6
1219350 1578.3
1219360 1578.3
1219370 1580.0
1219380 1586.0
1219390 1587.8
1219400 1595.7
1219410 1603.3
1219420 1611.5
1219430 1611.5
1219440 1620.5
1219450 1629.3
1219460 1629.3
1219470 1637.3
1219480 1644.7
1219490 1644.7
1219500 1651.7
1219510 1658.4
1219520 1658.4
1219530 1664.8
1219540 1671.1
1219550 1671.1
1219560 1677.5
1219570 1683.9
1219580 1683.9
1219590 1690.1
1219600 1695.6
1219610 1695.6
1219620 1700.8
1219630 1705.0
1219640 1705.0
1219650 1704.8
1219660 1700.2
1219670 1700.2
1219680 1695.8
1219690 1691.7
1219700 1691.7
1219710 1689.0
1219720 1689.2
1219730 1690.9
1219740 1690.9
1219750 1694.0
1219760 1694.5
1219770 1694.5
1219780 1691.2
1219790 1686.2
1219800 1686.2
1219810 1684.9
1219820 1683.6
1219830 1683.6
1219840 1679.3
1219850 1680.1
1219860 1680.1
1219870 1681.3
1219880 1683.6
1219890 1683.6
1219900 1680.9
1219910 1681.5
1219920 1681.5
1219930 1677.7
1219940 1678.6
1219950 1678.6
1219960 1678.9
1219970 1679.7
1219980 1679.7
1219990 1680.5
