1200000 1432.1
1200010 1432.1
1200020 1436.1
1200030 1440.0
1200040 1440.0
1200050 1444.5
1200060 1448.4
1200070 1448.4
1200080 1452.8
1200090 1455.3
1200100 1455.3
1200110 1453.7
1200120 1449.9
1200130 1449.9
1200140 1444.7
1200150 1439.0
1200160 1439.0
1200170 1432.8
1200180 1426.5
1200190 1426.5
1200200 1420.8
1200210 1415.8
1200220 1415.8
1200230 1411.3
1200240 1406.6
1200250 1406.6
1200260 1401.3
1200270 1395.8
1200280 1390.1
1200290 1390.1
1200300 1383.5
1200310 1377.8
1200320 1377.8
1200330 1373.3
1200340 1369.1
1200350 1374.1
1200360 1369.3
1200370 1364.8
1200380 1364.8
1200390 1360.9
1200400 1356.8
1200410 1356.8
1200420 1352.7
1200430 1348.5
1200440 1348.5
1200450 1344.0
1200460 1339.6
1200470 1339.6
1200480 1335.0
1200490 1329.3
1200500 1329.3
1200510 1325.0
1200520 1322.3
1200530 1322.3
1200540 1318.9
1200550 1315.0
1200560 1315.0
1200570 1311.2
1200580 1307.4
1200590 1304.8
1200600 1304.8
1200610 1302.1
1200620 1297.5
1200630 1297.5
1200640 1291.6
1200650 1287.1
1200660 1287.1
1200670 1282.2
1200680 1276.9
1200690 1276.9
1200700 1270.4
1200710 1263.9
1200720 1263.9
1200730 1257.0
1200740 1248.9
1200750 1248.9
1200760 1239.0
1200770 1229.9
1200780 1229.9
1200790 1228.7
1200800 1232.3
1200810 1232.3
1200820 1235.6
1200830 1237.5
1200840 1237.5
1200850 1239.3
1200860 1240.6
1200870 1241.9
1200880 1241.9
1200890 1244.4
1200900 1247.0
1200910 1247.0
1200920 1248.1
1200930 1249.0
1200940 1249.0
1200950 1250.4
1200960 1251.7
1200970 1251.7
1200980 1254.0
1200990 1257.8
1201000 1257.8
1201010 1262.3
1201020 1264.2
1201030 1264.2
1201040 1268.8
1201050 1272.6
1201060 1272.6
1201070 1275.2
1201080 1277.5
1201090 1277.5
1201100 1278.3
1201110 1278.1
1201120 1278.1
1201130 1278.5
1201140 1280.4
1201150 1280.4
1201160 1283.6
1201170 1286.3
1201180 1288.9
1201190 1288.9
1201200 1292.1
1201210 1295.4
1201220 1295.4
1201230 1298.0
1201240 1300.8
1201250 1304.1
1201260 1306.7
1201270 1310.0
1201280 1310.0
1201290 1313.6
1201300 1316.9
1201310 1316.9
1201320 1319.9
1201330 1323.9
1201340 1323.9
1201350 1328.4
1201360 1332.7
1201370 1332.7
1201380 1336.3
1201390 1340.5
1201400 1340.5
1201410 1345.0
1201420 1349.7
1201430 1349.7
1201440 1354.7
1201450 1359.9
1201460 1359.9
1201470 1364.7
1201480 1369.6
1201490 1375.0
1201500 1375.0
1201510 1380.3
1201520 1385.3
1201530 1385.3
1201540 1389.5
1201550 1393.9
1201560 1393.9
1201570 1398.7
1201580 1403.5
1201590 1403.5
1201600 1407.4
1201610 1411.4
1201620 1411.4
1201630 1415.7
1201640 1420.0
1201650 1420.0
1201660 1423.6
1201670 1426.0
1201680 1426.0
1201690 1428.5
1201700 1437.1
1201710 1437.1
1201720 1441.0
1201730 1445.6
1201740 1445.6
1201750 1449.7
1201760 1452.5
1201770 1452.5
1201780 1454.4
1201790 1455.5
1201800 1454.3
1201810 1454.3
1201820 1452.2
1201830 1454.0
1201840 1454.0
1201850 1458.5
1201860 1461.4
1201870 1461.4
1201880 1460.6
1201890 1455.9
1201900 1455.9
1201910 1450.3
1201920 1448.8
1201930 1448.8
1201940 1445.1
1201950 1440.3
1201960 1440.3
1201970 1437.6
1201980 1433.6
1201990 1433.6
1202000 1428.4
1202010 1423.5
1202020 1423.5
1202030 1420.4
1202040 1418.0
1202050 1418.0
1202060 1416.6
1202070 1416.0
1202080 1416.0
1202090 1415.4
1202100 1415.3
1202110 1416.5
1202120 1416.5
1202130 1414.8
1202140 1412.6
1202150 1421.1
1202160 1420.3
1202170 1420.7
1202180 1420.7
1202190 1420.7
1202200 1422.0
1202210 1422.0
1202220 1423.3
1202230 1426.7
1202240 1426.7
1202250 1431.2
1202260 1436.0
1202270 1436.0
1202280 1441.7
1202290 1448.1
1202300 1448.1
1202310 1452.9
1202320 1458.3
1202330 1458.3
1202340 1464.8
1202350 1472.9
1202360 1472.9
1202370 1481.7
1202380 1490.8
1202390 1490.8
1202400 1498.3
1202410 1504.1
1202420 1509.8
1202430 1509.8
1202440 1514.9
1202450 1519.5
1202460 1519.5
1202470 1525.0
1202480 1531.8
1202490 1531.8
1202500 1538.6
1202510 1545.0
1202520 1545.0
1202530 1551.6
1202540 1558.1
1202550 1558.1
1202560 1565.0
1202570 1572.1
1202580 1572.1
1202590 1579.7
1202600 1592.3
1202610 1592.3
1202620 1600.8
1202630 1609.1
1202640 1609.1
1202650 1617.0
1202660 1624.9
1202670 1624.9
1202680 1632.6
1202690 1639.9
1202700 1639.9
1202710 1647.0
1202720 1654.3
1202730 1661.5
1202740 1661.5
1202750 1668.6
1202760 1675.7
1202770 1675.7
1202780 1682.8
1202790 1690.0
1202800 1690.0
1202810 1697.1
1202820 1704.1
1202830 1704.1
1202840 1711.2
1202850 1718.8
1202860 1718.8
1202870 1726.4
1202880 1733.9
1202890 1733.9
1202900 1741.9
1202910 1750.1
1202920 1750.1
1202930 1757.7
1202940 1764.4
1202950 1764.4
1202960 1770.3
1202970 1775.7
1202980 1775.7
1202990 1781.0
1203000 1787.1
1203010 1787.1
1203020 1793.3
1203030 1799.4
1203040 1805.5
1203050 1805.5
1203060 1808.8
1203070 1816.1
1203080 1816.1
1203090 1823.2
1203100 1830.0
1203110 1830.0
1203120 1836.7
1203130 1843.1
1203140 1843.1
1203150 1849.7
1203160 1855.9
1203170 1855.9
1203180 1862.2
1203190 1868.4
1203200 1868.4
1203210 1873.6
1203220 1877.3
1203230 1877.3
1203240 1879.4
1203250 1882.5
1203260 1882.5
1203270 1886.4
1203280 1891.6
1203290 1891.6
1203300 1897.6
1203310 1903.9
1203320 1903.9
1203330 1910.2
1203340 1916.3
1203350 1922.1
1203360 1922.1
1203370 1927.5
1203380 1931.5
1203390 1931.5
1203400 1934.8
1203410 1938.8
1203420 1938.8
1203430 1944.0
1203440 1948.5
1203450 1948.5
1203460 1952.0
1203470 1954.6
1203480 1954.6
1203490 1956.0
1203500 1956.5
1203510 1955.8
1203520 1958.4
1203530 1960.5
1203540 1960.5
1203550 1961.7
1203560 1962.6
1203570 1962.6
1203580 1963.2
1203590 1964.7
1203600 1964.7
1203610 1965.8
1203620 1967.6
1203630 1971.6
1203640 1971.6
1203650 1976.9
1203660 1981.3
1203670 1981.3
1203680 1986.5
1203690 1992.0
1203700 1992.0
1203710 1997.2
1203720 2001.4
1203730 2001.4
1203740 2005.4
1203750 2009.5
1203760 2009.5
1203770 2015.6
1203780 2018.9
1203790 2018.9
1203800 2023.2
1203810 2025.7
1203820 2025.7
1203830 2023.6
1203840 2024.7
1203850 2024.7
1203860 2031.3
1203870 2040.2
1203880 2040.2
1203890 2047.0
1203900 2049.5
1203910 2049.5
1203920 2053.0
1203930 2057.6
1203940 2063.7
1203950 2063.7
1203960 2069.6
1203970 2079.9
1203980 2079.9
1203990 2079.0
1204000 2077.0
1204010 2077.0
1204020 2078.9
1204030 2084.7
1204040 2084.7
1204050 2093.6
1204060 2103.6
1204070 2103.6
1204080 2112.6
1204090 2118.2
1204100 2118.2
1204110 2123.0
1204120 2128.5
1204130 2128.5
1204140 2134.7
1204150 2141.6
1204160 2141.6
1204170 2148.4
1204180 2153.0
1204190 2153.0
1204200 2157.0
1204210 2161.3
1204220 2161.3
1204230 2165.4
1204240 2169.7
1204250 2174.8
1204260 2174.8
1204270 2181.0
1204280 2187.1
1204290 2187.1
1204300 2192.6
1204310 2197.4
1204320 2197.4
1204330 2202.2
1204340 2206.5
1204350 2206.5
1204360 2207.1
1204370 2204.9
1204380 2204.9
1204390 2202.8
1204400 2198.7
1204410 2198.7
1204420 2181.7
1204430 2173.7
1204440 2173.7
1204450 2165.4
1204460 2153.7
1204470 2153.7
1204480 2140.4
1204490 2127.7
1204500 2127.7
1204510 2117.3
1204520 2108.4
1204530 2108.4
1204540 2101.4
1204550 2095.2
1204560 2089.4
1204570 2089.4
1204580 2083.4
1204590 2076.7
1204600 2076.7
1204610 2070.1
1204620 2063.3
1204630 2063.3
1204640 2056.8
1204650 2050.7
1204660 2050.7
1204670 2045.2
1204680 2039.6
1204690 2039.6
1204700 2034.5
1204710 2029.4
1204720 2029.4
1204730 2023.7
1204740 2018.1
1204750 2018.1
1204760 2012.3
1204770 2006.6
1204780 2006.6
1204790 2000.6
1204800 1994.8
1204810 1994.8
1204820 1988.8
1204830 1982.6
1204840 1982.6
1204850 1976.8
1204860 1971.5
1204870 1965.9
1204880 1964.3
1204890 1958.9
1204900 1953.4
1204910 1953.4
1204920 1947.8
1204930 1942.3
1204940 1942.3
1204950 1936.9
1204960 1931.2
1204970 1931.2
1204980 1925.3
1204990 1919.6
1205000 1919.6
1205010 1914.3
1205020 1908.7
1205030 1908.7
1205040 1902.4
1205050 1896.6
1205060 1896.6
1205070 1891.2
1205080 1886.1
1205090 1886.1
1205100 1881.1
1205110 1876.1
1205120 1876.1
1205130 1871.2
1205140 1866.6
1205150 1866.6
1205160 1862.1
1205170 1858.0
1205180 1854.2
1205190 1854.2
1205200 1850.7
1205210 1847.0
1205220 1847.0
1205230 1843.5
1205240 1840.4
1205250 1840.4
1205260 1838.1
1205270 1836.5
1205280 1836.5
1205290 1835.1
1205300 1834.1
1205310 1834.1
1205320 1833.7
1205330 1838.0
1205340 1838.0
1205350 1838.6
1205360 1839.4
1205370 1839.4
1205380 1840.6
1205390 1842.2
1205400 1842.2
1205410 1843.7
1205420 1845.4
1205430 1845.4
1205440 1847.3
1205450 1849.4
1205460 1849.4
1205470 1851.4
1205480 1853.3
1205490 1855.6
1205500 1855.6
1205510 1858.9
1205520 1862.2
1205530 1862.2
1205540 1865.9
1205550 1870.3
1205560 1870.3
1205570 1875.3
1205580 1880.7
1205590 1880.7
1205600 1885.9
1205610 1891.0
1205620 1891.0
1205630 1899.9
1205640 1910.2
1205650 1910.2
1205660 1918.5
1205670 1925.1
1205680 1925.1
1205690 1931.0
1205700 1936.9
1205710 1936.9
1205720 1943.9
1205730 1951.2
1205740 1951.2
1205750 1955.6
1205760 1959.6
1205770 1959.6
1205780 1965.1
1205790 1977.6
1205800 1982.2
1205810 1982.2
1205820 1987.5
1205830 1992.3
1205840 1992.3
1205850 1995.1
1205860 1995.6
1205870 1995.6
1205880 1993.5
1205890 1991.1
1205900 1991.1
1205910 1988.3
1205920 1985.1
1205930 1985.1
1205940 1981.6
1205950 1978.3
1205960 1978.3
1205970 1975.2
1205980 1972.4
1205990 1972.4
1206000 1969.7
1206010 1965.3
1206020 1965.3
1206030 1957.6
1206040 1949.8
1206050 1949.8
1206060 1943.1
1206070 1936.6
1206080 1936.6
1206090 1929.8
1206100 1922.2
1206110 1916.0
1206120 1916.0
1206130 1911.3
1206140 1905.4
1206150 1905.4
1206160 1899.1
1206170 1892.8
1206180 1892.8
1206190 1885.9
1206200 1877.3
1206210 1877.3
1206220 1867.6
1206230 1856.6
1206240 1856.6
1206250 1853.7
1206260 1842.9
1206270 1842.9
1206280 1830.4
1206290 1819.5
1206300 1819.5
1206310 1809.8
1206320 1801.9
1206330 1801.9
1206340 1795.7
1206350 1789.8
1206360 1789.8
1206370 1784.1
1206380 1780.5
1206390 1780.0
1206400 1780.0
1206410 1775.9
1206420 1770.7
1206430 1770.7
1206440 1767.0
1206450 1761.8
1206460 1761.8
1206470 1756.8
1206480 1755.2
1206490 1755.2
1206500 1752.9
1206510 1747.3
1206520 1747.3
1206530 1736.9
1206540 1730.9
1206550 1730.9
1206560 1723.0
1206570 1714.6
1206580 1714.6
1206590 1708.3
1206600 1702.4
1206610 1702.4
1206620 1695.5
1206630 1686.5
1206640 1686.5
1206650 1675.0
1206660 1662.1
1206670 1662.1
1206680 1649.7
1206690 1642.7
1206700 1639.3
1206710 1629.9
1206720 1623.7
1206730 1616.2
1206740 1616.2
1206750 1607.5
1206760 1598.5
1206770 1598.5
1206780 1589.8
1206790 1580.8
1206800 1580.8
1206810 1571.9
1206820 1564.1
1206830 1564.1
1206840 1556.4
1206850 1548.7
1206860 1548.7
1206870 1541.7
1206880 1534.4
1206890 1534.4
1206900 1527.3
1206910 1520.3
1206920 1520.3
1206930 1513.3
1206940 1506.3
1206950 1506.3
1206960 1499.4
1206970 1492.6
1206980 1492.6
1206990 1485.8
1207000 1479.0
1207010 1472.2
1207020 1472.2
1207030 1465.4
1207040 1458.7
1207050 1458.7
1207060 1452.1
1207070 1445.6
1207080 1445.6
1207090 1439.1
1207100 1432.9
1207110 1432.9
1207120 1426.9
1207130 1420.9
1207140 1420.9
1207150 1415.0
1207160 1409.2
1207170 1408.7
1207180 1402.8
1207190 1397.0
1207200 1397.0
1207210 1391.9
1207220 1387.3
1207230 1387.3
1207240 1383.1
1207250 1379.1
1207260 1379.1
1207270 1375.1
1207280 1371.1
1207290 1371.1
1207300 1367.2
1207310 1363.0
1207320 1359.2
1207330 1359.2
1207340 1355.6
1207350 1351.7
1207360 1351.7
1207370 1347.6
1207380 1343.4
1207390 1343.4
1207400 1339.6
1207410 1335.5
1207420 1335.5
1207430 1335.2
1207440 1341.5
1207450 1341.5
1207460 1347.3
1207470 1351.2
1207480 1351.2
1207490 1355.4
1207500 1359.9
1207510 1359.9
1207520 1363.9
1207530 1368.1
1207540 1368.1
1207550 1373.1
1207560 1378.2
1207570 1378.2
1207580 1383.3
1207590 1387.5
1207600 1387.5
1207610 1393.4
1207620 1398.3
1207630 1407.7
1207640 1407.7
1207650 1413.6
1207660 1419.1
1207670 1419.1
1207680 1424.6
1207690 1430.1
1207700 1430.1
1207710 1435.4
1207720 1440.9
1207730 1440.9
1207740 1446.4
1207750 1452.3
1207760 1452.3
1207770 1458.7
1207780 1464.9
1207790 1464.9
1207800 1471.4
1207810 1477.8
1207820 1477.8
1207830 1484.3
1207840 1490.7
1207850 1490.7
1207860 1497.0
1207870 1503.7
1207880 1503.7
1207890 1510.7
1207900 1517.7
1207910 1517.7
1207920 1524.4
1207930 1531.4
1207940 1538.4
1207950 1538.4
1207960 1545.3
1207970 1551.2
1207980 1551.2
1207990 1555.7
1208000 1559.0
1208010 1559.0
1208020 1561.1
1208030 1561.9
1208040 1561.9
1208050 1561.5
1208060 1560.5
1208070 1560.5
1208080 1559.2
1208090 1559.9
1208100 1559.9
1208110 1557.5
1208120 1554.9
1208130 1554.9
1208140 1552.4
1208150 1550.4
1208160 1550.4
1208170 1548.3
1208180 1545.5
1208190 1545.5
1208200 1541.7
1208210 1538.0
1208220 1538.0
1208230 1534.7
1208240 1531.2
1208250 1527.2
1208260 1527.2
1208270 1523.5
1208280 1519.4
1208290 1519.4
1208300 1515.6
1208310 1512.1
1208320 1512.1
1208330 1508.8
1208340 1505.4
1208350 1505.4
1208360 1501.5
1208370 1496.9
1208380 1496.9
1208390 1492.4
1208400 1487.7
1208410 1487.7
1208420 1483.1
1208430 1477.9
1208440 1477.9
1208450 1472.1
1208460 1466.2
1208470 1466.2
1208480 1460.6
1208490 1455.0
1208500 1455.0
1208510 1448.1
1208520 1442.5
1208530 1442.5
1208540 1437.8
1208550 1432.5
1208560 1428.4
1208570 1428.4
1208580 1424.0
1208590 1418.1
1208600 1418.1
1208610 1411.3
1208620 1404.7
1208630 1404.7
1208640 1398.8
1208650 1393.3
1208660 1393.3
1208670 1388.0
1208680 1382.6
1208690 1382.6
1208700 1376.7
1208710 1369.5
1208720 1369.5
1208730 1362.2
1208740 1356.1
1208750 1356.1
1208760 1350.4
1208770 1343.1
1208780 1343.1
1208790 1335.7
1208800 1327.6
1208810 1327.6
1208820 1318.5
1208830 1309.3
1208840 1309.3
1208850 1301.0
1208860 1293.1
1208870 1286.0
1208880 1286.0
1208890 1279.3
1208900 1275.0
1208910 1275.0
1208920 1269.9
1208930 1261.9
1208940 1261.9
1208950 1253.9
1208960 1245.6
1208970 1245.6
1208980 1238.0
1208990 1229.9
1209000 1229.9
1209010 1221.3
1209020 1222.7
1209030 1222.7
1209040 1223.9
1209050 1220.1
1209060 1220.1
1209070 1213.4
1209080 1207.8
1209090 1207.8
1209100 1205.6
1209110 1208.8
1209120 1208.8
1209130 1212.8
1209140 1216.4
1209150 1219.3
1209160 1219.3
1209170 1222.0
1209180 1225.2
1209190 1225.2
1209200 1229.0
1209210 1232.2
1209220 1232.2
1209230 1235.4
1209240 1238.4
1209250 1238.4
1209260 1241.7
1209270 1245.0
1209280 1245.0
1209290 1248.7
1209300 1252.0
1209310 1252.0
1209320 1253.5
1209330 1255.5
1209340 1255.5
1209350 1257.8
1209360 1259.2
1209370 1259.2
1209380 1260.2
1209390 1260.4
1209400 1260.4
1209410 1259.3
1209420 1256.3
1209430 1256.3
1209440 1253.8
1209450 1250.9
1209460 1247.8
1209470 1247.8
1209480 1251.7
1209490 1250.0
1209500 1250.0
1209510 1247.9
1209520 1245.5
1209530 1245.5
1209540 1242.7
1209550 1239.7
1209560 1239.7
1209570 1235.3
1209580 1230.5
1209590 1230.5
1209600 1225.9
1209610 1221.5
1209620 1221.5
1209630 1219.3
1209640 1217.1
1209650 1217.1
1209660 1214.7
1209670 1214.6
1209680 1214.6
1209690 1216.5
1209700 1216.3
1209710 1216.3
1209720 1214.0
1209730 1211.5
1209740 1211.5
1209750 1208.2
1209760 1206.2
1209770 1203.4
1209780 1203.4
1209790 1198.9
1209800 1195.4
1209810 1195.4
1209820 1196.4
1209830 1197.4
1209840 1197.4
1209850 1196.2
1209860 1195.0
1209870 1195.0
1209880 1194.1
1209890 1192.5
1209900 1192.5
1209910 1190.6
1209920 1189.2
1209930 1189.2
1209940 1190.2
1209950 1187.1
1209960 1187.1
1209970 1185.0
1209980 1181.7
1209990 1181.7
1210000 1177.4
1210010 1175.6
1210020 1175.6
1210030 1173.3
1210040 1167.5
1210050 1167.5
1210060 1161.5
1210070 1156.4
1210080 1151.6
1210090 1151.6
1210100 1146.5
1210110 1140.8
1210120 1140.8
1210130 1134.4
1210140 1127.5
1210150 1127.5
1210160 1120.1
1210170 1113.5
1210180 1113.5
1210190 1106.9
1210200 1101.9
1210210 1101.9
1210220 1098.5
1210230 1094.0
1210240 1094.0
1210250 1089.5
1210260 1085.9
1210270 1085.9
1210280 1082.5
1210290 1078.1
1210300 1078.1
1210310 1073.5
1210320 1072.6
1210330 1072.6
1210340 1071.6
1210350 1070.3
1210360 1070.3
1210370 1069.2
1210380 1069.6
1210390 1072.2
1210400 1072.2
1210410 1081.4
1210420 1084.5
1210430 1084.5
1210440 1087.6
1210450 1090.7
1210460 1090.7
1210470 1093.3
1210480 1093.4
1210490 1093.4
1210500 1092.0
1210510 1090.6
1210520 1090.6
1210530 1089.6
1210540 1087.0
1210550 1087.0
1210560 1082.9
1210570 1079.8
1210580 1079.8
1210590 1077.6
1210600 1075.9
1210610 1075.9
1210620 1077.5
1210630 1082.4
1210640 1082.4
1210650 1087.1
1210660 1086.1
1210670 1086.1
1210680 1083.8
1210690 1083.4
1210700 1079.4
1210710 1079.4
1210720 1074.6
1210730 1071.8
1210740 1071.8
1210750 1068.4
1210760 1067.8
1210770 1067.8
1210780 1070.2
1210790 1072.9
1210800 1072.9
1210810 1075.5
1210820 1078.8
1210830 1078.8
1210840 1076.2
1210850 1070.4
1210860 1070.4
1210870 1068.2
1210880 1066.3
1210890 1066.3
1210900 1065.9
1210910 1063.7
1210920 1063.7
1210930 1062.9
1210940 1064.0
1210950 1064.0
1210960 1067.5
1210970 1071.1
1210980 1071.1
1210990 1069.0
1211000 1066.1
1211010 1064.9
1211020 1064.9
1211030 1066.4
1211040 1069.1
1211050 1069.1
1211060 1068.9
1211070 1067.7
1211080 1067.7
1211090 1065.3
1211100 1061.5
1211110 1061.5
1211120 1057.0
1211130 1052.9
1211140 1052.9
1211150 1049.7
1211160 1045.4
1211170 1045.4
1211180 1041.1
1211190 1037.5
1211200 1037.5
1211210 1035.0
1211220 1032.4
1211230 1032.4
1211240 1029.4
1211250 1028.0
1211260 1028.0
1211270 1027.3
1211280 1026.5
1211290 1026.5
1211300 1024.8
1211310 1022.9
1211320 1020.9
1211330 1020.9
1211340 1022.2
1211350 1022.8
1211360 1022.8
1211370 1023.1
1211380 1023.3
1211390 1023.3
1211400 1023.9
1211410 1024.3
1211420 1024.3
1211430 1024.4
1211440 1024.1
1211450 1024.1
1211460 1023.8
1211470 1023.1
1211480 1023.1
1211490 1021.3
1211500 1020.1
1211510 1020.1
1211520 1019.1
1211530 1018.0
1211540 1018.0
1211550 1017.1
1211560 1016.5
1211570 1016.5
1211580 1016.0
1211590 1015.4
1211600 1015.4
1211610 1014.3
1211620 1012.9
1211630 1010.4
1211640 1010.4
1211650 1007.9
1211660 1006.4
1211670 1006.4
1211680 1004.8
1211690 1003.8
1211700 1003.8
1211710 1003.4
1211720 1003.5
1211730 1003.5
1211740 1003.2
1211750 1003.0
1211760 1003.0
1211770 1003.0
1211780 1003.1
1211790 1003.1
1211800 1003.1
1211810 1002.8
1211820 1002.8
1211830 1002.4
1211840 1001.7
1211850 1001.7
1211860 1000.9
1211870 1000.2
1211880 1000.2
1211890 999.6
1211900 998.6
1211910 997.5
1211920 997.5
1211930 997.0
1211940 996.4
1211950 996.4
1211960 995.4
1211970 993.9
1211980 993.9
1211990 993.3
1212000 992.6
1212010 992.6
1212020 991.6
1212030 990.8
1212040 990.8
1212050 990.1
1212060 989.8
1212070 989.8
1212080 989.6
1212090 988.2
1212100 988.2
1212110 985.5
1212120 979.5
1212130 979.5
1212140 973.6
1212150 970.7
1212160 970.7
1212170 970.1
1212180 969.7
1212190 969.7
1212200 969.8
1212210 970.3
1212220 969.0
1212230 969.0
1212240 968.2
1212250 968.2
1212260 968.2
1212270 969.7
1212280 970.6
1212290 970.6
1212300 971.3
1212310 970.9
1212320 970.9
1212330 970.0
1212340 969.1
1212350 969.1
1212360 968.0
1212370 966.5
1212380 966.5
1212390 966.0
1212400 967.0
1212410 967.0
1212420 968.5
1212430 968.9
1212440 968.9
1212450 968.6
1212460 967.7
1212470 967.7
1212480 966.3
1212490 965.5
1212500 965.5
1212510 965.2
1212520 965.1
1212530 964.9
1212540 964.9
1212550 964.8
1212560 964.6
1212570 964.6
1212580 964.5
1212590 964.6
1212600 964.6
1212610 964.9
1212620 965.0
1212630 965.0
1212640 965.1
1212650 965.2
1212660 965.2
1212670 965.2
1212680 965.2
1212690 965.2
1212700 965.1
1212710 965.0
1212720 965.0
1212730 964.9
1212740 964.7
1212750 964.7
1212760 965.2
1212770 965.4
1212780 965.4
1212790 965.4
1212800 965.4
1212810 965.4
1212820 965.4
1212830 965.5
1212840 965.5
1212850 965.5
1212860 965.4
1212870 965.4
1212880 965.4
1212890 965.4
1212900 965.3
1212910 965.3
1212920 965.3
1212930 965.2
1212940 965.2
1212950 965.1
1212960 965.0
1212970 965.0
1212980 964.8
1212990 964.7
1213000 964.7
1213010 964.7
1213020 964.6
1213030 964.6
1213040 964.5
1213050 964.4
1213060 964.4
1213070 964.3
1213080 964.3
1213090 964.3
1213100 964.2
1213110 964.1
1213120 964.1
1213130 964.0
1213140 963.9
1213150 963.8
1213160 963.8
1213170 963.7
1213180 963.6
1213190 963.6
1213200 963.5
1213210 963.6
1213220 963.6
1213230 963.8
1213240 963.9
1213250 963.9
1213260 964.0
1213270 964.0
1213280 964.0
1213290 964.1
1213300 964.0
1213310 964.0
1213320 964.2
1213330 964.2
1213340 964.2
1213350 964.1
1213360 964.0
1213370 964.0
1213380 964.0
1213390 963.9
1213400 963.9
1213410 963.8
1213420 963.7
1213430 963.7
1213440 963.6
1213450 963.5
1213460 963.4
1213470 963.4
1213480 963.3
1213490 963.3
1213500 963.3
1213510 963.2
1213520 963.1
1213530 963.1
1213540 963.1
1213550 963.0
1213560 963.0
1213570 962.9
1213580 962.8
1213590 962.8
1213600 962.7
1213610 962.6
1213620 962.6
1213630 962.8
1213640 963.0
1213650 963.0
1213660 963.1
1213670 963.1
1213680 963.1
1213690 962.5
1213700 961.7
1213710 961.7
1213720 962.1
1213730 962.8
1213740 962.8
1213750 963.2
1213760 963.4
1213770 963.6
1213780 963.6
1213790 963.6
1213800 963.6
1213810 963.6
1213820 963.6
1213830 963.6
1213840 963.6
1213850 963.6
1213860 963.6
1213870 963.6
1213880 963.5
1213890 963.3
1213900 963.3
1213910 963.3
1213920 961.8
1213930 961.8
1213940 961.1
1213950 962.9
1213960 962.9
1213970 963.0
1213980 962.9
1213990 962.9
1214000 962.8
1214010 962.8
1214020 962.8
1214030 962.5
1214040 962.3
1214050 962.3
1214060 962.5
1214070 962.5
1214080 962.5
1214090 962.5
1214100 962.5
1214110 962.5
1214120 962.5
1214130 962.7
1214140 962.9
1214150 962.9
1214160 963.0
1214170 963.0
1214180 963.0
1214190 963.0
1214200 963.1
1214210 963.1
1214220 963.0
1214230 962.8
1214240 962.8
1214250 962.6
1214260 962.7
1214270 962.7
1214280 962.8
1214290 962.9
1214300 962.9
1214310 963.1
1214320 963.1
1214330 963.1
1214340 963.3
1214350 963.4
1214360 963.4
1214370 963.4
1214380 963.5
1214390 963.6
1214400 963.6
1214410 963.7
1214420 963.9
1214430 963.9
1214440 964.0
1214450 964.2
1214460 964.2
1214470 964.4
1214480 964.4
1214490 964.4
1214500 964.5
1214510 964.6
1214520 964.6
1214530 964.6
1214540 964.6
1214550 964.6
1214560 964.6
1214570 964.7
1214580 964.7
1214590 964.7
1214600 964.6
1214610 964.6
1214620 964.4
1214630 964.9
1214640 964.9
1214650 965.3
1214660 965.7
1214670 965.8
1214680 965.8
1214690 966.1
1214700 966.4
1214710 966.4
1214720 966.7
1214730 967.0
1214740 967.0
1214750 967.3
1214760 967.6
1214770 967.6
1214780 967.8
1214790 968.0
1214800 968.0
1214810 968.3
1214820 968.5
1214830 968.5
1214840 968.7
1214850 968.9
1214860 968.9
1214870 969.2
1214880 969.3
1214890 969.3
1214900 969.5
1214910 969.6
1214920 969.6
1214930 969.7
1214940 969.7
1214950 969.7
1214960 969.8
1214970 969.9
1214980 969.9
1214990 969.9
1215000 970.0
1215010 970.0
1215020 970.0
1215030 970.2
1215040 970.4
1215050 970.4
1215060 970.8
1215070 971.2
1215080 971.2
1215090 971.5
1215100 971.9
1215110 971.9
1215120 972.1
1215130 972.5
1215140 972.5
1215150 973.1
1215160 973.7
1215170 973.7
1215180 974.2
1215190 974.8
1215200 974.8
1215210 976.0
1215220 977.4
1215230 977.4
1215240 978.4
1215250 979.7
1215260 979.7
1215270 980.7
1215280 981.4
1215290 982.1
1215300 982.1
1215310 983.6
1215320 984.1
1215330 984.1
1215340 984.2
1215350 984.7
1215360 984.7
1215370 986.3
1215380 987.4
1215390 987.4
1215400 989.2
1215410 990.5
1215420 990.5
1215430 991.1
1215440 991.2
1215450 991.2
1215460 991.3
1215470 991.6
1215480 991.6
1215490 991.8
1215500 992.0
1215510 992.0
1215520 992.1
1215530 992.3
1215540 992.3
1215550 992.6
1215560 992.8
1215570 992.8
1215580 993.2
1215590 993.6
1215600 994.1
1215610 994.1
1215620 994.5
1215630 994.6
1215640 994.6
1215650 994.7
1215660 995.0
1215670 995.0
1215680 995.4
1215690 995.4
1215700 995.4
1215710 995.4
1215720 995.5
1215730 995.5
1215740 995.8
1215750 996.2
1215760 996.2
1215770 996.8
1215780 996.9
1215790 996.9
1215800 997.2
1215810 997.6
1215820 997.6
1215830 997.9
1215840 998.1
1215850 998.1
1215860 998.4
1215870 998.6
1215880 998.6
1215890 998.8
1215900 998.9
1215910 999.2
1215920 999.2
1215930 999.5
1215940 999.8
1215950 999.8
1215960 1000.2
1215970 1000.8
1215980 1000.8
1215990 1000.9
1216000 1001.0
1216010 1001.0
1216020 1001.4
1216030 1001.8
1216040 1001.8
1216050 1002.6
1216060 1002.9
1216070 1002.9
1216080 1003.3
1216090 1003.8
1216100 1003.8
1216110 1004.1
1216120 1004.4
1216130 1004.4
1216140 1004.9
1216150 1005.3
1216160 1005.3
1216170 1005.6
1216180 1006.0
1216190 1006.0
1216200 1006.6
1216210 1007.2
1216220 1008.0
1216230 1008.0
1216240 1009.0
1216250 1010.0
1216260 1010.0
1216270 1011.1
1216280 1012.3
1216290 1012.3
1216300 1013.3
1216310 1014.2
1216320 1014.2
1216330 1015.1
1216340 1016.3
1216350 1016.3
1216360 1017.4
1216370 1018.8
1216380 1018.8
1216390 1020.1
1216400 1021.9
1216410 1021.9
1216420 1024.8
1216430 1028.8
1216440 1028.8
1216450 1032.7
1216460 1036.8
1216470 1036.8
1216480 1041.9
1216490 1047.0
1216500 1047.0
1216510 1049.4
1216520 1050.7
1216530 1046.4
1216540 1046.4
1216550 1045.1
1216560 1044.2
1216570 1044.2
1216580 1045.1
1216590 1046.9
1216600 1046.9
1216610 1048.3
1216620 1049.2
1216630 1049.2
1216640 1050.6
1216650 1052.2
1216660 1052.2
1216670 1053.7
1216680 1055.3
1216690 1055.3
1216700 1056.7
1216710 1058.0
1216720 1058.0
1216730 1059.5
1216740 1060.6
1216750 1060.6
1216760 1062.4
1216770 1065.6
1216780 1065.6
1216790 1067.7
1216800 1068.6
1216810 1068.6
1216820 1069.2
1216830 1070.1
1216840 1072.1
1216850 1072.1
1216860 1075.9
1216870 1079.3
1216880 1079.3
1216890 1082.1
1216900 1085.6
1216910 1085.6
1216920 1090.0
1216930 1094.8
1216940 1094.8
1216950 1099.2
1216960 1101.2
1216970 1101.2
1216980 1100.9
1216990 1101.4
1217000 1101.4
1217010 1105.5
1217020 1111.0
1217030 1111.0
1217040 1114.6
1217050 1116.0
1217060 1116.0
1217070 1117.4
1217080 1118.4
1217090 1118.4
1217100 1120.6
1217110 1124.3
1217120 1127.4
1217130 1127.4
1217140 1130.8
1217150 1134.3
1217160 1134.3
1217170 1137.9
1217180 1142.6
1217190 1142.6
1217200 1147.5
1217210 1151.7
1217220 1151.7
1217230 1155.3
1217240 1159.0
1217250 1159.0
1217260 1162.3
1217270 1166.0
1217280 1166.0
1217290 1169.5
1217300 1171.9
1217310 1171.9
1217320 1173.9
1217330 1176.4
1217340 1176.4
1217350 1179.7
1217360 1184.3
1217370 1184.3
1217380 1189.0
1217390 1192.3
1217400 1192.3
1217410 1195.4
1217420 1198.8
1217430 1202.1
1217440 1202.1
1217450 1205.8
1217460 1209.8
1217470 1209.8
1217480 1212.4
1217490 1217.2
1217500 1217.2
1217510 1222.4
1217520 1228.5
1217530 1228.5
1217540 1236.0
1217550 1244.4
1217560 1244.4
1217570 1252.8
1217580 1260.2
1217590 1260.2
1217600 1269.1
1217610 1279.6
1217620 1279.6
1217630 1290.8
1217640 1300.1
1217650 1300.1
1217660 1308.1
1217670 1315.2
1217680 1315.2
1217690 1323.8
1217700 1332.1
1217710 1332.1
1217720 1338.9
1217730 1345.8
1217740 1352.7
1217750 1352.7
1217760 1359.9
1217770 1365.6
1217780 1365.6
1217790 1370.5
1217800 1378.9
1217810 1378.9
1217820 1385.8
1217830 1392.5
1217840 1392.5
1217850 1399.1
1217860 1406.1
1217870 1406.1
1217880 1413.0
1217890 1420.2
1217900 1420.2
1217910 1427.4
1217920 1434.8
1217930 1434.8
1217940 1442.3
1217950 1449.9
1217960 1446.8
1217970 1453.6
1217980 1460.5
1217990 1460.5
1218000 1467.3
1218010 1473.7
1218020 1473.7
1218030 1480.2
1218040 1486.1
1218050 1492.4
1218060 1492.4
1218070 1498.5
1218080 1504.7
1218090 1504.7
1218100 1511.1
1218110 1517.5
1218120 1517.5
1218130 1523.8
1218140 1530.1
1218150 1530.1
1218160 1536.8
1218170 1543.9
1218180 1543.9
1218190 1551.0
1218200 1558.8
1218210 1558.8
1218220 1567.0
1218230 1574.6
1218240 1574.6
1218250 1580.9
1218260 1586.2
1218270 1586.2
1218280 1590.5
1218290 1594.8
1218300 1594.8
1218310 1598.2
1218320 1601.3
1218330 1601.3
1218340 1604.5
1218350 1607.2
1218360 1609.3
1218370 1609.3
1218380 1610.6
1218390 1611.2
1218400 1611.2
1218410 1612.0
1218420 1613.6
1218430 1613.6
1218440 1616.8
1218450 1618.7
1218460 1618.7
1218470 1621.2
1218480 1624.1
1218490 1624.1
1218500 1627.3
1218510 1630.4
1218520 1630.4
1218530 1632.8
1218540 1634.8
1218550 1634.8
1218560 1637.6
1218570 1641.1
1218580 1641.1
1218590 1645.1
1218600 1648.4
1218610 1648.4
1218620 1651.5
1218630 1655.4
1218640 1655.4
1218650 1659.7
1218660 1664.2
1218670 1668.1
1218680 1668.1
1218690 1669.4
1218700 1670.2
1218710 1670.2
1218720 1670.8
1218730 1671.5
1218740 1671.5
1218750 1672.4
1218760 1673.2
1218770 1673.2
1218780 1674.0
1218790 1674.7
1218800 1674.7
1218810 1674.9
1218820 1674.9
1218830 1674.9
1218840 1674.7
1218850 1674.4
1218860 1674.4
1218870 1673.9
1218880 1673.5
1218890 1673.5
1218900 1672.9
1218910 1672.1
1218920 1666.8
1218930 1665.6
1218940 1663.0
1218950 1663.0
1218960 1661.3
1218970 1661.1
1218980 1658.3
1218990 1658.3
1219000 1657.9
1219010 1658.3
1219020 1658.3
1219030 1657.7
1219040 1657.3
1219050 1657.3
1219060 1656.9
1219070 1656.5
1219080 1656.5
1219090 1656.8
1219100 1657.6
1219110 1657.6
1219120 1658.7
1219130 1660.4
1219140 1660.4
1219150 1662.6
1219160 1665.1
1219170 1665.1
1219180 1666.9
1219190 1667.1
1219200 1667.1
1219210 1667.5
1219220 1668.2
1219230 1668.2
1219240 1668.8
1219250 1669.8
1219260 1670.8
1219270 1670.8
1219280 1672.3
1219290 1674.6
1219300 1674.6
1219310 1677.1
1219320 1680.0
1219330 1680.0
1219340 1682.7
1219350 1684.5
1219360 1684.5
1219370 1686.5
1219380 1688.6
1219390 1688.6
1219400 1687.2
1219410 1688.4
1219420 1688.4
1219430 1690.6
1219440 1693.6
1219450 1693.6
1219460 1697.3
1219470 1699.9
1219480 1699.9
1219490 1702.2
1219500 1704.3
1219510 1704.3
1219520 1706.2
1219530 1708.4
1219540 1708.4
1219550 1711.9
1219560 1715.0
1219570 1717.6
1219580 1717.6
1219590 1719.8
1219600 1722.9
1219610 1722.9
1219620 1725.1
1219630 1726.4
1219640 1726.4
1219650 1728.8
1219660 1730.4
1219670 1730.4
1219680 1732.3
1219690 1733.9
1219700 1733.9
1219710 1735.8
1219720 1738.0
1219730 1738.0
1219740 1741.5
1219750 1743.4
1219760 1743.4
1219770 1743.6
1219780 1744.9
1219790 1744.9
1219800 1747.2
1219810 1750.6
1219820 1750.6
1219830 1754.5
1219840 1759.4
1219850 1759.4
1219860 1763.4
1219870 1766.6
1219880 1771.8
1219890 1771.8
1219900 1777.6
1219910 1783.9
1219920 1783.9
1219930 1790.2
1219940 1796.6
1219950 1796.6
1219960 1802.9
1219970 1809.1
1219980 1809.1
1219990 1815.2
