1200000 1572.3
1200010 1569.4
1200020 1569.4
1200030 1562.0
1200040 1574.4
1200050 1574.4
1200060 1575.5
1200070 1577.2
1200080 1577.2
1200090 1576.9
1200100 1575.8
1200110 1575.8
1200120 1578.5
1200130 1582.7
1200140 1582.7
1200150 1586.8
1200160 1590.9
1200170 1590.9
1200180 1593.5
1200190 1599.0
1200200 1612.7
1200210 1612.7
1200220 1613.2
1200230 1602.7
1200240 1602.7
1200250 1599.8
1200260 1602.3
1200270 1602.3
1200280 1602.0
1200290 1600.1
1200300 1600.1
1200310 1593.3
1200320 1585.7
1200330 1585.7
1200340 1578.3
1200350 1569.7
1200360 1569.7
1200370 1565.1
1200380 1571.9
1200390 1571.9
1200400 1577.0
1200410 1582.6
1200420 1582.6
1200430 1585.0
1200440 1586.5
1200450 1586.5
1200460 1586.0
1200470 1585.2
1200480 1585.2
1200490 1589.3
1200500 1581.8
1200510 1572.2
1200520 1572.2
1200530 1569.5
1200540 1575.6
1200550 1575.6
1200560 1585.0
1200570 1589.6
1200580 1589.6
1200590 1595.5
1200600 1598.7
1200610 1598.7
1200620 1601.2
1200630 1606.1
1200640 1606.1
1200650 1611.5
1200660 1610.3
1200670 1610.3
1200680 1608.9
1200690 1613.0
1200700 1613.0
1200710 1609.9
1200720 1607.1
1200730 1607.1
1200740 1607.7
1200750 1607.8
1200760 1607.8
1200770 1608.2
1200780 1600.6
1200790 1600.6
1200800 1598.9
1200810 1608.0
1200820 1608.0
1200830 1617.6
1200840 1627.0
1200850 1628.1
1200860 1628.1
1200870 1616.1
1200880 1608.8
1200890 1608.8
1200900 1614.8
1200910 1616.3
1200920 1616.3
1200930 1614.8
1200940 1627.4
1200950 1627.4
1200960 1630.1
1200970 1634.1
1200980 1634.1
1200990 1640.6
1201000 1646.5
1201010 1646.5
1201020 1652.1
1201030 1655.1
1201040 1655.1
1201050 1658.7
1201060 1665.0
1201070 1665.0
1201080 1674.3
1201090 1682.3
1201100 1682.3
1201110 1688.4
1201120 1688.0
1201130 1688.0
1201140 1690.8
1201150 1691.7
1201160 1690.6
1201170 1690.6
1201180 1689.5
1201190 1687.8
1201200 1687.8
1201210 1684.8
1201220 1685.7
1201230 1685.7
1201240 1691.6
1201250 1693.6
1201260 1693.6
1201270 1689.9
1201280 1683.1
1201290 1683.1
1201300 1683.1
1201310 1681.9
1201320 1681.9
1201330 1677.0
1201340 1677.3
1201350 1677.3
1201360 1670.6
1201370 1673.2
1201380 1673.2
1201390 1685.4
1201400 1691.7
1201410 1691.7
1201420 1700.0
1201430 1708.5
1201440 1708.5
1201450 1711.6
1201460 1711.5
1201470 1711.5
1201480 1711.8
1201490 1711.4
1201500 1709.0
1201510 1709.0
1201520 1713.3
1201530 1723.2
1201540 1723.2
1201550 1732.6
1201560 1738.6
1201570 1738.6
1201580 1742.8
1201590 1744.6
1201600 1744.6
1201610 1746.8
1201620 1750.5
1201630 1750.5
1201640 1752.4
1201650 1744.7
1201660 1744.7
1201670 1735.5
1201680 1727.2
1201690 1727.2
1201700 1721.8
1201710 1718.0
1201720 1718.0
1201730 1712.2
1201740 1710.3
1201750 1710.3
1201760 1711.5
1201770 1711.5
1201780 1711.5
1201790 1711.6
1201800 1708.3
1201810 1704.1
1201820 1704.1
1201830 1700.2
1201840 1695.1
1201850 1695.1
1201860 1691.7
1201870 1689.1
1201880 1689.1
1201890 1687.6
1201900 1687.5
1201910 1687.5
1201920 1688.9
1201930 1692.0
1201940 1692.0
1201950 1695.6
1201960 1699.9
1201970 1699.9
1201980 1704.1
1201990 1705.6
1202000 1705.6
1202010 1703.5
1202020 1697.9
1202030 1697.9
1202040 1694.2
1202050 1691.3
1202060 1691.3
1202070 1689.0
1202080 1686.4
1202090 1686.4
1202100 1682.1
1202110 1677.2
1202120 1677.2
1202130 1669.1
1202140 1660.2
1202150 1652.8
1202160 1652.8
1202170 1647.2
1202180 1644.1
1202190 1644.1
1202200 1639.1
1202210 1632.2
1202220 1632.2
1202230 1619.7
1202240 1606.2
1202250 1606.2
1202260 1598.4
1202270 1586.4
1202280 1586.4
1202290 1574.5
1202300 1567.5
1202310 1567.5
1202320 1561.0
1202330 1553.7
1202340 1553.7
1202350 1546.1
1202360 1539.1
1202370 1539.1
1202380 1532.4
1202390 1526.2
1202400 1526.2
1202410 1520.3
1202420 1514.6
1202430 1514.6
1202440 1509.2
1202450 1504.3
1202460 1499.5
1202470 1499.5
1202480 1494.9
1202490 1492.1
1202500 1492.1
1202510 1487.6
1202520 1481.2
1202530 1481.2
1202540 1472.4
1202550 1465.6
1202560 1465.6
1202570 1459.7
1202580 1449.9
1202590 1449.9
1202600 1435.0
1202610 1427.0
1202620 1427.0
1202630 1425.5
1202640 1424.2
1202650 1424.2
1202660 1425.7
1202670 1425.9
1202680 1425.9
1202690 1426.5
1202700 1425.6
1202710 1425.6
1202720 1426.5
1202730 1424.5
1202740 1424.5
1202750 1429.7
1202760 1427.0
1202770 1427.0
1202780 1424.6
1202790 1422.2
1202800 1425.3
1202810 1425.3
1202820 1433.6
1202830 1438.2
1202840 1438.2
1202850 1439.1
1202860 1439.0
1202870 1439.0
1202880 1432.7
1202890 1424.6
1202900 1424.6
1202910 1419.0
1202920 1423.1
1202930 1423.1
1202940 1427.3
1202950 1431.2
1202960 1431.2
1202970 1435.0
1202980 1438.1
1202990 1438.1
1203000 1441.7
1203010 1449.1
1203020 1449.1
1203030 1456.4
1203040 1460.7
1203050 1460.7
1203060 1464.3
1203070 1471.2
1203080 1471.2
1203090 1480.9
1203100 1491.3
1203110 1496.9
1203120 1496.9
1203130 1490.3
1203140 1483.9
1203150 1483.9
1203160 1485.6
1203170 1492.7
1203180 1492.7
1203190 1499.7
1203200 1501.4
1203210 1501.4
1203220 1506.5
1203230 1513.3
1203240 1513.3
1203250 1517.5
1203260 1525.1
1203270 1525.1
1203280 1535.2
1203290 1540.5
1203300 1540.5
1203310 1551.3
1203320 1562.8
1203330 1562.8
1203340 1568.8
1203350 1571.3
1203360 1571.3
1203370 1575.6
1203380 1582.5
1203390 1582.5
1203400 1590.1
1203410 1597.5
1203420 1597.5
1203430 1604.6
1203440 1610.5
1203450 1618.1
1203460 1618.1
1203470 1627.7
1203480 1634.1
1203490 1634.1
1203500 1638.4
1203510 1645.6
1203520 1645.6
1203530 1656.5
1203540 1661.4
1203550 1661.4
1203560 1660.4
1203570 1664.5
1203580 1664.5
1203590 1673.2
1203600 1673.0
1203610 1673.0
1203620 1671.2
1203630 1669.8
1203640 1669.8
1203650 1675.4
1203660 1672.9
1203670 1672.9
1203680 1670.4
1203690 1664.0
1203700 1664.0
1203710 1653.3
1203720 1649.7
1203730 1649.7
1203740 1644.7
1203750 1639.2
1203760 1634.0
1203770 1634.0
1203780 1632.3
1203790 1631.3
1203800 1631.3
1203810 1629.4
1203820 1628.2
1203830 1628.2
1203840 1626.2
1203850 1623.5
1203860 1623.5
1203870 1621.0
1203880 1619.0
1203890 1619.0
1203900 1616.8
1203910 1615.0
1203920 1615.0
1203930 1613.1
1203940 1612.5
1203950 1612.5
1203960 1613.6
1203970 1612.0
1203980 1612.0
1203990 1607.8
1204000 1612.5
1204010 1612.5
1204020 1612.0
1204030 1609.4
1204040 1609.4
1204050 1601.6
1204060 1603.1
1204070 1603.1
1204080 1611.8
1204090 1612.2
1204100 1611.4
1204110 1624.3
1204120 1622.1
1204130 1619.4
1204140 1619.4
1204150 1615.5
1204160 1617.1
1204170 1617.1
1204180 1621.0
1204190 1622.3
1204200 1622.3
1204210 1624.1
1204220 1626.8
1204230 1626.8
1204240 1629.6
1204250 1632.5
1204260 1632.5
1204270 1635.5
1204280 1638.0
1204290 1638.0
1204300 1638.9
1204310 1641.2
1204320 1641.2
1204330 1643.3
1204340 1644.2
1204350 1644.2
1204360 1644.8
1204370 1647.8
1204380 1647.8
1204390 1656.8
1204400 1669.2
1204410 1677.8
1204420 1677.8
1204430 1685.2
1204440 1689.9
1204450 1689.9
1204460 1695.7
1204470 1700.0
1204480 1700.0
1204490 1704.7
1204500 1709.6
1204510 1709.6
1204520 1714.9
1204530 1721.3
1204540 1721.3
1204550 1729.2
1204560 1737.0
1204570 1742.8
1204580 1750.4
1204590 1746.6
1204600 1746.6
1204610 1742.1
1204620 1748.1
1204630 1748.1
1204640 1752.1
1204650 1751.3
1204660 1751.3
1204670 1745.8
1204680 1743.8
1204690 1743.8
1204700 1743.9
1204710 1751.4
1204720 1751.4
1204730 1759.9
1204740 1765.1
1204750 1773.5
1204760 1773.5
1204770 1777.8
1204780 1778.0
1204790 1778.0
1204800 1777.4
1204810 1770.4
1204820 1770.4
1204830 1768.2
1204840 1773.9
1204850 1773.9
1204860 1779.3
1204870 1778.4
1204880 1778.4
1204890 1777.4
1204900 1777.5
1204910 1777.5
1204920 1767.7
1204930 1762.1
1204940 1762.1
1204950 1766.3
1204960 1753.4
1204970 1753.4
1204980 1742.1
1204990 1748.9
1205000 1748.9
1205010 1756.4
1205020 1775.6
1205030 1775.6
1205040 1774.6
1205050 1773.9
1205060 1774.3
1205070 1774.3
1205080 1775.1
1205090 1781.2
1205100 1781.2
1205110 1783.1
1205120 1783.6
1205130 1783.6
1205140 1783.1
1205150 1776.1
1205160 1776.1
1205170 1772.1
1205180 1767.8
1205190 1767.8
1205200 1759.9
1205210 1745.6
1205220 1745.6
1205230 1728.0
1205240 1717.5
1205250 1717.5
1205260 1715.0
1205270 1711.0
1205280 1711.0
1205290 1703.8
1205300 1680.4
1205310 1680.4
1205320 1655.5
1205330 1635.2
1205340 1635.2
1205350 1625.1
1205360 1622.5
1205370 1622.5
1205380 1631.4
1205390 1646.3
1205400 1655.5
1205410 1655.5
1205420 1654.0
1205430 1653.2
1205440 1653.2
1205450 1657.1
1205460 1660.2
1205470 1660.2
1205480 1669.1
1205490 1671.8
1205500 1671.8
1205510 1672.6
1205520 1669.0
1205530 1669.0
1205540 1669.8
1205550 1673.7
1205560 1673.7
1205570 1669.7
1205580 1664.7
1205590 1664.7
1205600 1668.2
1205610 1668.9
1205620 1668.9
1205630 1664.1
1205640 1661.4
1205650 1661.4
1205660 1656.4
1205670 1656.1
1205680 1656.1
1205690 1659.5
1205700 1663.2
1205710 1665.5
1205720 1665.5
1205730 1671.1
1205740 1679.4
1205750 1679.4
1205760 1679.6
1205770 1676.6
1205780 1676.6
1205790 1673.0
1205800 1677.8
1205810 1677.8
1205820 1683.5
1205830 1686.2
1205840 1686.2
1205850 1691.6
1205860 1697.7
1205870 1697.7
1205880 1702.2
1205890 1705.1
1205900 1705.1
1205910 1705.5
1205920 1705.6
1205930 1705.6
1205940 1713.3
1205950 1713.1
1205960 1713.1
1205970 1710.9
1205980 1710.8
1205990 1710.8
1206000 1718.7
1206010 1727.5
1206020 1727.5
1206030 1733.4
1206040 1739.2
1206050 1745.3
1206060 1745.3
1206070 1746.0
1206080 1747.4
1206090 1747.4
1206100 1751.6
1206110 1756.9
1206120 1756.9
1206130 1762.3
1206140 1768.0
1206150 1768.0
1206160 1774.2
1206170 1780.2
1206180 1780.2
1206190 1785.4
1206200 1793.3
1206210 1793.3
1206220 1802.5
1206230 1811.5
1206240 1811.5
1206250 1819.1
1206260 1825.3
1206270 1825.3
1206280 1833.1
1206290 1842.5
1206300 1842.5
1206310 1851.9
1206320 1862.7
1206330 1862.7
1206340 1872.6
1206350 1881.3
1206360 1890.8
1206370 1890.8
1206380 1900.9
1206390 1909.8
1206400 1908.4
1206410 1915.3
1206420 1922.0
1206430 1922.0
1206440 1931.3
1206450 1942.7
1206460 1942.7
1206470 1954.4
1206480 1963.9
1206490 1963.9
1206500 1972.7
1206510 1976.9
1206520 1976.9
1206530 1979.5
1206540 1985.7
1206550 1985.7
1206560 1992.9
1206570 2001.7
1206580 2001.7
1206590 2012.8
1206600 2023.1
1206610 2023.1
1206620 2031.5
1206630 2038.6
1206640 2038.6
1206650 2045.9
1206660 2052.9
1206670 2052.9
1206680 2059.9
1206690 2067.6
1206700 2078.3
1206710 2078.3
1206720 2091.3
1206730 2106.4
1206740 2106.4
1206750 2116.3
1206760 2124.8
1206770 2124.8
1206780 2132.3
1206790 2140.5
1206800 2140.5
1206810 2148.5
1206820 2155.7
1206830 2155.7
1206840 2162.6
1206850 2172.9
1206860 2172.9
1206870 2178.0
1206880 2176.9
1206890 2176.9
1206900 2169.8
1206910 2158.8
1206920 2158.8
1206930 2148.1
1206940 2138.3
1206950 2138.3
1206960 2126.6
1206970 2108.3
1206980 2108.3
1206990 2095.0
1207000 2075.5
1207010 2058.9
1207020 2058.9
1207030 2041.7
1207040 2030.0
1207050 2030.0
1207060 2022.6
1207070 2014.8
1207080 2014.8
1207090 2006.3
1207100 1998.3
1207110 1998.3
1207120 1991.2
1207130 1985.1
1207140 1985.1
1207150 1981.0
1207160 1977.2
1207170 1977.2
1207180 1972.4
1207190 1966.7
1207200 1966.7
1207210 1960.8
1207220 1954.2
1207230 1954.2
1207240 1947.9
1207250 1942.3
1207260 1942.3
1207270 1936.6
1207280 1930.8
1207290 1930.8
1207300 1925.2
1207310 1921.3
1207320 1921.3
1207330 1914.6
1207340 1908.3
1207350 1902.9
1207360 1902.9
1207370 1899.0
1207380 1893.8
1207390 1893.8
1207400 1886.6
1207410 1878.8
1207420 1878.8
1207430 1872.5
1207440 1868.8
1207450 1868.8
1207460 1866.2
1207470 1864.1
1207480 1864.1
1207490 1859.3
1207500 1847.3
1207510 1847.3
1207520 1833.4
1207530 1826.1
1207540 1826.1
1207550 1826.0
1207560 1833.7
1207570 1833.7
1207580 1837.8
1207590 1841.6
1207600 1841.6
1207610 1846.5
1207620 1851.5
1207630 1851.5
1207640 1860.6
1207650 1869.5
1207660 1876.0
1207670 1876.0
1207680 1875.9
1207690 1872.6
1207700 1872.6
1207710 1865.5
1207720 1860.0
1207730 1860.0
1207740 1850.8
1207750 1847.3
1207760 1847.3
1207770 1842.4
1207780 1825.7
1207790 1825.7
1207800 1810.4
1207810 1793.1
1207820 1793.1
1207830 1778.7
1207840 1757.2
1207850 1757.2
1207860 1740.6
1207870 1733.1
1207880 1733.1
1207890 1726.5
1207900 1718.6
1207910 1718.6
1207920 1710.6
1207930 1702.2
1207940 1702.2
1207950 1694.7
1207960 1687.6
1207970 1687.6
1207980 1679.3
1207990 1668.3
1208000 1658.9
1208010 1658.9
1208020 1650.2
1208030 1644.8
1208040 1644.8
1208050 1641.7
1208060 1638.9
1208070 1638.9
1208080 1634.4
1208090 1629.9
1208100 1629.9
1208110 1628.0
1208120 1631.3
1208130 1631.3
1208140 1641.7
1208150 1645.3
1208160 1645.3
1208170 1649.4
1208180 1654.2
1208190 1654.2
1208200 1653.8
1208210 1652.8
1208220 1652.8
1208230 1646.2
1208240 1620.8
1208250 1620.8
1208260 1611.6
1208270 1603.7
1208280 1603.7
1208290 1597.7
1208300 1593.0
1208310 1588.3
1208320 1588.3
1208330 1583.8
1208340 1579.5
1208350 1579.5
1208360 1575.9
1208370 1572.0
1208380 1572.0
1208390 1566.0
1208400 1560.3
1208410 1560.3
1208420 1557.3
1208430 1552.9
1208440 1552.9
1208450 1548.5
1208460 1545.1
1208470 1545.1
1208480 1545.0
1208490 1541.7
1208500 1541.7
1208510 1531.0
1208520 1531.6
1208530 1531.6
1208540 1532.0
1208550 1527.2
1208560 1527.2
1208570 1520.0
1208580 1519.6
1208590 1519.6
1208600 1521.2
1208610 1520.6
1208620 1520.6
1208630 1518.5
1208640 1519.2
1208650 1517.4
1208660 1517.4
1208670 1513.7
1208680 1510.0
1208690 1510.0
1208700 1512.3
1208710 1512.9
1208720 1512.9
1208730 1508.2
1208740 1511.4
1208750 1511.4
1208760 1499.3
1208770 1504.6
1208780 1504.6
1208790 1511.2
1208800 1503.7
1208810 1503.7
1208820 1502.4
1208830 1504.7
1208840 1504.7
1208850 1509.6
1208860 1512.1
1208870 1512.1
1208880 1512.4
1208890 1514.8
1208900 1514.8
1208910 1515.1
1208920 1515.5
1208930 1515.5
1208940 1515.0
1208950 1511.4
1208960 1509.3
1208970 1509.3
1208980 1503.9
1208990 1499.8
1209000 1499.8
1209010 1498.5
1209020 1495.4
1209030 1495.4
1209040 1493.7
1209050 1491.0
1209060 1491.0
1209070 1480.0
1209080 1459.7
1209090 1459.7
1209100 1447.6
1209110 1433.8
1209120 1433.8
1209130 1426.5
1209140 1423.0
1209150 1423.0
1209160 1426.2
1209170 1422.3
1209180 1422.3
1209190 1418.9
1209200 1415.1
1209210 1415.1
1209220 1411.6
1209230 1406.9
1209240 1406.9
1209250 1400.4
1209260 1396.3
1209270 1396.3
1209280 1395.5
1209290 1393.3
1209300 1388.7
1209310 1388.7
1209320 1383.8
1209330 1378.8
1209340 1378.8
1209350 1374.2
1209360 1369.8
1209370 1369.8
1209380 1365.4
1209390 1361.3
1209400 1361.3
1209410 1356.9
1209420 1353.5
1209430 1353.5
1209440 1351.0
1209450 1348.5
1209460 1348.5
1209470 1346.0
1209480 1343.9
1209490 1343.9
1209500 1340.8
1209510 1336.4
1209520 1336.4
1209530 1331.1
1209540 1326.1
1209550 1326.1
1209560 1321.8
1209570 1317.3
1209580 1317.3
1209590 1313.0
1209600 1308.4
1209610 1304.0
1209620 1304.0
1209630 1302.7
1209640 1298.9
1209650 1298.9
1209660 1295.2
1209670 1291.7
1209680 1291.7
1209690 1287.2
1209700 1282.8
1209710 1282.8
1209720 1278.4
1209730 1279.7
1209740 1279.7
1209750 1285.2
1209760 1289.5
1209770 1289.5
1209780 1292.7
1209790 1296.9
1209800 1296.9
1209810 1301.4
1209820 1306.1
1209830 1306.1
1209840 1311.2
1209850 1316.0
1209860 1316.0
1209870 1321.9
1209880 1328.5
1209890 1328.5
1209900 1336.4
1209910 1346.2
1209920 1346.2
1209930 1357.0
1209940 1363.8
1209950 1372.9
1209960 1372.9
1209970 1386.6
1209980 1396.2
1209990 1396.2
1210000 1401.5
1210010 1407.6
1210020 1407.6
1210030 1415.1
1210040 1421.6
1210050 1421.6
1210060 1428.2
1210070 1434.7
1210080 1434.7
1210090 1442.2
1210100 1449.6
1210110 1449.6
1210120 1457.5
1210130 1465.6
1210140 1465.6
1210150 1473.2
1210160 1480.9
1210170 1480.9
1210180 1488.1
1210190 1493.9
1210200 1493.9
1210210 1500.7
1210220 1508.1
1210230 1508.1
1210240 1516.6
1210250 1525.2
1210260 1532.8
1210270 1532.8
1210280 1540.2
1210290 1546.8
1210300 1546.8
1210310 1552.9
1210320 1559.4
1210330 1559.4
1210340 1567.1
1210350 1574.0
1210360 1574.0
1210370 1580.5
1210380 1586.4
1210390 1586.4
1210400 1592.9
1210410 1600.5
1210420 1600.5
1210430 1606.8
1210440 1607.4
1210450 1607.4
1210460 1606.3
1210470 1607.6
1210480 1607.6
1210490 1610.4
1210500 1613.2
1210510 1613.2
1210520 1617.7
1210530 1623.4
1210540 1623.4
1210550 1630.5
1210560 1634.8
1210570 1634.8
1210580 1642.7
1210590 1650.6
1210600 1658.8
1210610 1658.8
1210620 1664.7
1210630 1663.9
1210640 1663.9
1210650 1657.5
1210660 1656.7
1210670 1656.7
1210680 1663.9
1210690 1672.4
1210700 1672.4
1210710 1685.2
1210720 1701.4
1210730 1701.4
1210740 1713.8
1210750 1723.1
1210760 1723.1
1210770 1730.7
1210780 1738.2
1210790 1738.2
1210800 1746.2
1210810 1753.7
1210820 1753.7
1210830 1761.1
1210840 1767.7
1210850 1767.7
1210860 1775.6
1210870 1782.8
1210880 1782.8
1210890 1790.1
1210900 1799.5
1210910 1807.3
1210920 1807.3
1210930 1816.5
1210940 1825.5
1210950 1825.5
1210960 1836.7
1210970 1844.5
1210980 1844.5
1210990 1852.6
1211000 1859.9
1211010 1859.9
1211020 1868.0
1211030 1875.3
1211040 1875.3
1211050 1884.7
1211060 1894.0
1211070 1894.0
1211080 1900.5
1211090 1909.5
1211100 1909.5
1211110 1918.2
1211120 1927.2
1211130 1927.2
1211140 1940.6
1211150 1951.8
1211160 1951.8
1211170 1943.0
1211180 1939.7
1211190 1939.7
1211200 1936.3
1211210 1932.1
1211220 1932.1
1211230 1929.9
1211240 1926.0
1211250 1923.2
1211260 1923.2
1211270 1919.7
1211280 1921.5
1211290 1921.5
1211300 1927.9
1211310 1934.0
1211320 1934.0
1211330 1937.6
1211340 1939.3
1211350 1939.3
1211360 1938.1
1211370 1936.3
1211380 1936.3
1211390 1934.9
1211400 1932.9
1211410 1932.9
1211420 1930.3
1211430 1927.4
1211440 1927.4
1211450 1923.9
1211460 1920.7
1211470 1920.7
1211480 1916.3
1211490 1916.4
1211500 1916.4
1211510 1912.6
1211520 1907.5
1211530 1907.5
1211540 1901.8
1211550 1896.4
1211560 1892.3
1211570 1892.3
1211580 1887.1
1211590 1880.2
1211600 1880.2
1211610 1874.1
1211620 1869.6
1211630 1869.6
1211640 1865.4
1211650 1861.4
1211660 1861.4
1211670 1858.1
1211680 1854.6
1211690 1854.6
1211700 1851.4
1211710 1848.6
1211720 1848.6
1211730 1846.6
1211740 1843.9
1211750 1843.9
1211760 1840.1
1211770 1835.8
1211780 1835.8
1211790 1830.9
1211800 1826.0
1211810 1826.0
1211820 1821.0
1211830 1815.5
1211840 1815.5
1211850 1810.0
1211860 1805.2
1211870 1805.2
1211880 1802.0
1211890 1794.9
1211900 1787.9
1211910 1787.9
1211920 1781.5
1211930 1776.4
1211940 1776.4
1211950 1770.4
1211960 1764.7
1211970 1764.7
1211980 1758.6
1211990 1751.9
1212000 1751.9
1212010 1745.5
1212020 1740.3
1212030 1740.3
1212040 1735.4
1212050 1731.2
1212060 1731.2
1212070 1727.3
1212080 1723.0
1212090 1723.0
1212100 1719.5
1212110 1716.1
1212120 1716.1
1212130 1713.3
1212140 1710.1
1212150 1710.1
1212160 1707.5
1212170 1705.7
1212180 1705.7
1212190 1703.7
1212200 1702.3
1212210 1701.3
1212220 1701.3
1212230 1700.5
1212240 1700.3
1212250 1700.3
1212260 1701.3
1212270 1704.3
1212280 1704.3
1212290 1709.0
1212300 1712.9
1212310 1712.9
1212320 1713.7
1212330 1713.3
1212340 1713.3
1212350 1713.9
1212360 1714.6
1212370 1714.6
1212380 1715.3
1212390 1716.8
1212400 1716.8
1212410 1717.1
1212420 1716.5
1212430 1716.2
1212440 1714.0
1212450 1713.6
1212460 1713.6
1212470 1715.7
1212480 1716.9
1212490 1716.9
1212500 1718.0
1212510 1719.3
1212520 1719.3
1212530 1721.4
1212540 1722.4
1212550 1723.3
1212560 1723.3
1212570 1725.9
1212580 1728.5
1212590 1728.5
1212600 1729.0
1212610 1728.2
1212620 1728.2
1212630 1727.4
1212640 1727.2
1212650 1727.2
1212660 1727.9
1212670 1728.9
1212680 1728.9
1212690 1729.4
1212700 1731.5
1212710 1731.5
1212720 1737.3
1212730 1743.5
1212740 1743.5
1212750 1749.7
1212760 1751.2
1212770 1751.2
1212780 1750.4
1212790 1750.0
1212800 1750.0
1212810 1746.2
1212820 1742.5
1212830 1742.5
1212840 1740.4
1212850 1739.0
1212860 1738.1
1212870 1738.1
1212880 1737.6
1212890 1736.7
1212900 1734.9
1212910 1734.5
1212920 1734.7
1212930 1734.7
1212940 1734.0
1212950 1733.6
1212960 1733.6
1212970 1731.0
1212980 1726.6
1212990 1726.6
1213000 1719.8
1213010 1714.1
1213020 1714.1
1213030 1710.9
1213040 1709.3
1213050 1709.3
1213060 1707.6
1213070 1705.5
1213080 1705.5
1213090 1704.3
1213100 1705.0
1213110 1705.0
1213120 1705.2
1213130 1700.7
1213140 1700.7
1213150 1694.6
1213160 1690.5
1213170 1690.5
1213180 1687.1
1213190 1681.1
1213200 1675.9
1213210 1675.9
1213220 1672.1
1213230 1667.2
1213240 1667.2
1213250 1662.0
1213260 1655.1
1213270 1655.1
1213280 1647.3
1213290 1639.2
1213300 1639.2
1213310 1633.0
1213320 1627.5
1213330 1627.5
1213340 1622.8
1213350 1618.0
1213360 1618.0
1213370 1612.9
1213380 1610.6
1213390 1610.6
1213400 1610.9
1213410 1610.3
1213420 1610.3
1213430 1606.8
1213440 1601.8
1213450 1601.8
1213460 1595.0
1213470 1589.8
1213480 1589.8
1213490 1585.2
1213500 1580.5
1213510 1578.0
1213520 1578.0
1213530 1576.2
1213540 1574.1
1213550 1574.1
1213560 1571.1
1213570 1569.0
1213580 1569.0
1213590 1567.6
1213600 1565.3
1213610 1565.3
1213620 1563.3
1213630 1561.8
1213640 1561.8
1213650 1553.3
1213660 1544.6
1213670 1544.6
1213680 1537.7
1213690 1533.3
1213700 1533.3
1213710 1528.3
1213720 1522.1
1213730 1522.1
1213740 1517.5
1213750 1513.5
1213760 1513.5
1213770 1509.7
1213780 1505.1
1213790 1505.1
1213800 1501.7
1213810 1498.3
1213820 1498.3
1213830 1498.0
1213840 1495.7
1213850 1492.0
1213860 1492.0
1213870 1488.8
1213880 1486.4
1213890 1486.4
1213900 1485.9
1213910 1486.8
1213920 1486.8
1213930 1485.8
1213940 1482.9
1213950 1482.9
1213960 1479.9
1213970 1475.5
1213980 1475.5
1213990 1470.6
1214000 1470.2
1214010 1470.2
1214020 1469.0
1214030 1462.1
1214040 1462.1
1214050 1454.8
1214060 1447.9
1214070 1447.9
1214080 1441.0
1214090 1434.7
1214100 1434.7
1214110 1429.1
1214120 1422.2
1214130 1422.2
1214140 1416.2
1214150 1410.4
1214160 1404.1
1214170 1404.1
1214180 1397.6
1214190 1391.5
1214200 1391.5
1214210 1387.4
1214220 1384.8
1214230 1384.8
1214240 1382.7
1214250 1377.8
1214260 1377.8
1214270 1370.4
1214280 1364.3
1214290 1364.3
1214300 1357.9
1214310 1350.8
1214320 1350.8
1214330 1343.6
1214340 1337.2
1214350 1337.2
1214360 1331.7
1214370 1326.6
1214380 1326.6
1214390 1323.0
1214400 1319.6
1214410 1319.6
1214420 1315.7
1214430 1312.1
1214440 1312.1
1214450 1309.1
1214460 1301.8
1214470 1301.8
1214480 1295.2
1214490 1290.3
1214500 1286.1
1214510 1286.1
1214520 1283.1
1214530 1279.3
1214540 1279.3
1214550 1274.8
1214560 1270.6
1214570 1270.6
1214580 1267.8
1214590 1266.6
1214600 1266.6
1214610 1263.2
1214620 1257.9
1214630 1257.9
1214640 1254.1
1214650 1250.2
1214660 1250.2
1214670 1246.5
1214680 1243.1
1214690 1243.1
1214700 1237.7
1214710 1232.3
1214720 1232.3
1214730 1227.1
1214740 1222.5
1214750 1222.5
1214760 1219.5
1214770 1216.2
1214780 1220.4
1214790 1214.8
1214800 1205.3
1214810 1192.3
1214820 1192.3
1214830 1178.3
1214840 1170.1
1214850 1170.1
1214860 1161.3
1214870 1151.5
1214880 1151.5
1214890 1142.5
1214900 1131.3
1214910 1131.3
1214920 1119.6
1214930 1109.7
1214940 1109.7
1214950 1099.6
1214960 1090.3
1214970 1090.3
1214980 1082.0
1214990 1074.4
1215000 1074.4
1215010 1066.5
1215020 1058.4
1215030 1058.4
1215040 1050.9
1215050 1042.6
1215060 1042.6
1215070 1034.5
1215080 1026.8
1215090 1026.8
1215100 1017.4
1215110 1004.5
1215120 1004.5
1215130 992.2
1215140 981.9
1215150 972.3
1215160 972.3
1215170 964.1
1215180 956.8
1215190 956.8
1215200 948.6
1215210 938.4
1215220 938.4
1215230 930.5
1215240 924.1
1215250 924.1
1215260 917.1
1215270 910.4
1215280 910.4
1215290 905.2
1215300 899.7
1215310 899.7
1215320 893.4
1215330 886.3
1215340 886.3
1215350 879.2
1215360 875.2
1215370 875.2
1215380 870.3
1215390 868.3
1215400 868.3
1215410 870.3
1215420 872.0
1215430 872.0
1215440 873.3
1215450 874.7
1215460 874.4
1215470 874.4
1215480 873.9
1215490 874.1
1215500 874.1
1215510 874.3
1215520 874.2
1215530 874.2
1215540 874.8
1215550 875.0
1215560 875.0
1215570 875.0
1215580 874.7
1215590 874.7
1215600 874.7
1215610 874.7
1215620 874.7
1215630 874.7
1215640 874.8
1215650 874.8
1215660 874.7
1215670 874.8
1215680 874.8
1215690 874.9
1215700 874.7
1215710 874.7
1215720 874.1
1215730 874.7
1215740 874.7
1215750 874.8
1215760 874.6
1215770 874.6
1215780 875.3
1215790 875.1
1215800 874.6
1215810 874.6
1215820 874.4
1215830 874.5
1215840 874.5
1215850 874.7
1215860 874.9
1215870 874.9
1215880 875.1
1215890 875.4
1215900 875.4
1215910 877.5
1215920 882.3
1215930 882.3
1215940 887.3
1215950 892.7
1215960 892.7
1215970 899.3
1215980 906.0
1215990 906.0
1216000 912.5
1216010 919.4
1216020 919.4
1216030 926.5
1216040 933.1
1216050 933.1
1216060 940.1
1216070 947.4
1216080 947.4
1216090 954.5
1216100 961.8
1216110 968.9
1216120 968.9
1216130 976.3
1216140 983.8
1216150 983.8
1216160 993.1
1216170 1003.8
1216180 1003.8
1216190 1014.5
1216200 1025.4
1216210 1031.2
1216220 1040.9
1216230 1048.7
1216240 1048.7
1216250 1051.9
1216260 1058.3
1216270 1058.3
1216280 1071.1
1216290 1084.0
1216300 1084.0
1216310 1093.1
1216320 1101.0
1216330 1101.0
1216340 1107.6
1216350 1114.6
1216360 1114.6
1216370 1122.5
1216380 1129.6
1216390 1129.6
1216400 1136.1
1216410 1143.4
1216420 1143.4
1216430 1151.7
1216440 1161.4
1216450 1173.3
1216460 1173.3
1216470 1183.5
1216480 1191.8
1216490 1191.8
1216500 1200.2
1216510 1208.2
1216520 1208.2
1216530 1219.5
1216540 1229.8
1216550 1229.8
1216560 1239.4
1216570 1248.7
1216580 1248.7
1216590 1254.9
1216600 1258.8
1216610 1258.8
1216620 1262.9
1216630 1267.6
1216640 1267.6
1216650 1273.4
1216660 1280.3
1216670 1280.3
1216680 1288.0
1216690 1298.2
1216700 1298.2
1216710 1305.1
1216720 1312.6
1216730 1312.6
1216740 1317.4
1216750 1319.2
1216760 1321.2
1216770 1321.2
1216780 1323.2
1216790 1323.5
1216800 1323.5
1216810 1325.3
1216820 1329.5
1216830 1329.5
1216840 1336.0
1216850 1342.2
1216860 1342.2
1216870 1350.4
1216880 1359.4
1216890 1359.4
1216900 1364.4
1216910 1370.0
1216920 1370.0
1216930 1376.0
1216940 1380.7
1216950 1380.7
1216960 1384.0
1216970 1385.6
1216980 1385.6
1216990 1386.8
1217000 1392.0
1217010 1392.0
1217020 1400.3
1217030 1409.3
1217040 1409.3
1217050 1422.0
1217060 1432.7
1217070 1432.7
1217080 1438.3
1217090 1443.1
1217100 1448.7
1217110 1448.7
1217120 1453.0
1217130 1455.0
1217140 1455.0
1217150 1456.1
1217160 1462.2
1217170 1462.2
1217180 1465.7
1217190 1466.1
1217200 1466.1
1217210 1466.5
1217220 1467.9
1217230 1467.9
1217240 1469.3
1217250 1469.1
1217260 1469.1
1217270 1470.9
1217280 1475.6
1217290 1475.6
1217300 1481.7
1217310 1488.6
1217320 1488.6
1217330 1496.0
1217340 1503.9
1217350 1503.9
1217360 1509.6
1217370 1511.0
1217380 1511.0
1217390 1511.7
1217400 1512.9
1217410 1515.1
1217420 1515.1
1217430 1516.2
1217440 1517.9
1217450 1517.9
1217460 1518.9
1217470 1519.9
1217480 1519.9
1217490 1521.3
1217500 1522.7
1217510 1522.7
1217520 1524.6
1217530 1527.1
1217540 1527.1
1217550 1530.3
1217560 1533.7
1217570 1533.7
1217580 1535.5
1217590 1535.3
1217600 1535.3
1217610 1534.8
1217620 1535.4
1217630 1535.4
1217640 1536.4
1217650 1535.5
1217660 1535.5
1217670 1534.0
1217680 1532.8
1217690 1532.8
1217700 1532.8
1217710 1534.1
1217720 1534.1
1217730 1535.4
1217740 1534.8
1217750 1533.1
1217760 1533.1
1217770 1530.3
1217780 1528.3
1217790 1528.3
1217800 1527.2
1217810 1524.4
1217820 1524.4
1217830 1521.0
1217840 1520.4
1217850 1520.4
1217860 1520.0
1217870 1519.3
1217880 1519.3
1217890 1518.1
1217900 1517.3
1217910 1517.3
1217920 1517.4
1217930 1517.9
1217940 1517.9
1217950 1518.3
1217960 1518.3
1217970 1518.3
1217980 1518.4
1217990 1518.7
1218000 1518.7
1218010 1520.3
1218020 1521.9
1218030 1521.9
1218040 1522.6
1218050 1523.0
1218060 1522.5
1218070 1522.5
1218080 1520.7
1218090 1517.9
1218100 1517.9
1218110 1518.1
1218120 1519.6
1218130 1519.6
1218140 1520.8
1218150 1521.0
1218160 1521.0
1218170 1521.3
1218180 1519.6
1218190 1519.6
1218200 1518.6
1218210 1519.4
1218220 1519.4
1218230 1520.8
1218240 1522.1
1218250 1522.1
1218260 1523.3
1218270 1524.4
1218280 1524.4
1218290 1526.0
1218300 1527.5
1218310 1527.5
1218320 1529.0
1218330 1530.9
1218340 1530.9
1218350 1533.6
1218360 1535.7
1218370 1535.7
1218380 1535.5
1218390 1535.7
1218400 1536.8
1218410 1536.8
1218420 1538.0
1218430 1538.3
1218440 1538.3
1218450 1538.8
1218460 1541.1
1218470 1541.1
1218480 1541.5
1218490 1540.6
1218500 1540.6
1218510 1539.9
1218520 1540.2
1218530 1540.2
1218540 1540.0
1218550 1540.4
1218560 1540.4
1218570 1539.5
1218580 1537.7
1218590 1537.7
1218600 1540.4
1218610 1538.5
1218620 1538.5
1218630 1536.1
1218640 1533.1
1218650 1533.1
1218660 1531.8
1218670 1531.7
1218680 1531.7
1218690 1531.9
1218700 1530.0
1218710 1528.6
1218720 1528.6
1218730 1528.4
1218740 1529.2
1218750 1529.2
1218760 1530.5
1218770 1530.4
1218780 1530.4
1218790 1530.2
1218800 1529.0
1218810 1529.0
1218820 1528.6
1218830 1530.5
1218840 1530.5
1218850 1532.0
1218860 1532.7
1218870 1532.7
1218880 1533.1
1218890 1533.6
1218900 1533.6
1218910 1532.8
1218920 1530.7
1218930 1530.7
1218940 1530.3
1218950 1531.6
1218960 1531.6
1218970 1534.1
1218980 1535.8
1218990 1535.8
1219000 1536.0
1219010 1534.7
1219020 1534.7
1219030 1532.2
1219040 1529.1
1219050 1527.3
1219060 1527.3
1219070 1526.8
1219080 1529.3
1219090 1529.3
1219100 1529.9
1219110 1530.3
1219120 1530.3
1219130 1530.9
1219140 1531.6
1219150 1531.6
1219160 1532.5
1219170 1533.8
1219180 1533.8
1219190 1533.8
1219200 1532.6
1219210 1532.6
1219220 1530.6
1219230 1529.0
1219240 1529.0
1219250 1528.8
1219260 1529.8
1219270 1529.8
1219280 1530.1
1219290 1530.4
1219300 1530.4
1219310 1532.0
1219320 1534.5
1219330 1534.5
1219340 1537.2
1219350 1539.5
1219360 1541.2
1219370 1541.2
1219380 1542.3
1219390 1542.7
1219400 1542.7
1219410 1542.1
1219420 1540.9
1219430 1540.9
1219440 1541.5
1219450 1542.7
1219460 1542.7
1219470 1542.9
1219480 1541.4
1219490 1541.4
1219500 1539.3
1219510 1536.9
1219520 1536.9
1219530 1535.7
1219540 1535.6
1219550 1535.6
1219560 1536.8
1219570 1534.7
1219580 1534.7
1219590 1530.7
1219600 1528.3
1219610 1528.3
1219620 1524.2
1219630 1520.4
1219640 1520.4
1219650 1519.0
1219660 1518.7
1219670 1519.3
1219680 1519.3
1219690 1519.9
1219700 1519.5
1219710 1519.5
1219720 1516.7
1219730 1511.7
1219740 1511.7
1219750 1507.0
1219760 1502.6
1219770 1502.6
1219780 1497.4
1219790 1492.5
1219800 1492.5
1219810 1487.6
1219820 1482.6
1219830 1482.6
1219840 1479.6
1219850 1475.5
1219860 1475.5
1219870 1472.5
1219880 1473.0
1219890 1473.0
1219900 1471.4
1219910 1467.4
1219920 1467.4
1219930 1463.4
1219940 1460.5
1219950 1460.5
1219960 1458.7
1219970 1457.5
1219980 1457.5
1219990 1457.0
1200000 1572.3
1200010 1569.4
1200020 1569.4
1200030 1562.0
1200040 1574.4
1200050 1574.4
1200060 1575.5
1200070 1577.2
1200080 1577.2
1200090 1576.9
1200100 1575.8
1200110 1575.8
1200120 1578.5
1200130 1582.7
1200140 1582.7
1200150 1586.8
1200160 1590.9
1200170 1590.9
1200180 1593.5
1200190 1599.0
1200200 1612.7
1200210 1612.7
1200220 1613.2
1200230 1602.7
1200240 1602.7
1200250 1599.8
1200260 1602.3
1200270 1602.3
1200280 1602.0
1200290 1600.1
1200300 1600.1
1200310 1593.3
1200320 1585.7
1200330 1585.7
1200340 1578.3
1200350 1569.7
1200360 1569.7
1200370 1565.1
1200380 1571.9
1200390 1571.9
1200400 1577.0
1200410 1582.6
1200420 1582.6
1200430 1585.0
1200440 1586.5
1200450 1586.5
1200460 1586.0
1200470 1585.2
1200480 1585.2
1200490 1589.3
1200500 1581.8
1200510 1572.2
1200520 1572.2
1200530 1569.5
1200540 1575.6
1200550 1575.6
1200560 1585.0
1200570 1589.6
1200580 1589.6
1200590 1595.5
1200600 1598.7
1200610 1598.7
1200620 1601.2
1200630 1606.1
1200640 1606.1
1200650 1611.5
1200660 1610.3
1200670 1610.3
1200680 1608.9
1200690 1613.0
1200700 1613.0
1200710 1609.9
1200720 1607.1
1200730 1607.1
1200740 1607.7
1200750 1607.8
1200760 1607.8
1200770 1608.2
1200780 1600.6
1200790 1600.6
1200800 1598.9
1200810 1608.0
1200820 1608.0
1200830 1617.6
1200840 1627.0
1200850 1628.1
1200860 1628.1
1200870 1616.1
1200880 1608.8
1200890 1608.8
1200900 1614.8
1200910 1616.3
1200920 1616.3
1200930 1614.8
1200940 1627.4
1200950 1627.4
1200960 1630.1
1200970 1634.1
1200980 1634.1
1200990 1640.6
1201000 1646.5
1201010 1646.5
1201020 1652.1
1201030 1655.1
1201040 1655.1
1201050 1658.7
1201060 1665.0
1201070 1665.0
1201080 1674.3
1201090 1682.3
1201100 1682.3
1201110 1688.4
1201120 1688.0
1201130 1688.0
1201140 1690.8
1201150 1691.7
1201160 1690.6
1201170 1690.6
1201180 1689.5
1201190 1687.8
1201200 1687.8
1201210 1684.8
1201220 1685.7
1201230 1685.7
1201240 1691.6
1201250 1693.6
1201260 1693.6
1201270 1689.9
1201280 1683.1
1201290 1683.1
1201300 1683.1
1201310 1681.9
1201320 1681.9
1201330 1677.0
1201340 1677.3
1201350 1677.3
1201360 1670.6
1201370 1673.2
1201380 1673.2
1201390 1685.4
1201400 1691.7
1201410 1691.7
1201420 1700.0
1201430 1708.5
1201440 1708.5
1201450 1711.6
1201460 1711.5
1201470 1711.5
1201480 1711.8
1201490 1711.4
1201500 1709.0
1201510 1709.0
1201520 1713.3
1201530 1723.2
1201540 1723.2
1201550 1732.6
1201560 1738.6
1201570 1738.6
1201580 1742.8
1201590 1744.6
1201600 1744.6
1201610 1746.8
1201620 1750.5
1201630 1750.5
1201640 1752.4
1201650 1744.7
1201660 1744.7
1201670 1735.5
1201680 1727.2
1201690 1727.2
1201700 1721.8
1201710 1718.0
1201720 1718.0
1201730 1712.2
1201740 1710.3
1201750 1710.3
1201760 1711.5
1201770 1711.5
1201780 1711.5
1201790 1711.6
1201800 1708.3
1201810 1704.1
1201820 1704.1
1201830 1700.2
1201840 1695.1
1201850 1695.1
1201860 1691.7
1201870 1689.1
1201880 1689.1
1201890 1687.6
1201900 1687.5
1201910 1687.5
1201920 1688.9
1201930 1692.0
1201940 1692.0
1201950 1695.6
1201960 1699.9
1201970 1699.9
1201980 1704.1
1201990 1705.6
1202000 1705.6
1202010 1703.5
1202020 1697.9
1202030 1697.9
1202040 1694.2
1202050 1691.3
1202060 1691.3
1202070 1689.0
1202080 1686.4
1202090 1686.4
1202100 1682.1
1202110 1677.2
1202120 1677.2
1202130 1669.1
1202140 1660.2
1202150 1652.8
1202160 1652.8
1202170 1647.2
1202180 1644.1
1202190 1644.1
1202200 1639.1
1202210 1632.2
1202220 1632.2
1202230 1619.7
1202240 1606.2
1202250 1606.2
1202260 1598.4
1202270 1586.4
1202280 1586.4
1202290 1574.5
1202300 1567.5
1202310 1567.5
1202320 1561.0
1202330 1553.7
1202340 1553.7
1202350 1546.1
1202360 1539.1
1202370 1539.1
1202380 1532.4
1202390 1526.2
1202400 1526.2
1202410 1520.3
1202420 1514.6
1202430 1514.6
1202440 1509.2
1202450 1504.3
1202460 1499.5
1202470 1499.5
1202480 1494.9
1202490 1492.1
1202500 1492.1
1202510 1487.6
1202520 1481.2
1202530 1481.2
1202540 1472.4
1202550 1465.6
1202560 1465.6
1202570 1459.7
1202580 1449.9
1202590 1449.9
1202600 1435.0
1202610 1427.0
1202620 1427.0
1202630 1425.5
1202640 1424.2
1202650 1424.2
1202660 1425.7
1202670 1425.9
1202680 1425.9
1202690 1426.5
1202700 1425.6
1202710 1425.6
1202720 1426.5
1202730 1424.5
1202740 1424.5
1202750 1429.7
1202760 1427.0
1202770 1427.0
1202780 1424.6
1202790 1422.2
1202800 1425.3
1202810 1425.3
1202820 1433.6
1202830 1438.2
1202840 1438.2
1202850 1439.1
1202860 1439.0
1202870 1439.0
1202880 1432.7
1202890 1424.6
1202900 1424.6
1202910 1419.0
1202920 1423.1
1202930 1423.1
1202940 1427.3
1202950 1431.2
1202960 1431.2
1202970 1435.0
1202980 1438.1
1202990 1438.1
1203000 1441.7
1203010 1449.1
1203020 1449.1
1203030 1456.4
1203040 1460.7
1203050 1460.7
1203060 1464.3
1203070 1471.2
1203080 1471.2
1203090 1480.9
1203100 1491.3
1203110 1496.9
1203120 1496.9
1203130 1490.3
1203140 1483.9
1203150 1483.9
1203160 1485.6
1203170 1492.7
1203180 1492.7
1203190 1499.7
1203200 1501.4
1203210 1501.4
1203220 1506.5
1203230 1513.3
1203240 1513.3
1203250 1517.5
1203260 1525.1
1203270 1525.1
1203280 1535.2
1203290 1540.5
1203300 1540.5
1203310 1551.3
1203320 1562.8
1203330 1562.8
1203340 1568.8
1203350 1571.3
1203360 1571.3
1203370 1575.6
1203380 1582.5
1203390 1582.5
1203400 1590.1
1203410 1597.5
1203420 1597.5
1203430 1604.6
1203440 1610.5
1203450 1618.1
1203460 1618.1
1203470 1627.7
1203480 1634.1
1203490 1634.1
1203500 1638.4
1203510 1645.6
1203520 1645.6
1203530 1656.5
1203540 1661.4
1203550 1661.4
1203560 1660.4
1203570 1664.5
1203580 1664.5
1203590 1673.2
1203600 1673.0
1203610 1673.0
1203620 1671.2
1203630 1669.8
1203640 1669.8
1203650 1675.4
1203660 1672.9
1203670 1672.9
1203680 1670.4
1203690 1664.0
1203700 1664.0
1203710 1653.3
1203720 1649.7
1203730 1649.7
1203740 1644.7
1203750 1639.2
1203760 1634.0
1203770 1634.0
1203780 1632.3
1203790 1631.3
1203800 1631.3
1203810 1629.4
1203820 1628.2
1203830 1628.2
1203840 1626.2
1203850 1623.5
1203860 1623.5
1203870 1621.0
1203880 1619.0
1203890 1619.0
1203900 1616.8
1203910 1615.0
1203920 1615.0
1203930 1613.1
1203940 1612.5
1203950 1612.5
1203960 1613.6
1203970 1612.0
1203980 1612.0
1203990 1607.8
1204000 1612.5
1204010 1612.5
1204020 1612.0
1204030 1609.4
1204040 1609.4
1204050 1601.6
1204060 1603.1
1204070 1603.1
1204080 1611.8
1204090 1612.2
1204100 1611.4
1204110 1624.3
1204120 1622.1
1204130 1619.4
1204140 1619.4
1204150 1615.5
1204160 1617.1
1204170 1617.1
1204180 1621.0
1204190 1622.3
1204200 1622.3
1204210 1624.1
1204220 1626.8
1204230 1626.8
1204240 1629.6
1204250 1632.5
1204260 1632.5
1204270 1635.5
1204280 1638.0
1204290 1638.0
1204300 1638.9
1204310 1641.2
1204320 1641.2
1204330 1643.3
1204340 1644.2
1204350 1644.2
1204360 1644.8
1204370 1647.8
1204380 1647.8
1204390 1656.8
1204400 1669.2
1204410 1677.8
1204420 1677.8
1204430 1685.2
1204440 1689.9
1204450 1689.9
1204460 1695.7
1204470 1700.0
1204480 1700.0
1204490 1704.7
1204500 1709.6
1204510 1709.6
1204520 1714.9
1204530 1721.3
1204540 1721.3
1204550 1729.2
1204560 1737.0
1204570 1742.8
1204580 1750.4
1204590 1746.6
1204600 1746.6
1204610 1742.1
1204620 1748.1
1204630 1748.1
1204640 1752.1
1204650 1751.3
1204660 1751.3
1204670 1745.8
1204680 1743.8
1204690 1743.8
1204700 1743.9
1204710 1751.4
1204720 1751.4
1204730 1759.9
1204740 1765.1
1204750 1773.5
1204760 1773.5
1204770 1777.8
1204780 1778.0
1204790 1778.0
1204800 1777.4
1204810 1770.4
1204820 1770.4
1204830 1768.2
1204840 1773.9
1204850 1773.9
1204860 1779.3
1204870 1778.4
1204880 1778.4
1204890 1777.4
1204900 1777.5
1204910 1777.5
1204920 1767.7
1204930 1762.1
1204940 1762.1
1204950 1766.3
1204960 1753.4
1204970 1753.4
1204980 1742.1
1204990 1748.9
1205000 1748.9
1205010 1756.4
1205020 1775.6
1205030 1775.6
1205040 1774.6
1205050 1773.9
1205060 1774.3
1205070 1774.3
1205080 1775.1
1205090 1781.2
1205100 1781.2
1205110 1783.1
1205120 1783.6
1205130 1783.6
1205140 1783.1
1205150 1776.1
1205160 1776.1
1205170 1772.1
1205180 1767.8
1205190 1767.8
1205200 1759.9
1205210 1745.6
1205220 1745.6
1205230 1728.0
1205240 1717.5
1205250 1717.5
1205260 1715.0
1205270 1711.0
1205280 1711.0
1205290 1703.8
1205300 1680.4
1205310 1680.4
1205320 1655.5
1205330 1635.2
1205340 1635.2
1205350 1625.1
1205360 1622.5
1205370 1622.5
1205380 1631.4
1205390 1646.3
1205400 1655.5
1205410 1655.5
1205420 1654.0
1205430 1653.2
1205440 1653.2
1205450 1657.1
1205460 1660.2
1205470 1660.2
1205480 1669.1
1205490 1671.8
1205500 1671.8
1205510 1672.6
1205520 1669.0
1205530 1669.0
1205540 1669.8
1205550 1673.7
1205560 1673.7
1205570 1669.7
1205580 1664.7
1205590 1664.7
1205600 1668.2
1205610 1668.9
1205620 1668.9
1205630 1664.1
1205640 1661.4
1205650 1661.4
1205660 1656.4
1205670 1656.1
1205680 1656.1
1205690 1659.5
1205700 1663.2
1205710 1665.5
1205720 1665.5
1205730 1671.1
1205740 1679.4
1205750 1679.4
1205760 1679.6
1205770 1676.6
1205780 1676.6
1205790 1673.0
1205800 1677.8
1205810 1677.8
1205820 1683.5
1205830 1686.2
1205840 1686.2
1205850 1691.6
1205860 1697.7
1205870 1697.7
1205880 1702.2
1205890 1705.1
1205900 1705.1
1205910 1705.5
1205920 1705.6
1205930 1705.6
1205940 1713.3
1205950 1713.1
1205960 1713.1
1205970 1710.9
1205980 1710.8
1205990 1710.8
1206000 1718.7
1206010 1727.5
1206020 1727.5
1206030 1733.4
1206040 1739.2
1206050 1745.3
1206060 1745.3
1206070 1746.0
1206080 1747.4
1206090 1747.4
1206100 1751.6
1206110 1756.9
1206120 1756.9
1206130 1762.3
1206140 1768.0
1206150 1768.0
1206160 1774.2
1206170 1780.2
1206180 1780.2
1206190 1785.4
1206200 1793.3
1206210 1793.3
1206220 1802.5
1206230 1811.5
1206240 1811.5
1206250 1819.1
1206260 1825.3
1206270 1825.3
1206280 1833.1
1206290 1842.5
1206300 1842.5
1206310 1851.9
1206320 1862.7
1206330 1862.7
1206340 1872.6
1206350 1881.3
1206360 1890.8
1206370 1890.8
1206380 1900.9
1206390 1909.8
1206400 1908.4
1206410 1915.3
1206420 1922.0
1206430 1922.0
1206440 1931.3
1206450 1942.7
1206460 1942.7
1206470 1954.4
1206480 1963.9
1206490 1963.9
1206500 1972.7
1206510 1976.9
1206520 1976.9
1206530 1979.5
1206540 1985.7
1206550 1985.7
1206560 1992.9
1206570 2001.7
1206580 2001.7
1206590 2012.8
1206600 2023.1
1206610 2023.1
1206620 2031.5
1206630 2038.6
1206640 2038.6
1206650 2045.9
1206660 2052.9
1206670 2052.9
1206680 2059.9
1206690 2067.6
1206700 2078.3
1206710 2078.3
1206720 2091.3
1206730 2106.4
1206740 2106.4
1206750 2116.3
1206760 2124.8
1206770 2124.8
1206780 2132.3
1206790 2140.5
1206800 2140.5
1206810 2148.5
1206820 2155.7
1206830 2155.7
1206840 2162.6
1206850 2172.9
1206860 2172.9
1206870 2178.0
1206880 2176.9
1206890 2176.9
1206900 2169.8
1206910 2158.8
1206920 2158.8
1206930 2148.1
1206940 2138.3
1206950 2138.3
1206960 2126.6
1206970 2108.3
1206980 2108.3
1206990 2095.0
1207000 2075.5
1207010 2058.9
1207020 2058.9
1207030 2041.7
1207040 2030.0
1207050 2030.0
1207060 2022.6
1207070 2014.8
1207080 2014.8
1207090 2006.3
1207100 1998.3
1207110 1998.3
1207120 1991.2
1207130 1985.1
1207140 1985.1
1207150 1981.0
1207160 1977.2
1207170 1977.2
1207180 1972.4
1207190 1966.7
1207200 1966.7
1207210 1960.8
1207220 1954.2
1207230 1954.2
1207240 1947.9
1207250 1942.3
1207260 1942.3
1207270 1936.6
1207280 1930.8
1207290 1930.8
1207300 1925.2
1207310 1921.3
1207320 1921.3
1207330 1914.6
1207340 1908.3
1207350 1902.9
1207360 1902.9
1207370 1899.0
1207380 1893.8
1207390 1893.8
1207400 1886.6
1207410 1878.8
1207420 1878.8
1207430 1872.5
1207440 1868.8
1207450 1868.8
1207460 1866.2
1207470 1864.1
1207480 1864.1
1207490 1859.3
1207500 1847.3
1207510 1847.3
1207520 1833.4
1207530 1826.1
1207540 1826.1
1207550 1826.0
1207560 1833.7
1207570 1833.7
1207580 1837.8
1207590 1841.6
1207600 1841.6
1207610 1846.5
1207620 1851.5
1207630 1851.5
1207640 1860.6
1207650 1869.5
1207660 1876.0
1207670 1876.0
1207680 1875.9
1207690 1872.6
1207700 1872.6
1207710 1865.5
1207720 1860.0
1207730 1860.0
1207740 1850.8
1207750 1847.3
1207760 1847.3
1207770 1842.4
1207780 1825.7
1207790 1825.7
1207800 1810.4
1207810 1793.1
1207820 1793.1
1207830 1778.7
1207840 1757.2
1207850 1757.2
1207860 1740.6
1207870 1733.1
1207880 1733.1
1207890 1726.5
1207900 1718.6
1207910 1718.6
1207920 1710.6
1207930 1702.2
1207940 1702.2
1207950 1694.7
1207960 1687.6
1207970 1687.6
1207980 1679.3
1207990 1668.3
1208000 1658.9
1208010 1658.9
1208020 1650.2
1208030 1644.8
1208040 1644.8
1208050 1641.7
1208060 1638.9
1208070 1638.9
1208080 1634.4
1208090 1629.9
1208100 1629.9
1208110 1628.0
1208120 1631.3
1208130 1631.3
1208140 1641.7
1208150 1645.3
1208160 1645.3
1208170 1649.4
1208180 1654.2
1208190 1654.2
1208200 1653.8
1208210 1652.8
1208220 1652.8
1208230 1646.2
1208240 1620.8
1208250 1620.8
1208260 1611.6
1208270 1603.7
1208280 1603.7
1208290 1597.7
1208300 1593.0
1208310 1588.3
1208320 1588.3
1208330 1583.8
1208340 1579.5
1208350 1579.5
1208360 1575.9
1208370 1572.0
1208380 1572.0
1208390 1566.0
1208400 1560.3
1208410 1560.3
1208420 1557.3
1208430 1552.9
1208440 1552.9
1208450 1548.5
1208460 1545.1
1208470 1545.1
1208480 1545.0
1208490 1541.7
1208500 1541.7
1208510 1531.0
1208520 1531.6
1208530 1531.6
1208540 1532.0
1208550 1527.2
1208560 1527.2
1208570 1520.0
1208580 1519.6
1208590 1519.6
1208600 1521.2
1208610 1520.6
1208620 1520.6
1208630 1518.5
1208640 1519.2
1208650 1517.4
1208660 1517.4
1208670 1513.7
1208680 1510.0
1208690 1510.0
1208700 1512.3
1208710 1512.9
1208720 1512.9
1208730 1508.2
1208740 1511.4
1208750 1511.4
1208760 1499.3
1208770 1504.6
1208780 1504.6
1208790 1511.2
1208800 1503.7
1208810 1503.7
1208820 1502.4
1208830 1504.7
1208840 1504.7
1208850 1509.6
1208860 1512.1
1208870 1512.1
1208880 1512.4
1208890 1514.8
1208900 1514.8
1208910 1515.1
1208920 1515.5
1208930 1515.5
1208940 1515.0
1208950 1511.4
1208960 1509.3
1208970 1509.3
1208980 1503.9
1208990 1499.8
1209000 1499.8
1209010 1498.5
1209020 1495.4
1209030 1495.4
1209040 1493.7
1209050 1491.0
1209060 1491.0
1209070 1480.0
1209080 1459.7
1209090 1459.7
1209100 1447.6
1209110 1433.8
1209120 1433.8
1209130 1426.5
1209140 1423.0
1209150 1423.0
1209160 1426.2
1209170 1422.3
1209180 1422.3
1209190 1418.9
1209200 1415.1
1209210 1415.1
1209220 1411.6
1209230 1406.9
1209240 1406.9
1209250 1400.4
1209260 1396.3
1209270 1396.3
1209280 1395.5
1209290 1393.3
1209300 1388.7
1209310 1388.7
1209320 1383.8
1209330 1378.8
1209340 1378.8
1209350 1374.2
1209360 1369.8
1209370 1369.8
1209380 1365.4
1209390 1361.3
1209400 1361.3
1209410 1356.9
1209420 1353.5
1209430 1353.5
1209440 1351.0
1209450 1348.5
1209460 1348.5
1209470 1346.0
1209480 1343.9
1209490 1343.9
1209500 1340.8
1209510 1336.4
1209520 1336.4
1209530 1331.1
1209540 1326.1
1209550 1326.1
1209560 1321.8
1209570 1317.3
1209580 1317.3
1209590 1313.0
1209600 1308.4
1209610 1304.0
1209620 1304.0
1209630 1302.7
1209640 1298.9
1209650 1298.9
1209660 1295.2
1209670 1291.7
1209680 1291.7
1209690 1287.2
1209700 1282.8
1209710 1282.8
1209720 1278.4
1209730 1279.7
1209740 1279.7
1209750 1285.2
1209760 1289.5
1209770 1289.5
1209780 1292.7
1209790 1296.9
1209800 1296.9
1209810 1301.4
1209820 1306.1
1209830 1306.1
1209840 1311.2
1209850 1316.0
1209860 1316.0
1209870 1321.9
1209880 1328.5
1209890 1328.5
1209900 1336.4
1209910 1346.2
1209920 1346.2
1209930 1357.0
1209940 1363.8
1209950 1372.9
1209960 1372.9
1209970 1386.6
1209980 1396.2
1209990 1396.2
1210000 1401.5
1210010 1407.6
1210020 1407.6
1210030 1415.1
1210040 1421.6
1210050 1421.6
1210060 1428.2
1210070 1434.7
1210080 1434.7
1210090 1442.2
1210100 1449.6
1210110 1449.6
1210120 1457.5
1210130 1465.6
1210140 1465.6
1210150 1473.2
1210160 1480.9
1210170 1480.9
1210180 1488.1
1210190 1493.9
1210200 1493.9
1210210 1500.7
1210220 1508.1
1210230 1508.1
1210240 1516.6
1210250 1525.2
1210260 1532.8
1210270 1532.8
1210280 1540.2
1210290 1546.8
1210300 1546.8
1210310 1552.9
1210320 1559.4
1210330 1559.4
1210340 1567.1
1210350 1574.0
1210360 1574.0
1210370 1580.5
1210380 1586.4
1210390 1586.4
1210400 1592.9
1210410 1600.5
1210420 1600.5
1210430 1606.8
1210440 1607.4
1210450 1607.4
1210460 1606.3
1210470 1607.6
1210480 1607.6
1210490 1610.4
1210500 1613.2
1210510 1613.2
1210520 1617.7
1210530 1623.4
1210540 1623.4
1210550 1630.5
1210560 1634.8
1210570 1634.8
1210580 1642.7
1210590 1650.6
1210600 1658.8
1210610 1658.8
1210620 1664.7
1210630 1663.9
1210640 1663.9
1210650 1657.5
1210660 1656.7
1210670 1656.7
1210680 1663.9
1210690 1672.4
1210700 1672.4
1210710 1685.2
1210720 1701.4
1210730 1701.4
1210740 1713.8
1210750 1723.1
1210760 1723.1
1210770 1730.7
1210780 1738.2
1210790 1738.2
1210800 1746.2
1210810 1753.7
1210820 1753.7
1210830 1761.1
1210840 1767.7
1210850 1767.7
1210860 1775.6
1210870 1782.8
1210880 1782.8
1210890 1790.1
1210900 1799.5
1210910 1807.3
1210920 1807.3
1210930 1816.5
1210940 1825.5
1210950 1825.5
1210960 1836.7
1210970 1844.5
1210980 1844.5
1210990 1852.6
1211000 1859.9
1211010 1859.9
1211020 1868.0
1211030 1875.3
1211040 1875.3
1211050 1884.7
1211060 1894.0
1211070 1894.0
1211080 1900.5
1211090 1909.5
1211100 1909.5
1211110 1918.2
1211120 1927.2
1211130 1927.2
1211140 1940.6
1211150 1951.8
1211160 1951.8
1211170 1943.0
1211180 1939.7
1211190 1939.7
1211200 1936.3
1211210 1932.1
1211220 1932.1
1211230 1929.9
1211240 1926.0
1211250 1923.2
1211260 1923.2
1211270 1919.7
1211280 1921.5
1211290 1921.5
1211300 1927.9
1211310 1934.0
1211320 1934.0
1211330 1937.6
1211340 1939.3
1211350 1939.3
1211360 1938.1
1211370 1936.3
1211380 1936.3
1211390 1934.9
1211400 1932.9
1211410 1932.9
1211420 1930.3
1211430 1927.4
1211440 1927.4
1211450 1923.9
1211460 1920.7
1211470 1920.7
1211480 1916.3
1211490 1916.4
1211500 1916.4
1211510 1912.6
1211520 1907.5
1211530 1907.5
1211540 1901.8
1211550 1896.4
1211560 1892.3
1211570 1892.3
1211580 1887.1
1211590 1880.2
1211600 1880.2
1211610 1874.1
1211620 1869.6
1211630 1869.6
1211640 1865.4
1211650 1861.4
1211660 1861.4
1211670 1858.1
1211680 1854.6
1211690 1854.6
1211700 1851.4
1211710 1848.6
1211720 1848.6
1211730 1846.6
1211740 1843.9
1211750 1843.9
1211760 1840.1
1211770 1835.8
1211780 1835.8
1211790 1830.9
1211800 1826.0
1211810 1826.0
1211820 1821.0
1211830 1815.5
1211840 1815.5
1211850 1810.0
1211860 1805.2
1211870 1805.2
1211880 1802.0
1211890 1794.9
1211900 1787.9
1211910 1787.9
1211920 1781.5
1211930 1776.4
1211940 1776.4
1211950 1770.4
1211960 1764.7
1211970 1764.7
1211980 1758.6
1211990 1751.9
1212000 1751.9
1212010 1745.5
1212020 1740.3
1212030 1740.3
1212040 1735.4
1212050 1731.2
1212060 1731.2
1212070 1727.3
1212080 1723.0
1212090 1723.0
1212100 1719.5
1212110 1716.1
1212120 1716.1
1212130 1713.3
1212140 1710.1
1212150 1710.1
1212160 1707.5
1212170 1705.7
1212180 1705.7
1212190 1703.7
1212200 1702.3
1212210 1701.3
1212220 1701.3
1212230 1700.5
1212240 1700.3
1212250 1700.3
1212260 1701.3
1212270 1704.3
1212280 1704.3
1212290 1709.0
1212300 1712.9
1212310 1712.9
1212320 1713.7
1212330 1713.3
1212340 1713.3
1212350 1713.9
1212360 1714.6
1212370 1714.6
1212380 1715.3
1212390 1716.8
1212400 1716.8
1212410 1717.1
1212420 1716.5
1212430 1716.2
1212440 1714.0
1212450 1713.6
1212460 1713.6
1212470 1715.7
1212480 1716.9
1212490 1716.9
1212500 1718.0
1212510 1719.3
1212520 1719.3
1212530 1721.4
1212540 1722.4
1212550 1723.3
1212560 1723.3
1212570 1725.9
1212580 1728.5
1212590 1728.5
1212600 1729.0
1212610 1728.2
1212620 1728.2
1212630 1727.4
1212640 1727.2
1212650 1727.2
1212660 1727.9
1212670 1728.9
1212680 1728.9
1212690 1729.4
1212700 1731.5
1212710 1731.5
1212720 1737.3
1212730 1743.5
1212740 1743.5
1212750 1749.7
1212760 1751.2
1212770 1751.2
1212780 1750.4
1212790 1750.0
1212800 1750.0
1212810 1746.2
1212820 1742.5
1212830 1742.5
1212840 1740.4
1212850 1739.0
1212860 1738.1
1212870 1738.1
1212880 1737.6
1212890 1736.7
1212900 1734.9
1212910 1734.5
1212920 1734.7
1212930 1734.7
1212940 1734.0
1212950 1733.6
1212960 1733.6
1212970 1731.0
1212980 1726.6
1212990 1726.6
1213000 1719.8
1213010 1714.1
1213020 1714.1
1213030 1710.9
1213040 1709.3
1213050 1709.3
1213060 1707.6
1213070 1705.5
1213080 1705.5
1213090 1704.3
1213100 1705.0
1213110 1705.0
1213120 1705.2
1213130 1700.7
1213140 1700.7
1213150 1694.6
1213160 1690.5
1213170 1690.5
1213180 1687.1
1213190 1681.1
1213200 1675.9
1213210 1675.9
1213220 1672.1
1213230 1667.2
1213240 1667.2
1213250 1662.0
1213260 1655.1
1213270 1655.1
1213280 1647.3
1213290 1639.2
1213300 1639.2
1213310 1633.0
1213320 1627.5
1213330 1627.5
1213340 1622.8
1213350 1618.0
1213360 1618.0
1213370 1612.9
1213380 1610.6
1213390 1610.6
1213400 1610.9
1213410 1610.3
1213420 1610.3
1213430 1606.8
1213440 1601.8
1213450 1601.8
1213460 1595.0
1213470 1589.8
1213480 1589.8
1213490 1585.2
1213500 1580.5
1213510 1578.0
1213520 1578.0
1213530 1576.2
1213540 1574.1
1213550 1574.1
1213560 1571.1
1213570 1569.0
1213580 1569.0
1213590 1567.6
1213600 1565.3
1213610 1565.3
1213620 1563.3
1213630 1561.8
1213640 1561.8
1213650 1553.3
1213660 1544.6
1213670 1544.6
1213680 1537.7
1213690 1533.3
1213700 1533.3
1213710 1528.3
1213720 1522.1
1213730 1522.1
1213740 1517.5
1213750 1513.5
1213760 1513.5
1213770 1509.7
1213780 1505.1
1213790 1505.1
1213800 1501.7
1213810 1498.3
1213820 1498.3
1213830 1498.0
1213840 1495.7
1213850 1492.0
1213860 1492.0
1213870 1488.8
1213880 1486.4
1213890 1486.4
1213900 1485.9
1213910 1486.8
1213920 1486.8
1213930 1485.8
1213940 1482.9
1213950 1482.9
1213960 1479.9
1213970 1475.5
1213980 1475.5
1213990 1470.6
1214000 1470.2
1214010 1470.2
1214020 1469.0
1214030 1462.1
1214040 1462.1
1214050 1454.8
1214060 1447.9
1214070 1447.9
1214080 1441.0
1214090 1434.7
1214100 1434.7
1214110 1429.1
1214120 1422.2
1214130 1422.2
1214140 1416.2
1214150 1410.4
1214160 1404.1
1214170 1404.1
1214180 1397.6
1214190 1391.5
1214200 1391.5
1214210 1387.4
1214220 1384.8
1214230 1384.8
1214240 1382.7
1214250 1377.8
1214260 1377.8
1214270 1370.4
1214280 1364.3
1214290 1364.3
1214300 1357.9
1214310 1350.8
1214320 1350.8
1214330 1343.6
1214340 1337.2
1214350 1337.2
1214360 1331.7
1214370 1326.6
1214380 1326.6
1214390 1323.0
1214400 1319.6
1214410 1319.6
1214420 1315.7
1214430 1312.1
1214440 1312.1
1214450 1309.1
1214460 1301.8
1214470 1301.8
1214480 1295.2
1214490 1290.3
1214500 1286.1
1214510 1286.1
1214520 1283.1
1214530 1279.3
1214540 1279.3
1214550 1274.8
1214560 1270.6
1214570 1270.6
1214580 1267.8
1214590 1266.6
1214600 1266.6
1214610 1263.2
1214620 1257.9
1214630 1257.9
1214640 1254.1
1214650 1250.2
1214660 1250.2
1214670 1246.5
1214680 1243.1
1214690 1243.1
1214700 1237.7
1214710 1232.3
1214720 1232.3
1214730 1227.1
1214740 1222.5
1214750 1222.5
1214760 1219.5
1214770 1216.2
1214780 1220.4
1214790 1214.8
1214800 1205.3
1214810 1192.3
1214820 1192.3
1214830 1178.3
1214840 1170.1
1214850 1170.1
1214860 1161.3
1214870 1151.5
1214880 1151.5
1214890 1142.5
1214900 1131.3
1214910 1131.3
1214920 1119.6
1214930 1109.7
1214940 1109.7
1214950 1099.6
1214960 1090.3
1214970 1090.3
1214980 1082.0
1214990 1074.4
1215000 1074.4
1215010 1066.5
1215020 1058.4
1215030 1058.4
1215040 1050.9
1215050 1042.6
1215060 1042.6
1215070 1034.5
1215080 1026.8
1215090 1026.8
1215100 1017.4
1215110 1004.5
1215120 1004.5
1215130 992.2
1215140 981.9
1215150 972.3
1215160 972.3
1215170 964.1
1215180 956.8
1215190 956.8
1215200 948.6
1215210 938.4
1215220 938.4
1215230 930.5
1215240 924.1
1215250 924.1
1215260 917.1
1215270 910.4
1215280 910.4
1215290 905.2
1215300 899.7
1215310 899.7
1215320 893.4
1215330 886.3
1215340 886.3
1215350 879.2
1215360 875.2
1215370 875.2
1215380 870.3
1215390 868.3
1215400 868.3
1215410 870.3
1215420 872.0
1215430 872.0
1215440 873.3
1215450 874.7
1215460 874.4
1215470 874.4
1215480 873.9
1215490 874.1
1215500 874.1
1215510 874.3
1215520 874.2
1215530 874.2
1215540 874.8
1215550 875.0
1215560 875.0
1215570 875.0
1215580 874.7
1215590 874.7
1215600 874.7
1215610 874.7
1215620 874.7
1215630 874.7
1215640 874.8
1215650 874.8
1215660 874.7
1215670 874.8
1215680 874.8
1215690 874.9
1215700 874.7
1215710 874.7
1215720 874.1
1215730 874.7
1215740 874.7
1215750 874.8
1215760 874.6
1215770 874.6
1215780 875.3
1215790 875.1
1215800 874.6
1215810 874.6
1215820 874.4
1215830 874.5
1215840 874.5
1215850 874.7
1215860 874.9
1215870 874.9
1215880 875.1
1215890 875.4
1215900 875.4
1215910 877.5
1215920 882.3
1215930 882.3
1215940 887.3
1215950 892.7
1215960 892.7
1215970 899.3
1215980 906.0
1215990 906.0
1216000 912.5
1216010 919.4
1216020 919.4
1216030 926.5
1216040 933.1
1216050 933.1
1216060 940.1
1216070 947.4
1216080 947.4
1216090 954.5
1216100 961.8
1216110 968.9
1216120 968.9
1216130 976.3
1216140 983.8
1216150 983.8
1216160 993.1
1216170 1003.8
1216180 1003.8
1216190 1014.5
1216200 1025.4
1216210 1031.2
1216220 1040.9
1216230 1048.7
1216240 1048.7
1216250 1051.9
1216260 1058.3
1216270 1058.3
1216280 1071.1
1216290 1084.0
1216300 1084.0
1216310 1093.1
1216320 1101.0
1216330 1101.0
1216340 1107.6
1216350 1114.6
1216360 1114.6
1216370 1122.5
1216380 1129.6
1216390 1129.6
1216400 1136.1
1216410 1143.4
1216420 1143.4
1216430 1151.7
1216440 1161.4
1216450 1173.3
1216460 1173.3
1216470 1183.5
1216480 1191.8
1216490 1191.8
1216500 1200.2
1216510 1208.2
1216520 1208.2
1216530 1219.5
1216540 1229.8
1216550 1229.8
1216560 1239.4
1216570 1248.7
1216580 1248.7
1216590 1254.9
1216600 1258.8
1216610 1258.8
1216620 1262.9
1216630 1267.6
1216640 1267.6
1216650 1273.4
1216660 1280.3
1216670 1280.3
1216680 1288.0
1216690 1298.2
1216700 1298.2
1216710 1305.1
1216720 1312.6
1216730 1312.6
1216740 1317.4
1216750 1319.2
1216760 1321.2
1216770 1321.2
1216780 1323.2
1216790 1323.5
1216800 1323.5
1216810 1325.3
1216820 1329.5
1216830 1329.5
1216840 1336.0
1216850 1342.2
1216860 1342.2
1216870 1350.4
1216880 1359.4
1216890 1359.4
1216900 1364.4
1216910 1370.0
1216920 1370.0
1216930 1376.0
1216940 1380.7
1216950 1380.7
1216960 1384.0
1216970 1385.6
1216980 1385.6
1216990 1386.8
1217000 1392.0
1217010 1392.0
1217020 1400.3
1217030 1409.3
1217040 1409.3
1217050 1422.0
1217060 1432.7
1217070 1432.7
1217080 1438.3
1217090 1443.1
1217100 1448.7
1217110 1448.7
1217120 1453.0
1217130 1455.0
1217140 1455.0
1217150 1456.1
1217160 1462.2
1217170 1462.2
1217180 1465.7
1217190 1466.1
1217200 1466.1
1217210 1466.5
1217220 1467.9
1217230 1467.9
1217240 1469.3
1217250 1469.1
1217260 1469.1
1217270 1470.9
1217280 1475.6
1217290 1475.6
1217300 1481.7
1217310 1488.6
1217320 1488.6
1217330 1496.0
1217340 1503.9
1217350 1503.9
1217360 1509.6
1217370 1511.0
1217380 1511.0
1217390 1511.7
1217400 1512.9
1217410 1515.1
1217420 1515.1
1217430 1516.2
1217440 1517.9
1217450 1517.9
1217460 1518.9
1217470 1519.9
1217480 1519.9
1217490 1521.3
1217500 1522.7
1217510 1522.7
1217520 1524.6
1217530 1527.1
1217540 1527.1
1217550 1530.3
1217560 1533.7
1217570 1533.7
1217580 1535.5
1217590 1535.3
1217600 1535.3
1217610 1534.8
1217620 1535.4
1217630 1535.4
1217640 1536.4
1217650 1535.5
1217660 1535.5
1217670 1534.0
1217680 1532.8
1217690 1532.8
1217700 1532.8
1217710 1534.1
1217720 1534.1
1217730 1535.4
1217740 1534.8
1217750 1533.1
1217760 1533.1
1217770 1530.3
1217780 1528.3
1217790 1528.3
1217800 1527.2
1217810 1524.4
1217820 1524.4
1217830 1521.0
1217840 1520.4
1217850 1520.4
1217860 1520.0
1217870 1519.3
1217880 1519.3
1217890 1518.1
1217900 1517.3
1217910 1517.3
1217920 1517.4
1217930 1517.9
1217940 1517.9
1217950 1518.3
1217960 1518.3
1217970 1518.3
1217980 1518.4
1217990 1518.7
1218000 1518.7
1218010 1520.3
1218020 1521.9
1218030 1521.9
1218040 1522.6
1218050 1523.0
1218060 1522.5
1218070 1522.5
1218080 1520.7
1218090 1517.9
1218100 1517.9
1218110 1518.1
1218120 1519.6
1218130 1519.6
1218140 1520.8
1218150 1521.0
1218160 1521.0
1218170 1521.3
1218180 1519.6
1218190 1519.6
1218200 1518.6
1218210 1519.4
1218220 1519.4
1218230 1520.8
1218240 1522.1
1218250 1522.1
1218260 1523.3
1218270 1524.4
1218280 1524.4
1218290 1526.0
1218300 1527.5
1218310 1527.5
1218320 1529.0
1218330 1530.9
1218340 1530.9
1218350 1533.6
1218360 1535.7
1218370 1535.7
1218380 1535.5
1218390 1535.7
1218400 1536.8
1218410 1536.8
1218420 1538.0
1218430 1538.3
1218440 1538.3
1218450 1538.8
1218460 1541.1
1218470 1541.1
1218480 1541.5
1218490 1540.6
1218500 1540.6
1218510 1539.9
1218520 1540.2
1218530 1540.2
1218540 1540.0
1218550 1540.4
1218560 1540.4
1218570 1539.5
1218580 1537.7
1218590 1537.7
1218600 1540.4
1218610 1538.5
1218620 1538.5
1218630 1536.1
1218640 1533.1
1218650 1533.1
1218660 1531.8
1218670 1531.7
1218680 1531.7
1218690 1531.9
1218700 1530.0
1218710 1528.6
1218720 1528.6
1218730 1528.4
1218740 1529.2
1218750 1529.2
1218760 1530.5
1218770 1530.4
1218780 1530.4
1218790 1530.2
1218800 1529.0
1218810 1529.0
1218820 1528.6
1218830 1530.5
1218840 1530.5
1218850 1532.0
1218860 1532.7
1218870 1532.7
1218880 1533.1
1218890 1533.6
1218900 1533.6
1218910 1532.8
1218920 1530.7
1218930 1530.7
1218940 1530.3
1218950 1531.6
1218960 1531.6
1218970 1534.1
1218980 1535.8
1218990 1535.8
1219000 1536.0
1219010 1534.7
1219020 1534.7
1219030 1532.2
1219040 1529.1
1219050 1527.3
1219060 1527.3
1219070 1526.8
1219080 1529.3
1219090 1529.3
1219100 1529.9
1219110 1530.3
1219120 1530.3
1219130 1530.9
1219140 1531.6
1219150 1531.6
1219160 1532.5
1219170 1533.8
1219180 1533.8
1219190 1533.8
1219200 1532.6
1219210 1532.6
1219220 1530.6
1219230 1529.0
1219240 1529.0
1219250 1528.8
1219260 1529.8
1219270 1529.8
1219280 1530.1
1219290 1530.4
1219300 1530.4
1219310 1532.0
1219320 1534.5
1219330 1534.5
1219340 1537.2
1219350 1539.5
1219360 1541.2
1219370 1541.2
1219380 1542.3
1219390 1542.7
1219400 1542.7
1219410 1542.1
1219420 1540.9
1219430 1540.9
1219440 1541.5
1219450 1542.7
1219460 1542.7
1219470 1542.9
1219480 1541.4
1219490 1541.4
1219500 1539.3
1219510 1536.9
1219520 1536.9
1219530 1535.7
1219540 1535.6
1219550 1535.6
1219560 1536.8
1219570 1534.7
1219580 1534.7
1219590 1530.7
1219600 1528.3
1219610 1528.3
1219620 1524.2
1219630 1520.4
1219640 1520.4
1219650 1519.0
1219660 1518.7
1219670 1519.3
1219680 1519.3
1219690 1519.9
1219700 1519.5
1219710 1519.5
1219720 1516.7
1219730 1511.7
1219740 1511.7
1219750 1507.0
1219760 1502.6
1219770 1502.6
1219780 1497.4
1219790 1492.5
1219800 1492.5
1219810 1487.6
1219820 1482.6
1219830 1482.6
1219840 1479.6
1219850 1475.5
1219860 1475.5
1219870 1472.5
1219880 1473.0
1219890 1473.0
1219900 1471.4
1219910 1467.4
1219920 1467.4
1219930 1463.4
1219940 1460.5
1219950 1460.5
1219960 1458.7
1219970 1457.5
1219980 1457.5
1219990 1457.0
1200000 1572.3
1200010 1569.4
1200020 1569.4
1200030 1562.0
1200040 1574.4
1200050 1574.4
1200060 1575.5
1200070 1577.2
1200080 1577.2
1200090 1576.9
1200100 1575.8
1200110 1575.8
1200120 1578.5
1200130 1582.7
1200140 1582.7
1200150 1586.8
1200160 1590.9
1200170 1590.9
1200180 1593.5
1200190 1599.0
1200200 1612.7
1200210 1612.7
1200220 1613.2
1200230 1602.7
1200240 1602.7
1200250 1599.8
1200260 1602.3
1200270 1602.3
1200280 1602.0
1200290 1600.1
1200300 1600.1
1200310 1593.3
1200320 1585.7
1200330 1585.7
1200340 1578.3
1200350 1569.7
1200360 1569.7
1200370 1565.1
1200380 1571.9
1200390 1571.9
1200400 1577.0
1200410 1582.6
1200420 1582.6
1200430 1585.0
1200440 1586.5
1200450 1586.5
1200460 1586.0
1200470 1585.2
1200480 1585.2
1200490 1589.3
1200500 1581.8
1200510 1572.2
1200520 1572.2
1200530 1569.5
1200540 1575.6
1200550 1575.6
1200560 1585.0
1200570 1589.6
1200580 1589.6
1200590 1595.5
1200600 1598.7
1200610 1598.7
1200620 1601.2
1200630 1606.1
1200640 1606.1
1200650 1611.5
1200660 1610.3
1200670 1610.3
1200680 1608.9
1200690 1613.0
1200700 1613.0
1200710 1609.9
1200720 1607.1
1200730 1607.1
1200740 1607.7
1200750 1607.8
1200760 1607.8
1200770 1608.2
1200780 1600.6
1200790 1600.6
1200800 1598.9
1200810 1608.0
1200820 1608.0
1200830 1617.6
1200840 1627.0
1200850 1628.1
1200860 1628.1
1200870 1616.1
1200880 1608.8
1200890 1608.8
1200900 1614.8
1200910 1616.3
1200920 1616.3
1200930 1614.8
1200940 1627.4
1200950 1627.4
1200960 1630.1
1200970 1634.1
1200980 1634.1
1200990 1640.6
1201000 1646.5
1201010 1646.5
1201020 1652.1
1201030 1655.1
1201040 1655.1
1201050 1658.7
1201060 1665.0
1201070 1665.0
1201080 1674.3
1201090 1682.3
1201100 1682.3
1201110 1688.4
1201120 1688.0
1201130 1688.0
1201140 1690.8
1201150 1691.7
1201160 1690.6
1201170 1690.6
1201180 1689.5
1201190 1687.8
1201200 1687.8
1201210 1684.8
1201220 1685.7
1201230 1685.7
1201240 1691.6
1201250 1693.6
1201260 1693.6
1201270 1689.9
1201280 1683.1
1201290 1683.1
1201300 1683.1
1201310 1681.9
1201320 1681.9
1201330 1677.0
1201340 1677.3
1201350 1677.3
1201360 1670.6
1201370 1673.2
1201380 1673.2
1201390 1685.4
1201400 1691.7
1201410 1691.7
1201420 1700.0
1201430 1708.5
1201440 1708.5
1201450 1711.6
1201460 1711.5
1201470 1711.5
1201480 1711.8
1201490 1711.4
1201500 1709.0
1201510 1709.0
1201520 1713.3
1201530 1723.2
1201540 1723.2
1201550 1732.6
1201560 1738.6
1201570 1738.6
1201580 1742.8
1201590 1744.6
1201600 1744.6
1201610 1746.8
1201620 1750.5
1201630 1750.5
1201640 1752.4
1201650 1744.7
1201660 1744.7
1201670 1735.5
1201680 1727.2
1201690 1727.2
1201700 1721.8
1201710 1718.0
1201720 1718.0
1201730 1712.2
1201740 1710.3
1201750 1710.3
1201760 1711.5
1201770 1711.5
1201780 1711.5
1201790 1711.6
1201800 1708.3
1201810 1704.1
1201820 1704.1
1201830 1700.2
1201840 1695.1
1201850 1695.1
1201860 1691.7
1201870 1689.1
1201880 1689.1
1201890 1687.6
1201900 1687.5
1201910 1687.5
1201920 1688.9
1201930 1692.0
1201940 1692.0
1201950 1695.6
1201960 1699.9
1201970 1699.9
1201980 1704.1
1201990 1705.6
1202000 1705.6
1202010 1703.5
1202020 1697.9
1202030 1697.9
1202040 1694.2
1202050 1691.3
1202060 1691.3
1202070 1689.0
1202080 1686.4
1202090 1686.4
1202100 1682.1
1202110 1677.2
1202120 1677.2
1202130 1669.1
1202140 1660.2
1202150 1652.8
1202160 1652.8
1202170 1647.2
1202180 1644.1
1202190 1644.1
1202200 1639.1
1202210 1632.2
1202220 1632.2
1202230 1619.7
1202240 1606.2
1202250 1606.2
1202260 1598.4
1202270 1586.4
1202280 1586.4
1202290 1574.5
1202300 1567.5
1202310 1567.5
1202320 1561.0
1202330 1553.7
1202340 1553.7
1202350 1546.1
1202360 1539.1
1202370 1539.1
1202380 1532.4
1202390 1526.2
1202400 1526.2
1202410 1520.3
1202420 1514.6
1202430 1514.6
1202440 1509.2
1202450 1504.3
1202460 1499.5
1202470 1499.5
1202480 1494.9
1202490 1492.1
1202500 1492.1
1202510 1487.6
1202520 1481.2
1202530 1481.2
1202540 1472.4
1202550 1465.6
1202560 1465.6
1202570 1459.7
1202580 1449.9
1202590 1449.9
1202600 1435.0
1202610 1427.0
1202620 1427.0
1202630 1425.5
1202640 1424.2
1202650 1424.2
1202660 1425.7
1202670 1425.9
1202680 1425.9
1202690 1426.5
1202700 1425.6
1202710 1425.6
1202720 1426.5
1202730 1424.5
1202740 1424.5
1202750 1429.7
1202760 1427.0
1202770 1427.0
1202780 1424.6
1202790 1422.2
1202800 1425.3
1202810 1425.3
1202820 1433.6
1202830 1438.2
1202840 1438.2
1202850 1439.1
1202860 1439.0
1202870 1439.0
1202880 1432.7
1202890 1424.6
1202900 1424.6
1202910 1419.0
1202920 1423.1
1202930 1423.1
1202940 1427.3
1202950 1431.2
1202960 1431.2
1202970 1435.0
1202980 1438.1
1202990 1438.1
1203000 1441.7
1203010 1449.1
1203020 1449.1
1203030 1456.4
1203040 1460.7
1203050 1460.7
1203060 1464.3
1203070 1471.2
1203080 1471.2
1203090 1480.9
1203100 1491.3
1203110 1496.9
1203120 1496.9
1203130 1490.3
1203140 1483.9
1203150 1483.9
1203160 1485.6
1203170 1492.7
1203180 1492.7
1203190 1499.7
1203200 1501.4
1203210 1501.4
1203220 1506.5
1203230 1513.3
1203240 1513.3
1203250 1517.5
1203260 1525.1
1203270 1525.1
1203280 1535.2
1203290 1540.5
1203300 1540.5
1203310 1551.3
1203320 1562.8
1203330 1562.8
1203340 1568.8
1203350 1571.3
1203360 1571.3
1203370 1575.6
1203380 1582.5
1203390 1582.5
1203400 1590.1
1203410 1597.5
1203420 1597.5
1203430 1604.6
1203440 1610.5
1203450 1618.1
1203460 1618.1
1203470 1627.7
1203480 1634.1
1203490 1634.1
1203500 1638.4
1203510 1645.6
1203520 1645.6
1203530 1656.5
1203540 1661.4
1203550 1661.4
1203560 1660.4
1203570 1664.5
1203580 1664.5
1203590 1673.2
1203600 1673.0
1203610 1673.0
1203620 1671.2
1203630 1669.8
1203640 1669.8
1203650 1675.4
1203660 1672.9
1203670 1672.9
1203680 1670.4
1203690 1664.0
1203700 1664.0
1203710 1653.3
1203720 1649.7
1203730 1649.7
1203740 1644.7
1203750 1639.2
1203760 1634.0
1203770 1634.0
1203780 1632.3
1203790 1631.3
1203800 1631.3
1203810 1629.4
1203820 1628.2
1203830 1628.2
1203840 1626.2
1203850 1623.5
1203860 1623.5
1203870 1621.0
1203880 1619.0
1203890 1619.0
1203900 1616.8
1203910 1615.0
1203920 1615.0
1203930 1613.1
1203940 1612.5
1203950 1612.5
1203960 1613.6
1203970 1612.0
1203980 1612.0
1203990 1607.8
1204000 1612.5
1204010 1612.5
1204020 1612.0
1204030 1609.4
1204040 1609.4
1204050 1601.6
1204060 1603.1
1204070 1603.1
1204080 1611.8
1204090 1612.2
1204100 1611.4
1204110 1624.3
1204120 1622.1
1204130 1619.4
1204140 1619.4
1204150 1615.5
1204160 1617.1
1204170 1617.1
1204180 1621.0
1204190 1622.3
1204200 1622.3
1204210 1624.1
1204220 1626.8
1204230 1626.8
1204240 1629.6
1204250 1632.5
1204260 1632.5
1204270 1635.5
1204280 1638.0
1204290 1638.0
1204300 1638.9
1204310 1641.2
1204320 1641.2
1204330 1643.3
1204340 1644.2
1204350 1644.2
1204360 1644.8
1204370 1647.8
1204380 1647.8
1204390 1656.8
1204400 1669.2
1204410 1677.8
1204420 1677.8
1204430 1685.2
1204440 1689.9
1204450 1689.9
1204460 1695.7
1204470 1700.0
1204480 1700.0
1204490 1704.7
1204500 1709.6
1204510 1709.6
1204520 1714.9
1204530 1721.3
1204540 1721.3
1204550 1729.2
1204560 1737.0
1204570 1742.8
1204580 1750.4
1204590 1746.6
1204600 1746.6
1204610 1742.1
1204620 1748.1
1204630 1748.1
1204640 1752.1
1204650 1751.3
1204660 1751.3
1204670 1745.8
1204680 1743.8
1204690 1743.8
1204700 1743.9
1204710 1751.4
1204720 1751.4
1204730 1759.9
1204740 1765.1
1204750 1773.5
1204760 1773.5
1204770 1777.8
1204780 1778.0
1204790 1778.0
1204800 1777.4
1204810 1770.4
1204820 1770.4
1204830 1768.2
1204840 1773.9
1204850 1773.9
1204860 1779.3
1204870 1778.4
1204880 1778.4
1204890 1777.4
1204900 1777.5
1204910 1777.5
1204920 1767.7
1204930 1762.1
1204940 1762.1
1204950 1766.3
1204960 1753.4
1204970 1753.4
1204980 1742.1
1204990 1748.9
1205000 1748.9
1205010 1756.4
1205020 1775.6
1205030 1775.6
1205040 1774.6
1205050 1773.9
1205060 1774.3
1205070 1774.3
1205080 1775.1
1205090 1781.2
1205100 1781.2
1205110 1783.1
1205120 1783.6
1205130 1783.6
1205140 1783.1
1205150 1776.1
1205160 1776.1
1205170 1772.1
1205180 1767.8
1205190 1767.8
1205200 1759.9
1205210 1745.6
1205220 1745.6
1205230 1728.0
1205240 1717.5
1205250 1717.5
1205260 1715.0
1205270 1711.0
1205280 1711.0
1205290 1703.8
1205300 1680.4
1205310 1680.4
1205320 1655.5
1205330 1635.2
1205340 1635.2
1205350 1625.1
1205360 1622.5
1205370 1622.5
1205380 1631.4
1205390 1646.3
1205400 1655.5
1205410 1655.5
1205420 1654.0
1205430 1653.2
1205440 1653.2
1205450 1657.1
1205460 1660.2
1205470 1660.2
1205480 1669.1
1205490 1671.8
1205500 1671.8
1205510 1672.6
1205520 1669.0
1205530 1669.0
1205540 1669.8
1205550 1673.7
1205560 1673.7
1205570 1669.7
1205580 1664.7
1205590 1664.7
1205600 1668.2
1205610 1668.9
1205620 1668.9
1205630 1664.1
1205640 1661.4
1205650 1661.4
1205660 1656.4
1205670 1656.1
1205680 1656.1
1205690 1659.5
1205700 1663.2
1205710 1665.5
1205720 1665.5
1205730 1671.1
1205740 1679.4
1205750 1679.4
1205760 1679.6
1205770 1676.6
1205780 1676.6
1205790 1673.0
1205800 1677.8
1205810 1677.8
1205820 1683.5
1205830 1686.2
1205840 1686.2
1205850 1691.6
1205860 1697.7
1205870 1697.7
1205880 1702.2
1205890 1705.1
1205900 1705.1
1205910 1705.5
1205920 1705.6
1205930 1705.6
1205940 1713.3
1205950 1713.1
1205960 1713.1
1205970 1710.9
1205980 1710.8
1205990 1710.8
1206000 1718.7
1206010 1727.5
1206020 1727.5
1206030 1733.4
1206040 1739.2
1206050 1745.3
1206060 1745.3
1206070 1746.0
1206080 1747.4
1206090 1747.4
1206100 1751.6
1206110 1756.9
1206120 1756.9
1206130 1762.3
1206140 1768.0
1206150 1768.0
1206160 1774.2
1206170 1780.2
1206180 1780.2
1206190 1785.4
1206200 1793.3
1206210 1793.3
1206220 1802.5
1206230 1811.5
1206240 1811.5
1206250 1819.1
1206260 1825.3
1206270 1825.3
1206280 1833.1
1206290 1842.5
1206300 1842.5
1206310 1851.9
1206320 1862.7
1206330 1862.7
1206340 1872.6
1206350 1881.3
1206360 1890.8
1206370 1890.8
1206380 1900.9
1206390 1909.8
1206400 1908.4
1206410 1915.3
1206420 1922.0
1206430 1922.0
1206440 1931.3
1206450 1942.7
1206460 1942.7
1206470 1954.4
1206480 1963.9
1206490 1963.9
1206500 1972.7
1206510 1976.9
1206520 1976.9
1206530 1979.5
1206540 1985.7
1206550 1985.7
1206560 1992.9
1206570 2001.7
1206580 2001.7
1206590 2012.8
1206600 2023.1
1206610 2023.1
1206620 2031.5
1206630 2038.6
1206640 2038.6
1206650 2045.9
1206660 2052.9
1206670 2052.9
1206680 2059.9
1206690 2067.6
1206700 2078.3
1206710 2078.3
1206720 2091.3
1206730 2106.4
1206740 2106.4
1206750 2116.3
1206760 2124.8
1206770 2124.8
1206780 2132.3
1206790 2140.5
1206800 2140.5
1206810 2148.5
1206820 2155.7
1206830 2155.7
1206840 2162.6
1206850 2172.9
1206860 2172.9
1206870 2178.0
1206880 2176.9
1206890 2176.9
1206900 2169.8
1206910 2158.8
1206920 2158.8
1206930 2148.1
1206940 2138.3
1206950 2138.3
1206960 2126.6
1206970 2108.3
1206980 2108.3
1206990 2095.0
1207000 2075.5
1207010 2058.9
1207020 2058.9
1207030 2041.7
1207040 2030.0
1207050 2030.0
1207060 2022.6
1207070 2014.8
1207080 2014.8
1207090 2006.3
1207100 1998.3
1207110 1998.3
1207120 1991.2
1207130 1985.1
1207140 1985.1
1207150 1981.0
1207160 1977.2
1207170 1977.2
1207180 1972.4
1207190 1966.7
1207200 1966.7
1207210 1960.8
1207220 1954.2
1207230 1954.2
1207240 1947.9
1207250 1942.3
1207260 1942.3
1207270 1936.6
1207280 1930.8
1207290 1930.8
1207300 1925.2
1207310 1921.3
1207320 1921.3
1207330 1914.6
1207340 1908.3
1207350 1902.9
1207360 1902.9
1207370 1899.0
1207380 1893.8
1207390 1893.8
1207400 1886.6
1207410 1878.8
1207420 1878.8
1207430 1872.5
1207440 1868.8
1207450 1868.8
1207460 1866.2
1207470 1864.1
1207480 1864.1
1207490 1859.3
1207500 1847.3
1207510 1847.3
1207520 1833.4
1207530 1826.1
1207540 1826.1
1207550 1826.0
1207560 1833.7
1207570 1833.7
1207580 1837.8
1207590 1841.6
1207600 1841.6
1207610 1846.5
1207620 1851.5
1207630 1851.5
1207640 1860.6
1207650 1869.5
1207660 1876.0
1207670 1876.0
1207680 1875.9
1207690 1872.6
1207700 1872.6
1207710 1865.5
1207720 1860.0
1207730 1860.0
1207740 1850.8
1207750 1847.3
1207760 1847.3
1207770 1842.4
1207780 1825.7
1207790 1825.7
1207800 1810.4
1207810 1793.1
1207820 1793.1
1207830 1778.7
1207840 1757.2
1207850 1757.2
1207860 1740.6
1207870 1733.1
1207880 1733.1
1207890 1726.5
1207900 1718.6
1207910 1718.6
1207920 1710.6
1207930 1702.2
1207940 1702.2
1207950 1694.7
1207960 1687.6
1207970 1687.6
1207980 1679.3
1207990 1668.3
1208000 1658.9
1208010 1658.9
1208020 1650.2
1208030 1644.8
1208040 1644.8
1208050 1641.7
1208060 1638.9
1208070 1638.9
1208080 1634.4
1208090 1629.9
1208100 1629.9
1208110 1628.0
1208120 1631.3
1208130 1631.3
1208140 1641.7
1208150 1645.3
1208160 1645.3
1208170 1649.4
1208180 1654.2
1208190 1654.2
1208200 1653.8
1208210 1652.8
1208220 1652.8
1208230 1646.2
1208240 1620.8
1208250 1620.8
1208260 1611.6
1208270 1603.7
1208280 1603.7
1208290 1597.7
1208300 1593.0
1208310 1588.3
1208320 1588.3
1208330 1583.8
1208340 1579.5
1208350 1579.5
1208360 1575.9
1208370 1572.0
1208380 1572.0
1208390 1566.0
1208400 1560.3
1208410 1560.3
1208420 1557.3
1208430 1552.9
1208440 1552.9
1208450 1548.5
1208460 1545.1
1208470 1545.1
1208480 1545.0
1208490 1541.7
1208500 1541.7
1208510 1531.0
1208520 1531.6
1208530 1531.6
1208540 1532.0
1208550 1527.2
1208560 1527.2
1208570 1520.0
1208580 1519.6
1208590 1519.6
1208600 1521.2
1208610 1520.6
1208620 1520.6
1208630 1518.5
1208640 1519.2
1208650 1517.4
1208660 1517.4
1208670 1513.7
1208680 1510.0
1208690 1510.0
1208700 1512.3
1208710 1512.9
1208720 1512.9
1208730 1508.2
1208740 1511.4
1208750 1511.4
1208760 1499.3
1208770 1504.6
1208780 1504.6
1208790 1511.2
1208800 1503.7
1208810 1503.7
1208820 1502.4
1208830 1504.7
1208840 1504.7
1208850 1509.6
1208860 1512.1
1208870 1512.1
1208880 1512.4
1208890 1514.8
1208900 1514.8
1208910 1515.1
1208920 1515.5
1208930 1515.5
1208940 1515.0
1208950 1511.4
1208960 1509.3
1208970 1509.3
1208980 1503.9
1208990 1499.8
1209000 1499.8
1209010 1498.5
1209020 1495.4
1209030 1495.4
1209040 1493.7
1209050 1491.0
1209060 1491.0
1209070 1480.0
1209080 1459.7
1209090 1459.7
1209100 1447.6
1209110 1433.8
1209120 1433.8
1209130 1426.5
1209140 1423.0
1209150 1423.0
1209160 1426.2
1209170 1422.3
1209180 1422.3
1209190 1418.9
1209200 1415.1
1209210 1415.1
1209220 1411.6
1209230 1406.9
1209240 1406.9
1209250 1400.4
1209260 1396.3
1209270 1396.3
1209280 1395.5
1209290 1393.3
1209300 1388.7
1209310 1388.7
1209320 1383.8
1209330 1378.8
1209340 1378.8
1209350 1374.2
1209360 1369.8
1209370 1369.8
1209380 1365.4
1209390 1361.3
1209400 1361.3
1209410 1356.9
1209420 1353.5
1209430 1353.5
1209440 1351.0
1209450 1348.5
1209460 1348.5
1209470 1346.0
1209480 1343.9
1209490 1343.9
1209500 1340.8
1209510 1336.4
1209520 1336.4
1209530 1331.1
1209540 1326.1
1209550 1326.1
1209560 1321.8
1209570 1317.3
1209580 1317.3
1209590 1313.0
1209600 1308.4
1209610 1304.0
1209620 1304.0
1209630 1302.7
1209640 1298.9
1209650 1298.9
1209660 1295.2
1209670 1291.7
1209680 1291.7
1209690 1287.2
1209700 1282.8
1209710 1282.8
1209720 1278.4
1209730 1279.7
1209740 1279.7
1209750 1285.2
1209760 1289.5
1209770 1289.5
1209780 1292.7
1209790 1296.9
1209800 1296.9
1209810 1301.4
1209820 1306.1
1209830 1306.1
1209840 1311.2
1209850 1316.0
1209860 1316.0
1209870 1321.9
1209880 1328.5
1209890 1328.5
1209900 1336.4
1209910 1346.2
1209920 1346.2
1209930 1357.0
1209940 1363.8
1209950 1372.9
1209960 1372.9
1209970 1386.6
1209980 1396.2
1209990 1396.2
1210000 1401.5
1210010 1407.6
1210020 1407.6
1210030 1415.1
1210040 1421.6
1210050 1421.6
1210060 1428.2
1210070 1434.7
1210080 1434.7
1210090 1442.2
1210100 1449.6
1210110 1449.6
1210120 1457.5
1210130 1465.6
1210140 1465.6
1210150 1473.2
1210160 1480.9
1210170 1480.9
1210180 1488.1
1210190 1493.9
1210200 1493.9
1210210 1500.7
1210220 1508.1
1210230 1508.1
1210240 1516.6
1210250 1525.2
1210260 1532.8
1210270 1532.8
1210280 1540.2
1210290 1546.8
1210300 1546.8
1210310 1552.9
1210320 1559.4
1210330 1559.4
1210340 1567.1
1210350 1574.0
1210360 1574.0
1210370 1580.5
1210380 1586.4
1210390 1586.4
1210400 1592.9
1210410 1600.5
1210420 1600.5
1210430 1606.8
1210440 1607.4
1210450 1607.4
1210460 1606.3
1210470 1607.6
1210480 1607.6
1210490 1610.4
1210500 1613.2
1210510 1613.2
1210520 1617.7
1210530 1623.4
1210540 1623.4
1210550 1630.5
1210560 1634.8
1210570 1634.8
1210580 1642.7
1210590 1650.6
1210600 1658.8
1210610 1658.8
1210620 1664.7
1210630 1663.9
1210640 1663.9
1210650 1657.5
1210660 1656.7
1210670 1656.7
1210680 1663.9
1210690 1672.4
1210700 1672.4
1210710 1685.2
1210720 1701.4
1210730 1701.4
1210740 1713.8
1210750 1723.1
1210760 1723.1
1210770 1730.7
1210780 1738.2
1210790 1738.2
1210800 1746.2
1210810 1753.7
1210820 1753.7
1210830 1761.1
1210840 1767.7
1210850 1767.7
1210860 1775.6
1210870 1782.8
1210880 1782.8
1210890 1790.1
1210900 1799.5
1210910 1807.3
1210920 1807.3
1210930 1816.5
1210940 1825.5
1210950 1825.5
1210960 1836.7
1210970 1844.5
1210980 1844.5
1210990 1852.6
1211000 1859.9
1211010 1859.9
1211020 1868.0
1211030 1875.3
1211040 1875.3
1211050 1884.7
1211060 1894.0
1211070 1894.0
1211080 1900.5
1211090 1909.5
1211100 1909.5
1211110 1918.2
1211120 1927.2
1211130 1927.2
1211140 1940.6
1211150 1951.8
1211160 1951.8
1211170 1943.0
1211180 1939.7
1211190 1939.7
1211200 1936.3
1211210 1932.1
1211220 1932.1
1211230 1929.9
1211240 1926.0
1211250 1923.2
1211260 1923.2
1211270 1919.7
1211280 1921.5
1211290 1921.5
1211300 1927.9
1211310 1934.0
1211320 1934.0
1211330 1937.6
1211340 1939.3
1211350 1939.3
1211360 1938.1
1211370 1936.3
1211380 1936.3
1211390 1934.9
1211400 1932.9
1211410 1932.9
1211420 1930.3
1211430 1927.4
1211440 1927.4
1211450 1923.9
1211460 1920.7
1211470 1920.7
1211480 1916.3
1211490 1916.4
1211500 1916.4
1211510 1912.6
1211520 1907.5
1211530 1907.5
1211540 1901.8
1211550 1896.4
1211560 1892.3
1211570 1892.3
1211580 1887.1
1211590 1880.2
1211600 1880.2
1211610 1874.1
1211620 1869.6
1211630 1869.6
1211640 1865.4
1211650 1861.4
1211660 1861.4
1211670 1858.1
1211680 1854.6
1211690 1854.6
1211700 1851.4
1211710 1848.6
1211720 1848.6
1211730 1846.6
1211740 1843.9
1211750 1843.9
1211760 1840.1
1211770 1835.8
1211780 1835.8
1211790 1830.9
1211800 1826.0
1211810 1826.0
1211820 1821.0
1211830 1815.5
1211840 1815.5
1211850 1810.0
1211860 1805.2
1211870 1805.2
1211880 1802.0
1211890 1794.9
1211900 1787.9
1211910 1787.9
1211920 1781.5
1211930 1776.4
1211940 1776.4
1211950 1770.4
1211960 1764.7
1211970 1764.7
1211980 1758.6
1211990 1751.9
1212000 1751.9
1212010 1745.5
1212020 1740.3
1212030 1740.3
1212040 1735.4
1212050 1731.2
1212060 1731.2
1212070 1727.3
1212080 1723.0
1212090 1723.0
1212100 1719.5
1212110 1716.1
1212120 1716.1
1212130 1713.3
1212140 1710.1
1212150 1710.1
1212160 1707.5
1212170 1705.7
1212180 1705.7
1212190 1703.7
1212200 1702.3
1212210 1701.3
1212220 1701.3
1212230 1700.5
1212240 1700.3
1212250 1700.3
1212260 1701.3
1212270 1704.3
1212280 1704.3
1212290 1709.0
1212300 1712.9
1212310 1712.9
1212320 1713.7
1212330 1713.3
1212340 1713.3
1212350 1713.9
1212360 1714.6
1212370 1714.6
1212380 1715.3
1212390 1716.8
1212400 1716.8
1212410 1717.1
1212420 1716.5
1212430 1716.2
1212440 1714.0
1212450 1713.6
1212460 1713.6
1212470 1715.7
1212480 1716.9
1212490 1716.9
1212500 1718.0
1212510 1719.3
1212520 1719.3
1212530 1721.4
1212540 1722.4
1212550 1723.3
1212560 1723.3
1212570 1725.9
1212580 1728.5
1212590 1728.5
1212600 1729.0
1212610 1728.2
1212620 1728.2
1212630 1727.4
1212640 1727.2
1212650 1727.2
1212660 1727.9
1212670 1728.9
1212680 1728.9
1212690 1729.4
1212700 1731.5
1212710 1731.5
1212720 1737.3
1212730 1743.5
1212740 1743.5
1212750 1749.7
1212760 1751.2
1212770 1751.2
1212780 1750.4
1212790 1750.0
1212800 1750.0
1212810 1746.2
1212820 1742.5
1212830 1742.5
1212840 1740.4
1212850 1739.0
1212860 1738.1
1212870 1738.1
1212880 1737.6
1212890 1736.7
1212900 1734.9
1212910 1734.5
1212920 1734.7
1212930 1734.7
1212940 1734.0
1212950 1733.6
1212960 1733.6
1212970 1731.0
1212980 1726.6
1212990 1726.6
1213000 1719.8
1213010 1714.1
1213020 1714.1
1213030 1710.9
1213040 1709.3
1213050 1709.3
1213060 1707.6
1213070 1705.5
1213080 1705.5
1213090 1704.3
1213100 1705.0
1213110 1705.0
1213120 1705.2
1213130 1700.7
1213140 1700.7
1213150 1694.6
1213160 1690.5
1213170 1690.5
1213180 1687.1
1213190 1681.1
1213200 1675.9
1213210 1675.9
1213220 1672.1
1213230 1667.2
1213240 1667.2
1213250 1662.0
1213260 1655.1
1213270 1655.1
1213280 1647.3
1213290 1639.2
1213300 1639.2
1213310 1633.0
1213320 1627.5
1213330 1627.5
1213340 1622.8
1213350 1618.0
1213360 1618.0
1213370 1612.9
1213380 1610.6
1213390 1610.6
1213400 1610.9
1213410 1610.3
1213420 1610.3
1213430 1606.8
1213440 1601.8
1213450 1601.8
1213460 1595.0
1213470 1589.8
1213480 1589.8
1213490 1585.2
1213500 1580.5
1213510 1578.0
1213520 1578.0
1213530 1576.2
1213540 1574.1
1213550 1574.1
1213560 1571.1
1213570 1569.0
1213580 1569.0
1213590 1567.6
1213600 1565.3
1213610 1565.3
1213620 1563.3
1213630 1561.8
1213640 1561.8
1213650 1553.3
1213660 1544.6
1213670 1544.6
1213680 1537.7
1213690 1533.3
1213700 1533.3
1213710 1528.3
1213720 1522.1
1213730 1522.1
1213740 1517.5
1213750 1513.5
1213760 1513.5
1213770 1509.7
1213780 1505.1
1213790 1505.1
1213800 1501.7
1213810 1498.3
1213820 1498.3
1213830 1498.0
1213840 1495.7
1213850 1492.0
1213860 1492.0
1213870 1488.8
1213880 1486.4
1213890 1486.4
1213900 1485.9
1213910 1486.8
1213920 1486.8
1213930 1485.8
1213940 1482.9
1213950 1482.9
1213960 1479.9
1213970 1475.5
1213980 1475.5
1213990 1470.6
1214000 1470.2
1214010 1470.2
1214020 1469.0
1214030 1462.1
1214040 1462.1
1214050 1454.8
1214060 1447.9
1214070 1447.9
1214080 1441.0
1214090 1434.7
1214100 1434.7
1214110 1429.1
1214120 1422.2
1214130 1422.2
1214140 1416.2
1214150 1410.4
1214160 1404.1
1214170 1404.1
1214180 1397.6
1214190 1391.5
1214200 1391.5
1214210 1387.4
1214220 1384.8
1214230 1384.8
1214240 1382.7
1214250 1377.8
1214260 1377.8
1214270 1370.4
1214280 1364.3
1214290 1364.3
1214300 1357.9
1214310 1350.8
1214320 1350.8
1214330 1343.6
1214340 1337.2
1214350 1337.2
1214360 1331.7
1214370 1326.6
1214380 1326.6
1214390 1323.0
1214400 1319.6
1214410 1319.6
1214420 1315.7
1214430 1312.1
1214440 1312.1
1214450 1309.1
1214460 1301.8
1214470 1301.8
1214480 1295.2
1214490 1290.3
1214500 1286.1
1214510 1286.1
1214520 1283.1
1214530 1279.3
1214540 1279.3
1214550 1274.8
1214560 1270.6
1214570 1270.6
1214580 1267.8
1214590 1266.6
1214600 1266.6
1214610 1263.2
1214620 1257.9
1214630 1257.9
1214640 1254.1
1214650 1250.2
1214660 1250.2
1214670 1246.5
1214680 1243.1
1214690 1243.1
1214700 1237.7
1214710 1232.3
1214720 1232.3
1214730 1227.1
1214740 1222.5
1214750 1222.5
1214760 1219.5
1214770 1216.2
1214780 1220.4
1214790 1214.8
1214800 1205.3
1214810 1192.3
1214820 1192.3
1214830 1178.3
1214840 1170.1
1214850 1170.1
1214860 1161.3
1214870 1151.5
1214880 1151.5
1214890 1142.5
1214900 1131.3
1214910 1131.3
1214920 1119.6
1214930 1109.7
1214940 1109.7
1214950 1099.6
1214960 1090.3
1214970 1090.3
1214980 1082.0
1214990 1074.4
1215000 1074.4
1215010 1066.5
1215020 1058.4
1215030 1058.4
1215040 1050.9
1215050 1042.6
1215060 1042.6
1215070 1034.5
1215080 1026.8
1215090 1026.8
1215100 1017.4
1215110 1004.5
1215120 1004.5
1215130 992.2
1215140 981.9
1215150 972.3
1215160 972.3
1215170 964.1
1215180 956.8
1215190 956.8
1215200 948.6
1215210 938.4
1215220 938.4
1215230 930.5
1215240 924.1
1215250 924.1
1215260 917.1
1215270 910.4
1215280 910.4
1215290 905.2
1215300 899.7
1215310 899.7
1215320 893.4
1215330 886.3
1215340 886.3
1215350 879.2
1215360 875.2
1215370 875.2
1215380 870.3
1215390 868.3
1215400 868.3
1215410 870.3
1215420 872.0
1215430 872.0
1215440 873.3
1215450 874.7
1215460 874.4
1215470 874.4
1215480 873.9
1215490 874.1
1215500 874.1
1215510 874.3
1215520 874.2
1215530 874.2
1215540 874.8
1215550 875.0
1215560 875.0
1215570 875.0
1215580 874.7
1215590 874.7
1215600 874.7
1215610 874.7
1215620 874.7
1215630 874.7
1215640 874.8
1215650 874.8
1215660 874.7
1215670 874.8
1215680 874.8
1215690 874.9
1215700 874.7
1215710 874.7
1215720 874.1
1215730 874.7
1215740 874.7
1215750 874.8
1215760 874.6
1215770 874.6
1215780 875.3
1215790 875.1
1215800 874.6
1215810 874.6
1215820 874.4
1215830 874.5
1215840 874.5
1215850 874.7
1215860 874.9
1215870 874.9
1215880 875.1
1215890 875.4
1215900 875.4
1215910 877.5
1215920 882.3
1215930 882.3
1215940 887.3
1215950 892.7
1215960 892.7
1215970 899.3
1215980 906.0
1215990 906.0
1216000 912.5
1216010 919.4
1216020 919.4
1216030 926.5
1216040 933.1
1216050 933.1
1216060 940.1
1216070 947.4
1216080 947.4
1216090 954.5
1216100 961.8
1216110 968.9
1216120 968.9
1216130 976.3
1216140 983.8
1216150 983.8
1216160 993.1
1216170 1003.8
1216180 1003.8
1216190 1014.5
1216200 1025.4
1216210 1031.2
1216220 1040.9
1216230 1048.7
1216240 1048.7
1216250 1051.9
1216260 1058.3
1216270 1058.3
1216280 1071.1
1216290 1084.0
1216300 1084.0
1216310 1093.1
1216320 1101.0
1216330 1101.0
1216340 1107.6
1216350 1114.6
1216360 1114.6
1216370 1122.5
1216380 1129.6
1216390 1129.6
1216400 1136.1
1216410 1143.4
1216420 1143.4
1216430 1151.7
1216440 1161.4
1216450 1173.3
1216460 1173.3
1216470 1183.5
1216480 1191.8
1216490 1191.8
1216500 1200.2
1216510 1208.2
1216520 1208.2
1216530 1219.5
1216540 1229.8
1216550 1229.8
1216560 1239.4
1216570 1248.7
1216580 1248.7
1216590 1254.9
1216600 1258.8
1216610 1258.8
1216620 1262.9
1216630 1267.6
1216640 1267.6
1216650 1273.4
1216660 1280.3
1216670 1280.3
1216680 1288.0
1216690 1298.2
1216700 1298.2
1216710 1305.1
1216720 1312.6
1216730 1312.6
1216740 1317.4
1216750 1319.2
1216760 1321.2
1216770 1321.2
1216780 1323.2
1216790 1323.5
1216800 1323.5
1216810 1325.3
1216820 1329.5
1216830 1329.5
1216840 1336.0
1216850 1342.2
1216860 1342.2
1216870 1350.4
1216880 1359.4
1216890 1359.4
1216900 1364.4
1216910 1370.0
1216920 1370.0
1216930 1376.0
1216940 1380.7
1216950 1380.7
1216960 1384.0
1216970 1385.6
1216980 1385.6
1216990 1386.8
1217000 1392.0
1217010 1392.0
1217020 1400.3
1217030 1409.3
1217040 1409.3
1217050 1422.0
1217060 1432.7
1217070 1432.7
1217080 1438.3
1217090 1443.1
1217100 1448.7
1217110 1448.7
1217120 1453.0
1217130 1455.0
1217140 1455.0
1217150 1456.1
1217160 1462.2
1217170 1462.2
1217180 1465.7
1217190 1466.1
1217200 1466.1
1217210 1466.5
1217220 1467.9
1217230 1467.9
1217240 1469.3
1217250 1469.1
1217260 1469.1
1217270 1470.9
1217280 1475.6
1217290 1475.6
1217300 1481.7
1217310 1488.6
1217320 1488.6
1217330 1496.0
1217340 1503.9
1217350 1503.9
1217360 1509.6
1217370 1511.0
1217380 1511.0
1217390 1511.7
1217400 1512.9
1217410 1515.1
1217420 1515.1
1217430 1516.2
1217440 1517.9
1217450 1517.9
1217460 1518.9
1217470 1519.9
1217480 1519.9
1217490 1521.3
1217500 1522.7
1217510 1522.7
1217520 1524.6
1217530 1527.1
1217540 1527.1
1217550 1530.3
1217560 1533.7
1217570 1533.7
1217580 1535.5
1217590 1535.3
1217600 1535.3
1217610 1534.8
1217620 1535.4
1217630 1535.4
1217640 1536.4
1217650 1535.5
1217660 1535.5
1217670 1534.0
1217680 1532.8
1217690 1532.8
1217700 1532.8
1217710 1534.1
1217720 1534.1
1217730 1535.4
1217740 1534.8
1217750 1533.1
1217760 1533.1
1217770 1530.3
1217780 1528.3
1217790 1528.3
1217800 1527.2
1217810 1524.4
1217820 1524.4
1217830 1521.0
1217840 1520.4
1217850 1520.4
1217860 1520.0
1217870 1519.3
1217880 1519.3
1217890 1518.1
1217900 1517.3
1217910 1517.3
1217920 1517.4
1217930 1517.9
1217940 1517.9
1217950 1518.3
1217960 1518.3
1217970 1518.3
1217980 1518.4
1217990 1518.7
1218000 1518.7
1218010 1520.3
1218020 1521.9
1218030 1521.9
1218040 1522.6
1218050 1523.0
1218060 1522.5
1218070 1522.5
1218080 1520.7
1218090 1517.9
1218100 1517.9
1218110 1518.1
1218120 1519.6
1218130 1519.6
1218140 1520.8
1218150 1521.0
1218160 1521.0
1218170 1521.3
1218180 1519.6
1218190 1519.6
1218200 1518.6
1218210 1519.4
1218220 1519.4
1218230 1520.8
1218240 1522.1
1218250 1522.1
1218260 1523.3
1218270 1524.4
1218280 1524.4
1218290 1526.0
1218300 1527.5
1218310 1527.5
1218320 1529.0
1218330 1530.9
1218340 1530.9
1218350 1533.6
1218360 1535.7
1218370 1535.7
1218380 1535.5
1218390 1535.7
1218400 1536.8
1218410 1536.8
1218420 1538.0
1218430 1538.3
1218440 1538.3
1218450 1538.8
1218460 1541.1
1218470 1541.1
1218480 1541.5
1218490 1540.6
1218500 1540.6
1218510 1539.9
1218520 1540.2
1218530 1540.2
1218540 1540.0
1218550 1540.4
1218560 1540.4
1218570 1539.5
1218580 1537.7
1218590 1537.7
1218600 1540.4
1218610 1538.5
1218620 1538.5
1218630 1536.1
1218640 1533.1
1218650 1533.1
1218660 1531.8
1218670 1531.7
1218680 1531.7
1218690 1531.9
1218700 1530.0
1218710 1528.6
1218720 1528.6
1218730 1528.4
1218740 1529.2
1218750 1529.2
1218760 1530.5
1218770 1530.4
1218780 1530.4
1218790 1530.2
1218800 1529.0
1218810 1529.0
1218820 1528.6
1218830 1530.5
1218840 1530.5
1218850 1532.0
1218860 1532.7
1218870 1532.7
1218880 1533.1
1218890 1533.6
1218900 1533.6
1218910 1532.8
1218920 1530.7
1218930 1530.7
1218940 1530.3
1218950 1531.6
1218960 1531.6
1218970 1534.1
1218980 1535.8
1218990 1535.8
1219000 1536.0
1219010 1534.7
1219020 1534.7
1219030 1532.2
1219040 1529.1
1219050 1527.3
1219060 1527.3
1219070 1526.8
1219080 1529.3
1219090 1529.3
1219100 1529.9
1219110 1530.3
1219120 1530.3
1219130 1530.9
1219140 1531.6
1219150 1531.6
1219160 1532.5
1219170 1533.8
1219180 1533.8
1219190 1533.8
1219200 1532.6
1219210 1532.6
1219220 1530.6
1219230 1529.0
1219240 1529.0
1219250 1528.8
1219260 1529.8
1219270 1529.8
1219280 1530.1
1219290 1530.4
1219300 1530.4
1219310 1532.0
1219320 1534.5
1219330 1534.5
1219340 1537.2
1219350 1539.5
1219360 1541.2
1219370 1541.2
1219380 1542.3
1219390 1542.7
1219400 1542.7
1219410 1542.1
1219420 1540.9
1219430 1540.9
1219440 1541.5
1219450 1542.7
1219460 1542.7
1219470 1542.9
1219480 1541.4
1219490 1541.4
1219500 1539.3
1219510 1536.9
1219520 1536.9
1219530 1535.7
1219540 1535.6
1219550 1535.6
1219560 1536.8
1219570 1534.7
1219580 1534.7
1219590 1530.7
1219600 1528.3
1219610 1528.3
1219620 1524.2
1219630 1520.4
1219640 1520.4
1219650 1519.0
1219660 1518.7
1219670 1519.3
1219680 1519.3
1219690 1519.9
1219700 1519.5
1219710 1519.5
1219720 1516.7
1219730 1511.7
1219740 1511.7
1219750 1507.0
1219760 1502.6
1219770 1502.6
1219780 1497.4
1219790 1492.5
1219800 1492.5
1219810 1487.6
1219820 1482.6
1219830 1482.6
1219840 1479.6
1219850 1475.5
1219860 1475.5
1219870 1472.5
1219880 1473.0
1219890 1473.0
1219900 1471.4
1219910 1467.4
1219920 1467.4
1219930 1463.4
1219940 1460.5
1219950 1460.5
1219960 1458.7
1219970 1457.5
1219980 1457.5
1219990 1457.0
