1200000 1413.1
1200010 1421.5
1200020 1421.5
1200030 1429.3
1200040 1437.7
1200050 1437.7
1200060 1446.9
1200070 1453.6
1200080 1453.6
1200090 1457.5
1200100 1460.4
1200110 1460.4
1200120 1450.6
1200130 1450.6
1200140 1450.6
1200150 1450.8
1200160 1449.9
1200170 1449.9
1200180 1450.7
1200190 1455.0
1200200 1455.0
1200210 1459.1
1200220 1461.8
1200230 1462.6
1200240 1462.6
1200250 1462.4
1200260 1461.0
1200270 1461.0
1200280 1458.6
1200290 1455.6
1200300 1455.6
1200310 1452.3
1200320 1449.0
1200330 1449.0
1200340 1445.2
1200350 1440.6
1200360 1440.6
1200370 1435.6
1200380 1430.4
1200390 1430.4
1200400 1424.9
1200410 1420.9
1200420 1420.9
1200430 1416.7
1200440 1411.7
1200450 1411.7
1200460 1406.0
1200470 1400.7
1200480 1400.7
1200490 1393.4
1200500 1385.1
1200510 1385.1
1200520 1378.0
1200530 1371.8
1200540 1371.8
1200550 1366.4
1200560 1362.7
1200570 1364.6
1200580 1364.6
1200590 1361.1
1200600 1357.6
1200610 1357.6
1200620 1354.3
1200630 1351.1
1200640 1351.1
1200650 1347.5
1200660 1341.9
1200670 1341.9
1200680 1332.7
1200690 1328.9
1200700 1328.9
1200710 1323.8
1200720 1315.2
1200730 1315.2
1200740 1313.8
1200750 1296.5
1200760 1296.5
1200770 1289.6
1200780 1278.6
1200790 1278.6
1200800 1272.6
1200810 1264.8
1200820 1264.8
1200830 1253.2
1200840 1243.1
1200850 1243.1
1200860 1234.6
1200870 1223.0
1200880 1223.0
1200890 1211.3
1200900 1201.0
1200910 1192.9
1200920 1192.9
1200930 1185.5
1200940 1181.6
1200950 1181.6
1200960 1175.1
1200970 1166.3
1200980 1166.3
1200990 1159.8
1201000 1150.6
1201010 1150.6
1201020 1135.6
1201030 1129.8
1201040 1129.8
1201050 1120.4
1201060 1110.6
1201070 1110.6
1201080 1101.4
1201090 1093.5
1201100 1093.5
1201110 1086.2
1201120 1084.0
1201130 1084.0
1201140 1080.2
1201150 1074.4
1201160 1074.4
1201170 1067.1
1201180 1059.5
1201190 1059.5
1201200 1054.6
1201210 1049.8
1201220 1049.8
1201230 1043.2
1201240 1035.8
1201250 1028.0
1201260 1028.0
1201270 1019.8
1201280 1012.5
1201290 1012.5
1201300 1006.7
1201310 1001.3
1201320 1001.3
1201330 996.2
1201340 991.7
1201350 991.7
1201360 984.4
1201370 977.3
1201380 977.3
1201390 975.6
1201400 975.6
1201410 975.6
1201420 975.6
1201430 975.6
1201440 975.6
1201450 975.6
1201460 975.6
1201470 975.6
1201480 975.6
1201490 975.6
1201500 975.6
1201510 975.6
1201520 975.6
1201530 975.6
1201540 975.6
1201550 975.6
1201560 975.6
1201570 975.6
1201580 975.6
1201590 975.6
1201600 975.6
1201610 975.6
1201620 975.6
1201630 975.6
1201640 975.6
1201650 975.6
1201660 975.6
1201670 975.6
1201680 975.6
1201690 975.6
1201700 975.6
1201710 975.6
1201720 975.6
1201730 975.6
1201740 975.6
1201750 975.6
1201760 975.6
1201770 975.6
1201780 975.6
1201790 975.6
1201800 975.6
1201810 975.6
1201820 975.6
1201830 975.6
1201840 975.6
1201850 975.6
1201860 975.6
1201870 975.6
1201880 975.6
1201890 975.6
1201900 975.6
1201910 975.6
1201920 975.6
1201930 975.6
1201940 975.6
1201950 975.6
1201960 975.6
1201970 975.6
1201980 975.6
1201990 975.6
1202000 975.6
1202010 975.6
1202020 975.6
1202030 975.6
1202040 975.6
1202050 975.6
1202060 975.6
1202070 975.6
1202080 975.6
1202090 975.6
1202100 975.6
1202110 975.6
1202120 975.6
1202130 975.6
1202140 975.6
1202150 975.6
1202160 975.6
1202170 975.6
1202180 975.6
1202190 975.6
1202200 975.6
1202210 975.6
1202220 975.6
1202230 975.6
1202240 975.6
1202250 975.6
1202260 975.6
1202270 975.6
1202280 975.6
1202290 975.6
1202300 975.6
1202310 975.6
1202320 975.6
1202330 975.6
1202340 975.6
1202350 975.6
1202360 975.6
1202370 975.6
1202380 975.6
1202390 975.6
1202400 975.6
1202410 977.6
1202420 981.1
1202430 981.1
1202440 983.9
1202450 986.3
1202460 986.3
1202470 988.7
1202480 990.6
1202490 990.6
1202500 992.7
1202510 995.0
1202520 995.0
1202530 996.7
1202540 999.1
1202550 999.1
1202560 1004.5
1202570 1010.3
1202580 1014.6
1202590 1014.6
1202600 1017.5
1202610 1019.6
1202620 1019.6
1202630 1021.2
1202640 1023.5
1202650 1023.5
1202660 1025.2
1202670 1026.8
1202680 1026.8
1202690 1029.4
1202700 1031.9
1202710 1031.9
1202720 1034.3
1202730 1035.1
1202740 1035.1
1202750 1034.5
1202760 1035.9
1202770 1035.9
1202780 1041.2
1202790 1047.4
1202800 1047.4
1202810 1053.4
1202820 1060.1
1202830 1064.1
1202840 1071.9
1202850 1078.6
1202860 1078.6
1202870 1085.2
1202880 1092.5
1202890 1092.5
1202900 1099.0
1202910 1104.9
1202920 1110.8
1202930 1110.8
1202940 1116.9
1202950 1124.2
1202960 1124.2
1202970 1129.5
1202980 1131.0
1202990 1131.0
1203000 1132.9
1203010 1129.6
1203020 1129.6
1203030 1129.7
1203040 1132.6
1203050 1132.6
1203060 1138.0
1203070 1147.3
1203080 1147.3
1203090 1162.3
1203100 1169.5
1203110 1169.5
1203120 1172.9
1203130 1177.0
1203140 1177.0
1203150 1183.3
1203160 1190.3
1203170 1190.3
1203180 1200.1
1203190 1211.4
1203200 1211.4
1203210 1219.6
1203220 1226.7
1203230 1235.2
1203240 1235.2
1203250 1242.6
1203260 1244.6
1203270 1244.6
1203280 1246.4
1203290 1251.0
1203300 1251.0
1203310 1253.4
1203320 1256.2
1203330 1256.2
1203340 1258.8
1203350 1261.5
1203360 1261.5
1203370 1264.0
1203380 1266.2
1203390 1266.2
1203400 1269.0
1203410 1271.8
1203420 1271.8
1203430 1275.1
1203440 1278.4
1203450 1278.4
1203460 1282.3
1203470 1285.6
1203480 1285.6
1203490 1288.4
1203500 1290.8
1203510 1290.8
1203520 1293.0
1203530 1295.5
1203540 1295.5
1203550 1296.4
1203560 1295.4
1203570 1293.4
1203580 1293.4
1203590 1288.8
1203600 1283.7
1203610 1283.7
1203620 1281.0
1203630 1274.5
1203640 1274.5
1203650 1269.6
1203660 1267.3
1203670 1267.3
1203680 1265.1
1203690 1267.4
1203700 1267.4
1203710 1276.3
1203720 1294.2
1203730 1294.2
1203740 1294.2
1203750 1303.7
1203760 1303.7
1203770 1320.4
1203780 1332.1
1203790 1332.1
1203800 1338.9
1203810 1344.5
1203820 1344.5
1203830 1350.5
1203840 1356.8
1203850 1356.8
1203860 1363.3
1203870 1368.8
1203880 1368.8
1203890 1374.4
1203900 1379.5
1203910 1384.1
1203920 1384.1
1203930 1388.4
1203940 1392.4
1203950 1392.4
1203960 1396.1
1203970 1399.3
1203980 1399.3
1203990 1401.9
1204000 1401.3
1204010 1401.3
1204020 1400.6
1204030 1403.5
1204040 1403.5
1204050 1396.9
1204060 1392.2
1204070 1392.2
1204080 1379.2
1204090 1363.4
1204100 1363.4
1204110 1352.6
1204120 1344.9
1204130 1344.9
1204140 1345.3
1204150 1345.1
1204160 1345.1
1204170 1343.5
1204180 1342.8
1204190 1342.8
1204200 1350.6
1204210 1343.8
1204220 1343.8
1204230 1327.4
1204240 1324.3
1204250 1320.4
1204260 1320.4
1204270 1313.0
1204280 1300.5
1204290 1300.5
1204300 1288.3
1204310 1280.8
1204320 1280.8
1204330 1275.4
1204340 1279.3
1204350 1279.3
1204360 1286.4
1204370 1294.2
1204380 1294.2
1204390 1300.0
1204400 1303.8
1204410 1303.8
1204420 1309.3
1204430 1310.1
1204440 1310.1
1204450 1303.5
1204460 1293.0
1204470 1293.0
1204480 1288.8
1204490 1289.3
1204500 1289.3
1204510 1291.2
1204520 1282.6
1204530 1282.6
1204540 1277.2
1204550 1275.4
1204560 1275.4
1204570 1275.4
1204580 1288.3
1204590 1307.9
1204600 1307.9
1204610 1327.8
1204620 1350.0
1204630 1350.0
1204640 1358.6
1204650 1360.6
1204660 1360.6
1204670 1372.6
1204680 1376.5
1204690 1376.5
1204700 1379.0
1204710 1383.9
1204720 1383.9
1204730 1383.5
1204740 1382.7
1204750 1382.7
1204760 1380.3
1204770 1378.0
1204780 1378.0
1204790 1375.3
1204800 1372.2
1204810 1372.2
1204820 1367.8
1204830 1367.5
1204840 1367.5
1204850 1372.6
1204860 1378.7
1204870 1378.7
1204880 1383.9
1204890 1389.3
1204900 1394.8
1204910 1394.8
1204920 1400.8
1204930 1406.9
1204940 1406.9
1204950 1412.9
1204960 1419.4
1204970 1419.4
1204980 1425.9
1204990 1432.9
1205000 1432.9
1205010 1440.3
1205020 1447.8
1205030 1447.8
1205040 1455.1
1205050 1461.8
1205060 1461.8
1205070 1467.1
1205080 1472.3
1205090 1472.3
1205100 1477.8
1205110 1482.8
1205120 1482.8
1205130 1488.0
1205140 1492.4
1205150 1492.4
1205160 1496.9
1205170 1502.8
1205180 1502.8
1205190 1508.4
1205200 1514.6
1205210 1514.6
1205220 1521.8
1205230 1529.7
1205240 1537.9
1205250 1537.9
1205260 1545.1
1205270 1552.8
1205280 1552.8
1205290 1560.3
1205300 1567.5
1205310 1567.5
1205320 1574.7
1205330 1581.3
1205340 1581.3
1205350 1587.4
1205360 1592.5
1205370 1592.5
1205380 1596.7
1205390 1599.0
1205400 1599.0
1205410 1599.3
1205420 1601.2
1205430 1601.2
1205440 1606.3
1205450 1610.6
1205460 1610.6
1205470 1614.3
1205480 1619.7
1205490 1619.7
1205500 1625.8
1205510 1631.6
1205520 1631.6
1205530 1637.6
1205540 1643.6
1205550 1643.6
1205560 1649.4
1205570 1658.0
1205580 1663.9
1205590 1663.9
1205600 1669.7
1205610 1675.0
1205620 1675.0
1205630 1680.4
1205640 1686.4
1205650 1686.4
1205660 1693.3
1205670 1700.2
1205680 1700.2
1205690 1706.4
1205700 1712.8
1205710 1712.8
1205720 1719.3
1205730 1725.7
1205740 1725.7
1205750 1731.5
1205760 1737.2
1205770 1737.2
1205780 1743.4
1205790 1749.5
1205800 1749.5
1205810 1755.3
1205820 1760.3
1205830 1760.3
1205840 1756.8
1205850 1746.0
1205860 1746.0
1205870 1734.3
1205880 1724.1
1205890 1724.1
1205900 1714.9
1205910 1705.9
1205920 1698.5
1205930 1698.5
1205940 1691.4
1205950 1684.6
1205960 1684.6
1205970 1677.8
1205980 1671.5
1205990 1671.5
1206000 1665.3
1206010 1658.1
1206020 1659.2
1206030 1654.7
1206040 1650.5
1206050 1650.5
1206060 1646.7
1206070 1642.7
1206080 1642.7
1206090 1637.3
1206100 1634.2
1206110 1634.2
1206120 1637.7
1206130 1638.4
1206140 1638.4
1206150 1637.8
1206160 1641.2
1206170 1641.2
1206180 1643.8
1206190 1646.1
1206200 1646.1
1206210 1649.0
1206220 1651.6
1206230 1655.3
1206240 1655.3
1206250 1659.1
1206260 1662.1
1206270 1662.1
1206280 1663.5
1206290 1663.6
1206300 1663.6
1206310 1662.3
1206320 1660.6
1206330 1660.6
1206340 1660.2
1206350 1664.2
1206360 1664.2
1206370 1667.2
1206380 1669.0
1206390 1669.0
1206400 1676.5
1206410 1684.1
1206420 1684.1
1206430 1691.1
1206440 1700.0
1206450 1700.0
1206460 1708.7
1206470 1715.9
1206480 1714.2
1206490 1720.8
1206500 1729.0
1206510 1729.0
1206520 1735.9
1206530 1741.5
1206540 1741.5
1206550 1750.9
1206560 1758.6
1206570 1763.1
1206580 1763.1
1206590 1769.3
1206600 1772.3
1206610 1772.3
1206620 1776.9
1206630 1783.2
1206640 1783.2
1206650 1789.3
1206660 1793.4
1206670 1793.4
1206680 1796.8
1206690 1798.1
1206700 1798.1
1206710 1796.8
1206720 1793.5
1206730 1793.5
1206740 1788.5
1206750 1783.0
1206760 1783.0
1206770 1778.5
1206780 1774.5
1206790 1774.5
1206800 1771.0
1206810 1768.8
1206820 1768.8
1206830 1768.3
1206840 1767.8
1206850 1767.8
1206860 1765.3
1206870 1760.6
1206880 1760.6
1206890 1754.1
1206900 1746.7
1206910 1739.9
1206920 1739.9
1206930 1732.9
1206940 1727.5
1206950 1727.5
1206960 1713.8
1206970 1708.8
1206980 1708.8
1206990 1706.9
1207000 1703.6
1207010 1703.6
1207020 1699.0
1207030 1694.6
1207040 1694.6
1207050 1689.4
1207060 1683.8
1207070 1683.8
1207080 1674.5
1207090 1674.9
1207100 1674.9
1207110 1674.7
1207120 1674.0
1207130 1674.0
1207140 1672.4
1207150 1670.6
1207160 1670.6
1207170 1666.1
1207180 1662.9
1207190 1662.9
1207200 1661.8
1207210 1660.2
1207220 1660.2
1207230 1656.7
1207240 1655.3
1207250 1657.8
1207260 1657.8
1207270 1658.4
1207280 1659.2
1207290 1659.2
1207300 1658.9
1207310 1656.6
1207320 1656.6
1207330 1652.8
1207340 1650.1
1207350 1650.1
1207360 1648.5
1207370 1648.8
1207380 1648.8
1207390 1649.7
1207400 1654.9
1207410 1654.9
1207420 1653.9
1207430 1655.7
1207440 1655.7
1207450 1656.9
1207460 1656.2
1207470 1656.2
1207480 1655.2
1207490 1654.6
1207500 1654.6
1207510 1655.2
1207520 1656.3
1207530 1656.3
1207540 1656.3
1207550 1655.5
1207560 1654.3
1207570 1654.3
1207580 1653.1
1207590 1652.3
1207600 1652.3
1207610 1652.1
1207620 1645.2
1207630 1645.2
1207640 1632.3
1207650 1611.5
1207660 1611.5
1207670 1599.6
1207680 1590.8
1207690 1590.8
1207700 1582.0
1207710 1572.5
1207720 1572.5
1207730 1563.0
1207740 1551.9
1207750 1551.9
1207760 1543.5
1207770 1537.1
1207780 1537.1
1207790 1530.4
1207800 1525.9
1207810 1525.9
1207820 1529.7
1207830 1530.3
1207840 1530.3
1207850 1530.0
1207860 1507.1
1207870 1507.1
1207880 1495.3
1207890 1492.1
1207900 1489.4
1207910 1489.4
1207920 1485.2
1207930 1482.3
1207940 1482.3
1207950 1476.6
1207960 1471.6
1207970 1471.6
1207980 1470.6
1207990 1470.0
1208000 1470.0
1208010 1467.4
1208020 1463.1
1208030 1463.1
1208040 1460.6
1208050 1455.7
1208060 1455.7
1208070 1462.8
1208080 1477.5
1208090 1477.5
1208100 1479.1
1208110 1473.3
1208120 1473.3
1208130 1472.3
1208140 1469.5
1208150 1469.5
1208160 1481.9
1208170 1487.6
1208180 1487.6
1208190 1486.1
1208200 1477.7
1208210 1477.7
1208220 1466.5
1208230 1465.0
1208240 1470.3
1208250 1470.3
1208260 1470.9
1208270 1463.1
1208280 1463.1
1208290 1454.3
1208300 1449.1
1208310 1449.1
1208320 1451.4
1208330 1441.1
1208340 1441.1
1208350 1449.7
1208360 1443.0
1208370 1443.0
1208380 1436.8
1208390 1435.8
1208400 1435.8
1208410 1429.5
1208420 1425.7
1208430 1425.7
1208440 1424.2
1208450 1425.7
1208460 1425.7
1208470 1432.8
1208480 1440.8
1208490 1440.8
1208500 1436.1
1208510 1432.1
1208520 1432.1
1208530 1424.3
1208540 1417.3
1208550 1417.3
1208560 1410.9
1208570 1403.4
1208580 1395.8
1208590 1395.8
1208600 1388.5
1208610 1381.6
1208620 1381.6
1208630 1374.6
1208640 1364.7
1208650 1364.7
1208660 1351.4
1208670 1339.1
1208680 1339.1
1208690 1329.9
1208700 1319.8
1208710 1319.8
1208720 1310.3
1208730 1300.9
1208740 1300.9
1208750 1293.0
1208760 1284.9
1208770 1284.9
1208780 1276.0
1208790 1266.8
1208800 1266.8
1208810 1258.7
1208820 1251.9
1208830 1251.9
1208840 1245.7
1208850 1245.7
1208860 1245.7
1208870 1248.4
1208880 1249.8
1208890 1249.8
1208900 1246.4
1208910 1241.1
1208920 1235.7
1208930 1235.7
1208940 1230.0
1208950 1222.5
1208960 1222.5
1208970 1215.5
1208980 1210.9
1208990 1210.9
1209000 1207.8
1209010 1204.5
1209020 1204.5
1209030 1199.8
1209040 1194.3
1209050 1194.3
1209060 1188.4
1209070 1181.7
1209080 1181.7
1209090 1175.3
1209100 1172.8
1209110 1172.8
1209120 1171.9
1209130 1169.4
1209140 1169.4
1209150 1165.9
1209160 1160.5
1209170 1160.5
1209180 1152.1
1209190 1144.0
1209200 1144.0
1209210 1138.5
1209220 1135.6
1209230 1131.5
1209240 1131.5
1209250 1121.9
1209260 1115.2
1209270 1115.2
1209280 1108.0
1209290 1101.9
1209300 1101.9
1209310 1095.7
1209320 1090.1
1209330 1090.1
1209340 1085.6
1209350 1082.2
1209360 1082.2
1209370 1079.0
1209380 1076.8
1209390 1076.8
1209400 1075.0
1209410 1073.1
1209420 1073.1
1209430 1067.8
1209440 1063.5
1209450 1063.5
1209460 1058.4
1209470 1052.9
1209480 1052.9
1209490 1048.2
1209500 1044.6
1209510 1044.6
1209520 1040.2
1209530 1033.1
1209540 1033.1
1209550 1026.7
1209560 1021.6
1209570 1018.1
1209580 1018.1
1209590 1015.4
1209600 1010.4
1209610 1010.4
1209620 1005.7
1209630 1000.1
1209640 1000.1
1209650 1000.0
1209660 1001.2
1209670 1001.2
1209680 999.1
1209690 994.1
1209700 994.1
1209710 992.0
1209720 999.0
1209730 999.0
1209740 1008.1
1209750 1014.7
1209760 1014.7
1209770 1025.8
1209780 1028.8
1209790 1028.8
1209800 1028.9
1209810 1030.6
1209820 1030.6
1209830 1034.9
1209840 1040.1
1209850 1040.1
1209860 1046.9
1209870 1054.2
1209880 1054.2
1209890 1061.6
1209900 1069.2
1209910 1076.5
1209920 1076.5
1209930 1082.2
1209940 1087.3
1209950 1087.3
1209960 1092.8
1209970 1096.5
1209980 1096.5
1209990 1097.3
1210000 1096.0
1210010 1096.0
1210020 1094.5
1210030 1092.6
1210040 1092.6
1210050 1091.4
1210060 1089.3
1210070 1089.3
1210080 1086.1
1210090 1083.4
1210100 1083.4
1210110 1080.5
1210120 1076.8
1210130 1076.8
1210140 1071.7
1210150 1066.9
1210160 1066.9
1210170 1059.8
1210180 1048.9
1210190 1048.9
1210200 1039.2
1210210 1031.8
1210220 1031.8
1210230 1025.1
1210240 1018.2
1210250 1011.9
1210260 1011.9
1210270 1007.1
1210280 1005.2
1210290 1005.2
1210300 1006.4
1210310 1009.5
1210320 1009.5
1210330 1012.4
1210340 1015.4
1210350 1015.4
1210360 1018.8
1210370 1022.6
1210380 1022.6
1210390 1027.0
1210400 1032.0
1210410 1032.0
1210420 1037.8
1210430 1045.9
1210440 1045.9
1210450 1053.0
1210460 1057.6
1210470 1057.6
1210480 1063.3
1210490 1067.7
1210500 1067.7
1210510 1073.6
1210520 1083.4
1210530 1083.4
1210540 1092.7
1210550 1098.2
1210560 1106.9
1210570 1106.9
1210580 1117.2
1210590 1124.2
1210600 1124.2
1210610 1134.3
1210620 1141.3
1210630 1141.3
1210640 1150.5
1210650 1165.4
1210660 1165.4
1210670 1177.0
1210680 1187.4
1210690 1187.4
1210700 1195.5
1210710 1201.3
1210720 1201.3
1210730 1207.0
1210740 1212.6
1210750 1212.6
1210760 1218.3
1210770 1223.8
1210780 1223.8
1210790 1229.3
1210800 1234.0
1210810 1234.0
1210820 1238.2
1210830 1242.3
1210840 1242.3
1210850 1246.4
1210860 1250.1
1210870 1250.1
1210880 1253.9
1210890 1256.0
1210900 1256.0
1210910 1256.0
1210920 1258.6
1210930 1261.8
1210940 1261.8
1210950 1265.0
1210960 1266.4
1210970 1266.4
1210980 1268.3
1210990 1269.5
1211000 1269.5
1211010 1269.5
1211020 1270.2
1211030 1270.2
1211040 1271.2
1211050 1275.2
1211060 1275.2
1211070 1277.4
1211080 1279.5
1211090 1279.5
1211100 1281.3
1211110 1277.4
1211120 1277.4
1211130 1279.2
1211140 1278.9
1211150 1278.9
1211160 1277.3
1211170 1280.2
1211180 1280.2
1211190 1282.6
1211200 1285.7
1211210 1285.7
1211220 1288.1
1211230 1289.4
1211240 1287.8
1211250 1287.8
1211260 1286.2
1211270 1289.4
1211280 1289.4
1211290 1293.6
1211300 1294.2
1211310 1294.2
1211320 1290.4
1211330 1288.3
1211340 1288.3
1211350 1286.5
1211360 1281.9
1211370 1281.9
1211380 1273.2
1211390 1272.7
1211400 1272.7
1211410 1275.7
1211420 1274.1
1211430 1274.1
1211440 1274.2
1211450 1273.0
1211460 1273.0
1211470 1270.3
1211480 1273.2
1211490 1273.2
1211500 1279.7
1211510 1287.6
1211520 1287.6
1211530 1295.8
1211540 1304.5
1211550 1304.5
1211560 1312.3
1211570 1319.6
1211580 1330.5
1211590 1330.5
1211600 1337.8
1211610 1342.4
1211620 1342.4
1211630 1344.5
1211640 1346.1
1211650 1346.1
1211660 1348.5
1211670 1351.5
1211680 1351.5
1211690 1355.9
1211700 1360.8
1211710 1360.8
1211720 1365.7
1211730 1371.5
1211740 1371.5
1211750 1377.8
1211760 1382.5
1211770 1382.5
1211780 1388.2
1211790 1395.2
1211800 1395.2
1211810 1400.1
1211820 1404.7
1211830 1404.7
1211840 1410.1
1211850 1416.0
1211860 1416.0
1211870 1422.2
1211880 1428.7
1211890 1435.4
1211900 1435.4
1211910 1442.4
1211920 1449.1
1211930 1449.1
1211940 1454.3
1211950 1458.9
1211960 1458.9
1211970 1463.5
1211980 1468.3
1211990 1468.3
1212000 1473.1
1212010 1477.1
1212020 1477.1
1212030 1481.4
1212040 1486.4
1212050 1492.7
1212060 1497.2
1212070 1504.5
1212080 1504.5
1212090 1511.4
1212100 1518.5
1212110 1518.5
1212120 1525.7
1212130 1532.6
1212140 1532.6
1212150 1538.1
1212160 1545.5
1212170 1545.5
1212180 1553.6
1212190 1560.3
1212200 1560.3
1212210 1566.5
1212220 1567.5
1212230 1567.3
1212240 1567.3
1212250 1573.4
1212260 1578.8
1212270 1578.8
1212280 1583.6
1212290 1590.3
1212300 1590.3
1212310 1598.1
1212320 1605.9
1212330 1605.9
1212340 1611.9
1212350 1616.0
1212360 1616.0
1212370 1618.3
1212380 1620.2
1212390 1620.2
1212400 1623.2
1212410 1625.9
1212420 1625.9
1212430 1624.3
1212440 1625.9
1212450 1625.9
1212460 1628.5
1212470 1632.1
1212480 1632.1
1212490 1632.7
1212500 1631.9
1212510 1631.9
1212520 1644.0
1212530 1645.2
1212540 1645.2
1212550 1646.2
1212560 1648.0
1212570 1645.6
1212580 1645.6
1212590 1644.5
1212600 1642.7
1212610 1642.7
1212620 1640.7
1212630 1642.3
1212640 1642.3
1212650 1645.3
1212660 1646.2
1212670 1646.2
1212680 1646.4
1212690 1646.8
1212700 1646.8
1212710 1648.5
1212720 1652.4
1212730 1652.4
1212740 1655.6
1212750 1660.7
1212760 1660.7
1212770 1665.5
1212780 1666.2
1212790 1666.2
1212800 1665.7
1212810 1663.2
1212820 1663.2
1212830 1658.2
1212840 1651.7
1212850 1651.7
1212860 1646.0
1212870 1641.0
1212880 1641.0
1212890 1635.4
1212900 1628.5
1212910 1618.9
1212920 1618.9
1212930 1612.3
1212940 1604.2
1212950 1604.2
1212960 1595.4
1212970 1586.4
1212980 1586.4
1212990 1575.7
1213000 1568.1
1213010 1568.1
1213020 1560.7
1213030 1550.6
1213040 1550.6
1213050 1541.3
1213060 1534.6
1213070 1534.6
1213080 1528.7
1213090 1521.6
1213100 1521.6
1213110 1511.2
1213120 1501.3
1213130 1501.3
1213140 1491.8
1213150 1484.2
1213160 1484.2
1213170 1478.8
1213180 1473.6
1213190 1473.6
1213200 1468.1
1213210 1462.7
1213220 1456.9
1213230 1456.9
1213240 1451.4
1213250 1445.2
1213260 1445.2
1213270 1437.0
1213280 1429.5
1213290 1429.5
1213300 1422.7
1213310 1416.9
1213320 1416.9
1213330 1410.4
1213340 1401.9
1213350 1401.9
1213360 1395.8
1213370 1388.1
1213380 1388.1
1213390 1379.8
1213400 1373.3
1213410 1373.3
1213420 1366.6
1213430 1359.7
1213440 1359.7
1213450 1353.0
1213460 1341.1
1213470 1341.1
1213480 1331.8
1213490 1324.1
1213500 1324.1
1213510 1315.0
1213520 1300.2
1213530 1300.2
1213540 1288.0
1213550 1279.3
1213560 1273.1
1213570 1273.1
1213580 1265.4
1213590 1259.7
1213600 1259.7
1213610 1253.6
1213620 1234.9
1213630 1234.9
1213640 1225.2
1213650 1225.5
1213660 1225.5
1213670 1203.6
1213680 1186.9
1213690 1186.9
1213700 1177.6
1213710 1169.7
1213720 1169.7
1213730 1163.7
1213740 1169.4
1213750 1169.4
1213760 1171.0
1213770 1165.3
1213780 1165.3
1213790 1151.6
1213800 1149.0
1213810 1149.0
1213820 1149.5
1213830 1143.6
1213840 1143.6
1213850 1134.1
1213860 1120.3
1213870 1120.3
1213880 1110.7
1213890 1111.6
1213900 1107.1
1213910 1107.1
1213920 1082.4
1213930 1062.9
1213940 1062.9
1213950 1057.9
1213960 1052.8
1213970 1052.8
1213980 1045.4
1213990 1041.6
1214000 1041.6
1214010 1041.8
1214020 1040.2
1214030 1040.2
1214040 1037.7
1214050 1036.0
1214060 1036.0
1214070 1027.7
1214080 1020.7
1214090 1020.7
1214100 1015.8
1214110 1010.6
1214120 1010.6
1214130 1008.3
1214140 1007.7
1214150 1007.7
1214160 1009.0
1214170 1011.5
1214180 1011.5
1214190 1018.3
1214200 1026.7
1214210 1026.7
1214220 1033.9
1214230 1034.7
1214240 1032.5
1214250 1032.5
1214260 1025.4
1214270 1023.8
1214280 1023.8
1214290 1023.8
1214300 1023.0
1214310 1023.0
1214320 1023.0
1214330 1019.0
1214340 1019.0
1214350 1021.9
1214360 1026.2
1214370 1026.2
1214380 1025.7
1214390 1025.4
1214400 1034.4
1214410 1034.8
1214420 1036.5
1214430 1036.5
1214440 1039.8
1214450 1040.7
1214460 1040.7
1214470 1042.0
1214480 1047.3
1214490 1047.3
1214500 1054.7
1214510 1063.1
1214520 1063.1
1214530 1069.3
1214540 1068.6
1214550 1067.2
1214560 1067.2
1214570 1065.5
1214580 1063.7
1214590 1063.7
1214600 1062.0
1214610 1059.8
1214620 1059.8
1214630 1057.6
1214640 1055.8
1214650 1055.8
1214660 1054.0
1214670 1053.1
1214680 1053.1
1214690 1052.7
1214700 1051.4
1214710 1051.4
1214720 1049.5
1214730 1047.0
1214740 1047.0
1214750 1044.8
1214760 1042.9
1214770 1042.9
1214780 1041.3
1214790 1039.5
1214800 1039.5
1214810 1037.5
1214820 1035.2
1214830 1035.2
1214840 1032.2
1214850 1027.3
1214860 1027.3
1214870 1021.3
1214880 1014.6
1214890 1009.4
1214900 1009.4
1214910 1005.1
1214920 1001.5
1214930 1001.5
1214940 997.8
1214950 993.5
1214960 993.5
1214970 988.7
1214980 983.3
1214990 983.3
1215000 978.1
1215010 974.4
1215020 974.4
1215030 971.2
1215040 970.0
1215050 970.0
1215060 963.5
1215070 951.2
1215080 951.2
1215090 941.8
1215100 931.5
1215110 931.5
1215120 922.3
1215130 919.9
1215140 919.9
1215150 911.9
1215160 901.5
1215170 901.5
1215180 891.8
1215190 882.1
1215200 882.1
1215210 873.4
1215220 870.7
1215230 870.6
1215240 870.6
1215250 872.6
1215260 878.7
1215270 878.7
1215280 888.2
1215290 896.5
1215300 896.5
1215310 903.4
1215320 905.1
1215330 905.1
1215340 904.1
1215350 899.2
1215360 899.2
1215370 898.1
1215380 897.2
1215390 897.2
1215400 896.0
1215410 894.4
1215420 894.4
1215430 892.9
1215440 891.0
1215450 891.0
1215460 886.9
1215470 881.6
1215480 881.6
1215490 881.3
1215500 888.0
1215510 888.0
1215520 893.8
1215530 895.4
1215540 895.4
1215550 892.4
1215560 886.6
1215570 882.8
1215580 882.8
1215590 880.9
1215600 879.1
1215610 879.1
1215620 876.7
1215630 874.9
1215640 874.9
1215650 873.5
1215660 872.7
1215670 872.7
1215680 871.1
1215690 867.8
1215700 867.8
1215710 865.2
1215720 864.7
1215730 864.7
1215740 864.3
1215750 864.8
1215760 864.8
1215770 865.4
1215780 864.6
1215790 864.6
1215800 862.9
1215810 862.4
1215820 862.4
1215830 858.0
1215840 858.1
1215850 858.1
1215860 857.9
1215870 856.1
1215880 852.9
1215890 852.9
1215900 849.1
1215910 846.6
1215920 846.6
1215930 846.2
1215940 845.7
1215950 845.7
1215960 845.3
1215970 845.3
1215980 845.3
1215990 844.4
1216000 843.6
1216010 843.6
1216020 843.2
1216030 843.0
1216040 843.0
1216050 842.9
1216060 842.3
1216070 842.3
1216080 841.8
1216090 841.2
1216100 841.2
1216110 840.6
1216120 840.2
1216130 840.2
1216140 839.8
1216150 839.2
1216160 839.2
1216170 838.6
1216180 838.3
1216190 838.3
1216200 838.0
1216210 837.4
1216220 835.8
1216230 835.8
1216240 835.6
1216250 835.6
1216260 835.6
1216270 835.6
1216280 835.5
1216290 835.5
1216300 834.6
1216310 834.4
1216320 834.4
1216330 834.4
1216340 834.5
1216350 834.5
1216360 834.2
1216370 833.7
1216380 833.7
1216390 833.6
1216400 834.1
1216410 834.1
1216420 834.7
1216430 835.6
1216440 835.6
1216450 837.1
1216460 838.9
1216470 838.9
1216480 840.2
1216490 842.9
1216500 842.9
1216510 844.5
1216520 847.8
1216530 847.8
1216540 851.3
1216550 855.3
1216560 857.9
1216570 857.9
1216580 860.3
1216590 863.1
1216600 863.1
1216610 865.7
1216620 867.2
1216630 867.2
1216640 868.8
1216650 871.7
1216660 871.7
1216670 874.1
1216680 876.9
1216690 876.9
1216700 878.7
1216710 880.5
1216720 880.5
1216730 882.0
1216740 882.5
1216750 882.5
1216760 883.8
1216770 883.9
1216780 888.8
1216790 890.8
1216800 890.4
1216810 890.4
1216820 889.7
1216830 891.3
1216840 891.3
1216850 895.1
1216860 897.4
1216870 897.4
1216880 901.1
1216890 902.9
1216900 906.7
1216910 906.7
1216920 912.4
1216930 917.5
1216940 917.5
1216950 924.7
1216960 937.3
1216970 937.3
1216980 952.9
1216990 964.1
1217000 964.1
1217010 972.5
1217020 978.1
1217030 978.1
1217040 983.6
1217050 989.1
1217060 989.1
1217070 995.2
1217080 1003.8
1217090 1003.8
1217100 1011.3
1217110 1018.6
1217120 1018.6
1217130 1027.6
1217140 1038.2
1217150 1038.2
1217160 1046.4
1217170 1052.0
1217180 1052.0
1217190 1054.4
1217200 1058.1
1217210 1064.6
1217220 1064.6
1217230 1070.7
1217240 1076.4
1217250 1076.4
1217260 1096.3
1217270 1110.9
1217280 1110.9
1217290 1122.4
1217300 1125.9
1217310 1125.9
1217320 1130.4
1217330 1134.8
1217340 1134.8
1217350 1138.6
1217360 1141.0
1217370 1141.0
1217380 1131.1
1217390 1137.3
1217400 1137.3
1217410 1149.5
1217420 1152.6
1217430 1152.6
1217440 1155.3
1217450 1157.9
1217460 1157.9
1217470 1160.7
1217480 1163.5
1217490 1163.5
1217500 1166.5
1217510 1170.0
1217520 1170.0
1217530 1173.9
1217540 1177.5
1217550 1181.3
1217560 1181.3
1217570 1185.3
1217580 1189.1
1217590 1189.1
1217600 1193.0
1217610 1197.7
1217620 1197.7
1217630 1202.7
1217640 1207.8
1217650 1207.8
1217660 1212.2
1217670 1217.0
1217680 1217.0
1217690 1222.3
1217700 1226.6
1217710 1226.6
1217720 1230.2
1217730 1240.2
1217740 1240.2
1217750 1245.7
1217760 1252.2
1217770 1252.2
1217780 1258.8
1217790 1264.0
1217800 1264.0
1217810 1269.1
1217820 1272.8
1217830 1272.8
1217840 1275.8
1217850 1280.1
1217860 1280.1
1217870 1285.2
1217880 1288.9
1217890 1291.9
1217900 1291.9
1217910 1294.8
1217920 1297.8
1217930 1297.8
1217940 1301.0
1217950 1304.2
1217960 1304.2
1217970 1306.8
1217980 1307.0
1217990 1307.0
1218000 1304.9
1218010 1301.6
1218020 1301.6
1218030 1301.5
1218040 1299.8
1218050 1299.8
1218060 1297.4
1218070 1296.2
1218080 1296.2
1218090 1294.6
1218100 1292.4
1218110 1292.4
1218120 1289.5
1218130 1286.2
1218140 1286.2
1218150 1282.0
1218160 1278.1
1218170 1278.1
1218180 1274.1
1218190 1270.3
1218200 1270.3
1218210 1265.4
1218220 1265.0
1218230 1264.9
1218240 1264.9
1218250 1265.4
1218260 1266.9
1218270 1266.9
1218280 1269.2
1218290 1269.3
1218300 1269.3
1218310 1266.7
1218320 1262.9
1218330 1262.9
1218340 1260.8
1218350 1262.1
1218360 1262.1
1218370 1264.4
1218380 1263.6
1218390 1263.6
1218400 1261.7
1200000 1413.1
1200010 1421.5
1200020 1421.5
1200030 1429.3
1200040 1437.7
1200050 1437.7
1200060 1446.9
1200070 1453.6
1200080 1453.6
1200090 1457.5
1200100 1460.4
1200110 1460.4
1200120 1450.6
1200130 1450.6
1200140 1450.6
1200150 1450.8
1200160 1449.9
1200170 1449.9
1200180 1450.7
1200190 1455.0
1200200 1455.0
1200210 1459.1
1200220 1461.8
1200230 1462.6
1200240 1462.6
1200250 1462.4
1200260 1461.0
1200270 1461.0
1200280 1458.6
1200290 1455.6
1200300 1455.6
1200310 1452.3
1200320 1449.0
1200330 1449.0
1200340 1445.2
1200350 1440.6
1200360 1440.6
1200370 1435.6
1200380 1430.4
1200390 1430.4
1200400 1424.9
1200410 1420.9
1200420 1420.9
1200430 1416.7
1200440 1411.7
1200450 1411.7
1200460 1406.0
1200470 1400.7
1200480 1400.7
1200490 1393.4
1200500 1385.1
1200510 1385.1
1200520 1378.0
1200530 1371.8
1200540 1371.8
1200550 1366.4
1200560 1362.7
1200570 1364.6
1200580 1364.6
1200590 1361.1
1200600 1357.6
1200610 1357.6
1200620 1354.3
1200630 1351.1
1200640 1351.1
1200650 1347.5
1200660 1341.9
1200670 1341.9
1200680 1332.7
1200690 1328.9
1200700 1328.9
1200710 1323.8
1200720 1315.2
1200730 1315.2
1200740 1313.8
1200750 1296.5
1200760 1296.5
1200770 1289.6
1200780 1278.6
1200790 1278.6
1200800 1272.6
1200810 1264.8
1200820 1264.8
1200830 1253.2
1200840 1243.1
1200850 1243.1
1200860 1234.6
1200870 1223.0
1200880 1223.0
1200890 1211.3
1200900 1201.0
1200910 1192.9
1200920 1192.9
1200930 1185.5
1200940 1181.6
1200950 1181.6
1200960 1175.1
1200970 1166.3
1200980 1166.3
1200990 1159.8
1201000 1150.6
1201010 1150.6
1201020 1135.6
1201030 1129.8
1201040 1129.8
1201050 1120.4
1201060 1110.6
1201070 1110.6
1201080 1101.4
1201090 1093.5
1201100 1093.5
1201110 1086.2
1201120 1084.0
1201130 1084.0
1201140 1080.2
1201150 1074.4
1201160 1074.4
1201170 1067.1
1201180 1059.5
1201190 1059.5
1201200 1054.6
1201210 1049.8
1201220 1049.8
1201230 1043.2
1201240 1035.8
1201250 1028.0
1201260 1028.0
1201270 1019.8
1201280 1012.5
1201290 1012.5
1201300 1006.7
1201310 1001.3
1201320 1001.3
1201330 996.2
1201340 991.7
1201350 991.7
1201360 984.4
1201370 977.3
1201380 977.3
1201390 975.6
1201400 975.6
1201410 975.6
1201420 975.6
1201430 975.6
1201440 975.6
1201450 975.6
1201460 975.6
1201470 975.6
1201480 975.6
1201490 975.6
1201500 975.6
1201510 975.6
1201520 975.6
1201530 975.6
1201540 975.6
1201550 975.6
1201560 975.6
1201570 975.6
1201580 975.6
1201590 975.6
1201600 975.6
1201610 975.6
1201620 975.6
1201630 975.6
1201640 975.6
1201650 975.6
1201660 975.6
1201670 975.6
1201680 975.6
1201690 975.6
1201700 975.6
1201710 975.6
1201720 975.6
1201730 975.6
1201740 975.6
1201750 975.6
1201760 975.6
1201770 975.6
1201780 975.6
1201790 975.6
1201800 975.6
1201810 975.6
1201820 975.6
1201830 975.6
1201840 975.6
1201850 975.6
1201860 975.6
1201870 975.6
1201880 975.6
1201890 975.6
1201900 975.6
1201910 975.6
1201920 975.6
1201930 975.6
1201940 975.6
1201950 975.6
1201960 975.6
1201970 975.6
1201980 975.6
1201990 975.6
1202000 975.6
1202010 975.6
1202020 975.6
1202030 975.6
1202040 975.6
1202050 975.6
1202060 975.6
1202070 975.6
1202080 975.6
1202090 975.6
1202100 975.6
1202110 975.6
1202120 975.6
1202130 975.6
1202140 975.6
1202150 975.6
1202160 975.6
1202170 975.6
1202180 975.6
1202190 975.6
1202200 975.6
1202210 975.6
1202220 975.6
1202230 975.6
1202240 975.6
1202250 975.6
1202260 975.6
1202270 975.6
1202280 975.6
1202290 975.6
1202300 975.6
1202310 975.6
1202320 975.6
1202330 975.6
1202340 975.6
1202350 975.6
1202360 975.6
1202370 975.6
1202380 975.6
1202390 975.6
1202400 975.6
1202410 977.6
1202420 981.1
1202430 981.1
1202440 983.9
1202450 986.3
1202460 986.3
1202470 988.7
1202480 990.6
1202490 990.6
1202500 992.7
1202510 995.0
1202520 995.0
1202530 996.7
1202540 999.1
1202550 999.1
1202560 1004.5
1202570 1010.3
1202580 1014.6
1202590 1014.6
1202600 1017.5
1202610 1019.6
1202620 1019.6
1202630 1021.2
1202640 1023.5
1202650 1023.5
1202660 1025.2
1202670 1026.8
1202680 1026.8
1202690 1029.4
1202700 1031.9
1202710 1031.9
1202720 1034.3
1202730 1035.1
1202740 1035.1
1202750 1034.5
1202760 1035.9
1202770 1035.9
1202780 1041.2
1202790 1047.4
1202800 1047.4
1202810 1053.4
1202820 1060.1
1202830 1064.1
1202840 1071.9
1202850 1078.6
1202860 1078.6
1202870 1085.2
1202880 1092.5
1202890 1092.5
1202900 1099.0
1202910 1104.9
1202920 1110.8
1202930 1110.8
1202940 1116.9
1202950 1124.2
1202960 1124.2
1202970 1129.5
1202980 1131.0
1202990 1131.0
1203000 1132.9
1203010 1129.6
1203020 1129.6
1203030 1129.7
1203040 1132.6
1203050 1132.6
1203060 1138.0
1203070 1147.3
1203080 1147.3
1203090 1162.3
1203100 1169.5
1203110 1169.5
1203120 1172.9
1203130 1177.0
1203140 1177.0
1203150 1183.3
1203160 1190.3
1203170 1190.3
1203180 1200.1
1203190 1211.4
1203200 1211.4
1203210 1219.6
1203220 1226.7
1203230 1235.2
1203240 1235.2
1203250 1242.6
1203260 1244.6
1203270 1244.6
1203280 1246.4
1203290 1251.0
1203300 1251.0
1203310 1253.4
1203320 1256.2
1203330 1256.2
1203340 1258.8
1203350 1261.5
1203360 1261.5
1203370 1264.0
1203380 1266.2
1203390 1266.2
1203400 1269.0
1203410 1271.8
1203420 1271.8
1203430 1275.1
1203440 1278.4
1203450 1278.4
1203460 1282.3
1203470 1285.6
1203480 1285.6
1203490 1288.4
1203500 1290.8
1203510 1290.8
1203520 1293.0
1203530 1295.5
1203540 1295.5
1203550 1296.4
1203560 1295.4
1203570 1293.4
1203580 1293.4
1203590 1288.8
1203600 1283.7
1203610 1283.7
1203620 1281.0
1203630 1274.5
1203640 1274.5
1203650 1269.6
1203660 1267.3
1203670 1267.3
1203680 1265.1
1203690 1267.4
1203700 1267.4
1203710 1276.3
1203720 1294.2
1203730 1294.2
1203740 1294.2
1203750 1303.7
1203760 1303.7
1203770 1320.4
1203780 1332.1
1203790 1332.1
1203800 1338.9
1203810 1344.5
1203820 1344.5
1203830 1350.5
1203840 1356.8
1203850 1356.8
1203860 1363.3
1203870 1368.8
1203880 1368.8
1203890 1374.4
1203900 1379.5
1203910 1384.1
1203920 1384.1
1203930 1388.4
1203940 1392.4
1203950 1392.4
1203960 1396.1
1203970 1399.3
1203980 1399.3
1203990 1401.9
1204000 1401.3
1204010 1401.3
1204020 1400.6
1204030 1403.5
1204040 1403.5
1204050 1396.9
1204060 1392.2
1204070 1392.2
1204080 1379.2
1204090 1363.4
1204100 1363.4
1204110 1352.6
1204120 1344.9
1204130 1344.9
1204140 1345.3
1204150 1345.1
1204160 1345.1
1204170 1343.5
1204180 1342.8
1204190 1342.8
1204200 1350.6
1204210 1343.8
1204220 1343.8
1204230 1327.4
1204240 1324.3
1204250 1320.4
1204260 1320.4
1204270 1313.0
1204280 1300.5
1204290 1300.5
1204300 1288.3
1204310 1280.8
1204320 1280.8
1204330 1275.4
1204340 1279.3
1204350 1279.3
1204360 1286.4
1204370 1294.2
1204380 1294.2
1204390 1300.0
1204400 1303.8
1204410 1303.8
1204420 1309.3
1204430 1310.1
1204440 1310.1
1204450 1303.5
1204460 1293.0
1204470 1293.0
1204480 1288.8
1204490 1289.3
1204500 1289.3
1204510 1291.2
1204520 1282.6
1204530 1282.6
1204540 1277.2
1204550 1275.4
1204560 1275.4
1204570 1275.4
1204580 1288.3
1204590 1307.9
1204600 1307.9
1204610 1327.8
1204620 1350.0
1204630 1350.0
1204640 1358.6
1204650 1360.6
1204660 1360.6
1204670 1372.6
1204680 1376.5
1204690 1376.5
1204700 1379.0
1204710 1383.9
1204720 1383.9
1204730 1383.5
1204740 1382.7
1204750 1382.7
1204760 1380.3
1204770 1378.0
1204780 1378.0
1204790 1375.3
1204800 1372.2
1204810 1372.2
1204820 1367.8
1204830 1367.5
1204840 1367.5
1204850 1372.6
1204860 1378.7
1204870 1378.7
1204880 1383.9
1204890 1389.3
1204900 1394.8
1204910 1394.8
1204920 1400.8
1204930 1406.9
1204940 1406.9
1204950 1412.9
1204960 1419.4
1204970 1419.4
1204980 1425.9
1204990 1432.9
1205000 1432.9
1205010 1440.3
1205020 1447.8
1205030 1447.8
1205040 1455.1
1205050 1461.8
1205060 1461.8
1205070 1467.1
1205080 1472.3
1205090 1472.3
1205100 1477.8
1205110 1482.8
1205120 1482.8
1205130 1488.0
1205140 1492.4
1205150 1492.4
1205160 1496.9
1205170 1502.8
1205180 1502.8
1205190 1508.4
1205200 1514.6
1205210 1514.6
1205220 1521.8
1205230 1529.7
1205240 1537.9
1205250 1537.9
1205260 1545.1
1205270 1552.8
1205280 1552.8
1205290 1560.3
1205300 1567.5
1205310 1567.5
1205320 1574.7
1205330 1581.3
1205340 1581.3
1205350 1587.4
1205360 1592.5
1205370 1592.5
1205380 1596.7
1205390 1599.0
1205400 1599.0
1205410 1599.3
1205420 1601.2
1205430 1601.2
1205440 1606.3
1205450 1610.6
1205460 1610.6
1205470 1614.3
1205480 1619.7
1205490 1619.7
1205500 1625.8
1205510 1631.6
1205520 1631.6
1205530 1637.6
1205540 1643.6
1205550 1643.6
1205560 1649.4
1205570 1658.0
1205580 1663.9
1205590 1663.9
1205600 1669.7
1205610 1675.0
1205620 1675.0
1205630 1680.4
1205640 1686.4
1205650 1686.4
1205660 1693.3
1205670 1700.2
1205680 1700.2
1205690 1706.4
1205700 1712.8
1205710 1712.8
1205720 1719.3
1205730 1725.7
1205740 1725.7
1205750 1731.5
1205760 1737.2
1205770 1737.2
1205780 1743.4
1205790 1749.5
1205800 1749.5
1205810 1755.3
1205820 1760.3
1205830 1760.3
1205840 1756.8
1205850 1746.0
1205860 1746.0
1205870 1734.3
1205880 1724.1
1205890 1724.1
1205900 1714.9
1205910 1705.9
1205920 1698.5
1205930 1698.5
1205940 1691.4
1205950 1684.6
1205960 1684.6
1205970 1677.8
1205980 1671.5
1205990 1671.5
1206000 1665.3
1206010 1658.1
1206020 1659.2
1206030 1654.7
1206040 1650.5
1206050 1650.5
1206060 1646.7
1206070 1642.7
1206080 1642.7
1206090 1637.3
1206100 1634.2
1206110 1634.2
1206120 1637.7
1206130 1638.4
1206140 1638.4
1206150 1637.8
1206160 1641.2
1206170 1641.2
1206180 1643.8
1206190 1646.1
1206200 1646.1
1206210 1649.0
1206220 1651.6
1206230 1655.3
1206240 1655.3
1206250 1659.1
1206260 1662.1
1206270 1662.1
1206280 1663.5
1206290 1663.6
1206300 1663.6
1206310 1662.3
1206320 1660.6
1206330 1660.6
1206340 1660.2
1206350 1664.2
1206360 1664.2
1206370 1667.2
1206380 1669.0
1206390 1669.0
1206400 1676.5
1206410 1684.1
1206420 1684.1
1206430 1691.1
1206440 1700.0
1206450 1700.0
1206460 1708.7
1206470 1715.9
1206480 1714.2
1206490 1720.8
1206500 1729.0
1206510 1729.0
1206520 1735.9
1206530 1741.5
1206540 1741.5
1206550 1750.9
1206560 1758.6
1206570 1763.1
1206580 1763.1
1206590 1769.3
1206600 1772.3
1206610 1772.3
1206620 1776.9
1206630 1783.2
1206640 1783.2
1206650 1789.3
1206660 1793.4
1206670 1793.4
1206680 1796.8
1206690 1798.1
1206700 1798.1
1206710 1796.8
1206720 1793.5
1206730 1793.5
1206740 1788.5
1206750 1783.0
1206760 1783.0
1206770 1778.5
1206780 1774.5
1206790 1774.5
1206800 1771.0
1206810 1768.8
1206820 1768.8
1206830 1768.3
1206840 1767.8
1206850 1767.8
1206860 1765.3
1206870 1760.6
1206880 1760.6
1206890 1754.1
1206900 1746.7
1206910 1739.9
1206920 1739.9
1206930 1732.9
1206940 1727.5
1206950 1727.5
1206960 1713.8
1206970 1708.8
1206980 1708.8
1206990 1706.9
1207000 1703.6
1207010 1703.6
1207020 1699.0
1207030 1694.6
1207040 1694.6
1207050 1689.4
1207060 1683.8
1207070 1683.8
1207080 1674.5
1207090 1674.9
1207100 1674.9
1207110 1674.7
1207120 1674.0
1207130 1674.0
1207140 1672.4
1207150 1670.6
1207160 1670.6
1207170 1666.1
1207180 1662.9
1207190 1662.9
1207200 1661.8
1207210 1660.2
1207220 1660.2
1207230 1656.7
1207240 1655.3
1207250 1657.8
1207260 1657.8
1207270 1658.4
1207280 1659.2
1207290 1659.2
1207300 1658.9
1207310 1656.6
1207320 1656.6
1207330 1652.8
1207340 1650.1
1207350 1650.1
1207360 1648.5
1207370 1648.8
1207380 1648.8
1207390 1649.7
1207400 1654.9
1207410 1654.9
1207420 1653.9
1207430 1655.7
1207440 1655.7
1207450 1656.9
1207460 1656.2
1207470 1656.2
1207480 1655.2
1207490 1654.6
1207500 1654.6
1207510 1655.2
1207520 1656.3
1207530 1656.3
1207540 1656.3
1207550 1655.5
1207560 1654.3
1207570 1654.3
1207580 1653.1
1207590 1652.3
1207600 1652.3
1207610 1652.1
1207620 1645.2
1207630 1645.2
1207640 1632.3
1207650 1611.5
1207660 1611.5
1207670 1599.6
1207680 1590.8
1207690 1590.8
1207700 1582.0
1207710 1572.5
1207720 1572.5
1207730 1563.0
1207740 1551.9
1207750 1551.9
1207760 1543.5
1207770 1537.1
1207780 1537.1
1207790 1530.4
1207800 1525.9
1207810 1525.9
1207820 1529.7
1207830 1530.3
1207840 1530.3
1207850 1530.0
1207860 1507.1
1207870 1507.1
1207880 1495.3
1207890 1492.1
1207900 1489.4
1207910 1489.4
1207920 1485.2
1207930 1482.3
1207940 1482.3
1207950 1476.6
1207960 1471.6
1207970 1471.6
1207980 1470.6
1207990 1470.0
1208000 1470.0
1208010 1467.4
1208020 1463.1
1208030 1463.1
1208040 1460.6
1208050 1455.7
1208060 1455.7
1208070 1462.8
1208080 1477.5
1208090 1477.5
1208100 1479.1
1208110 1473.3
1208120 1473.3
1208130 1472.3
1208140 1469.5
1208150 1469.5
1208160 1481.9
1208170 1487.6
1208180 1487.6
1208190 1486.1
1208200 1477.7
1208210 1477.7
1208220 1466.5
1208230 1465.0
1208240 1470.3
1208250 1470.3
1208260 1470.9
1208270 1463.1
1208280 1463.1
1208290 1454.3
1208300 1449.1
1208310 1449.1
1208320 1451.4
1208330 1441.1
1208340 1441.1
1208350 1449.7
1208360 1443.0
1208370 1443.0
1208380 1436.8
1208390 1435.8
1208400 1435.8
1208410 1429.5
1208420 1425.7
1208430 1425.7
1208440 1424.2
1208450 1425.7
1208460 1425.7
1208470 1432.8
1208480 1440.8
1208490 1440.8
1208500 1436.1
1208510 1432.1
1208520 1432.1
1208530 1424.3
1208540 1417.3
1208550 1417.3
1208560 1410.9
1208570 1403.4
1208580 1395.8
1208590 1395.8
1208600 1388.5
1208610 1381.6
1208620 1381.6
1208630 1374.6
1208640 1364.7
1208650 1364.7
1208660 1351.4
1208670 1339.1
1208680 1339.1
1208690 1329.9
1208700 1319.8
1208710 1319.8
1208720 1310.3
1208730 1300.9
1208740 1300.9
1208750 1293.0
1208760 1284.9
1208770 1284.9
1208780 1276.0
1208790 1266.8
1208800 1266.8
1208810 1258.7
1208820 1251.9
1208830 1251.9
1208840 1245.7
1208850 1245.7
1208860 1245.7
1208870 1248.4
1208880 1249.8
1208890 1249.8
1208900 1246.4
1208910 1241.1
1208920 1235.7
1208930 1235.7
1208940 1230.0
1208950 1222.5
1208960 1222.5
1208970 1215.5
1208980 1210.9
1208990 1210.9
1209000 1207.8
1209010 1204.5
1209020 1204.5
1209030 1199.8
1209040 1194.3
1209050 1194.3
1209060 1188.4
1209070 1181.7
1209080 1181.7
1209090 1175.3
1209100 1172.8
1209110 1172.8
1209120 1171.9
1209130 1169.4
1209140 1169.4
1209150 1165.9
1209160 1160.5
1209170 1160.5
1209180 1152.1
1209190 1144.0
1209200 1144.0
1209210 1138.5
1209220 1135.6
1209230 1131.5
1209240 1131.5
1209250 1121.9
1209260 1115.2
1209270 1115.2
1209280 1108.0
1209290 1101.9
1209300 1101.9
1209310 1095.7
1209320 1090.1
1209330 1090.1
1209340 1085.6
1209350 1082.2
1209360 1082.2
1209370 1079.0
1209380 1076.8
1209390 1076.8
1209400 1075.0
1209410 1073.1
1209420 1073.1
1209430 1067.8
1209440 1063.5
1209450 1063.5
1209460 1058.4
1209470 1052.9
1209480 1052.9
1209490 1048.2
1209500 1044.6
1209510 1044.6
1209520 1040.2
1209530 1033.1
1209540 1033.1
1209550 1026.7
1209560 1021.6
1209570 1018.1
1209580 1018.1
1209590 1015.4
1209600 1010.4
1209610 1010.4
1209620 1005.7
1209630 1000.1
1209640 1000.1
1209650 1000.0
1209660 1001.2
1209670 1001.2
1209680 999.1
1209690 994.1
1209700 994.1
1209710 992.0
1209720 999.0
1209730 999.0
1209740 1008.1
1209750 1014.7
1209760 1014.7
1209770 1025.8
1209780 1028.8
1209790 1028.8
1209800 1028.9
1209810 1030.6
1209820 1030.6
1209830 1034.9
1209840 1040.1
1209850 1040.1
1209860 1046.9
1209870 1054.2
1209880 1054.2
1209890 1061.6
1209900 1069.2
1209910 1076.5
1209920 1076.5
1209930 1082.2
1209940 1087.3
1209950 1087.3
1209960 1092.8
1209970 1096.5
1209980 1096.5
1209990 1097.3
1210000 1096.0
1210010 1096.0
1210020 1094.5
1210030 1092.6
1210040 1092.6
1210050 1091.4
1210060 1089.3
1210070 1089.3
1210080 1086.1
1210090 1083.4
1210100 1083.4
1210110 1080.5
1210120 1076.8
1210130 1076.8
1210140 1071.7
1210150 1066.9
1210160 1066.9
1210170 1059.8
1210180 1048.9
1210190 1048.9
1210200 1039.2
1210210 1031.8
1210220 1031.8
1210230 1025.1
1210240 1018.2
1210250 1011.9
1210260 1011.9
1210270 1007.1
1210280 1005.2
1210290 1005.2
1210300 1006.4
1210310 1009.5
1210320 1009.5
1210330 1012.4
1210340 1015.4
1210350 1015.4
1210360 1018.8
1210370 1022.6
1210380 1022.6
1210390 1027.0
1210400 1032.0
1210410 1032.0
1210420 1037.8
1210430 1045.9
1210440 1045.9
1210450 1053.0
1210460 1057.6
1210470 1057.6
1210480 1063.3
1210490 1067.7
1210500 1067.7
1210510 1073.6
1210520 1083.4
1210530 1083.4
1210540 1092.7
1210550 1098.2
1210560 1106.9
1210570 1106.9
1210580 1117.2
1210590 1124.2
1210600 1124.2
1210610 1134.3
1210620 1141.3
1210630 1141.3
1210640 1150.5
1210650 1165.4
1210660 1165.4
1210670 1177.0
1210680 1187.4
1210690 1187.4
1210700 1195.5
1210710 1201.3
1210720 1201.3
1210730 1207.0
1210740 1212.6
1210750 1212.6
1210760 1218.3
1210770 1223.8
1210780 1223.8
1210790 1229.3
1210800 1234.0
1210810 1234.0
1210820 1238.2
1210830 1242.3
1210840 1242.3
1210850 1246.4
1210860 1250.1
1210870 1250.1
1210880 1253.9
1210890 1256.0
1210900 1256.0
1210910 1256.0
1210920 1258.6
1210930 1261.8
1210940 1261.8
1210950 1265.0
1210960 1266.4
1210970 1266.4
1210980 1268.3
1210990 1269.5
1211000 1269.5
1211010 1269.5
1211020 1270.2
1211030 1270.2
1211040 1271.2
1211050 1275.2
1211060 1275.2
1211070 1277.4
1211080 1279.5
1211090 1279.5
1211100 1281.3
1211110 1277.4
1211120 1277.4
1211130 1279.2
1211140 1278.9
1211150 1278.9
1211160 1277.3
1211170 1280.2
1211180 1280.2
1211190 1282.6
1211200 1285.7
1211210 1285.7
1211220 1288.1
1211230 1289.4
1211240 1287.8
1211250 1287.8
1211260 1286.2
1211270 1289.4
1211280 1289.4
1211290 1293.6
1211300 1294.2
1211310 1294.2
1211320 1290.4
1211330 1288.3
1211340 1288.3
1211350 1286.5
1211360 1281.9
1211370 1281.9
1211380 1273.2
1211390 1272.7
1211400 1272.7
1211410 1275.7
1211420 1274.1
1211430 1274.1
1211440 1274.2
1211450 1273.0
1211460 1273.0
1211470 1270.3
1211480 1273.2
1211490 1273.2
1211500 1279.7
1211510 1287.6
1211520 1287.6
1211530 1295.8
1211540 1304.5
1211550 1304.5
1211560 1312.3
1211570 1319.6
1211580 1330.5
1211590 1330.5
1211600 1337.8
1211610 1342.4
1211620 1342.4
1211630 1344.5
1211640 1346.1
1211650 1346.1
1211660 1348.5
1211670 1351.5
1211680 1351.5
1211690 1355.9
1211700 1360.8
1211710 1360.8
1211720 1365.7
1211730 1371.5
1211740 1371.5
1211750 1377.8
1211760 1382.5
1211770 1382.5
1211780 1388.2
1211790 1395.2
1211800 1395.2
1211810 1400.1
1211820 1404.7
1211830 1404.7
1211840 1410.1
1211850 1416.0
1211860 1416.0
1211870 1422.2
1211880 1428.7
1211890 1435.4
1211900 1435.4
1211910 1442.4
1211920 1449.1
1211930 1449.1
1211940 1454.3
1211950 1458.9
1211960 1458.9
1211970 1463.5
1211980 1468.3
1211990 1468.3
1212000 1473.1
1212010 1477.1
1212020 1477.1
1212030 1481.4
1212040 1486.4
1212050 1492.7
1212060 1497.2
1212070 1504.5
1212080 1504.5
1212090 1511.4
1212100 1518.5
1212110 1518.5
1212120 1525.7
1212130 1532.6
1212140 1532.6
1212150 1538.1
1212160 1545.5
1212170 1545.5
1212180 1553.6
1212190 1560.3
1212200 1560.3
1212210 1566.5
1212220 1567.5
1212230 1567.3
1212240 1567.3
1212250 1573.4
1212260 1578.8
1212270 1578.8
1212280 1583.6
1212290 1590.3
1212300 1590.3
1212310 1598.1
1212320 1605.9
1212330 1605.9
1212340 1611.9
1212350 1616.0
1212360 1616.0
1212370 1618.3
1212380 1620.2
1212390 1620.2
1212400 1623.2
1212410 1625.9
1212420 1625.9
1212430 1624.3
1212440 1625.9
1212450 1625.9
1212460 1628.5
1212470 1632.1
1212480 1632.1
1212490 1632.7
1212500 1631.9
1212510 1631.9
1212520 1644.0
1212530 1645.2
1212540 1645.2
1212550 1646.2
1212560 1648.0
1212570 1645.6
1212580 1645.6
1212590 1644.5
1212600 1642.7
1212610 1642.7
1212620 1640.7
1212630 1642.3
1212640 1642.3
1212650 1645.3
1212660 1646.2
1212670 1646.2
1212680 1646.4
1212690 1646.8
1212700 1646.8
1212710 1648.5
1212720 1652.4
1212730 1652.4
1212740 1655.6
1212750 1660.7
1212760 1660.7
1212770 1665.5
1212780 1666.2
1212790 1666.2
1212800 1665.7
1212810 1663.2
1212820 1663.2
1212830 1658.2
1212840 1651.7
1212850 1651.7
1212860 1646.0
1212870 1641.0
1212880 1641.0
1212890 1635.4
1212900 1628.5
1212910 1618.9
1212920 1618.9
1212930 1612.3
1212940 1604.2
1212950 1604.2
1212960 1595.4
1212970 1586.4
1212980 1586.4
1212990 1575.7
1213000 1568.1
1213010 1568.1
1213020 1560.7
1213030 1550.6
1213040 1550.6
1213050 1541.3
1213060 1534.6
1213070 1534.6
1213080 1528.7
1213090 1521.6
1213100 1521.6
1213110 1511.2
1213120 1501.3
1213130 1501.3
1213140 1491.8
1213150 1484.2
1213160 1484.2
1213170 1478.8
1213180 1473.6
1213190 1473.6
1213200 1468.1
1213210 1462.7
1213220 1456.9
1213230 1456.9
1213240 1451.4
1213250 1445.2
1213260 1445.2
1213270 1437.0
1213280 1429.5
1213290 1429.5
1213300 1422.7
1213310 1416.9
1213320 1416.9
1213330 1410.4
1213340 1401.9
1213350 1401.9
1213360 1395.8
1213370 1388.1
1213380 1388.1
1213390 1379.8
1213400 1373.3
1213410 1373.3
1213420 1366.6
1213430 1359.7
1213440 1359.7
1213450 1353.0
1213460 1341.1
1213470 1341.1
1213480 1331.8
1213490 1324.1
1213500 1324.1
1213510 1315.0
1213520 1300.2
1213530 1300.2
1213540 1288.0
1213550 1279.3
1213560 1273.1
1213570 1273.1
1213580 1265.4
1213590 1259.7
1213600 1259.7
1213610 1253.6
1213620 1234.9
1213630 1234.9
1213640 1225.2
1213650 1225.5
1213660 1225.5
1213670 1203.6
1213680 1186.9
1213690 1186.9
1213700 1177.6
1213710 1169.7
1213720 1169.7
1213730 1163.7
1213740 1169.4
1213750 1169.4
1213760 1171.0
1213770 1165.3
1213780 1165.3
1213790 1151.6
1213800 1149.0
1213810 1149.0
1213820 1149.5
1213830 1143.6
1213840 1143.6
1213850 1134.1
1213860 1120.3
1213870 1120.3
1213880 1110.7
1213890 1111.6
1213900 1107.1
1213910 1107.1
1213920 1082.4
1213930 1062.9
1213940 1062.9
1213950 1057.9
1213960 1052.8
1213970 1052.8
1213980 1045.4
1213990 1041.6
1214000 1041.6
1214010 1041.8
1214020 1040.2
1214030 1040.2
1214040 1037.7
1214050 1036.0
1214060 1036.0
1214070 1027.7
1214080 1020.7
1214090 1020.7
1214100 1015.8
1214110 1010.6
1214120 1010.6
1214130 1008.3
1214140 1007.7
1214150 1007.7
1214160 1009.0
1214170 1011.5
1214180 1011.5
1214190 1018.3
1214200 1026.7
1214210 1026.7
1214220 1033.9
1214230 1034.7
1214240 1032.5
1214250 1032.5
1214260 1025.4
1214270 1023.8
1214280 1023.8
1214290 1023.8
1214300 1023.0
1214310 1023.0
1214320 1023.0
1214330 1019.0
1214340 1019.0
1214350 1021.9
1214360 1026.2
1214370 1026.2
1214380 1025.7
1214390 1025.4
1214400 1034.4
1214410 1034.8
1214420 1036.5
1214430 1036.5
1214440 1039.8
1214450 1040.7
1214460 1040.7
1214470 1042.0
1214480 1047.3
1214490 1047.3
1214500 1054.7
1214510 1063.1
1214520 1063.1
1214530 1069.3
1214540 1068.6
1214550 1067.2
1214560 1067.2
1214570 1065.5
1214580 1063.7
1214590 1063.7
1214600 1062.0
1214610 1059.8
1214620 1059.8
1214630 1057.6
1214640 1055.8
1214650 1055.8
1214660 1054.0
1214670 1053.1
1214680 1053.1
1214690 1052.7
1214700 1051.4
1214710 1051.4
1214720 1049.5
1214730 1047.0
1214740 1047.0
1214750 1044.8
1214760 1042.9
1214770 1042.9
1214780 1041.3
1214790 1039.5
1214800 1039.5
1214810 1037.5
1214820 1035.2
1214830 1035.2
1214840 1032.2
1214850 1027.3
1214860 1027.3
1214870 1021.3
1214880 1014.6
1214890 1009.4
1214900 1009.4
1214910 1005.1
1214920 1001.5
1214930 1001.5
1214940 997.8
1214950 993.5
1214960 993.5
1214970 988.7
1214980 983.3
1214990 983.3
1215000 978.1
1215010 974.4
1215020 974.4
1215030 971.2
1215040 970.0
1215050 970.0
1215060 963.5
1215070 951.2
1215080 951.2
1215090 941.8
1215100 931.5
1215110 931.5
1215120 922.3
1215130 919.9
1215140 919.9
1215150 911.9
1215160 901.5
1215170 901.5
1215180 891.8
1215190 882.1
1215200 882.1
1215210 873.4
1215220 870.7
1215230 870.6
1215240 870.6
1215250 872.6
1215260 878.7
1215270 878.7
1215280 888.2
1215290 896.5
1215300 896.5
1215310 903.4
1215320 905.1
1215330 905.1
1215340 904.1
1215350 899.2
1215360 899.2
1215370 898.1
1215380 897.2
1215390 897.2
1215400 896.0
1215410 894.4
1215420 894.4
1215430 892.9
1215440 891.0
1215450 891.0
1215460 886.9
1215470 881.6
1215480 881.6
1215490 881.3
1215500 888.0
1215510 888.0
1215520 893.8
1215530 895.4
1215540 895.4
1215550 892.4
1215560 886.6
1215570 882.8
1215580 882.8
1215590 880.9
1215600 879.1
1215610 879.1
1215620 876.7
1215630 874.9
1215640 874.9
1215650 873.5
1215660 872.7
1215670 872.7
1215680 871.1
1215690 867.8
1215700 867.8
1215710 865.2
1215720 864.7
1215730 864.7
1215740 864.3
1215750 864.8
1215760 864.8
1215770 865.4
1215780 864.6
1215790 864.6
1215800 862.9
1215810 862.4
1215820 862.4
1215830 858.0
1215840 858.1
1215850 858.1
1215860 857.9
1215870 856.1
1215880 852.9
1215890 852.9
1215900 849.1
1215910 846.6
1215920 846.6
1215930 846.2
1215940 845.7
1215950 845.7
1215960 845.3
1215970 845.3
1215980 845.3
1215990 844.4
1216000 843.6
1216010 843.6
1216020 843.2
1216030 843.0
1216040 843.0
1216050 842.9
1216060 842.3
1216070 842.3
1216080 841.8
1216090 841.2
1216100 841.2
1216110 840.6
1216120 840.2
1216130 840.2
1216140 839.8
1216150 839.2
1216160 839.2
1216170 838.6
1216180 838.3
1216190 838.3
1216200 838.0
1216210 837.4
1216220 835.8
1216230 835.8
1216240 835.6
1216250 835.6
1216260 835.6
1216270 835.6
1216280 835.5
1216290 835.5
1216300 834.6
1216310 834.4
1216320 834.4
1216330 834.4
1216340 834.5
1216350 834.5
1216360 834.2
1216370 833.7
1216380 833.7
1216390 833.6
1216400 834.1
1216410 834.1
1216420 834.7
1216430 835.6
1216440 835.6
1216450 837.1
1216460 838.9
1216470 838.9
1216480 840.2
1216490 842.9
1216500 842.9
1216510 844.5
1216520 847.8
1216530 847.8
1216540 851.3
1216550 855.3
1216560 857.9
1216570 857.9
1216580 860.3
1216590 863.1
1216600 863.1
1216610 865.7
1216620 867.2
1216630 867.2
1216640 868.8
1216650 871.7
1216660 871.7
1216670 874.1
1216680 876.9
1216690 876.9
1216700 878.7
1216710 880.5
1216720 880.5
1216730 882.0
1216740 882.5
1216750 882.5
1216760 883.8
1216770 883.9
1216780 888.8
1216790 890.8
1216800 890.4
1216810 890.4
1216820 889.7
1216830 891.3
1216840 891.3
1216850 895.1
1216860 897.4
1216870 897.4
1216880 901.1
1216890 902.9
1216900 906.7
1216910 906.7
1216920 912.4
1216930 917.5
1216940 917.5
1216950 924.7
1216960 937.3
1216970 937.3
1216980 952.9
1216990 964.1
1217000 964.1
1217010 972.5
1217020 978.1
1217030 978.1
1217040 983.6
1217050 989.1
1217060 989.1
1217070 995.2
1217080 1003.8
1217090 1003.8
1217100 1011.3
1217110 1018.6
1217120 1018.6
1217130 1027.6
1217140 1038.2
1217150 1038.2
1217160 1046.4
1217170 1052.0
1217180 1052.0
1217190 1054.4
1217200 1058.1
1217210 1064.6
1217220 1064.6
1217230 1070.7
1217240 1076.4
1217250 1076.4
1217260 1096.3
1217270 1110.9
1217280 1110.9
1217290 1122.4
1217300 1125.9
1217310 1125.9
1217320 1130.4
1217330 1134.8
1217340 1134.8
1217350 1138.6
1217360 1141.0
1217370 1141.0
1217380 1131.1
1217390 1137.3
1217400 1137.3
1217410 1149.5
1217420 1152.6
1217430 1152.6
1217440 1155.3
1217450 1157.9
1217460 1157.9
1217470 1160.7
1217480 1163.5
1217490 1163.5
1217500 1166.5
1217510 1170.0
1217520 1170.0
1217530 1173.9
1217540 1177.5
1217550 1181.3
1217560 1181.3
1217570 1185.3
1217580 1189.1
1217590 1189.1
1217600 1193.0
1217610 1197.7
1217620 1197.7
1217630 1202.7
1217640 1207.8
1217650 1207.8
1217660 1212.2
1217670 1217.0
1217680 1217.0
1217690 1222.3
1217700 1226.6
1217710 1226.6
1217720 1230.2
1217730 1240.2
1217740 1240.2
1217750 1245.7
1217760 1252.2
1217770 1252.2
1217780 1258.8
1217790 1264.0
1217800 1264.0
1217810 1269.1
1217820 1272.8
1217830 1272.8
1217840 1275.8
1217850 1280.1
1217860 1280.1
1217870 1285.2
1217880 1288.9
1217890 1291.9
1217900 1291.9
1217910 1294.8
1217920 1297.8
1217930 1297.8
1217940 1301.0
1217950 1304.2
1217960 1304.2
1217970 1306.8
1217980 1307.0
1217990 1307.0
1218000 1304.9
1218010 1301.6
1218020 1301.6
1218030 1301.5
1218040 1299.8
1218050 1299.8
1218060 1297.4
1218070 1296.2
1218080 1296.2
1218090 1294.6
1218100 1292.4
1218110 1292.4
1218120 1289.5
1218130 1286.2
1218140 1286.2
1218150 1282.0
1218160 1278.1
1218170 1278.1
1218180 1274.1
1218190 1270.3
1218200 1270.3
1218210 1265.4
1218220 1265.0
1218230 1264.9
1218240 1264.9
1218250 1265.4
1218260 1266.9
1218270 1266.9
1218280 1269.2
1218290 1269.3
1218300 1269.3
1218310 1266.7
1218320 1262.9
1218330 1262.9
1218340 1260.8
1218350 1262.1
1218360 1262.1
1218370 1264.4
1218380 1263.6
1218390 1263.6
1218400 1261.7
1200000 1413.1
1200010 1421.5
1200020 1421.5
1200030 1429.3
1200040 1437.7
1200050 1437.7
1200060 1446.9
1200070 1453.6
1200080 1453.6
1200090 1457.5
1200100 1460.4
1200110 1460.4
1200120 1450.6
1200130 1450.6
1200140 1450.6
1200150 1450.8
1200160 1449.9
1200170 1449.9
1200180 1450.7
1200190 1455.0
1200200 1455.0
1200210 1459.1
1200220 1461.8
1200230 1462.6
1200240 1462.6
1200250 1462.4
1200260 1461.0
1200270 1461.0
1200280 1458.6
1200290 1455.6
1200300 1455.6
1200310 1452.3
1200320 1449.0
1200330 1449.0
1200340 1445.2
1200350 1440.6
1200360 1440.6
1200370 1435.6
1200380 1430.4
1200390 1430.4
1200400 1424.9
1200410 1420.9
1200420 1420.9
1200430 1416.7
1200440 1411.7
1200450 1411.7
1200460 1406.0
1200470 1400.7
1200480 1400.7
1200490 1393.4
1200500 1385.1
1200510 1385.1
1200520 1378.0
1200530 1371.8
1200540 1371.8
1200550 1366.4
1200560 1362.7
1200570 1364.6
1200580 1364.6
1200590 1361.1
1200600 1357.6
1200610 1357.6
1200620 1354.3
1200630 1351.1
1200640 1351.1
1200650 1347.5
1200660 1341.9
1200670 1341.9
1200680 1332.7
1200690 1328.9
1200700 1328.9
1200710 1323.8
1200720 1315.2
1200730 1315.2
1200740 1313.8
1200750 1296.5
1200760 1296.5
1200770 1289.6
1200780 1278.6
1200790 1278.6
1200800 1272.6
1200810 1264.8
1200820 1264.8
1200830 1253.2
1200840 1243.1
1200850 1243.1
1200860 1234.6
1200870 1223.0
1200880 1223.0
1200890 1211.3
1200900 1201.0
1200910 1192.9
1200920 1192.9
1200930 1185.5
1200940 1181.6
1200950 1181.6
1200960 1175.1
1200970 1166.3
1200980 1166.3
1200990 1159.8
1201000 1150.6
1201010 1150.6
1201020 1135.6
1201030 1129.8
1201040 1129.8
1201050 1120.4
1201060 1110.6
1201070 1110.6
1201080 1101.4
1201090 1093.5
1201100 1093.5
1201110 1086.2
1201120 1084.0
1201130 1084.0
1201140 1080.2
1201150 1074.4
1201160 1074.4
1201170 1067.1
1201180 1059.5
1201190 1059.5
1201200 1054.6
1201210 1049.8
1201220 1049.8
1201230 1043.2
1201240 1035.8
1201250 1028.0
1201260 1028.0
1201270 1019.8
1201280 1012.5
1201290 1012.5
1201300 1006.7
1201310 1001.3
1201320 1001.3
1201330 996.2
1201340 991.7
1201350 991.7
1201360 984.4
1201370 977.3
1201380 977.3
1201390 975.6
1201400 975.6
1201410 975.6
1201420 975.6
1201430 975.6
1201440 975.6
1201450 975.6
1201460 975.6
1201470 975.6
1201480 975.6
1201490 975.6
1201500 975.6
1201510 975.6
1201520 975.6
1201530 975.6
1201540 975.6
1201550 975.6
1201560 975.6
1201570 975.6
1201580 975.6
1201590 975.6
1201600 975.6
1201610 975.6
1201620 975.6
1201630 975.6
1201640 975.6
1201650 975.6
1201660 975.6
1201670 975.6
1201680 975.6
1201690 975.6
1201700 975.6
1201710 975.6
1201720 975.6
1201730 975.6
1201740 975.6
1201750 975.6
1201760 975.6
1201770 975.6
1201780 975.6
1201790 975.6
1201800 975.6
1201810 975.6
1201820 975.6
1201830 975.6
1201840 975.6
1201850 975.6
1201860 975.6
1201870 975.6
1201880 975.6
1201890 975.6
1201900 975.6
1201910 975.6
1201920 975.6
1201930 975.6
1201940 975.6
1201950 975.6
1201960 975.6
1201970 975.6
1201980 975.6
1201990 975.6
1202000 975.6
1202010 975.6
1202020 975.6
1202030 975.6
1202040 975.6
1202050 975.6
1202060 975.6
1202070 975.6
1202080 975.6
1202090 975.6
1202100 975.6
1202110 975.6
1202120 975.6
1202130 975.6
1202140 975.6
1202150 975.6
1202160 975.6
1202170 975.6
1202180 975.6
1202190 975.6
1202200 975.6
1202210 975.6
1202220 975.6
1202230 975.6
1202240 975.6
1202250 975.6
1202260 975.6
1202270 975.6
1202280 975.6
1202290 975.6
1202300 975.6
1202310 975.6
1202320 975.6
1202330 975.6
1202340 975.6
1202350 975.6
1202360 975.6
1202370 975.6
1202380 975.6
1202390 975.6
1202400 975.6
1202410 977.6
1202420 981.1
1202430 981.1
1202440 983.9
1202450 986.3
1202460 986.3
1202470 988.7
1202480 990.6
1202490 990.6
1202500 992.7
1202510 995.0
1202520 995.0
1202530 996.7
1202540 999.1
1202550 999.1
1202560 1004.5
1202570 1010.3
1202580 1014.6
1202590 1014.6
1202600 1017.5
1202610 1019.6
1202620 1019.6
1202630 1021.2
1202640 1023.5
1202650 1023.5
1202660 1025.2
1202670 1026.8
1202680 1026.8
1202690 1029.4
1202700 1031.9
1202710 1031.9
1202720 1034.3
1202730 1035.1
1202740 1035.1
1202750 1034.5
1202760 1035.9
1202770 1035.9
1202780 1041.2
1202790 1047.4
1202800 1047.4
1202810 1053.4
1202820 1060.1
1202830 1064.1
1202840 1071.9
1202850 1078.6
1202860 1078.6
1202870 1085.2
1202880 1092.5
1202890 1092.5
1202900 1099.0
1202910 1104.9
1202920 1110.8
1202930 1110.8
1202940 1116.9
1202950 1124.2
1202960 1124.2
1202970 1129.5
1202980 1131.0
1202990 1131.0
1203000 1132.9
1203010 1129.6
1203020 1129.6
1203030 1129.7
1203040 1132.6
1203050 1132.6
1203060 1138.0
1203070 1147.3
1203080 1147.3
1203090 1162.3
1203100 1169.5
1203110 1169.5
1203120 1172.9
1203130 1177.0
1203140 1177.0
1203150 1183.3
1203160 1190.3
1203170 1190.3
1203180 1200.1
1203190 1211.4
1203200 1211.4
1203210 1219.6
1203220 1226.7
1203230 1235.2
1203240 1235.2
1203250 1242.6
1203260 1244.6
1203270 1244.6
1203280 1246.4
1203290 1251.0
1203300 1251.0
1203310 1253.4
1203320 1256.2
1203330 1256.2
1203340 1258.8
1203350 1261.5
1203360 1261.5
1203370 1264.0
1203380 1266.2
1203390 1266.2
1203400 1269.0
1203410 1271.8
1203420 1271.8
1203430 1275.1
1203440 1278.4
1203450 1278.4
1203460 1282.3
1203470 1285.6
1203480 1285.6
1203490 1288.4
1203500 1290.8
1203510 1290.8
1203520 1293.0
1203530 1295.5
1203540 1295.5
1203550 1296.4
1203560 1295.4
1203570 1293.4
1203580 1293.4
1203590 1288.8
1203600 1283.7
1203610 1283.7
1203620 1281.0
1203630 1274.5
1203640 1274.5
1203650 1269.6
1203660 1267.3
1203670 1267.3
1203680 1265.1
1203690 1267.4
1203700 1267.4
1203710 1276.3
1203720 1294.2
1203730 1294.2
1203740 1294.2
1203750 1303.7
1203760 1303.7
1203770 1320.4
1203780 1332.1
1203790 1332.1
1203800 1338.9
1203810 1344.5
1203820 1344.5
1203830 1350.5
1203840 1356.8
1203850 1356.8
1203860 1363.3
1203870 1368.8
1203880 1368.8
1203890 1374.4
1203900 1379.5
1203910 1384.1
1203920 1384.1
1203930 1388.4
1203940 1392.4
1203950 1392.4
1203960 1396.1
1203970 1399.3
1203980 1399.3
1203990 1401.9
1204000 1401.3
1204010 1401.3
1204020 1400.6
1204030 1403.5
1204040 1403.5
1204050 1396.9
1204060 1392.2
1204070 1392.2
1204080 1379.2
1204090 1363.4
1204100 1363.4
1204110 1352.6
1204120 1344.9
1204130 1344.9
1204140 1345.3
1204150 1345.1
1204160 1345.1
1204170 1343.5
1204180 1342.8
1204190 1342.8
1204200 1350.6
1204210 1343.8
1204220 1343.8
1204230 1327.4
1204240 1324.3
1204250 1320.4
1204260 1320.4
1204270 1313.0
1204280 1300.5
1204290 1300.5
1204300 1288.3
1204310 1280.8
1204320 1280.8
1204330 1275.4
1204340 1279.3
1204350 1279.3
1204360 1286.4
1204370 1294.2
1204380 1294.2
1204390 1300.0
1204400 1303.8
1204410 1303.8
1204420 1309.3
1204430 1310.1
1204440 1310.1
1204450 1303.5
1204460 1293.0
1204470 1293.0
1204480 1288.8
1204490 1289.3
1204500 1289.3
1204510 1291.2
1204520 1282.6
1204530 1282.6
1204540 1277.2
1204550 1275.4
1204560 1275.4
1204570 1275.4
1204580 1288.3
1204590 1307.9
1204600 1307.9
1204610 1327.8
1204620 1350.0
1204630 1350.0
1204640 1358.6
1204650 1360.6
1204660 1360.6
1204670 1372.6
1204680 1376.5
1204690 1376.5
1204700 1379.0
1204710 1383.9
1204720 1383.9
1204730 1383.5
1204740 1382.7
1204750 1382.7
1204760 1380.3
1204770 1378.0
1204780 1378.0
1204790 1375.3
1204800 1372.2
1204810 1372.2
1204820 1367.8
1204830 1367.5
1204840 1367.5
1204850 1372.6
1204860 1378.7
1204870 1378.7
1204880 1383.9
1204890 1389.3
1204900 1394.8
1204910 1394.8
1204920 1400.8
1204930 1406.9
1204940 1406.9
1204950 1412.9
1204960 1419.4
1204970 1419.4
1204980 1425.9
1204990 1432.9
1205000 1432.9
1205010 1440.3
1205020 1447.8
1205030 1447.8
1205040 1455.1
1205050 1461.8
1205060 1461.8
1205070 1467.1
1205080 1472.3
1205090 1472.3
1205100 1477.8
1205110 1482.8
1205120 1482.8
1205130 1488.0
1205140 1492.4
1205150 1492.4
1205160 1496.9
1205170 1502.8
1205180 1502.8
1205190 1508.4
1205200 1514.6
1205210 1514.6
1205220 1521.8
1205230 1529.7
1205240 1537.9
1205250 1537.9
1205260 1545.1
1205270 1552.8
1205280 1552.8
1205290 1560.3
1205300 1567.5
1205310 1567.5
1205320 1574.7
1205330 1581.3
1205340 1581.3
1205350 1587.4
1205360 1592.5
1205370 1592.5
1205380 1596.7
1205390 1599.0
1205400 1599.0
1205410 1599.3
1205420 1601.2
1205430 1601.2
1205440 1606.3
1205450 1610.6
1205460 1610.6
1205470 1614.3
1205480 1619.7
1205490 1619.7
1205500 1625.8
1205510 1631.6
1205520 1631.6
1205530 1637.6
1205540 1643.6
1205550 1643.6
1205560 1649.4
1205570 1658.0
1205580 1663.9
1205590 1663.9
1205600 1669.7
1205610 1675.0
1205620 1675.0
1205630 1680.4
1205640 1686.4
1205650 1686.4
1205660 1693.3
1205670 1700.2
1205680 1700.2
1205690 1706.4
1205700 1712.8
1205710 1712.8
1205720 1719.3
1205730 1725.7
1205740 1725.7
1205750 1731.5
1205760 1737.2
1205770 1737.2
1205780 1743.4
1205790 1749.5
1205800 1749.5
1205810 1755.3
1205820 1760.3
1205830 1760.3
1205840 1756.8
1205850 1746.0
1205860 1746.0
1205870 1734.3
1205880 1724.1
1205890 1724.1
1205900 1714.9
1205910 1705.9
1205920 1698.5
1205930 1698.5
1205940 1691.4
1205950 1684.6
1205960 1684.6
1205970 1677.8
1205980 1671.5
1205990 1671.5
1206000 1665.3
1206010 1658.1
1206020 1659.2
1206030 1654.7
1206040 1650.5
1206050 1650.5
1206060 1646.7
1206070 1642.7
1206080 1642.7
1206090 1637.3
1206100 1634.2
1206110 1634.2
1206120 1637.7
1206130 1638.4
1206140 1638.4
1206150 1637.8
1206160 1641.2
1206170 1641.2
1206180 1643.8
1206190 1646.1
1206200 1646.1
1206210 1649.0
1206220 1651.6
1206230 1655.3
1206240 1655.3
1206250 1659.1
1206260 1662.1
1206270 1662.1
1206280 1663.5
1206290 1663.6
1206300 1663.6
1206310 1662.3
1206320 1660.6
1206330 1660.6
1206340 1660.2
1206350 1664.2
1206360 1664.2
1206370 1667.2
1206380 1669.0
1206390 1669.0
1206400 1676.5
1206410 1684.1
1206420 1684.1
1206430 1691.1
1206440 1700.0
1206450 1700.0
1206460 1708.7
1206470 1715.9
1206480 1714.2
1206490 1720.8
1206500 1729.0
1206510 1729.0
1206520 1735.9
1206530 1741.5
1206540 1741.5
1206550 1750.9
1206560 1758.6
1206570 1763.1
1206580 1763.1
1206590 1769.3
1206600 1772.3
1206610 1772.3
1206620 1776.9
1206630 1783.2
1206640 1783.2
1206650 1789.3
1206660 1793.4
1206670 1793.4
1206680 1796.8
1206690 1798.1
1206700 1798.1
1206710 1796.8
1206720 1793.5
1206730 1793.5
1206740 1788.5
1206750 1783.0
1206760 1783.0
1206770 1778.5
1206780 1774.5
1206790 1774.5
1206800 1771.0
1206810 1768.8
1206820 1768.8
1206830 1768.3
1206840 1767.8
1206850 1767.8
1206860 1765.3
1206870 1760.6
1206880 1760.6
1206890 1754.1
1206900 1746.7
1206910 1739.9
1206920 1739.9
1206930 1732.9
1206940 1727.5
1206950 1727.5
1206960 1713.8
1206970 1708.8
1206980 1708.8
1206990 1706.9
1207000 1703.6
1207010 1703.6
1207020 1699.0
1207030 1694.6
1207040 1694.6
1207050 1689.4
1207060 1683.8
1207070 1683.8
1207080 1674.5
1207090 1674.9
1207100 1674.9
1207110 1674.7
1207120 1674.0
1207130 1674.0
1207140 1672.4
1207150 1670.6
1207160 1670.6
1207170 1666.1
1207180 1662.9
1207190 1662.9
1207200 1661.8
1207210 1660.2
1207220 1660.2
1207230 1656.7
1207240 1655.3
1207250 1657.8
1207260 1657.8
1207270 1658.4
1207280 1659.2
1207290 1659.2
1207300 1658.9
1207310 1656.6
1207320 1656.6
1207330 1652.8
1207340 1650.1
1207350 1650.1
1207360 1648.5
1207370 1648.8
1207380 1648.8
1207390 1649.7
1207400 1654.9
1207410 1654.9
1207420 1653.9
1207430 1655.7
1207440 1655.7
1207450 1656.9
1207460 1656.2
1207470 1656.2
1207480 1655.2
1207490 1654.6
1207500 1654.6
1207510 1655.2
1207520 1656.3
1207530 1656.3
1207540 1656.3
1207550 1655.5
1207560 1654.3
1207570 1654.3
1207580 1653.1
1207590 1652.3
1207600 1652.3
1207610 1652.1
1207620 1645.2
1207630 1645.2
1207640 1632.3
1207650 1611.5
1207660 1611.5
1207670 1599.6
1207680 1590.8
1207690 1590.8
1207700 1582.0
1207710 1572.5
1207720 1572.5
1207730 1563.0
1207740 1551.9
1207750 1551.9
1207760 1543.5
1207770 1537.1
1207780 1537.1
1207790 1530.4
1207800 1525.9
1207810 1525.9
1207820 1529.7
1207830 1530.3
1207840 1530.3
1207850 1530.0
1207860 1507.1
1207870 1507.1
1207880 1495.3
1207890 1492.1
1207900 1489.4
1207910 1489.4
1207920 1485.2
1207930 1482.3
1207940 1482.3
1207950 1476.6
1207960 1471.6
1207970 1471.6
1207980 1470.6
1207990 1470.0
1208000 1470.0
1208010 1467.4
1208020 1463.1
1208030 1463.1
1208040 1460.6
1208050 1455.7
1208060 1455.7
1208070 1462.8
1208080 1477.5
1208090 1477.5
1208100 1479.1
1208110 1473.3
1208120 1473.3
1208130 1472.3
1208140 1469.5
1208150 1469.5
1208160 1481.9
1208170 1487.6
1208180 1487.6
1208190 1486.1
1208200 1477.7
1208210 1477.7
1208220 1466.5
1208230 1465.0
1208240 1470.3
1208250 1470.3
1208260 1470.9
1208270 1463.1
1208280 1463.1
1208290 1454.3
1208300 1449.1
1208310 1449.1
1208320 1451.4
1208330 1441.1
1208340 1441.1
1208350 1449.7
1208360 1443.0
1208370 1443.0
1208380 1436.8
1208390 1435.8
1208400 1435.8
1208410 1429.5
1208420 1425.7
1208430 1425.7
1208440 1424.2
1208450 1425.7
1208460 1425.7
1208470 1432.8
1208480 1440.8
1208490 1440.8
1208500 1436.1
1208510 1432.1
1208520 1432.1
1208530 1424.3
1208540 1417.3
1208550 1417.3
1208560 1410.9
1208570 1403.4
1208580 1395.8
1208590 1395.8
1208600 1388.5
1208610 1381.6
1208620 1381.6
1208630 1374.6
1208640 1364.7
1208650 1364.7
1208660 1351.4
1208670 1339.1
1208680 1339.1
1208690 1329.9
1208700 1319.8
1208710 1319.8
1208720 1310.3
1208730 1300.9
1208740 1300.9
1208750 1293.0
1208760 1284.9
1208770 1284.9
1208780 1276.0
1208790 1266.8
1208800 1266.8
1208810 1258.7
1208820 1251.9
1208830 1251.9
1208840 1245.7
1208850 1245.7
1208860 1245.7
1208870 1248.4
1208880 1249.8
1208890 1249.8
1208900 1246.4
1208910 1241.1
1208920 1235.7
1208930 1235.7
1208940 1230.0
1208950 1222.5
1208960 1222.5
1208970 1215.5
1208980 1210.9
1208990 1210.9
1209000 1207.8
1209010 1204.5
1209020 1204.5
1209030 1199.8
1209040 1194.3
1209050 1194.3
1209060 1188.4
1209070 1181.7
1209080 1181.7
1209090 1175.3
1209100 1172.8
1209110 1172.8
1209120 1171.9
1209130 1169.4
1209140 1169.4
1209150 1165.9
1209160 1160.5
1209170 1160.5
1209180 1152.1
1209190 1144.0
1209200 1144.0
1209210 1138.5
1209220 1135.6
1209230 1131.5
1209240 1131.5
1209250 1121.9
1209260 1115.2
1209270 1115.2
1209280 1108.0
1209290 1101.9
1209300 1101.9
1209310 1095.7
1209320 1090.1
1209330 1090.1
1209340 1085.6
1209350 1082.2
1209360 1082.2
1209370 1079.0
1209380 1076.8
1209390 1076.8
1209400 1075.0
1209410 1073.1
1209420 1073.1
1209430 1067.8
1209440 1063.5
1209450 1063.5
1209460 1058.4
1209470 1052.9
1209480 1052.9
1209490 1048.2
1209500 1044.6
1209510 1044.6
1209520 1040.2
1209530 1033.1
1209540 1033.1
1209550 1026.7
1209560 1021.6
1209570 1018.1
1209580 1018.1
1209590 1015.4
1209600 1010.4
1209610 1010.4
1209620 1005.7
1209630 1000.1
1209640 1000.1
1209650 1000.0
1209660 1001.2
1209670 1001.2
1209680 999.1
1209690 994.1
1209700 994.1
1209710 992.0
1209720 999.0
1209730 999.0
1209740 1008.1
1209750 1014.7
1209760 1014.7
1209770 1025.8
1209780 1028.8
1209790 1028.8
1209800 1028.9
1209810 1030.6
1209820 1030.6
1209830 1034.9
1209840 1040.1
1209850 1040.1
1209860 1046.9
1209870 1054.2
1209880 1054.2
1209890 1061.6
1209900 1069.2
1209910 1076.5
1209920 1076.5
1209930 1082.2
1209940 1087.3
1209950 1087.3
1209960 1092.8
1209970 1096.5
1209980 1096.5
1209990 1097.3
1210000 1096.0
1210010 1096.0
1210020 1094.5
1210030 1092.6
1210040 1092.6
1210050 1091.4
1210060 1089.3
1210070 1089.3
1210080 1086.1
1210090 1083.4
1210100 1083.4
1210110 1080.5
1210120 1076.8
1210130 1076.8
1210140 1071.7
1210150 1066.9
1210160 1066.9
1210170 1059.8
1210180 1048.9
1210190 1048.9
1210200 1039.2
1210210 1031.8
1210220 1031.8
1210230 1025.1
1210240 1018.2
1210250 1011.9
1210260 1011.9
1210270 1007.1
1210280 1005.2
1210290 1005.2
1210300 1006.4
1210310 1009.5
1210320 1009.5
1210330 1012.4
1210340 1015.4
1210350 1015.4
1210360 1018.8
1210370 1022.6
1210380 1022.6
1210390 1027.0
1210400 1032.0
1210410 1032.0
1210420 1037.8
1210430 1045.9
1210440 1045.9
1210450 1053.0
1210460 1057.6
1210470 1057.6
1210480 1063.3
1210490 1067.7
1210500 1067.7
1210510 1073.6
1210520 1083.4
1210530 1083.4
1210540 1092.7
1210550 1098.2
1210560 1106.9
1210570 1106.9
1210580 1117.2
1210590 1124.2
1210600 1124.2
1210610 1134.3
1210620 1141.3
1210630 1141.3
1210640 1150.5
1210650 1165.4
1210660 1165.4
1210670 1177.0
1210680 1187.4
1210690 1187.4
1210700 1195.5
1210710 1201.3
1210720 1201.3
1210730 1207.0
1210740 1212.6
1210750 1212.6
1210760 1218.3
1210770 1223.8
1210780 1223.8
1210790 1229.3
1210800 1234.0
1210810 1234.0
1210820 1238.2
1210830 1242.3
1210840 1242.3
1210850 1246.4
1210860 1250.1
1210870 1250.1
1210880 1253.9
1210890 1256.0
1210900 1256.0
1210910 1256.0
1210920 1258.6
1210930 1261.8
1210940 1261.8
1210950 1265.0
1210960 1266.4
1210970 1266.4
1210980 1268.3
1210990 1269.5
1211000 1269.5
1211010 1269.5
1211020 1270.2
1211030 1270.2
1211040 1271.2
1211050 1275.2
1211060 1275.2
1211070 1277.4
1211080 1279.5
1211090 1279.5
1211100 1281.3
1211110 1277.4
1211120 1277.4
1211130 1279.2
1211140 1278.9
1211150 1278.9
1211160 1277.3
1211170 1280.2
1211180 1280.2
1211190 1282.6
1211200 1285.7
1211210 1285.7
1211220 1288.1
1211230 1289.4
1211240 1287.8
1211250 1287.8
1211260 1286.2
1211270 1289.4
1211280 1289.4
1211290 1293.6
1211300 1294.2
1211310 1294.2
1211320 1290.4
1211330 1288.3
1211340 1288.3
1211350 1286.5
1211360 1281.9
1211370 1281.9
1211380 1273.2
1211390 1272.7
1211400 1272.7
1211410 1275.7
1211420 1274.1
1211430 1274.1
1211440 1274.2
1211450 1273.0
1211460 1273.0
1211470 1270.3
1211480 1273.2
1211490 1273.2
1211500 1279.7
1211510 1287.6
1211520 1287.6
1211530 1295.8
1211540 1304.5
1211550 1304.5
1211560 1312.3
1211570 1319.6
1211580 1330.5
1211590 1330.5
1211600 1337.8
1211610 1342.4
1211620 1342.4
1211630 1344.5
1211640 1346.1
1211650 1346.1
1211660 1348.5
1211670 1351.5
1211680 1351.5
1211690 1355.9
1211700 1360.8
1211710 1360.8
1211720 1365.7
1211730 1371.5
1211740 1371.5
1211750 1377.8
1211760 1382.5
1211770 1382.5
1211780 1388.2
1211790 1395.2
1211800 1395.2
1211810 1400.1
1211820 1404.7
1211830 1404.7
1211840 1410.1
1211850 1416.0
1211860 1416.0
1211870 1422.2
1211880 1428.7
1211890 1435.4
1211900 1435.4
1211910 1442.4
1211920 1449.1
1211930 1449.1
1211940 1454.3
1211950 1458.9
1211960 1458.9
1211970 1463.5
1211980 1468.3
1211990 1468.3
1212000 1473.1
1212010 1477.1
1212020 1477.1
1212030 1481.4
1212040 1486.4
1212050 1492.7
1212060 1497.2
1212070 1504.5
1212080 1504.5
1212090 1511.4
1212100 1518.5
1212110 1518.5
1212120 1525.7
1212130 1532.6
1212140 1532.6
1212150 1538.1
1212160 1545.5
1212170 1545.5
1212180 1553.6
1212190 1560.3
1212200 1560.3
1212210 1566.5
1212220 1567.5
1212230 1567.3
1212240 1567.3
1212250 1573.4
1212260 1578.8
1212270 1578.8
1212280 1583.6
1212290 1590.3
1212300 1590.3
1212310 1598.1
1212320 1605.9
1212330 1605.9
1212340 1611.9
1212350 1616.0
1212360 1616.0
1212370 1618.3
1212380 1620.2
1212390 1620.2
1212400 1623.2
1212410 1625.9
1212420 1625.9
1212430 1624.3
1212440 1625.9
1212450 1625.9
1212460 1628.5
1212470 1632.1
1212480 1632.1
1212490 1632.7
1212500 1631.9
1212510 1631.9
1212520 1644.0
1212530 1645.2
1212540 1645.2
1212550 1646.2
1212560 1648.0
1212570 1645.6
1212580 1645.6
1212590 1644.5
1212600 1642.7
1212610 1642.7
1212620 1640.7
1212630 1642.3
1212640 1642.3
1212650 1645.3
1212660 1646.2
1212670 1646.2
1212680 1646.4
1212690 1646.8
1212700 1646.8
1212710 1648.5
1212720 1652.4
1212730 1652.4
1212740 1655.6
1212750 1660.7
1212760 1660.7
1212770 1665.5
1212780 1666.2
1212790 1666.2
1212800 1665.7
1212810 1663.2
1212820 1663.2
1212830 1658.2
1212840 1651.7
1212850 1651.7
1212860 1646.0
1212870 1641.0
1212880 1641.0
1212890 1635.4
1212900 1628.5
1212910 1618.9
1212920 1618.9
1212930 1612.3
1212940 1604.2
1212950 1604.2
1212960 1595.4
1212970 1586.4
1212980 1586.4
1212990 1575.7
1213000 1568.1
1213010 1568.1
1213020 1560.7
1213030 1550.6
1213040 1550.6
1213050 1541.3
1213060 1534.6
1213070 1534.6
1213080 1528.7
1213090 1521.6
1213100 1521.6
1213110 1511.2
1213120 1501.3
1213130 1501.3
1213140 1491.8
1213150 1484.2
1213160 1484.2
1213170 1478.8
1213180 1473.6
1213190 1473.6
1213200 1468.1
1213210 1462.7
1213220 1456.9
1213230 1456.9
1213240 1451.4
1213250 1445.2
1213260 1445.2
1213270 1437.0
1213280 1429.5
1213290 1429.5
1213300 1422.7
1213310 1416.9
1213320 1416.9
1213330 1410.4
1213340 1401.9
1213350 1401.9
1213360 1395.8
1213370 1388.1
1213380 1388.1
1213390 1379.8
1213400 1373.3
1213410 1373.3
1213420 1366.6
1213430 1359.7
1213440 1359.7
1213450 1353.0
1213460 1341.1
1213470 1341.1
1213480 1331.8
1213490 1324.1
1213500 1324.1
1213510 1315.0
1213520 1300.2
1213530 1300.2
1213540 1288.0
1213550 1279.3
1213560 1273.1
1213570 1273.1
1213580 1265.4
1213590 1259.7
1213600 1259.7
1213610 1253.6
1213620 1234.9
1213630 1234.9
1213640 1225.2
1213650 1225.5
1213660 1225.5
1213670 1203.6
1213680 1186.9
1213690 1186.9
1213700 1177.6
1213710 1169.7
1213720 1169.7
1213730 1163.7
1213740 1169.4
1213750 1169.4
1213760 1171.0
1213770 1165.3
1213780 1165.3
1213790 1151.6
1213800 1149.0
1213810 1149.0
1213820 1149.5
1213830 1143.6
1213840 1143.6
1213850 1134.1
1213860 1120.3
1213870 1120.3
1213880 1110.7
1213890 1111.6
1213900 1107.1
1213910 1107.1
1213920 1082.4
1213930 1062.9
1213940 1062.9
1213950 1057.9
1213960 1052.8
1213970 1052.8
1213980 1045.4
1213990 1041.6
1214000 1041.6
1214010 1041.8
1214020 1040.2
1214030 1040.2
1214040 1037.7
1214050 1036.0
1214060 1036.0
1214070 1027.7
1214080 1020.7
1214090 1020.7
1214100 1015.8
1214110 1010.6
1214120 1010.6
1214130 1008.3
1214140 1007.7
1214150 1007.7
1214160 1009.0
1214170 1011.5
1214180 1011.5
1214190 1018.3
1214200 1026.7
1214210 1026.7
1214220 1033.9
1214230 1034.7
1214240 1032.5
1214250 1032.5
1214260 1025.4
1214270 1023.8
1214280 1023.8
1214290 1023.8
1214300 1023.0
1214310 1023.0
1214320 1023.0
1214330 1019.0
1214340 1019.0
1214350 1021.9
1214360 1026.2
1214370 1026.2
1214380 1025.7
1214390 1025.4
1214400 1034.4
1214410 1034.8
1214420 1036.5
1214430 1036.5
1214440 1039.8
1214450 1040.7
1214460 1040.7
1214470 1042.0
1214480 1047.3
1214490 1047.3
1214500 1054.7
1214510 1063.1
1214520 1063.1
1214530 1069.3
1214540 1068.6
1214550 1067.2
1214560 1067.2
1214570 1065.5
1214580 1063.7
1214590 1063.7
1214600 1062.0
1214610 1059.8
1214620 1059.8
1214630 1057.6
1214640 1055.8
1214650 1055.8
1214660 1054.0
1214670 1053.1
1214680 1053.1
1214690 1052.7
1214700 1051.4
1214710 1051.4
1214720 1049.5
1214730 1047.0
1214740 1047.0
1214750 1044.8
1214760 1042.9
1214770 1042.9
1214780 1041.3
1214790 1039.5
1214800 1039.5
1214810 1037.5
1214820 1035.2
1214830 1035.2
1214840 1032.2
1214850 1027.3
1214860 1027.3
1214870 1021.3
1214880 1014.6
1214890 1009.4
1214900 1009.4
1214910 1005.1
1214920 1001.5
1214930 1001.5
1214940 997.8
1214950 993.5
1214960 993.5
1214970 988.7
1214980 983.3
1214990 983.3
1215000 978.1
1215010 974.4
1215020 974.4
1215030 971.2
1215040 970.0
1215050 970.0
1215060 963.5
1215070 951.2
1215080 951.2
1215090 941.8
1215100 931.5
1215110 931.5
1215120 922.3
1215130 919.9
1215140 919.9
1215150 911.9
1215160 901.5
1215170 901.5
1215180 891.8
1215190 882.1
1215200 882.1
1215210 873.4
1215220 870.7
1215230 870.6
1215240 870.6
1215250 872.6
1215260 878.7
1215270 878.7
1215280 888.2
1215290 896.5
1215300 896.5
1215310 903.4
1215320 905.1
1215330 905.1
1215340 904.1
1215350 899.2
1215360 899.2
1215370 898.1
1215380 897.2
1215390 897.2
1215400 896.0
1215410 894.4
1215420 894.4
1215430 892.9
1215440 891.0
1215450 891.0
1215460 886.9
1215470 881.6
1215480 881.6
1215490 881.3
1215500 888.0
1215510 888.0
1215520 893.8
1215530 895.4
1215540 895.4
1215550 892.4
1215560 886.6
1215570 882.8
1215580 882.8
1215590 880.9
1215600 879.1
1215610 879.1
1215620 876.7
1215630 874.9
1215640 874.9
1215650 873.5
1215660 872.7
1215670 872.7
1215680 871.1
1215690 867.8
1215700 867.8
1215710 865.2
1215720 864.7
1215730 864.7
1215740 864.3
1215750 864.8
1215760 864.8
1215770 865.4
1215780 864.6
1215790 864.6
1215800 862.9
1215810 862.4
1215820 862.4
1215830 858.0
1215840 858.1
1215850 858.1
1215860 857.9
1215870 856.1
1215880 852.9
1215890 852.9
1215900 849.1
1215910 846.6
1215920 846.6
1215930 846.2
1215940 845.7
1215950 845.7
1215960 845.3
1215970 845.3
1215980 845.3
1215990 844.4
1216000 843.6
1216010 843.6
1216020 843.2
1216030 843.0
1216040 843.0
1216050 842.9
1216060 842.3
1216070 842.3
1216080 841.8
1216090 841.2
1216100 841.2
1216110 840.6
1216120 840.2
1216130 840.2
1216140 839.8
1216150 839.2
1216160 839.2
1216170 838.6
1216180 838.3
1216190 838.3
1216200 838.0
1216210 837.4
1216220 835.8
1216230 835.8
1216240 835.6
1216250 835.6
1216260 835.6
1216270 835.6
1216280 835.5
1216290 835.5
1216300 834.6
1216310 834.4
1216320 834.4
1216330 834.4
1216340 834.5
1216350 834.5
1216360 834.2
1216370 833.7
1216380 833.7
1216390 833.6
1216400 834.1
1216410 834.1
1216420 834.7
1216430 835.6
1216440 835.6
1216450 837.1
1216460 838.9
1216470 838.9
1216480 840.2
1216490 842.9
1216500 842.9
1216510 844.5
1216520 847.8
1216530 847.8
1216540 851.3
1216550 855.3
1216560 857.9
1216570 857.9
1216580 860.3
1216590 863.1
1216600 863.1
1216610 865.7
1216620 867.2
1216630 867.2
1216640 868.8
1216650 871.7
1216660 871.7
1216670 874.1
1216680 876.9
1216690 876.9
1216700 878.7
1216710 880.5
1216720 880.5
1216730 882.0
1216740 882.5
1216750 882.5
1216760 883.8
1216770 883.9
1216780 888.8
1216790 890.8
1216800 890.4
1216810 890.4
1216820 889.7
1216830 891.3
1216840 891.3
1216850 895.1
1216860 897.4
1216870 897.4
1216880 901.1
1216890 902.9
1216900 906.7
1216910 906.7
1216920 912.4
1216930 917.5
1216940 917.5
1216950 924.7
1216960 937.3
1216970 937.3
1216980 952.9
1216990 964.1
1217000 964.1
1217010 972.5
1217020 978.1
1217030 978.1
1217040 983.6
1217050 989.1
1217060 989.1
1217070 995.2
1217080 1003.8
1217090 1003.8
1217100 1011.3
1217110 1018.6
1217120 1018.6
1217130 1027.6
1217140 1038.2
1217150 1038.2
1217160 1046.4
1217170 1052.0
1217180 1052.0
1217190 1054.4
1217200 1058.1
1217210 1064.6
1217220 1064.6
1217230 1070.7
1217240 1076.4
1217250 1076.4
1217260 1096.3
1217270 1110.9
1217280 1110.9
1217290 1122.4
1217300 1125.9
1217310 1125.9
1217320 1130.4
1217330 1134.8
1217340 1134.8
1217350 1138.6
1217360 1141.0
1217370 1141.0
1217380 1131.1
1217390 1137.3
1217400 1137.3
1217410 1149.5
1217420 1152.6
1217430 1152.6
1217440 1155.3
1217450 1157.9
1217460 1157.9
1217470 1160.7
1217480 1163.5
1217490 1163.5
1217500 1166.5
1217510 1170.0
1217520 1170.0
1217530 1173.9
1217540 1177.5
1217550 1181.3
1217560 1181.3
1217570 1185.3
1217580 1189.1
1217590 1189.1
1217600 1193.0
1217610 1197.7
1217620 1197.7
1217630 1202.7
1217640 1207.8
1217650 1207.8
1217660 1212.2
1217670 1217.0
1217680 1217.0
1217690 1222.3
1217700 1226.6
1217710 1226.6
1217720 1230.2
1217730 1240.2
1217740 1240.2
1217750 1245.7
1217760 1252.2
1217770 1252.2
1217780 1258.8
1217790 1264.0
1217800 1264.0
1217810 1269.1
1217820 1272.8
1217830 1272.8
1217840 1275.8
1217850 1280.1
1217860 1280.1
1217870 1285.2
1217880 1288.9
1217890 1291.9
1217900 1291.9
1217910 1294.8
1217920 1297.8
1217930 1297.8
1217940 1301.0
1217950 1304.2
1217960 1304.2
1217970 1306.8
1217980 1307.0
1217990 1307.0
1218000 1304.9
1218010 1301.6
1218020 1301.6
1218030 1301.5
1218040 1299.8
1218050 1299.8
1218060 1297.4
1218070 1296.2
1218080 1296.2
1218090 1294.6
1218100 1292.4
1218110 1292.4
1218120 1289.5
1218130 1286.2
1218140 1286.2
1218150 1282.0
1218160 1278.1
1218170 1278.1
1218180 1274.1
1218190 1270.3
1218200 1270.3
1218210 1265.4
1218220 1265.0
1218230 1264.9
1218240 1264.9
1218250 1265.4
1218260 1266.9
1218270 1266.9
1218280 1269.2
1218290 1269.3
1218300 1269.3
1218310 1266.7
1218320 1262.9
1218330 1262.9
1218340 1260.8
1218350 1262.1
1218360 1262.1
1218370 1264.4
1218380 1263.6
1218390 1263.6
1218400 1261.7
