1200000 1413.4
1200010 1411.6
1200020 1407.5
1200030 1400.9
1200040 1400.9
1200050 1396.3
1200060 1400.2
1200070 1400.2
1200080 1405.5
1200090 1408.6
1200100 1408.6
1200110 1410.5
1200120 1413.1
1200130 1420.3
1200140 1422.8
1200150 1420.9
1200160 1420.9
1200170 1415.0
1200180 1408.7
1200190 1408.7
1200200 1401.8
1200210 1394.7
1200220 1394.7
1200230 1388.2
1200240 1382.3
1200250 1382.3
1200260 1377.9
1200270 1372.8
1200280 1372.8
1200290 1366.7
1200300 1359.5
1200310 1359.5
1200320 1352.2
1200330 1348.2
1200340 1348.2
1200350 1346.7
1200360 1343.0
1200370 1339.1
1200380 1339.1
1200390 1334.0
1200400 1326.5
1200410 1326.5
1200420 1318.3
1200430 1310.5
1200440 1310.5
1200450 1306.6
1200460 1303.3
1200470 1303.3
1200480 1308.1
1200490 1307.4
1200500 1307.4
1200510 1304.9
1200520 1305.0
1200530 1305.0
1200540 1304.7
1200550 1307.8
1200560 1307.8
1200570 1305.0
1200580 1312.1
1200590 1312.1
1200600 1308.2
1200610 1310.0
1200620 1310.0
1200630 1313.7
1200640 1319.2
1200650 1319.2
1200660 1327.2
1200670 1335.0
1200680 1335.0
1200690 1340.4
1200700 1343.9
1200710 1347.3
1200720 1347.3
1200730 1351.5
1200740 1355.9
1200750 1355.9
1200760 1359.5
1200770 1362.2
1200780 1362.2
1200790 1364.6
1200800 1365.2
1200810 1365.2
1200820 1366.1
1200830 1367.4
1200840 1367.4
1200850 1367.3
1200860 1366.3
1200870 1366.3
1200880 1364.9
1200890 1363.2
1200900 1363.2
1200910 1361.6
1200920 1359.8
1200930 1359.8
1200940 1358.9
1200950 1358.6
1200960 1358.6
1200970 1358.7
1200980 1358.6
1200990 1358.6
1201000 1357.5
1201010 1355.6
1201020 1355.6
1201030 1358.3
1201040 1356.0
1201050 1356.0
1201060 1352.7
1201070 1348.1
1201080 1346.4
1201090 1346.4
1201100 1345.0
1201110 1341.9
1201120 1341.9
1201130 1339.2
1201140 1338.3
1201150 1338.3
1201160 1335.7
1201170 1331.5
1201180 1331.5
1201190 1328.8
1201200 1325.5
1201210 1325.5
1201220 1323.5
1201230 1321.9
1201240 1321.9
1201250 1324.4
1201260 1329.4
1201270 1329.4
1201280 1329.6
1201290 1329.5
1201300 1329.5
1201310 1322.8
1201320 1315.4
1201330 1315.4
1201340 1318.2
1201350 1311.0
1201360 1311.0
1201370 1298.4
1201380 1286.3
1201390 1286.3
1201400 1287.8
1201410 1297.2
1201420 1306.6
1201430 1306.6
1201440 1315.6
1201450 1324.6
1201460 1324.6
1201470 1331.9
1201480 1343.9
1201490 1343.9
1201500 1344.7
1201510 1346.2
1201520 1346.2
1201530 1348.9
1201540 1349.7
1201550 1349.7
1201560 1349.2
1201570 1348.5
1201580 1348.5
1201590 1349.4
1201600 1349.7
1201610 1349.7
1201620 1348.2
1201630 1346.3
1201640 1346.3
1201650 1346.1
1201660 1346.4
1201670 1346.4
1201680 1345.4
1201690 1343.8
1201700 1343.8
1201710 1341.8
1201720 1338.8
1201730 1338.8
1201740 1334.8
1201750 1333.3
1201760 1330.8
1201770 1330.8
1201780 1327.7
1201790 1324.3
1201800 1324.3
1201810 1318.8
1201820 1314.3
1201830 1314.3
1201840 1305.6
1201850 1297.3
1201860 1297.3
1201870 1289.1
1201880 1280.2
1201890 1280.2
1201900 1269.6
1201910 1275.3
1201920 1275.3
1201930 1295.3
1201940 1309.4
1201950 1309.4
1201960 1318.4
1201970 1324.5
1201980 1324.5
1201990 1332.6
1202000 1342.2
1202010 1342.2
1202020 1352.4
1202030 1361.0
1202040 1361.0
1202050 1367.7
1202060 1374.3
1202070 1374.3
1202080 1380.9
1202090 1387.4
1202100 1393.9
1202110 1393.9
1202120 1401.1
1202130 1408.8
1202140 1408.8
1202150 1415.8
1202160 1422.3
1202170 1422.3
1202180 1428.5
1202190 1433.6
1202200 1433.6
1202210 1437.3
1202220 1439.9
1202230 1439.9
1202240 1441.9
1202250 1443.0
1202260 1443.0
1202270 1444.2
1202280 1445.2
1202290 1445.2
1202300 1445.9
1202310 1446.3
1202320 1446.3
1202330 1446.7
1202340 1447.2
1202350 1447.2
1202360 1448.3
1202370 1448.4
1202380 1454.9
1202390 1454.5
1202400 1454.1
1202410 1454.1
1202420 1453.4
1202430 1452.7
1202440 1452.0
1202450 1452.0
1202460 1450.3
1202470 1448.4
1202480 1448.4
1202490 1448.3
1202500 1445.8
1202510 1445.8
1202520 1443.4
1202530 1441.2
1202540 1441.2
1202550 1438.4
1202560 1435.2
1202570 1435.2
1202580 1431.1
1202590 1427.8
1202600 1427.8
1202610 1425.3
1202620 1423.6
1202630 1423.6
1202640 1421.9
1202650 1417.6
1202660 1417.6
1202670 1410.7
1202680 1407.1
1202690 1407.1
1202700 1415.9
1202710 1426.7
1202720 1426.7
1202730 1434.8
1202740 1442.6
1202750 1442.6
1202760 1448.7
1202770 1454.2
1202780 1458.0
1202790 1458.0
1202800 1458.3
1202810 1457.0
1202820 1457.0
1202830 1462.2
1202840 1460.9
1202850 1460.9
1202860 1458.4
1202870 1454.2
1202880 1454.2
1202890 1452.5
1202900 1447.8
1202910 1447.8
1202920 1446.0
1202930 1449.7
1202940 1449.7
1202950 1447.1
1202960 1448.5
1202970 1448.5
1202980 1449.5
1202990 1447.6
1203000 1447.6
1203010 1446.1
1203020 1445.6
1203030 1445.6
1203040 1442.4
1203050 1434.4
1203060 1434.4
1203070 1432.9
1203080 1441.7
1203090 1441.7
1203100 1453.0
1203110 1461.0
1203120 1467.7
1203130 1467.7
1203140 1475.2
1203150 1483.3
1203160 1483.3
1203170 1490.6
1203180 1497.3
1203190 1497.3
1203200 1503.8
1203210 1510.8
1203220 1510.8
1203230 1518.0
1203240 1525.9
1203250 1525.9
1203260 1535.5
1203270 1543.8
1203280 1543.8
1203290 1550.5
1203300 1557.2
1203310 1557.2
1203320 1563.4
1203330 1569.5
1203340 1569.5
1203350 1575.7
1203360 1582.3
1203370 1582.3
1203380 1588.6
1203390 1594.6
1203400 1594.6
1203410 1600.3
1203420 1605.8
1203430 1605.8
1203440 1611.4
1203450 1617.7
1203460 1617.7
1203470 1623.6
1203480 1629.2
1203490 1634.5
1203500 1634.5
1203510 1639.0
1203520 1643.0
1203530 1643.0
1203540 1645.7
1203550 1647.2
1203560 1647.2
1203570 1648.8
1203580 1652.7
1203590 1652.7
1203600 1657.1
1203610 1661.2
1203620 1661.2
1203630 1665.2
1203640 1669.3
1203650 1669.3
1203660 1673.7
1203670 1677.6
1203680 1677.6
1203690 1681.8
1203700 1686.2
1203710 1686.2
1203720 1690.7
1203730 1694.5
1203740 1701.4
1203750 1705.2
1203760 1709.7
1203770 1709.7
1203780 1714.4
1203790 1722.2
1203800 1722.2
1203810 1729.6
1203820 1736.2
1203830 1742.2
1203840 1742.2
1203850 1746.8
1203860 1751.5
1203870 1751.5
1203880 1753.4
1203890 1755.0
1203900 1755.0
1203910 1756.8
1203920 1758.0
1203930 1758.0
1203940 1755.3
1203950 1750.2
1203960 1750.2
1203970 1745.6
1203980 1742.0
1203990 1742.0
1204000 1739.5
1204010 1737.3
1204020 1737.3
1204030 1736.6
1204040 1736.3
1204050 1736.3
1204060 1734.0
1204070 1734.5
1204080 1734.5
1204090 1734.3
1204100 1728.6
1204110 1728.6
1204120 1724.4
1204130 1714.0
1204140 1714.0
1204150 1698.0
1204160 1689.2
1204170 1685.7
1204180 1685.7
1204190 1682.6
1204200 1682.5
1204210 1682.5
1204220 1680.4
1204230 1677.2
1204240 1677.2
1204250 1672.2
1204260 1665.6
1204270 1665.6
1204280 1658.2
1204290 1652.0
1204300 1652.0
1204310 1644.4
1204320 1637.0
1204330 1637.0
1204340 1628.6
1204350 1621.5
1204360 1621.5
1204370 1615.2
1204380 1607.1
1204390 1607.1
1204400 1598.1
1204410 1590.4
1204420 1590.4
1204430 1587.0
1204440 1589.1
1204450 1589.1
1204460 1595.9
1204470 1597.4
1204480 1597.4
1204490 1594.6
1204500 1588.7
1204510 1579.8
1204520 1579.8
1204530 1570.9
1204540 1566.6
1204550 1566.6
1204560 1562.6
1204570 1559.7
1204580 1559.7
1204590 1555.9
1204600 1553.1
1204610 1553.1
1204620 1550.2
1204630 1546.7
1204640 1546.7
1204650 1552.2
1204660 1548.5
1204670 1548.5
1204680 1542.2
1204690 1533.9
1204700 1533.9
1204710 1525.7
1204720 1517.9
1204730 1517.9
1204740 1510.3
1204750 1502.3
1204760 1502.3
1204770 1494.2
1204780 1486.6
1204790 1486.6
1204800 1481.0
1204810 1478.0
1204820 1478.0
1204830 1474.1
1204840 1469.1
1204850 1460.4
1204860 1460.4
1204870 1452.0
1204880 1442.8
1204890 1442.8
1204900 1432.3
1204910 1422.9
1204920 1422.9
1204930 1415.2
1204940 1408.5
1204950 1408.5
1204960 1401.7
1204970 1393.2
1204980 1393.2
1204990 1386.8
1205000 1384.9
1205010 1384.9
1205020 1387.7
1205030 1384.8
1205040 1384.8
1205050 1380.1
1205060 1375.2
1205070 1375.2
1205080 1370.3
1205090 1364.0
1205100 1364.0
1205110 1358.0
1205120 1342.8
1205130 1342.8
1205140 1335.9
1205150 1328.7
1205160 1328.7
1205170 1325.3
1205180 1320.8
1205190 1308.5
1205200 1308.5
1205210 1294.9
1205220 1286.2
1205230 1286.2
1205240 1282.1
1205250 1276.7
1205260 1276.7
1205270 1269.4
1205280 1261.8
1205290 1261.8
1205300 1255.1
1205310 1248.5
1205320 1248.5
1205330 1242.3
1205340 1235.3
1205350 1235.3
1205360 1228.6
1205370 1224.9
1205380 1224.9
1205390 1220.2
1205400 1214.7
1205410 1214.7
1205420 1213.0
1205430 1214.2
1205440 1214.2
1205450 1207.5
1205460 1191.3
1205470 1191.3
1205480 1180.7
1205490 1172.7
1205500 1172.7
1205510 1165.7
1205520 1159.6
1205530 1159.6
1205540 1155.1
1205550 1150.9
1205560 1146.3
1205570 1150.8
1205580 1145.3
1205590 1139.7
1205600 1139.7
1205610 1133.9
1205620 1127.9
1205630 1127.9
1205640 1121.6
1205650 1115.2
1205660 1115.2
1205670 1109.6
1205680 1105.0
1205690 1105.0
1205700 1100.7
1205710 1096.5
1205720 1096.5
1205730 1094.3
1205740 1090.7
1205750 1090.7
1205760 1087.1
1205770 1083.5
1205780 1083.5
1205790 1079.6
1205800 1076.2
1205810 1076.2
1205820 1072.9
1205830 1070.0
1205840 1070.0
1205850 1067.0
1205860 1064.0
1205870 1064.0
1205880 1061.1
1205890 1058.3
1205900 1055.6
1205910 1055.6
1205920 1052.9
1205930 1050.1
1205940 1050.1
1205950 1047.9
1205960 1045.7
1205970 1045.7
1205980 1043.3
1205990 1041.1
1206000 1041.1
1206010 1039.0
1206020 1037.2
1206030 1036.2
1206040 1034.3
1206050 1032.6
1206060 1032.6
1206070 1030.9
1206080 1029.5
1206090 1029.5
1206100 1028.3
1206110 1027.2
1206120 1027.2
1206130 1025.9
1206140 1024.3
1206150 1024.3
1206160 1022.9
1206170 1022.2
1206180 1022.2
1206190 1021.3
1206200 1020.5
1206210 1020.5
1206220 1019.0
1206230 1017.1
1206240 1014.7
1206250 1014.7
1206260 1011.7
1206270 1008.3
1206280 1008.3
1206290 1005.9
1206300 1005.2
1206310 1005.2
1206320 1000.8
1206330 995.9
1206340 995.9
1206350 993.8
1206360 991.7
1206370 991.7
1206380 991.5
1206390 989.1
1206400 989.1
1206410 988.0
1206420 987.8
1206430 987.8
1206440 988.1
1206450 988.1
1206460 988.1
1206470 989.0
1206480 991.1
1206490 992.0
1206500 992.5
1206510 990.4
1206520 990.4
1206530 990.2
1206540 990.8
1206550 990.8
1206560 991.4
1206570 992.0
1206580 992.4
1206590 992.4
1206600 992.8
1206610 992.8
1206620 992.8
1206630 992.5
1206640 992.2
1206650 992.2
1206660 992.2
1206670 992.1
1206680 992.1
1206690 992.0
1206700 991.8
1206710 991.8
1206720 991.6
1206730 991.6
1206740 991.6
1206750 991.5
1206760 991.4
1206770 991.4
1206780 991.2
1206790 991.2
1206800 991.2
1206810 991.2
1206820 991.2
1206830 991.2
1206840 991.3
1206850 991.2
1206860 991.2
1206870 991.0
1206880 990.7
1206890 990.7
1206900 990.7
1206910 990.6
1206920 990.6
1206930 990.6
1206940 990.2
1206950 990.2
1206960 990.2
1206970 990.2
1206980 990.1
1206990 990.1
1207000 990.6
1207010 994.8
1207020 994.8
1207030 997.9
1207040 998.8
1207050 998.8
1207060 999.1
1207070 999.2
1207080 999.2
1207090 999.4
1207100 999.6
1207110 999.6
1207120 999.6
1207130 1000.0
1207140 1000.0
1207150 1001.9
1207160 1004.9
1207170 1004.9
1207180 1008.7
1207190 1012.8
1207200 1012.8
1207210 1017.2
1207220 1021.4
1207230 1021.4
1207240 1025.9
1207250 1030.4
1207260 1034.7
1207270 1034.7
1207280 1038.9
1207290 1043.1
1207300 1043.1
1207310 1047.9
1207320 1052.7
1207330 1052.7
1207340 1057.4
1207350 1062.2
1207360 1062.2
1207370 1067.7
1207380 1073.1
1207390 1073.1
1207400 1078.4
1207410 1075.8
1207420 1075.8
1207430 1076.8
1207440 1077.4
1207450 1077.4
1207460 1080.7
1207470 1084.7
1207480 1084.7
1207490 1089.0
1207500 1095.5
1207510 1095.5
1207520 1106.0
1207530 1115.9
1207540 1115.9
1207550 1128.9
1207560 1137.1
1207570 1137.1
1207580 1141.2
1207590 1148.3
1207600 1148.3
1207610 1157.4
1207620 1164.9
1207630 1171.5
1207640 1171.5
1207650 1179.4
1207660 1188.6
1207670 1188.6
1207680 1195.6
1207690 1202.8
1207700 1202.8
1207710 1211.0
1207720 1218.7
1207730 1218.7
1207740 1225.5
1207750 1232.2
1207760 1232.2
1207770 1238.4
1207780 1244.5
1207790 1244.5
1207800 1251.3
1207810 1258.2
1207820 1258.2
1207830 1264.6
1207840 1270.6
1207850 1270.6
1207860 1276.2
1207870 1279.9
1207880 1279.9
1207890 1287.6
1207900 1294.9
1207910 1294.9
1207920 1302.1
1207930 1310.5
1207940 1310.5
1207950 1320.1
1207960 1330.1
1207970 1336.7
1207980 1336.7
1207990 1340.8
1208000 1346.8
1208010 1346.8
1208020 1353.9
1208030 1360.0
1208040 1360.0
1208050 1362.8
1208060 1367.5
1208070 1367.5
1208080 1373.7
1208090 1380.6
1208100 1380.6
1208110 1388.3
1208120 1395.1
1208130 1395.1
1208140 1401.8
1208150 1407.7
1208160 1407.7
1208170 1414.7
1208180 1420.5
1208190 1420.5
1208200 1425.1
1208210 1429.6
1208220 1429.6
1208230 1433.9
1208240 1438.3
1208250 1438.3
1208260 1443.1
1208270 1448.9
1208280 1448.9
1208290 1454.6
1208300 1460.0
1208310 1465.9
1208320 1465.9
1208330 1468.2
1208340 1472.8
1208350 1472.8
1208360 1477.5
1208370 1482.1
1208380 1482.1
1208390 1485.8
1208400 1488.7
1208410 1488.7
1208420 1490.7
1208430 1493.1
1208440 1493.1
1208450 1495.7
1208460 1498.5
1208470 1498.5
1208480 1501.3
1208490 1504.4
1208500 1504.4
1208510 1508.6
1208520 1512.3
1208530 1512.3
1208540 1515.7
1208550 1518.4
1208560 1518.4
1208570 1520.6
1208580 1522.7
1208590 1522.7
1208600 1524.1
1208610 1524.5
1208620 1524.5
1208630 1524.6
1208640 1524.4
1208650 1523.5
1208660 1523.5
1208670 1522.3
1208680 1521.4
1208690 1521.4
1208700 1519.0
1208710 1514.3
1208720 1514.3
1208730 1506.2
1208740 1496.3
1208750 1496.3
1208760 1488.5
1208770 1483.2
1208780 1483.2
1208790 1472.8
1208800 1471.2
1208810 1471.2
1208820 1466.2
1208830 1461.7
1208840 1461.7
1208850 1458.6
1208860 1459.4
1208870 1459.4
1208880 1459.7
1208890 1461.5
1208900 1461.5
1208910 1462.8
1208920 1465.3
1208930 1465.3
1208940 1468.0
1208950 1470.2
1208960 1470.2
1208970 1471.3
1208980 1472.1
1208990 1472.9
1209000 1472.9
1209010 1474.0
1209020 1474.9
1209030 1474.9
1209040 1476.1
1209050 1477.5
1209060 1477.5
1209070 1477.3
1209080 1476.4
1209090 1476.4
1209100 1475.8
1209110 1476.3
1209120 1476.3
1209130 1477.2
1209140 1477.9
1209150 1477.9
1209160 1478.1
1209170 1477.9
1209180 1477.9
1209190 1477.6
1209200 1476.3
1209210 1476.3
1209220 1474.0
1209230 1471.8
1209240 1471.8
1209250 1468.3
1209260 1456.5
1209270 1456.5
1209280 1452.4
1209290 1448.4
1209300 1448.4
1209310 1444.8
1209320 1441.3
1209330 1437.9
1209340 1437.9
1209350 1434.0
1209360 1429.2
1209370 1429.2
1209380 1423.7
1209390 1418.3
1209400 1418.3
1209410 1413.7
1209420 1409.0
1209430 1409.0
1209440 1402.4
1209450 1395.7
1209460 1395.7
1209470 1388.7
1209480 1381.9
1209490 1381.9
1209500 1376.1
1209510 1371.5
1209520 1371.5
1209530 1366.9
1209540 1361.3
1209550 1361.3
1209560 1354.6
1209570 1348.7
1209580 1348.7
1209590 1342.4
1209600 1335.9
1209610 1335.9
1209620 1332.1
1209630 1327.0
1209640 1327.0
1209650 1319.5
1209660 1310.7
1209670 1301.2
1209680 1301.2
1209690 1294.2
1209700 1286.6
1209710 1286.6
1209720 1265.1
1209730 1253.6
1209740 1253.6
1209750 1246.8
1209760 1238.3
1209770 1238.3
1209780 1229.1
1209790 1220.8
1209800 1220.8
1209810 1213.5
1209820 1206.5
1209830 1206.5
1209840 1198.0
1209850 1189.9
1209860 1189.9
1209870 1181.5
1209880 1172.7
1209890 1172.7
1209900 1164.3
1209910 1157.1
1209920 1157.1
1209930 1151.6
1209940 1145.5
1209950 1145.5
1209960 1135.3
1209970 1123.8
1209980 1123.8
1209990 1117.5
1210000 1114.2
1210010 1114.2
1210020 1109.9
1210030 1101.1
1210040 1090.8
1210050 1090.8
1210060 1080.8
1210070 1072.5
1210080 1072.5
1210090 1062.7
1210100 1053.6
1210110 1053.6
1210120 1043.5
1210130 1030.1
1210140 1030.1
1210150 1014.4
1210160 1012.7
1210170 1012.7
1210180 1023.7
1210190 1047.4
1210200 1047.4
1210210 1058.7
1210220 1065.5
1210230 1065.5
1210240 1073.6
1210250 1081.7
1210260 1081.7
1210270 1090.4
1210280 1099.5
1210290 1099.5
1210300 1108.3
1210310 1116.8
1210320 1116.8
1210330 1124.0
1210340 1130.8
1210350 1130.8
1210360 1137.2
1210370 1144.0
1210380 1151.1
1210390 1151.1
1210400 1158.1
1210410 1165.0
1210420 1165.0
1210430 1171.7
1210440 1175.3
1210450 1175.3
1210460 1175.6
1210470 1177.9
1210480 1177.9
1210490 1178.5
1210500 1178.6
1210510 1178.6
1210520 1182.8
1210530 1182.6
1210540 1182.6
1210550 1181.2
1210560 1181.5
1210570 1181.5
1210580 1182.5
1210590 1180.5
1210600 1180.5
1210610 1182.8
1210620 1192.0
1210630 1192.0
1210640 1201.5
1210650 1211.8
1210660 1211.8
1210670 1221.9
1210680 1231.6
1210690 1231.6
1210700 1240.9
1210710 1249.3
1210720 1258.9
1210730 1258.9
1210740 1265.8
1210750 1275.4
1210760 1275.4
1210770 1287.8
1210780 1299.0
1210790 1299.0
1210800 1307.7
1210810 1316.6
1210820 1316.6
1200000 1413.4
1200010 1411.6
1200020 1407.5
1200030 1400.9
1200040 1400.9
1200050 1396.3
1200060 1400.2
1200070 1400.2
1200080 1405.5
1200090 1408.6
1200100 1408.6
1200110 1410.5
1200120 1413.1
1200130 1420.3
1200140 1422.8
1200150 1420.9
1200160 1420.9
1200170 1415.0
1200180 1408.7
1200190 1408.7
1200200 1401.8
1200210 1394.7
1200220 1394.7
1200230 1388.2
1200240 1382.3
1200250 1382.3
1200260 1377.9
1200270 1372.8
1200280 1372.8
1200290 1366.7
1200300 1359.5
1200310 1359.5
1200320 1352.2
1200330 1348.2
1200340 1348.2
1200350 1346.7
1200360 1343.0
1200370 1339.1
1200380 1339.1
1200390 1334.0
1200400 1326.5
1200410 1326.5
1200420 1318.3
1200430 1310.5
1200440 1310.5
1200450 1306.6
1200460 1303.3
1200470 1303.3
1200480 1308.1
1200490 1307.4
1200500 1307.4
1200510 1304.9
1200520 1305.0
1200530 1305.0
1200540 1304.7
1200550 1307.8
1200560 1307.8
1200570 1305.0
1200580 1312.1
1200590 1312.1
1200600 1308.2
1200610 1310.0
1200620 1310.0
1200630 1313.7
1200640 1319.2
1200650 1319.2
1200660 1327.2
1200670 1335.0
1200680 1335.0
1200690 1340.4
1200700 1343.9
1200710 1347.3
1200720 1347.3
1200730 1351.5
1200740 1355.9
1200750 1355.9
1200760 1359.5
1200770 1362.2
1200780 1362.2
1200790 1364.6
1200800 1365.2
1200810 1365.2
1200820 1366.1
1200830 1367.4
1200840 1367.4
1200850 1367.3
1200860 1366.3
1200870 1366.3
1200880 1364.9
1200890 1363.2
1200900 1363.2
1200910 1361.6
1200920 1359.8
1200930 1359.8
1200940 1358.9
1200950 1358.6
1200960 1358.6
1200970 1358.7
1200980 1358.6
1200990 1358.6
1201000 1357.5
1201010 1355.6
1201020 1355.6
1201030 1358.3
1201040 1356.0
1201050 1356.0
1201060 1352.7
1201070 1348.1
1201080 1346.4
1201090 1346.4
1201100 1345.0
1201110 1341.9
1201120 1341.9
1201130 1339.2
1201140 1338.3
1201150 1338.3
1201160 1335.7
1201170 1331.5
1201180 1331.5
1201190 1328.8
1201200 1325.5
1201210 1325.5
1201220 1323.5
1201230 1321.9
1201240 1321.9
1201250 1324.4
1201260 1329.4
1201270 1329.4
1201280 1329.6
1201290 1329.5
1201300 1329.5
1201310 1322.8
1201320 1315.4
1201330 1315.4
1201340 1318.2
1201350 1311.0
1201360 1311.0
1201370 1298.4
1201380 1286.3
1201390 1286.3
1201400 1287.8
1201410 1297.2
1201420 1306.6
1201430 1306.6
1201440 1315.6
1201450 1324.6
1201460 1324.6
1201470 1331.9
1201480 1343.9
1201490 1343.9
1201500 1344.7
1201510 1346.2
1201520 1346.2
1201530 1348.9
1201540 1349.7
1201550 1349.7
1201560 1349.2
1201570 1348.5
1201580 1348.5
1201590 1349.4
1201600 1349.7
1201610 1349.7
1201620 1348.2
1201630 1346.3
1201640 1346.3
1201650 1346.1
1201660 1346.4
1201670 1346.4
1201680 1345.4
1201690 1343.8
1201700 1343.8
1201710 1341.8
1201720 1338.8
1201730 1338.8
1201740 1334.8
1201750 1333.3
1201760 1330.8
1201770 1330.8
1201780 1327.7
1201790 1324.3
1201800 1324.3
1201810 1318.8
1201820 1314.3
1201830 1314.3
1201840 1305.6
1201850 1297.3
1201860 1297.3
1201870 1289.1
1201880 1280.2
1201890 1280.2
1201900 1269.6
1201910 1275.3
1201920 1275.3
1201930 1295.3
1201940 1309.4
1201950 1309.4
1201960 1318.4
1201970 1324.5
1201980 1324.5
1201990 1332.6
1202000 1342.2
1202010 1342.2
1202020 1352.4
1202030 1361.0
1202040 1361.0
1202050 1367.7
1202060 1374.3
1202070 1374.3
1202080 1380.9
1202090 1387.4
1202100 1393.9
1202110 1393.9
1202120 1401.1
1202130 1408.8
1202140 1408.8
1202150 1415.8
1202160 1422.3
1202170 1422.3
1202180 1428.5
1202190 1433.6
1202200 1433.6
1202210 1437.3
1202220 1439.9
1202230 1439.9
1202240 1441.9
1202250 1443.0
1202260 1443.0
1202270 1444.2
1202280 1445.2
1202290 1445.2
1202300 1445.9
1202310 1446.3
1202320 1446.3
1202330 1446.7
1202340 1447.2
1202350 1447.2
1202360 1448.3
1202370 1448.4
1202380 1454.9
1202390 1454.5
1202400 1454.1
1202410 1454.1
1202420 1453.4
1202430 1452.7
1202440 1452.0
1202450 1452.0
1202460 1450.3
1202470 1448.4
1202480 1448.4
1202490 1448.3
1202500 1445.8
1202510 1445.8
1202520 1443.4
1202530 1441.2
1202540 1441.2
1202550 1438.4
1202560 1435.2
1202570 1435.2
1202580 1431.1
1202590 1427.8
1202600 1427.8
1202610 1425.3
1202620 1423.6
1202630 1423.6
1202640 1421.9
1202650 1417.6
1202660 1417.6
1202670 1410.7
1202680 1407.1
1202690 1407.1
1202700 1415.9
1202710 1426.7
1202720 1426.7
1202730 1434.8
1202740 1442.6
1202750 1442.6
1202760 1448.7
1202770 1454.2
1202780 1458.0
1202790 1458.0
1202800 1458.3
1202810 1457.0
1202820 1457.0
1202830 1462.2
1202840 1460.9
1202850 1460.9
1202860 1458.4
1202870 1454.2
1202880 1454.2
1202890 1452.5
1202900 1447.8
1202910 1447.8
1202920 1446.0
1202930 1449.7
1202940 1449.7
1202950 1447.1
1202960 1448.5
1202970 1448.5
1202980 1449.5
1202990 1447.6
1203000 1447.6
1203010 1446.1
1203020 1445.6
1203030 1445.6
1203040 1442.4
1203050 1434.4
1203060 1434.4
1203070 1432.9
1203080 1441.7
1203090 1441.7
1203100 1453.0
1203110 1461.0
1203120 1467.7
1203130 1467.7
1203140 1475.2
1203150 1483.3
1203160 1483.3
1203170 1490.6
1203180 1497.3
1203190 1497.3
1203200 1503.8
1203210 1510.8
1203220 1510.8
1203230 1518.0
1203240 1525.9
1203250 1525.9
1203260 1535.5
1203270 1543.8
1203280 1543.8
1203290 1550.5
1203300 1557.2
1203310 1557.2
1203320 1563.4
1203330 1569.5
1203340 1569.5
1203350 1575.7
1203360 1582.3
1203370 1582.3
1203380 1588.6
1203390 1594.6
1203400 1594.6
1203410 1600.3
1203420 1605.8
1203430 1605.8
1203440 1611.4
1203450 1617.7
1203460 1617.7
1203470 1623.6
1203480 1629.2
1203490 1634.5
1203500 1634.5
1203510 1639.0
1203520 1643.0
1203530 1643.0
1203540 1645.7
1203550 1647.2
1203560 1647.2
1203570 1648.8
1203580 1652.7
1203590 1652.7
1203600 1657.1
1203610 1661.2
1203620 1661.2
1203630 1665.2
1203640 1669.3
1203650 1669.3
1203660 1673.7
1203670 1677.6
1203680 1677.6
1203690 1681.8
1203700 1686.2
1203710 1686.2
1203720 1690.7
1203730 1694.5
1203740 1701.4
1203750 1705.2
1203760 1709.7
1203770 1709.7
1203780 1714.4
1203790 1722.2
1203800 1722.2
1203810 1729.6
1203820 1736.2
1203830 1742.2
1203840 1742.2
1203850 1746.8
1203860 1751.5
1203870 1751.5
1203880 1753.4
1203890 1755.0
1203900 1755.0
1203910 1756.8
1203920 1758.0
1203930 1758.0
1203940 1755.3
1203950 1750.2
1203960 1750.2
1203970 1745.6
1203980 1742.0
1203990 1742.0
1204000 1739.5
1204010 1737.3
1204020 1737.3
1204030 1736.6
1204040 1736.3
1204050 1736.3
1204060 1734.0
1204070 1734.5
1204080 1734.5
1204090 1734.3
1204100 1728.6
1204110 1728.6
1204120 1724.4
1204130 1714.0
1204140 1714.0
1204150 1698.0
1204160 1689.2
1204170 1685.7
1204180 1685.7
1204190 1682.6
1204200 1682.5
1204210 1682.5
1204220 1680.4
1204230 1677.2
1204240 1677.2
1204250 1672.2
1204260 1665.6
1204270 1665.6
1204280 1658.2
1204290 1652.0
1204300 1652.0
1204310 1644.4
1204320 1637.0
1204330 1637.0
1204340 1628.6
1204350 1621.5
1204360 1621.5
1204370 1615.2
1204380 1607.1
1204390 1607.1
1204400 1598.1
1204410 1590.4
1204420 1590.4
1204430 1587.0
1204440 1589.1
1204450 1589.1
1204460 1595.9
1204470 1597.4
1204480 1597.4
1204490 1594.6
1204500 1588.7
1204510 1579.8
1204520 1579.8
1204530 1570.9
1204540 1566.6
1204550 1566.6
1204560 1562.6
1204570 1559.7
1204580 1559.7
1204590 1555.9
1204600 1553.1
1204610 1553.1
1204620 1550.2
1204630 1546.7
1204640 1546.7
1204650 1552.2
1204660 1548.5
1204670 1548.5
1204680 1542.2
1204690 1533.9
1204700 1533.9
1204710 1525.7
1204720 1517.9
1204730 1517.9
1204740 1510.3
1204750 1502.3
1204760 1502.3
1204770 1494.2
1204780 1486.6
1204790 1486.6
1204800 1481.0
1204810 1478.0
1204820 1478.0
1204830 1474.1
1204840 1469.1
1204850 1460.4
1204860 1460.4
1204870 1452.0
1204880 1442.8
1204890 1442.8
1204900 1432.3
1204910 1422.9
1204920 1422.9
1204930 1415.2
1204940 1408.5
1204950 1408.5
1204960 1401.7
1204970 1393.2
1204980 1393.2
1204990 1386.8
1205000 1384.9
1205010 1384.9
1205020 1387.7
1205030 1384.8
1205040 1384.8
1205050 1380.1
1205060 1375.2
1205070 1375.2
1205080 1370.3
1205090 1364.0
1205100 1364.0
1205110 1358.0
1205120 1342.8
1205130 1342.8
1205140 1335.9
1205150 1328.7
1205160 1328.7
1205170 1325.3
1205180 1320.8
1205190 1308.5
1205200 1308.5
1205210 1294.9
1205220 1286.2
1205230 1286.2
1205240 1282.1
1205250 1276.7
1205260 1276.7
1205270 1269.4
1205280 1261.8
1205290 1261.8
1205300 1255.1
1205310 1248.5
1205320 1248.5
1205330 1242.3
1205340 1235.3
1205350 1235.3
1205360 1228.6
1205370 1224.9
1205380 1224.9
1205390 1220.2
1205400 1214.7
1205410 1214.7
1205420 1213.0
1205430 1214.2
1205440 1214.2
1205450 1207.5
1205460 1191.3
1205470 1191.3
1205480 1180.7
1205490 1172.7
1205500 1172.7
1205510 1165.7
1205520 1159.6
1205530 1159.6
1205540 1155.1
1205550 1150.9
1205560 1146.3
1205570 1150.8
1205580 1145.3
1205590 1139.7
1205600 1139.7
1205610 1133.9
1205620 1127.9
1205630 1127.9
1205640 1121.6
1205650 1115.2
1205660 1115.2
1205670 1109.6
1205680 1105.0
1205690 1105.0
1205700 1100.7
1205710 1096.5
1205720 1096.5
1205730 1094.3
1205740 1090.7
1205750 1090.7
1205760 1087.1
1205770 1083.5
1205780 1083.5
1205790 1079.6
1205800 1076.2
1205810 1076.2
1205820 1072.9
1205830 1070.0
1205840 1070.0
1205850 1067.0
1205860 1064.0
1205870 1064.0
1205880 1061.1
1205890 1058.3
1205900 1055.6
1205910 1055.6
1205920 1052.9
1205930 1050.1
1205940 1050.1
1205950 1047.9
1205960 1045.7
1205970 1045.7
1205980 1043.3
1205990 1041.1
1206000 1041.1
1206010 1039.0
1206020 1037.2
1206030 1036.2
1206040 1034.3
1206050 1032.6
1206060 1032.6
1206070 1030.9
1206080 1029.5
1206090 1029.5
1206100 1028.3
1206110 1027.2
1206120 1027.2
1206130 1025.9
1206140 1024.3
1206150 1024.3
1206160 1022.9
1206170 1022.2
1206180 1022.2
1206190 1021.3
1206200 1020.5
1206210 1020.5
1206220 1019.0
1206230 1017.1
1206240 1014.7
1206250 1014.7
1206260 1011.7
1206270 1008.3
1206280 1008.3
1206290 1005.9
1206300 1005.2
1206310 1005.2
1206320 1000.8
1206330 995.9
1206340 995.9
1206350 993.8
1206360 991.7
1206370 991.7
1206380 991.5
1206390 989.1
1206400 989.1
1206410 988.0
1206420 987.8
1206430 987.8
1206440 988.1
1206450 988.1
1206460 988.1
1206470 989.0
1206480 991.1
1206490 992.0
1206500 992.5
1206510 990.4
1206520 990.4
1206530 990.2
1206540 990.8
1206550 990.8
1206560 991.4
1206570 992.0
1206580 992.4
1206590 992.4
1206600 992.8
1206610 992.8
1206620 992.8
1206630 992.5
1206640 992.2
1206650 992.2
1206660 992.2
1206670 992.1
1206680 992.1
1206690 992.0
1206700 991.8
1206710 991.8
1206720 991.6
1206730 991.6
1206740 991.6
1206750 991.5
1206760 991.4
1206770 991.4
1206780 991.2
1206790 991.2
1206800 991.2
1206810 991.2
1206820 991.2
1206830 991.2
1206840 991.3
1206850 991.2
1206860 991.2
1206870 991.0
1206880 990.7
1206890 990.7
1206900 990.7
1206910 990.6
1206920 990.6
1206930 990.6
1206940 990.2
1206950 990.2
1206960 990.2
1206970 990.2
1206980 990.1
1206990 990.1
1207000 990.6
1207010 994.8
1207020 994.8
1207030 997.9
1207040 998.8
1207050 998.8
1207060 999.1
1207070 999.2
1207080 999.2
1207090 999.4
1207100 999.6
1207110 999.6
1207120 999.6
1207130 1000.0
1207140 1000.0
1207150 1001.9
1207160 1004.9
1207170 1004.9
1207180 1008.7
1207190 1012.8
1207200 1012.8
1207210 1017.2
1207220 1021.4
1207230 1021.4
1207240 1025.9
1207250 1030.4
1207260 1034.7
1207270 1034.7
1207280 1038.9
1207290 1043.1
1207300 1043.1
1207310 1047.9
1207320 1052.7
1207330 1052.7
1207340 1057.4
1207350 1062.2
1207360 1062.2
1207370 1067.7
1207380 1073.1
1207390 1073.1
1207400 1078.4
1207410 1075.8
1207420 1075.8
1207430 1076.8
1207440 1077.4
1207450 1077.4
1207460 1080.7
1207470 1084.7
1207480 1084.7
1207490 1089.0
1207500 1095.5
1207510 1095.5
1207520 1106.0
1207530 1115.9
1207540 1115.9
1207550 1128.9
1207560 1137.1
1207570 1137.1
1207580 1141.2
1207590 1148.3
1207600 1148.3
1207610 1157.4
1207620 1164.9
1207630 1171.5
1207640 1171.5
1207650 1179.4
1207660 1188.6
1207670 1188.6
1207680 1195.6
1207690 1202.8
1207700 1202.8
1207710 1211.0
1207720 1218.7
1207730 1218.7
1207740 1225.5
1207750 1232.2
1207760 1232.2
1207770 1238.4
1207780 1244.5
1207790 1244.5
1207800 1251.3
1207810 1258.2
1207820 1258.2
1207830 1264.6
1207840 1270.6
1207850 1270.6
1207860 1276.2
1207870 1279.9
1207880 1279.9
1207890 1287.6
1207900 1294.9
1207910 1294.9
1207920 1302.1
1207930 1310.5
1207940 1310.5
1207950 1320.1
1207960 1330.1
1207970 1336.7
1207980 1336.7
1207990 1340.8
1208000 1346.8
1208010 1346.8
1208020 1353.9
1208030 1360.0
1208040 1360.0
1208050 1362.8
1208060 1367.5
1208070 1367.5
1208080 1373.7
1208090 1380.6
1208100 1380.6
1208110 1388.3
1208120 1395.1
1208130 1395.1
1208140 1401.8
1208150 1407.7
1208160 1407.7
1208170 1414.7
1208180 1420.5
1208190 1420.5
1208200 1425.1
1208210 1429.6
1208220 1429.6
1208230 1433.9
1208240 1438.3
1208250 1438.3
1208260 1443.1
1208270 1448.9
1208280 1448.9
1208290 1454.6
1208300 1460.0
1208310 1465.9
1208320 1465.9
1208330 1468.2
1208340 1472.8
1208350 1472.8
1208360 1477.5
1208370 1482.1
1208380 1482.1
1208390 1485.8
1208400 1488.7
1208410 1488.7
1208420 1490.7
1208430 1493.1
1208440 1493.1
1208450 1495.7
1208460 1498.5
1208470 1498.5
1208480 1501.3
1208490 1504.4
1208500 1504.4
1208510 1508.6
1208520 1512.3
1208530 1512.3
1208540 1515.7
1208550 1518.4
1208560 1518.4
1208570 1520.6
1208580 1522.7
1208590 1522.7
1208600 1524.1
1208610 1524.5
1208620 1524.5
1208630 1524.6
1208640 1524.4
1208650 1523.5
1208660 1523.5
1208670 1522.3
1208680 1521.4
1208690 1521.4
1208700 1519.0
1208710 1514.3
1208720 1514.3
1208730 1506.2
1208740 1496.3
1208750 1496.3
1208760 1488.5
1208770 1483.2
1208780 1483.2
1208790 1472.8
1208800 1471.2
1208810 1471.2
1208820 1466.2
1208830 1461.7
1208840 1461.7
1208850 1458.6
1208860 1459.4
1208870 1459.4
1208880 1459.7
1208890 1461.5
1208900 1461.5
1208910 1462.8
1208920 1465.3
1208930 1465.3
1208940 1468.0
1208950 1470.2
1208960 1470.2
1208970 1471.3
1208980 1472.1
1208990 1472.9
1209000 1472.9
1209010 1474.0
1209020 1474.9
1209030 1474.9
1209040 1476.1
1209050 1477.5
1209060 1477.5
1209070 1477.3
1209080 1476.4
1209090 1476.4
1209100 1475.8
1209110 1476.3
1209120 1476.3
1209130 1477.2
1209140 1477.9
1209150 1477.9
1209160 1478.1
1209170 1477.9
1209180 1477.9
1209190 1477.6
1209200 1476.3
1209210 1476.3
1209220 1474.0
1209230 1471.8
1209240 1471.8
1209250 1468.3
1209260 1456.5
1209270 1456.5
1209280 1452.4
1209290 1448.4
1209300 1448.4
1209310 1444.8
1209320 1441.3
1209330 1437.9
1209340 1437.9
1209350 1434.0
1209360 1429.2
1209370 1429.2
1209380 1423.7
1209390 1418.3
1209400 1418.3
1209410 1413.7
1209420 1409.0
1209430 1409.0
1209440 1402.4
1209450 1395.7
1209460 1395.7
1209470 1388.7
1209480 1381.9
1209490 1381.9
1209500 1376.1
1209510 1371.5
1209520 1371.5
1209530 1366.9
1209540 1361.3
1209550 1361.3
1209560 1354.6
1209570 1348.7
1209580 1348.7
1209590 1342.4
1209600 1335.9
1209610 1335.9
1209620 1332.1
1209630 1327.0
1209640 1327.0
1209650 1319.5
1209660 1310.7
1209670 1301.2
1209680 1301.2
1209690 1294.2
1209700 1286.6
1209710 1286.6
1209720 1265.1
1209730 1253.6
1209740 1253.6
1209750 1246.8
1209760 1238.3
1209770 1238.3
1209780 1229.1
1209790 1220.8
1209800 1220.8
1209810 1213.5
1209820 1206.5
1209830 1206.5
1209840 1198.0
1209850 1189.9
1209860 1189.9
1209870 1181.5
1209880 1172.7
1209890 1172.7
1209900 1164.3
1209910 1157.1
1209920 1157.1
1209930 1151.6
1209940 1145.5
1209950 1145.5
1209960 1135.3
1209970 1123.8
1209980 1123.8
1209990 1117.5
1210000 1114.2
1210010 1114.2
1210020 1109.9
1210030 1101.1
1210040 1090.8
1210050 1090.8
1210060 1080.8
1210070 1072.5
1210080 1072.5
1210090 1062.7
1210100 1053.6
1210110 1053.6
1210120 1043.5
1210130 1030.1
1210140 1030.1
1210150 1014.4
1210160 1012.7
1210170 1012.7
1210180 1023.7
1210190 1047.4
1210200 1047.4
1210210 1058.7
1210220 1065.5
1210230 1065.5
1210240 1073.6
1210250 1081.7
1210260 1081.7
1210270 1090.4
1210280 1099.5
1210290 1099.5
1210300 1108.3
1210310 1116.8
1210320 1116.8
1210330 1124.0
1210340 1130.8
1210350 1130.8
1210360 1137.2
1210370 1144.0
1210380 1151.1
1210390 1151.1
1210400 1158.1
1210410 1165.0
1210420 1165.0
1210430 1171.7
1210440 1175.3
1210450 1175.3
1210460 1175.6
1210470 1177.9
1210480 1177.9
1210490 1178.5
1210500 1178.6
1210510 1178.6
1210520 1182.8
1210530 1182.6
1210540 1182.6
1210550 1181.2
1210560 1181.5
1210570 1181.5
1210580 1182.5
1210590 1180.5
1210600 1180.5
1210610 1182.8
1210620 1192.0
1210630 1192.0
1210640 1201.5
1210650 1211.8
1210660 1211.8
1210670 1221.9
1210680 1231.6
1210690 1231.6
1210700 1240.9
1210710 1249.3
1210720 1258.9
1210730 1258.9
1210740 1265.8
1210750 1275.4
1210760 1275.4
1210770 1287.8
1210780 1299.0
1210790 1299.0
1210800 1307.7
1210810 1316.6
1210820 1316.6
1200000 1413.4
1200010 1411.6
1200020 1407.5
1200030 1400.9
1200040 1400.9
1200050 1396.3
1200060 1400.2
1200070 1400.2
1200080 1405.5
1200090 1408.6
1200100 1408.6
1200110 1410.5
1200120 1413.1
1200130 1420.3
1200140 1422.8
1200150 1420.9
1200160 1420.9
1200170 1415.0
1200180 1408.7
1200190 1408.7
1200200 1401.8
1200210 1394.7
1200220 1394.7
1200230 1388.2
1200240 1382.3
1200250 1382.3
1200260 1377.9
1200270 1372.8
1200280 1372.8
1200290 1366.7
1200300 1359.5
1200310 1359.5
1200320 1352.2
1200330 1348.2
1200340 1348.2
1200350 1346.7
1200360 1343.0
1200370 1339.1
1200380 1339.1
1200390 1334.0
1200400 1326.5
1200410 1326.5
1200420 1318.3
1200430 1310.5
1200440 1310.5
1200450 1306.6
1200460 1303.3
1200470 1303.3
1200480 1308.1
1200490 1307.4
1200500 1307.4
1200510 1304.9
1200520 1305.0
1200530 1305.0
1200540 1304.7
1200550 1307.8
1200560 1307.8
1200570 1305.0
1200580 1312.1
1200590 1312.1
1200600 1308.2
1200610 1310.0
1200620 1310.0
1200630 1313.7
1200640 1319.2
1200650 1319.2
1200660 1327.2
1200670 1335.0
1200680 1335.0
1200690 1340.4
1200700 1343.9
1200710 1347.3
1200720 1347.3
1200730 1351.5
1200740 1355.9
1200750 1355.9
1200760 1359.5
1200770 1362.2
1200780 1362.2
1200790 1364.6
1200800 1365.2
1200810 1365.2
1200820 1366.1
1200830 1367.4
1200840 1367.4
1200850 1367.3
1200860 1366.3
1200870 1366.3
1200880 1364.9
1200890 1363.2
1200900 1363.2
1200910 1361.6
1200920 1359.8
1200930 1359.8
1200940 1358.9
1200950 1358.6
1200960 1358.6
1200970 1358.7
1200980 1358.6
1200990 1358.6
1201000 1357.5
1201010 1355.6
1201020 1355.6
1201030 1358.3
1201040 1356.0
1201050 1356.0
1201060 1352.7
1201070 1348.1
1201080 1346.4
1201090 1346.4
1201100 1345.0
1201110 1341.9
1201120 1341.9
1201130 1339.2
1201140 1338.3
1201150 1338.3
1201160 1335.7
1201170 1331.5
1201180 1331.5
1201190 1328.8
1201200 1325.5
1201210 1325.5
1201220 1323.5
1201230 1321.9
1201240 1321.9
1201250 1324.4
1201260 1329.4
1201270 1329.4
1201280 1329.6
1201290 1329.5
1201300 1329.5
1201310 1322.8
1201320 1315.4
1201330 1315.4
1201340 1318.2
1201350 1311.0
1201360 1311.0
1201370 1298.4
1201380 1286.3
1201390 1286.3
1201400 1287.8
1201410 1297.2
1201420 1306.6
1201430 1306.6
1201440 1315.6
1201450 1324.6
1201460 1324.6
1201470 1331.9
1201480 1343.9
1201490 1343.9
1201500 1344.7
1201510 1346.2
1201520 1346.2
1201530 1348.9
1201540 1349.7
1201550 1349.7
1201560 1349.2
1201570 1348.5
1201580 1348.5
1201590 1349.4
1201600 1349.7
1201610 1349.7
1201620 1348.2
1201630 1346.3
1201640 1346.3
1201650 1346.1
1201660 1346.4
1201670 1346.4
1201680 1345.4
1201690 1343.8
1201700 1343.8
1201710 1341.8
1201720 1338.8
1201730 1338.8
1201740 1334.8
1201750 1333.3
1201760 1330.8
1201770 1330.8
1201780 1327.7
1201790 1324.3
1201800 1324.3
1201810 1318.8
1201820 1314.3
1201830 1314.3
1201840 1305.6
1201850 1297.3
1201860 1297.3
1201870 1289.1
1201880 1280.2
1201890 1280.2
1201900 1269.6
1201910 1275.3
1201920 1275.3
1201930 1295.3
1201940 1309.4
1201950 1309.4
1201960 1318.4
1201970 1324.5
1201980 1324.5
1201990 1332.6
1202000 1342.2
1202010 1342.2
1202020 1352.4
1202030 1361.0
1202040 1361.0
1202050 1367.7
1202060 1374.3
1202070 1374.3
1202080 1380.9
1202090 1387.4
1202100 1393.9
1202110 1393.9
1202120 1401.1
1202130 1408.8
1202140 1408.8
1202150 1415.8
1202160 1422.3
1202170 1422.3
1202180 1428.5
1202190 1433.6
1202200 1433.6
1202210 1437.3
1202220 1439.9
1202230 1439.9
1202240 1441.9
1202250 1443.0
1202260 1443.0
1202270 1444.2
1202280 1445.2
1202290 1445.2
1202300 1445.9
1202310 1446.3
1202320 1446.3
1202330 1446.7
1202340 1447.2
1202350 1447.2
1202360 1448.3
1202370 1448.4
1202380 1454.9
1202390 1454.5
1202400 1454.1
1202410 1454.1
1202420 1453.4
1202430 1452.7
1202440 1452.0
1202450 1452.0
1202460 1450.3
1202470 1448.4
1202480 1448.4
1202490 1448.3
1202500 1445.8
1202510 1445.8
1202520 1443.4
1202530 1441.2
1202540 1441.2
1202550 1438.4
1202560 1435.2
1202570 1435.2
1202580 1431.1
1202590 1427.8
1202600 1427.8
1202610 1425.3
1202620 1423.6
1202630 1423.6
1202640 1421.9
1202650 1417.6
1202660 1417.6
1202670 1410.7
1202680 1407.1
1202690 1407.1
1202700 1415.9
1202710 1426.7
1202720 1426.7
1202730 1434.8
1202740 1442.6
1202750 1442.6
1202760 1448.7
1202770 1454.2
1202780 1458.0
1202790 1458.0
1202800 1458.3
1202810 1457.0
1202820 1457.0
1202830 1462.2
1202840 1460.9
1202850 1460.9
1202860 1458.4
1202870 1454.2
1202880 1454.2
1202890 1452.5
1202900 1447.8
1202910 1447.8
1202920 1446.0
1202930 1449.7
1202940 1449.7
1202950 1447.1
1202960 1448.5
1202970 1448.5
1202980 1449.5
1202990 1447.6
1203000 1447.6
1203010 1446.1
1203020 1445.6
1203030 1445.6
1203040 1442.4
1203050 1434.4
1203060 1434.4
1203070 1432.9
1203080 1441.7
1203090 1441.7
1203100 1453.0
1203110 1461.0
1203120 1467.7
1203130 1467.7
1203140 1475.2
1203150 1483.3
1203160 1483.3
1203170 1490.6
1203180 1497.3
1203190 1497.3
1203200 1503.8
1203210 1510.8
1203220 1510.8
1203230 1518.0
1203240 1525.9
1203250 1525.9
1203260 1535.5
1203270 1543.8
1203280 1543.8
1203290 1550.5
1203300 1557.2
1203310 1557.2
1203320 1563.4
1203330 1569.5
1203340 1569.5
1203350 1575.7
1203360 1582.3
1203370 1582.3
1203380 1588.6
1203390 1594.6
1203400 1594.6
1203410 1600.3
1203420 1605.8
1203430 1605.8
1203440 1611.4
1203450 1617.7
1203460 1617.7
1203470 1623.6
1203480 1629.2
1203490 1634.5
1203500 1634.5
1203510 1639.0
1203520 1643.0
1203530 1643.0
1203540 1645.7
1203550 1647.2
1203560 1647.2
1203570 1648.8
1203580 1652.7
1203590 1652.7
1203600 1657.1
1203610 1661.2
1203620 1661.2
1203630 1665.2
1203640 1669.3
1203650 1669.3
1203660 1673.7
1203670 1677.6
1203680 1677.6
1203690 1681.8
1203700 1686.2
1203710 1686.2
1203720 1690.7
1203730 1694.5
1203740 1701.4
1203750 1705.2
1203760 1709.7
1203770 1709.7
1203780 1714.4
1203790 1722.2
1203800 1722.2
1203810 1729.6
1203820 1736.2
1203830 1742.2
1203840 1742.2
1203850 1746.8
1203860 1751.5
1203870 1751.5
1203880 1753.4
1203890 1755.0
1203900 1755.0
1203910 1756.8
1203920 1758.0
1203930 1758.0
1203940 1755.3
1203950 1750.2
1203960 1750.2
1203970 1745.6
1203980 1742.0
1203990 1742.0
1204000 1739.5
1204010 1737.3
1204020 1737.3
1204030 1736.6
1204040 1736.3
1204050 1736.3
1204060 1734.0
1204070 1734.5
1204080 1734.5
1204090 1734.3
1204100 1728.6
1204110 1728.6
1204120 1724.4
1204130 1714.0
1204140 1714.0
1204150 1698.0
1204160 1689.2
1204170 1685.7
1204180 1685.7
1204190 1682.6
1204200 1682.5
1204210 1682.5
1204220 1680.4
1204230 1677.2
1204240 1677.2
1204250 1672.2
1204260 1665.6
1204270 1665.6
1204280 1658.2
1204290 1652.0
1204300 1652.0
1204310 1644.4
1204320 1637.0
1204330 1637.0
1204340 1628.6
1204350 1621.5
1204360 1621.5
1204370 1615.2
1204380 1607.1
1204390 1607.1
1204400 1598.1
1204410 1590.4
1204420 1590.4
1204430 1587.0
1204440 1589.1
1204450 1589.1
1204460 1595.9
1204470 1597.4
1204480 1597.4
1204490 1594.6
1204500 1588.7
1204510 1579.8
1204520 1579.8
1204530 1570.9
1204540 1566.6
1204550 1566.6
1204560 1562.6
1204570 1559.7
1204580 1559.7
1204590 1555.9
1204600 1553.1
1204610 1553.1
1204620 1550.2
1204630 1546.7
1204640 1546.7
1204650 1552.2
1204660 1548.5
1204670 1548.5
1204680 1542.2
1204690 1533.9
1204700 1533.9
1204710 1525.7
1204720 1517.9
1204730 1517.9
1204740 1510.3
1204750 1502.3
1204760 1502.3
1204770 1494.2
1204780 1486.6
1204790 1486.6
1204800 1481.0
1204810 1478.0
1204820 1478.0
1204830 1474.1
1204840 1469.1
1204850 1460.4
1204860 1460.4
1204870 1452.0
1204880 1442.8
1204890 1442.8
1204900 1432.3
1204910 1422.9
1204920 1422.9
1204930 1415.2
1204940 1408.5
1204950 1408.5
1204960 1401.7
1204970 1393.2
1204980 1393.2
1204990 1386.8
1205000 1384.9
1205010 1384.9
1205020 1387.7
1205030 1384.8
1205040 1384.8
1205050 1380.1
1205060 1375.2
1205070 1375.2
1205080 1370.3
1205090 1364.0
1205100 1364.0
1205110 1358.0
1205120 1342.8
1205130 1342.8
1205140 1335.9
1205150 1328.7
1205160 1328.7
1205170 1325.3
1205180 1320.8
1205190 1308.5
1205200 1308.5
1205210 1294.9
1205220 1286.2
1205230 1286.2
1205240 1282.1
1205250 1276.7
1205260 1276.7
1205270 1269.4
1205280 1261.8
1205290 1261.8
1205300 1255.1
1205310 1248.5
1205320 1248.5
1205330 1242.3
1205340 1235.3
1205350 1235.3
1205360 1228.6
1205370 1224.9
1205380 1224.9
1205390 1220.2
1205400 1214.7
1205410 1214.7
1205420 1213.0
1205430 1214.2
1205440 1214.2
1205450 1207.5
1205460 1191.3
1205470 1191.3
1205480 1180.7
1205490 1172.7
1205500 1172.7
1205510 1165.7
1205520 1159.6
1205530 1159.6
1205540 1155.1
1205550 1150.9
1205560 1146.3
1205570 1150.8
1205580 1145.3
1205590 1139.7
1205600 1139.7
1205610 1133.9
1205620 1127.9
1205630 1127.9
1205640 1121.6
1205650 1115.2
1205660 1115.2
1205670 1109.6
1205680 1105.0
1205690 1105.0
1205700 1100.7
1205710 1096.5
1205720 1096.5
1205730 1094.3
1205740 1090.7
1205750 1090.7
1205760 1087.1
1205770 1083.5
1205780 1083.5
1205790 1079.6
1205800 1076.2
1205810 1076.2
1205820 1072.9
1205830 1070.0
1205840 1070.0
1205850 1067.0
1205860 1064.0
1205870 1064.0
1205880 1061.1
1205890 1058.3
1205900 1055.6
1205910 1055.6
1205920 1052.9
1205930 1050.1
1205940 1050.1
1205950 1047.9
1205960 1045.7
1205970 1045.7
1205980 1043.3
1205990 1041.1
1206000 1041.1
1206010 1039.0
1206020 1037.2
1206030 1036.2
1206040 1034.3
1206050 1032.6
1206060 1032.6
1206070 1030.9
1206080 1029.5
1206090 1029.5
1206100 1028.3
1206110 1027.2
1206120 1027.2
1206130 1025.9
1206140 1024.3
1206150 1024.3
1206160 1022.9
1206170 1022.2
1206180 1022.2
1206190 1021.3
1206200 1020.5
1206210 1020.5
1206220 1019.0
1206230 1017.1
1206240 1014.7
1206250 1014.7
1206260 1011.7
1206270 1008.3
1206280 1008.3
1206290 1005.9
1206300 1005.2
1206310 1005.2
1206320 1000.8
1206330 995.9
1206340 995.9
1206350 993.8
1206360 991.7
1206370 991.7
1206380 991.5
1206390 989.1
1206400 989.1
1206410 988.0
1206420 987.8
1206430 987.8
1206440 988.1
1206450 988.1
1206460 988.1
1206470 989.0
1206480 991.1
1206490 992.0
1206500 992.5
1206510 990.4
1206520 990.4
1206530 990.2
1206540 990.8
1206550 990.8
1206560 991.4
1206570 992.0
1206580 992.4
1206590 992.4
1206600 992.8
1206610 992.8
1206620 992.8
1206630 992.5
1206640 992.2
1206650 992.2
1206660 992.2
1206670 992.1
1206680 992.1
1206690 992.0
1206700 991.8
1206710 991.8
1206720 991.6
1206730 991.6
1206740 991.6
1206750 991.5
1206760 991.4
1206770 991.4
1206780 991.2
1206790 991.2
1206800 991.2
1206810 991.2
1206820 991.2
1206830 991.2
1206840 991.3
1206850 991.2
1206860 991.2
1206870 991.0
1206880 990.7
1206890 990.7
1206900 990.7
1206910 990.6
1206920 990.6
1206930 990.6
1206940 990.2
1206950 990.2
1206960 990.2
1206970 990.2
1206980 990.1
1206990 990.1
1207000 990.6
1207010 994.8
1207020 994.8
1207030 997.9
1207040 998.8
1207050 998.8
1207060 999.1
1207070 999.2
1207080 999.2
1207090 999.4
1207100 999.6
1207110 999.6
1207120 999.6
1207130 1000.0
1207140 1000.0
1207150 1001.9
1207160 1004.9
1207170 1004.9
1207180 1008.7
1207190 1012.8
1207200 1012.8
1207210 1017.2
1207220 1021.4
1207230 1021.4
1207240 1025.9
1207250 1030.4
1207260 1034.7
1207270 1034.7
1207280 1038.9
1207290 1043.1
1207300 1043.1
1207310 1047.9
1207320 1052.7
1207330 1052.7
1207340 1057.4
1207350 1062.2
1207360 1062.2
1207370 1067.7
1207380 1073.1
1207390 1073.1
1207400 1078.4
1207410 1075.8
1207420 1075.8
1207430 1076.8
1207440 1077.4
1207450 1077.4
1207460 1080.7
1207470 1084.7
1207480 1084.7
1207490 1089.0
1207500 1095.5
1207510 1095.5
1207520 1106.0
1207530 1115.9
1207540 1115.9
1207550 1128.9
1207560 1137.1
1207570 1137.1
1207580 1141.2
1207590 1148.3
1207600 1148.3
1207610 1157.4
1207620 1164.9
1207630 1171.5
1207640 1171.5
1207650 1179.4
1207660 1188.6
1207670 1188.6
1207680 1195.6
1207690 1202.8
1207700 1202.8
1207710 1211.0
1207720 1218.7
1207730 1218.7
1207740 1225.5
1207750 1232.2
1207760 1232.2
1207770 1238.4
1207780 1244.5
1207790 1244.5
1207800 1251.3
1207810 1258.2
1207820 1258.2
1207830 1264.6
1207840 1270.6
1207850 1270.6
1207860 1276.2
1207870 1279.9
1207880 1279.9
1207890 1287.6
1207900 1294.9
1207910 1294.9
1207920 1302.1
1207930 1310.5
1207940 1310.5
1207950 1320.1
1207960 1330.1
1207970 1336.7
1207980 1336.7
1207990 1340.8
1208000 1346.8
1208010 1346.8
1208020 1353.9
1208030 1360.0
1208040 1360.0
1208050 1362.8
1208060 1367.5
1208070 1367.5
1208080 1373.7
1208090 1380.6
1208100 1380.6
1208110 1388.3
1208120 1395.1
1208130 1395.1
1208140 1401.8
1208150 1407.7
1208160 1407.7
1208170 1414.7
1208180 1420.5
1208190 1420.5
1208200 1425.1
1208210 1429.6
1208220 1429.6
1208230 1433.9
1208240 1438.3
1208250 1438.3
1208260 1443.1
1208270 1448.9
1208280 1448.9
1208290 1454.6
1208300 1460.0
1208310 1465.9
1208320 1465.9
1208330 1468.2
1208340 1472.8
1208350 1472.8
1208360 1477.5
1208370 1482.1
1208380 1482.1
1208390 1485.8
1208400 1488.7
1208410 1488.7
1208420 1490.7
1208430 1493.1
1208440 1493.1
1208450 1495.7
1208460 1498.5
1208470 1498.5
1208480 1501.3
1208490 1504.4
1208500 1504.4
1208510 1508.6
1208520 1512.3
1208530 1512.3
1208540 1515.7
1208550 1518.4
1208560 1518.4
1208570 1520.6
1208580 1522.7
1208590 1522.7
1208600 1524.1
1208610 1524.5
1208620 1524.5
1208630 1524.6
1208640 1524.4
1208650 1523.5
1208660 1523.5
1208670 1522.3
1208680 1521.4
1208690 1521.4
1208700 1519.0
1208710 1514.3
1208720 1514.3
1208730 1506.2
1208740 1496.3
1208750 1496.3
1208760 1488.5
1208770 1483.2
1208780 1483.2
1208790 1472.8
1208800 1471.2
1208810 1471.2
1208820 1466.2
1208830 1461.7
1208840 1461.7
1208850 1458.6
1208860 1459.4
1208870 1459.4
1208880 1459.7
1208890 1461.5
1208900 1461.5
1208910 1462.8
1208920 1465.3
1208930 1465.3
1208940 1468.0
1208950 1470.2
1208960 1470.2
1208970 1471.3
1208980 1472.1
1208990 1472.9
1209000 1472.9
1209010 1474.0
1209020 1474.9
1209030 1474.9
1209040 1476.1
1209050 1477.5
1209060 1477.5
1209070 1477.3
1209080 1476.4
1209090 1476.4
1209100 1475.8
1209110 1476.3
1209120 1476.3
1209130 1477.2
1209140 1477.9
1209150 1477.9
1209160 1478.1
1209170 1477.9
1209180 1477.9
1209190 1477.6
1209200 1476.3
1209210 1476.3
1209220 1474.0
1209230 1471.8
1209240 1471.8
1209250 1468.3
1209260 1456.5
1209270 1456.5
1209280 1452.4
1209290 1448.4
1209300 1448.4
1209310 1444.8
1209320 1441.3
1209330 1437.9
1209340 1437.9
1209350 1434.0
1209360 1429.2
1209370 1429.2
1209380 1423.7
1209390 1418.3
1209400 1418.3
1209410 1413.7
1209420 1409.0
1209430 1409.0
1209440 1402.4
1209450 1395.7
1209460 1395.7
1209470 1388.7
1209480 1381.9
1209490 1381.9
1209500 1376.1
1209510 1371.5
1209520 1371.5
1209530 1366.9
1209540 1361.3
1209550 1361.3
1209560 1354.6
1209570 1348.7
1209580 1348.7
1209590 1342.4
1209600 1335.9
1209610 1335.9
1209620 1332.1
1209630 1327.0
1209640 1327.0
1209650 1319.5
1209660 1310.7
1209670 1301.2
1209680 1301.2
1209690 1294.2
1209700 1286.6
1209710 1286.6
1209720 1265.1
1209730 1253.6
1209740 1253.6
1209750 1246.8
1209760 1238.3
1209770 1238.3
1209780 1229.1
1209790 1220.8
1209800 1220.8
1209810 1213.5
1209820 1206.5
1209830 1206.5
1209840 1198.0
1209850 1189.9
1209860 1189.9
1209870 1181.5
1209880 1172.7
1209890 1172.7
1209900 1164.3
1209910 1157.1
1209920 1157.1
1209930 1151.6
1209940 1145.5
1209950 1145.5
1209960 1135.3
1209970 1123.8
1209980 1123.8
1209990 1117.5
1210000 1114.2
1210010 1114.2
1210020 1109.9
1210030 1101.1
1210040 1090.8
1210050 1090.8
1210060 1080.8
1210070 1072.5
1210080 1072.5
1210090 1062.7
1210100 1053.6
1210110 1053.6
1210120 1043.5
1210130 1030.1
1210140 1030.1
1210150 1014.4
1210160 1012.7
1210170 1012.7
1210180 1023.7
1210190 1047.4
1210200 1047.4
1210210 1058.7
1210220 1065.5
1210230 1065.5
1210240 1073.6
1210250 1081.7
1210260 1081.7
1210270 1090.4
1210280 1099.5
1210290 1099.5
1210300 1108.3
1210310 1116.8
1210320 1116.8
1210330 1124.0
1210340 1130.8
1210350 1130.8
1210360 1137.2
1210370 1144.0
1210380 1151.1
1210390 1151.1
1210400 1158.1
1210410 1165.0
1210420 1165.0
1210430 1171.7
1210440 1175.3
1210450 1175.3
1210460 1175.6
1210470 1177.9
1210480 1177.9
1210490 1178.5
1210500 1178.6
1210510 1178.6
1210520 1182.8
1210530 1182.6
1210540 1182.6
1210550 1181.2
1210560 1181.5
1210570 1181.5
1210580 1182.5
1210590 1180.5
1210600 1180.5
1210610 1182.8
1210620 1192.0
1210630 1192.0
1210640 1201.5
1210650 1211.8
1210660 1211.8
1210670 1221.9
1210680 1231.6
1210690 1231.6
1210700 1240.9
1210710 1249.3
1210720 1258.9
1210730 1258.9
1210740 1265.8
1210750 1275.4
1210760 1275.4
1210770 1287.8
1210780 1299.0
1210790 1299.0
1210800 1307.7
1210810 1316.6
1210820 1316.6
