1200000 1227.9
1200010 1227.9
1200020 1226.8
1200030 1222.5
1200040 1222.5
1200050 1216.7
1200060 1210.8
1200070 1210.8
1200080 1204.2
1200090 1195.2
1200100 1195.2
1200110 1183.3
1200120 1170.6
1200130 1170.6
1200140 1161.5
1200150 1157.8
1200160 1157.8
1200170 1144.5
1200180 1136.5
1200190 1136.5
1200200 1142.1
1200210 1149.7
1200220 1149.7
1200230 1158.5
1200240 1165.6
1200250 1171.0
1200260 1171.0
1200270 1174.1
1200280 1176.6
1200290 1176.6
1200300 1183.9
1200310 1191.9
1200320 1191.9
1200330 1194.8
1200340 1195.4
1200350 1195.4
1200360 1197.0
1200370 1198.3
1200380 1198.3
1200390 1200.2
1200400 1201.9
1200410 1201.9
1200420 1201.8
1200430 1197.9
1200440 1197.9
1200450 1197.0
1200460 1202.2
1200470 1202.2
1200480 1204.7
1200490 1205.9
1200500 1205.9
1200510 1207.1
1200520 1207.6
1200530 1207.6
1200540 1208.3
1200550 1208.3
1200560 1208.3
1200570 1206.8
1200580 1204.7
1200590 1203.8
1200600 1203.8
1200610 1205.3
1200620 1206.1
1200630 1206.1
1200640 1206.3
1200650 1207.9
1200660 1207.9
1200670 1207.0
1200680 1205.6
1200690 1205.6
1200700 1206.7
1200710 1206.4
1200720 1206.4
1200730 1205.7
1200740 1203.3
1200750 1203.3
1200760 1200.7
1200770 1203.2
1200780 1203.2
1200790 1203.8
1200800 1204.8
1200810 1204.8
1200820 1205.8
1200830 1206.5
1200840 1206.5
1200850 1206.5
1200860 1205.7
1200870 1205.7
1200880 1204.7
1200890 1204.2
1200900 1198.6
1200910 1198.5
1200920 1199.1
1200930 1199.1
1200940 1199.3
1200950 1199.3
1200960 1197.3
1200970 1197.3
1200980 1195.4
1200990 1193.8
1201000 1193.8
1201010 1192.4
1201020 1188.9
1201030 1188.9
1201040 1187.8
1201050 1187.8
1201060 1187.8
1201070 1187.3
1201080 1187.3
1201090 1187.3
1201100 1185.5
1201110 1183.7
1201120 1183.7
1201130 1184.7
1201140 1187.9
1201150 1187.9
1201160 1188.4
1201170 1185.6
1201180 1185.6
1201190 1180.6
1201200 1176.2
1201210 1176.2
1201220 1174.9
1201230 1174.7
1201240 1174.7
1201250 1176.7
1201260 1177.3
1201270 1177.3
1201280 1174.5
1201290 1175.3
1201300 1183.2
1201310 1183.2
1201320 1187.0
1201330 1186.2
1201340 1186.2
1201350 1181.7
1201360 1172.3
1201370 1172.3
1201380 1170.2
1201390 1174.8
1201400 1174.8
1201410 1182.8
1201420 1188.6
1201430 1188.6
1201440 1190.4
1201450 1189.8
1201460 1189.8
1201470 1187.9
1201480 1188.1
1201490 1188.1
1201500 1189.2
1201510 1189.7
1201520 1189.7
1201530 1189.6
1201540 1187.7
1201550 1187.7
1201560 1189.3
1201570 1190.2
1201580 1190.2
1201590 1191.6
1201600 1193.4
1201610 1193.4
1201620 1194.3
1201630 1194.0
1201640 1194.0
1201650 1194.0
1201660 1194.2
1201670 1195.4
1201680 1195.4
1201690 1195.7
1201700 1196.7
1201710 1196.7
1201720 1197.1
1201730 1197.8
1201740 1197.8
1201750 1196.4
1201760 1197.0
1201770 1197.0
1201780 1199.0
1201790 1200.3
1201800 1200.3
1201810 1194.1
1201820 1191.9
1201830 1191.9
1201840 1188.6
1201850 1188.9
1201860 1188.9
1201870 1190.9
1201880 1190.2
1201890 1190.2
1201900 1187.1
1201910 1185.0
1201920 1185.0
1201930 1183.4
1201940 1181.9
1201950 1181.9
1201960 1179.7
1201970 1176.9
1201980 1176.9
1201990 1175.1
1202000 1177.3
1202010 1175.5
1202020 1175.5
1202030 1171.3
1202040 1166.7
1202050 1166.7
1202060 1161.4
1202070 1155.0
1202080 1155.0
1202090 1146.6
1202100 1136.7
1202110 1136.7
1202120 1125.1
1202130 1116.3
1202140 1116.3
1202150 1112.5
1202160 1115.7
1202170 1115.7
1202180 1123.8
1202190 1131.4
1202200 1131.4
1202210 1143.3
1202220 1152.8
1202230 1152.8
1202240 1158.4
1202250 1164.9
1202260 1167.7
1202270 1170.9
1202280 1172.4
1202290 1172.4
1202300 1172.7
1202310 1172.3
1202320 1172.3
1202330 1174.5
1202340 1178.9
1202350 1183.3
1202360 1183.3
1202370 1185.3
1202380 1186.0
1202390 1186.0
1202400 1186.9
1202410 1187.9
1202420 1187.9
1202430 1188.9
1202440 1190.0
1202450 1190.0
1202460 1191.6
1202470 1192.8
1202480 1192.8
1202490 1190.9
1202500 1186.8
1202510 1186.8
1202520 1186.1
1202530 1187.3
1202540 1187.3
1202550 1186.6
1202560 1187.9
1202570 1187.9
1202580 1191.8
1202590 1192.6
1202600 1192.6
1202610 1189.0
1202620 1188.1
1202630 1188.1
1202640 1191.3
1202650 1194.3
1202660 1194.3
1202670 1196.1
1202680 1195.8
1202690 1195.8
1202700 1194.4
1202710 1191.8
1202720 1194.4
1202730 1194.4
1202740 1196.0
1202750 1195.1
1202760 1195.1
1202770 1190.0
1202780 1183.3
1202790 1183.3
1202800 1179.0
1202810 1175.4
1202820 1175.4
1202830 1178.9
1202840 1185.5
1202850 1185.5
1202860 1190.3
1202870 1192.6
1202880 1192.6
1202890 1193.3
1202900 1193.6
1202910 1193.6
1202920 1194.9
1202930 1196.2
1202940 1196.2
1202950 1197.7
1202960 1202.0
1202970 1202.0
1202980 1204.6
1202990 1204.0
1203000 1204.0
1203010 1204.2
1203020 1205.6
1203030 1205.6
1203040 1206.1
1203050 1204.6
1203060 1204.9
1203070 1204.9
1203080 1208.1
1203090 1210.7
1203100 1210.7
1203110 1213.1
1203120 1215.6
1203130 1215.6
1203140 1217.4
1203150 1219.4
1203160 1219.4
1203170 1222.2
1203180 1223.8
1203190 1223.8
1203200 1224.4
1203210 1225.5
1203220 1225.5
1203230 1227.3
1203240 1227.7
1203250 1227.7
1203260 1227.8
1203270 1228.6
1203280 1228.6
1203290 1229.9
1203300 1230.9
1203310 1230.9
1203320 1229.5
1203330 1226.9
1203340 1226.9
1203350 1226.5
1203360 1225.4
1203370 1225.4
1203380 1225.5
1203390 1227.4
1203400 1229.9
1203410 1229.9
1203420 1232.3
1203430 1235.5
1203440 1235.5
1203450 1235.1
1203460 1237.4
1203470 1237.4
1203480 1240.2
1203490 1239.3
1203500 1239.3
1203510 1237.2
1203520 1243.2
1203530 1243.2
1203540 1247.5
1203550 1249.7
1203560 1249.7
1203570 1251.7
1203580 1253.6
1203590 1253.6
1203600 1256.4
1203610 1260.1
1203620 1254.4
1203630 1257.2
1203640 1261.9
1203650 1261.9
1203660 1267.7
1203670 1274.4
1203680 1274.4
1203690 1278.6
1203700 1280.6
1203710 1280.6
1203720 1281.4
1203730 1283.4
1203740 1283.4
1203750 1287.1
1203760 1291.3
1203770 1296.0
1203780 1296.0
1203790 1300.3
1203800 1302.9
1203810 1302.9
1203820 1306.2
1203830 1309.3
1203840 1309.3
1203850 1311.5
1203860 1313.7
1203870 1313.7
1203880 1315.4
1203890 1317.2
1203900 1317.2
1203910 1319.2
1203920 1321.2
1203930 1321.2
1203940 1322.3
1203950 1322.8
1203960 1322.8
1203970 1324.6
1203980 1327.6
1203990 1327.6
1204000 1331.0
1204010 1334.5
1204020 1334.5
1204030 1338.0
1204040 1341.8
1204050 1341.8
1204060 1345.7
1204070 1349.7
1204080 1344.3
1204090 1347.6
1204100 1351.5
1204110 1354.1
1204120 1354.1
1204130 1356.7
1204140 1360.1
1204150 1360.1
1204160 1363.2
1204170 1366.2
1204180 1366.2
1204190 1368.0
1204200 1372.7
1204210 1372.7
1204220 1379.2
1204230 1384.0
1204240 1384.0
1204250 1388.0
1204260 1391.2
1204270 1391.2
1204280 1395.9
1204290 1400.5
1204300 1400.5
1204310 1407.1
1204320 1414.4
1204330 1414.4
1204340 1421.8
1204350 1429.1
1204360 1429.1
1204370 1435.5
1204380 1441.0
1204390 1441.0
1204400 1446.0
1204410 1451.7
1204420 1451.7
1204430 1457.1
1204440 1461.0
1204450 1461.0
1204460 1464.5
1204470 1467.1
1204480 1469.5
1204490 1469.5
1204500 1473.1
1204510 1476.2
1204520 1476.2
1204530 1476.4
1204540 1477.9
1204550 1477.9
1204560 1478.8
1204570 1479.3
1204580 1479.3
1204590 1478.8
1204600 1478.5
1204610 1478.5
1204620 1478.2
1204630 1477.6
1204640 1477.6
1204650 1478.7
1204660 1480.9
1204670 1480.9
1204680 1482.6
1204690 1484.4
1204700 1484.4
1204710 1485.9
1204720 1487.2
1204730 1487.2
1204740 1488.1
1204750 1488.8
1204760 1488.8
1204770 1489.2
1204780 1489.3
1204790 1489.3
1204800 1489.0
1204810 1489.0
1204820 1488.9
1204830 1488.9
1204840 1488.4
1204850 1488.0
1204860 1488.0
1204870 1487.7
1204880 1487.1
1204890 1487.1
1204900 1486.6
1204910 1486.3
1204920 1486.3
1204930 1485.9
1204940 1486.3
1204950 1486.3
1204960 1486.5
1204970 1486.5
1204980 1486.5
1204990 1491.0
1205000 1491.4
1205010 1491.4
1205020 1492.0
1205030 1492.7
1205040 1492.7
1205050 1494.1
1205060 1495.8
1205070 1495.8
1205080 1496.6
1205090 1496.8
1205100 1496.8
1205110 1497.8
1205120 1500.1
1205130 1500.1
1205140 1502.6
1205150 1503.6
1205160 1505.2
1205170 1505.2
1205180 1507.1
1205190 1509.1
1205200 1509.1
1205210 1510.0
1205220 1512.0
1205230 1512.0
1205240 1514.7
1205250 1517.1
1205260 1517.1
1205270 1518.7
1205280 1519.8
1205290 1519.8
1205300 1521.8
1205310 1524.1
1205320 1524.1
1205330 1526.5
1205340 1528.9
1205350 1528.9
1205360 1530.7
1205370 1532.5
1205380 1532.5
1205390 1534.5
1205400 1536.9
1205410 1536.9
1205420 1540.2
1205430 1544.1
1205440 1544.1
1205450 1551.0
1205460 1552.3
1205470 1552.3
1205480 1551.5
1205490 1550.2
1205500 1550.2
1205510 1549.5
1205520 1549.1
1205530 1548.2
1205540 1548.2
1205550 1546.9
1205560 1546.7
1205570 1546.7
1205580 1546.9
1205590 1546.7
1205600 1546.7
1205610 1546.3
1205620 1544.8
1205630 1544.8
1205640 1543.8
1205650 1542.4
1205660 1542.4
1205670 1542.0
1205680 1542.5
1205690 1542.5
1205700 1542.1
1205710 1540.5
1205720 1540.5
1205730 1538.3
1205740 1536.8
1205750 1536.8
1205760 1534.8
1205770 1532.2
1205780 1532.2
1205790 1530.0
1205800 1527.3
1205810 1527.3
1205820 1524.2
1205830 1520.5
1205840 1520.5
1205850 1516.4
1205860 1513.3
1205870 1508.1
1205880 1508.1
1205890 1502.5
1205900 1493.3
1205910 1493.3
1205920 1487.5
1205930 1479.3
1205940 1479.3
1205950 1470.4
1205960 1462.1
1205970 1462.1
1205980 1452.0
1205990 1440.8
1206000 1440.8
1206010 1429.0
1206020 1419.8
1206030 1419.8
1206040 1412.8
1206050 1405.7
1206060 1405.7
1206070 1397.1
1206080 1389.1
1206090 1389.1
1206100 1378.7
1206110 1367.0
1206120 1367.0
1206130 1357.8
1206140 1350.0
1206150 1350.0
1206160 1341.0
1206170 1331.7
1206180 1331.7
1206190 1323.7
1206200 1314.3
1206210 1305.5
1206220 1305.5
1206230 1300.6
1206240 1296.2
1206250 1296.2
1206260 1292.6
1206270 1286.7
1206280 1286.7
1206290 1281.8
1206300 1278.1
1206310 1278.1
1206320 1276.6
1206330 1270.3
1206340 1270.3
1206350 1261.6
1206360 1251.5
1206370 1251.5
1206380 1244.1
1206390 1236.8
1206400 1236.8
1206410 1229.3
1206420 1221.8
1206430 1221.8
1206440 1215.0
1206450 1207.4
1206460 1207.4
1206470 1198.5
1206480 1189.8
1206490 1189.8
1206500 1182.4
1206510 1175.9
1206520 1175.9
1206530 1168.8
1206540 1160.2
1206550 1160.2
1206560 1149.0
1206570 1139.5
1206580 1132.8
1206590 1132.8
1206600 1125.8
1206610 1117.7
1206620 1117.7
1206630 1108.6
1206640 1099.9
1206650 1099.9
1206660 1091.7
1206670 1083.7
1206680 1083.7
1206690 1074.9
1206700 1066.9
1206710 1066.9
1206720 1059.5
1206730 1052.3
1206740 1052.3
1206750 1044.7
1206760 1036.6
1206770 1036.6
1206780 1028.4
1206790 1022.5
1206800 1022.5
1206810 1021.6
1206820 1021.0
1206830 1021.0
1206840 1019.4
1206850 1019.9
1206860 1019.9
1206870 1021.3
1206880 1022.0
1206890 1022.0
1206900 1022.5
1206910 1023.6
1206920 1025.6
1206930 1025.6
1206940 1028.5
1206950 1032.1
1206960 1032.1
1206970 1035.9
1206980 1040.1
1206990 1040.1
1207000 1046.1
1207010 1055.9
1207020 1055.9
1207030 1066.0
1207040 1075.0
1207050 1075.0
1207060 1082.7
1207070 1088.7
1207080 1088.7
1207090 1096.3
1207100 1103.9
1207110 1103.9
1207120 1112.2
1207130 1119.4
1207140 1119.4
1207150 1126.8
1207160 1134.3
1207170 1134.3
1207180 1144.7
1207190 1152.7
1207200 1152.7
1207210 1161.3
1207220 1170.8
1207230 1170.8
1207240 1187.8
1207250 1211.0
1207260 1211.0
1207270 1220.3
1207280 1210.4
1207290 1215.4
1207300 1215.4
1207310 1223.6
1207320 1233.0
1207330 1233.0
1207340 1243.2
1207350 1254.2
1207360 1254.2
1207370 1263.0
1207380 1274.1
1207390 1274.1
1207400 1291.0
1207410 1303.9
1207420 1303.9
1207430 1312.9
1207440 1323.7
1207450 1323.7
1207460 1335.0
1207470 1343.3
1207480 1343.3
1207490 1351.7
1207500 1361.1
1207510 1361.1
1207520 1370.8
1207530 1380.7
1207540 1380.7
1207550 1388.4
1207560 1394.8
1207570 1394.8
1207580 1403.8
1207590 1412.7
1207600 1412.7
1207610 1418.7
1207620 1428.0
1207630 1440.1
1207640 1440.1
1207650 1456.5
1207660 1465.3
1207670 1465.3
1207680 1486.9
1207690 1506.8
1207700 1506.8
1207710 1521.3
1207720 1524.5
1207730 1524.5
1207740 1532.0
1207750 1529.5
1207760 1529.5
1207770 1527.0
1207780 1523.8
1207790 1523.8
1207800 1524.9
1207810 1527.4
1207820 1527.4
1207830 1530.8
1207840 1532.0
1207850 1532.0
1207860 1530.2
1207870 1526.8
1207880 1526.8
1207890 1523.2
1207900 1520.1
1207910 1520.1
1207920 1516.3
1207930 1512.5
1207940 1512.5
1207950 1508.7
1207960 1504.7
1207970 1501.3
1207980 1501.3
1207990 1498.2
1208000 1494.9
1208010 1494.9
1208020 1490.9
1208030 1487.1
1208040 1487.1
1208050 1488.2
1208060 1493.4
1208070 1493.4
1208080 1498.7
1208090 1503.5
1208100 1503.5
1208110 1507.8
1208120 1511.8
1208130 1511.8
1208140 1514.8
1208150 1516.6
1208160 1516.6
1208170 1518.0
1208180 1518.5
1208190 1518.5
1208200 1519.2
1208210 1522.4
1208220 1522.4
1208230 1522.7
1208240 1521.9
1208250 1521.9
1208260 1521.5
1208270 1520.5
1208280 1520.5
1208290 1521.3
1208300 1522.3
1208310 1522.3
1208320 1522.8
1208330 1523.8
1208340 1524.8
1208350 1524.8
1208360 1524.7
1208370 1523.0
1208380 1523.0
1208390 1522.3
1208400 1523.7
1208410 1523.7
1208420 1526.2
1208430 1526.7
1208440 1526.7
1208450 1526.5
1208460 1524.8
1208470 1524.8
1208480 1523.9
1208490 1522.7
1208500 1522.7
1208510 1523.0
1208520 1524.3
1208530 1524.3
1208540 1525.2
1208550 1524.5
1208560 1524.5
1208570 1520.4
1208580 1523.3
1208590 1523.3
1208600 1527.8
1208610 1529.7
1208620 1529.7
1208630 1529.3
1208640 1530.6
1208650 1530.6
1208660 1531.1
1208670 1534.9
1208680 1535.4
1208690 1535.4
1208700 1536.9
1208710 1538.8
1208720 1538.8
1208730 1540.9
1208740 1545.6
1208750 1545.6
1208760 1548.4
1208770 1549.6
1208780 1549.6
1208790 1552.6
1208800 1556.1
1208810 1556.1
1208820 1558.8
1208830 1561.1
1208840 1561.1
1208850 1563.4
1208860 1564.2
1208870 1564.2
1208880 1564.6
1208890 1566.8
1208900 1566.8
1208910 1569.2
1208920 1570.2
1208930 1570.2
1208940 1571.4
1208950 1571.4
1208960 1571.4
1208970 1570.0
1208980 1569.2
1208990 1569.2
1209000 1569.2
1209010 1569.9
1209020 1570.5
1209030 1570.5
1209040 1570.9
1209050 1571.6
1209060 1571.6
1209070 1572.1
1209080 1572.2
1209090 1572.2
1209100 1572.0
1209110 1571.5
1209120 1571.5
1209130 1569.1
1209140 1570.1
1209150 1570.1
1209160 1569.1
1209170 1567.4
1209180 1567.4
1209190 1567.7
1209200 1567.8
1209210 1567.8
1209220 1567.5
1209230 1567.9
1209240 1567.9
1209250 1567.8
1209260 1564.5
1209270 1564.5
1209280 1559.1
1209290 1562.3
1209300 1562.3
1209310 1568.6
1209320 1572.3
1209330 1572.3
1209340 1575.1
1209350 1578.7
1209360 1578.7
1209370 1581.5
1209380 1583.6
1209390 1586.2
1209400 1586.2
1209410 1588.9
1209420 1590.5
1209430 1590.5
1209440 1592.6
1209450 1595.1
1209460 1595.1
1209470 1595.8
1209480 1593.9
1209490 1593.9
1209500 1590.9
1209510 1589.4
1209520 1589.4
1209530 1594.2
1209540 1602.3
1209550 1602.3
1209560 1608.7
1209570 1611.0
1209580 1611.0
1209590 1612.9
1209600 1613.4
1209610 1613.4
1209620 1618.0
1209630 1624.9
1209640 1624.9
1209650 1632.2
1209660 1638.2
1209670 1638.2
1209680 1641.2
1209690 1644.5
1209700 1644.5
1209710 1649.5
1209720 1656.1
1209730 1659.8
1209740 1659.8
1209750 1659.2
1209760 1649.1
1209770 1649.1
1209780 1637.5
1209790 1627.0
1209800 1627.0
1209810 1621.8
1209820 1619.3
1209830 1619.3
1209840 1607.6
1209850 1590.4
1209860 1590.4
1209870 1579.6
1209880 1569.7
1209890 1569.7
1209900 1549.9
1209910 1525.1
1209920 1525.1
1209930 1506.5
1209940 1501.5
1209950 1501.5
1209960 1499.2
1209970 1490.7
1209980 1490.7
1209990 1491.8
1210000 1498.0
1210010 1498.0
1210020 1507.4
1210030 1514.1
1210040 1514.1
1210050 1515.7
1210060 1491.6
1210070 1498.8
1210080 1498.8
1210090 1492.1
1210100 1479.5
1210110 1479.5
1210120 1480.8
1210130 1483.5
1210140 1483.5
1210150 1486.9
1210160 1491.4
1210170 1491.4
1210180 1498.3
1210190 1505.4
1210200 1505.4
1210210 1513.0
1210220 1515.8
1210230 1515.8
1210240 1517.4
1210250 1518.8
1210260 1518.8
1210270 1512.2
1210280 1500.2
1210290 1500.2
1210300 1490.4
1210310 1476.6
1210320 1476.6
1210330 1443.3
1210340 1411.2
1210350 1411.2
1210360 1414.3
1210370 1424.2
1210380 1424.2
1210390 1433.6
1210400 1445.6
1210410 1445.6
1210420 1456.1
1210430 1467.5
1210440 1475.3
1210450 1475.3
1210460 1471.1
1210470 1466.9
1210480 1466.9
1210490 1466.7
1210500 1462.7
1210510 1462.7
1210520 1457.2
1210530 1444.2
1210540 1444.2
1210550 1431.5
1210560 1423.0
1210570 1423.0
1210580 1414.9
1210590 1408.0
1210600 1408.0
1210610 1401.8
1210620 1395.6
1210630 1395.6
1210640 1387.0
1210650 1381.9
1210660 1381.9
1210670 1383.5
1210680 1378.9
1210690 1378.9
1210700 1371.7
1210710 1367.4
1210720 1367.4
1210730 1365.2
1210740 1360.5
1210750 1360.5
1210760 1354.2
1210770 1345.5
1210780 1335.8
1210790 1335.8
1210800 1327.9
1210810 1326.3
1210820 1326.3
1210830 1329.3
1210840 1327.5
1210850 1327.5
1210860 1321.7
1210870 1314.5
1210880 1314.5
1210890 1307.9
1210900 1296.1
1210910 1296.1
1210920 1285.4
1210930 1275.7
1210940 1275.7
1210950 1266.5
1210960 1257.3
1210970 1257.3
1210980 1255.5
1210990 1269.8
1211000 1266.4
1211010 1281.2
1211020 1273.9
1211030 1273.9
1211040 1258.7
1211050 1252.0
1211060 1252.0
1211070 1250.1
1211080 1261.0
1211090 1261.0
1211100 1270.2
1211110 1288.8
1211120 1288.8
1211130 1298.3
1211140 1305.0
1211150 1309.9
1211160 1309.9
1211170 1313.6
1211180 1315.0
1211190 1315.0
1211200 1314.2
1211210 1313.6
1211220 1313.6
1211230 1312.9
1211240 1311.1
1211250 1311.1
1211260 1308.8
1211270 1306.1
1211280 1306.1
1211290 1303.1
1211300 1300.5
1211310 1300.5
1211320 1299.2
1211330 1298.1
1211340 1298.1
1211350 1296.3
1211360 1293.9
1211370 1293.9
1211380 1291.7
1211390 1288.2
1211400 1288.2
1211410 1285.0
1211420 1283.2
1211430 1283.2
1211440 1283.4
1211450 1282.7
1211460 1277.0
1211470 1272.5
1211480 1266.9
1211490 1261.4
1211500 1261.4
1211510 1257.5
1211520 1252.8
1211530 1252.8
1211540 1251.0
1211550 1252.5
1211560 1252.5
1211570 1258.3
1211580 1261.7
1211590 1261.7
1211600 1261.5
1211610 1262.8
1211620 1262.8
1211630 1264.6
1211640 1263.7
1211650 1263.7
1211660 1260.4
1211670 1250.9
1211680 1250.9
1211690 1243.2
1211700 1240.4
1211710 1240.4
1211720 1239.9
1211730 1237.7
1211740 1237.7
1211750 1231.3
1211760 1226.4
1211770 1226.4
1211780 1224.6
1211790 1230.2
1211800 1230.2
1211810 1240.2
1211820 1245.6
1211830 1248.4
1211840 1248.4
1211850 1238.4
1211860 1234.7
1211870 1234.7
1211880 1237.7
1211890 1246.0
1211900 1246.0
1211910 1255.4
1211920 1263.5
1211930 1270.1
1211940 1274.0
1211950 1274.1
1211960 1274.1
1211970 1272.0
1211980 1273.3
1211990 1273.3
1212000 1279.8
1212010 1282.0
1212020 1282.0
1212030 1284.6
1212040 1283.9
1212050 1283.9
1212060 1286.1
1212070 1289.8
1212080 1289.8
1212090 1294.4
1212100 1292.7
1212110 1292.7
1212120 1298.9
1212130 1305.9
1212140 1305.9
1212150 1312.7
1212160 1320.5
1212170 1320.5
1212180 1324.4
1212190 1329.8
1212200 1338.0
1212210 1338.0
1212220 1338.7
1212230 1334.9
1212240 1334.9
1212250 1334.8
1212260 1335.8
1212270 1335.8
1212280 1340.6
1212290 1353.0
1212300 1353.0
1212310 1366.3
1212320 1374.4
1212330 1374.4
1212340 1381.5
1212350 1389.6
1212360 1389.6
1212370 1398.8
1212380 1408.2
1212390 1408.2
1212400 1417.6
1212410 1423.6
1212420 1423.6
1212430 1429.0
1212440 1436.7
1212450 1436.7
1212460 1444.7
1212470 1444.1
1212480 1444.1
1212490 1443.8
1212500 1447.8
1212510 1447.8
1212520 1455.5
1212530 1464.5
1212540 1474.7
1212550 1474.7
1212560 1481.8
1212570 1488.7
1212580 1488.7
1212590 1496.2
1212600 1506.2
1212610 1506.2
1212620 1518.6
1212630 1532.1
1212640 1532.1
1212650 1541.1
1212660 1548.6
1212670 1548.6
1212680 1557.8
1212690 1568.4
1212700 1568.4
1212710 1577.2
1212720 1582.1
1212730 1582.1
1212740 1588.1
1212750 1598.2
1212760 1598.2
1212770 1606.8
1212780 1615.0
1212790 1615.0
1212800 1615.8
1212810 1615.3
1212820 1615.3
1212830 1622.5
1212840 1626.0
1212850 1626.0
1212860 1627.5
1212870 1641.5
1212880 1646.6
1212890 1646.6
1212900 1648.3
1212910 1649.4
1212920 1649.4
1212930 1649.6
1212940 1649.4
1212950 1649.4
1212960 1646.6
1212970 1640.5
1212980 1640.5
1212990 1639.4
1213000 1646.0
1213010 1646.0
1213020 1655.7
1213030 1658.4
1213040 1658.4
1213050 1659.0
1213060 1663.3
1213070 1663.3
1213080 1659.6
1213090 1660.7
1213100 1660.7
1213110 1665.6
1213120 1664.9
1213130 1664.9
1213140 1668.0
1213150 1668.0
1213160 1668.0
1213170 1674.2
1213180 1672.2
1213190 1672.2
1213200 1674.4
1213210 1679.6
1213220 1679.6
1213230 1678.6
1213240 1681.0
1213250 1684.5
1213260 1684.5
1213270 1687.8
1213280 1690.3
1213290 1690.3
1213300 1697.5
1213310 1700.4
1213320 1700.4
1213330 1706.4
1213340 1723.9
1213350 1723.9
1213360 1722.9
1213370 1720.8
1213380 1720.8
1213390 1724.6
1213400 1733.6
1213410 1733.6
1213420 1741.5
1213430 1745.1
1213440 1745.1
1213450 1747.1
1213460 1749.4
1213470 1749.4
1213480 1753.0
1213490 1758.6
1213500 1758.6
1213510 1763.2
1213520 1757.5
1213530 1757.5
1213540 1751.8
1213550 1749.4
1213560 1749.4
1213570 1753.1
1213580 1756.0
1213590 1762.1
1213600 1762.1
1213610 1771.1
1213620 1777.2
1213630 1777.2
1213640 1777.5
1213650 1780.7
1213660 1780.7
1213670 1791.8
1213680 1801.0
1213690 1801.0
1213700 1804.9
1200000 1227.9
1200010 1227.9
1200020 1226.8
1200030 1222.5
1200040 1222.5
1200050 1216.7
1200060 1210.8
1200070 1210.8
1200080 1204.2
1200090 1195.2
1200100 1195.2
1200110 1183.3
1200120 1170.6
1200130 1170.6
1200140 1161.5
1200150 1157.8
1200160 1157.8
1200170 1144.5
1200180 1136.5
1200190 1136.5
1200200 1142.1
1200210 1149.7
1200220 1149.7
1200230 1158.5
1200240 1165.6
1200250 1171.0
1200260 1171.0
1200270 1174.1
1200280 1176.6
1200290 1176.6
1200300 1183.9
1200310 1191.9
1200320 1191.9
1200330 1194.8
1200340 1195.4
1200350 1195.4
1200360 1197.0
1200370 1198.3
1200380 1198.3
1200390 1200.2
1200400 1201.9
1200410 1201.9
1200420 1201.8
1200430 1197.9
1200440 1197.9
1200450 1197.0
1200460 1202.2
1200470 1202.2
1200480 1204.7
1200490 1205.9
1200500 1205.9
1200510 1207.1
1200520 1207.6
1200530 1207.6
1200540 1208.3
1200550 1208.3
1200560 1208.3
1200570 1206.8
1200580 1204.7
1200590 1203.8
1200600 1203.8
1200610 1205.3
1200620 1206.1
1200630 1206.1
1200640 1206.3
1200650 1207.9
1200660 1207.9
1200670 1207.0
1200680 1205.6
1200690 1205.6
1200700 1206.7
1200710 1206.4
1200720 1206.4
1200730 1205.7
1200740 1203.3
1200750 1203.3
1200760 1200.7
1200770 1203.2
1200780 1203.2
1200790 1203.8
1200800 1204.8
1200810 1204.8
1200820 1205.8
1200830 1206.5
1200840 1206.5
1200850 1206.5
1200860 1205.7
1200870 1205.7
1200880 1204.7
1200890 1204.2
1200900 1198.6
1200910 1198.5
1200920 1199.1
1200930 1199.1
1200940 1199.3
1200950 1199.3
1200960 1197.3
1200970 1197.3
1200980 1195.4
1200990 1193.8
1201000 1193.8
1201010 1192.4
1201020 1188.9
1201030 1188.9
1201040 1187.8
1201050 1187.8
1201060 1187.8
1201070 1187.3
1201080 1187.3
1201090 1187.3
1201100 1185.5
1201110 1183.7
1201120 1183.7
1201130 1184.7
1201140 1187.9
1201150 1187.9
1201160 1188.4
1201170 1185.6
1201180 1185.6
1201190 1180.6
1201200 1176.2
1201210 1176.2
1201220 1174.9
1201230 1174.7
1201240 1174.7
1201250 1176.7
1201260 1177.3
1201270 1177.3
1201280 1174.5
1201290 1175.3
1201300 1183.2
1201310 1183.2
1201320 1187.0
1201330 1186.2
1201340 1186.2
1201350 1181.7
1201360 1172.3
1201370 1172.3
1201380 1170.2
1201390 1174.8
1201400 1174.8
1201410 1182.8
1201420 1188.6
1201430 1188.6
1201440 1190.4
1201450 1189.8
1201460 1189.8
1201470 1187.9
1201480 1188.1
1201490 1188.1
1201500 1189.2
1201510 1189.7
1201520 1189.7
1201530 1189.6
1201540 1187.7
1201550 1187.7
1201560 1189.3
1201570 1190.2
1201580 1190.2
1201590 1191.6
1201600 1193.4
1201610 1193.4
1201620 1194.3
1201630 1194.0
1201640 1194.0
1201650 1194.0
1201660 1194.2
1201670 1195.4
1201680 1195.4
1201690 1195.7
1201700 1196.7
1201710 1196.7
1201720 1197.1
1201730 1197.8
1201740 1197.8
1201750 1196.4
1201760 1197.0
1201770 1197.0
1201780 1199.0
1201790 1200.3
1201800 1200.3
1201810 1194.1
1201820 1191.9
1201830 1191.9
1201840 1188.6
1201850 1188.9
1201860 1188.9
1201870 1190.9
1201880 1190.2
1201890 1190.2
1201900 1187.1
1201910 1185.0
1201920 1185.0
1201930 1183.4
1201940 1181.9
1201950 1181.9
1201960 1179.7
1201970 1176.9
1201980 1176.9
1201990 1175.1
1202000 1177.3
1202010 1175.5
1202020 1175.5
1202030 1171.3
1202040 1166.7
1202050 1166.7
1202060 1161.4
1202070 1155.0
1202080 1155.0
1202090 1146.6
1202100 1136.7
1202110 1136.7
1202120 1125.1
1202130 1116.3
1202140 1116.3
1202150 1112.5
1202160 1115.7
1202170 1115.7
1202180 1123.8
1202190 1131.4
1202200 1131.4
1202210 1143.3
1202220 1152.8
1202230 1152.8
1202240 1158.4
1202250 1164.9
1202260 1167.7
1202270 1170.9
1202280 1172.4
1202290 1172.4
1202300 1172.7
1202310 1172.3
1202320 1172.3
1202330 1174.5
1202340 1178.9
1202350 1183.3
1202360 1183.3
1202370 1185.3
1202380 1186.0
1202390 1186.0
1202400 1186.9
1202410 1187.9
1202420 1187.9
1202430 1188.9
1202440 1190.0
1202450 1190.0
1202460 1191.6
1202470 1192.8
1202480 1192.8
1202490 1190.9
1202500 1186.8
1202510 1186.8
1202520 1186.1
1202530 1187.3
1202540 1187.3
1202550 1186.6
1202560 1187.9
1202570 1187.9
1202580 1191.8
1202590 1192.6
1202600 1192.6
1202610 1189.0
1202620 1188.1
1202630 1188.1
1202640 1191.3
1202650 1194.3
1202660 1194.3
1202670 1196.1
1202680 1195.8
1202690 1195.8
1202700 1194.4
1202710 1191.8
1202720 1194.4
1202730 1194.4
1202740 1196.0
1202750 1195.1
1202760 1195.1
1202770 1190.0
1202780 1183.3
1202790 1183.3
1202800 1179.0
1202810 1175.4
1202820 1175.4
1202830 1178.9
1202840 1185.5
1202850 1185.5
1202860 1190.3
1202870 1192.6
1202880 1192.6
1202890 1193.3
1202900 1193.6
1202910 1193.6
1202920 1194.9
1202930 1196.2
1202940 1196.2
1202950 1197.7
1202960 1202.0
1202970 1202.0
1202980 1204.6
1202990 1204.0
1203000 1204.0
1203010 1204.2
1203020 1205.6
1203030 1205.6
1203040 1206.1
1203050 1204.6
1203060 1204.9
1203070 1204.9
1203080 1208.1
1203090 1210.7
1203100 1210.7
1203110 1213.1
1203120 1215.6
1203130 1215.6
1203140 1217.4
1203150 1219.4
1203160 1219.4
1203170 1222.2
1203180 1223.8
1203190 1223.8
1203200 1224.4
1203210 1225.5
1203220 1225.5
1203230 1227.3
1203240 1227.7
1203250 1227.7
1203260 1227.8
1203270 1228.6
1203280 1228.6
1203290 1229.9
1203300 1230.9
1203310 1230.9
1203320 1229.5
1203330 1226.9
1203340 1226.9
1203350 1226.5
1203360 1225.4
1203370 1225.4
1203380 1225.5
1203390 1227.4
1203400 1229.9
1203410 1229.9
1203420 1232.3
1203430 1235.5
1203440 1235.5
1203450 1235.1
1203460 1237.4
1203470 1237.4
1203480 1240.2
1203490 1239.3
1203500 1239.3
1203510 1237.2
1203520 1243.2
1203530 1243.2
1203540 1247.5
1203550 1249.7
1203560 1249.7
1203570 1251.7
1203580 1253.6
1203590 1253.6
1203600 1256.4
1203610 1260.1
1203620 1254.4
1203630 1257.2
1203640 1261.9
1203650 1261.9
1203660 1267.7
1203670 1274.4
1203680 1274.4
1203690 1278.6
1203700 1280.6
1203710 1280.6
1203720 1281.4
1203730 1283.4
1203740 1283.4
1203750 1287.1
1203760 1291.3
1203770 1296.0
1203780 1296.0
1203790 1300.3
1203800 1302.9
1203810 1302.9
1203820 1306.2
1203830 1309.3
1203840 1309.3
1203850 1311.5
1203860 1313.7
1203870 1313.7
1203880 1315.4
1203890 1317.2
1203900 1317.2
1203910 1319.2
1203920 1321.2
1203930 1321.2
1203940 1322.3
1203950 1322.8
1203960 1322.8
1203970 1324.6
1203980 1327.6
1203990 1327.6
1204000 1331.0
1204010 1334.5
1204020 1334.5
1204030 1338.0
1204040 1341.8
1204050 1341.8
1204060 1345.7
1204070 1349.7
1204080 1344.3
1204090 1347.6
1204100 1351.5
1204110 1354.1
1204120 1354.1
1204130 1356.7
1204140 1360.1
1204150 1360.1
1204160 1363.2
1204170 1366.2
1204180 1366.2
1204190 1368.0
1204200 1372.7
1204210 1372.7
1204220 1379.2
1204230 1384.0
1204240 1384.0
1204250 1388.0
1204260 1391.2
1204270 1391.2
1204280 1395.9
1204290 1400.5
1204300 1400.5
1204310 1407.1
1204320 1414.4
1204330 1414.4
1204340 1421.8
1204350 1429.1
1204360 1429.1
1204370 1435.5
1204380 1441.0
1204390 1441.0
1204400 1446.0
1204410 1451.7
1204420 1451.7
1204430 1457.1
1204440 1461.0
1204450 1461.0
1204460 1464.5
1204470 1467.1
1204480 1469.5
1204490 1469.5
1204500 1473.1
1204510 1476.2
1204520 1476.2
1204530 1476.4
1204540 1477.9
1204550 1477.9
1204560 1478.8
1204570 1479.3
1204580 1479.3
1204590 1478.8
1204600 1478.5
1204610 1478.5
1204620 1478.2
1204630 1477.6
1204640 1477.6
1204650 1478.7
1204660 1480.9
1204670 1480.9
1204680 1482.6
1204690 1484.4
1204700 1484.4
1204710 1485.9
1204720 1487.2
1204730 1487.2
1204740 1488.1
1204750 1488.8
1204760 1488.8
1204770 1489.2
1204780 1489.3
1204790 1489.3
1204800 1489.0
1204810 1489.0
1204820 1488.9
1204830 1488.9
1204840 1488.4
1204850 1488.0
1204860 1488.0
1204870 1487.7
1204880 1487.1
1204890 1487.1
1204900 1486.6
1204910 1486.3
1204920 1486.3
1204930 1485.9
1204940 1486.3
1204950 1486.3
1204960 1486.5
1204970 1486.5
1204980 1486.5
1204990 1491.0
1205000 1491.4
1205010 1491.4
1205020 1492.0
1205030 1492.7
1205040 1492.7
1205050 1494.1
1205060 1495.8
1205070 1495.8
1205080 1496.6
1205090 1496.8
1205100 1496.8
1205110 1497.8
1205120 1500.1
1205130 1500.1
1205140 1502.6
1205150 1503.6
1205160 1505.2
1205170 1505.2
1205180 1507.1
1205190 1509.1
1205200 1509.1
1205210 1510.0
1205220 1512.0
1205230 1512.0
1205240 1514.7
1205250 1517.1
1205260 1517.1
1205270 1518.7
1205280 1519.8
1205290 1519.8
1205300 1521.8
1205310 1524.1
1205320 1524.1
1205330 1526.5
1205340 1528.9
1205350 1528.9
1205360 1530.7
1205370 1532.5
1205380 1532.5
1205390 1534.5
1205400 1536.9
1205410 1536.9
1205420 1540.2
1205430 1544.1
1205440 1544.1
1205450 1551.0
1205460 1552.3
1205470 1552.3
1205480 1551.5
1205490 1550.2
1205500 1550.2
1205510 1549.5
1205520 1549.1
1205530 1548.2
1205540 1548.2
1205550 1546.9
1205560 1546.7
1205570 1546.7
1205580 1546.9
1205590 1546.7
1205600 1546.7
1205610 1546.3
1205620 1544.8
1205630 1544.8
1205640 1543.8
1205650 1542.4
1205660 1542.4
1205670 1542.0
1205680 1542.5
1205690 1542.5
1205700 1542.1
1205710 1540.5
1205720 1540.5
1205730 1538.3
1205740 1536.8
1205750 1536.8
1205760 1534.8
1205770 1532.2
1205780 1532.2
1205790 1530.0
1205800 1527.3
1205810 1527.3
1205820 1524.2
1205830 1520.5
1205840 1520.5
1205850 1516.4
1205860 1513.3
1205870 1508.1
1205880 1508.1
1205890 1502.5
1205900 1493.3
1205910 1493.3
1205920 1487.5
1205930 1479.3
1205940 1479.3
1205950 1470.4
1205960 1462.1
1205970 1462.1
1205980 1452.0
1205990 1440.8
1206000 1440.8
1206010 1429.0
1206020 1419.8
1206030 1419.8
1206040 1412.8
1206050 1405.7
1206060 1405.7
1206070 1397.1
1206080 1389.1
1206090 1389.1
1206100 1378.7
1206110 1367.0
1206120 1367.0
1206130 1357.8
1206140 1350.0
1206150 1350.0
1206160 1341.0
1206170 1331.7
1206180 1331.7
1206190 1323.7
1206200 1314.3
1206210 1305.5
1206220 1305.5
1206230 1300.6
1206240 1296.2
1206250 1296.2
1206260 1292.6
1206270 1286.7
1206280 1286.7
1206290 1281.8
1206300 1278.1
1206310 1278.1
1206320 1276.6
1206330 1270.3
1206340 1270.3
1206350 1261.6
1206360 1251.5
1206370 1251.5
1206380 1244.1
1206390 1236.8
1206400 1236.8
1206410 1229.3
1206420 1221.8
1206430 1221.8
1206440 1215.0
1206450 1207.4
1206460 1207.4
1206470 1198.5
1206480 1189.8
1206490 1189.8
1206500 1182.4
1206510 1175.9
1206520 1175.9
1206530 1168.8
1206540 1160.2
1206550 1160.2
1206560 1149.0
1206570 1139.5
1206580 1132.8
1206590 1132.8
1206600 1125.8
1206610 1117.7
1206620 1117.7
1206630 1108.6
1206640 1099.9
1206650 1099.9
1206660 1091.7
1206670 1083.7
1206680 1083.7
1206690 1074.9
1206700 1066.9
1206710 1066.9
1206720 1059.5
1206730 1052.3
1206740 1052.3
1206750 1044.7
1206760 1036.6
1206770 1036.6
1206780 1028.4
1206790 1022.5
1206800 1022.5
1206810 1021.6
1206820 1021.0
1206830 1021.0
1206840 1019.4
1206850 1019.9
1206860 1019.9
1206870 1021.3
1206880 1022.0
1206890 1022.0
1206900 1022.5
1206910 1023.6
1206920 1025.6
1206930 1025.6
1206940 1028.5
1206950 1032.1
1206960 1032.1
1206970 1035.9
1206980 1040.1
1206990 1040.1
1207000 1046.1
1207010 1055.9
1207020 1055.9
1207030 1066.0
1207040 1075.0
1207050 1075.0
1207060 1082.7
1207070 1088.7
1207080 1088.7
1207090 1096.3
1207100 1103.9
1207110 1103.9
1207120 1112.2
1207130 1119.4
1207140 1119.4
1207150 1126.8
1207160 1134.3
1207170 1134.3
1207180 1144.7
1207190 1152.7
1207200 1152.7
1207210 1161.3
1207220 1170.8
1207230 1170.8
1207240 1187.8
1207250 1211.0
1207260 1211.0
1207270 1220.3
1207280 1210.4
1207290 1215.4
1207300 1215.4
1207310 1223.6
1207320 1233.0
1207330 1233.0
1207340 1243.2
1207350 1254.2
1207360 1254.2
1207370 1263.0
1207380 1274.1
1207390 1274.1
1207400 1291.0
1207410 1303.9
1207420 1303.9
1207430 1312.9
1207440 1323.7
1207450 1323.7
1207460 1335.0
1207470 1343.3
1207480 1343.3
1207490 1351.7
1207500 1361.1
1207510 1361.1
1207520 1370.8
1207530 1380.7
1207540 1380.7
1207550 1388.4
1207560 1394.8
1207570 1394.8
1207580 1403.8
1207590 1412.7
1207600 1412.7
1207610 1418.7
1207620 1428.0
1207630 1440.1
1207640 1440.1
1207650 1456.5
1207660 1465.3
1207670 1465.3
1207680 1486.9
1207690 1506.8
1207700 1506.8
1207710 1521.3
1207720 1524.5
1207730 1524.5
1207740 1532.0
1207750 1529.5
1207760 1529.5
1207770 1527.0
1207780 1523.8
1207790 1523.8
1207800 1524.9
1207810 1527.4
1207820 1527.4
1207830 1530.8
1207840 1532.0
1207850 1532.0
1207860 1530.2
1207870 1526.8
1207880 1526.8
1207890 1523.2
1207900 1520.1
1207910 1520.1
1207920 1516.3
1207930 1512.5
1207940 1512.5
1207950 1508.7
1207960 1504.7
1207970 1501.3
1207980 1501.3
1207990 1498.2
1208000 1494.9
1208010 1494.9
1208020 1490.9
1208030 1487.1
1208040 1487.1
1208050 1488.2
1208060 1493.4
1208070 1493.4
1208080 1498.7
1208090 1503.5
1208100 1503.5
1208110 1507.8
1208120 1511.8
1208130 1511.8
1208140 1514.8
1208150 1516.6
1208160 1516.6
1208170 1518.0
1208180 1518.5
1208190 1518.5
1208200 1519.2
1208210 1522.4
1208220 1522.4
1208230 1522.7
1208240 1521.9
1208250 1521.9
1208260 1521.5
1208270 1520.5
1208280 1520.5
1208290 1521.3
1208300 1522.3
1208310 1522.3
1208320 1522.8
1208330 1523.8
1208340 1524.8
1208350 1524.8
1208360 1524.7
1208370 1523.0
1208380 1523.0
1208390 1522.3
1208400 1523.7
1208410 1523.7
1208420 1526.2
1208430 1526.7
1208440 1526.7
1208450 1526.5
1208460 1524.8
1208470 1524.8
1208480 1523.9
1208490 1522.7
1208500 1522.7
1208510 1523.0
1208520 1524.3
1208530 1524.3
1208540 1525.2
1208550 1524.5
1208560 1524.5
1208570 1520.4
1208580 1523.3
1208590 1523.3
1208600 1527.8
1208610 1529.7
1208620 1529.7
1208630 1529.3
1208640 1530.6
1208650 1530.6
1208660 1531.1
1208670 1534.9
1208680 1535.4
1208690 1535.4
1208700 1536.9
1208710 1538.8
1208720 1538.8
1208730 1540.9
1208740 1545.6
1208750 1545.6
1208760 1548.4
1208770 1549.6
1208780 1549.6
1208790 1552.6
1208800 1556.1
1208810 1556.1
1208820 1558.8
1208830 1561.1
1208840 1561.1
1208850 1563.4
1208860 1564.2
1208870 1564.2
1208880 1564.6
1208890 1566.8
1208900 1566.8
1208910 1569.2
1208920 1570.2
1208930 1570.2
1208940 1571.4
1208950 1571.4
1208960 1571.4
1208970 1570.0
1208980 1569.2
1208990 1569.2
1209000 1569.2
1209010 1569.9
1209020 1570.5
1209030 1570.5
1209040 1570.9
1209050 1571.6
1209060 1571.6
1209070 1572.1
1209080 1572.2
1209090 1572.2
1209100 1572.0
1209110 1571.5
1209120 1571.5
1209130 1569.1
1209140 1570.1
1209150 1570.1
1209160 1569.1
1209170 1567.4
1209180 1567.4
1209190 1567.7
1209200 1567.8
1209210 1567.8
1209220 1567.5
1209230 1567.9
1209240 1567.9
1209250 1567.8
1209260 1564.5
1209270 1564.5
1209280 1559.1
1209290 1562.3
1209300 1562.3
1209310 1568.6
1209320 1572.3
1209330 1572.3
1209340 1575.1
1209350 1578.7
1209360 1578.7
1209370 1581.5
1209380 1583.6
1209390 1586.2
1209400 1586.2
1209410 1588.9
1209420 1590.5
1209430 1590.5
1209440 1592.6
1209450 1595.1
1209460 1595.1
1209470 1595.8
1209480 1593.9
1209490 1593.9
1209500 1590.9
1209510 1589.4
1209520 1589.4
1209530 1594.2
1209540 1602.3
1209550 1602.3
1209560 1608.7
1209570 1611.0
1209580 1611.0
1209590 1612.9
1209600 1613.4
1209610 1613.4
1209620 1618.0
1209630 1624.9
1209640 1624.9
1209650 1632.2
1209660 1638.2
1209670 1638.2
1209680 1641.2
1209690 1644.5
1209700 1644.5
1209710 1649.5
1209720 1656.1
1209730 1659.8
1209740 1659.8
1209750 1659.2
1209760 1649.1
1209770 1649.1
1209780 1637.5
1209790 1627.0
1209800 1627.0
1209810 1621.8
1209820 1619.3
1209830 1619.3
1209840 1607.6
1209850 1590.4
1209860 1590.4
1209870 1579.6
1209880 1569.7
1209890 1569.7
1209900 1549.9
1209910 1525.1
1209920 1525.1
1209930 1506.5
1209940 1501.5
1209950 1501.5
1209960 1499.2
1209970 1490.7
1209980 1490.7
1209990 1491.8
1210000 1498.0
1210010 1498.0
1210020 1507.4
1210030 1514.1
1210040 1514.1
1210050 1515.7
1210060 1491.6
1210070 1498.8
1210080 1498.8
1210090 1492.1
1210100 1479.5
1210110 1479.5
1210120 1480.8
1210130 1483.5
1210140 1483.5
1210150 1486.9
1210160 1491.4
1210170 1491.4
1210180 1498.3
1210190 1505.4
1210200 1505.4
1210210 1513.0
1210220 1515.8
1210230 1515.8
1210240 1517.4
1210250 1518.8
1210260 1518.8
1210270 1512.2
1210280 1500.2
1210290 1500.2
1210300 1490.4
1210310 1476.6
1210320 1476.6
1210330 1443.3
1210340 1411.2
1210350 1411.2
1210360 1414.3
1210370 1424.2
1210380 1424.2
1210390 1433.6
1210400 1445.6
1210410 1445.6
1210420 1456.1
1210430 1467.5
1210440 1475.3
1210450 1475.3
1210460 1471.1
1210470 1466.9
1210480 1466.9
1210490 1466.7
1210500 1462.7
1210510 1462.7
1210520 1457.2
1210530 1444.2
1210540 1444.2
1210550 1431.5
1210560 1423.0
1210570 1423.0
1210580 1414.9
1210590 1408.0
1210600 1408.0
1210610 1401.8
1210620 1395.6
1210630 1395.6
1210640 1387.0
1210650 1381.9
1210660 1381.9
1210670 1383.5
1210680 1378.9
1210690 1378.9
1210700 1371.7
1210710 1367.4
1210720 1367.4
1210730 1365.2
1210740 1360.5
1210750 1360.5
1210760 1354.2
1210770 1345.5
1210780 1335.8
1210790 1335.8
1210800 1327.9
1210810 1326.3
1210820 1326.3
1210830 1329.3
1210840 1327.5
1210850 1327.5
1210860 1321.7
1210870 1314.5
1210880 1314.5
1210890 1307.9
1210900 1296.1
1210910 1296.1
1210920 1285.4
1210930 1275.7
1210940 1275.7
1210950 1266.5
1210960 1257.3
1210970 1257.3
1210980 1255.5
1210990 1269.8
1211000 1266.4
1211010 1281.2
1211020 1273.9
1211030 1273.9
1211040 1258.7
1211050 1252.0
1211060 1252.0
1211070 1250.1
1211080 1261.0
1211090 1261.0
1211100 1270.2
1211110 1288.8
1211120 1288.8
1211130 1298.3
1211140 1305.0
1211150 1309.9
1211160 1309.9
1211170 1313.6
1211180 1315.0
1211190 1315.0
1211200 1314.2
1211210 1313.6
1211220 1313.6
1211230 1312.9
1211240 1311.1
1211250 1311.1
1211260 1308.8
1211270 1306.1
1211280 1306.1
1211290 1303.1
1211300 1300.5
1211310 1300.5
1211320 1299.2
1211330 1298.1
1211340 1298.1
1211350 1296.3
1211360 1293.9
1211370 1293.9
1211380 1291.7
1211390 1288.2
1211400 1288.2
1211410 1285.0
1211420 1283.2
1211430 1283.2
1211440 1283.4
1211450 1282.7
1211460 1277.0
1211470 1272.5
1211480 1266.9
1211490 1261.4
1211500 1261.4
1211510 1257.5
1211520 1252.8
1211530 1252.8
1211540 1251.0
1211550 1252.5
1211560 1252.5
1211570 1258.3
1211580 1261.7
1211590 1261.7
1211600 1261.5
1211610 1262.8
1211620 1262.8
1211630 1264.6
1211640 1263.7
1211650 1263.7
1211660 1260.4
1211670 1250.9
1211680 1250.9
1211690 1243.2
1211700 1240.4
1211710 1240.4
1211720 1239.9
1211730 1237.7
1211740 1237.7
1211750 1231.3
1211760 1226.4
1211770 1226.4
1211780 1224.6
1211790 1230.2
1211800 1230.2
1211810 1240.2
1211820 1245.6
1211830 1248.4
1211840 1248.4
1211850 1238.4
1211860 1234.7
1211870 1234.7
1211880 1237.7
1211890 1246.0
1211900 1246.0
1211910 1255.4
1211920 1263.5
1211930 1270.1
1211940 1274.0
1211950 1274.1
1211960 1274.1
1211970 1272.0
1211980 1273.3
1211990 1273.3
1212000 1279.8
1212010 1282.0
1212020 1282.0
1212030 1284.6
1212040 1283.9
1212050 1283.9
1212060 1286.1
1212070 1289.8
1212080 1289.8
1212090 1294.4
1212100 1292.7
1212110 1292.7
1212120 1298.9
1212130 1305.9
1212140 1305.9
1212150 1312.7
1212160 1320.5
1212170 1320.5
1212180 1324.4
1212190 1329.8
1212200 1338.0
1212210 1338.0
1212220 1338.7
1212230 1334.9
1212240 1334.9
1212250 1334.8
1212260 1335.8
1212270 1335.8
1212280 1340.6
1212290 1353.0
1212300 1353.0
1212310 1366.3
1212320 1374.4
1212330 1374.4
1212340 1381.5
1212350 1389.6
1212360 1389.6
1212370 1398.8
1212380 1408.2
1212390 1408.2
1212400 1417.6
1212410 1423.6
1212420 1423.6
1212430 1429.0
1212440 1436.7
1212450 1436.7
1212460 1444.7
1212470 1444.1
1212480 1444.1
1212490 1443.8
1212500 1447.8
1212510 1447.8
1212520 1455.5
1212530 1464.5
1212540 1474.7
1212550 1474.7
1212560 1481.8
1212570 1488.7
1212580 1488.7
1212590 1496.2
1212600 1506.2
1212610 1506.2
1212620 1518.6
1212630 1532.1
1212640 1532.1
1212650 1541.1
1212660 1548.6
1212670 1548.6
1212680 1557.8
1212690 1568.4
1212700 1568.4
1212710 1577.2
1212720 1582.1
1212730 1582.1
1212740 1588.1
1212750 1598.2
1212760 1598.2
1212770 1606.8
1212780 1615.0
1212790 1615.0
1212800 1615.8
1212810 1615.3
1212820 1615.3
1212830 1622.5
1212840 1626.0
1212850 1626.0
1212860 1627.5
1212870 1641.5
1212880 1646.6
1212890 1646.6
1212900 1648.3
1212910 1649.4
1212920 1649.4
1212930 1649.6
1212940 1649.4
1212950 1649.4
1212960 1646.6
1212970 1640.5
1212980 1640.5
1212990 1639.4
1213000 1646.0
1213010 1646.0
1213020 1655.7
1213030 1658.4
1213040 1658.4
1213050 1659.0
1213060 1663.3
1213070 1663.3
1213080 1659.6
1213090 1660.7
1213100 1660.7
1213110 1665.6
1213120 1664.9
1213130 1664.9
1213140 1668.0
1213150 1668.0
1213160 1668.0
1213170 1674.2
1213180 1672.2
1213190 1672.2
1213200 1674.4
1213210 1679.6
1213220 1679.6
1213230 1678.6
1213240 1681.0
1213250 1684.5
1213260 1684.5
1213270 1687.8
1213280 1690.3
1213290 1690.3
1213300 1697.5
1213310 1700.4
1213320 1700.4
1213330 1706.4
1213340 1723.9
1213350 1723.9
1213360 1722.9
1213370 1720.8
1213380 1720.8
1213390 1724.6
1213400 1733.6
1213410 1733.6
1213420 1741.5
1213430 1745.1
1213440 1745.1
1213450 1747.1
1213460 1749.4
1213470 1749.4
1213480 1753.0
1213490 1758.6
1213500 1758.6
1213510 1763.2
1213520 1757.5
1213530 1757.5
1213540 1751.8
1213550 1749.4
1213560 1749.4
1213570 1753.1
1213580 1756.0
1213590 1762.1
1213600 1762.1
1213610 1771.1
1213620 1777.2
1213630 1777.2
1213640 1777.5
1213650 1780.7
1213660 1780.7
1213670 1791.8
1213680 1801.0
1213690 1801.0
1213700 1804.9
1200000 1227.9
1200010 1227.9
1200020 1226.8
1200030 1222.5
1200040 1222.5
1200050 1216.7
1200060 1210.8
1200070 1210.8
1200080 1204.2
1200090 1195.2
1200100 1195.2
1200110 1183.3
1200120 1170.6
1200130 1170.6
1200140 1161.5
1200150 1157.8
1200160 1157.8
1200170 1144.5
1200180 1136.5
1200190 1136.5
1200200 1142.1
1200210 1149.7
1200220 1149.7
1200230 1158.5
1200240 1165.6
1200250 1171.0
1200260 1171.0
1200270 1174.1
1200280 1176.6
1200290 1176.6
1200300 1183.9
1200310 1191.9
1200320 1191.9
1200330 1194.8
1200340 1195.4
1200350 1195.4
1200360 1197.0
1200370 1198.3
1200380 1198.3
1200390 1200.2
1200400 1201.9
1200410 1201.9
1200420 1201.8
1200430 1197.9
1200440 1197.9
1200450 1197.0
1200460 1202.2
1200470 1202.2
1200480 1204.7
1200490 1205.9
1200500 1205.9
1200510 1207.1
1200520 1207.6
1200530 1207.6
1200540 1208.3
1200550 1208.3
1200560 1208.3
1200570 1206.8
1200580 1204.7
1200590 1203.8
1200600 1203.8
1200610 1205.3
1200620 1206.1
1200630 1206.1
1200640 1206.3
1200650 1207.9
1200660 1207.9
1200670 1207.0
1200680 1205.6
1200690 1205.6
1200700 1206.7
1200710 1206.4
1200720 1206.4
1200730 1205.7
1200740 1203.3
1200750 1203.3
1200760 1200.7
1200770 1203.2
1200780 1203.2
1200790 1203.8
1200800 1204.8
1200810 1204.8
1200820 1205.8
1200830 1206.5
1200840 1206.5
1200850 1206.5
1200860 1205.7
1200870 1205.7
1200880 1204.7
1200890 1204.2
1200900 1198.6
1200910 1198.5
1200920 1199.1
1200930 1199.1
1200940 1199.3
1200950 1199.3
1200960 1197.3
1200970 1197.3
1200980 1195.4
1200990 1193.8
1201000 1193.8
1201010 1192.4
1201020 1188.9
1201030 1188.9
1201040 1187.8
1201050 1187.8
1201060 1187.8
1201070 1187.3
1201080 1187.3
1201090 1187.3
1201100 1185.5
1201110 1183.7
1201120 1183.7
1201130 1184.7
1201140 1187.9
1201150 1187.9
1201160 1188.4
1201170 1185.6
1201180 1185.6
1201190 1180.6
1201200 1176.2
1201210 1176.2
1201220 1174.9
1201230 1174.7
1201240 1174.7
1201250 1176.7
1201260 1177.3
1201270 1177.3
1201280 1174.5
1201290 1175.3
1201300 1183.2
1201310 1183.2
1201320 1187.0
1201330 1186.2
1201340 1186.2
1201350 1181.7
1201360 1172.3
1201370 1172.3
1201380 1170.2
1201390 1174.8
1201400 1174.8
1201410 1182.8
1201420 1188.6
1201430 1188.6
1201440 1190.4
1201450 1189.8
1201460 1189.8
1201470 1187.9
1201480 1188.1
1201490 1188.1
1201500 1189.2
1201510 1189.7
1201520 1189.7
1201530 1189.6
1201540 1187.7
1201550 1187.7
1201560 1189.3
1201570 1190.2
1201580 1190.2
1201590 1191.6
1201600 1193.4
1201610 1193.4
1201620 1194.3
1201630 1194.0
1201640 1194.0
1201650 1194.0
1201660 1194.2
1201670 1195.4
1201680 1195.4
1201690 1195.7
1201700 1196.7
1201710 1196.7
1201720 1197.1
1201730 1197.8
1201740 1197.8
1201750 1196.4
1201760 1197.0
1201770 1197.0
1201780 1199.0
1201790 1200.3
1201800 1200.3
1201810 1194.1
1201820 1191.9
1201830 1191.9
1201840 1188.6
1201850 1188.9
1201860 1188.9
1201870 1190.9
1201880 1190.2
1201890 1190.2
1201900 1187.1
1201910 1185.0
1201920 1185.0
1201930 1183.4
1201940 1181.9
1201950 1181.9
1201960 1179.7
1201970 1176.9
1201980 1176.9
1201990 1175.1
1202000 1177.3
1202010 1175.5
1202020 1175.5
1202030 1171.3
1202040 1166.7
1202050 1166.7
1202060 1161.4
1202070 1155.0
1202080 1155.0
1202090 1146.6
1202100 1136.7
1202110 1136.7
1202120 1125.1
1202130 1116.3
1202140 1116.3
1202150 1112.5
1202160 1115.7
1202170 1115.7
1202180 1123.8
1202190 1131.4
1202200 1131.4
1202210 1143.3
1202220 1152.8
1202230 1152.8
1202240 1158.4
1202250 1164.9
1202260 1167.7
1202270 1170.9
1202280 1172.4
1202290 1172.4
1202300 1172.7
1202310 1172.3
1202320 1172.3
1202330 1174.5
1202340 1178.9
1202350 1183.3
1202360 1183.3
1202370 1185.3
1202380 1186.0
1202390 1186.0
1202400 1186.9
1202410 1187.9
1202420 1187.9
1202430 1188.9
1202440 1190.0
1202450 1190.0
1202460 1191.6
1202470 1192.8
1202480 1192.8
1202490 1190.9
1202500 1186.8
1202510 1186.8
1202520 1186.1
1202530 1187.3
1202540 1187.3
1202550 1186.6
1202560 1187.9
1202570 1187.9
1202580 1191.8
1202590 1192.6
1202600 1192.6
1202610 1189.0
1202620 1188.1
1202630 1188.1
1202640 1191.3
1202650 1194.3
1202660 1194.3
1202670 1196.1
1202680 1195.8
1202690 1195.8
1202700 1194.4
1202710 1191.8
1202720 1194.4
1202730 1194.4
1202740 1196.0
1202750 1195.1
1202760 1195.1
1202770 1190.0
1202780 1183.3
1202790 1183.3
1202800 1179.0
1202810 1175.4
1202820 1175.4
1202830 1178.9
1202840 1185.5
1202850 1185.5
1202860 1190.3
1202870 1192.6
1202880 1192.6
1202890 1193.3
1202900 1193.6
1202910 1193.6
1202920 1194.9
1202930 1196.2
1202940 1196.2
1202950 1197.7
1202960 1202.0
1202970 1202.0
1202980 1204.6
1202990 1204.0
1203000 1204.0
1203010 1204.2
1203020 1205.6
1203030 1205.6
1203040 1206.1
1203050 1204.6
1203060 1204.9
1203070 1204.9
1203080 1208.1
1203090 1210.7
1203100 1210.7
1203110 1213.1
1203120 1215.6
1203130 1215.6
1203140 1217.4
1203150 1219.4
1203160 1219.4
1203170 1222.2
1203180 1223.8
1203190 1223.8
1203200 1224.4
1203210 1225.5
1203220 1225.5
1203230 1227.3
1203240 1227.7
1203250 1227.7
1203260 1227.8
1203270 1228.6
1203280 1228.6
1203290 1229.9
1203300 1230.9
1203310 1230.9
1203320 1229.5
1203330 1226.9
1203340 1226.9
1203350 1226.5
1203360 1225.4
1203370 1225.4
1203380 1225.5
1203390 1227.4
1203400 1229.9
1203410 1229.9
1203420 1232.3
1203430 1235.5
1203440 1235.5
1203450 1235.1
1203460 1237.4
1203470 1237.4
1203480 1240.2
1203490 1239.3
1203500 1239.3
1203510 1237.2
1203520 1243.2
1203530 1243.2
1203540 1247.5
1203550 1249.7
1203560 1249.7
1203570 1251.7
1203580 1253.6
1203590 1253.6
1203600 1256.4
1203610 1260.1
1203620 1254.4
1203630 1257.2
1203640 1261.9
1203650 1261.9
1203660 1267.7
1203670 1274.4
1203680 1274.4
1203690 1278.6
1203700 1280.6
1203710 1280.6
1203720 1281.4
1203730 1283.4
1203740 1283.4
1203750 1287.1
1203760 1291.3
1203770 1296.0
1203780 1296.0
1203790 1300.3
1203800 1302.9
1203810 1302.9
1203820 1306.2
1203830 1309.3
1203840 1309.3
1203850 1311.5
1203860 1313.7
1203870 1313.7
1203880 1315.4
1203890 1317.2
1203900 1317.2
1203910 1319.2
1203920 1321.2
1203930 1321.2
1203940 1322.3
1203950 1322.8
1203960 1322.8
1203970 1324.6
1203980 1327.6
1203990 1327.6
1204000 1331.0
1204010 1334.5
1204020 1334.5
1204030 1338.0
1204040 1341.8
1204050 1341.8
1204060 1345.7
1204070 1349.7
1204080 1344.3
1204090 1347.6
1204100 1351.5
1204110 1354.1
1204120 1354.1
1204130 1356.7
1204140 1360.1
1204150 1360.1
1204160 1363.2
1204170 1366.2
1204180 1366.2
1204190 1368.0
1204200 1372.7
1204210 1372.7
1204220 1379.2
1204230 1384.0
1204240 1384.0
1204250 1388.0
1204260 1391.2
1204270 1391.2
1204280 1395.9
1204290 1400.5
1204300 1400.5
1204310 1407.1
1204320 1414.4
1204330 1414.4
1204340 1421.8
1204350 1429.1
1204360 1429.1
1204370 1435.5
1204380 1441.0
1204390 1441.0
1204400 1446.0
1204410 1451.7
1204420 1451.7
1204430 1457.1
1204440 1461.0
1204450 1461.0
1204460 1464.5
1204470 1467.1
1204480 1469.5
1204490 1469.5
1204500 1473.1
1204510 1476.2
1204520 1476.2
1204530 1476.4
1204540 1477.9
1204550 1477.9
1204560 1478.8
1204570 1479.3
1204580 1479.3
1204590 1478.8
1204600 1478.5
1204610 1478.5
1204620 1478.2
1204630 1477.6
1204640 1477.6
1204650 1478.7
1204660 1480.9
1204670 1480.9
1204680 1482.6
1204690 1484.4
1204700 1484.4
1204710 1485.9
1204720 1487.2
1204730 1487.2
1204740 1488.1
1204750 1488.8
1204760 1488.8
1204770 1489.2
1204780 1489.3
1204790 1489.3
1204800 1489.0
1204810 1489.0
1204820 1488.9
1204830 1488.9
1204840 1488.4
1204850 1488.0
1204860 1488.0
1204870 1487.7
1204880 1487.1
1204890 1487.1
1204900 1486.6
1204910 1486.3
1204920 1486.3
1204930 1485.9
1204940 1486.3
1204950 1486.3
1204960 1486.5
1204970 1486.5
1204980 1486.5
1204990 1491.0
1205000 1491.4
1205010 1491.4
1205020 1492.0
1205030 1492.7
1205040 1492.7
1205050 1494.1
1205060 1495.8
1205070 1495.8
1205080 1496.6
1205090 1496.8
1205100 1496.8
1205110 1497.8
1205120 1500.1
1205130 1500.1
1205140 1502.6
1205150 1503.6
1205160 1505.2
1205170 1505.2
1205180 1507.1
1205190 1509.1
1205200 1509.1
1205210 1510.0
1205220 1512.0
1205230 1512.0
1205240 1514.7
1205250 1517.1
1205260 1517.1
1205270 1518.7
1205280 1519.8
1205290 1519.8
1205300 1521.8
1205310 1524.1
1205320 1524.1
1205330 1526.5
1205340 1528.9
1205350 1528.9
1205360 1530.7
1205370 1532.5
1205380 1532.5
1205390 1534.5
1205400 1536.9
1205410 1536.9
1205420 1540.2
1205430 1544.1
1205440 1544.1
1205450 1551.0
1205460 1552.3
1205470 1552.3
1205480 1551.5
1205490 1550.2
1205500 1550.2
1205510 1549.5
1205520 1549.1
1205530 1548.2
1205540 1548.2
1205550 1546.9
1205560 1546.7
1205570 1546.7
1205580 1546.9
1205590 1546.7
1205600 1546.7
1205610 1546.3
1205620 1544.8
1205630 1544.8
1205640 1543.8
1205650 1542.4
1205660 1542.4
1205670 1542.0
1205680 1542.5
1205690 1542.5
1205700 1542.1
1205710 1540.5
1205720 1540.5
1205730 1538.3
1205740 1536.8
1205750 1536.8
1205760 1534.8
1205770 1532.2
1205780 1532.2
1205790 1530.0
1205800 1527.3
1205810 1527.3
1205820 1524.2
1205830 1520.5
1205840 1520.5
1205850 1516.4
1205860 1513.3
1205870 1508.1
1205880 1508.1
1205890 1502.5
1205900 1493.3
1205910 1493.3
1205920 1487.5
1205930 1479.3
1205940 1479.3
1205950 1470.4
1205960 1462.1
1205970 1462.1
1205980 1452.0
1205990 1440.8
1206000 1440.8
1206010 1429.0
1206020 1419.8
1206030 1419.8
1206040 1412.8
1206050 1405.7
1206060 1405.7
1206070 1397.1
1206080 1389.1
1206090 1389.1
1206100 1378.7
1206110 1367.0
1206120 1367.0
1206130 1357.8
1206140 1350.0
1206150 1350.0
1206160 1341.0
1206170 1331.7
1206180 1331.7
1206190 1323.7
1206200 1314.3
1206210 1305.5
1206220 1305.5
1206230 1300.6
1206240 1296.2
1206250 1296.2
1206260 1292.6
1206270 1286.7
1206280 1286.7
1206290 1281.8
1206300 1278.1
1206310 1278.1
1206320 1276.6
1206330 1270.3
1206340 1270.3
1206350 1261.6
1206360 1251.5
1206370 1251.5
1206380 1244.1
1206390 1236.8
1206400 1236.8
1206410 1229.3
1206420 1221.8
1206430 1221.8
1206440 1215.0
1206450 1207.4
1206460 1207.4
1206470 1198.5
1206480 1189.8
1206490 1189.8
1206500 1182.4
1206510 1175.9
1206520 1175.9
1206530 1168.8
1206540 1160.2
1206550 1160.2
1206560 1149.0
1206570 1139.5
1206580 1132.8
1206590 1132.8
1206600 1125.8
1206610 1117.7
1206620 1117.7
1206630 1108.6
1206640 1099.9
1206650 1099.9
1206660 1091.7
1206670 1083.7
1206680 1083.7
1206690 1074.9
1206700 1066.9
1206710 1066.9
1206720 1059.5
1206730 1052.3
1206740 1052.3
1206750 1044.7
1206760 1036.6
1206770 1036.6
1206780 1028.4
1206790 1022.5
1206800 1022.5
1206810 1021.6
1206820 1021.0
1206830 1021.0
1206840 1019.4
1206850 1019.9
1206860 1019.9
1206870 1021.3
1206880 1022.0
1206890 1022.0
1206900 1022.5
1206910 1023.6
1206920 1025.6
1206930 1025.6
1206940 1028.5
1206950 1032.1
1206960 1032.1
1206970 1035.9
1206980 1040.1
1206990 1040.1
1207000 1046.1
1207010 1055.9
1207020 1055.9
1207030 1066.0
1207040 1075.0
1207050 1075.0
1207060 1082.7
1207070 1088.7
1207080 1088.7
1207090 1096.3
1207100 1103.9
1207110 1103.9
1207120 1112.2
1207130 1119.4
1207140 1119.4
1207150 1126.8
1207160 1134.3
1207170 1134.3
1207180 1144.7
1207190 1152.7
1207200 1152.7
1207210 1161.3
1207220 1170.8
1207230 1170.8
1207240 1187.8
1207250 1211.0
1207260 1211.0
1207270 1220.3
1207280 1210.4
1207290 1215.4
1207300 1215.4
1207310 1223.6
1207320 1233.0
1207330 1233.0
1207340 1243.2
1207350 1254.2
1207360 1254.2
1207370 1263.0
1207380 1274.1
1207390 1274.1
1207400 1291.0
1207410 1303.9
1207420 1303.9
1207430 1312.9
1207440 1323.7
1207450 1323.7
1207460 1335.0
1207470 1343.3
1207480 1343.3
1207490 1351.7
1207500 1361.1
1207510 1361.1
1207520 1370.8
1207530 1380.7
1207540 1380.7
1207550 1388.4
1207560 1394.8
1207570 1394.8
1207580 1403.8
1207590 1412.7
1207600 1412.7
1207610 1418.7
1207620 1428.0
1207630 1440.1
1207640 1440.1
1207650 1456.5
1207660 1465.3
1207670 1465.3
1207680 1486.9
1207690 1506.8
1207700 1506.8
1207710 1521.3
1207720 1524.5
1207730 1524.5
1207740 1532.0
1207750 1529.5
1207760 1529.5
1207770 1527.0
1207780 1523.8
1207790 1523.8
1207800 1524.9
1207810 1527.4
1207820 1527.4
1207830 1530.8
1207840 1532.0
1207850 1532.0
1207860 1530.2
1207870 1526.8
1207880 1526.8
1207890 1523.2
1207900 1520.1
1207910 1520.1
1207920 1516.3
1207930 1512.5
1207940 1512.5
1207950 1508.7
1207960 1504.7
1207970 1501.3
1207980 1501.3
1207990 1498.2
1208000 1494.9
1208010 1494.9
1208020 1490.9
1208030 1487.1
1208040 1487.1
1208050 1488.2
1208060 1493.4
1208070 1493.4
1208080 1498.7
1208090 1503.5
1208100 1503.5
1208110 1507.8
1208120 1511.8
1208130 1511.8
1208140 1514.8
1208150 1516.6
1208160 1516.6
1208170 1518.0
1208180 1518.5
1208190 1518.5
1208200 1519.2
1208210 1522.4
1208220 1522.4
1208230 1522.7
1208240 1521.9
1208250 1521.9
1208260 1521.5
1208270 1520.5
1208280 1520.5
1208290 1521.3
1208300 1522.3
1208310 1522.3
1208320 1522.8
1208330 1523.8
1208340 1524.8
1208350 1524.8
1208360 1524.7
1208370 1523.0
1208380 1523.0
1208390 1522.3
1208400 1523.7
1208410 1523.7
1208420 1526.2
1208430 1526.7
1208440 1526.7
1208450 1526.5
1208460 1524.8
1208470 1524.8
1208480 1523.9
1208490 1522.7
1208500 1522.7
1208510 1523.0
1208520 1524.3
1208530 1524.3
1208540 1525.2
1208550 1524.5
1208560 1524.5
1208570 1520.4
1208580 1523.3
1208590 1523.3
1208600 1527.8
1208610 1529.7
1208620 1529.7
1208630 1529.3
1208640 1530.6
1208650 1530.6
1208660 1531.1
1208670 1534.9
1208680 1535.4
1208690 1535.4
1208700 1536.9
1208710 1538.8
1208720 1538.8
1208730 1540.9
1208740 1545.6
1208750 1545.6
1208760 1548.4
1208770 1549.6
1208780 1549.6
1208790 1552.6
1208800 1556.1
1208810 1556.1
1208820 1558.8
1208830 1561.1
1208840 1561.1
1208850 1563.4
1208860 1564.2
1208870 1564.2
1208880 1564.6
1208890 1566.8
1208900 1566.8
1208910 1569.2
1208920 1570.2
1208930 1570.2
1208940 1571.4
1208950 1571.4
1208960 1571.4
1208970 1570.0
1208980 1569.2
1208990 1569.2
1209000 1569.2
1209010 1569.9
1209020 1570.5
1209030 1570.5
1209040 1570.9
1209050 1571.6
1209060 1571.6
1209070 1572.1
1209080 1572.2
1209090 1572.2
1209100 1572.0
1209110 1571.5
1209120 1571.5
1209130 1569.1
1209140 1570.1
1209150 1570.1
1209160 1569.1
1209170 1567.4
1209180 1567.4
1209190 1567.7
1209200 1567.8
1209210 1567.8
1209220 1567.5
1209230 1567.9
1209240 1567.9
1209250 1567.8
1209260 1564.5
1209270 1564.5
1209280 1559.1
1209290 1562.3
1209300 1562.3
1209310 1568.6
1209320 1572.3
1209330 1572.3
1209340 1575.1
1209350 1578.7
1209360 1578.7
1209370 1581.5
1209380 1583.6
1209390 1586.2
1209400 1586.2
1209410 1588.9
1209420 1590.5
1209430 1590.5
1209440 1592.6
1209450 1595.1
1209460 1595.1
1209470 1595.8
1209480 1593.9
1209490 1593.9
1209500 1590.9
1209510 1589.4
1209520 1589.4
1209530 1594.2
1209540 1602.3
1209550 1602.3
1209560 1608.7
1209570 1611.0
1209580 1611.0
1209590 1612.9
1209600 1613.4
1209610 1613.4
1209620 1618.0
1209630 1624.9
1209640 1624.9
1209650 1632.2
1209660 1638.2
1209670 1638.2
1209680 1641.2
1209690 1644.5
1209700 1644.5
1209710 1649.5
1209720 1656.1
1209730 1659.8
1209740 1659.8
1209750 1659.2
1209760 1649.1
1209770 1649.1
1209780 1637.5
1209790 1627.0
1209800 1627.0
1209810 1621.8
1209820 1619.3
1209830 1619.3
1209840 1607.6
1209850 1590.4
1209860 1590.4
1209870 1579.6
1209880 1569.7
1209890 1569.7
1209900 1549.9
1209910 1525.1
1209920 1525.1
1209930 1506.5
1209940 1501.5
1209950 1501.5
1209960 1499.2
1209970 1490.7
1209980 1490.7
1209990 1491.8
1210000 1498.0
1210010 1498.0
1210020 1507.4
1210030 1514.1
1210040 1514.1
1210050 1515.7
1210060 1491.6
1210070 1498.8
1210080 1498.8
1210090 1492.1
1210100 1479.5
1210110 1479.5
1210120 1480.8
1210130 1483.5
1210140 1483.5
1210150 1486.9
1210160 1491.4
1210170 1491.4
1210180 1498.3
1210190 1505.4
1210200 1505.4
1210210 1513.0
1210220 1515.8
1210230 1515.8
1210240 1517.4
1210250 1518.8
1210260 1518.8
1210270 1512.2
1210280 1500.2
1210290 1500.2
1210300 1490.4
1210310 1476.6
1210320 1476.6
1210330 1443.3
1210340 1411.2
1210350 1411.2
1210360 1414.3
1210370 1424.2
1210380 1424.2
1210390 1433.6
1210400 1445.6
1210410 1445.6
1210420 1456.1
1210430 1467.5
1210440 1475.3
1210450 1475.3
1210460 1471.1
1210470 1466.9
1210480 1466.9
1210490 1466.7
1210500 1462.7
1210510 1462.7
1210520 1457.2
1210530 1444.2
1210540 1444.2
1210550 1431.5
1210560 1423.0
1210570 1423.0
1210580 1414.9
1210590 1408.0
1210600 1408.0
1210610 1401.8
1210620 1395.6
1210630 1395.6
1210640 1387.0
1210650 1381.9
1210660 1381.9
1210670 1383.5
1210680 1378.9
1210690 1378.9
1210700 1371.7
1210710 1367.4
1210720 1367.4
1210730 1365.2
1210740 1360.5
1210750 1360.5
1210760 1354.2
1210770 1345.5
1210780 1335.8
1210790 1335.8
1210800 1327.9
1210810 1326.3
1210820 1326.3
1210830 1329.3
1210840 1327.5
1210850 1327.5
1210860 1321.7
1210870 1314.5
1210880 1314.5
1210890 1307.9
1210900 1296.1
1210910 1296.1
1210920 1285.4
1210930 1275.7
1210940 1275.7
1210950 1266.5
1210960 1257.3
1210970 1257.3
1210980 1255.5
1210990 1269.8
1211000 1266.4
1211010 1281.2
1211020 1273.9
1211030 1273.9
1211040 1258.7
1211050 1252.0
1211060 1252.0
1211070 1250.1
1211080 1261.0
1211090 1261.0
1211100 1270.2
1211110 1288.8
1211120 1288.8
1211130 1298.3
1211140 1305.0
1211150 1309.9
1211160 1309.9
1211170 1313.6
1211180 1315.0
1211190 1315.0
1211200 1314.2
1211210 1313.6
1211220 1313.6
1211230 1312.9
1211240 1311.1
1211250 1311.1
1211260 1308.8
1211270 1306.1
1211280 1306.1
1211290 1303.1
1211300 1300.5
1211310 1300.5
1211320 1299.2
1211330 1298.1
1211340 1298.1
1211350 1296.3
1211360 1293.9
1211370 1293.9
1211380 1291.7
1211390 1288.2
1211400 1288.2
1211410 1285.0
1211420 1283.2
1211430 1283.2
1211440 1283.4
1211450 1282.7
1211460 1277.0
1211470 1272.5
1211480 1266.9
1211490 1261.4
1211500 1261.4
1211510 1257.5
1211520 1252.8
1211530 1252.8
1211540 1251.0
1211550 1252.5
1211560 1252.5
1211570 1258.3
1211580 1261.7
1211590 1261.7
1211600 1261.5
1211610 1262.8
1211620 1262.8
1211630 1264.6
1211640 1263.7
1211650 1263.7
1211660 1260.4
1211670 1250.9
1211680 1250.9
1211690 1243.2
1211700 1240.4
1211710 1240.4
1211720 1239.9
1211730 1237.7
1211740 1237.7
1211750 1231.3
1211760 1226.4
1211770 1226.4
1211780 1224.6
1211790 1230.2
1211800 1230.2
1211810 1240.2
1211820 1245.6
1211830 1248.4
1211840 1248.4
1211850 1238.4
1211860 1234.7
1211870 1234.7
1211880 1237.7
1211890 1246.0
1211900 1246.0
1211910 1255.4
1211920 1263.5
1211930 1270.1
1211940 1274.0
1211950 1274.1
1211960 1274.1
1211970 1272.0
1211980 1273.3
1211990 1273.3
1212000 1279.8
1212010 1282.0
1212020 1282.0
1212030 1284.6
1212040 1283.9
1212050 1283.9
1212060 1286.1
1212070 1289.8
1212080 1289.8
1212090 1294.4
1212100 1292.7
1212110 1292.7
1212120 1298.9
1212130 1305.9
1212140 1305.9
1212150 1312.7
1212160 1320.5
1212170 1320.5
1212180 1324.4
1212190 1329.8
1212200 1338.0
1212210 1338.0
1212220 1338.7
1212230 1334.9
1212240 1334.9
1212250 1334.8
1212260 1335.8
1212270 1335.8
1212280 1340.6
1212290 1353.0
1212300 1353.0
1212310 1366.3
1212320 1374.4
1212330 1374.4
1212340 1381.5
1212350 1389.6
1212360 1389.6
1212370 1398.8
1212380 1408.2
1212390 1408.2
1212400 1417.6
1212410 1423.6
1212420 1423.6
1212430 1429.0
1212440 1436.7
1212450 1436.7
1212460 1444.7
1212470 1444.1
1212480 1444.1
1212490 1443.8
1212500 1447.8
1212510 1447.8
1212520 1455.5
1212530 1464.5
1212540 1474.7
1212550 1474.7
1212560 1481.8
1212570 1488.7
1212580 1488.7
1212590 1496.2
1212600 1506.2
1212610 1506.2
1212620 1518.6
1212630 1532.1
1212640 1532.1
1212650 1541.1
1212660 1548.6
1212670 1548.6
1212680 1557.8
1212690 1568.4
1212700 1568.4
1212710 1577.2
1212720 1582.1
1212730 1582.1
1212740 1588.1
1212750 1598.2
1212760 1598.2
1212770 1606.8
1212780 1615.0
1212790 1615.0
1212800 1615.8
1212810 1615.3
1212820 1615.3
1212830 1622.5
1212840 1626.0
1212850 1626.0
1212860 1627.5
1212870 1641.5
1212880 1646.6
1212890 1646.6
1212900 1648.3
1212910 1649.4
1212920 1649.4
1212930 1649.6
1212940 1649.4
1212950 1649.4
1212960 1646.6
1212970 1640.5
1212980 1640.5
1212990 1639.4
1213000 1646.0
1213010 1646.0
1213020 1655.7
1213030 1658.4
1213040 1658.4
1213050 1659.0
1213060 1663.3
1213070 1663.3
1213080 1659.6
1213090 1660.7
1213100 1660.7
1213110 1665.6
1213120 1664.9
1213130 1664.9
1213140 1668.0
1213150 1668.0
1213160 1668.0
1213170 1674.2
1213180 1672.2
1213190 1672.2
1213200 1674.4
1213210 1679.6
1213220 1679.6
1213230 1678.6
1213240 1681.0
1213250 1684.5
1213260 1684.5
1213270 1687.8
1213280 1690.3
1213290 1690.3
1213300 1697.5
1213310 1700.4
1213320 1700.4
1213330 1706.4
1213340 1723.9
1213350 1723.9
1213360 1722.9
1213370 1720.8
1213380 1720.8
1213390 1724.6
1213400 1733.6
1213410 1733.6
1213420 1741.5
1213430 1745.1
1213440 1745.1
1213450 1747.1
1213460 1749.4
1213470 1749.4
1213480 1753.0
1213490 1758.6
1213500 1758.6
1213510 1763.2
1213520 1757.5
1213530 1757.5
1213540 1751.8
1213550 1749.4
1213560 1749.4
1213570 1753.1
1213580 1756.0
1213590 1762.1
1213600 1762.1
1213610 1771.1
1213620 1777.2
1213630 1777.2
1213640 1777.5
1213650 1780.7
1213660 1780.7
1213670 1791.8
1213680 1801.0
1213690 1801.0
1213700 1804.9
1200000 1227.9
1200010 1227.9
1200020 1226.8
1200030 1222.5
1200040 1222.5
1200050 1216.7
1200060 1210.8
1200070 1210.8
1200080 1204.2
1200090 1195.2
1200100 1195.2
1200110 1183.3
1200120 1170.6
1200130 1170.6
1200140 1161.5
1200150 1157.8
1200160 1157.8
1200170 1144.5
1200180 1136.5
1200190 1136.5
1200200 1142.1
1200210 1149.7
1200220 1149.7
1200230 1158.5
1200240 1165.6
1200250 1171.0
1200260 1171.0
1200270 1174.1
1200280 1176.6
1200290 1176.6
1200300 1183.9
1200310 1191.9
1200320 1191.9
1200330 1194.8
1200340 1195.4
1200350 1195.4
1200360 1197.0
1200370 1198.3
1200380 1198.3
1200390 1200.2
1200400 1201.9
1200410 1201.9
1200420 1201.8
1200430 1197.9
1200440 1197.9
1200450 1197.0
1200460 1202.2
1200470 1202.2
1200480 1204.7
1200490 1205.9
1200500 1205.9
1200510 1207.1
1200520 1207.6
1200530 1207.6
1200540 1208.3
1200550 1208.3
1200560 1208.3
1200570 1206.8
1200580 1204.7
1200590 1203.8
1200600 1203.8
1200610 1205.3
1200620 1206.1
1200630 1206.1
1200640 1206.3
1200650 1207.9
1200660 1207.9
1200670 1207.0
1200680 1205.6
1200690 1205.6
1200700 1206.7
1200710 1206.4
1200720 1206.4
1200730 1205.7
1200740 1203.3
1200750 1203.3
1200760 1200.7
1200770 1203.2
1200780 1203.2
1200790 1203.8
1200800 1204.8
1200810 1204.8
1200820 1205.8
1200830 1206.5
1200840 1206.5
1200850 1206.5
1200860 1205.7
1200870 1205.7
1200880 1204.7
1200890 1204.2
1200900 1198.6
1200910 1198.5
1200920 1199.1
1200930 1199.1
1200940 1199.3
1200950 1199.3
1200960 1197.3
1200970 1197.3
1200980 1195.4
1200990 1193.8
1201000 1193.8
1201010 1192.4
1201020 1188.9
1201030 1188.9
1201040 1187.8
1201050 1187.8
1201060 1187.8
1201070 1187.3
1201080 1187.3
1201090 1187.3
1201100 1185.5
1201110 1183.7
1201120 1183.7
1201130 1184.7
1201140 1187.9
1201150 1187.9
1201160 1188.4
1201170 1185.6
1201180 1185.6
1201190 1180.6
1201200 1176.2
1201210 1176.2
1201220 1174.9
1201230 1174.7
1201240 1174.7
1201250 1176.7
1201260 1177.3
1201270 1177.3
1201280 1174.5
1201290 1175.3
1201300 1183.2
1201310 1183.2
1201320 1187.0
1201330 1186.2
1201340 1186.2
1201350 1181.7
1201360 1172.3
1201370 1172.3
1201380 1170.2
1201390 1174.8
1201400 1174.8
1201410 1182.8
1201420 1188.6
1201430 1188.6
1201440 1190.4
1201450 1189.8
1201460 1189.8
1201470 1187.9
1201480 1188.1
1201490 1188.1
1201500 1189.2
1201510 1189.7
1201520 1189.7
1201530 1189.6
1201540 1187.7
1201550 1187.7
1201560 1189.3
1201570 1190.2
1201580 1190.2
1201590 1191.6
1201600 1193.4
1201610 1193.4
1201620 1194.3
1201630 1194.0
1201640 1194.0
1201650 1194.0
1201660 1194.2
1201670 1195.4
1201680 1195.4
1201690 1195.7
1201700 1196.7
1201710 1196.7
1201720 1197.1
1201730 1197.8
1201740 1197.8
1201750 1196.4
1201760 1197.0
1201770 1197.0
1201780 1199.0
1201790 1200.3
1201800 1200.3
1201810 1194.1
1201820 1191.9
1201830 1191.9
1201840 1188.6
1201850 1188.9
1201860 1188.9
1201870 1190.9
1201880 1190.2
1201890 1190.2
1201900 1187.1
1201910 1185.0
1201920 1185.0
1201930 1183.4
1201940 1181.9
1201950 1181.9
1201960 1179.7
1201970 1176.9
1201980 1176.9
1201990 1175.1
1202000 1177.3
1202010 1175.5
1202020 1175.5
1202030 1171.3
1202040 1166.7
1202050 1166.7
1202060 1161.4
1202070 1155.0
1202080 1155.0
1202090 1146.6
1202100 1136.7
1202110 1136.7
1202120 1125.1
1202130 1116.3
1202140 1116.3
1202150 1112.5
1202160 1115.7
1202170 1115.7
1202180 1123.8
1202190 1131.4
1202200 1131.4
1202210 1143.3
1202220 1152.8
1202230 1152.8
1202240 1158.4
1202250 1164.9
1202260 1167.7
1202270 1170.9
1202280 1172.4
1202290 1172.4
1202300 1172.7
1202310 1172.3
1202320 1172.3
1202330 1174.5
1202340 1178.9
1202350 1183.3
1202360 1183.3
1202370 1185.3
1202380 1186.0
1202390 1186.0
1202400 1186.9
1202410 1187.9
1202420 1187.9
1202430 1188.9
1202440 1190.0
1202450 1190.0
1202460 1191.6
1202470 1192.8
1202480 1192.8
1202490 1190.9
1202500 1186.8
1202510 1186.8
1202520 1186.1
1202530 1187.3
1202540 1187.3
1202550 1186.6
1202560 1187.9
1202570 1187.9
1202580 1191.8
1202590 1192.6
1202600 1192.6
1202610 1189.0
1202620 1188.1
1202630 1188.1
1202640 1191.3
1202650 1194.3
1202660 1194.3
1202670 1196.1
1202680 1195.8
1202690 1195.8
1202700 1194.4
1202710 1191.8
1202720 1194.4
1202730 1194.4
1202740 1196.0
1202750 1195.1
1202760 1195.1
1202770 1190.0
1202780 1183.3
1202790 1183.3
1202800 1179.0
1202810 1175.4
1202820 1175.4
1202830 1178.9
1202840 1185.5
1202850 1185.5
1202860 1190.3
1202870 1192.6
1202880 1192.6
1202890 1193.3
1202900 1193.6
1202910 1193.6
1202920 1194.9
1202930 1196.2
1202940 1196.2
1202950 1197.7
1202960 1202.0
1202970 1202.0
1202980 1204.6
1202990 1204.0
1203000 1204.0
1203010 1204.2
1203020 1205.6
1203030 1205.6
1203040 1206.1
1203050 1204.6
1203060 1204.9
1203070 1204.9
1203080 1208.1
1203090 1210.7
1203100 1210.7
1203110 1213.1
1203120 1215.6
1203130 1215.6
1203140 1217.4
1203150 1219.4
1203160 1219.4
1203170 1222.2
1203180 1223.8
1203190 1223.8
1203200 1224.4
1203210 1225.5
1203220 1225.5
1203230 1227.3
1203240 1227.7
1203250 1227.7
1203260 1227.8
1203270 1228.6
1203280 1228.6
1203290 1229.9
1203300 1230.9
1203310 1230.9
1203320 1229.5
1203330 1226.9
1203340 1226.9
1203350 1226.5
1203360 1225.4
1203370 1225.4
1203380 1225.5
1203390 1227.4
1203400 1229.9
1203410 1229.9
1203420 1232.3
1203430 1235.5
1203440 1235.5
1203450 1235.1
1203460 1237.4
1203470 1237.4
1203480 1240.2
1203490 1239.3
1203500 1239.3
1203510 1237.2
1203520 1243.2
1203530 1243.2
1203540 1247.5
1203550 1249.7
1203560 1249.7
1203570 1251.7
1203580 1253.6
1203590 1253.6
1203600 1256.4
1203610 1260.1
1203620 1254.4
1203630 1257.2
1203640 1261.9
1203650 1261.9
1203660 1267.7
1203670 1274.4
1203680 1274.4
1203690 1278.6
1203700 1280.6
1203710 1280.6
1203720 1281.4
1203730 1283.4
1203740 1283.4
1203750 1287.1
1203760 1291.3
1203770 1296.0
1203780 1296.0
1203790 1300.3
1203800 1302.9
1203810 1302.9
1203820 1306.2
1203830 1309.3
1203840 1309.3
1203850 1311.5
1203860 1313.7
1203870 1313.7
1203880 1315.4
1203890 1317.2
1203900 1317.2
1203910 1319.2
1203920 1321.2
1203930 1321.2
1203940 1322.3
1203950 1322.8
1203960 1322.8
1203970 1324.6
1203980 1327.6
1203990 1327.6
1204000 1331.0
1204010 1334.5
1204020 1334.5
1204030 1338.0
1204040 1341.8
1204050 1341.8
1204060 1345.7
1204070 1349.7
1204080 1344.3
1204090 1347.6
1204100 1351.5
1204110 1354.1
1204120 1354.1
1204130 1356.7
1204140 1360.1
1204150 1360.1
1204160 1363.2
1204170 1366.2
1204180 1366.2
1204190 1368.0
1204200 1372.7
1204210 1372.7
1204220 1379.2
1204230 1384.0
1204240 1384.0
1204250 1388.0
1204260 1391.2
1204270 1391.2
1204280 1395.9
1204290 1400.5
1204300 1400.5
1204310 1407.1
1204320 1414.4
1204330 1414.4
1204340 1421.8
1204350 1429.1
1204360 1429.1
1204370 1435.5
1204380 1441.0
1204390 1441.0
1204400 1446.0
1204410 1451.7
1204420 1451.7
1204430 1457.1
1204440 1461.0
1204450 1461.0
1204460 1464.5
1204470 1467.1
1204480 1469.5
1204490 1469.5
1204500 1473.1
1204510 1476.2
1204520 1476.2
1204530 1476.4
1204540 1477.9
1204550 1477.9
1204560 1478.8
1204570 1479.3
1204580 1479.3
1204590 1478.8
1204600 1478.5
1204610 1478.5
1204620 1478.2
1204630 1477.6
1204640 1477.6
1204650 1478.7
1204660 1480.9
1204670 1480.9
1204680 1482.6
1204690 1484.4
1204700 1484.4
1204710 1485.9
1204720 1487.2
1204730 1487.2
1204740 1488.1
1204750 1488.8
1204760 1488.8
1204770 1489.2
1204780 1489.3
1204790 1489.3
1204800 1489.0
1204810 1489.0
1204820 1488.9
1204830 1488.9
1204840 1488.4
1204850 1488.0
1204860 1488.0
1204870 1487.7
1204880 1487.1
1204890 1487.1
1204900 1486.6
1204910 1486.3
1204920 1486.3
1204930 1485.9
1204940 1486.3
1204950 1486.3
1204960 1486.5
1204970 1486.5
1204980 1486.5
1204990 1491.0
1205000 1491.4
1205010 1491.4
1205020 1492.0
1205030 1492.7
1205040 1492.7
1205050 1494.1
1205060 1495.8
1205070 1495.8
1205080 1496.6
1205090 1496.8
1205100 1496.8
1205110 1497.8
1205120 1500.1
1205130 1500.1
1205140 1502.6
1205150 1503.6
1205160 1505.2
1205170 1505.2
1205180 1507.1
1205190 1509.1
1205200 1509.1
1205210 1510.0
1205220 1512.0
1205230 1512.0
1205240 1514.7
1205250 1517.1
1205260 1517.1
1205270 1518.7
1205280 1519.8
1205290 1519.8
1205300 1521.8
1205310 1524.1
1205320 1524.1
1205330 1526.5
1205340 1528.9
1205350 1528.9
1205360 1530.7
1205370 1532.5
1205380 1532.5
1205390 1534.5
1205400 1536.9
1205410 1536.9
1205420 1540.2
1205430 1544.1
1205440 1544.1
1205450 1551.0
1205460 1552.3
1205470 1552.3
1205480 1551.5
1205490 1550.2
1205500 1550.2
1205510 1549.5
1205520 1549.1
1205530 1548.2
1205540 1548.2
1205550 1546.9
1205560 1546.7
1205570 1546.7
1205580 1546.9
1205590 1546.7
1205600 1546.7
1205610 1546.3
1205620 1544.8
1205630 1544.8
1205640 1543.8
1205650 1542.4
1205660 1542.4
1205670 1542.0
1205680 1542.5
1205690 1542.5
1205700 1542.1
1205710 1540.5
1205720 1540.5
1205730 1538.3
1205740 1536.8
1205750 1536.8
1205760 1534.8
1205770 1532.2
1205780 1532.2
1205790 1530.0
1205800 1527.3
1205810 1527.3
1205820 1524.2
1205830 1520.5
1205840 1520.5
1205850 1516.4
1205860 1513.3
1205870 1508.1
1205880 1508.1
1205890 1502.5
1205900 1493.3
1205910 1493.3
1205920 1487.5
1205930 1479.3
1205940 1479.3
1205950 1470.4
1205960 1462.1
1205970 1462.1
1205980 1452.0
1205990 1440.8
1206000 1440.8
1206010 1429.0
1206020 1419.8
1206030 1419.8
1206040 1412.8
1206050 1405.7
1206060 1405.7
1206070 1397.1
1206080 1389.1
1206090 1389.1
1206100 1378.7
1206110 1367.0
1206120 1367.0
1206130 1357.8
1206140 1350.0
1206150 1350.0
1206160 1341.0
1206170 1331.7
1206180 1331.7
1206190 1323.7
1206200 1314.3
1206210 1305.5
1206220 1305.5
1206230 1300.6
1206240 1296.2
1206250 1296.2
1206260 1292.6
1206270 1286.7
1206280 1286.7
1206290 1281.8
1206300 1278.1
1206310 1278.1
1206320 1276.6
1206330 1270.3
1206340 1270.3
1206350 1261.6
1206360 1251.5
1206370 1251.5
1206380 1244.1
1206390 1236.8
1206400 1236.8
1206410 1229.3
1206420 1221.8
1206430 1221.8
1206440 1215.0
1206450 1207.4
1206460 1207.4
1206470 1198.5
1206480 1189.8
1206490 1189.8
1206500 1182.4
1206510 1175.9
1206520 1175.9
1206530 1168.8
1206540 1160.2
1206550 1160.2
1206560 1149.0
1206570 1139.5
1206580 1132.8
1206590 1132.8
1206600 1125.8
1206610 1117.7
1206620 1117.7
1206630 1108.6
1206640 1099.9
1206650 1099.9
1206660 1091.7
1206670 1083.7
1206680 1083.7
1206690 1074.9
1206700 1066.9
1206710 1066.9
1206720 1059.5
1206730 1052.3
1206740 1052.3
1206750 1044.7
1206760 1036.6
1206770 1036.6
1206780 1028.4
1206790 1022.5
1206800 1022.5
1206810 1021.6
1206820 1021.0
1206830 1021.0
1206840 1019.4
1206850 1019.9
1206860 1019.9
1206870 1021.3
1206880 1022.0
1206890 1022.0
1206900 1022.5
1206910 1023.6
1206920 1025.6
1206930 1025.6
1206940 1028.5
1206950 1032.1
1206960 1032.1
1206970 1035.9
1206980 1040.1
1206990 1040.1
1207000 1046.1
1207010 1055.9
1207020 1055.9
1207030 1066.0
1207040 1075.0
1207050 1075.0
1207060 1082.7
1207070 1088.7
1207080 1088.7
1207090 1096.3
1207100 1103.9
1207110 1103.9
1207120 1112.2
1207130 1119.4
1207140 1119.4
1207150 1126.8
1207160 1134.3
1207170 1134.3
1207180 1144.7
1207190 1152.7
1207200 1152.7
1207210 1161.3
1207220 1170.8
1207230 1170.8
1207240 1187.8
1207250 1211.0
1207260 1211.0
1207270 1220.3
1207280 1210.4
1207290 1215.4
1207300 1215.4
1207310 1223.6
1207320 1233.0
1207330 1233.0
1207340 1243.2
1207350 1254.2
1207360 1254.2
1207370 1263.0
1207380 1274.1
1207390 1274.1
1207400 1291.0
1207410 1303.9
1207420 1303.9
1207430 1312.9
1207440 1323.7
1207450 1323.7
1207460 1335.0
1207470 1343.3
1207480 1343.3
1207490 1351.7
1207500 1361.1
1207510 1361.1
1207520 1370.8
1207530 1380.7
1207540 1380.7
1207550 1388.4
1207560 1394.8
1207570 1394.8
1207580 1403.8
1207590 1412.7
1207600 1412.7
1207610 1418.7
1207620 1428.0
1207630 1440.1
1207640 1440.1
1207650 1456.5
1207660 1465.3
1207670 1465.3
1207680 1486.9
1207690 1506.8
1207700 1506.8
1207710 1521.3
1207720 1524.5
1207730 1524.5
1207740 1532.0
1207750 1529.5
1207760 1529.5
1207770 1527.0
1207780 1523.8
1207790 1523.8
1207800 1524.9
1207810 1527.4
1207820 1527.4
1207830 1530.8
1207840 1532.0
1207850 1532.0
1207860 1530.2
1207870 1526.8
1207880 1526.8
1207890 1523.2
1207900 1520.1
1207910 1520.1
1207920 1516.3
1207930 1512.5
1207940 1512.5
1207950 1508.7
1207960 1504.7
1207970 1501.3
1207980 1501.3
1207990 1498.2
1208000 1494.9
1208010 1494.9
1208020 1490.9
1208030 1487.1
1208040 1487.1
1208050 1488.2
1208060 1493.4
1208070 1493.4
1208080 1498.7
1208090 1503.5
1208100 1503.5
1208110 1507.8
1208120 1511.8
1208130 1511.8
1208140 1514.8
1208150 1516.6
1208160 1516.6
1208170 1518.0
1208180 1518.5
1208190 1518.5
1208200 1519.2
1208210 1522.4
1208220 1522.4
1208230 1522.7
1208240 1521.9
1208250 1521.9
1208260 1521.5
1208270 1520.5
1208280 1520.5
1208290 1521.3
1208300 1522.3
1208310 1522.3
1208320 1522.8
1208330 1523.8
1208340 1524.8
1208350 1524.8
1208360 1524.7
1208370 1523.0
1208380 1523.0
1208390 1522.3
1208400 1523.7
1208410 1523.7
1208420 1526.2
1208430 1526.7
1208440 1526.7
1208450 1526.5
1208460 1524.8
1208470 1524.8
1208480 1523.9
1208490 1522.7
1208500 1522.7
1208510 1523.0
1208520 1524.3
1208530 1524.3
1208540 1525.2
1208550 1524.5
1208560 1524.5
1208570 1520.4
1208580 1523.3
1208590 1523.3
1208600 1527.8
1208610 1529.7
1208620 1529.7
1208630 1529.3
1208640 1530.6
1208650 1530.6
1208660 1531.1
1208670 1534.9
1208680 1535.4
1208690 1535.4
1208700 1536.9
1208710 1538.8
1208720 1538.8
1208730 1540.9
1208740 1545.6
1208750 1545.6
1208760 1548.4
1208770 1549.6
1208780 1549.6
1208790 1552.6
1208800 1556.1
1208810 1556.1
1208820 1558.8
1208830 1561.1
1208840 1561.1
1208850 1563.4
1208860 1564.2
1208870 1564.2
1208880 1564.6
1208890 1566.8
1208900 1566.8
1208910 1569.2
1208920 1570.2
1208930 1570.2
1208940 1571.4
1208950 1571.4
1208960 1571.4
1208970 1570.0
1208980 1569.2
1208990 1569.2
1209000 1569.2
1209010 1569.9
1209020 1570.5
1209030 1570.5
1209040 1570.9
1209050 1571.6
1209060 1571.6
1209070 1572.1
1209080 1572.2
1209090 1572.2
1209100 1572.0
1209110 1571.5
1209120 1571.5
1209130 1569.1
1209140 1570.1
1209150 1570.1
1209160 1569.1
1209170 1567.4
1209180 1567.4
1209190 1567.7
1209200 1567.8
1209210 1567.8
1209220 1567.5
1209230 1567.9
1209240 1567.9
1209250 1567.8
1209260 1564.5
1209270 1564.5
1209280 1559.1
1209290 1562.3
1209300 1562.3
1209310 1568.6
1209320 1572.3
1209330 1572.3
1209340 1575.1
1209350 1578.7
1209360 1578.7
1209370 1581.5
1209380 1583.6
1209390 1586.2
1209400 1586.2
1209410 1588.9
1209420 1590.5
1209430 1590.5
1209440 1592.6
1209450 1595.1
1209460 1595.1
1209470 1595.8
1209480 1593.9
1209490 1593.9
1209500 1590.9
1209510 1589.4
1209520 1589.4
1209530 1594.2
1209540 1602.3
1209550 1602.3
1209560 1608.7
1209570 1611.0
1209580 1611.0
1209590 1612.9
1209600 1613.4
1209610 1613.4
1209620 1618.0
1209630 1624.9
1209640 1624.9
1209650 1632.2
1209660 1638.2
1209670 1638.2
1209680 1641.2
1209690 1644.5
1209700 1644.5
1209710 1649.5
1209720 1656.1
1209730 1659.8
1209740 1659.8
1209750 1659.2
1209760 1649.1
1209770 1649.1
1209780 1637.5
1209790 1627.0
1209800 1627.0
1209810 1621.8
1209820 1619.3
1209830 1619.3
1209840 1607.6
1209850 1590.4
1209860 1590.4
1209870 1579.6
1209880 1569.7
1209890 1569.7
1209900 1549.9
1209910 1525.1
1209920 1525.1
1209930 1506.5
1209940 1501.5
1209950 1501.5
1209960 1499.2
1209970 1490.7
1209980 1490.7
1209990 1491.8
1210000 1498.0
1210010 1498.0
1210020 1507.4
1210030 1514.1
1210040 1514.1
1210050 1515.7
1210060 1491.6
1210070 1498.8
1210080 1498.8
1210090 1492.1
1210100 1479.5
1210110 1479.5
1210120 1480.8
1210130 1483.5
1210140 1483.5
1210150 1486.9
1210160 1491.4
1210170 1491.4
1210180 1498.3
1210190 1505.4
1210200 1505.4
1210210 1513.0
1210220 1515.8
1210230 1515.8
1210240 1517.4
1210250 1518.8
1210260 1518.8
1210270 1512.2
1210280 1500.2
1210290 1500.2
1210300 1490.4
1210310 1476.6
1210320 1476.6
1210330 1443.3
1210340 1411.2
1210350 1411.2
1210360 1414.3
1210370 1424.2
1210380 1424.2
1210390 1433.6
1210400 1445.6
1210410 1445.6
1210420 1456.1
1210430 1467.5
1210440 1475.3
1210450 1475.3
1210460 1471.1
1210470 1466.9
1210480 1466.9
1210490 1466.7
1210500 1462.7
1210510 1462.7
1210520 1457.2
1210530 1444.2
1210540 1444.2
1210550 1431.5
1210560 1423.0
1210570 1423.0
1210580 1414.9
1210590 1408.0
1210600 1408.0
1210610 1401.8
1210620 1395.6
1210630 1395.6
1210640 1387.0
1210650 1381.9
1210660 1381.9
1210670 1383.5
1210680 1378.9
1210690 1378.9
1210700 1371.7
1210710 1367.4
1210720 1367.4
1210730 1365.2
1210740 1360.5
1210750 1360.5
1210760 1354.2
1210770 1345.5
1210780 1335.8
1210790 1335.8
1210800 1327.9
1210810 1326.3
1210820 1326.3
1210830 1329.3
1210840 1327.5
1210850 1327.5
1210860 1321.7
1210870 1314.5
1210880 1314.5
1210890 1307.9
1210900 1296.1
1210910 1296.1
1210920 1285.4
1210930 1275.7
1210940 1275.7
1210950 1266.5
1210960 1257.3
1210970 1257.3
1210980 1255.5
1210990 1269.8
1211000 1266.4
1211010 1281.2
1211020 1273.9
1211030 1273.9
1211040 1258.7
1211050 1252.0
1211060 1252.0
1211070 1250.1
1211080 1261.0
1211090 1261.0
1211100 1270.2
1211110 1288.8
1211120 1288.8
1211130 1298.3
1211140 1305.0
1211150 1309.9
1211160 1309.9
1211170 1313.6
1211180 1315.0
1211190 1315.0
1211200 1314.2
1211210 1313.6
1211220 1313.6
1211230 1312.9
1211240 1311.1
1211250 1311.1
1211260 1308.8
1211270 1306.1
1211280 1306.1
1211290 1303.1
1211300 1300.5
1211310 1300.5
1211320 1299.2
1211330 1298.1
1211340 1298.1
1211350 1296.3
1211360 1293.9
1211370 1293.9
1211380 1291.7
1211390 1288.2
1211400 1288.2
1211410 1285.0
1211420 1283.2
1211430 1283.2
1211440 1283.4
1211450 1282.7
1211460 1277.0
1211470 1272.5
1211480 1266.9
1211490 1261.4
1211500 1261.4
1211510 1257.5
1211520 1252.8
1211530 1252.8
1211540 1251.0
1211550 1252.5
1211560 1252.5
1211570 1258.3
1211580 1261.7
1211590 1261.7
1211600 1261.5
1211610 1262.8
1211620 1262.8
1211630 1264.6
1211640 1263.7
1211650 1263.7
1211660 1260.4
1211670 1250.9
1211680 1250.9
1211690 1243.2
1211700 1240.4
1211710 1240.4
1211720 1239.9
1211730 1237.7
1211740 1237.7
1211750 1231.3
1211760 1226.4
1211770 1226.4
1211780 1224.6
1211790 1230.2
1211800 1230.2
1211810 1240.2
1211820 1245.6
1211830 1248.4
1211840 1248.4
1211850 1238.4
1211860 1234.7
1211870 1234.7
1211880 1237.7
1211890 1246.0
1211900 1246.0
1211910 1255.4
1211920 1263.5
1211930 1270.1
1211940 1274.0
1211950 1274.1
1211960 1274.1
1211970 1272.0
1211980 1273.3
1211990 1273.3
1212000 1279.8
1212010 1282.0
1212020 1282.0
1212030 1284.6
1212040 1283.9
1212050 1283.9
1212060 1286.1
1212070 1289.8
1212080 1289.8
1212090 1294.4
1212100 1292.7
1212110 1292.7
1212120 1298.9
1212130 1305.9
1212140 1305.9
1212150 1312.7
1212160 1320.5
1212170 1320.5
1212180 1324.4
1212190 1329.8
1212200 1338.0
1212210 1338.0
1212220 1338.7
1212230 1334.9
1212240 1334.9
1212250 1334.8
1212260 1335.8
1212270 1335.8
1212280 1340.6
1212290 1353.0
1212300 1353.0
1212310 1366.3
1212320 1374.4
1212330 1374.4
1212340 1381.5
1212350 1389.6
1212360 1389.6
1212370 1398.8
1212380 1408.2
1212390 1408.2
1212400 1417.6
1212410 1423.6
1212420 1423.6
1212430 1429.0
1212440 1436.7
1212450 1436.7
1212460 1444.7
1212470 1444.1
1212480 1444.1
1212490 1443.8
1212500 1447.8
1212510 1447.8
1212520 1455.5
1212530 1464.5
1212540 1474.7
1212550 1474.7
1212560 1481.8
1212570 1488.7
1212580 1488.7
1212590 1496.2
1212600 1506.2
1212610 1506.2
1212620 1518.6
1212630 1532.1
1212640 1532.1
1212650 1541.1
1212660 1548.6
1212670 1548.6
1212680 1557.8
1212690 1568.4
1212700 1568.4
1212710 1577.2
1212720 1582.1
1212730 1582.1
1212740 1588.1
1212750 1598.2
1212760 1598.2
1212770 1606.8
1212780 1615.0
1212790 1615.0
1212800 1615.8
1212810 1615.3
1212820 1615.3
1212830 1622.5
1212840 1626.0
1212850 1626.0
1212860 1627.5
1212870 1641.5
1212880 1646.6
1212890 1646.6
1212900 1648.3
1212910 1649.4
1212920 1649.4
1212930 1649.6
1212940 1649.4
1212950 1649.4
1212960 1646.6
1212970 1640.5
1212980 1640.5
1212990 1639.4
1213000 1646.0
1213010 1646.0
1213020 1655.7
1213030 1658.4
1213040 1658.4
1213050 1659.0
1213060 1663.3
1213070 1663.3
1213080 1659.6
1213090 1660.7
1213100 1660.7
1213110 1665.6
1213120 1664.9
1213130 1664.9
1213140 1668.0
1213150 1668.0
1213160 1668.0
1213170 1674.2
1213180 1672.2
1213190 1672.2
1213200 1674.4
1213210 1679.6
1213220 1679.6
1213230 1678.6
1213240 1681.0
1213250 1684.5
1213260 1684.5
1213270 1687.8
1213280 1690.3
1213290 1690.3
1213300 1697.5
1213310 1700.4
1213320 1700.4
1213330 1706.4
1213340 1723.9
1213350 1723.9
1213360 1722.9
1213370 1720.8
1213380 1720.8
1213390 1724.6
1213400 1733.6
1213410 1733.6
1213420 1741.5
1213430 1745.1
1213440 1745.1
1213450 1747.1
1213460 1749.4
1213470 1749.4
1213480 1753.0
1213490 1758.6
1213500 1758.6
1213510 1763.2
1213520 1757.5
1213530 1757.5
1213540 1751.8
1213550 1749.4
1213560 1749.4
1213570 1753.1
1213580 1756.0
1213590 1762.1
1213600 1762.1
1213610 1771.1
1213620 1777.2
1213630 1777.2
1213640 1777.5
1213650 1780.7
1213660 1780.7
1213670 1791.8
1213680 1801.0
1213690 1801.0
1213700 1804.9
