1200000 1310.0
1200010 1310.0
1200020 1307.4
1200030 1303.6
1200040 1303.6
1200050 1302.0
1200060 1300.3
1200070 1300.3
1200080 1296.5
1200090 1292.0
1200100 1292.0
1200110 1289.2
1200120 1288.4
1200130 1288.4
1200140 1283.2
1200150 1277.0
1200160 1277.0
1200170 1272.7
1200180 1270.1
1200190 1270.1
1200200 1271.0
1200210 1271.8
1200220 1271.8
1200230 1271.1
1200240 1268.9
1200250 1269.7
1200260 1269.7
1200270 1269.6
1200280 1268.0
1200290 1268.0
1200300 1268.2
1200310 1270.1
1200320 1270.1
1200330 1272.3
1200340 1274.2
1200350 1274.2
1200360 1276.9
1200370 1281.7
1200380 1281.7
1200390 1285.1
1200400 1287.0
1200410 1287.0
1200420 1289.7
1200430 1294.5
1200440 1293.9
1200450 1297.2
1200460 1302.2
1200470 1302.2
1200480 1307.4
1200490 1312.4
1200500 1312.4
1200510 1316.6
1200520 1320.5
1200530 1320.5
1200540 1322.3
1200550 1326.1
1200560 1326.1
1200570 1334.3
1200580 1342.1
1200590 1342.1
1200600 1348.3
1200610 1353.8
1200620 1359.2
1200630 1359.2
1200640 1364.6
1200650 1368.6
1200660 1368.6
1200670 1373.4
1200680 1377.2
1200690 1377.2
1200700 1382.8
1200710 1388.0
1200720 1388.0
1200730 1390.1
1200740 1392.9
1200750 1392.9
1200760 1395.4
1200770 1402.1
1200780 1402.1
1200790 1409.8
1200800 1418.7
1200810 1418.7
1200820 1427.8
1200830 1436.7
1200840 1436.7
1200850 1444.5
1200860 1451.7
1200870 1451.7
1200880 1457.9
1200890 1461.5
1200900 1461.5
1200910 1468.7
1200920 1474.9
1200930 1474.9
1200940 1478.8
1200950 1482.5
1200960 1482.5
1200970 1485.7
1200980 1488.4
1200990 1491.2
1201000 1491.2
1201010 1493.8
1201020 1495.5
1201030 1495.5
1201040 1498.0
1201050 1501.2
1201060 1501.2
1201070 1503.3
1201080 1505.4
1201090 1505.4
1201100 1507.4
1201110 1506.5
1201120 1506.5
1201130 1504.6
1201140 1507.8
1201150 1507.8
1201160 1513.6
1201170 1519.2
1201180 1519.2
1201190 1523.7
1201200 1528.2
1201210 1528.2
1201220 1529.8
1201230 1527.2
1201240 1527.2
1201250 1526.3
1201260 1529.4
1201270 1529.4
1201280 1533.9
1201290 1540.6
1201300 1540.6
1201310 1548.8
1201320 1555.1
1201330 1561.0
1201340 1552.4
1201350 1557.2
1201360 1564.7
1201370 1564.7
1201380 1575.2
1201390 1584.0
1201400 1584.0
1201410 1587.0
1201420 1588.0
1201430 1588.0
1201440 1593.5
1201450 1600.7
1201460 1600.7
1201470 1605.3
1201480 1610.4
1201490 1610.4
1201500 1616.0
1201510 1621.5
1201520 1621.5
1201530 1626.3
1201540 1631.6
1201550 1631.6
1201560 1637.8
1201570 1644.1
1201580 1644.1
1201590 1650.1
1201600 1656.4
1201610 1656.4
1201620 1662.4
1201630 1668.5
1201640 1668.5
1201650 1674.2
1201660 1679.2
1201670 1679.2
1201680 1685.7
1201690 1693.4
1201700 1701.4
1201710 1701.4
1201720 1706.8
1201730 1703.8
1201740 1703.8
1201750 1698.3
1201760 1690.4
1201770 1690.4
1201780 1680.7
1201790 1671.3
1201800 1678.1
1201810 1667.5
1201820 1658.7
1201830 1658.7
1201840 1651.6
1201850 1644.7
1201860 1644.7
1201870 1639.1
1201880 1633.6
1201890 1633.6
1201900 1629.0
1201910 1625.4
1201920 1625.4
1201930 1622.7
1201940 1619.8
1201950 1619.8
1201960 1615.7
1201970 1612.7
1201980 1612.7
1201990 1610.8
1202000 1610.8
1202010 1610.8
1202020 1611.9
1202030 1613.7
1202040 1613.7
1202050 1615.3
1202060 1618.2
1202070 1621.1
1202080 1621.1
1202090 1625.4
1202100 1629.8
1202110 1629.8
1202120 1634.1
1202130 1639.0
1202140 1639.0
1202150 1644.1
1202160 1650.2
1202170 1650.2
1202180 1657.6
1202190 1662.9
1202200 1662.9
1202210 1667.7
1202220 1675.5
1202230 1675.5
1202240 1682.5
1202250 1691.3
1202260 1691.3
1202270 1695.3
1202280 1699.0
1202290 1699.0
1202300 1700.2
1202310 1699.8
1202320 1699.8
1202330 1699.5
1202340 1693.5
1202350 1693.5
1202360 1693.0
1202370 1692.0
1202380 1692.0
1202390 1692.4
1202400 1689.2
1202410 1685.5
1202420 1685.5
1202430 1680.0
1202440 1674.7
1202450 1674.7
1202460 1671.3
1202470 1665.9
1202480 1665.9
1202490 1660.2
1202500 1656.2
1202510 1656.2
1202520 1652.8
1202530 1649.3
1202540 1649.3
1202550 1647.4
1202560 1646.6
1202570 1646.6
1202580 1643.8
1202590 1639.0
1202600 1639.0
1202610 1632.7
1202620 1627.7
1202630 1627.7
1202640 1624.0
1202650 1621.7
1202660 1621.7
1202670 1622.7
1202680 1622.4
1202690 1622.4
1202700 1624.7
1202710 1630.0
1202720 1630.0
1202730 1634.7
1202740 1634.7
1202750 1634.7
1202760 1634.8
1202770 1636.9
1202780 1640.4
1202790 1640.4
1202800 1643.0
1202810 1644.3
1202820 1644.3
1202830 1646.1
1202840 1649.5
1202850 1649.5
1202860 1654.1
1202870 1658.2
1202880 1658.2
1202890 1661.1
1202900 1664.9
1202910 1664.9
1202920 1668.4
1202930 1670.2
1202940 1670.2
1202950 1671.2
1202960 1670.5
1202970 1670.5
1202980 1668.9
1202990 1667.7
1203000 1667.7
1203010 1666.9
1203020 1665.4
1203030 1665.4
1203040 1664.4
1203050 1664.0
1203060 1664.0
1203070 1661.9
1203080 1658.8
1203090 1658.8
1203100 1655.4
1203110 1652.5
1203120 1652.5
1203130 1650.8
1203140 1649.3
1203150 1652.8
1203160 1652.8
1203170 1653.4
1203180 1655.2
1203190 1655.2
1203200 1658.3
1203210 1660.5
1203220 1660.5
1203230 1663.6
1203240 1667.4
1203250 1667.4
1203260 1671.5
1203270 1674.6
1203280 1674.6
1203290 1678.0
1203300 1682.2
1203310 1682.2
1203320 1687.0
1203330 1692.4
1203340 1692.4
1203350 1698.2
1203360 1703.5
1203370 1703.5
1203380 1708.1
1203390 1711.2
1203400 1711.2
1203410 1714.2
1203420 1720.2
1203430 1720.2
1203440 1726.0
1203450 1731.2
1203460 1731.2
1203470 1738.0
1203480 1744.7
1203490 1751.7
1203500 1751.7
1203510 1760.2
1203520 1769.9
1203530 1769.9
1203540 1779.5
1203550 1788.5
1203560 1788.5
1203570 1789.0
1203580 1782.0
1203590 1782.0
1203600 1775.4
1203610 1776.9
1203620 1776.9
1203630 1773.0
1203640 1768.6
1203650 1768.6
1203660 1762.0
1203670 1755.6
1203680 1755.6
1203690 1750.1
1203700 1746.2
1203710 1746.2
1203720 1743.9
1203730 1741.3
1203740 1741.3
1203750 1737.2
1203760 1732.4
1203770 1732.4
1203780 1727.9
1203790 1724.2
1203800 1724.2
1203810 1721.0
1203820 1717.7
1203830 1717.7
1203840 1713.5
1203850 1709.3
1203860 1704.8
1203870 1704.8
1203880 1700.3
1203890 1696.7
1203900 1696.7
1203910 1693.1
1203920 1688.3
1203930 1688.3
1203940 1684.5
1203950 1682.1
1203960 1682.1
1203970 1680.2
1203980 1678.1
1203990 1678.1
1204000 1675.1
1204010 1671.7
1204020 1671.7
1204030 1667.9
1204040 1664.9
1204050 1664.9
1204060 1667.8
1204070 1665.0
1204080 1665.0
1204090 1661.5
1204100 1658.0
1204110 1658.0
1204120 1655.5
1204130 1653.0
1204140 1653.0
1204150 1650.4
1204160 1648.7
1204170 1648.7
1204180 1647.7
1204190 1646.5
1204200 1646.5
1204210 1645.4
1204220 1644.5
1204230 1643.4
1204240 1643.4
1204250 1642.2
1204260 1640.6
1204270 1640.6
1204280 1639.7
1204290 1641.7
1204300 1641.7
1204310 1642.5
1204320 1640.5
1204330 1640.5
1204340 1637.2
1204350 1634.7
1204360 1634.7
1204370 1633.5
1204380 1633.0
1204390 1633.0
1204400 1631.9
1204410 1629.1
1204420 1629.1
1204430 1623.0
1204440 1616.9
1204450 1616.9
1204460 1612.5
1204470 1607.8
1204480 1607.8
1204490 1603.5
1204500 1601.5
1204510 1601.5
1204520 1605.8
1204530 1606.2
1204540 1606.2
1204550 1606.4
1204560 1606.7
1204570 1608.9
1204580 1608.9
1204590 1611.1
1204600 1614.1
1204610 1614.1
1204620 1613.8
1204630 1615.6
1204640 1615.6
1204650 1619.6
1204660 1622.4
1204670 1622.4
1204680 1621.3
1204690 1617.6
1204700 1617.6
1204710 1615.2
1204720 1617.0
1204730 1617.0
1204740 1608.4
1204750 1599.1
1204760 1599.1
1204770 1593.6
1204780 1589.0
1204790 1589.0
1204800 1586.7
1204810 1585.7
1204820 1585.7
1204830 1585.6
1204840 1580.8
1204850 1580.8
1204860 1577.3
1204870 1575.5
1204880 1575.5
1204890 1574.7
1204900 1574.4
1204910 1574.4
1204920 1572.2
1204930 1570.2
1204940 1567.3
1204950 1567.3
1204960 1562.4
1204970 1554.9
1204980 1563.4
1204990 1565.8
1205000 1562.4
1205010 1562.4
1205020 1558.9
1205030 1556.8
1205040 1556.8
1205050 1557.2
1205060 1555.8
1205070 1555.8
1205080 1557.1
1205090 1555.8
1205100 1555.8
1205110 1553.8
1205120 1553.4
1205130 1553.4
1205140 1550.8
1205150 1548.7
1205160 1548.7
1205170 1549.0
1205180 1547.0
1205190 1547.0
1205200 1547.4
1205210 1549.3
1205220 1549.3
1205230 1544.7
1205240 1543.9
1205250 1543.9
1205260 1543.5
1205270 1543.3
1205280 1543.3
1205290 1545.3
1205300 1546.9
1205310 1546.8
1205320 1546.8
1205330 1547.6
1205340 1545.9
1205350 1545.9
1205360 1543.2
1205370 1540.5
1205380 1540.5
1205390 1541.2
1205400 1538.5
1205410 1538.5
1205420 1535.0
1205430 1533.7
1205440 1541.9
1205450 1539.9
1205460 1537.1
1205470 1537.1
1205480 1533.8
1205490 1530.5
1205500 1530.5
1205510 1527.8
1205520 1524.5
1205530 1524.5
1205540 1520.3
1205550 1516.3
1205560 1516.3
1205570 1512.2
1205580 1507.9
1205590 1507.9
1205600 1503.8
1205610 1499.6
1205620 1499.6
1205630 1493.0
1205640 1485.2
1205650 1483.0
1205660 1483.0
1205670 1481.1
1205680 1476.6
1205690 1476.6
1205700 1473.3
1205710 1471.5
1205720 1471.5
1205730 1470.4
1205740 1469.4
1205750 1469.4
1205760 1468.1
1205770 1466.4
1205780 1466.4
1205790 1464.5
1205800 1462.2
1205810 1462.2
1205820 1459.9
1205830 1457.5
1205840 1457.5
1205850 1453.5
1205860 1447.9
1205870 1447.9
1205880 1441.6
1205890 1431.6
1205900 1431.6
1205910 1425.0
1205920 1417.4
1205930 1417.4
1205940 1409.5
1205950 1401.9
1205960 1401.9
1205970 1394.5
1205980 1387.3
1205990 1387.3
1206000 1381.4
1206010 1375.2
1206020 1367.4
1206030 1367.4
1206040 1359.6
1206050 1349.7
1206060 1349.7
1206070 1340.8
1206080 1332.3
1206090 1332.3
1206100 1323.7
1206110 1314.3
1206120 1314.3
1206130 1306.4
1206140 1298.3
1206150 1298.3
1206160 1291.3
1206170 1284.6
1206180 1284.6
1206190 1278.2
1206200 1271.5
1206210 1271.5
1206220 1263.7
1206230 1255.1
1206240 1255.1
1206250 1247.2
1206260 1240.3
1206270 1240.3
1206280 1233.8
1206290 1227.9
1206300 1227.9
1206310 1222.8
1206320 1215.2
1206330 1215.2
1206340 1204.3
1206350 1194.0
1206360 1184.0
1206370 1184.0
1206380 1173.5
1206390 1164.0
1206400 1164.0
1206410 1154.4
1206420 1144.3
1206430 1144.3
1206440 1134.6
1206450 1124.8
1206460 1124.8
1206470 1116.2
1206480 1110.0
1206490 1110.0
1206500 1104.6
1206510 1100.0
1206520 1100.0
1206530 1096.0
1206540 1091.3
1206550 1091.3
1206560 1086.3
1206570 1082.2
1206580 1082.2
1206590 1080.7
1206600 1080.2
1206610 1080.2
1206620 1079.9
1206630 1079.6
1206640 1079.6
1206650 1079.8
1206660 1079.8
1206670 1079.8
1206680 1079.9
1206690 1080.1
1206700 1080.1
1206710 1080.2
1206720 1079.5
1206730 1078.2
1206740 1078.2
1206750 1079.2
1206760 1079.1
1206770 1079.1
1206780 1078.4
1206790 1078.0
1206800 1078.0
1206810 1077.0
1206820 1076.9
1206830 1076.9
1206840 1076.6
1206850 1076.3
1206860 1076.3
1206870 1076.1
1206880 1075.7
1206890 1075.7
1206900 1075.4
1206910 1075.3
1206920 1075.3
1206930 1073.4
1206940 1070.3
1206950 1070.3
1206960 1069.4
1206970 1069.4
1206980 1069.4
1206990 1069.5
1207000 1069.9
1207010 1069.9
1207020 1070.1
1207030 1070.2
1207040 1070.2
1207050 1070.3
1207060 1070.5
1207070 1070.5
1207080 1070.7
1207090 1070.8
1207100 1073.6
1207110 1073.6
1207120 1081.2
1207130 1089.7
1207140 1089.7
1207150 1096.5
1207160 1103.0
1207170 1103.0
1207180 1109.6
1207190 1116.2
1207200 1116.2
1207210 1123.0
1207220 1129.6
1207230 1129.6
1207240 1136.1
1207250 1143.0
1207260 1143.0
1207270 1152.4
1207280 1159.3
1207290 1159.3
1207300 1166.5
1207310 1174.4
1207320 1174.4
1207330 1183.3
1207340 1192.2
1207350 1192.2
1207360 1200.4
1207370 1209.9
1207380 1209.9
1207390 1222.0
1207400 1228.9
1207410 1228.9
1207420 1239.2
1207430 1249.2
1207440 1260.3
1207450 1260.3
1207460 1276.0
1207470 1285.7
1207480 1285.7
1207490 1292.4
1207500 1298.3
1207510 1298.3
1207520 1304.0
1207530 1309.5
1207540 1309.5
1207550 1313.9
1207560 1315.0
1207570 1315.0
1207580 1317.8
1207590 1319.8
1207600 1319.8
1207610 1324.2
1207620 1330.0
1207630 1330.0
1207640 1335.5
1207650 1341.8
1207660 1341.8
1207670 1349.4
1207680 1357.9
1207690 1357.9
1207700 1369.5
1207710 1383.0
1207720 1383.0
1207730 1392.1
1207740 1400.2
1207750 1400.2
1207760 1412.6
1207770 1427.2
1207780 1427.2
1207790 1439.5
1207800 1459.7
1207810 1467.4
1207820 1467.4
1207830 1472.4
1207840 1478.3
1207850 1478.3
1207860 1485.9
1207870 1493.2
1207880 1493.2
1207890 1502.2
1207900 1509.4
1207910 1509.4
1207920 1516.4
1207930 1522.8
1207940 1522.8
1207950 1528.7
1207960 1534.1
1207970 1534.1
1207980 1541.3
1207990 1547.2
1208000 1547.2
1208010 1551.1
1208020 1555.8
1208030 1555.8
1208040 1558.3
1208050 1555.2
1208060 1555.2
1208070 1544.9
1208080 1533.9
1208090 1533.9
1208100 1523.8
1208110 1512.7
1208120 1512.7
1208130 1501.4
1208140 1498.1
1208150 1498.1
1208160 1503.0
1208170 1511.0
1208180 1502.8
1208190 1502.8
1208200 1508.3
1208210 1494.1
1208220 1494.1
1208230 1507.3
1208240 1520.5
1208250 1520.5
1208260 1531.3
1208270 1544.4
1208280 1544.4
1208290 1544.4
1208300 1546.9
1208310 1546.9
1208320 1559.3
1208330 1564.3
1208340 1564.3
1208350 1567.9
1208360 1576.1
1208370 1576.1
1208380 1587.2
1208390 1598.6
1208400 1598.6
1208410 1603.1
1208420 1611.1
1208430 1611.1
1208440 1625.9
1208450 1635.0
1208460 1635.0
1208470 1646.9
1208480 1660.9
1208490 1660.9
1208500 1670.5
1208510 1680.3
1208520 1686.0
1208530 1686.0
1208540 1689.0
1208550 1688.5
1208560 1688.5
1208570 1689.1
1208580 1693.0
1208590 1693.0
1208600 1692.7
1208610 1692.1
1208620 1692.1
1208630 1690.9
1208640 1688.5
1208650 1688.5
1208660 1690.9
1208670 1695.8
1208680 1695.8
1208690 1697.0
1208700 1699.1
1208710 1699.1
1208720 1698.7
1208730 1700.1
1208740 1700.1
1208750 1708.0
1208760 1712.7
1208770 1712.7
1208780 1717.0
1208790 1721.0
1208800 1721.0
1208810 1720.8
1208820 1711.4
1208830 1711.4
1208840 1702.2
1208850 1694.6
1208860 1694.6
1208870 1687.5
1208880 1678.1
1208890 1668.3
1208900 1668.3
1208910 1661.2
1208920 1655.2
1208930 1655.2
1208940 1649.4
1208950 1643.2
1208960 1643.2
1208970 1636.7
1208980 1630.0
1208990 1630.0
1209000 1623.5
1209010 1616.9
1209020 1616.9
1209030 1610.1
1209040 1604.0
1209050 1604.0
1209060 1598.4
1209070 1593.3
1209080 1593.3
1209090 1589.3
1209100 1585.9
1209110 1585.9
1209120 1587.4
1209130 1584.7
1209140 1584.7
1209150 1583.9
1209160 1584.9
1209170 1584.9
1209180 1586.5
1209190 1586.8
1209200 1586.8
1209210 1584.1
1209220 1580.4
1209230 1580.4
1209240 1577.0
1209250 1573.1
1209260 1567.9
1209270 1567.9
1209280 1563.9
1209290 1560.6
1209300 1560.6
1209310 1556.8
1209320 1555.0
1209330 1555.0
1209340 1552.3
1209350 1548.9
1209360 1548.9
1209370 1548.7
1209380 1549.9
1209390 1549.9
1209400 1550.0
1209410 1549.2
1209420 1549.2
1209430 1549.4
1209440 1548.2
1209450 1548.2
1209460 1546.4
1209470 1543.6
1209480 1543.6
1209490 1542.3
1209500 1542.3
1209510 1542.3
1209520 1541.2
1209530 1537.1
1209540 1537.1
1209550 1532.0
1209560 1531.4
1209570 1531.4
1209580 1531.3
1209590 1534.0
1209600 1534.3
1209610 1534.3
1209620 1537.8
1209630 1549.2
1209640 1549.2
1209650 1568.0
1209660 1579.2
1209670 1579.2
1209680 1588.5
1209690 1592.1
1209700 1592.1
1209710 1591.5
1209720 1587.3
1209730 1587.3
1209740 1592.3
1209750 1593.8
1209760 1593.8
1209770 1593.7
1209780 1592.0
1209790 1592.0
1209800 1588.6
1209810 1591.8
1209820 1591.8
1209830 1599.8
1209840 1607.3
1209850 1607.3
1209860 1613.3
1209870 1618.0
1209880 1618.0
1209890 1623.3
1209900 1629.0
1209910 1629.0
1209920 1633.2
1209930 1641.0
1209940 1641.0
1209950 1648.5
1209960 1656.1
1209970 1663.9
1209980 1663.9
1209990 1673.6
1210000 1685.1
1210010 1685.1
1210020 1691.7
1210030 1699.9
1210040 1699.9
1210050 1711.8
1210060 1719.8
1210070 1719.8
1210080 1727.3
1210090 1735.1
1210100 1735.1
1210110 1743.0
1210120 1750.4
1210130 1750.4
1210140 1758.2
1210150 1766.2
1210160 1766.2
1210170 1776.3
1210180 1788.9
1210190 1788.9
1210200 1798.1
1210210 1808.9
1210220 1808.9
1210230 1822.6
1210240 1834.0
1210250 1834.0
1210260 1845.1
1210270 1854.1
1210280 1854.1
1210290 1861.0
1210300 1868.0
1210310 1874.6
1210320 1874.6
1210330 1881.1
1210340 1887.9
1210350 1887.9
1210360 1894.4
1210370 1901.3
1210380 1901.3
1210390 1907.0
1210400 1906.0
1210410 1906.0
1210420 1898.1
1210430 1888.1
1210440 1888.1
1210450 1851.3
1210460 1826.6
1210470 1826.6
1210480 1820.4
1210490 1818.6
1210500 1818.6
1210510 1806.7
1210520 1819.9
1210530 1819.9
1210540 1814.4
1210550 1815.1
1210560 1815.1
1210570 1804.1
1210580 1792.5
1210590 1792.5
1210600 1783.1
1210610 1778.1
1210620 1778.1
1210630 1773.3
1210640 1758.4
1210650 1758.4
1210660 1751.5
1210670 1760.0
1210680 1754.6
1210690 1754.6
1210700 1754.1
1210710 1762.2
1210720 1762.2
1210730 1759.2
1210740 1758.3
1210750 1758.3
1210760 1765.8
1210770 1776.3
1210780 1776.3
1210790 1788.9
1210800 1797.7
1210810 1797.7
1210820 1801.4
1210830 1807.8
1210840 1807.8
1210850 1817.3
1210860 1827.3
1210870 1827.3
1210880 1835.5
1210890 1838.6
1210900 1838.6
1210910 1835.1
1210920 1822.6
1210930 1822.6
1210940 1804.0
1210950 1786.4
1210960 1786.4
1210970 1778.6
1210980 1771.4
1210990 1776.3
1211000 1771.0
1211010 1761.0
1211020 1761.0
1211030 1754.1
1211040 1739.3
1211050 1721.8
1211060 1721.8
1211070 1709.9
1211080 1702.1
1211090 1702.1
1211100 1691.8
1211110 1683.0
1211120 1683.0
1211130 1669.2
1211140 1661.6
1211150 1661.6
1211160 1650.7
1211170 1645.0
1211180 1645.0
1211190 1641.1
1211200 1636.7
1211210 1636.7
1211220 1632.0
1211230 1627.1
1211240 1627.1
1211250 1621.9
1211260 1616.6
1211270 1616.6
1211280 1611.3
1211290 1605.0
1211300 1605.0
1211310 1598.9
1211320 1594.2
1211330 1594.2
1211340 1594.1
1211350 1598.5
1211360 1598.5
1211370 1602.2
1211380 1605.7
1211390 1608.9
1211400 1608.9
1211410 1608.9
1211420 1608.2
1211430 1608.2
1211440 1610.4
1211450 1619.5
1211460 1619.5
1211470 1622.3
1211480 1624.7
1211490 1624.7
1211500 1627.3
1211510 1629.5
1211520 1629.5
1211530 1631.3
1211540 1633.5
1211550 1633.5
1211560 1636.7
1211570 1639.3
1211580 1639.3
1211590 1639.2
1211600 1638.0
1211610 1638.0
1211620 1636.4
1211630 1634.8
1211640 1634.8
1211650 1633.8
1211660 1632.5
1211670 1632.5
1211680 1630.2
1211690 1630.2
1211700 1630.2
1211710 1631.6
1211720 1631.6
1211730 1631.6
1211740 1629.5
1211750 1625.6
1211760 1623.1
1211770 1623.1
1211780 1619.6
1211790 1620.4
1211800 1620.4
1211810 1623.4
1211820 1625.6
1211830 1625.6
1211840 1623.9
1211850 1627.3
1211860 1627.3
1211870 1629.5
1211880 1631.7
1211890 1631.7
1211900 1638.9
1211910 1646.8
1211920 1645.9
1211930 1653.7
1211940 1661.2
1211950 1661.2
1211960 1666.6
1211970 1671.0
1211980 1671.0
1211990 1676.5
1212000 1682.2
1212010 1682.2
1212020 1687.0
1212030 1691.3
1212040 1691.3
1212050 1695.7
1212060 1700.5
1212070 1700.5
1212080 1708.4
1212090 1720.0
1212100 1720.0
1212110 1728.7
1212120 1735.4
1212130 1744.8
1212140 1744.8
1212150 1752.2
1212160 1760.1
1212170 1760.1
1212180 1767.0
1212190 1770.9
1212200 1770.9
1212210 1778.8
1212220 1786.3
1212230 1786.3
1212240 1792.3
1212250 1797.8
1212260 1797.8
1212270 1799.7
1212280 1796.7
1212290 1796.7
1212300 1789.8
1212310 1781.4
1212320 1781.4
1212330 1767.6
1212340 1752.6
1212350 1752.6
1212360 1740.8
1212370 1730.2
1212380 1730.2
1212390 1719.6
1212400 1702.5
1212410 1702.5
1212420 1680.4
1212430 1669.6
1212440 1669.6
1212450 1662.8
1212460 1655.3
1212470 1647.0
1212480 1647.0
1212490 1639.4
1212500 1632.8
1212510 1632.8
1212520 1626.8
1212530 1618.6
1212540 1618.6
1212550 1611.7
1212560 1605.0
1212570 1605.0
1212580 1598.7
1212590 1592.8
1212600 1592.8
1212610 1586.5
1212620 1579.9
1212630 1579.9
1212640 1572.7
1212650 1563.3
1212660 1563.3
1212670 1553.2
1212680 1544.1
1212690 1544.1
1212700 1537.3
1212710 1530.6
1212720 1530.6
1212730 1525.3
1212740 1518.8
1212750 1518.8
1212760 1512.4
1212770 1507.1
1212780 1507.1
1212790 1501.1
1212800 1501.7
1212810 1501.7
1212820 1502.0
1212830 1497.7
1212840 1491.8
1212850 1491.8
1212860 1490.3
1212870 1488.5
1212880 1488.5
1212890 1490.6
1212900 1490.6
1212910 1490.6
1212920 1490.8
1212930 1489.7
1212940 1489.7
1212950 1489.7
1212960 1491.1
1212970 1491.1
1212980 1493.1
1212990 1494.5
1213000 1494.5
1213010 1495.9
1213020 1497.6
1213030 1497.6
1213040 1492.8
1213050 1483.7
1213060 1483.7
1213070 1471.7
1213080 1459.9
1213090 1459.9
1213100 1452.1
1213110 1443.6
1213120 1443.6
1213130 1433.0
1213140 1418.0
1213150 1418.0
1213160 1406.7
1213170 1400.1
1213180 1392.0
1213190 1392.0
1213200 1375.7
1213210 1358.5
1213220 1358.5
1213230 1347.7
1213240 1344.4
1213250 1344.4
1213260 1347.1
1213270 1343.1
1213280 1343.1
1213290 1331.6
1213300 1313.5
1213310 1313.5
1213320 1299.6
1213330 1282.3
1213340 1282.3
1213350 1284.7
1213360 1284.5
1213370 1284.5
1213380 1284.9
1213390 1289.7
1213400 1289.7
1213410 1295.5
1213420 1298.8
1213430 1298.8
1213440 1305.0
1213450 1313.1
1213460 1313.1
1213470 1320.8
1213480 1330.3
1213490 1330.3
1213500 1340.6
1213510 1349.9
1213520 1349.9
1213530 1359.6
1213540 1368.6
1213550 1376.4
1213560 1376.4
1213570 1384.9
1213580 1392.3
1213590 1392.3
1213600 1398.0
1213610 1403.4
1213620 1403.4
1213630 1408.7
1213640 1415.8
1213650 1415.8
1213660 1423.2
1213670 1430.2
1213680 1430.2
1213690 1437.8
1213700 1445.9
1213710 1445.9
1213720 1455.4
1213730 1464.9
1213740 1464.9
1213750 1473.0
1213760 1479.9
1213770 1479.9
1213780 1486.0
1213790 1491.9
1213800 1491.9
1213810 1498.2
1213820 1504.2
1213830 1504.2
1213840 1510.1
1213850 1515.8
1213860 1515.8
1213870 1521.5
1213880 1527.1
1213890 1527.1
1213900 1532.8
1213910 1538.5
1213920 1543.6
1213930 1543.6
1213940 1548.0
1213950 1551.9
1213960 1551.9
1213970 1555.9
1213980 1560.6
1213990 1560.6
1214000 1563.0
1214010 1565.5
1214020 1565.5
1214030 1567.0
1214040 1566.6
1214050 1566.6
1214060 1571.0
1214070 1581.3
1214080 1581.3
1214090 1590.7
1214100 1595.5
1214110 1595.5
1214120 1600.3
1214130 1604.1
1214140 1604.1
1214150 1608.7
1214160 1614.9
1214170 1614.9
1214180 1622.6
1214190 1631.5
1214200 1631.5
1214210 1639.6
1214220 1647.7
1214230 1647.7
1214240 1655.2
1214250 1661.6
1214260 1668.4
1214270 1668.4
1214280 1678.0
1214290 1684.0
1214300 1684.0
1214310 1689.0
1214320 1693.9
1214330 1693.9
1214340 1698.8
1214350 1704.5
1214360 1704.5
1214370 1709.5
1214380 1711.6
1214390 1711.6
1214400 1708.5
1214410 1710.6
1214420 1710.6
1214430 1720.9
1214440 1730.9
1214450 1730.9
1214460 1746.4
1214470 1758.5
1214480 1758.5
1214490 1770.7
1214500 1782.4
1214510 1782.4
1214520 1795.3
1214530 1810.9
1214540 1810.9
1214550 1819.4
1214560 1824.4
1214570 1824.4
1214580 1829.8
1214590 1836.9
1214600 1836.9
1214610 1844.7
1214620 1853.3
1214630 1860.9
1214640 1860.9
1214650 1868.4
1214660 1875.7
1214670 1875.7
1214680 1882.7
1214690 1889.8
1214700 1889.8
1214710 1897.6
1214720 1905.3
1214730 1905.3
1214740 1913.2
1214750 1917.3
1214760 1917.3
1214770 1925.2
1214780 1933.4
1214790 1933.4
1214800 1943.1
1214810 1954.3
1214820 1954.3
1214830 1962.1
1214840 1968.6
1214850 1968.6
1214860 1974.6
1214870 1977.8
1214880 1977.8
1214890 1978.8
1214900 1986.9
1214910 1986.9
1214920 1994.7
1214930 2003.6
1214940 2003.6
1214950 2012.1
1214960 2019.8
1214970 2027.2
1214980 2027.2
1214990 2035.0
1215000 2042.8
1215010 2042.8
1215020 2050.0
1215030 2056.1
1215040 2056.1
1215050 2063.1
1215060 2070.9
1215070 2070.9
1215080 2071.4
1215090 2066.6
1215100 2066.6
1215110 2063.5
1215120 2058.8
1215130 2058.8
1215140 2057.5
1215150 2049.5
1215160 2049.5
1215170 2030.1
1215180 2019.2
1215190 2019.2
1215200 2011.2
1215210 1999.7
1215220 1999.7
1215230 1987.5
1215240 1974.1
1215250 1974.1
1215260 1950.1
1215270 1938.8
1215280 1938.8
1215290 1921.6
1215300 1906.3
1215310 1906.3
1215320 1894.9
1215330 1886.7
1215340 1876.7
1215350 1876.7
1215360 1873.2
1215370 1870.0
1215380 1870.0
1215390 1865.8
1215400 1860.5
1215410 1860.5
1215420 1854.7
1215430 1848.8
1215440 1848.8
1215450 1842.5
1215460 1836.2
1215470 1836.2
1215480 1830.2
1215490 1824.0
1215500 1824.0
1215510 1819.2
1215520 1816.1
1215530 1816.1
1215540 1811.5
1215550 1808.5
1215560 1808.5
1215570 1809.5
1215580 1805.2
1215590 1805.2
1215600 1799.5
1215610 1793.0
1215620 1793.0
1215630 1779.4
1215640 1770.8
1215650 1770.8
1215660 1766.2
1215670 1760.6
1215680 1760.6
1215690 1754.2
1215700 1745.5
1215710 1740.3
1215720 1740.3
1215730 1735.3
1215740 1731.7
1215750 1731.7
1215760 1728.7
1200000 1310.0
1200010 1310.0
1200020 1307.4
1200030 1303.6
1200040 1303.6
1200050 1302.0
1200060 1300.3
1200070 1300.3
1200080 1296.5
1200090 1292.0
1200100 1292.0
1200110 1289.2
1200120 1288.4
1200130 1288.4
1200140 1283.2
1200150 1277.0
1200160 1277.0
1200170 1272.7
1200180 1270.1
1200190 1270.1
1200200 1271.0
1200210 1271.8
1200220 1271.8
1200230 1271.1
1200240 1268.9
1200250 1269.7
1200260 1269.7
1200270 1269.6
1200280 1268.0
1200290 1268.0
1200300 1268.2
1200310 1270.1
1200320 1270.1
1200330 1272.3
1200340 1274.2
1200350 1274.2
1200360 1276.9
1200370 1281.7
1200380 1281.7
1200390 1285.1
1200400 1287.0
1200410 1287.0
1200420 1289.7
1200430 1294.5
1200440 1293.9
1200450 1297.2
1200460 1302.2
1200470 1302.2
1200480 1307.4
1200490 1312.4
1200500 1312.4
1200510 1316.6
1200520 1320.5
1200530 1320.5
1200540 1322.3
1200550 1326.1
1200560 1326.1
1200570 1334.3
1200580 1342.1
1200590 1342.1
1200600 1348.3
1200610 1353.8
1200620 1359.2
1200630 1359.2
1200640 1364.6
1200650 1368.6
1200660 1368.6
1200670 1373.4
1200680 1377.2
1200690 1377.2
1200700 1382.8
1200710 1388.0
1200720 1388.0
1200730 1390.1
1200740 1392.9
1200750 1392.9
1200760 1395.4
1200770 1402.1
1200780 1402.1
1200790 1409.8
1200800 1418.7
1200810 1418.7
1200820 1427.8
1200830 1436.7
1200840 1436.7
1200850 1444.5
1200860 1451.7
1200870 1451.7
1200880 1457.9
1200890 1461.5
1200900 1461.5
1200910 1468.7
1200920 1474.9
1200930 1474.9
1200940 1478.8
1200950 1482.5
1200960 1482.5
1200970 1485.7
1200980 1488.4
1200990 1491.2
1201000 1491.2
1201010 1493.8
1201020 1495.5
1201030 1495.5
1201040 1498.0
1201050 1501.2
1201060 1501.2
1201070 1503.3
1201080 1505.4
1201090 1505.4
1201100 1507.4
1201110 1506.5
1201120 1506.5
1201130 1504.6
1201140 1507.8
1201150 1507.8
1201160 1513.6
1201170 1519.2
1201180 1519.2
1201190 1523.7
1201200 1528.2
1201210 1528.2
1201220 1529.8
1201230 1527.2
1201240 1527.2
1201250 1526.3
1201260 1529.4
1201270 1529.4
1201280 1533.9
1201290 1540.6
1201300 1540.6
1201310 1548.8
1201320 1555.1
1201330 1561.0
1201340 1552.4
1201350 1557.2
1201360 1564.7
1201370 1564.7
1201380 1575.2
1201390 1584.0
1201400 1584.0
1201410 1587.0
1201420 1588.0
1201430 1588.0
1201440 1593.5
1201450 1600.7
1201460 1600.7
1201470 1605.3
1201480 1610.4
1201490 1610.4
1201500 1616.0
1201510 1621.5
1201520 1621.5
1201530 1626.3
1201540 1631.6
1201550 1631.6
1201560 1637.8
1201570 1644.1
1201580 1644.1
1201590 1650.1
1201600 1656.4
1201610 1656.4
1201620 1662.4
1201630 1668.5
1201640 1668.5
1201650 1674.2
1201660 1679.2
1201670 1679.2
1201680 1685.7
1201690 1693.4
1201700 1701.4
1201710 1701.4
1201720 1706.8
1201730 1703.8
1201740 1703.8
1201750 1698.3
1201760 1690.4
1201770 1690.4
1201780 1680.7
1201790 1671.3
1201800 1678.1
1201810 1667.5
1201820 1658.7
1201830 1658.7
1201840 1651.6
1201850 1644.7
1201860 1644.7
1201870 1639.1
1201880 1633.6
1201890 1633.6
1201900 1629.0
1201910 1625.4
1201920 1625.4
1201930 1622.7
1201940 1619.8
1201950 1619.8
1201960 1615.7
1201970 1612.7
1201980 1612.7
1201990 1610.8
1202000 1610.8
1202010 1610.8
1202020 1611.9
1202030 1613.7
1202040 1613.7
1202050 1615.3
1202060 1618.2
1202070 1621.1
1202080 1621.1
1202090 1625.4
1202100 1629.8
1202110 1629.8
1202120 1634.1
1202130 1639.0
1202140 1639.0
1202150 1644.1
1202160 1650.2
1202170 1650.2
1202180 1657.6
1202190 1662.9
1202200 1662.9
1202210 1667.7
1202220 1675.5
1202230 1675.5
1202240 1682.5
1202250 1691.3
1202260 1691.3
1202270 1695.3
1202280 1699.0
1202290 1699.0
1202300 1700.2
1202310 1699.8
1202320 1699.8
1202330 1699.5
1202340 1693.5
1202350 1693.5
1202360 1693.0
1202370 1692.0
1202380 1692.0
1202390 1692.4
1202400 1689.2
1202410 1685.5
1202420 1685.5
1202430 1680.0
1202440 1674.7
1202450 1674.7
1202460 1671.3
1202470 1665.9
1202480 1665.9
1202490 1660.2
1202500 1656.2
1202510 1656.2
1202520 1652.8
1202530 1649.3
1202540 1649.3
1202550 1647.4
1202560 1646.6
1202570 1646.6
1202580 1643.8
1202590 1639.0
1202600 1639.0
1202610 1632.7
1202620 1627.7
1202630 1627.7
1202640 1624.0
1202650 1621.7
1202660 1621.7
1202670 1622.7
1202680 1622.4
1202690 1622.4
1202700 1624.7
1202710 1630.0
1202720 1630.0
1202730 1634.7
1202740 1634.7
1202750 1634.7
1202760 1634.8
1202770 1636.9
1202780 1640.4
1202790 1640.4
1202800 1643.0
1202810 1644.3
1202820 1644.3
1202830 1646.1
1202840 1649.5
1202850 1649.5
1202860 1654.1
1202870 1658.2
1202880 1658.2
1202890 1661.1
1202900 1664.9
1202910 1664.9
1202920 1668.4
1202930 1670.2
1202940 1670.2
1202950 1671.2
1202960 1670.5
1202970 1670.5
1202980 1668.9
1202990 1667.7
1203000 1667.7
1203010 1666.9
1203020 1665.4
1203030 1665.4
1203040 1664.4
1203050 1664.0
1203060 1664.0
1203070 1661.9
1203080 1658.8
1203090 1658.8
1203100 1655.4
1203110 1652.5
1203120 1652.5
1203130 1650.8
1203140 1649.3
1203150 1652.8
1203160 1652.8
1203170 1653.4
1203180 1655.2
1203190 1655.2
1203200 1658.3
1203210 1660.5
1203220 1660.5
1203230 1663.6
1203240 1667.4
1203250 1667.4
1203260 1671.5
1203270 1674.6
1203280 1674.6
1203290 1678.0
1203300 1682.2
1203310 1682.2
1203320 1687.0
1203330 1692.4
1203340 1692.4
1203350 1698.2
1203360 1703.5
1203370 1703.5
1203380 1708.1
1203390 1711.2
1203400 1711.2
1203410 1714.2
1203420 1720.2
1203430 1720.2
1203440 1726.0
1203450 1731.2
1203460 1731.2
1203470 1738.0
1203480 1744.7
1203490 1751.7
1203500 1751.7
1203510 1760.2
1203520 1769.9
1203530 1769.9
1203540 1779.5
1203550 1788.5
1203560 1788.5
1203570 1789.0
1203580 1782.0
1203590 1782.0
1203600 1775.4
1203610 1776.9
1203620 1776.9
1203630 1773.0
1203640 1768.6
1203650 1768.6
1203660 1762.0
1203670 1755.6
1203680 1755.6
1203690 1750.1
1203700 1746.2
1203710 1746.2
1203720 1743.9
1203730 1741.3
1203740 1741.3
1203750 1737.2
1203760 1732.4
1203770 1732.4
1203780 1727.9
1203790 1724.2
1203800 1724.2
1203810 1721.0
1203820 1717.7
1203830 1717.7
1203840 1713.5
1203850 1709.3
1203860 1704.8
1203870 1704.8
1203880 1700.3
1203890 1696.7
1203900 1696.7
1203910 1693.1
1203920 1688.3
1203930 1688.3
1203940 1684.5
1203950 1682.1
1203960 1682.1
1203970 1680.2
1203980 1678.1
1203990 1678.1
1204000 1675.1
1204010 1671.7
1204020 1671.7
1204030 1667.9
1204040 1664.9
1204050 1664.9
1204060 1667.8
1204070 1665.0
1204080 1665.0
1204090 1661.5
1204100 1658.0
1204110 1658.0
1204120 1655.5
1204130 1653.0
1204140 1653.0
1204150 1650.4
1204160 1648.7
1204170 1648.7
1204180 1647.7
1204190 1646.5
1204200 1646.5
1204210 1645.4
1204220 1644.5
1204230 1643.4
1204240 1643.4
1204250 1642.2
1204260 1640.6
1204270 1640.6
1204280 1639.7
1204290 1641.7
1204300 1641.7
1204310 1642.5
1204320 1640.5
1204330 1640.5
1204340 1637.2
1204350 1634.7
1204360 1634.7
1204370 1633.5
1204380 1633.0
1204390 1633.0
1204400 1631.9
1204410 1629.1
1204420 1629.1
1204430 1623.0
1204440 1616.9
1204450 1616.9
1204460 1612.5
1204470 1607.8
1204480 1607.8
1204490 1603.5
1204500 1601.5
1204510 1601.5
1204520 1605.8
1204530 1606.2
1204540 1606.2
1204550 1606.4
1204560 1606.7
1204570 1608.9
1204580 1608.9
1204590 1611.1
1204600 1614.1
1204610 1614.1
1204620 1613.8
1204630 1615.6
1204640 1615.6
1204650 1619.6
1204660 1622.4
1204670 1622.4
1204680 1621.3
1204690 1617.6
1204700 1617.6
1204710 1615.2
1204720 1617.0
1204730 1617.0
1204740 1608.4
1204750 1599.1
1204760 1599.1
1204770 1593.6
1204780 1589.0
1204790 1589.0
1204800 1586.7
1204810 1585.7
1204820 1585.7
1204830 1585.6
1204840 1580.8
1204850 1580.8
1204860 1577.3
1204870 1575.5
1204880 1575.5
1204890 1574.7
1204900 1574.4
1204910 1574.4
1204920 1572.2
1204930 1570.2
1204940 1567.3
1204950 1567.3
1204960 1562.4
1204970 1554.9
1204980 1563.4
1204990 1565.8
1205000 1562.4
1205010 1562.4
1205020 1558.9
1205030 1556.8
1205040 1556.8
1205050 1557.2
1205060 1555.8
1205070 1555.8
1205080 1557.1
1205090 1555.8
1205100 1555.8
1205110 1553.8
1205120 1553.4
1205130 1553.4
1205140 1550.8
1205150 1548.7
1205160 1548.7
1205170 1549.0
1205180 1547.0
1205190 1547.0
1205200 1547.4
1205210 1549.3
1205220 1549.3
1205230 1544.7
1205240 1543.9
1205250 1543.9
1205260 1543.5
1205270 1543.3
1205280 1543.3
1205290 1545.3
1205300 1546.9
1205310 1546.8
1205320 1546.8
1205330 1547.6
1205340 1545.9
1205350 1545.9
1205360 1543.2
1205370 1540.5
1205380 1540.5
1205390 1541.2
1205400 1538.5
1205410 1538.5
1205420 1535.0
1205430 1533.7
1205440 1541.9
1205450 1539.9
1205460 1537.1
1205470 1537.1
1205480 1533.8
1205490 1530.5
1205500 1530.5
1205510 1527.8
1205520 1524.5
1205530 1524.5
1205540 1520.3
1205550 1516.3
1205560 1516.3
1205570 1512.2
1205580 1507.9
1205590 1507.9
1205600 1503.8
1205610 1499.6
1205620 1499.6
1205630 1493.0
1205640 1485.2
1205650 1483.0
1205660 1483.0
1205670 1481.1
1205680 1476.6
1205690 1476.6
1205700 1473.3
1205710 1471.5
1205720 1471.5
1205730 1470.4
1205740 1469.4
1205750 1469.4
1205760 1468.1
1205770 1466.4
1205780 1466.4
1205790 1464.5
1205800 1462.2
1205810 1462.2
1205820 1459.9
1205830 1457.5
1205840 1457.5
1205850 1453.5
1205860 1447.9
1205870 1447.9
1205880 1441.6
1205890 1431.6
1205900 1431.6
1205910 1425.0
1205920 1417.4
1205930 1417.4
1205940 1409.5
1205950 1401.9
1205960 1401.9
1205970 1394.5
1205980 1387.3
1205990 1387.3
1206000 1381.4
1206010 1375.2
1206020 1367.4
1206030 1367.4
1206040 1359.6
1206050 1349.7
1206060 1349.7
1206070 1340.8
1206080 1332.3
1206090 1332.3
1206100 1323.7
1206110 1314.3
1206120 1314.3
1206130 1306.4
1206140 1298.3
1206150 1298.3
1206160 1291.3
1206170 1284.6
1206180 1284.6
1206190 1278.2
1206200 1271.5
1206210 1271.5
1206220 1263.7
1206230 1255.1
1206240 1255.1
1206250 1247.2
1206260 1240.3
1206270 1240.3
1206280 1233.8
1206290 1227.9
1206300 1227.9
1206310 1222.8
1206320 1215.2
1206330 1215.2
1206340 1204.3
1206350 1194.0
1206360 1184.0
1206370 1184.0
1206380 1173.5
1206390 1164.0
1206400 1164.0
1206410 1154.4
1206420 1144.3
1206430 1144.3
1206440 1134.6
1206450 1124.8
1206460 1124.8
1206470 1116.2
1206480 1110.0
1206490 1110.0
1206500 1104.6
1206510 1100.0
1206520 1100.0
1206530 1096.0
1206540 1091.3
1206550 1091.3
1206560 1086.3
1206570 1082.2
1206580 1082.2
1206590 1080.7
1206600 1080.2
1206610 1080.2
1206620 1079.9
1206630 1079.6
1206640 1079.6
1206650 1079.8
1206660 1079.8
1206670 1079.8
1206680 1079.9
1206690 1080.1
1206700 1080.1
1206710 1080.2
1206720 1079.5
1206730 1078.2
1206740 1078.2
1206750 1079.2
1206760 1079.1
1206770 1079.1
1206780 1078.4
1206790 1078.0
1206800 1078.0
1206810 1077.0
1206820 1076.9
1206830 1076.9
1206840 1076.6
1206850 1076.3
1206860 1076.3
1206870 1076.1
1206880 1075.7
1206890 1075.7
1206900 1075.4
1206910 1075.3
1206920 1075.3
1206930 1073.4
1206940 1070.3
1206950 1070.3
1206960 1069.4
1206970 1069.4
1206980 1069.4
1206990 1069.5
1207000 1069.9
1207010 1069.9
1207020 1070.1
1207030 1070.2
1207040 1070.2
1207050 1070.3
1207060 1070.5
1207070 1070.5
1207080 1070.7
1207090 1070.8
1207100 1073.6
1207110 1073.6
1207120 1081.2
1207130 1089.7
1207140 1089.7
1207150 1096.5
1207160 1103.0
1207170 1103.0
1207180 1109.6
1207190 1116.2
1207200 1116.2
1207210 1123.0
1207220 1129.6
1207230 1129.6
1207240 1136.1
1207250 1143.0
1207260 1143.0
1207270 1152.4
1207280 1159.3
1207290 1159.3
1207300 1166.5
1207310 1174.4
1207320 1174.4
1207330 1183.3
1207340 1192.2
1207350 1192.2
1207360 1200.4
1207370 1209.9
1207380 1209.9
1207390 1222.0
1207400 1228.9
1207410 1228.9
1207420 1239.2
1207430 1249.2
1207440 1260.3
1207450 1260.3
1207460 1276.0
1207470 1285.7
1207480 1285.7
1207490 1292.4
1207500 1298.3
1207510 1298.3
1207520 1304.0
1207530 1309.5
1207540 1309.5
1207550 1313.9
1207560 1315.0
1207570 1315.0
1207580 1317.8
1207590 1319.8
1207600 1319.8
1207610 1324.2
1207620 1330.0
1207630 1330.0
1207640 1335.5
1207650 1341.8
1207660 1341.8
1207670 1349.4
1207680 1357.9
1207690 1357.9
1207700 1369.5
1207710 1383.0
1207720 1383.0
1207730 1392.1
1207740 1400.2
1207750 1400.2
1207760 1412.6
1207770 1427.2
1207780 1427.2
1207790 1439.5
1207800 1459.7
1207810 1467.4
1207820 1467.4
1207830 1472.4
1207840 1478.3
1207850 1478.3
1207860 1485.9
1207870 1493.2
1207880 1493.2
1207890 1502.2
1207900 1509.4
1207910 1509.4
1207920 1516.4
1207930 1522.8
1207940 1522.8
1207950 1528.7
1207960 1534.1
1207970 1534.1
1207980 1541.3
1207990 1547.2
1208000 1547.2
1208010 1551.1
1208020 1555.8
1208030 1555.8
1208040 1558.3
1208050 1555.2
1208060 1555.2
1208070 1544.9
1208080 1533.9
1208090 1533.9
1208100 1523.8
1208110 1512.7
1208120 1512.7
1208130 1501.4
1208140 1498.1
1208150 1498.1
1208160 1503.0
1208170 1511.0
1208180 1502.8
1208190 1502.8
1208200 1508.3
1208210 1494.1
1208220 1494.1
1208230 1507.3
1208240 1520.5
1208250 1520.5
1208260 1531.3
1208270 1544.4
1208280 1544.4
1208290 1544.4
1208300 1546.9
1208310 1546.9
1208320 1559.3
1208330 1564.3
1208340 1564.3
1208350 1567.9
1208360 1576.1
1208370 1576.1
1208380 1587.2
1208390 1598.6
1208400 1598.6
1208410 1603.1
1208420 1611.1
1208430 1611.1
1208440 1625.9
1208450 1635.0
1208460 1635.0
1208470 1646.9
1208480 1660.9
1208490 1660.9
1208500 1670.5
1208510 1680.3
1208520 1686.0
1208530 1686.0
1208540 1689.0
1208550 1688.5
1208560 1688.5
1208570 1689.1
1208580 1693.0
1208590 1693.0
1208600 1692.7
1208610 1692.1
1208620 1692.1
1208630 1690.9
1208640 1688.5
1208650 1688.5
1208660 1690.9
1208670 1695.8
1208680 1695.8
1208690 1697.0
1208700 1699.1
1208710 1699.1
1208720 1698.7
1208730 1700.1
1208740 1700.1
1208750 1708.0
1208760 1712.7
1208770 1712.7
1208780 1717.0
1208790 1721.0
1208800 1721.0
1208810 1720.8
1208820 1711.4
1208830 1711.4
1208840 1702.2
1208850 1694.6
1208860 1694.6
1208870 1687.5
1208880 1678.1
1208890 1668.3
1208900 1668.3
1208910 1661.2
1208920 1655.2
1208930 1655.2
1208940 1649.4
1208950 1643.2
1208960 1643.2
1208970 1636.7
1208980 1630.0
1208990 1630.0
1209000 1623.5
1209010 1616.9
1209020 1616.9
1209030 1610.1
1209040 1604.0
1209050 1604.0
1209060 1598.4
1209070 1593.3
1209080 1593.3
1209090 1589.3
1209100 1585.9
1209110 1585.9
1209120 1587.4
1209130 1584.7
1209140 1584.7
1209150 1583.9
1209160 1584.9
1209170 1584.9
1209180 1586.5
1209190 1586.8
1209200 1586.8
1209210 1584.1
1209220 1580.4
1209230 1580.4
1209240 1577.0
1209250 1573.1
1209260 1567.9
1209270 1567.9
1209280 1563.9
1209290 1560.6
1209300 1560.6
1209310 1556.8
1209320 1555.0
1209330 1555.0
1209340 1552.3
1209350 1548.9
1209360 1548.9
1209370 1548.7
1209380 1549.9
1209390 1549.9
1209400 1550.0
1209410 1549.2
1209420 1549.2
1209430 1549.4
1209440 1548.2
1209450 1548.2
1209460 1546.4
1209470 1543.6
1209480 1543.6
1209490 1542.3
1209500 1542.3
1209510 1542.3
1209520 1541.2
1209530 1537.1
1209540 1537.1
1209550 1532.0
1209560 1531.4
1209570 1531.4
1209580 1531.3
1209590 1534.0
1209600 1534.3
1209610 1534.3
1209620 1537.8
1209630 1549.2
1209640 1549.2
1209650 1568.0
1209660 1579.2
1209670 1579.2
1209680 1588.5
1209690 1592.1
1209700 1592.1
1209710 1591.5
1209720 1587.3
1209730 1587.3
1209740 1592.3
1209750 1593.8
1209760 1593.8
1209770 1593.7
1209780 1592.0
1209790 1592.0
1209800 1588.6
1209810 1591.8
1209820 1591.8
1209830 1599.8
1209840 1607.3
1209850 1607.3
1209860 1613.3
1209870 1618.0
1209880 1618.0
1209890 1623.3
1209900 1629.0
1209910 1629.0
1209920 1633.2
1209930 1641.0
1209940 1641.0
1209950 1648.5
1209960 1656.1
1209970 1663.9
1209980 1663.9
1209990 1673.6
1210000 1685.1
1210010 1685.1
1210020 1691.7
1210030 1699.9
1210040 1699.9
1210050 1711.8
1210060 1719.8
1210070 1719.8
1210080 1727.3
1210090 1735.1
1210100 1735.1
1210110 1743.0
1210120 1750.4
1210130 1750.4
1210140 1758.2
1210150 1766.2
1210160 1766.2
1210170 1776.3
1210180 1788.9
1210190 1788.9
1210200 1798.1
1210210 1808.9
1210220 1808.9
1210230 1822.6
1210240 1834.0
1210250 1834.0
1210260 1845.1
1210270 1854.1
1210280 1854.1
1210290 1861.0
1210300 1868.0
1210310 1874.6
1210320 1874.6
1210330 1881.1
1210340 1887.9
1210350 1887.9
1210360 1894.4
1210370 1901.3
1210380 1901.3
1210390 1907.0
1210400 1906.0
1210410 1906.0
1210420 1898.1
1210430 1888.1
1210440 1888.1
1210450 1851.3
1210460 1826.6
1210470 1826.6
1210480 1820.4
1210490 1818.6
1210500 1818.6
1210510 1806.7
1210520 1819.9
1210530 1819.9
1210540 1814.4
1210550 1815.1
1210560 1815.1
1210570 1804.1
1210580 1792.5
1210590 1792.5
1210600 1783.1
1210610 1778.1
1210620 1778.1
1210630 1773.3
1210640 1758.4
1210650 1758.4
1210660 1751.5
1210670 1760.0
1210680 1754.6
1210690 1754.6
1210700 1754.1
1210710 1762.2
1210720 1762.2
1210730 1759.2
1210740 1758.3
1210750 1758.3
1210760 1765.8
1210770 1776.3
1210780 1776.3
1210790 1788.9
1210800 1797.7
1210810 1797.7
1210820 1801.4
1210830 1807.8
1210840 1807.8
1210850 1817.3
1210860 1827.3
1210870 1827.3
1210880 1835.5
1210890 1838.6
1210900 1838.6
1210910 1835.1
1210920 1822.6
1210930 1822.6
1210940 1804.0
1210950 1786.4
1210960 1786.4
1210970 1778.6
1210980 1771.4
1210990 1776.3
1211000 1771.0
1211010 1761.0
1211020 1761.0
1211030 1754.1
1211040 1739.3
1211050 1721.8
1211060 1721.8
1211070 1709.9
1211080 1702.1
1211090 1702.1
1211100 1691.8
1211110 1683.0
1211120 1683.0
1211130 1669.2
1211140 1661.6
1211150 1661.6
1211160 1650.7
1211170 1645.0
1211180 1645.0
1211190 1641.1
1211200 1636.7
1211210 1636.7
1211220 1632.0
1211230 1627.1
1211240 1627.1
1211250 1621.9
1211260 1616.6
1211270 1616.6
1211280 1611.3
1211290 1605.0
1211300 1605.0
1211310 1598.9
1211320 1594.2
1211330 1594.2
1211340 1594.1
1211350 1598.5
1211360 1598.5
1211370 1602.2
1211380 1605.7
1211390 1608.9
1211400 1608.9
1211410 1608.9
1211420 1608.2
1211430 1608.2
1211440 1610.4
1211450 1619.5
1211460 1619.5
1211470 1622.3
1211480 1624.7
1211490 1624.7
1211500 1627.3
1211510 1629.5
1211520 1629.5
1211530 1631.3
1211540 1633.5
1211550 1633.5
1211560 1636.7
1211570 1639.3
1211580 1639.3
1211590 1639.2
1211600 1638.0
1211610 1638.0
1211620 1636.4
1211630 1634.8
1211640 1634.8
1211650 1633.8
1211660 1632.5
1211670 1632.5
1211680 1630.2
1211690 1630.2
1211700 1630.2
1211710 1631.6
1211720 1631.6
1211730 1631.6
1211740 1629.5
1211750 1625.6
1211760 1623.1
1211770 1623.1
1211780 1619.6
1211790 1620.4
1211800 1620.4
1211810 1623.4
1211820 1625.6
1211830 1625.6
1211840 1623.9
1211850 1627.3
1211860 1627.3
1211870 1629.5
1211880 1631.7
1211890 1631.7
1211900 1638.9
1211910 1646.8
1211920 1645.9
1211930 1653.7
1211940 1661.2
1211950 1661.2
1211960 1666.6
1211970 1671.0
1211980 1671.0
1211990 1676.5
1212000 1682.2
1212010 1682.2
1212020 1687.0
1212030 1691.3
1212040 1691.3
1212050 1695.7
1212060 1700.5
1212070 1700.5
1212080 1708.4
1212090 1720.0
1212100 1720.0
1212110 1728.7
1212120 1735.4
1212130 1744.8
1212140 1744.8
1212150 1752.2
1212160 1760.1
1212170 1760.1
1212180 1767.0
1212190 1770.9
1212200 1770.9
1212210 1778.8
1212220 1786.3
1212230 1786.3
1212240 1792.3
1212250 1797.8
1212260 1797.8
1212270 1799.7
1212280 1796.7
1212290 1796.7
1212300 1789.8
1212310 1781.4
1212320 1781.4
1212330 1767.6
1212340 1752.6
1212350 1752.6
1212360 1740.8
1212370 1730.2
1212380 1730.2
1212390 1719.6
1212400 1702.5
1212410 1702.5
1212420 1680.4
1212430 1669.6
1212440 1669.6
1212450 1662.8
1212460 1655.3
1212470 1647.0
1212480 1647.0
1212490 1639.4
1212500 1632.8
1212510 1632.8
1212520 1626.8
1212530 1618.6
1212540 1618.6
1212550 1611.7
1212560 1605.0
1212570 1605.0
1212580 1598.7
1212590 1592.8
1212600 1592.8
1212610 1586.5
1212620 1579.9
1212630 1579.9
1212640 1572.7
1212650 1563.3
1212660 1563.3
1212670 1553.2
1212680 1544.1
1212690 1544.1
1212700 1537.3
1212710 1530.6
1212720 1530.6
1212730 1525.3
1212740 1518.8
1212750 1518.8
1212760 1512.4
1212770 1507.1
1212780 1507.1
1212790 1501.1
1212800 1501.7
1212810 1501.7
1212820 1502.0
1212830 1497.7
1212840 1491.8
1212850 1491.8
1212860 1490.3
1212870 1488.5
1212880 1488.5
1212890 1490.6
1212900 1490.6
1212910 1490.6
1212920 1490.8
1212930 1489.7
1212940 1489.7
1212950 1489.7
1212960 1491.1
1212970 1491.1
1212980 1493.1
1212990 1494.5
1213000 1494.5
1213010 1495.9
1213020 1497.6
1213030 1497.6
1213040 1492.8
1213050 1483.7
1213060 1483.7
1213070 1471.7
1213080 1459.9
1213090 1459.9
1213100 1452.1
1213110 1443.6
1213120 1443.6
1213130 1433.0
1213140 1418.0
1213150 1418.0
1213160 1406.7
1213170 1400.1
1213180 1392.0
1213190 1392.0
1213200 1375.7
1213210 1358.5
1213220 1358.5
1213230 1347.7
1213240 1344.4
1213250 1344.4
1213260 1347.1
1213270 1343.1
1213280 1343.1
1213290 1331.6
1213300 1313.5
1213310 1313.5
1213320 1299.6
1213330 1282.3
1213340 1282.3
1213350 1284.7
1213360 1284.5
1213370 1284.5
1213380 1284.9
1213390 1289.7
1213400 1289.7
1213410 1295.5
1213420 1298.8
1213430 1298.8
1213440 1305.0
1213450 1313.1
1213460 1313.1
1213470 1320.8
1213480 1330.3
1213490 1330.3
1213500 1340.6
1213510 1349.9
1213520 1349.9
1213530 1359.6
1213540 1368.6
1213550 1376.4
1213560 1376.4
1213570 1384.9
1213580 1392.3
1213590 1392.3
1213600 1398.0
1213610 1403.4
1213620 1403.4
1213630 1408.7
1213640 1415.8
1213650 1415.8
1213660 1423.2
1213670 1430.2
1213680 1430.2
1213690 1437.8
1213700 1445.9
1213710 1445.9
1213720 1455.4
1213730 1464.9
1213740 1464.9
1213750 1473.0
1213760 1479.9
1213770 1479.9
1213780 1486.0
1213790 1491.9
1213800 1491.9
1213810 1498.2
1213820 1504.2
1213830 1504.2
1213840 1510.1
1213850 1515.8
1213860 1515.8
1213870 1521.5
1213880 1527.1
1213890 1527.1
1213900 1532.8
1213910 1538.5
1213920 1543.6
1213930 1543.6
1213940 1548.0
1213950 1551.9
1213960 1551.9
1213970 1555.9
1213980 1560.6
1213990 1560.6
1214000 1563.0
1214010 1565.5
1214020 1565.5
1214030 1567.0
1214040 1566.6
1214050 1566.6
1214060 1571.0
1214070 1581.3
1214080 1581.3
1214090 1590.7
1214100 1595.5
1214110 1595.5
1214120 1600.3
1214130 1604.1
1214140 1604.1
1214150 1608.7
1214160 1614.9
1214170 1614.9
1214180 1622.6
1214190 1631.5
1214200 1631.5
1214210 1639.6
1214220 1647.7
1214230 1647.7
1214240 1655.2
1214250 1661.6
1214260 1668.4
1214270 1668.4
1214280 1678.0
1214290 1684.0
1214300 1684.0
1214310 1689.0
1214320 1693.9
1214330 1693.9
1214340 1698.8
1214350 1704.5
1214360 1704.5
1214370 1709.5
1214380 1711.6
1214390 1711.6
1214400 1708.5
1214410 1710.6
1214420 1710.6
1214430 1720.9
1214440 1730.9
1214450 1730.9
1214460 1746.4
1214470 1758.5
1214480 1758.5
1214490 1770.7
1214500 1782.4
1214510 1782.4
1214520 1795.3
1214530 1810.9
1214540 1810.9
1214550 1819.4
1214560 1824.4
1214570 1824.4
1214580 1829.8
1214590 1836.9
1214600 1836.9
1214610 1844.7
1214620 1853.3
1214630 1860.9
1214640 1860.9
1214650 1868.4
1214660 1875.7
1214670 1875.7
1214680 1882.7
1214690 1889.8
1214700 1889.8
1214710 1897.6
1214720 1905.3
1214730 1905.3
1214740 1913.2
1214750 1917.3
1214760 1917.3
1214770 1925.2
1214780 1933.4
1214790 1933.4
1214800 1943.1
1214810 1954.3
1214820 1954.3
1214830 1962.1
1214840 1968.6
1214850 1968.6
1214860 1974.6
1214870 1977.8
1214880 1977.8
1214890 1978.8
1214900 1986.9
1214910 1986.9
1214920 1994.7
1214930 2003.6
1214940 2003.6
1214950 2012.1
1214960 2019.8
1214970 2027.2
1214980 2027.2
1214990 2035.0
1215000 2042.8
1215010 2042.8
1215020 2050.0
1215030 2056.1
1215040 2056.1
1215050 2063.1
1215060 2070.9
1215070 2070.9
1215080 2071.4
1215090 2066.6
1215100 2066.6
1215110 2063.5
1215120 2058.8
1215130 2058.8
1215140 2057.5
1215150 2049.5
1215160 2049.5
1215170 2030.1
1215180 2019.2
1215190 2019.2
1215200 2011.2
1215210 1999.7
1215220 1999.7
1215230 1987.5
1215240 1974.1
1215250 1974.1
1215260 1950.1
1215270 1938.8
1215280 1938.8
1215290 1921.6
1215300 1906.3
1215310 1906.3
1215320 1894.9
1215330 1886.7
1215340 1876.7
1215350 1876.7
1215360 1873.2
1215370 1870.0
1215380 1870.0
1215390 1865.8
1215400 1860.5
1215410 1860.5
1215420 1854.7
1215430 1848.8
1215440 1848.8
1215450 1842.5
1215460 1836.2
1215470 1836.2
1215480 1830.2
1215490 1824.0
1215500 1824.0
1215510 1819.2
1215520 1816.1
1215530 1816.1
1215540 1811.5
1215550 1808.5
1215560 1808.5
1215570 1809.5
1215580 1805.2
1215590 1805.2
1215600 1799.5
1215610 1793.0
1215620 1793.0
1215630 1779.4
1215640 1770.8
1215650 1770.8
1215660 1766.2
1215670 1760.6
1215680 1760.6
1215690 1754.2
1215700 1745.5
1215710 1740.3
1215720 1740.3
1215730 1735.3
1215740 1731.7
1215750 1731.7
1215760 1728.7
1200000 1310.0
1200010 1310.0
1200020 1307.4
1200030 1303.6
1200040 1303.6
1200050 1302.0
1200060 1300.3
1200070 1300.3
1200080 1296.5
1200090 1292.0
1200100 1292.0
1200110 1289.2
1200120 1288.4
1200130 1288.4
1200140 1283.2
1200150 1277.0
1200160 1277.0
1200170 1272.7
1200180 1270.1
1200190 1270.1
1200200 1271.0
1200210 1271.8
1200220 1271.8
1200230 1271.1
1200240 1268.9
1200250 1269.7
1200260 1269.7
1200270 1269.6
1200280 1268.0
1200290 1268.0
1200300 1268.2
1200310 1270.1
1200320 1270.1
1200330 1272.3
1200340 1274.2
1200350 1274.2
1200360 1276.9
1200370 1281.7
1200380 1281.7
1200390 1285.1
1200400 1287.0
1200410 1287.0
1200420 1289.7
1200430 1294.5
1200440 1293.9
1200450 1297.2
1200460 1302.2
1200470 1302.2
1200480 1307.4
1200490 1312.4
1200500 1312.4
1200510 1316.6
1200520 1320.5
1200530 1320.5
1200540 1322.3
1200550 1326.1
1200560 1326.1
1200570 1334.3
1200580 1342.1
1200590 1342.1
1200600 1348.3
1200610 1353.8
1200620 1359.2
1200630 1359.2
1200640 1364.6
1200650 1368.6
1200660 1368.6
1200670 1373.4
1200680 1377.2
1200690 1377.2
1200700 1382.8
1200710 1388.0
1200720 1388.0
1200730 1390.1
1200740 1392.9
1200750 1392.9
1200760 1395.4
1200770 1402.1
1200780 1402.1
1200790 1409.8
1200800 1418.7
1200810 1418.7
1200820 1427.8
1200830 1436.7
1200840 1436.7
1200850 1444.5
1200860 1451.7
1200870 1451.7
1200880 1457.9
1200890 1461.5
1200900 1461.5
1200910 1468.7
1200920 1474.9
1200930 1474.9
1200940 1478.8
1200950 1482.5
1200960 1482.5
1200970 1485.7
1200980 1488.4
1200990 1491.2
1201000 1491.2
1201010 1493.8
1201020 1495.5
1201030 1495.5
1201040 1498.0
1201050 1501.2
1201060 1501.2
1201070 1503.3
1201080 1505.4
1201090 1505.4
1201100 1507.4
1201110 1506.5
1201120 1506.5
1201130 1504.6
1201140 1507.8
1201150 1507.8
1201160 1513.6
1201170 1519.2
1201180 1519.2
1201190 1523.7
1201200 1528.2
1201210 1528.2
1201220 1529.8
1201230 1527.2
1201240 1527.2
1201250 1526.3
1201260 1529.4
1201270 1529.4
1201280 1533.9
1201290 1540.6
1201300 1540.6
1201310 1548.8
1201320 1555.1
1201330 1561.0
1201340 1552.4
1201350 1557.2
1201360 1564.7
1201370 1564.7
1201380 1575.2
1201390 1584.0
1201400 1584.0
1201410 1587.0
1201420 1588.0
1201430 1588.0
1201440 1593.5
1201450 1600.7
1201460 1600.7
1201470 1605.3
1201480 1610.4
1201490 1610.4
1201500 1616.0
1201510 1621.5
1201520 1621.5
1201530 1626.3
1201540 1631.6
1201550 1631.6
1201560 1637.8
1201570 1644.1
1201580 1644.1
1201590 1650.1
1201600 1656.4
1201610 1656.4
1201620 1662.4
1201630 1668.5
1201640 1668.5
1201650 1674.2
1201660 1679.2
1201670 1679.2
1201680 1685.7
1201690 1693.4
1201700 1701.4
1201710 1701.4
1201720 1706.8
1201730 1703.8
1201740 1703.8
1201750 1698.3
1201760 1690.4
1201770 1690.4
1201780 1680.7
1201790 1671.3
1201800 1678.1
1201810 1667.5
1201820 1658.7
1201830 1658.7
1201840 1651.6
1201850 1644.7
1201860 1644.7
1201870 1639.1
1201880 1633.6
1201890 1633.6
1201900 1629.0
1201910 1625.4
1201920 1625.4
1201930 1622.7
1201940 1619.8
1201950 1619.8
1201960 1615.7
1201970 1612.7
1201980 1612.7
1201990 1610.8
1202000 1610.8
1202010 1610.8
1202020 1611.9
1202030 1613.7
1202040 1613.7
1202050 1615.3
1202060 1618.2
1202070 1621.1
1202080 1621.1
1202090 1625.4
1202100 1629.8
1202110 1629.8
1202120 1634.1
1202130 1639.0
1202140 1639.0
1202150 1644.1
1202160 1650.2
1202170 1650.2
1202180 1657.6
1202190 1662.9
1202200 1662.9
1202210 1667.7
1202220 1675.5
1202230 1675.5
1202240 1682.5
1202250 1691.3
1202260 1691.3
1202270 1695.3
1202280 1699.0
1202290 1699.0
1202300 1700.2
1202310 1699.8
1202320 1699.8
1202330 1699.5
1202340 1693.5
1202350 1693.5
1202360 1693.0
1202370 1692.0
1202380 1692.0
1202390 1692.4
1202400 1689.2
1202410 1685.5
1202420 1685.5
1202430 1680.0
1202440 1674.7
1202450 1674.7
1202460 1671.3
1202470 1665.9
1202480 1665.9
1202490 1660.2
1202500 1656.2
1202510 1656.2
1202520 1652.8
1202530 1649.3
1202540 1649.3
1202550 1647.4
1202560 1646.6
1202570 1646.6
1202580 1643.8
1202590 1639.0
1202600 1639.0
1202610 1632.7
1202620 1627.7
1202630 1627.7
1202640 1624.0
1202650 1621.7
1202660 1621.7
1202670 1622.7
1202680 1622.4
1202690 1622.4
1202700 1624.7
1202710 1630.0
1202720 1630.0
1202730 1634.7
1202740 1634.7
1202750 1634.7
1202760 1634.8
1202770 1636.9
1202780 1640.4
1202790 1640.4
1202800 1643.0
1202810 1644.3
1202820 1644.3
1202830 1646.1
1202840 1649.5
1202850 1649.5
1202860 1654.1
1202870 1658.2
1202880 1658.2
1202890 1661.1
1202900 1664.9
1202910 1664.9
1202920 1668.4
1202930 1670.2
1202940 1670.2
1202950 1671.2
1202960 1670.5
1202970 1670.5
1202980 1668.9
1202990 1667.7
1203000 1667.7
1203010 1666.9
1203020 1665.4
1203030 1665.4
1203040 1664.4
1203050 1664.0
1203060 1664.0
1203070 1661.9
1203080 1658.8
1203090 1658.8
1203100 1655.4
1203110 1652.5
1203120 1652.5
1203130 1650.8
1203140 1649.3
1203150 1652.8
1203160 1652.8
1203170 1653.4
1203180 1655.2
1203190 1655.2
1203200 1658.3
1203210 1660.5
1203220 1660.5
1203230 1663.6
1203240 1667.4
1203250 1667.4
1203260 1671.5
1203270 1674.6
1203280 1674.6
1203290 1678.0
1203300 1682.2
1203310 1682.2
1203320 1687.0
1203330 1692.4
1203340 1692.4
1203350 1698.2
1203360 1703.5
1203370 1703.5
1203380 1708.1
1203390 1711.2
1203400 1711.2
1203410 1714.2
1203420 1720.2
1203430 1720.2
1203440 1726.0
1203450 1731.2
1203460 1731.2
1203470 1738.0
1203480 1744.7
1203490 1751.7
1203500 1751.7
1203510 1760.2
1203520 1769.9
1203530 1769.9
1203540 1779.5
1203550 1788.5
1203560 1788.5
1203570 1789.0
1203580 1782.0
1203590 1782.0
1203600 1775.4
1203610 1776.9
1203620 1776.9
1203630 1773.0
1203640 1768.6
1203650 1768.6
1203660 1762.0
1203670 1755.6
1203680 1755.6
1203690 1750.1
1203700 1746.2
1203710 1746.2
1203720 1743.9
1203730 1741.3
1203740 1741.3
1203750 1737.2
1203760 1732.4
1203770 1732.4
1203780 1727.9
1203790 1724.2
1203800 1724.2
1203810 1721.0
1203820 1717.7
1203830 1717.7
1203840 1713.5
1203850 1709.3
1203860 1704.8
1203870 1704.8
1203880 1700.3
1203890 1696.7
1203900 1696.7
1203910 1693.1
1203920 1688.3
1203930 1688.3
1203940 1684.5
1203950 1682.1
1203960 1682.1
1203970 1680.2
1203980 1678.1
1203990 1678.1
1204000 1675.1
1204010 1671.7
1204020 1671.7
1204030 1667.9
1204040 1664.9
1204050 1664.9
1204060 1667.8
1204070 1665.0
1204080 1665.0
1204090 1661.5
1204100 1658.0
1204110 1658.0
1204120 1655.5
1204130 1653.0
1204140 1653.0
1204150 1650.4
1204160 1648.7
1204170 1648.7
1204180 1647.7
1204190 1646.5
1204200 1646.5
1204210 1645.4
1204220 1644.5
1204230 1643.4
1204240 1643.4
1204250 1642.2
1204260 1640.6
1204270 1640.6
1204280 1639.7
1204290 1641.7
1204300 1641.7
1204310 1642.5
1204320 1640.5
1204330 1640.5
1204340 1637.2
1204350 1634.7
1204360 1634.7
1204370 1633.5
1204380 1633.0
1204390 1633.0
1204400 1631.9
1204410 1629.1
1204420 1629.1
1204430 1623.0
1204440 1616.9
1204450 1616.9
1204460 1612.5
1204470 1607.8
1204480 1607.8
1204490 1603.5
1204500 1601.5
1204510 1601.5
1204520 1605.8
1204530 1606.2
1204540 1606.2
1204550 1606.4
1204560 1606.7
1204570 1608.9
1204580 1608.9
1204590 1611.1
1204600 1614.1
1204610 1614.1
1204620 1613.8
1204630 1615.6
1204640 1615.6
1204650 1619.6
1204660 1622.4
1204670 1622.4
1204680 1621.3
1204690 1617.6
1204700 1617.6
1204710 1615.2
1204720 1617.0
1204730 1617.0
1204740 1608.4
1204750 1599.1
1204760 1599.1
1204770 1593.6
1204780 1589.0
1204790 1589.0
1204800 1586.7
1204810 1585.7
1204820 1585.7
1204830 1585.6
1204840 1580.8
1204850 1580.8
1204860 1577.3
1204870 1575.5
1204880 1575.5
1204890 1574.7
1204900 1574.4
1204910 1574.4
1204920 1572.2
1204930 1570.2
1204940 1567.3
1204950 1567.3
1204960 1562.4
1204970 1554.9
1204980 1563.4
1204990 1565.8
1205000 1562.4
1205010 1562.4
1205020 1558.9
1205030 1556.8
1205040 1556.8
1205050 1557.2
1205060 1555.8
1205070 1555.8
1205080 1557.1
1205090 1555.8
1205100 1555.8
1205110 1553.8
1205120 1553.4
1205130 1553.4
1205140 1550.8
1205150 1548.7
1205160 1548.7
1205170 1549.0
1205180 1547.0
1205190 1547.0
1205200 1547.4
1205210 1549.3
1205220 1549.3
1205230 1544.7
1205240 1543.9
1205250 1543.9
1205260 1543.5
1205270 1543.3
1205280 1543.3
1205290 1545.3
1205300 1546.9
1205310 1546.8
1205320 1546.8
1205330 1547.6
1205340 1545.9
1205350 1545.9
1205360 1543.2
1205370 1540.5
1205380 1540.5
1205390 1541.2
1205400 1538.5
1205410 1538.5
1205420 1535.0
1205430 1533.7
1205440 1541.9
1205450 1539.9
1205460 1537.1
1205470 1537.1
1205480 1533.8
1205490 1530.5
1205500 1530.5
1205510 1527.8
1205520 1524.5
1205530 1524.5
1205540 1520.3
1205550 1516.3
1205560 1516.3
1205570 1512.2
1205580 1507.9
1205590 1507.9
1205600 1503.8
1205610 1499.6
1205620 1499.6
1205630 1493.0
1205640 1485.2
1205650 1483.0
1205660 1483.0
1205670 1481.1
1205680 1476.6
1205690 1476.6
1205700 1473.3
1205710 1471.5
1205720 1471.5
1205730 1470.4
1205740 1469.4
1205750 1469.4
1205760 1468.1
1205770 1466.4
1205780 1466.4
1205790 1464.5
1205800 1462.2
1205810 1462.2
1205820 1459.9
1205830 1457.5
1205840 1457.5
1205850 1453.5
1205860 1447.9
1205870 1447.9
1205880 1441.6
1205890 1431.6
1205900 1431.6
1205910 1425.0
1205920 1417.4
1205930 1417.4
1205940 1409.5
1205950 1401.9
1205960 1401.9
1205970 1394.5
1205980 1387.3
1205990 1387.3
1206000 1381.4
1206010 1375.2
1206020 1367.4
1206030 1367.4
1206040 1359.6
1206050 1349.7
1206060 1349.7
1206070 1340.8
1206080 1332.3
1206090 1332.3
1206100 1323.7
1206110 1314.3
1206120 1314.3
1206130 1306.4
1206140 1298.3
1206150 1298.3
1206160 1291.3
1206170 1284.6
1206180 1284.6
1206190 1278.2
1206200 1271.5
1206210 1271.5
1206220 1263.7
1206230 1255.1
1206240 1255.1
1206250 1247.2
1206260 1240.3
1206270 1240.3
1206280 1233.8
1206290 1227.9
1206300 1227.9
1206310 1222.8
1206320 1215.2
1206330 1215.2
1206340 1204.3
1206350 1194.0
1206360 1184.0
1206370 1184.0
1206380 1173.5
1206390 1164.0
1206400 1164.0
1206410 1154.4
1206420 1144.3
1206430 1144.3
1206440 1134.6
1206450 1124.8
1206460 1124.8
1206470 1116.2
1206480 1110.0
1206490 1110.0
1206500 1104.6
1206510 1100.0
1206520 1100.0
1206530 1096.0
1206540 1091.3
1206550 1091.3
1206560 1086.3
1206570 1082.2
1206580 1082.2
1206590 1080.7
1206600 1080.2
1206610 1080.2
1206620 1079.9
1206630 1079.6
1206640 1079.6
1206650 1079.8
1206660 1079.8
1206670 1079.8
1206680 1079.9
1206690 1080.1
1206700 1080.1
1206710 1080.2
1206720 1079.5
1206730 1078.2
1206740 1078.2
1206750 1079.2
1206760 1079.1
1206770 1079.1
1206780 1078.4
1206790 1078.0
1206800 1078.0
1206810 1077.0
1206820 1076.9
1206830 1076.9
1206840 1076.6
1206850 1076.3
1206860 1076.3
1206870 1076.1
1206880 1075.7
1206890 1075.7
1206900 1075.4
1206910 1075.3
1206920 1075.3
1206930 1073.4
1206940 1070.3
1206950 1070.3
1206960 1069.4
1206970 1069.4
1206980 1069.4
1206990 1069.5
1207000 1069.9
1207010 1069.9
1207020 1070.1
1207030 1070.2
1207040 1070.2
1207050 1070.3
1207060 1070.5
1207070 1070.5
1207080 1070.7
1207090 1070.8
1207100 1073.6
1207110 1073.6
1207120 1081.2
1207130 1089.7
1207140 1089.7
1207150 1096.5
1207160 1103.0
1207170 1103.0
1207180 1109.6
1207190 1116.2
1207200 1116.2
1207210 1123.0
1207220 1129.6
1207230 1129.6
1207240 1136.1
1207250 1143.0
1207260 1143.0
1207270 1152.4
1207280 1159.3
1207290 1159.3
1207300 1166.5
1207310 1174.4
1207320 1174.4
1207330 1183.3
1207340 1192.2
1207350 1192.2
1207360 1200.4
1207370 1209.9
1207380 1209.9
1207390 1222.0
1207400 1228.9
1207410 1228.9
1207420 1239.2
1207430 1249.2
1207440 1260.3
1207450 1260.3
1207460 1276.0
1207470 1285.7
1207480 1285.7
1207490 1292.4
1207500 1298.3
1207510 1298.3
1207520 1304.0
1207530 1309.5
1207540 1309.5
1207550 1313.9
1207560 1315.0
1207570 1315.0
1207580 1317.8
1207590 1319.8
1207600 1319.8
1207610 1324.2
1207620 1330.0
1207630 1330.0
1207640 1335.5
1207650 1341.8
1207660 1341.8
1207670 1349.4
1207680 1357.9
1207690 1357.9
1207700 1369.5
1207710 1383.0
1207720 1383.0
1207730 1392.1
1207740 1400.2
1207750 1400.2
1207760 1412.6
1207770 1427.2
1207780 1427.2
1207790 1439.5
1207800 1459.7
1207810 1467.4
1207820 1467.4
1207830 1472.4
1207840 1478.3
1207850 1478.3
1207860 1485.9
1207870 1493.2
1207880 1493.2
1207890 1502.2
1207900 1509.4
1207910 1509.4
1207920 1516.4
1207930 1522.8
1207940 1522.8
1207950 1528.7
1207960 1534.1
1207970 1534.1
1207980 1541.3
1207990 1547.2
1208000 1547.2
1208010 1551.1
1208020 1555.8
1208030 1555.8
1208040 1558.3
1208050 1555.2
1208060 1555.2
1208070 1544.9
1208080 1533.9
1208090 1533.9
1208100 1523.8
1208110 1512.7
1208120 1512.7
1208130 1501.4
1208140 1498.1
1208150 1498.1
1208160 1503.0
1208170 1511.0
1208180 1502.8
1208190 1502.8
1208200 1508.3
1208210 1494.1
1208220 1494.1
1208230 1507.3
1208240 1520.5
1208250 1520.5
1208260 1531.3
1208270 1544.4
1208280 1544.4
1208290 1544.4
1208300 1546.9
1208310 1546.9
1208320 1559.3
1208330 1564.3
1208340 1564.3
1208350 1567.9
1208360 1576.1
1208370 1576.1
1208380 1587.2
1208390 1598.6
1208400 1598.6
1208410 1603.1
1208420 1611.1
1208430 1611.1
1208440 1625.9
1208450 1635.0
1208460 1635.0
1208470 1646.9
1208480 1660.9
1208490 1660.9
1208500 1670.5
1208510 1680.3
1208520 1686.0
1208530 1686.0
1208540 1689.0
1208550 1688.5
1208560 1688.5
1208570 1689.1
1208580 1693.0
1208590 1693.0
1208600 1692.7
1208610 1692.1
1208620 1692.1
1208630 1690.9
1208640 1688.5
1208650 1688.5
1208660 1690.9
1208670 1695.8
1208680 1695.8
1208690 1697.0
1208700 1699.1
1208710 1699.1
1208720 1698.7
1208730 1700.1
1208740 1700.1
1208750 1708.0
1208760 1712.7
1208770 1712.7
1208780 1717.0
1208790 1721.0
1208800 1721.0
1208810 1720.8
1208820 1711.4
1208830 1711.4
1208840 1702.2
1208850 1694.6
1208860 1694.6
1208870 1687.5
1208880 1678.1
1208890 1668.3
1208900 1668.3
1208910 1661.2
1208920 1655.2
1208930 1655.2
1208940 1649.4
1208950 1643.2
1208960 1643.2
1208970 1636.7
1208980 1630.0
1208990 1630.0
1209000 1623.5
1209010 1616.9
1209020 1616.9
1209030 1610.1
1209040 1604.0
1209050 1604.0
1209060 1598.4
1209070 1593.3
1209080 1593.3
1209090 1589.3
1209100 1585.9
1209110 1585.9
1209120 1587.4
1209130 1584.7
1209140 1584.7
1209150 1583.9
1209160 1584.9
1209170 1584.9
1209180 1586.5
1209190 1586.8
1209200 1586.8
1209210 1584.1
1209220 1580.4
1209230 1580.4
1209240 1577.0
1209250 1573.1
1209260 1567.9
1209270 1567.9
1209280 1563.9
1209290 1560.6
1209300 1560.6
1209310 1556.8
1209320 1555.0
1209330 1555.0
1209340 1552.3
1209350 1548.9
1209360 1548.9
1209370 1548.7
1209380 1549.9
1209390 1549.9
1209400 1550.0
1209410 1549.2
1209420 1549.2
1209430 1549.4
1209440 1548.2
1209450 1548.2
1209460 1546.4
1209470 1543.6
1209480 1543.6
1209490 1542.3
1209500 1542.3
1209510 1542.3
1209520 1541.2
1209530 1537.1
1209540 1537.1
1209550 1532.0
1209560 1531.4
1209570 1531.4
1209580 1531.3
1209590 1534.0
1209600 1534.3
1209610 1534.3
1209620 1537.8
1209630 1549.2
1209640 1549.2
1209650 1568.0
1209660 1579.2
1209670 1579.2
1209680 1588.5
1209690 1592.1
1209700 1592.1
1209710 1591.5
1209720 1587.3
1209730 1587.3
1209740 1592.3
1209750 1593.8
1209760 1593.8
1209770 1593.7
1209780 1592.0
1209790 1592.0
1209800 1588.6
1209810 1591.8
1209820 1591.8
1209830 1599.8
1209840 1607.3
1209850 1607.3
1209860 1613.3
1209870 1618.0
1209880 1618.0
1209890 1623.3
1209900 1629.0
1209910 1629.0
1209920 1633.2
1209930 1641.0
1209940 1641.0
1209950 1648.5
1209960 1656.1
1209970 1663.9
1209980 1663.9
1209990 1673.6
1210000 1685.1
1210010 1685.1
1210020 1691.7
1210030 1699.9
1210040 1699.9
1210050 1711.8
1210060 1719.8
1210070 1719.8
1210080 1727.3
1210090 1735.1
1210100 1735.1
1210110 1743.0
1210120 1750.4
1210130 1750.4
1210140 1758.2
1210150 1766.2
1210160 1766.2
1210170 1776.3
1210180 1788.9
1210190 1788.9
1210200 1798.1
1210210 1808.9
1210220 1808.9
1210230 1822.6
1210240 1834.0
1210250 1834.0
1210260 1845.1
1210270 1854.1
1210280 1854.1
1210290 1861.0
1210300 1868.0
1210310 1874.6
1210320 1874.6
1210330 1881.1
1210340 1887.9
1210350 1887.9
1210360 1894.4
1210370 1901.3
1210380 1901.3
1210390 1907.0
1210400 1906.0
1210410 1906.0
1210420 1898.1
1210430 1888.1
1210440 1888.1
1210450 1851.3
1210460 1826.6
1210470 1826.6
1210480 1820.4
1210490 1818.6
1210500 1818.6
1210510 1806.7
1210520 1819.9
1210530 1819.9
1210540 1814.4
1210550 1815.1
1210560 1815.1
1210570 1804.1
1210580 1792.5
1210590 1792.5
1210600 1783.1
1210610 1778.1
1210620 1778.1
1210630 1773.3
1210640 1758.4
1210650 1758.4
1210660 1751.5
1210670 1760.0
1210680 1754.6
1210690 1754.6
1210700 1754.1
1210710 1762.2
1210720 1762.2
1210730 1759.2
1210740 1758.3
1210750 1758.3
1210760 1765.8
1210770 1776.3
1210780 1776.3
1210790 1788.9
1210800 1797.7
1210810 1797.7
1210820 1801.4
1210830 1807.8
1210840 1807.8
1210850 1817.3
1210860 1827.3
1210870 1827.3
1210880 1835.5
1210890 1838.6
1210900 1838.6
1210910 1835.1
1210920 1822.6
1210930 1822.6
1210940 1804.0
1210950 1786.4
1210960 1786.4
1210970 1778.6
1210980 1771.4
1210990 1776.3
1211000 1771.0
1211010 1761.0
1211020 1761.0
1211030 1754.1
1211040 1739.3
1211050 1721.8
1211060 1721.8
1211070 1709.9
1211080 1702.1
1211090 1702.1
1211100 1691.8
1211110 1683.0
1211120 1683.0
1211130 1669.2
1211140 1661.6
1211150 1661.6
1211160 1650.7
1211170 1645.0
1211180 1645.0
1211190 1641.1
1211200 1636.7
1211210 1636.7
1211220 1632.0
1211230 1627.1
1211240 1627.1
1211250 1621.9
1211260 1616.6
1211270 1616.6
1211280 1611.3
1211290 1605.0
1211300 1605.0
1211310 1598.9
1211320 1594.2
1211330 1594.2
1211340 1594.1
1211350 1598.5
1211360 1598.5
1211370 1602.2
1211380 1605.7
1211390 1608.9
1211400 1608.9
1211410 1608.9
1211420 1608.2
1211430 1608.2
1211440 1610.4
1211450 1619.5
1211460 1619.5
1211470 1622.3
1211480 1624.7
1211490 1624.7
1211500 1627.3
1211510 1629.5
1211520 1629.5
1211530 1631.3
1211540 1633.5
1211550 1633.5
1211560 1636.7
1211570 1639.3
1211580 1639.3
1211590 1639.2
1211600 1638.0
1211610 1638.0
1211620 1636.4
1211630 1634.8
1211640 1634.8
1211650 1633.8
1211660 1632.5
1211670 1632.5
1211680 1630.2
1211690 1630.2
1211700 1630.2
1211710 1631.6
1211720 1631.6
1211730 1631.6
1211740 1629.5
1211750 1625.6
1211760 1623.1
1211770 1623.1
1211780 1619.6
1211790 1620.4
1211800 1620.4
1211810 1623.4
1211820 1625.6
1211830 1625.6
1211840 1623.9
1211850 1627.3
1211860 1627.3
1211870 1629.5
1211880 1631.7
1211890 1631.7
1211900 1638.9
1211910 1646.8
1211920 1645.9
1211930 1653.7
1211940 1661.2
1211950 1661.2
1211960 1666.6
1211970 1671.0
1211980 1671.0
1211990 1676.5
1212000 1682.2
1212010 1682.2
1212020 1687.0
1212030 1691.3
1212040 1691.3
1212050 1695.7
1212060 1700.5
1212070 1700.5
1212080 1708.4
1212090 1720.0
1212100 1720.0
1212110 1728.7
1212120 1735.4
1212130 1744.8
1212140 1744.8
1212150 1752.2
1212160 1760.1
1212170 1760.1
1212180 1767.0
1212190 1770.9
1212200 1770.9
1212210 1778.8
1212220 1786.3
1212230 1786.3
1212240 1792.3
1212250 1797.8
1212260 1797.8
1212270 1799.7
1212280 1796.7
1212290 1796.7
1212300 1789.8
1212310 1781.4
1212320 1781.4
1212330 1767.6
1212340 1752.6
1212350 1752.6
1212360 1740.8
1212370 1730.2
1212380 1730.2
1212390 1719.6
1212400 1702.5
1212410 1702.5
1212420 1680.4
1212430 1669.6
1212440 1669.6
1212450 1662.8
1212460 1655.3
1212470 1647.0
1212480 1647.0
1212490 1639.4
1212500 1632.8
1212510 1632.8
1212520 1626.8
1212530 1618.6
1212540 1618.6
1212550 1611.7
1212560 1605.0
1212570 1605.0
1212580 1598.7
1212590 1592.8
1212600 1592.8
1212610 1586.5
1212620 1579.9
1212630 1579.9
1212640 1572.7
1212650 1563.3
1212660 1563.3
1212670 1553.2
1212680 1544.1
1212690 1544.1
1212700 1537.3
1212710 1530.6
1212720 1530.6
1212730 1525.3
1212740 1518.8
1212750 1518.8
1212760 1512.4
1212770 1507.1
1212780 1507.1
1212790 1501.1
1212800 1501.7
1212810 1501.7
1212820 1502.0
1212830 1497.7
1212840 1491.8
1212850 1491.8
1212860 1490.3
1212870 1488.5
1212880 1488.5
1212890 1490.6
1212900 1490.6
1212910 1490.6
1212920 1490.8
1212930 1489.7
1212940 1489.7
1212950 1489.7
1212960 1491.1
1212970 1491.1
1212980 1493.1
1212990 1494.5
1213000 1494.5
1213010 1495.9
1213020 1497.6
1213030 1497.6
1213040 1492.8
1213050 1483.7
1213060 1483.7
1213070 1471.7
1213080 1459.9
1213090 1459.9
1213100 1452.1
1213110 1443.6
1213120 1443.6
1213130 1433.0
1213140 1418.0
1213150 1418.0
1213160 1406.7
1213170 1400.1
1213180 1392.0
1213190 1392.0
1213200 1375.7
1213210 1358.5
1213220 1358.5
1213230 1347.7
1213240 1344.4
1213250 1344.4
1213260 1347.1
1213270 1343.1
1213280 1343.1
1213290 1331.6
1213300 1313.5
1213310 1313.5
1213320 1299.6
1213330 1282.3
1213340 1282.3
1213350 1284.7
1213360 1284.5
1213370 1284.5
1213380 1284.9
1213390 1289.7
1213400 1289.7
1213410 1295.5
1213420 1298.8
1213430 1298.8
1213440 1305.0
1213450 1313.1
1213460 1313.1
1213470 1320.8
1213480 1330.3
1213490 1330.3
1213500 1340.6
1213510 1349.9
1213520 1349.9
1213530 1359.6
1213540 1368.6
1213550 1376.4
1213560 1376.4
1213570 1384.9
1213580 1392.3
1213590 1392.3
1213600 1398.0
1213610 1403.4
1213620 1403.4
1213630 1408.7
1213640 1415.8
1213650 1415.8
1213660 1423.2
1213670 1430.2
1213680 1430.2
1213690 1437.8
1213700 1445.9
1213710 1445.9
1213720 1455.4
1213730 1464.9
1213740 1464.9
1213750 1473.0
1213760 1479.9
1213770 1479.9
1213780 1486.0
1213790 1491.9
1213800 1491.9
1213810 1498.2
1213820 1504.2
1213830 1504.2
1213840 1510.1
1213850 1515.8
1213860 1515.8
1213870 1521.5
1213880 1527.1
1213890 1527.1
1213900 1532.8
1213910 1538.5
1213920 1543.6
1213930 1543.6
1213940 1548.0
1213950 1551.9
1213960 1551.9
1213970 1555.9
1213980 1560.6
1213990 1560.6
1214000 1563.0
1214010 1565.5
1214020 1565.5
1214030 1567.0
1214040 1566.6
1214050 1566.6
1214060 1571.0
1214070 1581.3
1214080 1581.3
1214090 1590.7
1214100 1595.5
1214110 1595.5
1214120 1600.3
1214130 1604.1
1214140 1604.1
1214150 1608.7
1214160 1614.9
1214170 1614.9
1214180 1622.6
1214190 1631.5
1214200 1631.5
1214210 1639.6
1214220 1647.7
1214230 1647.7
1214240 1655.2
1214250 1661.6
1214260 1668.4
1214270 1668.4
1214280 1678.0
1214290 1684.0
1214300 1684.0
1214310 1689.0
1214320 1693.9
1214330 1693.9
1214340 1698.8
1214350 1704.5
1214360 1704.5
1214370 1709.5
1214380 1711.6
1214390 1711.6
1214400 1708.5
1214410 1710.6
1214420 1710.6
1214430 1720.9
1214440 1730.9
1214450 1730.9
1214460 1746.4
1214470 1758.5
1214480 1758.5
1214490 1770.7
1214500 1782.4
1214510 1782.4
1214520 1795.3
1214530 1810.9
1214540 1810.9
1214550 1819.4
1214560 1824.4
1214570 1824.4
1214580 1829.8
1214590 1836.9
1214600 1836.9
1214610 1844.7
1214620 1853.3
1214630 1860.9
1214640 1860.9
1214650 1868.4
1214660 1875.7
1214670 1875.7
1214680 1882.7
1214690 1889.8
1214700 1889.8
1214710 1897.6
1214720 1905.3
1214730 1905.3
1214740 1913.2
1214750 1917.3
1214760 1917.3
1214770 1925.2
1214780 1933.4
1214790 1933.4
1214800 1943.1
1214810 1954.3
1214820 1954.3
1214830 1962.1
1214840 1968.6
1214850 1968.6
1214860 1974.6
1214870 1977.8
1214880 1977.8
1214890 1978.8
1214900 1986.9
1214910 1986.9
1214920 1994.7
1214930 2003.6
1214940 2003.6
1214950 2012.1
1214960 2019.8
1214970 2027.2
1214980 2027.2
1214990 2035.0
1215000 2042.8
1215010 2042.8
1215020 2050.0
1215030 2056.1
1215040 2056.1
1215050 2063.1
1215060 2070.9
1215070 2070.9
1215080 2071.4
1215090 2066.6
1215100 2066.6
1215110 2063.5
1215120 2058.8
1215130 2058.8
1215140 2057.5
1215150 2049.5
1215160 2049.5
1215170 2030.1
1215180 2019.2
1215190 2019.2
1215200 2011.2
1215210 1999.7
1215220 1999.7
1215230 1987.5
1215240 1974.1
1215250 1974.1
1215260 1950.1
1215270 1938.8
1215280 1938.8
1215290 1921.6
1215300 1906.3
1215310 1906.3
1215320 1894.9
1215330 1886.7
1215340 1876.7
1215350 1876.7
1215360 1873.2
1215370 1870.0
1215380 1870.0
1215390 1865.8
1215400 1860.5
1215410 1860.5
1215420 1854.7
1215430 1848.8
1215440 1848.8
1215450 1842.5
1215460 1836.2
1215470 1836.2
1215480 1830.2
1215490 1824.0
1215500 1824.0
1215510 1819.2
1215520 1816.1
1215530 1816.1
1215540 1811.5
1215550 1808.5
1215560 1808.5
1215570 1809.5
1215580 1805.2
1215590 1805.2
1215600 1799.5
1215610 1793.0
1215620 1793.0
1215630 1779.4
1215640 1770.8
1215650 1770.8
1215660 1766.2
1215670 1760.6
1215680 1760.6
1215690 1754.2
1215700 1745.5
1215710 1740.3
1215720 1740.3
1215730 1735.3
1215740 1731.7
1215750 1731.7
1215760 1728.7
