1200000 1355.9
1200010 1355.9
1200020 1362.4
1200030 1369.6
1200040 1369.6
1200050 1375.2
1200060 1383.7
1200070 1383.7
1200080 1388.3
1200090 1390.3
1200100 1390.3
1200110 1389.8
1200120 1389.2
1200130 1389.2
1200140 1390.4
1200150 1392.7
1200160 1393.3
1200170 1393.3
1200180 1392.9
1200190 1393.9
1200200 1393.9
1200210 1395.1
1200220 1397.2
1200230 1397.2
1200240 1400.4
1200250 1402.6
1200260 1402.6
1200270 1403.3
1200280 1405.6
1200290 1405.6
1200300 1392.7
1200310 1390.0
1200320 1390.0
1200330 1390.9
1200340 1393.4
1200350 1393.4
1200360 1397.2
1200370 1402.2
1200380 1402.2
1200390 1407.5
1200400 1413.6
1200410 1413.6
1200420 1421.2
1200430 1424.5
1200440 1424.5
1200450 1426.3
1200460 1429.7
1200470 1429.7
1200480 1432.1
1200490 1432.7
1200500 1433.5
1200510 1433.5
1200520 1435.4
1200530 1435.0
1200540 1435.0
1200550 1433.7
1200560 1429.2
1200570 1429.2
1200580 1426.7
1200590 1427.4
1200600 1427.4
1200610 1429.4
1200620 1432.1
1200630 1432.1
1200640 1432.4
1200650 1432.5
1200660 1432.5
1200670 1433.3
1200680 1436.2
1200690 1436.2
1200700 1447.2
1200710 1452.5
1200720 1452.5
1200730 1456.2
1200740 1459.9
1200750 1456.4
1200760 1460.6
1200770 1465.2
1200780 1465.2
1200790 1469.6
1200800 1475.3
1200810 1475.3
1200820 1481.2
1200830 1486.9
1200840 1486.9
1200850 1492.6
1200860 1499.5
1200870 1508.7
1200880 1508.7
1200890 1514.9
1200900 1517.6
1200910 1517.6
1200920 1516.7
1200930 1520.7
1200940 1520.7
1200950 1526.8
1200960 1534.2
1200970 1534.2
1200980 1537.5
1200990 1537.0
1201000 1537.0
1201010 1536.5
1201020 1539.8
1201030 1539.8
1201820 1551.1
1201830 1551.1
1201840 1545.2
1201850 1539.2
1201860 1539.2
1201870 1531.9
1201880 1524.8
1201890 1524.8
1201900 1518.8
1201910 1513.7
1201920 1513.7
1201930 1508.1
1201940 1502.2
1201950 1497.9
1201960 1497.9
1201970 1493.4
1201980 1489.1
1201990 1489.1
1202000 1485.1
1202010 1480.4
1202020 1480.4
1202030 1476.1
1202040 1473.0
1202050 1473.0
1202060 1469.3
1202070 1465.8
1202080 1465.8
1202090 1463.5
1202100 1462.1
1202110 1465.2
1202120 1461.2
1202130 1456.0
1202140 1456.0
1202150 1454.1
1202160 1457.4
1202170 1457.4
1202180 1459.0
1202190 1458.6
1202200 1458.6
1202210 1457.4
1202220 1457.0
1202230 1457.0
1202240 1458.5
1202250 1461.2
1202260 1461.2
1202270 1464.7
1202280 1468.0
1202290 1468.0
1202300 1470.3
1202310 1473.2
1202320 1477.3
1202330 1477.3
1202340 1480.8
1202350 1484.3
1202360 1484.3
1202370 1487.5
1202380 1489.5
1202390 1489.5
1202400 1490.3
1202410 1491.6
1202420 1491.6
1202430 1493.1
1202440 1494.6
1202450 1494.6
1202460 1496.9
1202470 1498.6
1202480 1498.6
1202490 1498.3
1202500 1499.4
1202510 1499.4
1202520 1501.6
1202530 1503.3
1202540 1503.3
1202550 1505.8
1202560 1507.8
1202570 1507.8
1202580 1510.5
1202590 1511.1
1202600 1511.1
1202610 1511.0
1202620 1509.0
1202630 1509.0
1202640 1510.5
1202650 1513.7
1202660 1517.5
1202670 1517.5
1202680 1520.3
1202690 1522.9
1202700 1522.9
1202710 1525.4
1202720 1528.0
1202730 1528.0
1202740 1531.2
1202750 1534.7
1202760 1534.7
1202770 1538.1
1202780 1541.6
1202790 1541.6
1202800 1544.9
1202810 1548.7
1202820 1548.7
1202830 1553.3
1202840 1558.2
1202850 1558.2
1202860 1560.7
1202870 1560.9
1202880 1560.9
1202890 1562.9
1202900 1568.3
1202910 1568.3
1202920 1574.2
1202930 1580.2
1202940 1580.2
1202950 1585.5
1202960 1590.2
1202970 1590.2
1202980 1594.8
1202990 1599.6
1203000 1599.6
1203010 1604.7
1203020 1611.0
1203030 1617.7
1203040 1617.7
1203050 1624.4
1203060 1630.4
1203070 1630.4
1203080 1636.8
1203090 1642.9
1203100 1642.9
1203110 1649.7
1203120 1656.3
1203130 1656.3
1203140 1663.2
1203150 1670.9
1203160 1670.9
1203170 1678.6
1203180 1686.7
1203190 1686.7
1203200 1695.0
1203210 1703.7
1203220 1703.7
1203230 1712.3
1203240 1720.4
1203250 1720.4
1203260 1726.6
1203270 1731.4
1203280 1731.4
1203290 1738.7
1203300 1747.3
1203310 1747.3
1203320 1757.2
1203330 1767.6
1203340 1767.6
1203350 1775.9
1203360 1783.3
1203370 1783.3
1203380 1790.9
1203390 1797.6
1203400 1804.6
1203410 1804.6
1203420 1811.4
1203430 1818.1
1203440 1818.1
1203450 1825.0
1203460 1831.4
1203470 1832.9
1203480 1839.3
1203490 1844.5
1203500 1844.5
1203510 1847.1
1203520 1842.0
1203530 1842.0
1203540 1832.7
1203550 1825.0
1203560 1825.0
1203570 1820.5
1203580 1818.4
1203590 1818.4
1203600 1815.0
1203610 1809.1
1203620 1809.1
1203630 1802.9
1203640 1798.7
1203650 1798.7
1203660 1794.0
1203670 1788.5
1203680 1788.5
1203690 1783.6
1203700 1780.5
1203710 1780.5
1203720 1777.6
1203730 1774.7
1203740 1774.7
1203750 1772.8
1203760 1770.2
1203770 1766.9
1203780 1766.9
1203790 1764.9
1203800 1762.8
1203810 1762.8
1203820 1760.3
1203830 1757.8
1203840 1757.8
1203850 1754.3
1203860 1750.7
1203870 1750.7
1203880 1746.9
1203890 1743.3
1203900 1743.3
1203910 1740.2
1203920 1729.9
1203930 1729.9
1203940 1725.9
1203950 1722.0
1203960 1722.0
1203970 1719.1
1203980 1717.7
1203990 1717.7
1204000 1715.3
1204010 1711.4
1204020 1711.4
1204030 1706.0
1204040 1700.2
1204050 1700.2
1204060 1695.9
1204070 1692.9
1204080 1692.9
1204090 1689.0
1204100 1683.5
1204110 1678.0
1204120 1678.0
1204130 1671.9
1204140 1667.1
1204150 1667.1
1204160 1662.8
1204170 1660.9
1204180 1660.9
1204190 1657.9
1204200 1654.9
1204210 1654.9
1204220 1650.1
1204230 1645.0
1204240 1645.0
1204250 1639.5
1204260 1635.4
1204270 1635.4
1204280 1631.1
1204290 1626.0
1204300 1626.0
1204310 1620.4
1204320 1614.5
1204330 1614.5
1204340 1609.1
1204350 1604.2
1204360 1604.2
1204370 1599.2
1204380 1590.9
1204390 1590.9
1204400 1585.9
1204410 1581.5
1204420 1581.5
1204430 1576.8
1204440 1572.1
1204450 1572.1
1204460 1567.4
1204470 1562.9
1204480 1558.4
1204490 1558.4
1204500 1553.5
1204510 1548.1
1204520 1548.1
1204530 1543.1
1204540 1538.2
1204550 1538.2
1204560 1533.3
1204570 1528.7
1204580 1528.7
1204590 1524.3
1204600 1520.2
1204610 1520.2
1204620 1516.1
1204630 1512.5
1204640 1512.5
1204650 1508.8
1204660 1505.0
1204670 1505.0
1204680 1501.5
1204690 1497.9
1204700 1497.9
1204710 1494.4
1204720 1490.4
1204730 1490.4
1204740 1486.3
1204750 1482.0
1204760 1482.0
1204770 1477.8
1204780 1473.9
1204790 1473.9
1204800 1469.8
1204810 1465.7
1204820 1465.7
1204830 1462.0
1204840 1453.7
1204850 1449.8
1204860 1449.8
1204870 1446.3
1204880 1442.5
1204890 1442.5
1204900 1438.5
1204910 1434.4
1204920 1434.4
1204930 1430.2
1204940 1425.5
1204950 1425.5
1204960 1420.8
1204970 1415.7
1204980 1415.7
1204990 1410.2
1205000 1404.5
1205010 1404.5
1205020 1399.2
1205030 1391.5
1205040 1391.5
1205050 1385.7
1205060 1384.1
1205070 1384.1
1205080 1385.9
1205090 1385.8
1205100 1385.8
1205110 1383.4
1205120 1380.9
1205130 1380.9
1205140 1377.5
1205150 1372.4
1205160 1372.4
1205170 1367.1
1205180 1363.1
1205190 1358.2
1205200 1358.2
1205210 1353.1
1205220 1347.6
1205230 1347.6
1205240 1341.1
1205250 1335.7
1205260 1335.7
1205270 1332.0
1205280 1327.5
1205290 1322.2
1205300 1316.8
1205310 1311.5
1205320 1311.5
1205330 1308.3
1205340 1305.2
1205350 1305.2
1205360 1301.4
1205370 1298.6
1205380 1298.6
1205390 1295.9
1205400 1293.8
1205410 1293.8
1205420 1291.7
1205430 1289.3
1205440 1289.3
1205450 1287.8
1205460 1288.5
1205470 1288.5
1205480 1287.8
1205490 1287.5
1205500 1287.5
1205510 1286.0
1205520 1283.8
1205530 1283.8
1205540 1281.5
1205550 1278.6
1205560 1276.2
1205570 1276.2
1205580 1274.8
1205590 1273.1
1205600 1273.1
1205610 1268.2
1205620 1262.9
1205630 1262.9
1205640 1260.8
1205650 1261.2
1205660 1261.2
1205670 1256.7
1205680 1253.9
1205690 1253.9
1205700 1254.7
1205710 1254.1
1205720 1254.1
1205730 1253.4
1205740 1249.4
1205750 1256.0
1205760 1255.0
1205770 1253.2
1205780 1253.2
1205790 1251.2
1205800 1248.6
1205810 1248.6
1205820 1246.0
1205830 1245.4
1205840 1245.4
1205850 1244.6
1205860 1242.4
1205870 1242.4
1205880 1236.9
1205890 1231.6
1205900 1231.6
1205910 1229.3
1205920 1226.4
1205930 1223.0
1205940 1223.0
1205950 1221.3
1205960 1222.8
1205970 1222.8
1205980 1223.8
1205990 1224.0
1206000 1224.0
1206010 1223.0
1206020 1220.5
1206030 1220.5
1206040 1218.6
1206050 1216.4
1206060 1216.4
1206070 1214.8
1206080 1212.3
1206090 1212.3
1206100 1207.9
1206110 1204.5
1206120 1204.5
1206130 1204.5
1206140 1203.0
1206150 1203.0
1206160 1200.8
1206170 1198.5
1206180 1198.5
1206190 1195.9
1206200 1192.8
1206210 1198.2
1206220 1194.9
1206230 1191.3
1206240 1191.3
1206250 1188.7
1206260 1186.6
1206270 1183.8
1206280 1183.8
1206290 1179.7
1206300 1174.7
1206310 1174.7
1206320 1169.2
1206330 1163.0
1206340 1163.0
1206350 1156.7
1206360 1150.4
1206370 1150.4
1206380 1144.7
1206390 1138.9
1206400 1138.9
1206410 1133.0
1206420 1127.3
1206430 1127.3
1206440 1122.4
1206450 1118.3
1206460 1118.3
1206470 1115.9
1206480 1114.1
1206490 1114.1
1206500 1112.8
1206510 1111.9
1206520 1111.9
1206530 1110.4
1206540 1109.4
1206550 1109.4
1206560 1108.1
1206570 1106.5
1206580 1106.5
1206590 1108.1
1206600 1107.6
1206610 1107.6
1206620 1106.7
1206630 1105.7
1206640 1104.7
1206650 1104.7
1206660 1103.5
1206670 1102.2
1206680 1102.2
1206690 1101.0
1206700 1100.1
1206710 1100.1
1206720 1099.2
1206730 1098.1
1206740 1098.1
1206750 1096.9
1206760 1095.8
1206770 1095.8
1206780 1094.8
1206790 1094.2
1206800 1094.2
1206810 1093.4
1206820 1092.5
1206830 1092.5
1206840 1091.5
1206850 1090.9
1206860 1090.9
1206870 1090.4
1206880 1089.6
1206890 1089.6
1206900 1089.2
1206910 1088.4
1206920 1088.4
1206930 1087.6
1206940 1086.6
1206950 1086.6
1206960 1085.8
1206970 1085.2
1206980 1085.2
1206990 1084.4
1207000 1082.7
1207010 1081.4
1207020 1081.4
1207030 1080.8
1207040 1080.6
1207050 1080.6
1207060 1080.5
1207070 1080.3
1207080 1080.3
1207090 1080.0
1207100 1079.4
1207110 1079.4
1207120 1078.9
1207130 1078.2
1207140 1078.2
1207150 1078.0
1207160 1077.8
1207170 1077.8
1207180 1077.8
1207190 1077.7
1207200 1077.7
1207210 1077.5
1207220 1077.2
1207230 1077.2
1207240 1077.2
1207250 1077.3
1207260 1077.3
1207270 1077.8
1207280 1082.3
1207290 1082.3
1207300 1087.0
1207310 1091.6
1207320 1091.6
1207330 1096.5
1207340 1101.3
1207350 1101.3
1207360 1106.1
1207370 1111.5
1207380 1117.4
1207390 1117.4
1207400 1122.4
1207410 1127.5
1207420 1127.5
1207430 1132.9
1207440 1138.4
1207450 1138.4
1207460 1143.2
1207470 1148.0
1207480 1148.0
1207490 1152.8
1207500 1156.9
1207510 1156.9
1207520 1160.9
1207530 1164.7
1207540 1164.7
1207550 1167.8
1207560 1171.4
1207570 1171.4
1207580 1175.3
1207590 1184.4
1207600 1184.4
1207610 1187.3
1207620 1188.6
1207630 1188.6
1207640 1193.8
1207650 1202.7
1207660 1202.7
1207670 1207.6
1207680 1211.1
1207690 1211.1
1207700 1217.1
1207710 1223.1
1207720 1229.3
1207730 1229.3
1207740 1236.5
1207750 1242.6
1207760 1242.6
1207770 1249.4
1207780 1254.8
1207790 1254.8
1207800 1258.6
1207810 1261.8
1207820 1261.8
1207830 1266.0
1207840 1267.8
1207850 1267.8
1207860 1259.4
1207870 1252.5
1207880 1252.5
1207890 1260.5
1207900 1270.6
1207910 1270.6
1207920 1280.0
1207930 1290.3
1207940 1290.3
1207950 1297.2
1207960 1303.8
1207970 1303.8
1207980 1309.8
1207990 1316.0
1208000 1316.0
1208010 1322.4
1208020 1327.8
1208030 1327.8
1208040 1331.6
1208050 1335.0
1208060 1341.0
1208070 1344.8
1208080 1348.9
1208090 1354.4
1208100 1354.4
1208110 1360.7
1208120 1367.4
1208130 1367.4
1208140 1373.7
1208150 1380.0
1208160 1380.0
1208170 1387.0
1208180 1392.4
1208190 1392.4
1208200 1396.5
1208210 1399.7
1208220 1399.7
1208230 1401.9
1208240 1403.4
1208250 1403.4
1208260 1403.3
1208270 1400.0
1208280 1400.0
1208290 1392.7
1208300 1378.7
1208310 1378.7
1208320 1363.5
1208330 1346.8
1208340 1346.8
1208350 1345.8
1208360 1359.9
1208370 1359.9
1208380 1369.8
1208390 1375.2
1208400 1375.2
1208410 1384.5
1208420 1398.7
1208430 1398.7
1208440 1410.2
1208450 1419.4
1208460 1430.3
1208470 1430.3
1208480 1440.2
1208490 1446.3
1208500 1446.3
1208510 1451.6
1208520 1461.8
1208530 1461.8
1208540 1464.5
1208550 1467.1
1208560 1467.1
1208570 1471.8
1208580 1478.6
1208590 1478.6
1208600 1484.3
1208610 1488.2
1208620 1488.2
1208630 1491.7
1208640 1494.0
1208650 1494.0
1208660 1495.8
1208670 1497.2
1208680 1497.2
1208690 1498.2
1208700 1498.8
1208710 1498.8
1208720 1501.4
1208730 1505.5
1208740 1505.5
1208750 1508.7
1208760 1508.3
1208770 1508.3
1208780 1509.5
1208790 1514.3
1208800 1520.9
1208810 1520.9
1208820 1528.6
1208830 1537.2
1208840 1537.2
1208850 1542.0
1208860 1544.3
1208870 1544.3
1208880 1544.7
1208890 1544.1
1208900 1544.1
1208910 1544.1
1208920 1542.9
1208930 1542.9
1208940 1541.1
1208950 1542.0
1208960 1542.0
1208970 1544.3
1208980 1556.9
1208990 1556.9
1209000 1559.7
1209010 1560.9
1209020 1560.9
1209030 1559.1
1209040 1550.3
1209050 1550.3
1209060 1537.7
1209070 1519.3
1209080 1519.3
1209090 1505.7
1209100 1501.2
1209110 1501.2
1209120 1496.9
1209130 1488.1
1209140 1488.1
1209150 1478.7
1209160 1466.8
1209170 1452.5
1209180 1452.5
1209190 1435.0
1209200 1426.4
1209210 1426.4
1209220 1419.5
1209230 1412.0
1209240 1412.0
1209250 1404.5
1209260 1396.6
1209270 1396.6
1209280 1393.0
1209290 1392.6
1209300 1392.6
1209310 1393.7
1209320 1395.8
1209330 1395.8
1209340 1401.0
1209350 1403.8
1209360 1403.8
1209370 1405.6
1209380 1405.9
1209390 1405.9
1209400 1405.9
1209410 1406.8
1209420 1406.8
1209430 1406.9
1209440 1406.5
1209450 1409.6
1209460 1410.0
1209470 1415.2
1209480 1415.2
1209490 1417.5
1209500 1417.5
1209510 1417.5
1209520 1418.7
1209530 1418.5
1209540 1418.7
1209550 1418.7
1209560 1418.5
1209570 1419.9
1209580 1419.9
1209590 1416.2
1209600 1413.4
1209610 1413.4
1209620 1415.4
1209630 1418.6
1209640 1418.6
1209650 1420.5
1209660 1422.4
1209670 1422.4
1209680 1428.9
1209690 1433.4
1209700 1433.4
1209710 1438.4
1209720 1444.1
1209730 1444.1
1209740 1450.4
1209750 1456.0
1209760 1456.0
1209770 1461.1
1209780 1466.1
1209790 1466.1
1209800 1474.0
1209810 1482.4
1209820 1482.4
1209830 1491.4
1209840 1503.9
1209850 1503.9
1209860 1517.3
1209870 1527.7
1209880 1533.8
1209890 1533.8
1209900 1539.5
1209910 1544.3
1209920 1544.3
1209930 1553.1
1209940 1566.5
1209950 1566.5
1209960 1581.1
1209970 1596.4
1209980 1596.4
1209990 1603.7
1210000 1608.6
1210010 1608.6
1210020 1617.0
1210030 1632.3
1210040 1632.3
1210050 1640.3
1210060 1636.9
1210070 1636.9
1210080 1638.6
1210090 1649.0
1210100 1649.0
1210110 1658.3
1210120 1668.4
1210130 1668.4
1210140 1682.5
1210150 1694.7
1210160 1694.7
1210170 1695.5
1210180 1682.3
1210190 1682.3
1210200 1680.4
1210210 1689.4
1210220 1689.4
1210230 1687.4
1210240 1686.0
1210250 1682.8
1210260 1682.8
1210270 1670.5
1210280 1658.1
1210290 1658.1
1210300 1646.8
1210310 1638.4
1210320 1638.4
1210330 1637.2
1210340 1652.7
1210350 1652.7
1210360 1656.1
1210370 1641.4
1210380 1644.8
1210390 1636.2
1210400 1642.9
1210410 1642.9
1210420 1638.3
1210430 1645.4
1210440 1645.4
1210450 1651.8
1210460 1669.5
1210470 1669.5
1210480 1675.3
1210490 1662.8
1210500 1662.8
1210510 1647.2
1210520 1642.1
1210530 1642.1
1210540 1644.0
1210550 1642.8
1210560 1642.8
1210570 1637.3
1210580 1633.1
1210590 1633.1
1210600 1628.5
1210610 1621.4
1210620 1616.1
1210630 1616.1
1210640 1616.3
1210650 1614.1
1210660 1614.1
1210670 1606.7
1210680 1596.9
1210690 1596.9
1210700 1596.0
1210710 1587.7
1210720 1587.7
1210730 1575.2
1210740 1570.3
1210750 1570.3
1210760 1565.3
1210770 1554.9
1210780 1554.9
1210790 1550.4
1210800 1555.5
1210810 1555.5
1210820 1562.4
1210830 1563.8
1210840 1571.6
1210850 1574.9
1210860 1579.0
1210870 1579.0
1210880 1589.8
1210890 1612.8
1210900 1612.8
1210910 1630.1
1210920 1650.6
1210930 1650.6
1210940 1664.9
1210950 1666.4
1210960 1662.3
1210970 1662.3
1210980 1680.7
1210990 1682.6
1211000 1682.6
1211010 1667.7
1211020 1666.0
1211030 1666.0
1211040 1651.9
1211050 1651.4
1211060 1651.4
1211070 1661.0
1211080 1669.5
1211090 1669.5
1211100 1672.6
1211110 1674.4
1211120 1674.4
1211130 1666.7
1211140 1663.3
1211150 1663.3
1211160 1674.5
1211170 1669.6
1211180 1669.6
1211190 1657.8
1211200 1663.0
1211210 1663.0
1211220 1671.4
1211230 1682.3
1211240 1682.3
1211250 1690.9
1211260 1698.8
1211270 1698.8
1211280 1700.9
1211290 1681.4
1211300 1681.4
1211310 1655.9
1211320 1626.3
1211330 1607.6
1211340 1607.6
1211350 1593.6
1211360 1581.0
1211370 1581.0
1211380 1563.1
1211390 1538.0
1211400 1538.0
1211410 1517.0
1211420 1504.2
1211430 1504.2
1211440 1503.6
1211450 1489.5
1211460 1489.5
1211470 1476.3
1211480 1461.0
1211490 1461.0
1211500 1443.5
1211510 1426.4
1211520 1426.4
1211530 1415.5
1211540 1408.1
1211550 1408.1
1211560 1400.4
1211570 1393.8
1211580 1393.8
1211590 1388.4
1211600 1382.8
1211610 1382.8
1211620 1367.8
1211630 1352.1
1211640 1352.1
1211650 1342.0
1211660 1334.9
1211670 1334.9
1211680 1329.4
1211690 1324.8
1211700 1321.1
1211710 1321.1
1211720 1318.1
1211730 1315.5
1211740 1315.5
1211750 1314.5
1211760 1314.7
1211770 1314.7
1211780 1321.1
1211790 1318.7
1211800 1318.7
1211810 1317.5
1211820 1312.9
1211830 1312.9
1211840 1310.8
1211850 1313.3
1211860 1313.3
1211870 1320.3
1211880 1328.9
1211890 1328.9
1211900 1332.8
1211910 1331.4
1211920 1331.4
1211930 1328.3
1211940 1331.3
1211950 1331.3
1211960 1338.6
1211970 1345.0
1211980 1345.0
1211990 1350.5
1212000 1356.6
1212010 1356.6
1212020 1363.7
1212030 1370.9
1212040 1377.5
1212050 1377.5
1212060 1383.6
1212070 1389.4
1212080 1389.4
1212090 1395.4
1212100 1400.5
1212110 1400.5
1212120 1412.0
1212130 1434.2
1212140 1434.2
1212150 1442.1
1212160 1438.2
1212170 1438.2
1212180 1438.9
1212190 1449.8
1212200 1449.8
1212210 1457.2
1212220 1465.2
1212230 1465.2
1212240 1474.3
1212250 1486.3
1212260 1486.3
1212270 1496.4
1212280 1512.4
1212290 1512.4
1212300 1528.3
1212310 1536.2
1212320 1536.2
1212330 1537.8
1212340 1535.5
1212350 1535.5
1212360 1534.2
1212370 1535.4
1212380 1535.4
1212390 1535.3
1212400 1530.9
1212410 1525.7
1212420 1525.7
1212430 1524.3
1212440 1520.6
1212450 1520.6
1212460 1514.6
1212470 1507.6
1212480 1507.6
1212490 1502.5
1212500 1501.8
1212510 1501.8
1212520 1502.8
1212530 1502.8
1212540 1502.8
1212550 1491.4
1212560 1485.7
1212570 1485.7
1212580 1483.0
1212590 1472.8
1212600 1472.8
1212610 1465.9
1212620 1457.2
1212630 1457.2
1212640 1458.2
1212650 1454.8
1212660 1454.8
1212670 1451.3
1212680 1453.1
1212690 1453.1
1212700 1447.0
1212710 1433.5
1212720 1431.4
1212730 1416.7
1212740 1409.6
1212750 1409.6
1212760 1407.0
1212770 1411.3
1212780 1408.3
1212790 1408.3
1212800 1399.9
1212810 1391.0
1212820 1391.0
1212830 1386.3
1212840 1385.6
1212850 1385.6
1212860 1377.7
1212870 1368.8
1212880 1368.8
1212890 1359.7
1212900 1353.9
1212910 1353.9
1212920 1348.6
1212930 1343.3
1212940 1343.3
1212950 1338.7
1212960 1333.3
1212970 1333.3
1212980 1325.4
1212990 1315.3
1213000 1315.3
1213010 1306.5
1213020 1297.3
1213030 1297.3
1213040 1291.6
1213050 1285.7
1213060 1285.7
1213070 1276.1
1213080 1262.3
1213090 1262.3
1213100 1251.8
1213110 1240.2
1213120 1226.7
1213130 1226.7
1213140 1215.1
1213150 1203.1
1213160 1203.1
1213170 1213.6
1213180 1225.8
1213190 1216.0
1213200 1228.2
1213210 1241.9
1213220 1241.9
1213230 1249.3
1213240 1267.9
1213250 1267.9
1213260 1280.3
1213270 1287.8
1213280 1287.8
1213290 1294.9
1213300 1302.5
1213310 1302.5
1213320 1310.4
1213330 1319.5
1213340 1319.5
1213350 1345.2
1213360 1366.3
1213370 1366.3
1213380 1373.9
1213390 1381.4
1213400 1381.4
1213410 1403.1
1213420 1414.7
1213430 1414.7
1213440 1421.2
1213450 1427.9
1213460 1427.9
1213470 1434.9
1213480 1442.9
1213490 1453.5
1213500 1453.5
1213510 1473.9
1213520 1480.2
1213530 1480.2
1213540 1484.7
1213550 1493.5
1213560 1493.5
1213570 1499.8
1213580 1503.1
1213590 1503.1
1213600 1507.0
1213610 1511.5
1213620 1511.5
1213630 1516.3
1213640 1522.1
1213650 1522.1
1213660 1524.9
1213670 1530.5
1213680 1530.5
1213690 1536.1
1213700 1542.1
1213710 1542.1
1213720 1549.0
1213730 1555.0
1213740 1555.0
1213750 1560.9
1213760 1566.7
1213770 1566.7
1213780 1573.0
1213790 1579.7
1213800 1579.7
1213810 1586.7
1213820 1592.4
1213830 1592.4
1213840 1597.2
1213850 1602.3
1213860 1607.6
1213870 1607.6
1213880 1613.2
1213890 1619.2
1213900 1619.2
1213910 1624.0
1213920 1630.8
1213930 1630.8
1213940 1637.8
1213950 1644.9
1213960 1644.9
1213970 1652.0
1213980 1658.1
1213990 1658.1
1214000 1660.9
1200000 1355.9
1200010 1355.9
1200020 1362.4
1200030 1369.6
1200040 1369.6
1200050 1375.2
1200060 1383.7
1200070 1383.7
1200080 1388.3
1200090 1390.3
1200100 1390.3
1200110 1389.8
1200120 1389.2
1200130 1389.2
1200140 1390.4
1200150 1392.7
1200160 1393.3
1200170 1393.3
1200180 1392.9
1200190 1393.9
1200200 1393.9
1200210 1395.1
1200220 1397.2
1200230 1397.2
1200240 1400.4
1200250 1402.6
1200260 1402.6
1200270 1403.3
1200280 1405.6
1200290 1405.6
1200300 1392.7
1200310 1390.0
1200320 1390.0
1200330 1390.9
1200340 1393.4
1200350 1393.4
1200360 1397.2
1200370 1402.2
1200380 1402.2
1200390 1407.5
1200400 1413.6
1200410 1413.6
1200420 1421.2
1200430 1424.5
1200440 1424.5
1200450 1426.3
1200460 1429.7
1200470 1429.7
1200480 1432.1
1200490 1432.7
1200500 1433.5
1200510 1433.5
1200520 1435.4
1200530 1435.0
1200540 1435.0
1200550 1433.7
1200560 1429.2
1200570 1429.2
1200580 1426.7
1200590 1427.4
1200600 1427.4
1200610 1429.4
1200620 1432.1
1200630 1432.1
1200640 1432.4
1200650 1432.5
1200660 1432.5
1200670 1433.3
1200680 1436.2
1200690 1436.2
1200700 1447.2
1200710 1452.5
1200720 1452.5
1200730 1456.2
1200740 1459.9
1200750 1456.4
1200760 1460.6
1200770 1465.2
1200780 1465.2
1200790 1469.6
1200800 1475.3
1200810 1475.3
1200820 1481.2
1200830 1486.9
1200840 1486.9
1200850 1492.6
1200860 1499.5
1200870 1508.7
1200880 1508.7
1200890 1514.9
1200900 1517.6
1200910 1517.6
1200920 1516.7
1200930 1520.7
1200940 1520.7
1200950 1526.8
1200960 1534.2
1200970 1534.2
1200980 1537.5
1200990 1537.0
1201000 1537.0
1201010 1536.5
1201020 1539.8
1201030 1539.8
1201820 1551.1
1201830 1551.1
1201840 1545.2
1201850 1539.2
1201860 1539.2
1201870 1531.9
1201880 1524.8
1201890 1524.8
1201900 1518.8
1201910 1513.7
1201920 1513.7
1201930 1508.1
1201940 1502.2
1201950 1497.9
1201960 1497.9
1201970 1493.4
1201980 1489.1
1201990 1489.1
1202000 1485.1
1202010 1480.4
1202020 1480.4
1202030 1476.1
1202040 1473.0
1202050 1473.0
1202060 1469.3
1202070 1465.8
1202080 1465.8
1202090 1463.5
1202100 1462.1
1202110 1465.2
1202120 1461.2
1202130 1456.0
1202140 1456.0
1202150 1454.1
1202160 1457.4
1202170 1457.4
1202180 1459.0
1202190 1458.6
1202200 1458.6
1202210 1457.4
1202220 1457.0
1202230 1457.0
1202240 1458.5
1202250 1461.2
1202260 1461.2
1202270 1464.7
1202280 1468.0
1202290 1468.0
1202300 1470.3
1202310 1473.2
1202320 1477.3
1202330 1477.3
1202340 1480.8
1202350 1484.3
1202360 1484.3
1202370 1487.5
1202380 1489.5
1202390 1489.5
1202400 1490.3
1202410 1491.6
1202420 1491.6
1202430 1493.1
1202440 1494.6
1202450 1494.6
1202460 1496.9
1202470 1498.6
1202480 1498.6
1202490 1498.3
1202500 1499.4
1202510 1499.4
1202520 1501.6
1202530 1503.3
1202540 1503.3
1202550 1505.8
1202560 1507.8
1202570 1507.8
1202580 1510.5
1202590 1511.1
1202600 1511.1
1202610 1511.0
1202620 1509.0
1202630 1509.0
1202640 1510.5
1202650 1513.7
1202660 1517.5
1202670 1517.5
1202680 1520.3
1202690 1522.9
1202700 1522.9
1202710 1525.4
1202720 1528.0
1202730 1528.0
1202740 1531.2
1202750 1534.7
1202760 1534.7
1202770 1538.1
1202780 1541.6
1202790 1541.6
1202800 1544.9
1202810 1548.7
1202820 1548.7
1202830 1553.3
1202840 1558.2
1202850 1558.2
1202860 1560.7
1202870 1560.9
1202880 1560.9
1202890 1562.9
1202900 1568.3
1202910 1568.3
1202920 1574.2
1202930 1580.2
1202940 1580.2
1202950 1585.5
1202960 1590.2
1202970 1590.2
1202980 1594.8
1202990 1599.6
1203000 1599.6
1203010 1604.7
1203020 1611.0
1203030 1617.7
1203040 1617.7
1203050 1624.4
1203060 1630.4
1203070 1630.4
1203080 1636.8
1203090 1642.9
1203100 1642.9
1203110 1649.7
1203120 1656.3
1203130 1656.3
1203140 1663.2
1203150 1670.9
1203160 1670.9
1203170 1678.6
1203180 1686.7
1203190 1686.7
1203200 1695.0
1203210 1703.7
1203220 1703.7
1203230 1712.3
1203240 1720.4
1203250 1720.4
1203260 1726.6
1203270 1731.4
1203280 1731.4
1203290 1738.7
1203300 1747.3
1203310 1747.3
1203320 1757.2
1203330 1767.6
1203340 1767.6
1203350 1775.9
1203360 1783.3
1203370 1783.3
1203380 1790.9
1203390 1797.6
1203400 1804.6
1203410 1804.6
1203420 1811.4
1203430 1818.1
1203440 1818.1
1203450 1825.0
1203460 1831.4
1203470 1832.9
1203480 1839.3
1203490 1844.5
1203500 1844.5
1203510 1847.1
1203520 1842.0
1203530 1842.0
1203540 1832.7
1203550 1825.0
1203560 1825.0
1203570 1820.5
1203580 1818.4
1203590 1818.4
1203600 1815.0
1203610 1809.1
1203620 1809.1
1203630 1802.9
1203640 1798.7
1203650 1798.7
1203660 1794.0
1203670 1788.5
1203680 1788.5
1203690 1783.6
1203700 1780.5
1203710 1780.5
1203720 1777.6
1203730 1774.7
1203740 1774.7
1203750 1772.8
1203760 1770.2
1203770 1766.9
1203780 1766.9
1203790 1764.9
1203800 1762.8
1203810 1762.8
1203820 1760.3
1203830 1757.8
1203840 1757.8
1203850 1754.3
1203860 1750.7
1203870 1750.7
1203880 1746.9
1203890 1743.3
1203900 1743.3
1203910 1740.2
1203920 1729.9
1203930 1729.9
1203940 1725.9
1203950 1722.0
1203960 1722.0
1203970 1719.1
1203980 1717.7
1203990 1717.7
1204000 1715.3
1204010 1711.4
1204020 1711.4
1204030 1706.0
1204040 1700.2
1204050 1700.2
1204060 1695.9
1204070 1692.9
1204080 1692.9
1204090 1689.0
1204100 1683.5
1204110 1678.0
1204120 1678.0
1204130 1671.9
1204140 1667.1
1204150 1667.1
1204160 1662.8
1204170 1660.9
1204180 1660.9
1204190 1657.9
1204200 1654.9
1204210 1654.9
1204220 1650.1
1204230 1645.0
1204240 1645.0
1204250 1639.5
1204260 1635.4
1204270 1635.4
1204280 1631.1
1204290 1626.0
1204300 1626.0
1204310 1620.4
1204320 1614.5
1204330 1614.5
1204340 1609.1
1204350 1604.2
1204360 1604.2
1204370 1599.2
1204380 1590.9
1204390 1590.9
1204400 1585.9
1204410 1581.5
1204420 1581.5
1204430 1576.8
1204440 1572.1
1204450 1572.1
1204460 1567.4
1204470 1562.9
1204480 1558.4
1204490 1558.4
1204500 1553.5
1204510 1548.1
1204520 1548.1
1204530 1543.1
1204540 1538.2
1204550 1538.2
1204560 1533.3
1204570 1528.7
1204580 1528.7
1204590 1524.3
1204600 1520.2
1204610 1520.2
1204620 1516.1
1204630 1512.5
1204640 1512.5
1204650 1508.8
1204660 1505.0
1204670 1505.0
1204680 1501.5
1204690 1497.9
1204700 1497.9
1204710 1494.4
1204720 1490.4
1204730 1490.4
1204740 1486.3
1204750 1482.0
1204760 1482.0
1204770 1477.8
1204780 1473.9
1204790 1473.9
1204800 1469.8
1204810 1465.7
1204820 1465.7
1204830 1462.0
1204840 1453.7
1204850 1449.8
1204860 1449.8
1204870 1446.3
1204880 1442.5
1204890 1442.5
1204900 1438.5
1204910 1434.4
1204920 1434.4
1204930 1430.2
1204940 1425.5
1204950 1425.5
1204960 1420.8
1204970 1415.7
1204980 1415.7
1204990 1410.2
1205000 1404.5
1205010 1404.5
1205020 1399.2
1205030 1391.5
1205040 1391.5
1205050 1385.7
1205060 1384.1
1205070 1384.1
1205080 1385.9
1205090 1385.8
1205100 1385.8
1205110 1383.4
1205120 1380.9
1205130 1380.9
1205140 1377.5
1205150 1372.4
1205160 1372.4
1205170 1367.1
1205180 1363.1
1205190 1358.2
1205200 1358.2
1205210 1353.1
1205220 1347.6
1205230 1347.6
1205240 1341.1
1205250 1335.7
1205260 1335.7
1205270 1332.0
1205280 1327.5
1205290 1322.2
1205300 1316.8
1205310 1311.5
1205320 1311.5
1205330 1308.3
1205340 1305.2
1205350 1305.2
1205360 1301.4
1205370 1298.6
1205380 1298.6
1205390 1295.9
1205400 1293.8
1205410 1293.8
1205420 1291.7
1205430 1289.3
1205440 1289.3
1205450 1287.8
1205460 1288.5
1205470 1288.5
1205480 1287.8
1205490 1287.5
1205500 1287.5
1205510 1286.0
1205520 1283.8
1205530 1283.8
1205540 1281.5
1205550 1278.6
1205560 1276.2
1205570 1276.2
1205580 1274.8
1205590 1273.1
1205600 1273.1
1205610 1268.2
1205620 1262.9
1205630 1262.9
1205640 1260.8
1205650 1261.2
1205660 1261.2
1205670 1256.7
1205680 1253.9
1205690 1253.9
1205700 1254.7
1205710 1254.1
1205720 1254.1
1205730 1253.4
1205740 1249.4
1205750 1256.0
1205760 1255.0
1205770 1253.2
1205780 1253.2
1205790 1251.2
1205800 1248.6
1205810 1248.6
1205820 1246.0
1205830 1245.4
1205840 1245.4
1205850 1244.6
1205860 1242.4
1205870 1242.4
1205880 1236.9
1205890 1231.6
1205900 1231.6
1205910 1229.3
1205920 1226.4
1205930 1223.0
1205940 1223.0
1205950 1221.3
1205960 1222.8
1205970 1222.8
1205980 1223.8
1205990 1224.0
1206000 1224.0
1206010 1223.0
1206020 1220.5
1206030 1220.5
1206040 1218.6
1206050 1216.4
1206060 1216.4
1206070 1214.8
1206080 1212.3
1206090 1212.3
1206100 1207.9
1206110 1204.5
1206120 1204.5
1206130 1204.5
1206140 1203.0
1206150 1203.0
1206160 1200.8
1206170 1198.5
1206180 1198.5
1206190 1195.9
1206200 1192.8
1206210 1198.2
1206220 1194.9
1206230 1191.3
1206240 1191.3
1206250 1188.7
1206260 1186.6
1206270 1183.8
1206280 1183.8
1206290 1179.7
1206300 1174.7
1206310 1174.7
1206320 1169.2
1206330 1163.0
1206340 1163.0
1206350 1156.7
1206360 1150.4
1206370 1150.4
1206380 1144.7
1206390 1138.9
1206400 1138.9
1206410 1133.0
1206420 1127.3
1206430 1127.3
1206440 1122.4
1206450 1118.3
1206460 1118.3
1206470 1115.9
1206480 1114.1
1206490 1114.1
1206500 1112.8
1206510 1111.9
1206520 1111.9
1206530 1110.4
1206540 1109.4
1206550 1109.4
1206560 1108.1
1206570 1106.5
1206580 1106.5
1206590 1108.1
1206600 1107.6
1206610 1107.6
1206620 1106.7
1206630 1105.7
1206640 1104.7
1206650 1104.7
1206660 1103.5
1206670 1102.2
1206680 1102.2
1206690 1101.0
1206700 1100.1
1206710 1100.1
1206720 1099.2
1206730 1098.1
1206740 1098.1
1206750 1096.9
1206760 1095.8
1206770 1095.8
1206780 1094.8
1206790 1094.2
1206800 1094.2
1206810 1093.4
1206820 1092.5
1206830 1092.5
1206840 1091.5
1206850 1090.9
1206860 1090.9
1206870 1090.4
1206880 1089.6
1206890 1089.6
1206900 1089.2
1206910 1088.4
1206920 1088.4
1206930 1087.6
1206940 1086.6
1206950 1086.6
1206960 1085.8
1206970 1085.2
1206980 1085.2
1206990 1084.4
1207000 1082.7
1207010 1081.4
1207020 1081.4
1207030 1080.8
1207040 1080.6
1207050 1080.6
1207060 1080.5
1207070 1080.3
1207080 1080.3
1207090 1080.0
1207100 1079.4
1207110 1079.4
1207120 1078.9
1207130 1078.2
1207140 1078.2
1207150 1078.0
1207160 1077.8
1207170 1077.8
1207180 1077.8
1207190 1077.7
1207200 1077.7
1207210 1077.5
1207220 1077.2
1207230 1077.2
1207240 1077.2
1207250 1077.3
1207260 1077.3
1207270 1077.8
1207280 1082.3
1207290 1082.3
1207300 1087.0
1207310 1091.6
1207320 1091.6
1207330 1096.5
1207340 1101.3
1207350 1101.3
1207360 1106.1
1207370 1111.5
1207380 1117.4
1207390 1117.4
1207400 1122.4
1207410 1127.5
1207420 1127.5
1207430 1132.9
1207440 1138.4
1207450 1138.4
1207460 1143.2
1207470 1148.0
1207480 1148.0
1207490 1152.8
1207500 1156.9
1207510 1156.9
1207520 1160.9
1207530 1164.7
1207540 1164.7
1207550 1167.8
1207560 1171.4
1207570 1171.4
1207580 1175.3
1207590 1184.4
1207600 1184.4
1207610 1187.3
1207620 1188.6
1207630 1188.6
1207640 1193.8
1207650 1202.7
1207660 1202.7
1207670 1207.6
1207680 1211.1
1207690 1211.1
1207700 1217.1
1207710 1223.1
1207720 1229.3
1207730 1229.3
1207740 1236.5
1207750 1242.6
1207760 1242.6
1207770 1249.4
1207780 1254.8
1207790 1254.8
1207800 1258.6
1207810 1261.8
1207820 1261.8
1207830 1266.0
1207840 1267.8
1207850 1267.8
1207860 1259.4
1207870 1252.5
1207880 1252.5
1207890 1260.5
1207900 1270.6
1207910 1270.6
1207920 1280.0
1207930 1290.3
1207940 1290.3
1207950 1297.2
1207960 1303.8
1207970 1303.8
1207980 1309.8
1207990 1316.0
1208000 1316.0
1208010 1322.4
1208020 1327.8
1208030 1327.8
1208040 1331.6
1208050 1335.0
1208060 1341.0
1208070 1344.8
1208080 1348.9
1208090 1354.4
1208100 1354.4
1208110 1360.7
1208120 1367.4
1208130 1367.4
1208140 1373.7
1208150 1380.0
1208160 1380.0
1208170 1387.0
1208180 1392.4
1208190 1392.4
1208200 1396.5
1208210 1399.7
1208220 1399.7
1208230 1401.9
1208240 1403.4
1208250 1403.4
1208260 1403.3
1208270 1400.0
1208280 1400.0
1208290 1392.7
1208300 1378.7
1208310 1378.7
1208320 1363.5
1208330 1346.8
1208340 1346.8
1208350 1345.8
1208360 1359.9
1208370 1359.9
1208380 1369.8
1208390 1375.2
1208400 1375.2
1208410 1384.5
1208420 1398.7
1208430 1398.7
1208440 1410.2
1208450 1419.4
1208460 1430.3
1208470 1430.3
1208480 1440.2
1208490 1446.3
1208500 1446.3
1208510 1451.6
1208520 1461.8
1208530 1461.8
1208540 1464.5
1208550 1467.1
1208560 1467.1
1208570 1471.8
1208580 1478.6
1208590 1478.6
1208600 1484.3
1208610 1488.2
1208620 1488.2
1208630 1491.7
1208640 1494.0
1208650 1494.0
1208660 1495.8
1208670 1497.2
1208680 1497.2
1208690 1498.2
1208700 1498.8
1208710 1498.8
1208720 1501.4
1208730 1505.5
1208740 1505.5
1208750 1508.7
1208760 1508.3
1208770 1508.3
1208780 1509.5
1208790 1514.3
1208800 1520.9
1208810 1520.9
1208820 1528.6
1208830 1537.2
1208840 1537.2
1208850 1542.0
1208860 1544.3
1208870 1544.3
1208880 1544.7
1208890 1544.1
1208900 1544.1
1208910 1544.1
1208920 1542.9
1208930 1542.9
1208940 1541.1
1208950 1542.0
1208960 1542.0
1208970 1544.3
1208980 1556.9
1208990 1556.9
1209000 1559.7
1209010 1560.9
1209020 1560.9
1209030 1559.1
1209040 1550.3
1209050 1550.3
1209060 1537.7
1209070 1519.3
1209080 1519.3
1209090 1505.7
1209100 1501.2
1209110 1501.2
1209120 1496.9
1209130 1488.1
1209140 1488.1
1209150 1478.7
1209160 1466.8
1209170 1452.5
1209180 1452.5
1209190 1435.0
1209200 1426.4
1209210 1426.4
1209220 1419.5
1209230 1412.0
1209240 1412.0
1209250 1404.5
1209260 1396.6
1209270 1396.6
1209280 1393.0
1209290 1392.6
1209300 1392.6
1209310 1393.7
1209320 1395.8
1209330 1395.8
1209340 1401.0
1209350 1403.8
1209360 1403.8
1209370 1405.6
1209380 1405.9
1209390 1405.9
1209400 1405.9
1209410 1406.8
1209420 1406.8
1209430 1406.9
1209440 1406.5
1209450 1409.6
1209460 1410.0
1209470 1415.2
1209480 1415.2
1209490 1417.5
1209500 1417.5
1209510 1417.5
1209520 1418.7
1209530 1418.5
1209540 1418.7
1209550 1418.7
1209560 1418.5
1209570 1419.9
1209580 1419.9
1209590 1416.2
1209600 1413.4
1209610 1413.4
1209620 1415.4
1209630 1418.6
1209640 1418.6
1209650 1420.5
1209660 1422.4
1209670 1422.4
1209680 1428.9
1209690 1433.4
1209700 1433.4
1209710 1438.4
1209720 1444.1
1209730 1444.1
1209740 1450.4
1209750 1456.0
1209760 1456.0
1209770 1461.1
1209780 1466.1
1209790 1466.1
1209800 1474.0
1209810 1482.4
1209820 1482.4
1209830 1491.4
1209840 1503.9
1209850 1503.9
1209860 1517.3
1209870 1527.7
1209880 1533.8
1209890 1533.8
1209900 1539.5
1209910 1544.3
1209920 1544.3
1209930 1553.1
1209940 1566.5
1209950 1566.5
1209960 1581.1
1209970 1596.4
1209980 1596.4
1209990 1603.7
1210000 1608.6
1210010 1608.6
1210020 1617.0
1210030 1632.3
1210040 1632.3
1210050 1640.3
1210060 1636.9
1210070 1636.9
1210080 1638.6
1210090 1649.0
1210100 1649.0
1210110 1658.3
1210120 1668.4
1210130 1668.4
1210140 1682.5
1210150 1694.7
1210160 1694.7
1210170 1695.5
1210180 1682.3
1210190 1682.3
1210200 1680.4
1210210 1689.4
1210220 1689.4
1210230 1687.4
1210240 1686.0
1210250 1682.8
1210260 1682.8
1210270 1670.5
1210280 1658.1
1210290 1658.1
1210300 1646.8
1210310 1638.4
1210320 1638.4
1210330 1637.2
1210340 1652.7
1210350 1652.7
1210360 1656.1
1210370 1641.4
1210380 1644.8
1210390 1636.2
1210400 1642.9
1210410 1642.9
1210420 1638.3
1210430 1645.4
1210440 1645.4
1210450 1651.8
1210460 1669.5
1210470 1669.5
1210480 1675.3
1210490 1662.8
1210500 1662.8
1210510 1647.2
1210520 1642.1
1210530 1642.1
1210540 1644.0
1210550 1642.8
1210560 1642.8
1210570 1637.3
1210580 1633.1
1210590 1633.1
1210600 1628.5
1210610 1621.4
1210620 1616.1
1210630 1616.1
1210640 1616.3
1210650 1614.1
1210660 1614.1
1210670 1606.7
1210680 1596.9
1210690 1596.9
1210700 1596.0
1210710 1587.7
1210720 1587.7
1210730 1575.2
1210740 1570.3
1210750 1570.3
1210760 1565.3
1210770 1554.9
1210780 1554.9
1210790 1550.4
1210800 1555.5
1210810 1555.5
1210820 1562.4
1210830 1563.8
1210840 1571.6
1210850 1574.9
1210860 1579.0
1210870 1579.0
1210880 1589.8
1210890 1612.8
1210900 1612.8
1210910 1630.1
1210920 1650.6
1210930 1650.6
1210940 1664.9
1210950 1666.4
1210960 1662.3
1210970 1662.3
1210980 1680.7
1210990 1682.6
1211000 1682.6
1211010 1667.7
1211020 1666.0
1211030 1666.0
1211040 1651.9
1211050 1651.4
1211060 1651.4
1211070 1661.0
1211080 1669.5
1211090 1669.5
1211100 1672.6
1211110 1674.4
1211120 1674.4
1211130 1666.7
1211140 1663.3
1211150 1663.3
1211160 1674.5
1211170 1669.6
1211180 1669.6
1211190 1657.8
1211200 1663.0
1211210 1663.0
1211220 1671.4
1211230 1682.3
1211240 1682.3
1211250 1690.9
1211260 1698.8
1211270 1698.8
1211280 1700.9
1211290 1681.4
1211300 1681.4
1211310 1655.9
1211320 1626.3
1211330 1607.6
1211340 1607.6
1211350 1593.6
1211360 1581.0
1211370 1581.0
1211380 1563.1
1211390 1538.0
1211400 1538.0
1211410 1517.0
1211420 1504.2
1211430 1504.2
1211440 1503.6
1211450 1489.5
1211460 1489.5
1211470 1476.3
1211480 1461.0
1211490 1461.0
1211500 1443.5
1211510 1426.4
1211520 1426.4
1211530 1415.5
1211540 1408.1
1211550 1408.1
1211560 1400.4
1211570 1393.8
1211580 1393.8
1211590 1388.4
1211600 1382.8
1211610 1382.8
1211620 1367.8
1211630 1352.1
1211640 1352.1
1211650 1342.0
1211660 1334.9
1211670 1334.9
1211680 1329.4
1211690 1324.8
1211700 1321.1
1211710 1321.1
1211720 1318.1
1211730 1315.5
1211740 1315.5
1211750 1314.5
1211760 1314.7
1211770 1314.7
1211780 1321.1
1211790 1318.7
1211800 1318.7
1211810 1317.5
1211820 1312.9
1211830 1312.9
1211840 1310.8
1211850 1313.3
1211860 1313.3
1211870 1320.3
1211880 1328.9
1211890 1328.9
1211900 1332.8
1211910 1331.4
1211920 1331.4
1211930 1328.3
1211940 1331.3
1211950 1331.3
1211960 1338.6
1211970 1345.0
1211980 1345.0
1211990 1350.5
1212000 1356.6
1212010 1356.6
1212020 1363.7
1212030 1370.9
1212040 1377.5
1212050 1377.5
1212060 1383.6
1212070 1389.4
1212080 1389.4
1212090 1395.4
1212100 1400.5
1212110 1400.5
1212120 1412.0
1212130 1434.2
1212140 1434.2
1212150 1442.1
1212160 1438.2
1212170 1438.2
1212180 1438.9
1212190 1449.8
1212200 1449.8
1212210 1457.2
1212220 1465.2
1212230 1465.2
1212240 1474.3
1212250 1486.3
1212260 1486.3
1212270 1496.4
1212280 1512.4
1212290 1512.4
1212300 1528.3
1212310 1536.2
1212320 1536.2
1212330 1537.8
1212340 1535.5
1212350 1535.5
1212360 1534.2
1212370 1535.4
1212380 1535.4
1212390 1535.3
1212400 1530.9
1212410 1525.7
1212420 1525.7
1212430 1524.3
1212440 1520.6
1212450 1520.6
1212460 1514.6
1212470 1507.6
1212480 1507.6
1212490 1502.5
1212500 1501.8
1212510 1501.8
1212520 1502.8
1212530 1502.8
1212540 1502.8
1212550 1491.4
1212560 1485.7
1212570 1485.7
1212580 1483.0
1212590 1472.8
1212600 1472.8
1212610 1465.9
1212620 1457.2
1212630 1457.2
1212640 1458.2
1212650 1454.8
1212660 1454.8
1212670 1451.3
1212680 1453.1
1212690 1453.1
1212700 1447.0
1212710 1433.5
1212720 1431.4
1212730 1416.7
1212740 1409.6
1212750 1409.6
1212760 1407.0
1212770 1411.3
1212780 1408.3
1212790 1408.3
1212800 1399.9
1212810 1391.0
1212820 1391.0
1212830 1386.3
1212840 1385.6
1212850 1385.6
1212860 1377.7
1212870 1368.8
1212880 1368.8
1212890 1359.7
1212900 1353.9
1212910 1353.9
1212920 1348.6
1212930 1343.3
1212940 1343.3
1212950 1338.7
1212960 1333.3
1212970 1333.3
1212980 1325.4
1212990 1315.3
1213000 1315.3
1213010 1306.5
1213020 1297.3
1213030 1297.3
1213040 1291.6
1213050 1285.7
1213060 1285.7
1213070 1276.1
1213080 1262.3
1213090 1262.3
1213100 1251.8
1213110 1240.2
1213120 1226.7
1213130 1226.7
1213140 1215.1
1213150 1203.1
1213160 1203.1
1213170 1213.6
1213180 1225.8
1213190 1216.0
1213200 1228.2
1213210 1241.9
1213220 1241.9
1213230 1249.3
1213240 1267.9
1213250 1267.9
1213260 1280.3
1213270 1287.8
1213280 1287.8
1213290 1294.9
1213300 1302.5
1213310 1302.5
1213320 1310.4
1213330 1319.5
1213340 1319.5
1213350 1345.2
1213360 1366.3
1213370 1366.3
1213380 1373.9
1213390 1381.4
1213400 1381.4
1213410 1403.1
1213420 1414.7
1213430 1414.7
1213440 1421.2
1213450 1427.9
1213460 1427.9
1213470 1434.9
1213480 1442.9
1213490 1453.5
1213500 1453.5
1213510 1473.9
1213520 1480.2
1213530 1480.2
1213540 1484.7
1213550 1493.5
1213560 1493.5
1213570 1499.8
1213580 1503.1
1213590 1503.1
1213600 1507.0
1213610 1511.5
1213620 1511.5
1213630 1516.3
1213640 1522.1
1213650 1522.1
1213660 1524.9
1213670 1530.5
1213680 1530.5
1213690 1536.1
1213700 1542.1
1213710 1542.1
1213720 1549.0
1213730 1555.0
1213740 1555.0
1213750 1560.9
1213760 1566.7
1213770 1566.7
1213780 1573.0
1213790 1579.7
1213800 1579.7
1213810 1586.7
1213820 1592.4
1213830 1592.4
1213840 1597.2
1213850 1602.3
1213860 1607.6
1213870 1607.6
1213880 1613.2
1213890 1619.2
1213900 1619.2
1213910 1624.0
1213920 1630.8
1213930 1630.8
1213940 1637.8
1213950 1644.9
1213960 1644.9
1213970 1652.0
1213980 1658.1
1213990 1658.1
1214000 1660.9
1200000 1355.9
1200010 1355.9
1200020 1362.4
1200030 1369.6
1200040 1369.6
1200050 1375.2
1200060 1383.7
1200070 1383.7
1200080 1388.3
1200090 1390.3
1200100 1390.3
1200110 1389.8
1200120 1389.2
1200130 1389.2
1200140 1390.4
1200150 1392.7
1200160 1393.3
1200170 1393.3
1200180 1392.9
1200190 1393.9
1200200 1393.9
1200210 1395.1
1200220 1397.2
1200230 1397.2
1200240 1400.4
1200250 1402.6
1200260 1402.6
1200270 1403.3
1200280 1405.6
1200290 1405.6
1200300 1392.7
1200310 1390.0
1200320 1390.0
1200330 1390.9
1200340 1393.4
1200350 1393.4
1200360 1397.2
1200370 1402.2
1200380 1402.2
1200390 1407.5
1200400 1413.6
1200410 1413.6
1200420 1421.2
1200430 1424.5
1200440 1424.5
1200450 1426.3
1200460 1429.7
1200470 1429.7
1200480 1432.1
1200490 1432.7
1200500 1433.5
1200510 1433.5
1200520 1435.4
1200530 1435.0
1200540 1435.0
1200550 1433.7
1200560 1429.2
1200570 1429.2
1200580 1426.7
1200590 1427.4
1200600 1427.4
1200610 1429.4
1200620 1432.1
1200630 1432.1
1200640 1432.4
1200650 1432.5
1200660 1432.5
1200670 1433.3
1200680 1436.2
1200690 1436.2
1200700 1447.2
1200710 1452.5
1200720 1452.5
1200730 1456.2
1200740 1459.9
1200750 1456.4
1200760 1460.6
1200770 1465.2
1200780 1465.2
1200790 1469.6
1200800 1475.3
1200810 1475.3
1200820 1481.2
1200830 1486.9
1200840 1486.9
1200850 1492.6
1200860 1499.5
1200870 1508.7
1200880 1508.7
1200890 1514.9
1200900 1517.6
1200910 1517.6
1200920 1516.7
1200930 1520.7
1200940 1520.7
1200950 1526.8
1200960 1534.2
1200970 1534.2
1200980 1537.5
1200990 1537.0
1201000 1537.0
1201010 1536.5
1201020 1539.8
1201030 1539.8
1201820 1551.1
1201830 1551.1
1201840 1545.2
1201850 1539.2
1201860 1539.2
1201870 1531.9
1201880 1524.8
1201890 1524.8
1201900 1518.8
1201910 1513.7
1201920 1513.7
1201930 1508.1
1201940 1502.2
1201950 1497.9
1201960 1497.9
1201970 1493.4
1201980 1489.1
1201990 1489.1
1202000 1485.1
1202010 1480.4
1202020 1480.4
1202030 1476.1
1202040 1473.0
1202050 1473.0
1202060 1469.3
1202070 1465.8
1202080 1465.8
1202090 1463.5
1202100 1462.1
1202110 1465.2
1202120 1461.2
1202130 1456.0
1202140 1456.0
1202150 1454.1
1202160 1457.4
1202170 1457.4
1202180 1459.0
1202190 1458.6
1202200 1458.6
1202210 1457.4
1202220 1457.0
1202230 1457.0
1202240 1458.5
1202250 1461.2
1202260 1461.2
1202270 1464.7
1202280 1468.0
1202290 1468.0
1202300 1470.3
1202310 1473.2
1202320 1477.3
1202330 1477.3
1202340 1480.8
1202350 1484.3
1202360 1484.3
1202370 1487.5
1202380 1489.5
1202390 1489.5
1202400 1490.3
1202410 1491.6
1202420 1491.6
1202430 1493.1
1202440 1494.6
1202450 1494.6
1202460 1496.9
1202470 1498.6
1202480 1498.6
1202490 1498.3
1202500 1499.4
1202510 1499.4
1202520 1501.6
1202530 1503.3
1202540 1503.3
1202550 1505.8
1202560 1507.8
1202570 1507.8
1202580 1510.5
1202590 1511.1
1202600 1511.1
1202610 1511.0
1202620 1509.0
1202630 1509.0
1202640 1510.5
1202650 1513.7
1202660 1517.5
1202670 1517.5
1202680 1520.3
1202690 1522.9
1202700 1522.9
1202710 1525.4
1202720 1528.0
1202730 1528.0
1202740 1531.2
1202750 1534.7
1202760 1534.7
1202770 1538.1
1202780 1541.6
1202790 1541.6
1202800 1544.9
1202810 1548.7
1202820 1548.7
1202830 1553.3
1202840 1558.2
1202850 1558.2
1202860 1560.7
1202870 1560.9
1202880 1560.9
1202890 1562.9
1202900 1568.3
1202910 1568.3
1202920 1574.2
1202930 1580.2
1202940 1580.2
1202950 1585.5
1202960 1590.2
1202970 1590.2
1202980 1594.8
1202990 1599.6
1203000 1599.6
1203010 1604.7
1203020 1611.0
1203030 1617.7
1203040 1617.7
1203050 1624.4
1203060 1630.4
1203070 1630.4
1203080 1636.8
1203090 1642.9
1203100 1642.9
1203110 1649.7
1203120 1656.3
1203130 1656.3
1203140 1663.2
1203150 1670.9
1203160 1670.9
1203170 1678.6
1203180 1686.7
1203190 1686.7
1203200 1695.0
1203210 1703.7
1203220 1703.7
1203230 1712.3
1203240 1720.4
1203250 1720.4
1203260 1726.6
1203270 1731.4
1203280 1731.4
1203290 1738.7
1203300 1747.3
1203310 1747.3
1203320 1757.2
1203330 1767.6
1203340 1767.6
1203350 1775.9
1203360 1783.3
1203370 1783.3
1203380 1790.9
1203390 1797.6
1203400 1804.6
1203410 1804.6
1203420 1811.4
1203430 1818.1
1203440 1818.1
1203450 1825.0
1203460 1831.4
1203470 1832.9
1203480 1839.3
1203490 1844.5
1203500 1844.5
1203510 1847.1
1203520 1842.0
1203530 1842.0
1203540 1832.7
1203550 1825.0
1203560 1825.0
1203570 1820.5
1203580 1818.4
1203590 1818.4
1203600 1815.0
1203610 1809.1
1203620 1809.1
1203630 1802.9
1203640 1798.7
1203650 1798.7
1203660 1794.0
1203670 1788.5
1203680 1788.5
1203690 1783.6
1203700 1780.5
1203710 1780.5
1203720 1777.6
1203730 1774.7
1203740 1774.7
1203750 1772.8
1203760 1770.2
1203770 1766.9
1203780 1766.9
1203790 1764.9
1203800 1762.8
1203810 1762.8
1203820 1760.3
1203830 1757.8
1203840 1757.8
1203850 1754.3
1203860 1750.7
1203870 1750.7
1203880 1746.9
1203890 1743.3
1203900 1743.3
1203910 1740.2
1203920 1729.9
1203930 1729.9
1203940 1725.9
1203950 1722.0
1203960 1722.0
1203970 1719.1
1203980 1717.7
1203990 1717.7
1204000 1715.3
1204010 1711.4
1204020 1711.4
1204030 1706.0
1204040 1700.2
1204050 1700.2
1204060 1695.9
1204070 1692.9
1204080 1692.9
1204090 1689.0
1204100 1683.5
1204110 1678.0
1204120 1678.0
1204130 1671.9
1204140 1667.1
1204150 1667.1
1204160 1662.8
1204170 1660.9
1204180 1660.9
1204190 1657.9
1204200 1654.9
1204210 1654.9
1204220 1650.1
1204230 1645.0
1204240 1645.0
1204250 1639.5
1204260 1635.4
1204270 1635.4
1204280 1631.1
1204290 1626.0
1204300 1626.0
1204310 1620.4
1204320 1614.5
1204330 1614.5
1204340 1609.1
1204350 1604.2
1204360 1604.2
1204370 1599.2
1204380 1590.9
1204390 1590.9
1204400 1585.9
1204410 1581.5
1204420 1581.5
1204430 1576.8
1204440 1572.1
1204450 1572.1
1204460 1567.4
1204470 1562.9
1204480 1558.4
1204490 1558.4
1204500 1553.5
1204510 1548.1
1204520 1548.1
1204530 1543.1
1204540 1538.2
1204550 1538.2
1204560 1533.3
1204570 1528.7
1204580 1528.7
1204590 1524.3
1204600 1520.2
1204610 1520.2
1204620 1516.1
1204630 1512.5
1204640 1512.5
1204650 1508.8
1204660 1505.0
1204670 1505.0
1204680 1501.5
1204690 1497.9
1204700 1497.9
1204710 1494.4
1204720 1490.4
1204730 1490.4
1204740 1486.3
1204750 1482.0
1204760 1482.0
1204770 1477.8
1204780 1473.9
1204790 1473.9
1204800 1469.8
1204810 1465.7
1204820 1465.7
1204830 1462.0
1204840 1453.7
1204850 1449.8
1204860 1449.8
1204870 1446.3
1204880 1442.5
1204890 1442.5
1204900 1438.5
1204910 1434.4
1204920 1434.4
1204930 1430.2
1204940 1425.5
1204950 1425.5
1204960 1420.8
1204970 1415.7
1204980 1415.7
1204990 1410.2
1205000 1404.5
1205010 1404.5
1205020 1399.2
1205030 1391.5
1205040 1391.5
1205050 1385.7
1205060 1384.1
1205070 1384.1
1205080 1385.9
1205090 1385.8
1205100 1385.8
1205110 1383.4
1205120 1380.9
1205130 1380.9
1205140 1377.5
1205150 1372.4
1205160 1372.4
1205170 1367.1
1205180 1363.1
1205190 1358.2
1205200 1358.2
1205210 1353.1
1205220 1347.6
1205230 1347.6
1205240 1341.1
1205250 1335.7
1205260 1335.7
1205270 1332.0
1205280 1327.5
1205290 1322.2
1205300 1316.8
1205310 1311.5
1205320 1311.5
1205330 1308.3
1205340 1305.2
1205350 1305.2
1205360 1301.4
1205370 1298.6
1205380 1298.6
1205390 1295.9
1205400 1293.8
1205410 1293.8
1205420 1291.7
1205430 1289.3
1205440 1289.3
1205450 1287.8
1205460 1288.5
1205470 1288.5
1205480 1287.8
1205490 1287.5
1205500 1287.5
1205510 1286.0
1205520 1283.8
1205530 1283.8
1205540 1281.5
1205550 1278.6
1205560 1276.2
1205570 1276.2
1205580 1274.8
1205590 1273.1
1205600 1273.1
1205610 1268.2
1205620 1262.9
1205630 1262.9
1205640 1260.8
1205650 1261.2
1205660 1261.2
1205670 1256.7
1205680 1253.9
1205690 1253.9
1205700 1254.7
1205710 1254.1
1205720 1254.1
1205730 1253.4
1205740 1249.4
1205750 1256.0
1205760 1255.0
1205770 1253.2
1205780 1253.2
1205790 1251.2
1205800 1248.6
1205810 1248.6
1205820 1246.0
1205830 1245.4
1205840 1245.4
1205850 1244.6
1205860 1242.4
1205870 1242.4
1205880 1236.9
1205890 1231.6
1205900 1231.6
1205910 1229.3
1205920 1226.4
1205930 1223.0
1205940 1223.0
1205950 1221.3
1205960 1222.8
1205970 1222.8
1205980 1223.8
1205990 1224.0
1206000 1224.0
1206010 1223.0
1206020 1220.5
1206030 1220.5
1206040 1218.6
1206050 1216.4
1206060 1216.4
1206070 1214.8
1206080 1212.3
1206090 1212.3
1206100 1207.9
1206110 1204.5
1206120 1204.5
1206130 1204.5
1206140 1203.0
1206150 1203.0
1206160 1200.8
1206170 1198.5
1206180 1198.5
1206190 1195.9
1206200 1192.8
1206210 1198.2
1206220 1194.9
1206230 1191.3
1206240 1191.3
1206250 1188.7
1206260 1186.6
1206270 1183.8
1206280 1183.8
1206290 1179.7
1206300 1174.7
1206310 1174.7
1206320 1169.2
1206330 1163.0
1206340 1163.0
1206350 1156.7
1206360 1150.4
1206370 1150.4
1206380 1144.7
1206390 1138.9
1206400 1138.9
1206410 1133.0
1206420 1127.3
1206430 1127.3
1206440 1122.4
1206450 1118.3
1206460 1118.3
1206470 1115.9
1206480 1114.1
1206490 1114.1
1206500 1112.8
1206510 1111.9
1206520 1111.9
1206530 1110.4
1206540 1109.4
1206550 1109.4
1206560 1108.1
1206570 1106.5
1206580 1106.5
1206590 1108.1
1206600 1107.6
1206610 1107.6
1206620 1106.7
1206630 1105.7
1206640 1104.7
1206650 1104.7
1206660 1103.5
1206670 1102.2
1206680 1102.2
1206690 1101.0
1206700 1100.1
1206710 1100.1
1206720 1099.2
1206730 1098.1
1206740 1098.1
1206750 1096.9
1206760 1095.8
1206770 1095.8
1206780 1094.8
1206790 1094.2
1206800 1094.2
1206810 1093.4
1206820 1092.5
1206830 1092.5
1206840 1091.5
1206850 1090.9
1206860 1090.9
1206870 1090.4
1206880 1089.6
1206890 1089.6
1206900 1089.2
1206910 1088.4
1206920 1088.4
1206930 1087.6
1206940 1086.6
1206950 1086.6
1206960 1085.8
1206970 1085.2
1206980 1085.2
1206990 1084.4
1207000 1082.7
1207010 1081.4
1207020 1081.4
1207030 1080.8
1207040 1080.6
1207050 1080.6
1207060 1080.5
1207070 1080.3
1207080 1080.3
1207090 1080.0
1207100 1079.4
1207110 1079.4
1207120 1078.9
1207130 1078.2
1207140 1078.2
1207150 1078.0
1207160 1077.8
1207170 1077.8
1207180 1077.8
1207190 1077.7
1207200 1077.7
1207210 1077.5
1207220 1077.2
1207230 1077.2
1207240 1077.2
1207250 1077.3
1207260 1077.3
1207270 1077.8
1207280 1082.3
1207290 1082.3
1207300 1087.0
1207310 1091.6
1207320 1091.6
1207330 1096.5
1207340 1101.3
1207350 1101.3
1207360 1106.1
1207370 1111.5
1207380 1117.4
1207390 1117.4
1207400 1122.4
1207410 1127.5
1207420 1127.5
1207430 1132.9
1207440 1138.4
1207450 1138.4
1207460 1143.2
1207470 1148.0
1207480 1148.0
1207490 1152.8
1207500 1156.9
1207510 1156.9
1207520 1160.9
1207530 1164.7
1207540 1164.7
1207550 1167.8
1207560 1171.4
1207570 1171.4
1207580 1175.3
1207590 1184.4
1207600 1184.4
1207610 1187.3
1207620 1188.6
1207630 1188.6
1207640 1193.8
1207650 1202.7
1207660 1202.7
1207670 1207.6
1207680 1211.1
1207690 1211.1
1207700 1217.1
1207710 1223.1
1207720 1229.3
1207730 1229.3
1207740 1236.5
1207750 1242.6
1207760 1242.6
1207770 1249.4
1207780 1254.8
1207790 1254.8
1207800 1258.6
1207810 1261.8
1207820 1261.8
1207830 1266.0
1207840 1267.8
1207850 1267.8
1207860 1259.4
1207870 1252.5
1207880 1252.5
1207890 1260.5
1207900 1270.6
1207910 1270.6
1207920 1280.0
1207930 1290.3
1207940 1290.3
1207950 1297.2
1207960 1303.8
1207970 1303.8
1207980 1309.8
1207990 1316.0
1208000 1316.0
1208010 1322.4
1208020 1327.8
1208030 1327.8
1208040 1331.6
1208050 1335.0
1208060 1341.0
1208070 1344.8
1208080 1348.9
1208090 1354.4
1208100 1354.4
1208110 1360.7
1208120 1367.4
1208130 1367.4
1208140 1373.7
1208150 1380.0
1208160 1380.0
1208170 1387.0
1208180 1392.4
1208190 1392.4
1208200 1396.5
1208210 1399.7
1208220 1399.7
1208230 1401.9
1208240 1403.4
1208250 1403.4
1208260 1403.3
1208270 1400.0
1208280 1400.0
1208290 1392.7
1208300 1378.7
1208310 1378.7
1208320 1363.5
1208330 1346.8
1208340 1346.8
1208350 1345.8
1208360 1359.9
1208370 1359.9
1208380 1369.8
1208390 1375.2
1208400 1375.2
1208410 1384.5
1208420 1398.7
1208430 1398.7
1208440 1410.2
1208450 1419.4
1208460 1430.3
1208470 1430.3
1208480 1440.2
1208490 1446.3
1208500 1446.3
1208510 1451.6
1208520 1461.8
1208530 1461.8
1208540 1464.5
1208550 1467.1
1208560 1467.1
1208570 1471.8
1208580 1478.6
1208590 1478.6
1208600 1484.3
1208610 1488.2
1208620 1488.2
1208630 1491.7
1208640 1494.0
1208650 1494.0
1208660 1495.8
1208670 1497.2
1208680 1497.2
1208690 1498.2
1208700 1498.8
1208710 1498.8
1208720 1501.4
1208730 1505.5
1208740 1505.5
1208750 1508.7
1208760 1508.3
1208770 1508.3
1208780 1509.5
1208790 1514.3
1208800 1520.9
1208810 1520.9
1208820 1528.6
1208830 1537.2
1208840 1537.2
1208850 1542.0
1208860 1544.3
1208870 1544.3
1208880 1544.7
1208890 1544.1
1208900 1544.1
1208910 1544.1
1208920 1542.9
1208930 1542.9
1208940 1541.1
1208950 1542.0
1208960 1542.0
1208970 1544.3
1208980 1556.9
1208990 1556.9
1209000 1559.7
1209010 1560.9
1209020 1560.9
1209030 1559.1
1209040 1550.3
1209050 1550.3
1209060 1537.7
1209070 1519.3
1209080 1519.3
1209090 1505.7
1209100 1501.2
1209110 1501.2
1209120 1496.9
1209130 1488.1
1209140 1488.1
1209150 1478.7
1209160 1466.8
1209170 1452.5
1209180 1452.5
1209190 1435.0
1209200 1426.4
1209210 1426.4
1209220 1419.5
1209230 1412.0
1209240 1412.0
1209250 1404.5
1209260 1396.6
1209270 1396.6
1209280 1393.0
1209290 1392.6
1209300 1392.6
1209310 1393.7
1209320 1395.8
1209330 1395.8
1209340 1401.0
1209350 1403.8
1209360 1403.8
1209370 1405.6
1209380 1405.9
1209390 1405.9
1209400 1405.9
1209410 1406.8
1209420 1406.8
1209430 1406.9
1209440 1406.5
1209450 1409.6
1209460 1410.0
1209470 1415.2
1209480 1415.2
1209490 1417.5
1209500 1417.5
1209510 1417.5
1209520 1418.7
1209530 1418.5
1209540 1418.7
1209550 1418.7
1209560 1418.5
1209570 1419.9
1209580 1419.9
1209590 1416.2
1209600 1413.4
1209610 1413.4
1209620 1415.4
1209630 1418.6
1209640 1418.6
1209650 1420.5
1209660 1422.4
1209670 1422.4
1209680 1428.9
1209690 1433.4
1209700 1433.4
1209710 1438.4
1209720 1444.1
1209730 1444.1
1209740 1450.4
1209750 1456.0
1209760 1456.0
1209770 1461.1
1209780 1466.1
1209790 1466.1
1209800 1474.0
1209810 1482.4
1209820 1482.4
1209830 1491.4
1209840 1503.9
1209850 1503.9
1209860 1517.3
1209870 1527.7
1209880 1533.8
1209890 1533.8
1209900 1539.5
1209910 1544.3
1209920 1544.3
1209930 1553.1
1209940 1566.5
1209950 1566.5
1209960 1581.1
1209970 1596.4
1209980 1596.4
1209990 1603.7
1210000 1608.6
1210010 1608.6
1210020 1617.0
1210030 1632.3
1210040 1632.3
1210050 1640.3
1210060 1636.9
1210070 1636.9
1210080 1638.6
1210090 1649.0
1210100 1649.0
1210110 1658.3
1210120 1668.4
1210130 1668.4
1210140 1682.5
1210150 1694.7
1210160 1694.7
1210170 1695.5
1210180 1682.3
1210190 1682.3
1210200 1680.4
1210210 1689.4
1210220 1689.4
1210230 1687.4
1210240 1686.0
1210250 1682.8
1210260 1682.8
1210270 1670.5
1210280 1658.1
1210290 1658.1
1210300 1646.8
1210310 1638.4
1210320 1638.4
1210330 1637.2
1210340 1652.7
1210350 1652.7
1210360 1656.1
1210370 1641.4
1210380 1644.8
1210390 1636.2
1210400 1642.9
1210410 1642.9
1210420 1638.3
1210430 1645.4
1210440 1645.4
1210450 1651.8
1210460 1669.5
1210470 1669.5
1210480 1675.3
1210490 1662.8
1210500 1662.8
1210510 1647.2
1210520 1642.1
1210530 1642.1
1210540 1644.0
1210550 1642.8
1210560 1642.8
1210570 1637.3
1210580 1633.1
1210590 1633.1
1210600 1628.5
1210610 1621.4
1210620 1616.1
1210630 1616.1
1210640 1616.3
1210650 1614.1
1210660 1614.1
1210670 1606.7
1210680 1596.9
1210690 1596.9
1210700 1596.0
1210710 1587.7
1210720 1587.7
1210730 1575.2
1210740 1570.3
1210750 1570.3
1210760 1565.3
1210770 1554.9
1210780 1554.9
1210790 1550.4
1210800 1555.5
1210810 1555.5
1210820 1562.4
1210830 1563.8
1210840 1571.6
1210850 1574.9
1210860 1579.0
1210870 1579.0
1210880 1589.8
1210890 1612.8
1210900 1612.8
1210910 1630.1
1210920 1650.6
1210930 1650.6
1210940 1664.9
1210950 1666.4
1210960 1662.3
1210970 1662.3
1210980 1680.7
1210990 1682.6
1211000 1682.6
1211010 1667.7
1211020 1666.0
1211030 1666.0
1211040 1651.9
1211050 1651.4
1211060 1651.4
1211070 1661.0
1211080 1669.5
1211090 1669.5
1211100 1672.6
1211110 1674.4
1211120 1674.4
1211130 1666.7
1211140 1663.3
1211150 1663.3
1211160 1674.5
1211170 1669.6
1211180 1669.6
1211190 1657.8
1211200 1663.0
1211210 1663.0
1211220 1671.4
1211230 1682.3
1211240 1682.3
1211250 1690.9
1211260 1698.8
1211270 1698.8
1211280 1700.9
1211290 1681.4
1211300 1681.4
1211310 1655.9
1211320 1626.3
1211330 1607.6
1211340 1607.6
1211350 1593.6
1211360 1581.0
1211370 1581.0
1211380 1563.1
1211390 1538.0
1211400 1538.0
1211410 1517.0
1211420 1504.2
1211430 1504.2
1211440 1503.6
1211450 1489.5
1211460 1489.5
1211470 1476.3
1211480 1461.0
1211490 1461.0
1211500 1443.5
1211510 1426.4
1211520 1426.4
1211530 1415.5
1211540 1408.1
1211550 1408.1
1211560 1400.4
1211570 1393.8
1211580 1393.8
1211590 1388.4
1211600 1382.8
1211610 1382.8
1211620 1367.8
1211630 1352.1
1211640 1352.1
1211650 1342.0
1211660 1334.9
1211670 1334.9
1211680 1329.4
1211690 1324.8
1211700 1321.1
1211710 1321.1
1211720 1318.1
1211730 1315.5
1211740 1315.5
1211750 1314.5
1211760 1314.7
1211770 1314.7
1211780 1321.1
1211790 1318.7
1211800 1318.7
1211810 1317.5
1211820 1312.9
1211830 1312.9
1211840 1310.8
1211850 1313.3
1211860 1313.3
1211870 1320.3
1211880 1328.9
1211890 1328.9
1211900 1332.8
1211910 1331.4
1211920 1331.4
1211930 1328.3
1211940 1331.3
1211950 1331.3
1211960 1338.6
1211970 1345.0
1211980 1345.0
1211990 1350.5
1212000 1356.6
1212010 1356.6
1212020 1363.7
1212030 1370.9
1212040 1377.5
1212050 1377.5
1212060 1383.6
1212070 1389.4
1212080 1389.4
1212090 1395.4
1212100 1400.5
1212110 1400.5
1212120 1412.0
1212130 1434.2
1212140 1434.2
1212150 1442.1
1212160 1438.2
1212170 1438.2
1212180 1438.9
1212190 1449.8
1212200 1449.8
1212210 1457.2
1212220 1465.2
1212230 1465.2
1212240 1474.3
1212250 1486.3
1212260 1486.3
1212270 1496.4
1212280 1512.4
1212290 1512.4
1212300 1528.3
1212310 1536.2
1212320 1536.2
1212330 1537.8
1212340 1535.5
1212350 1535.5
1212360 1534.2
1212370 1535.4
1212380 1535.4
1212390 1535.3
1212400 1530.9
1212410 1525.7
1212420 1525.7
1212430 1524.3
1212440 1520.6
1212450 1520.6
1212460 1514.6
1212470 1507.6
1212480 1507.6
1212490 1502.5
1212500 1501.8
1212510 1501.8
1212520 1502.8
1212530 1502.8
1212540 1502.8
1212550 1491.4
1212560 1485.7
1212570 1485.7
1212580 1483.0
1212590 1472.8
1212600 1472.8
1212610 1465.9
1212620 1457.2
1212630 1457.2
1212640 1458.2
1212650 1454.8
1212660 1454.8
1212670 1451.3
1212680 1453.1
1212690 1453.1
1212700 1447.0
1212710 1433.5
1212720 1431.4
1212730 1416.7
1212740 1409.6
1212750 1409.6
1212760 1407.0
1212770 1411.3
1212780 1408.3
1212790 1408.3
1212800 1399.9
1212810 1391.0
1212820 1391.0
1212830 1386.3
1212840 1385.6
1212850 1385.6
1212860 1377.7
1212870 1368.8
1212880 1368.8
1212890 1359.7
1212900 1353.9
1212910 1353.9
1212920 1348.6
1212930 1343.3
1212940 1343.3
1212950 1338.7
1212960 1333.3
1212970 1333.3
1212980 1325.4
1212990 1315.3
1213000 1315.3
1213010 1306.5
1213020 1297.3
1213030 1297.3
1213040 1291.6
1213050 1285.7
1213060 1285.7
1213070 1276.1
1213080 1262.3
1213090 1262.3
1213100 1251.8
1213110 1240.2
1213120 1226.7
1213130 1226.7
1213140 1215.1
1213150 1203.1
1213160 1203.1
1213170 1213.6
1213180 1225.8
1213190 1216.0
1213200 1228.2
1213210 1241.9
1213220 1241.9
1213230 1249.3
1213240 1267.9
1213250 1267.9
1213260 1280.3
1213270 1287.8
1213280 1287.8
1213290 1294.9
1213300 1302.5
1213310 1302.5
1213320 1310.4
1213330 1319.5
1213340 1319.5
1213350 1345.2
1213360 1366.3
1213370 1366.3
1213380 1373.9
1213390 1381.4
1213400 1381.4
1213410 1403.1
1213420 1414.7
1213430 1414.7
1213440 1421.2
1213450 1427.9
1213460 1427.9
1213470 1434.9
1213480 1442.9
1213490 1453.5
1213500 1453.5
1213510 1473.9
1213520 1480.2
1213530 1480.2
1213540 1484.7
1213550 1493.5
1213560 1493.5
1213570 1499.8
1213580 1503.1
1213590 1503.1
1213600 1507.0
1213610 1511.5
1213620 1511.5
1213630 1516.3
1213640 1522.1
1213650 1522.1
1213660 1524.9
1213670 1530.5
1213680 1530.5
1213690 1536.1
1213700 1542.1
1213710 1542.1
1213720 1549.0
1213730 1555.0
1213740 1555.0
1213750 1560.9
1213760 1566.7
1213770 1566.7
1213780 1573.0
1213790 1579.7
1213800 1579.7
1213810 1586.7
1213820 1592.4
1213830 1592.4
1213840 1597.2
1213850 1602.3
1213860 1607.6
1213870 1607.6
1213880 1613.2
1213890 1619.2
1213900 1619.2
1213910 1624.0
1213920 1630.8
1213930 1630.8
1213940 1637.8
1213950 1644.9
1213960 1644.9
1213970 1652.0
1213980 1658.1
1213990 1658.1
1214000 1660.9
