1203130 1632.3
1203140 1631.2
1203150 1631.2
1203160 1632.5
1203170 1634.9
1203180 1634.9
1203190 1636.1
1203200 1636.4
1203210 1636.4
1203220 1637.3
1203230 1637.7
1203240 1637.7
1203250 1638.1
1203260 1638.6
1203270 1638.6
1203280 1638.6
1203290 1637.8
1203300 1637.8
1203310 1636.3
1203320 1635.4
1203330 1635.4
1203340 1634.5
1203350 1634.4
1203360 1634.4
1203370 1636.8
1203380 1638.6
1203390 1638.6
1203400 1644.6
1203410 1645.0
1203420 1645.0
1203430 1646.6
1203440 1653.5
1203450 1653.5
1203460 1658.6
1203470 1662.8
1203480 1662.8
1203490 1667.9
1203500 1672.9
1203510 1678.7
1203520 1678.7
1203530 1684.1
1203540 1689.5
1203550 1689.5
1203560 1693.2
1203570 1694.9
1203580 1694.9
1203590 1700.5
1203600 1705.5
1203610 1705.5
1203620 1709.2
1203630 1712.3
1203640 1712.3
1203650 1714.8
1203660 1717.6
1203670 1717.6
1203680 1722.0
1203690 1727.8
1203700 1727.8
1203710 1733.7
1203720 1739.9
1203730 1739.9
1203740 1745.5
1203750 1750.8
1203760 1750.8
1203770 1756.6
1203780 1761.8
1203790 1761.8
1203800 1766.6
1203810 1770.7
1203820 1770.7
1203830 1767.4
1203840 1755.5
1203850 1750.7
1203860 1742.5
1203870 1734.5
1203880 1727.3
1203890 1727.3
1203900 1720.3
1203910 1713.4
1203920 1713.4
1203930 1706.1
1203940 1697.6
1203950 1697.6
1203960 1690.1
1203970 1683.4
1203980 1683.4
1203990 1677.0
1204000 1671.0
1204010 1671.0
1204020 1666.3
1204030 1662.8
1204040 1662.8
1204050 1660.0
1204060 1656.9
1204070 1656.9
1204080 1654.1
1204090 1652.3
1204100 1652.3
1204110 1651.1
1204120 1649.8
1204130 1649.8
1204140 1648.4
1204150 1647.1
1204160 1647.1
1204170 1646.4
1204180 1644.2
1204190 1644.2
1204200 1637.4
1204210 1628.9
1204220 1628.9
1204230 1624.7
1204240 1624.4
1204250 1623.9
1204260 1623.9
1204270 1622.5
1204280 1621.2
1204290 1621.2
1204300 1618.0
1204310 1614.5
1204320 1614.5
1204330 1610.6
1204340 1605.0
1204350 1605.0
1204360 1599.5
1204370 1595.8
1204380 1595.8
1204390 1593.7
1204400 1593.0
1204410 1593.0
1204420 1592.5
1204430 1591.5
1204440 1591.5
1204450 1591.4
1204460 1590.9
1204470 1590.9
1204480 1587.3
1204490 1584.3
1204500 1584.3
1204510 1582.4
1204520 1581.4
1204530 1581.4
1204540 1579.8
1204550 1578.6
1204560 1578.6
1204570 1577.6
1204580 1576.0
1204590 1576.0
1204600 1575.0
1204610 1574.3
1204620 1573.1
1204630 1573.1
1204640 1572.1
1204650 1571.3
1204660 1571.3
1204670 1570.3
1204680 1569.3
1204690 1569.3
1204700 1563.7
1204710 1555.2
1204720 1555.2
1204730 1561.2
1204740 1562.4
1204750 1562.4
1204760 1562.8
1204770 1561.9
1204780 1561.9
1204790 1560.4
1204800 1559.3
1204810 1559.3
1204820 1558.8
1204830 1557.4
1204840 1557.4
1204850 1555.2
1204860 1553.7
1204870 1553.7
1204880 1552.0
1204890 1549.8
1204900 1549.8
1204910 1547.8
1204920 1545.9
1204930 1545.9
1204940 1544.3
1204950 1543.3
1204960 1542.2
1204970 1542.2
1204980 1540.8
1204990 1539.0
1205000 1539.0
1205010 1537.2
1205020 1534.7
1205030 1534.7
1205040 1533.2
1205050 1532.1
1205060 1532.1
1205070 1530.1
1205080 1528.7
1205090 1528.7
1205100 1528.7
1205110 1527.9
1205120 1527.9
1205130 1527.7
1205140 1526.6
1205150 1526.6
1205160 1524.8
1205170 1523.4
1205180 1523.4
1205190 1522.5
1205200 1521.1
1205210 1521.1
1205220 1523.3
1205230 1520.5
1205240 1520.5
1205250 1518.3
1205260 1517.6
1205270 1517.6
1205280 1517.6
1205290 1517.7
1205300 1517.7
1205310 1516.4
1205320 1513.6
1205330 1508.6
1205340 1508.6
1205350 1504.1
1205360 1501.0
1205370 1501.0
1205380 1498.8
1205390 1497.7
1205400 1497.7
1205410 1493.6
1205420 1489.3
1205430 1489.3
1205440 1487.5
1205450 1485.5
1205460 1485.5
1205470 1483.6
1205480 1481.9
1205490 1481.9
1205500 1480.2
1205510 1478.3
1205520 1478.3
1205530 1475.3
1205540 1471.5
1205550 1471.5
1205560 1468.1
1205570 1465.8
1205580 1465.8
1205590 1464.4
1205600 1462.9
1205610 1462.9
1205620 1460.8
1205630 1459.0
1205640 1459.0
1205650 1457.9
1205660 1455.8
1205670 1455.8
1205680 1458.0
1205690 1455.5
1205700 1453.3
1205710 1453.3
1205720 1450.2
1205730 1445.6
1205740 1445.6
1205750 1439.8
1205760 1432.6
1205770 1432.6
1205780 1426.2
1205790 1421.4
1205800 1421.4
1205810 1416.7
1205820 1411.7
1205830 1411.7
1205840 1405.1
1205850 1399.3
1205860 1399.3
1205870 1395.7
1205880 1392.7
1205890 1392.7
1205900 1388.2
1205910 1383.7
1205920 1383.7
1205930 1380.5
1205940 1376.1
1205950 1376.1
1205960 1370.1
1205970 1363.8
1205980 1363.8
1205990 1358.2
1206000 1352.8
1206010 1352.8
1206020 1346.4
1206030 1341.2
1206040 1341.2
1206050 1337.3
1206060 1331.9
1206070 1324.3
1206080 1324.3
1206090 1316.5
1206100 1309.4
1206110 1309.4
1206120 1302.9
1206130 1297.8
1206140 1303.1
1206150 1297.4
1206160 1291.4
1206170 1291.4
1206180 1285.9
1206190 1280.5
1206200 1280.5
1206210 1274.2
1206220 1267.8
1206230 1267.8
1206240 1260.0
1206250 1250.3
1206260 1250.3
1206270 1239.9
1206280 1230.9
1206290 1230.9
1206300 1223.8
1206310 1216.2
1206320 1216.2
1206330 1208.3
1206340 1200.9
1206350 1200.9
1206360 1194.2
1206370 1188.3
1206380 1188.3
1206390 1183.0
1206400 1178.3
1206410 1173.9
1206420 1173.9
1206430 1168.9
1206440 1162.0
1206450 1162.0
1206460 1153.9
1206470 1152.4
1206480 1152.4
1206490 1156.6
1206500 1158.8
1206510 1158.8
1206520 1158.4
1206530 1167.5
1206540 1167.5
1206550 1171.2
1206560 1172.6
1206570 1172.6
1206580 1174.1
1206590 1177.5
1206600 1170.5
1206610 1172.1
1206620 1174.1
1206630 1174.1
1206640 1178.5
1206650 1181.2
1206660 1181.2
1206670 1182.9
1206680 1183.8
1206690 1183.8
1206700 1183.3
1206710 1181.7
1206720 1181.7
1206730 1179.2
1206740 1176.6
1206750 1176.6
1206760 1173.9
1206770 1171.1
1206780 1166.8
1206790 1166.8
1206800 1160.8
1206810 1157.6
1206820 1157.6
1206830 1155.9
1206840 1151.8
1206850 1151.8
1206860 1149.1
1206870 1145.7
1206880 1145.7
1206890 1140.5
1206900 1138.4
1206910 1138.4
1206920 1135.7
1206930 1132.8
1206940 1132.8
1206950 1131.9
1206960 1133.3
1206970 1133.3
1206980 1131.8
1206990 1133.0
1207000 1133.0
1207010 1132.0
1207020 1129.2
1207030 1129.2
1207040 1124.8
1207050 1120.2
1207060 1117.9
1207070 1114.6
1207080 1111.6
1207090 1111.6
1207100 1109.0
1207110 1106.4
1207120 1106.4
1207130 1103.6
1207140 1100.2
1207150 1096.6
1207160 1096.6
1207170 1092.8
1207180 1089.0
1207190 1089.0
1207200 1085.9
1207210 1085.3
1207220 1085.3
1207230 1086.3
1207240 1087.3
1207250 1087.3
1207260 1087.6
1207270 1087.2
1207280 1087.2
1207290 1087.2
1207300 1087.2
1207310 1087.2
1207320 1087.3
1207330 1087.7
1207340 1087.7
1207350 1088.1
1207360 1088.5
1207370 1088.5
1207380 1088.6
1207390 1088.6
1207400 1088.6
1207410 1088.7
1207420 1088.9
1207430 1088.9
1207440 1089.0
1207450 1089.1
1207460 1089.1
1207470 1089.4
1207480 1089.4
1207490 1089.4
1207500 1089.7
1207510 1090.0
1207520 1090.3
1207530 1090.3
1207540 1090.8
1207550 1091.2
1207560 1091.2
1207570 1091.5
1207580 1091.6
1207590 1091.6
1207600 1091.7
1207610 1091.6
1207620 1091.6
1207630 1092.1
1207640 1092.4
1207650 1092.4
1207660 1092.7
1207670 1093.0
1207680 1093.0
1207690 1093.0
1207700 1093.1
1207710 1093.1
1207720 1093.4
1207730 1093.1
1207740 1093.1
1207750 1093.1
1207760 1093.4
1207770 1093.4
1207780 1093.6
1207790 1093.7
1207800 1093.7
1207810 1093.8
1207820 1094.2
1207830 1094.2
1207840 1094.5
1207850 1094.7
1207860 1094.6
1207870 1094.6
1207880 1094.3
1207890 1094.3
1207900 1094.3
1207910 1094.4
1207920 1094.5
1207930 1094.5
1207940 1094.8
1207950 1095.1
1207960 1095.1
1207970 1095.4
1207980 1095.6
1207990 1095.6
1208000 1095.9
1208010 1096.0
1208020 1096.0
1208030 1096.0
1208040 1096.7
1208050 1096.7
1208060 1098.2
1208070 1099.6
1208080 1099.6
1208090 1101.8
1208100 1104.5
1208110 1104.5
1208120 1106.9
1208130 1110.2
1208140 1110.2
1208150 1112.7
1208160 1114.4
1208170 1114.4
1208180 1116.3
1208190 1118.1
1208200 1118.1
1208210 1119.2
1208220 1120.7
1208230 1120.7
1208240 1120.7
1208250 1120.1
1208260 1119.0
1208270 1119.0
1208280 1118.1
1208290 1118.0
1208300 1118.0
1208310 1117.1
1208320 1115.8
1208330 1115.8
1208340 1114.8
1208350 1114.0
1208360 1114.0
1208370 1111.4
1208380 1109.2
1208390 1109.2
1208400 1107.1
1208410 1107.3
1208420 1107.3
1208430 1107.1
1208440 1106.9
1208450 1111.2
1208460 1112.7
1208470 1112.8
1208480 1112.8
1208490 1113.0
1208500 1113.2
1208510 1113.2
1208520 1114.0
1208530 1114.9
1208540 1114.9
1208550 1115.8
1208560 1117.7
1208570 1117.7
1208580 1118.7
1208590 1118.7
1208600 1120.0
1208610 1120.0
1208620 1122.2
1208630 1123.3
1208640 1123.3
1208650 1125.0
1208660 1128.0
1208670 1128.0
1208680 1130.9
1208690 1133.7
1208700 1133.7
1208710 1136.0
1208720 1138.0
1208730 1138.0
1208740 1139.4
1208750 1141.1
1208760 1141.1
1208770 1142.9
1208780 1143.8
1208790 1143.8
1208800 1144.8
1208810 1146.3
1208820 1146.3
1208830 1148.9
1208840 1151.4
1208850 1151.4
1208860 1154.4
1208870 1158.3
1208880 1158.3
1208890 1161.8
1208900 1165.3
1208910 1167.1
1208920 1170.7
1208930 1174.8
1208940 1174.8
1208950 1178.5
1208960 1182.5
1208970 1186.5
1208980 1186.5
1208990 1189.5
1209000 1192.6
1209010 1192.6
1209020 1196.5
1209030 1200.3
1209040 1200.3
1209050 1203.3
1209060 1206.4
1209070 1206.4
1209080 1209.4
1209090 1212.1
1209100 1212.1
1209110 1213.9
1209120 1216.2
1209130 1216.2
1209140 1219.1
1209150 1220.9
1209160 1220.9
1209170 1222.1
1209180 1224.6
1209190 1224.6
1209200 1224.9
1209210 1225.5
1209220 1225.5
1209230 1226.4
1209240 1228.1
1209250 1228.1
1209260 1229.6
1209270 1230.5
1209280 1230.5
1209290 1230.8
1209300 1230.8
1209310 1229.1
1209320 1229.1
1209330 1227.9
1209340 1227.5
1209350 1227.5
1209360 1227.9
1209370 1232.3
1209380 1232.3
1209390 1232.3
1209400 1232.4
1209410 1232.4
1209420 1233.4
1209430 1234.6
1209440 1234.6
1209450 1235.1
1209460 1233.8
1209470 1233.8
1209480 1232.6
1209490 1232.7
1209500 1232.7
1209510 1230.8
1209520 1229.3
1209530 1229.3
1209540 1226.7
1209550 1224.8
1209560 1224.8
1209570 1222.4
1209580 1220.9
1209590 1220.9
1209600 1220.1
1209610 1219.5
1209620 1219.5
1209630 1218.5
1209640 1216.7
1209650 1216.7
1209660 1213.8
1209670 1213.2
1209680 1214.8
1209690 1214.8
1209700 1216.4
1209710 1218.4
1209720 1218.4
1209730 1221.3
1209740 1227.4
1209750 1227.4
1209760 1229.8
1209770 1231.5
1209780 1231.5
1209790 1233.5
1209800 1232.2
1209810 1232.2
1209820 1235.0
1209830 1236.9
1209840 1243.3
1209850 1243.7
1209860 1247.3
1209870 1247.3
1209880 1250.5
1209890 1252.0
1209900 1252.0
1209910 1252.9
1209920 1252.9
1209930 1252.9
1209940 1253.5
1209950 1254.6
1209960 1254.6
1209970 1255.3
1209980 1256.2
1209990 1256.2
1210000 1255.6
1210010 1254.6
1210020 1254.6
1210030 1253.3
1210040 1251.5
1210050 1251.8
1210060 1251.8
1210070 1250.0
1210080 1250.0
1210090 1250.0
1210100 1250.2
1210110 1249.0
1210120 1249.0
1210130 1247.1
1210140 1245.5
1210150 1245.5
1210160 1244.9
1210170 1245.8
1210180 1245.8
1210190 1247.0
1210200 1248.4
1210210 1248.4
1210220 1248.3
1210230 1243.4
1210240 1243.4
1210250 1242.9
1210260 1248.1
1210270 1248.1
1210280 1248.7
1210290 1254.7
1210300 1257.3
1210310 1260.6
1210320 1254.1
1210330 1254.1
1210340 1254.5
1210350 1265.6
1210360 1265.6
1210370 1271.7
1210380 1272.1
1210390 1272.1
1210400 1273.1
1210410 1274.0
1210420 1274.2
1210430 1274.2
1210440 1271.1
1210450 1271.0
1210460 1271.0
1210470 1275.0
1210480 1267.4
1210490 1267.4
1210500 1260.8
1210510 1269.5
1210520 1269.5
1210530 1277.7
1210540 1279.9
1210550 1279.9
1210560 1280.5
1210570 1281.6
1210580 1281.6
1210590 1284.3
1210600 1285.9
1210610 1285.9
1210620 1285.8
1210630 1290.2
1210640 1290.2
1210650 1289.5
1210660 1287.7
1210670 1287.7
1210680 1291.4
1210690 1293.8
1210700 1293.8
1210710 1292.4
1210720 1290.7
1210730 1290.7
1210740 1286.8
1210750 1283.6
1210760 1282.6
1210770 1289.5
1210780 1288.2
1210790 1287.3
1210800 1287.3
1210810 1288.3
1210820 1287.3
1210830 1287.3
1210840 1284.3
1210850 1279.2
1210860 1279.2
1210870 1272.1
1210880 1263.9
1210890 1263.9
1210900 1269.2
1210910 1278.0
1210920 1278.0
1210930 1283.7
1210940 1290.2
1210950 1290.2
1210960 1293.7
1210970 1295.5
1210980 1295.5
1210990 1297.0
1211000 1298.3
1211010 1298.3
1211020 1302.1
1211030 1307.7
1211040 1307.7
1211050 1310.7
1211060 1313.1
1211070 1313.1
1211080 1314.3
1211090 1313.3
1211100 1313.3
1211110 1317.2
1211120 1316.2
1211130 1315.9
1211140 1315.9
1211150 1315.0
1211160 1314.1
1211170 1314.1
1211180 1308.3
1211190 1299.3
1211200 1299.3
1211210 1290.6
1211220 1289.4
1211230 1289.4
1211240 1312.9
1211250 1310.4
1211260 1310.4
1211270 1315.6
1211280 1320.9
1211290 1320.9
1211300 1325.1
1211310 1325.1
1211320 1325.1
1211330 1328.0
1211340 1332.8
1211350 1332.8
1211360 1329.1
1211370 1321.0
1211380 1321.0
1211390 1322.7
1211400 1329.1
1211410 1329.1
1211420 1325.0
1211430 1317.9
1211440 1317.9
1211450 1322.6
1211460 1332.1
1211470 1332.1
1211480 1332.0
1211490 1332.3
1211500 1334.1
1211510 1334.1
1211520 1335.8
1211530 1332.5
1211540 1332.5
1211550 1329.0
1211560 1332.8
1211570 1332.8
1211580 1338.1
1211590 1340.0
1211600 1340.0
1211610 1343.1
1211620 1344.1
1211630 1344.1
1211640 1341.2
1211650 1340.8
1211660 1340.8
1211670 1339.5
1211680 1344.3
1211690 1344.3
1211700 1344.0
1211710 1356.8
1211720 1356.8
1211730 1353.5
1211740 1344.2
1211750 1344.2
1211760 1334.6
1211770 1325.9
1211780 1325.9
1211790 1317.5
1211800 1309.1
1211810 1309.1
1211820 1300.5
1211830 1292.4
1211840 1292.4
1211850 1284.9
1211860 1276.4
1211870 1268.0
1211880 1268.0
1211890 1260.7
1211900 1253.6
1211910 1253.6
1211920 1246.4
1211930 1239.7
1211940 1239.7
1211950 1233.1
1211960 1227.1
1211970 1227.1
1211980 1223.2
1211990 1221.0
1212000 1221.0
1212010 1216.3
1212020 1208.2
1212030 1208.2
1212040 1199.9
1212050 1192.3
1212060 1192.3
1212070 1184.7
1212080 1176.8
1212090 1176.8
1212100 1168.5
1212110 1161.5
1212120 1161.5
1212130 1159.7
1212140 1158.0
1212150 1158.0
1212160 1157.3
1212170 1160.4
1212180 1160.4
1212190 1164.2
1212200 1171.4
1212210 1171.1
1212220 1171.1
1212230 1166.8
1212240 1163.7
1212250 1163.7
1212260 1161.2
1212270 1159.2
1212280 1159.2
1212290 1156.9
1212300 1155.5
1212310 1155.5
1212320 1156.5
1212330 1159.0
1212340 1159.0
1212350 1161.9
1212360 1164.7
1212370 1164.7
1212380 1166.9
1212390 1171.2
1212400 1171.2
1212410 1177.8
1212420 1183.5
1212430 1183.5
1212440 1184.4
1212450 1182.7
1212460 1182.7
1212470 1179.5
1212480 1175.3
1212490 1175.3
1212500 1170.7
1212510 1166.0
1212520 1166.0
1212530 1160.8
1212540 1154.9
1212550 1154.9
1212560 1149.4
1212570 1143.6
1212580 1136.4
1212590 1136.4
1212600 1129.1
1212610 1125.7
1212620 1125.7
1212630 1126.0
1212640 1126.6
1212650 1126.6
1212660 1126.2
1212670 1127.1
1212680 1127.1
1212690 1128.1
1212700 1128.0
1212710 1128.0
1212720 1128.0
1212730 1128.7
1212740 1128.7
1212750 1135.6
1212760 1143.5
1212770 1143.5
1212780 1151.0
1212790 1159.3
1212800 1159.3
1212810 1169.3
1212820 1182.1
1212830 1182.1
1212840 1198.1
1212850 1215.8
1212860 1215.8
1212870 1230.9
1212880 1235.9
1212890 1235.9
1212900 1239.7
1212910 1249.7
1212920 1249.7
1212930 1258.4
1212940 1262.8
1212950 1265.9
1212960 1265.9
1212970 1269.5
1212980 1276.1
1212990 1276.1
1213000 1285.2
1213010 1300.2
1213020 1300.2
1213030 1310.9
1213040 1319.2
1213050 1319.2
1213060 1332.6
1213070 1338.8
1213080 1338.8
1213090 1335.3
1213100 1330.3
1213110 1330.1
1213120 1346.5
1213130 1357.5
1213140 1357.5
1213150 1365.2
1213160 1372.3
1213170 1372.3
1213180 1383.3
1213190 1394.5
1213200 1394.5
1213210 1403.3
1213220 1411.1
1213230 1411.1
1213240 1418.2
1213250 1425.0
1213260 1425.0
1213270 1431.8
1213280 1439.2
1213290 1439.2
1213300 1446.8
1213310 1453.0
1213320 1458.4
1213330 1458.4
1213340 1463.8
1213350 1469.1
1213360 1469.1
1213370 1475.1
1213380 1481.4
1213390 1481.4
1213400 1487.3
1213410 1492.8
1213420 1492.8
1213430 1498.7
1213440 1505.0
1213450 1505.0
1213460 1512.0
1213470 1519.8
1213480 1519.8
1213490 1526.0
1213500 1532.4
1213510 1532.4
1213520 1539.0
1213530 1545.6
1213540 1545.6
1213550 1552.4
1213560 1559.3
1213570 1559.3
1213580 1565.9
1213590 1571.4
1213600 1571.4
1213610 1578.5
1213620 1586.7
1213630 1586.7
1213640 1594.4
1213650 1599.6
1213660 1604.7
1213670 1604.7
1213680 1608.8
1213690 1612.6
1213700 1612.6
1203130 1632.3
1203140 1631.2
1203150 1631.2
1203160 1632.5
1203170 1634.9
1203180 1634.9
1203190 1636.1
1203200 1636.4
1203210 1636.4
1203220 1637.3
1203230 1637.7
1203240 1637.7
1203250 1638.1
1203260 1638.6
1203270 1638.6
1203280 1638.6
1203290 1637.8
1203300 1637.8
1203310 1636.3
1203320 1635.4
1203330 1635.4
1203340 1634.5
1203350 1634.4
1203360 1634.4
1203370 1636.8
1203380 1638.6
1203390 1638.6
1203400 1644.6
1203410 1645.0
1203420 1645.0
1203430 1646.6
1203440 1653.5
1203450 1653.5
1203460 1658.6
1203470 1662.8
1203480 1662.8
1203490 1667.9
1203500 1672.9
1203510 1678.7
1203520 1678.7
1203530 1684.1
1203540 1689.5
1203550 1689.5
1203560 1693.2
1203570 1694.9
1203580 1694.9
1203590 1700.5
1203600 1705.5
1203610 1705.5
1203620 1709.2
1203630 1712.3
1203640 1712.3
1203650 1714.8
1203660 1717.6
1203670 1717.6
1203680 1722.0
1203690 1727.8
1203700 1727.8
1203710 1733.7
1203720 1739.9
1203730 1739.9
1203740 1745.5
1203750 1750.8
1203760 1750.8
1203770 1756.6
1203780 1761.8
1203790 1761.8
1203800 1766.6
1203810 1770.7
1203820 1770.7
1203830 1767.4
1203840 1755.5
1203850 1750.7
1203860 1742.5
1203870 1734.5
1203880 1727.3
1203890 1727.3
1203900 1720.3
1203910 1713.4
1203920 1713.4
1203930 1706.1
1203940 1697.6
1203950 1697.6
1203960 1690.1
1203970 1683.4
1203980 1683.4
1203990 1677.0
1204000 1671.0
1204010 1671.0
1204020 1666.3
1204030 1662.8
1204040 1662.8
1204050 1660.0
1204060 1656.9
1204070 1656.9
1204080 1654.1
1204090 1652.3
1204100 1652.3
1204110 1651.1
1204120 1649.8
1204130 1649.8
1204140 1648.4
1204150 1647.1
1204160 1647.1
1204170 1646.4
1204180 1644.2
1204190 1644.2
1204200 1637.4
1204210 1628.9
1204220 1628.9
1204230 1624.7
1204240 1624.4
1204250 1623.9
1204260 1623.9
1204270 1622.5
1204280 1621.2
1204290 1621.2
1204300 1618.0
1204310 1614.5
1204320 1614.5
1204330 1610.6
1204340 1605.0
1204350 1605.0
1204360 1599.5
1204370 1595.8
1204380 1595.8
1204390 1593.7
1204400 1593.0
1204410 1593.0
1204420 1592.5
1204430 1591.5
1204440 1591.5
1204450 1591.4
1204460 1590.9
1204470 1590.9
1204480 1587.3
1204490 1584.3
1204500 1584.3
1204510 1582.4
1204520 1581.4
1204530 1581.4
1204540 1579.8
1204550 1578.6
1204560 1578.6
1204570 1577.6
1204580 1576.0
1204590 1576.0
1204600 1575.0
1204610 1574.3
1204620 1573.1
1204630 1573.1
1204640 1572.1
1204650 1571.3
1204660 1571.3
1204670 1570.3
1204680 1569.3
1204690 1569.3
1204700 1563.7
1204710 1555.2
1204720 1555.2
1204730 1561.2
1204740 1562.4
1204750 1562.4
1204760 1562.8
1204770 1561.9
1204780 1561.9
1204790 1560.4
1204800 1559.3
1204810 1559.3
1204820 1558.8
1204830 1557.4
1204840 1557.4
1204850 1555.2
1204860 1553.7
1204870 1553.7
1204880 1552.0
1204890 1549.8
1204900 1549.8
1204910 1547.8
1204920 1545.9
1204930 1545.9
1204940 1544.3
1204950 1543.3
1204960 1542.2
1204970 1542.2
1204980 1540.8
1204990 1539.0
1205000 1539.0
1205010 1537.2
1205020 1534.7
1205030 1534.7
1205040 1533.2
1205050 1532.1
1205060 1532.1
1205070 1530.1
1205080 1528.7
1205090 1528.7
1205100 1528.7
1205110 1527.9
1205120 1527.9
1205130 1527.7
1205140 1526.6
1205150 1526.6
1205160 1524.8
1205170 1523.4
1205180 1523.4
1205190 1522.5
1205200 1521.1
1205210 1521.1
1205220 1523.3
1205230 1520.5
1205240 1520.5
1205250 1518.3
1205260 1517.6
1205270 1517.6
1205280 1517.6
1205290 1517.7
1205300 1517.7
1205310 1516.4
1205320 1513.6
1205330 1508.6
1205340 1508.6
1205350 1504.1
1205360 1501.0
1205370 1501.0
1205380 1498.8
1205390 1497.7
1205400 1497.7
1205410 1493.6
1205420 1489.3
1205430 1489.3
1205440 1487.5
1205450 1485.5
1205460 1485.5
1205470 1483.6
1205480 1481.9
1205490 1481.9
1205500 1480.2
1205510 1478.3
1205520 1478.3
1205530 1475.3
1205540 1471.5
1205550 1471.5
1205560 1468.1
1205570 1465.8
1205580 1465.8
1205590 1464.4
1205600 1462.9
1205610 1462.9
1205620 1460.8
1205630 1459.0
1205640 1459.0
1205650 1457.9
1205660 1455.8
1205670 1455.8
1205680 1458.0
1205690 1455.5
1205700 1453.3
1205710 1453.3
1205720 1450.2
1205730 1445.6
1205740 1445.6
1205750 1439.8
1205760 1432.6
1205770 1432.6
1205780 1426.2
1205790 1421.4
1205800 1421.4
1205810 1416.7
1205820 1411.7
1205830 1411.7
1205840 1405.1
1205850 1399.3
1205860 1399.3
1205870 1395.7
1205880 1392.7
1205890 1392.7
1205900 1388.2
1205910 1383.7
1205920 1383.7
1205930 1380.5
1205940 1376.1
1205950 1376.1
1205960 1370.1
1205970 1363.8
1205980 1363.8
1205990 1358.2
1206000 1352.8
1206010 1352.8
1206020 1346.4
1206030 1341.2
1206040 1341.2
1206050 1337.3
1206060 1331.9
1206070 1324.3
1206080 1324.3
1206090 1316.5
1206100 1309.4
1206110 1309.4
1206120 1302.9
1206130 1297.8
1206140 1303.1
1206150 1297.4
1206160 1291.4
1206170 1291.4
1206180 1285.9
1206190 1280.5
1206200 1280.5
1206210 1274.2
1206220 1267.8
1206230 1267.8
1206240 1260.0
1206250 1250.3
1206260 1250.3
1206270 1239.9
1206280 1230.9
1206290 1230.9
1206300 1223.8
1206310 1216.2
1206320 1216.2
1206330 1208.3
1206340 1200.9
1206350 1200.9
1206360 1194.2
1206370 1188.3
1206380 1188.3
1206390 1183.0
1206400 1178.3
1206410 1173.9
1206420 1173.9
1206430 1168.9
1206440 1162.0
1206450 1162.0
1206460 1153.9
1206470 1152.4
1206480 1152.4
1206490 1156.6
1206500 1158.8
1206510 1158.8
1206520 1158.4
1206530 1167.5
1206540 1167.5
1206550 1171.2
1206560 1172.6
1206570 1172.6
1206580 1174.1
1206590 1177.5
1206600 1170.5
1206610 1172.1
1206620 1174.1
1206630 1174.1
1206640 1178.5
1206650 1181.2
1206660 1181.2
1206670 1182.9
1206680 1183.8
1206690 1183.8
1206700 1183.3
1206710 1181.7
1206720 1181.7
1206730 1179.2
1206740 1176.6
1206750 1176.6
1206760 1173.9
1206770 1171.1
1206780 1166.8
1206790 1166.8
1206800 1160.8
1206810 1157.6
1206820 1157.6
1206830 1155.9
1206840 1151.8
1206850 1151.8
1206860 1149.1
1206870 1145.7
1206880 1145.7
1206890 1140.5
1206900 1138.4
1206910 1138.4
1206920 1135.7
1206930 1132.8
1206940 1132.8
1206950 1131.9
1206960 1133.3
1206970 1133.3
1206980 1131.8
1206990 1133.0
1207000 1133.0
1207010 1132.0
1207020 1129.2
1207030 1129.2
1207040 1124.8
1207050 1120.2
1207060 1117.9
1207070 1114.6
1207080 1111.6
1207090 1111.6
1207100 1109.0
1207110 1106.4
1207120 1106.4
1207130 1103.6
1207140 1100.2
1207150 1096.6
1207160 1096.6
1207170 1092.8
1207180 1089.0
1207190 1089.0
1207200 1085.9
1207210 1085.3
1207220 1085.3
1207230 1086.3
1207240 1087.3
1207250 1087.3
1207260 1087.6
1207270 1087.2
1207280 1087.2
1207290 1087.2
1207300 1087.2
1207310 1087.2
1207320 1087.3
1207330 1087.7
1207340 1087.7
1207350 1088.1
1207360 1088.5
1207370 1088.5
1207380 1088.6
1207390 1088.6
1207400 1088.6
1207410 1088.7
1207420 1088.9
1207430 1088.9
1207440 1089.0
1207450 1089.1
1207460 1089.1
1207470 1089.4
1207480 1089.4
1207490 1089.4
1207500 1089.7
1207510 1090.0
1207520 1090.3
1207530 1090.3
1207540 1090.8
1207550 1091.2
1207560 1091.2
1207570 1091.5
1207580 1091.6
1207590 1091.6
1207600 1091.7
1207610 1091.6
1207620 1091.6
1207630 1092.1
1207640 1092.4
1207650 1092.4
1207660 1092.7
1207670 1093.0
1207680 1093.0
1207690 1093.0
1207700 1093.1
1207710 1093.1
1207720 1093.4
1207730 1093.1
1207740 1093.1
1207750 1093.1
1207760 1093.4
1207770 1093.4
1207780 1093.6
1207790 1093.7
1207800 1093.7
1207810 1093.8
1207820 1094.2
1207830 1094.2
1207840 1094.5
1207850 1094.7
1207860 1094.6
1207870 1094.6
1207880 1094.3
1207890 1094.3
1207900 1094.3
1207910 1094.4
1207920 1094.5
1207930 1094.5
1207940 1094.8
1207950 1095.1
1207960 1095.1
1207970 1095.4
1207980 1095.6
1207990 1095.6
1208000 1095.9
1208010 1096.0
1208020 1096.0
1208030 1096.0
1208040 1096.7
1208050 1096.7
1208060 1098.2
1208070 1099.6
1208080 1099.6
1208090 1101.8
1208100 1104.5
1208110 1104.5
1208120 1106.9
1208130 1110.2
1208140 1110.2
1208150 1112.7
1208160 1114.4
1208170 1114.4
1208180 1116.3
1208190 1118.1
1208200 1118.1
1208210 1119.2
1208220 1120.7
1208230 1120.7
1208240 1120.7
1208250 1120.1
1208260 1119.0
1208270 1119.0
1208280 1118.1
1208290 1118.0
1208300 1118.0
1208310 1117.1
1208320 1115.8
1208330 1115.8
1208340 1114.8
1208350 1114.0
1208360 1114.0
1208370 1111.4
1208380 1109.2
1208390 1109.2
1208400 1107.1
1208410 1107.3
1208420 1107.3
1208430 1107.1
1208440 1106.9
1208450 1111.2
1208460 1112.7
1208470 1112.8
1208480 1112.8
1208490 1113.0
1208500 1113.2
1208510 1113.2
1208520 1114.0
1208530 1114.9
1208540 1114.9
1208550 1115.8
1208560 1117.7
1208570 1117.7
1208580 1118.7
1208590 1118.7
1208600 1120.0
1208610 1120.0
1208620 1122.2
1208630 1123.3
1208640 1123.3
1208650 1125.0
1208660 1128.0
1208670 1128.0
1208680 1130.9
1208690 1133.7
1208700 1133.7
1208710 1136.0
1208720 1138.0
1208730 1138.0
1208740 1139.4
1208750 1141.1
1208760 1141.1
1208770 1142.9
1208780 1143.8
1208790 1143.8
1208800 1144.8
1208810 1146.3
1208820 1146.3
1208830 1148.9
1208840 1151.4
1208850 1151.4
1208860 1154.4
1208870 1158.3
1208880 1158.3
1208890 1161.8
1208900 1165.3
1208910 1167.1
1208920 1170.7
1208930 1174.8
1208940 1174.8
1208950 1178.5
1208960 1182.5
1208970 1186.5
1208980 1186.5
1208990 1189.5
1209000 1192.6
1209010 1192.6
1209020 1196.5
1209030 1200.3
1209040 1200.3
1209050 1203.3
1209060 1206.4
1209070 1206.4
1209080 1209.4
1209090 1212.1
1209100 1212.1
1209110 1213.9
1209120 1216.2
1209130 1216.2
1209140 1219.1
1209150 1220.9
1209160 1220.9
1209170 1222.1
1209180 1224.6
1209190 1224.6
1209200 1224.9
1209210 1225.5
1209220 1225.5
1209230 1226.4
1209240 1228.1
1209250 1228.1
1209260 1229.6
1209270 1230.5
1209280 1230.5
1209290 1230.8
1209300 1230.8
1209310 1229.1
1209320 1229.1
1209330 1227.9
1209340 1227.5
1209350 1227.5
1209360 1227.9
1209370 1232.3
1209380 1232.3
1209390 1232.3
1209400 1232.4
1209410 1232.4
1209420 1233.4
1209430 1234.6
1209440 1234.6
1209450 1235.1
1209460 1233.8
1209470 1233.8
1209480 1232.6
1209490 1232.7
1209500 1232.7
1209510 1230.8
1209520 1229.3
1209530 1229.3
1209540 1226.7
1209550 1224.8
1209560 1224.8
1209570 1222.4
1209580 1220.9
1209590 1220.9
1209600 1220.1
1209610 1219.5
1209620 1219.5
1209630 1218.5
1209640 1216.7
1209650 1216.7
1209660 1213.8
1209670 1213.2
1209680 1214.8
1209690 1214.8
1209700 1216.4
1209710 1218.4
1209720 1218.4
1209730 1221.3
1209740 1227.4
1209750 1227.4
1209760 1229.8
1209770 1231.5
1209780 1231.5
1209790 1233.5
1209800 1232.2
1209810 1232.2
1209820 1235.0
1209830 1236.9
1209840 1243.3
1209850 1243.7
1209860 1247.3
1209870 1247.3
1209880 1250.5
1209890 1252.0
1209900 1252.0
1209910 1252.9
1209920 1252.9
1209930 1252.9
1209940 1253.5
1209950 1254.6
1209960 1254.6
1209970 1255.3
1209980 1256.2
1209990 1256.2
1210000 1255.6
1210010 1254.6
1210020 1254.6
1210030 1253.3
1210040 1251.5
1210050 1251.8
1210060 1251.8
1210070 1250.0
1210080 1250.0
1210090 1250.0
1210100 1250.2
1210110 1249.0
1210120 1249.0
1210130 1247.1
1210140 1245.5
1210150 1245.5
1210160 1244.9
1210170 1245.8
1210180 1245.8
1210190 1247.0
1210200 1248.4
1210210 1248.4
1210220 1248.3
1210230 1243.4
1210240 1243.4
1210250 1242.9
1210260 1248.1
1210270 1248.1
1210280 1248.7
1210290 1254.7
1210300 1257.3
1210310 1260.6
1210320 1254.1
1210330 1254.1
1210340 1254.5
1210350 1265.6
1210360 1265.6
1210370 1271.7
1210380 1272.1
1210390 1272.1
1210400 1273.1
1210410 1274.0
1210420 1274.2
1210430 1274.2
1210440 1271.1
1210450 1271.0
1210460 1271.0
1210470 1275.0
1210480 1267.4
1210490 1267.4
1210500 1260.8
1210510 1269.5
1210520 1269.5
1210530 1277.7
1210540 1279.9
1210550 1279.9
1210560 1280.5
1210570 1281.6
1210580 1281.6
1210590 1284.3
1210600 1285.9
1210610 1285.9
1210620 1285.8
1210630 1290.2
1210640 1290.2
1210650 1289.5
1210660 1287.7
1210670 1287.7
1210680 1291.4
1210690 1293.8
1210700 1293.8
1210710 1292.4
1210720 1290.7
1210730 1290.7
1210740 1286.8
1210750 1283.6
1210760 1282.6
1210770 1289.5
1210780 1288.2
1210790 1287.3
1210800 1287.3
1210810 1288.3
1210820 1287.3
1210830 1287.3
1210840 1284.3
1210850 1279.2
1210860 1279.2
1210870 1272.1
1210880 1263.9
1210890 1263.9
1210900 1269.2
1210910 1278.0
1210920 1278.0
1210930 1283.7
1210940 1290.2
1210950 1290.2
1210960 1293.7
1210970 1295.5
1210980 1295.5
1210990 1297.0
1211000 1298.3
1211010 1298.3
1211020 1302.1
1211030 1307.7
1211040 1307.7
1211050 1310.7
1211060 1313.1
1211070 1313.1
1211080 1314.3
1211090 1313.3
1211100 1313.3
1211110 1317.2
1211120 1316.2
1211130 1315.9
1211140 1315.9
1211150 1315.0
1211160 1314.1
1211170 1314.1
1211180 1308.3
1211190 1299.3
1211200 1299.3
1211210 1290.6
1211220 1289.4
1211230 1289.4
1211240 1312.9
1211250 1310.4
1211260 1310.4
1211270 1315.6
1211280 1320.9
1211290 1320.9
1211300 1325.1
1211310 1325.1
1211320 1325.1
1211330 1328.0
1211340 1332.8
1211350 1332.8
1211360 1329.1
1211370 1321.0
1211380 1321.0
1211390 1322.7
1211400 1329.1
1211410 1329.1
1211420 1325.0
1211430 1317.9
1211440 1317.9
1211450 1322.6
1211460 1332.1
1211470 1332.1
1211480 1332.0
1211490 1332.3
1211500 1334.1
1211510 1334.1
1211520 1335.8
1211530 1332.5
1211540 1332.5
1211550 1329.0
1211560 1332.8
1211570 1332.8
1211580 1338.1
1211590 1340.0
1211600 1340.0
1211610 1343.1
1211620 1344.1
1211630 1344.1
1211640 1341.2
1211650 1340.8
1211660 1340.8
1211670 1339.5
1211680 1344.3
1211690 1344.3
1211700 1344.0
1211710 1356.8
1211720 1356.8
1211730 1353.5
1211740 1344.2
1211750 1344.2
1211760 1334.6
1211770 1325.9
1211780 1325.9
1211790 1317.5
1211800 1309.1
1211810 1309.1
1211820 1300.5
1211830 1292.4
1211840 1292.4
1211850 1284.9
1211860 1276.4
1211870 1268.0
1211880 1268.0
1211890 1260.7
1211900 1253.6
1211910 1253.6
1211920 1246.4
1211930 1239.7
1211940 1239.7
1211950 1233.1
1211960 1227.1
1211970 1227.1
1211980 1223.2
1211990 1221.0
1212000 1221.0
1212010 1216.3
1212020 1208.2
1212030 1208.2
1212040 1199.9
1212050 1192.3
1212060 1192.3
1212070 1184.7
1212080 1176.8
1212090 1176.8
1212100 1168.5
1212110 1161.5
1212120 1161.5
1212130 1159.7
1212140 1158.0
1212150 1158.0
1212160 1157.3
1212170 1160.4
1212180 1160.4
1212190 1164.2
1212200 1171.4
1212210 1171.1
1212220 1171.1
1212230 1166.8
1212240 1163.7
1212250 1163.7
1212260 1161.2
1212270 1159.2
1212280 1159.2
1212290 1156.9
1212300 1155.5
1212310 1155.5
1212320 1156.5
1212330 1159.0
1212340 1159.0
1212350 1161.9
1212360 1164.7
1212370 1164.7
1212380 1166.9
1212390 1171.2
1212400 1171.2
1212410 1177.8
1212420 1183.5
1212430 1183.5
1212440 1184.4
1212450 1182.7
1212460 1182.7
1212470 1179.5
1212480 1175.3
1212490 1175.3
1212500 1170.7
1212510 1166.0
1212520 1166.0
1212530 1160.8
1212540 1154.9
1212550 1154.9
1212560 1149.4
1212570 1143.6
1212580 1136.4
1212590 1136.4
1212600 1129.1
1212610 1125.7
1212620 1125.7
1212630 1126.0
1212640 1126.6
1212650 1126.6
1212660 1126.2
1212670 1127.1
1212680 1127.1
1212690 1128.1
1212700 1128.0
1212710 1128.0
1212720 1128.0
1212730 1128.7
1212740 1128.7
1212750 1135.6
1212760 1143.5
1212770 1143.5
1212780 1151.0
1212790 1159.3
1212800 1159.3
1212810 1169.3
1212820 1182.1
1212830 1182.1
1212840 1198.1
1212850 1215.8
1212860 1215.8
1212870 1230.9
1212880 1235.9
1212890 1235.9
1212900 1239.7
1212910 1249.7
1212920 1249.7
1212930 1258.4
1212940 1262.8
1212950 1265.9
1212960 1265.9
1212970 1269.5
1212980 1276.1
1212990 1276.1
1213000 1285.2
1213010 1300.2
1213020 1300.2
1213030 1310.9
1213040 1319.2
1213050 1319.2
1213060 1332.6
1213070 1338.8
1213080 1338.8
1213090 1335.3
1213100 1330.3
1213110 1330.1
1213120 1346.5
1213130 1357.5
1213140 1357.5
1213150 1365.2
1213160 1372.3
1213170 1372.3
1213180 1383.3
1213190 1394.5
1213200 1394.5
1213210 1403.3
1213220 1411.1
1213230 1411.1
1213240 1418.2
1213250 1425.0
1213260 1425.0
1213270 1431.8
1213280 1439.2
1213290 1439.2
1213300 1446.8
1213310 1453.0
1213320 1458.4
1213330 1458.4
1213340 1463.8
1213350 1469.1
1213360 1469.1
1213370 1475.1
1213380 1481.4
1213390 1481.4
1213400 1487.3
1213410 1492.8
1213420 1492.8
1213430 1498.7
1213440 1505.0
1213450 1505.0
1213460 1512.0
1213470 1519.8
1213480 1519.8
1213490 1526.0
1213500 1532.4
1213510 1532.4
1213520 1539.0
1213530 1545.6
1213540 1545.6
1213550 1552.4
1213560 1559.3
1213570 1559.3
1213580 1565.9
1213590 1571.4
1213600 1571.4
1213610 1578.5
1213620 1586.7
1213630 1586.7
1213640 1594.4
1213650 1599.6
1213660 1604.7
1213670 1604.7
1213680 1608.8
1213690 1612.6
1213700 1612.6
1203130 1632.3
1203140 1631.2
1203150 1631.2
1203160 1632.5
1203170 1634.9
1203180 1634.9
1203190 1636.1
1203200 1636.4
1203210 1636.4
1203220 1637.3
1203230 1637.7
1203240 1637.7
1203250 1638.1
1203260 1638.6
1203270 1638.6
1203280 1638.6
1203290 1637.8
1203300 1637.8
1203310 1636.3
1203320 1635.4
1203330 1635.4
1203340 1634.5
1203350 1634.4
1203360 1634.4
1203370 1636.8
1203380 1638.6
1203390 1638.6
1203400 1644.6
1203410 1645.0
1203420 1645.0
1203430 1646.6
1203440 1653.5
1203450 1653.5
1203460 1658.6
1203470 1662.8
1203480 1662.8
1203490 1667.9
1203500 1672.9
1203510 1678.7
1203520 1678.7
1203530 1684.1
1203540 1689.5
1203550 1689.5
1203560 1693.2
1203570 1694.9
1203580 1694.9
1203590 1700.5
1203600 1705.5
1203610 1705.5
1203620 1709.2
1203630 1712.3
1203640 1712.3
1203650 1714.8
1203660 1717.6
1203670 1717.6
1203680 1722.0
1203690 1727.8
1203700 1727.8
1203710 1733.7
1203720 1739.9
1203730 1739.9
1203740 1745.5
1203750 1750.8
1203760 1750.8
1203770 1756.6
1203780 1761.8
1203790 1761.8
1203800 1766.6
1203810 1770.7
1203820 1770.7
1203830 1767.4
1203840 1755.5
1203850 1750.7
1203860 1742.5
1203870 1734.5
1203880 1727.3
1203890 1727.3
1203900 1720.3
1203910 1713.4
1203920 1713.4
1203930 1706.1
1203940 1697.6
1203950 1697.6
1203960 1690.1
1203970 1683.4
1203980 1683.4
1203990 1677.0
1204000 1671.0
1204010 1671.0
1204020 1666.3
1204030 1662.8
1204040 1662.8
1204050 1660.0
1204060 1656.9
1204070 1656.9
1204080 1654.1
1204090 1652.3
1204100 1652.3
1204110 1651.1
1204120 1649.8
1204130 1649.8
1204140 1648.4
1204150 1647.1
1204160 1647.1
1204170 1646.4
1204180 1644.2
1204190 1644.2
1204200 1637.4
1204210 1628.9
1204220 1628.9
1204230 1624.7
1204240 1624.4
1204250 1623.9
1204260 1623.9
1204270 1622.5
1204280 1621.2
1204290 1621.2
1204300 1618.0
1204310 1614.5
1204320 1614.5
1204330 1610.6
1204340 1605.0
1204350 1605.0
1204360 1599.5
1204370 1595.8
1204380 1595.8
1204390 1593.7
1204400 1593.0
1204410 1593.0
1204420 1592.5
1204430 1591.5
1204440 1591.5
1204450 1591.4
1204460 1590.9
1204470 1590.9
1204480 1587.3
1204490 1584.3
1204500 1584.3
1204510 1582.4
1204520 1581.4
1204530 1581.4
1204540 1579.8
1204550 1578.6
1204560 1578.6
1204570 1577.6
1204580 1576.0
1204590 1576.0
1204600 1575.0
1204610 1574.3
1204620 1573.1
1204630 1573.1
1204640 1572.1
1204650 1571.3
1204660 1571.3
1204670 1570.3
1204680 1569.3
1204690 1569.3
1204700 1563.7
1204710 1555.2
1204720 1555.2
1204730 1561.2
1204740 1562.4
1204750 1562.4
1204760 1562.8
1204770 1561.9
1204780 1561.9
1204790 1560.4
1204800 1559.3
1204810 1559.3
1204820 1558.8
1204830 1557.4
1204840 1557.4
1204850 1555.2
1204860 1553.7
1204870 1553.7
1204880 1552.0
1204890 1549.8
1204900 1549.8
1204910 1547.8
1204920 1545.9
1204930 1545.9
1204940 1544.3
1204950 1543.3
1204960 1542.2
1204970 1542.2
1204980 1540.8
1204990 1539.0
1205000 1539.0
1205010 1537.2
1205020 1534.7
1205030 1534.7
1205040 1533.2
1205050 1532.1
1205060 1532.1
1205070 1530.1
1205080 1528.7
1205090 1528.7
1205100 1528.7
1205110 1527.9
1205120 1527.9
1205130 1527.7
1205140 1526.6
1205150 1526.6
1205160 1524.8
1205170 1523.4
1205180 1523.4
1205190 1522.5
1205200 1521.1
1205210 1521.1
1205220 1523.3
1205230 1520.5
1205240 1520.5
1205250 1518.3
1205260 1517.6
1205270 1517.6
1205280 1517.6
1205290 1517.7
1205300 1517.7
1205310 1516.4
1205320 1513.6
1205330 1508.6
1205340 1508.6
1205350 1504.1
1205360 1501.0
1205370 1501.0
1205380 1498.8
1205390 1497.7
1205400 1497.7
1205410 1493.6
1205420 1489.3
1205430 1489.3
1205440 1487.5
1205450 1485.5
1205460 1485.5
1205470 1483.6
1205480 1481.9
1205490 1481.9
1205500 1480.2
1205510 1478.3
1205520 1478.3
1205530 1475.3
1205540 1471.5
1205550 1471.5
1205560 1468.1
1205570 1465.8
1205580 1465.8
1205590 1464.4
1205600 1462.9
1205610 1462.9
1205620 1460.8
1205630 1459.0
1205640 1459.0
1205650 1457.9
1205660 1455.8
1205670 1455.8
1205680 1458.0
1205690 1455.5
1205700 1453.3
1205710 1453.3
1205720 1450.2
1205730 1445.6
1205740 1445.6
1205750 1439.8
1205760 1432.6
1205770 1432.6
1205780 1426.2
1205790 1421.4
1205800 1421.4
1205810 1416.7
1205820 1411.7
1205830 1411.7
1205840 1405.1
1205850 1399.3
1205860 1399.3
1205870 1395.7
1205880 1392.7
1205890 1392.7
1205900 1388.2
1205910 1383.7
1205920 1383.7
1205930 1380.5
1205940 1376.1
1205950 1376.1
1205960 1370.1
1205970 1363.8
1205980 1363.8
1205990 1358.2
1206000 1352.8
1206010 1352.8
1206020 1346.4
1206030 1341.2
1206040 1341.2
1206050 1337.3
1206060 1331.9
1206070 1324.3
1206080 1324.3
1206090 1316.5
1206100 1309.4
1206110 1309.4
1206120 1302.9
1206130 1297.8
1206140 1303.1
1206150 1297.4
1206160 1291.4
1206170 1291.4
1206180 1285.9
1206190 1280.5
1206200 1280.5
1206210 1274.2
1206220 1267.8
1206230 1267.8
1206240 1260.0
1206250 1250.3
1206260 1250.3
1206270 1239.9
1206280 1230.9
1206290 1230.9
1206300 1223.8
1206310 1216.2
1206320 1216.2
1206330 1208.3
1206340 1200.9
1206350 1200.9
1206360 1194.2
1206370 1188.3
1206380 1188.3
1206390 1183.0
1206400 1178.3
1206410 1173.9
1206420 1173.9
1206430 1168.9
1206440 1162.0
1206450 1162.0
1206460 1153.9
1206470 1152.4
1206480 1152.4
1206490 1156.6
1206500 1158.8
1206510 1158.8
1206520 1158.4
1206530 1167.5
1206540 1167.5
1206550 1171.2
1206560 1172.6
1206570 1172.6
1206580 1174.1
1206590 1177.5
1206600 1170.5
1206610 1172.1
1206620 1174.1
1206630 1174.1
1206640 1178.5
1206650 1181.2
1206660 1181.2
1206670 1182.9
1206680 1183.8
1206690 1183.8
1206700 1183.3
1206710 1181.7
1206720 1181.7
1206730 1179.2
1206740 1176.6
1206750 1176.6
1206760 1173.9
1206770 1171.1
1206780 1166.8
1206790 1166.8
1206800 1160.8
1206810 1157.6
1206820 1157.6
1206830 1155.9
1206840 1151.8
1206850 1151.8
1206860 1149.1
1206870 1145.7
1206880 1145.7
1206890 1140.5
1206900 1138.4
1206910 1138.4
1206920 1135.7
1206930 1132.8
1206940 1132.8
1206950 1131.9
1206960 1133.3
1206970 1133.3
1206980 1131.8
1206990 1133.0
1207000 1133.0
1207010 1132.0
1207020 1129.2
1207030 1129.2
1207040 1124.8
1207050 1120.2
1207060 1117.9
1207070 1114.6
1207080 1111.6
1207090 1111.6
1207100 1109.0
1207110 1106.4
1207120 1106.4
1207130 1103.6
1207140 1100.2
1207150 1096.6
1207160 1096.6
1207170 1092.8
1207180 1089.0
1207190 1089.0
1207200 1085.9
1207210 1085.3
1207220 1085.3
1207230 1086.3
1207240 1087.3
1207250 1087.3
1207260 1087.6
1207270 1087.2
1207280 1087.2
1207290 1087.2
1207300 1087.2
1207310 1087.2
1207320 1087.3
1207330 1087.7
1207340 1087.7
1207350 1088.1
1207360 1088.5
1207370 1088.5
1207380 1088.6
1207390 1088.6
1207400 1088.6
1207410 1088.7
1207420 1088.9
1207430 1088.9
1207440 1089.0
1207450 1089.1
1207460 1089.1
1207470 1089.4
1207480 1089.4
1207490 1089.4
1207500 1089.7
1207510 1090.0
1207520 1090.3
1207530 1090.3
1207540 1090.8
1207550 1091.2
1207560 1091.2
1207570 1091.5
1207580 1091.6
1207590 1091.6
1207600 1091.7
1207610 1091.6
1207620 1091.6
1207630 1092.1
1207640 1092.4
1207650 1092.4
1207660 1092.7
1207670 1093.0
1207680 1093.0
1207690 1093.0
1207700 1093.1
1207710 1093.1
1207720 1093.4
1207730 1093.1
1207740 1093.1
1207750 1093.1
1207760 1093.4
1207770 1093.4
1207780 1093.6
1207790 1093.7
1207800 1093.7
1207810 1093.8
1207820 1094.2
1207830 1094.2
1207840 1094.5
1207850 1094.7
1207860 1094.6
1207870 1094.6
1207880 1094.3
1207890 1094.3
1207900 1094.3
1207910 1094.4
1207920 1094.5
1207930 1094.5
1207940 1094.8
1207950 1095.1
1207960 1095.1
1207970 1095.4
1207980 1095.6
1207990 1095.6
1208000 1095.9
1208010 1096.0
1208020 1096.0
1208030 1096.0
1208040 1096.7
1208050 1096.7
1208060 1098.2
1208070 1099.6
1208080 1099.6
1208090 1101.8
1208100 1104.5
1208110 1104.5
1208120 1106.9
1208130 1110.2
1208140 1110.2
1208150 1112.7
1208160 1114.4
1208170 1114.4
1208180 1116.3
1208190 1118.1
1208200 1118.1
1208210 1119.2
1208220 1120.7
1208230 1120.7
1208240 1120.7
1208250 1120.1
1208260 1119.0
1208270 1119.0
1208280 1118.1
1208290 1118.0
1208300 1118.0
1208310 1117.1
1208320 1115.8
1208330 1115.8
1208340 1114.8
1208350 1114.0
1208360 1114.0
1208370 1111.4
1208380 1109.2
1208390 1109.2
1208400 1107.1
1208410 1107.3
1208420 1107.3
1208430 1107.1
1208440 1106.9
1208450 1111.2
1208460 1112.7
1208470 1112.8
1208480 1112.8
1208490 1113.0
1208500 1113.2
1208510 1113.2
1208520 1114.0
1208530 1114.9
1208540 1114.9
1208550 1115.8
1208560 1117.7
1208570 1117.7
1208580 1118.7
1208590 1118.7
1208600 1120.0
1208610 1120.0
1208620 1122.2
1208630 1123.3
1208640 1123.3
1208650 1125.0
1208660 1128.0
1208670 1128.0
1208680 1130.9
1208690 1133.7
1208700 1133.7
1208710 1136.0
1208720 1138.0
1208730 1138.0
1208740 1139.4
1208750 1141.1
1208760 1141.1
1208770 1142.9
1208780 1143.8
1208790 1143.8
1208800 1144.8
1208810 1146.3
1208820 1146.3
1208830 1148.9
1208840 1151.4
1208850 1151.4
1208860 1154.4
1208870 1158.3
1208880 1158.3
1208890 1161.8
1208900 1165.3
1208910 1167.1
1208920 1170.7
1208930 1174.8
1208940 1174.8
1208950 1178.5
1208960 1182.5
1208970 1186.5
1208980 1186.5
1208990 1189.5
1209000 1192.6
1209010 1192.6
1209020 1196.5
1209030 1200.3
1209040 1200.3
1209050 1203.3
1209060 1206.4
1209070 1206.4
1209080 1209.4
1209090 1212.1
1209100 1212.1
1209110 1213.9
1209120 1216.2
1209130 1216.2
1209140 1219.1
1209150 1220.9
1209160 1220.9
1209170 1222.1
1209180 1224.6
1209190 1224.6
1209200 1224.9
1209210 1225.5
1209220 1225.5
1209230 1226.4
1209240 1228.1
1209250 1228.1
1209260 1229.6
1209270 1230.5
1209280 1230.5
1209290 1230.8
1209300 1230.8
1209310 1229.1
1209320 1229.1
1209330 1227.9
1209340 1227.5
1209350 1227.5
1209360 1227.9
1209370 1232.3
1209380 1232.3
1209390 1232.3
1209400 1232.4
1209410 1232.4
1209420 1233.4
1209430 1234.6
1209440 1234.6
1209450 1235.1
1209460 1233.8
1209470 1233.8
1209480 1232.6
1209490 1232.7
1209500 1232.7
1209510 1230.8
1209520 1229.3
1209530 1229.3
1209540 1226.7
1209550 1224.8
1209560 1224.8
1209570 1222.4
1209580 1220.9
1209590 1220.9
1209600 1220.1
1209610 1219.5
1209620 1219.5
1209630 1218.5
1209640 1216.7
1209650 1216.7
1209660 1213.8
1209670 1213.2
1209680 1214.8
1209690 1214.8
1209700 1216.4
1209710 1218.4
1209720 1218.4
1209730 1221.3
1209740 1227.4
1209750 1227.4
1209760 1229.8
1209770 1231.5
1209780 1231.5
1209790 1233.5
1209800 1232.2
1209810 1232.2
1209820 1235.0
1209830 1236.9
1209840 1243.3
1209850 1243.7
1209860 1247.3
1209870 1247.3
1209880 1250.5
1209890 1252.0
1209900 1252.0
1209910 1252.9
1209920 1252.9
1209930 1252.9
1209940 1253.5
1209950 1254.6
1209960 1254.6
1209970 1255.3
1209980 1256.2
1209990 1256.2
1210000 1255.6
1210010 1254.6
1210020 1254.6
1210030 1253.3
1210040 1251.5
1210050 1251.8
1210060 1251.8
1210070 1250.0
1210080 1250.0
1210090 1250.0
1210100 1250.2
1210110 1249.0
1210120 1249.0
1210130 1247.1
1210140 1245.5
1210150 1245.5
1210160 1244.9
1210170 1245.8
1210180 1245.8
1210190 1247.0
1210200 1248.4
1210210 1248.4
1210220 1248.3
1210230 1243.4
1210240 1243.4
1210250 1242.9
1210260 1248.1
1210270 1248.1
1210280 1248.7
1210290 1254.7
1210300 1257.3
1210310 1260.6
1210320 1254.1
1210330 1254.1
1210340 1254.5
1210350 1265.6
1210360 1265.6
1210370 1271.7
1210380 1272.1
1210390 1272.1
1210400 1273.1
1210410 1274.0
1210420 1274.2
1210430 1274.2
1210440 1271.1
1210450 1271.0
1210460 1271.0
1210470 1275.0
1210480 1267.4
1210490 1267.4
1210500 1260.8
1210510 1269.5
1210520 1269.5
1210530 1277.7
1210540 1279.9
1210550 1279.9
1210560 1280.5
1210570 1281.6
1210580 1281.6
1210590 1284.3
1210600 1285.9
1210610 1285.9
1210620 1285.8
1210630 1290.2
1210640 1290.2
1210650 1289.5
1210660 1287.7
1210670 1287.7
1210680 1291.4
1210690 1293.8
1210700 1293.8
1210710 1292.4
1210720 1290.7
1210730 1290.7
1210740 1286.8
1210750 1283.6
1210760 1282.6
1210770 1289.5
1210780 1288.2
1210790 1287.3
1210800 1287.3
1210810 1288.3
1210820 1287.3
1210830 1287.3
1210840 1284.3
1210850 1279.2
1210860 1279.2
1210870 1272.1
1210880 1263.9
1210890 1263.9
1210900 1269.2
1210910 1278.0
1210920 1278.0
1210930 1283.7
1210940 1290.2
1210950 1290.2
1210960 1293.7
1210970 1295.5
1210980 1295.5
1210990 1297.0
1211000 1298.3
1211010 1298.3
1211020 1302.1
1211030 1307.7
1211040 1307.7
1211050 1310.7
1211060 1313.1
1211070 1313.1
1211080 1314.3
1211090 1313.3
1211100 1313.3
1211110 1317.2
1211120 1316.2
1211130 1315.9
1211140 1315.9
1211150 1315.0
1211160 1314.1
1211170 1314.1
1211180 1308.3
1211190 1299.3
1211200 1299.3
1211210 1290.6
1211220 1289.4
1211230 1289.4
1211240 1312.9
1211250 1310.4
1211260 1310.4
1211270 1315.6
1211280 1320.9
1211290 1320.9
1211300 1325.1
1211310 1325.1
1211320 1325.1
1211330 1328.0
1211340 1332.8
1211350 1332.8
1211360 1329.1
1211370 1321.0
1211380 1321.0
1211390 1322.7
1211400 1329.1
1211410 1329.1
1211420 1325.0
1211430 1317.9
1211440 1317.9
1211450 1322.6
1211460 1332.1
1211470 1332.1
1211480 1332.0
1211490 1332.3
1211500 1334.1
1211510 1334.1
1211520 1335.8
1211530 1332.5
1211540 1332.5
1211550 1329.0
1211560 1332.8
1211570 1332.8
1211580 1338.1
1211590 1340.0
1211600 1340.0
1211610 1343.1
1211620 1344.1
1211630 1344.1
1211640 1341.2
1211650 1340.8
1211660 1340.8
1211670 1339.5
1211680 1344.3
1211690 1344.3
1211700 1344.0
1211710 1356.8
1211720 1356.8
1211730 1353.5
1211740 1344.2
1211750 1344.2
1211760 1334.6
1211770 1325.9
1211780 1325.9
1211790 1317.5
1211800 1309.1
1211810 1309.1
1211820 1300.5
1211830 1292.4
1211840 1292.4
1211850 1284.9
1211860 1276.4
1211870 1268.0
1211880 1268.0
1211890 1260.7
1211900 1253.6
1211910 1253.6
1211920 1246.4
1211930 1239.7
1211940 1239.7
1211950 1233.1
1211960 1227.1
1211970 1227.1
1211980 1223.2
1211990 1221.0
1212000 1221.0
1212010 1216.3
1212020 1208.2
1212030 1208.2
1212040 1199.9
1212050 1192.3
1212060 1192.3
1212070 1184.7
1212080 1176.8
1212090 1176.8
1212100 1168.5
1212110 1161.5
1212120 1161.5
1212130 1159.7
1212140 1158.0
1212150 1158.0
1212160 1157.3
1212170 1160.4
1212180 1160.4
1212190 1164.2
1212200 1171.4
1212210 1171.1
1212220 1171.1
1212230 1166.8
1212240 1163.7
1212250 1163.7
1212260 1161.2
1212270 1159.2
1212280 1159.2
1212290 1156.9
1212300 1155.5
1212310 1155.5
1212320 1156.5
1212330 1159.0
1212340 1159.0
1212350 1161.9
1212360 1164.7
1212370 1164.7
1212380 1166.9
1212390 1171.2
1212400 1171.2
1212410 1177.8
1212420 1183.5
1212430 1183.5
1212440 1184.4
1212450 1182.7
1212460 1182.7
1212470 1179.5
1212480 1175.3
1212490 1175.3
1212500 1170.7
1212510 1166.0
1212520 1166.0
1212530 1160.8
1212540 1154.9
1212550 1154.9
1212560 1149.4
1212570 1143.6
1212580 1136.4
1212590 1136.4
1212600 1129.1
1212610 1125.7
1212620 1125.7
1212630 1126.0
1212640 1126.6
1212650 1126.6
1212660 1126.2
1212670 1127.1
1212680 1127.1
1212690 1128.1
1212700 1128.0
1212710 1128.0
1212720 1128.0
1212730 1128.7
1212740 1128.7
1212750 1135.6
1212760 1143.5
1212770 1143.5
1212780 1151.0
1212790 1159.3
1212800 1159.3
1212810 1169.3
1212820 1182.1
1212830 1182.1
1212840 1198.1
1212850 1215.8
1212860 1215.8
1212870 1230.9
1212880 1235.9
1212890 1235.9
1212900 1239.7
1212910 1249.7
1212920 1249.7
1212930 1258.4
1212940 1262.8
1212950 1265.9
1212960 1265.9
1212970 1269.5
1212980 1276.1
1212990 1276.1
1213000 1285.2
1213010 1300.2
1213020 1300.2
1213030 1310.9
1213040 1319.2
1213050 1319.2
1213060 1332.6
1213070 1338.8
1213080 1338.8
1213090 1335.3
1213100 1330.3
1213110 1330.1
1213120 1346.5
1213130 1357.5
1213140 1357.5
1213150 1365.2
1213160 1372.3
1213170 1372.3
1213180 1383.3
1213190 1394.5
1213200 1394.5
1213210 1403.3
1213220 1411.1
1213230 1411.1
1213240 1418.2
1213250 1425.0
1213260 1425.0
1213270 1431.8
1213280 1439.2
1213290 1439.2
1213300 1446.8
1213310 1453.0
1213320 1458.4
1213330 1458.4
1213340 1463.8
1213350 1469.1
1213360 1469.1
1213370 1475.1
1213380 1481.4
1213390 1481.4
1213400 1487.3
1213410 1492.8
1213420 1492.8
1213430 1498.7
1213440 1505.0
1213450 1505.0
1213460 1512.0
1213470 1519.8
1213480 1519.8
1213490 1526.0
1213500 1532.4
1213510 1532.4
1213520 1539.0
1213530 1545.6
1213540 1545.6
1213550 1552.4
1213560 1559.3
1213570 1559.3
1213580 1565.9
1213590 1571.4
1213600 1571.4
1213610 1578.5
1213620 1586.7
1213630 1586.7
1213640 1594.4
1213650 1599.6
1213660 1604.7
1213670 1604.7
1213680 1608.8
1213690 1612.6
1213700 1612.6
1203130 1632.3
1203140 1631.2
1203150 1631.2
1203160 1632.5
1203170 1634.9
1203180 1634.9
1203190 1636.1
1203200 1636.4
1203210 1636.4
1203220 1637.3
1203230 1637.7
1203240 1637.7
1203250 1638.1
1203260 1638.6
1203270 1638.6
1203280 1638.6
1203290 1637.8
1203300 1637.8
1203310 1636.3
1203320 1635.4
1203330 1635.4
1203340 1634.5
1203350 1634.4
1203360 1634.4
1203370 1636.8
1203380 1638.6
1203390 1638.6
1203400 1644.6
1203410 1645.0
1203420 1645.0
1203430 1646.6
1203440 1653.5
1203450 1653.5
1203460 1658.6
1203470 1662.8
1203480 1662.8
1203490 1667.9
1203500 1672.9
1203510 1678.7
1203520 1678.7
1203530 1684.1
1203540 1689.5
1203550 1689.5
1203560 1693.2
1203570 1694.9
1203580 1694.9
1203590 1700.5
1203600 1705.5
1203610 1705.5
1203620 1709.2
1203630 1712.3
1203640 1712.3
1203650 1714.8
1203660 1717.6
1203670 1717.6
1203680 1722.0
1203690 1727.8
1203700 1727.8
1203710 1733.7
1203720 1739.9
1203730 1739.9
1203740 1745.5
1203750 1750.8
1203760 1750.8
1203770 1756.6
1203780 1761.8
1203790 1761.8
1203800 1766.6
1203810 1770.7
1203820 1770.7
1203830 1767.4
1203840 1755.5
1203850 1750.7
1203860 1742.5
1203870 1734.5
1203880 1727.3
1203890 1727.3
1203900 1720.3
1203910 1713.4
1203920 1713.4
1203930 1706.1
1203940 1697.6
1203950 1697.6
1203960 1690.1
1203970 1683.4
1203980 1683.4
1203990 1677.0
1204000 1671.0
1204010 1671.0
1204020 1666.3
1204030 1662.8
1204040 1662.8
1204050 1660.0
1204060 1656.9
1204070 1656.9
1204080 1654.1
1204090 1652.3
1204100 1652.3
1204110 1651.1
1204120 1649.8
1204130 1649.8
1204140 1648.4
1204150 1647.1
1204160 1647.1
1204170 1646.4
1204180 1644.2
1204190 1644.2
1204200 1637.4
1204210 1628.9
1204220 1628.9
1204230 1624.7
1204240 1624.4
1204250 1623.9
1204260 1623.9
1204270 1622.5
1204280 1621.2
1204290 1621.2
1204300 1618.0
1204310 1614.5
1204320 1614.5
1204330 1610.6
1204340 1605.0
1204350 1605.0
1204360 1599.5
1204370 1595.8
1204380 1595.8
1204390 1593.7
1204400 1593.0
1204410 1593.0
1204420 1592.5
1204430 1591.5
1204440 1591.5
1204450 1591.4
1204460 1590.9
1204470 1590.9
1204480 1587.3
1204490 1584.3
1204500 1584.3
1204510 1582.4
1204520 1581.4
1204530 1581.4
1204540 1579.8
1204550 1578.6
1204560 1578.6
1204570 1577.6
1204580 1576.0
1204590 1576.0
1204600 1575.0
1204610 1574.3
1204620 1573.1
1204630 1573.1
1204640 1572.1
1204650 1571.3
1204660 1571.3
1204670 1570.3
1204680 1569.3
1204690 1569.3
1204700 1563.7
1204710 1555.2
1204720 1555.2
1204730 1561.2
1204740 1562.4
1204750 1562.4
1204760 1562.8
1204770 1561.9
1204780 1561.9
1204790 1560.4
1204800 1559.3
1204810 1559.3
1204820 1558.8
1204830 1557.4
1204840 1557.4
1204850 1555.2
1204860 1553.7
1204870 1553.7
1204880 1552.0
1204890 1549.8
1204900 1549.8
1204910 1547.8
1204920 1545.9
1204930 1545.9
1204940 1544.3
1204950 1543.3
1204960 1542.2
1204970 1542.2
1204980 1540.8
1204990 1539.0
1205000 1539.0
1205010 1537.2
1205020 1534.7
1205030 1534.7
1205040 1533.2
1205050 1532.1
1205060 1532.1
1205070 1530.1
1205080 1528.7
1205090 1528.7
1205100 1528.7
1205110 1527.9
1205120 1527.9
1205130 1527.7
1205140 1526.6
1205150 1526.6
1205160 1524.8
1205170 1523.4
1205180 1523.4
1205190 1522.5
1205200 1521.1
1205210 1521.1
1205220 1523.3
1205230 1520.5
1205240 1520.5
1205250 1518.3
1205260 1517.6
1205270 1517.6
1205280 1517.6
1205290 1517.7
1205300 1517.7
1205310 1516.4
1205320 1513.6
1205330 1508.6
1205340 1508.6
1205350 1504.1
1205360 1501.0
1205370 1501.0
1205380 1498.8
1205390 1497.7
1205400 1497.7
1205410 1493.6
1205420 1489.3
1205430 1489.3
1205440 1487.5
1205450 1485.5
1205460 1485.5
1205470 1483.6
1205480 1481.9
1205490 1481.9
1205500 1480.2
1205510 1478.3
1205520 1478.3
1205530 1475.3
1205540 1471.5
1205550 1471.5
1205560 1468.1
1205570 1465.8
1205580 1465.8
1205590 1464.4
1205600 1462.9
1205610 1462.9
1205620 1460.8
1205630 1459.0
1205640 1459.0
1205650 1457.9
1205660 1455.8
1205670 1455.8
1205680 1458.0
1205690 1455.5
1205700 1453.3
1205710 1453.3
1205720 1450.2
1205730 1445.6
1205740 1445.6
1205750 1439.8
1205760 1432.6
1205770 1432.6
1205780 1426.2
1205790 1421.4
1205800 1421.4
1205810 1416.7
1205820 1411.7
1205830 1411.7
1205840 1405.1
1205850 1399.3
1205860 1399.3
1205870 1395.7
1205880 1392.7
1205890 1392.7
1205900 1388.2
1205910 1383.7
1205920 1383.7
1205930 1380.5
1205940 1376.1
1205950 1376.1
1205960 1370.1
1205970 1363.8
1205980 1363.8
1205990 1358.2
1206000 1352.8
1206010 1352.8
1206020 1346.4
1206030 1341.2
1206040 1341.2
1206050 1337.3
1206060 1331.9
1206070 1324.3
1206080 1324.3
1206090 1316.5
1206100 1309.4
1206110 1309.4
1206120 1302.9
1206130 1297.8
1206140 1303.1
1206150 1297.4
1206160 1291.4
1206170 1291.4
1206180 1285.9
1206190 1280.5
1206200 1280.5
1206210 1274.2
1206220 1267.8
1206230 1267.8
1206240 1260.0
1206250 1250.3
1206260 1250.3
1206270 1239.9
1206280 1230.9
1206290 1230.9
1206300 1223.8
1206310 1216.2
1206320 1216.2
1206330 1208.3
1206340 1200.9
1206350 1200.9
1206360 1194.2
1206370 1188.3
1206380 1188.3
1206390 1183.0
1206400 1178.3
1206410 1173.9
1206420 1173.9
1206430 1168.9
1206440 1162.0
1206450 1162.0
1206460 1153.9
1206470 1152.4
1206480 1152.4
1206490 1156.6
1206500 1158.8
1206510 1158.8
1206520 1158.4
1206530 1167.5
1206540 1167.5
1206550 1171.2
1206560 1172.6
1206570 1172.6
1206580 1174.1
1206590 1177.5
1206600 1170.5
1206610 1172.1
1206620 1174.1
1206630 1174.1
1206640 1178.5
1206650 1181.2
1206660 1181.2
1206670 1182.9
1206680 1183.8
1206690 1183.8
1206700 1183.3
1206710 1181.7
1206720 1181.7
1206730 1179.2
1206740 1176.6
1206750 1176.6
1206760 1173.9
1206770 1171.1
1206780 1166.8
1206790 1166.8
1206800 1160.8
1206810 1157.6
1206820 1157.6
1206830 1155.9
1206840 1151.8
1206850 1151.8
1206860 1149.1
1206870 1145.7
1206880 1145.7
1206890 1140.5
1206900 1138.4
1206910 1138.4
1206920 1135.7
1206930 1132.8
1206940 1132.8
1206950 1131.9
1206960 1133.3
1206970 1133.3
1206980 1131.8
1206990 1133.0
1207000 1133.0
1207010 1132.0
1207020 1129.2
1207030 1129.2
1207040 1124.8
1207050 1120.2
1207060 1117.9
1207070 1114.6
1207080 1111.6
1207090 1111.6
1207100 1109.0
1207110 1106.4
1207120 1106.4
1207130 1103.6
1207140 1100.2
1207150 1096.6
1207160 1096.6
1207170 1092.8
1207180 1089.0
1207190 1089.0
1207200 1085.9
1207210 1085.3
1207220 1085.3
1207230 1086.3
1207240 1087.3
1207250 1087.3
1207260 1087.6
1207270 1087.2
1207280 1087.2
1207290 1087.2
1207300 1087.2
1207310 1087.2
1207320 1087.3
1207330 1087.7
1207340 1087.7
1207350 1088.1
1207360 1088.5
1207370 1088.5
1207380 1088.6
1207390 1088.6
1207400 1088.6
1207410 1088.7
1207420 1088.9
1207430 1088.9
1207440 1089.0
1207450 1089.1
1207460 1089.1
1207470 1089.4
1207480 1089.4
1207490 1089.4
1207500 1089.7
1207510 1090.0
1207520 1090.3
1207530 1090.3
1207540 1090.8
1207550 1091.2
1207560 1091.2
1207570 1091.5
1207580 1091.6
1207590 1091.6
1207600 1091.7
1207610 1091.6
1207620 1091.6
1207630 1092.1
1207640 1092.4
1207650 1092.4
1207660 1092.7
1207670 1093.0
1207680 1093.0
1207690 1093.0
1207700 1093.1
1207710 1093.1
1207720 1093.4
1207730 1093.1
1207740 1093.1
1207750 1093.1
1207760 1093.4
1207770 1093.4
1207780 1093.6
1207790 1093.7
1207800 1093.7
1207810 1093.8
1207820 1094.2
1207830 1094.2
1207840 1094.5
1207850 1094.7
1207860 1094.6
1207870 1094.6
1207880 1094.3
1207890 1094.3
1207900 1094.3
1207910 1094.4
1207920 1094.5
1207930 1094.5
1207940 1094.8
1207950 1095.1
1207960 1095.1
1207970 1095.4
1207980 1095.6
1207990 1095.6
1208000 1095.9
1208010 1096.0
1208020 1096.0
1208030 1096.0
1208040 1096.7
1208050 1096.7
1208060 1098.2
1208070 1099.6
1208080 1099.6
1208090 1101.8
1208100 1104.5
1208110 1104.5
1208120 1106.9
1208130 1110.2
1208140 1110.2
1208150 1112.7
1208160 1114.4
1208170 1114.4
1208180 1116.3
1208190 1118.1
1208200 1118.1
1208210 1119.2
1208220 1120.7
1208230 1120.7
1208240 1120.7
1208250 1120.1
1208260 1119.0
1208270 1119.0
1208280 1118.1
1208290 1118.0
1208300 1118.0
1208310 1117.1
1208320 1115.8
1208330 1115.8
1208340 1114.8
1208350 1114.0
1208360 1114.0
1208370 1111.4
1208380 1109.2
1208390 1109.2
1208400 1107.1
1208410 1107.3
1208420 1107.3
1208430 1107.1
1208440 1106.9
1208450 1111.2
1208460 1112.7
1208470 1112.8
1208480 1112.8
1208490 1113.0
1208500 1113.2
1208510 1113.2
1208520 1114.0
1208530 1114.9
1208540 1114.9
1208550 1115.8
1208560 1117.7
1208570 1117.7
1208580 1118.7
1208590 1118.7
1208600 1120.0
1208610 1120.0
1208620 1122.2
1208630 1123.3
1208640 1123.3
1208650 1125.0
1208660 1128.0
1208670 1128.0
1208680 1130.9
1208690 1133.7
1208700 1133.7
1208710 1136.0
1208720 1138.0
1208730 1138.0
1208740 1139.4
1208750 1141.1
1208760 1141.1
1208770 1142.9
1208780 1143.8
1208790 1143.8
1208800 1144.8
1208810 1146.3
1208820 1146.3
1208830 1148.9
1208840 1151.4
1208850 1151.4
1208860 1154.4
1208870 1158.3
1208880 1158.3
1208890 1161.8
1208900 1165.3
1208910 1167.1
1208920 1170.7
1208930 1174.8
1208940 1174.8
1208950 1178.5
1208960 1182.5
1208970 1186.5
1208980 1186.5
1208990 1189.5
1209000 1192.6
1209010 1192.6
1209020 1196.5
1209030 1200.3
1209040 1200.3
1209050 1203.3
1209060 1206.4
1209070 1206.4
1209080 1209.4
1209090 1212.1
1209100 1212.1
1209110 1213.9
1209120 1216.2
1209130 1216.2
1209140 1219.1
1209150 1220.9
1209160 1220.9
1209170 1222.1
1209180 1224.6
1209190 1224.6
1209200 1224.9
1209210 1225.5
1209220 1225.5
1209230 1226.4
1209240 1228.1
1209250 1228.1
1209260 1229.6
1209270 1230.5
1209280 1230.5
1209290 1230.8
1209300 1230.8
1209310 1229.1
1209320 1229.1
1209330 1227.9
1209340 1227.5
1209350 1227.5
1209360 1227.9
1209370 1232.3
1209380 1232.3
1209390 1232.3
1209400 1232.4
1209410 1232.4
1209420 1233.4
1209430 1234.6
1209440 1234.6
1209450 1235.1
1209460 1233.8
1209470 1233.8
1209480 1232.6
1209490 1232.7
1209500 1232.7
1209510 1230.8
1209520 1229.3
1209530 1229.3
1209540 1226.7
1209550 1224.8
1209560 1224.8
1209570 1222.4
1209580 1220.9
1209590 1220.9
1209600 1220.1
1209610 1219.5
1209620 1219.5
1209630 1218.5
1209640 1216.7
1209650 1216.7
1209660 1213.8
1209670 1213.2
1209680 1214.8
1209690 1214.8
1209700 1216.4
1209710 1218.4
1209720 1218.4
1209730 1221.3
1209740 1227.4
1209750 1227.4
1209760 1229.8
1209770 1231.5
1209780 1231.5
1209790 1233.5
1209800 1232.2
1209810 1232.2
1209820 1235.0
1209830 1236.9
1209840 1243.3
1209850 1243.7
1209860 1247.3
1209870 1247.3
1209880 1250.5
1209890 1252.0
1209900 1252.0
1209910 1252.9
1209920 1252.9
1209930 1252.9
1209940 1253.5
1209950 1254.6
1209960 1254.6
1209970 1255.3
1209980 1256.2
1209990 1256.2
1210000 1255.6
1210010 1254.6
1210020 1254.6
1210030 1253.3
1210040 1251.5
1210050 1251.8
1210060 1251.8
1210070 1250.0
1210080 1250.0
1210090 1250.0
1210100 1250.2
1210110 1249.0
1210120 1249.0
1210130 1247.1
1210140 1245.5
1210150 1245.5
1210160 1244.9
1210170 1245.8
1210180 1245.8
1210190 1247.0
1210200 1248.4
1210210 1248.4
1210220 1248.3
1210230 1243.4
1210240 1243.4
1210250 1242.9
1210260 1248.1
1210270 1248.1
1210280 1248.7
1210290 1254.7
1210300 1257.3
1210310 1260.6
1210320 1254.1
1210330 1254.1
1210340 1254.5
1210350 1265.6
1210360 1265.6
1210370 1271.7
1210380 1272.1
1210390 1272.1
1210400 1273.1
1210410 1274.0
1210420 1274.2
1210430 1274.2
1210440 1271.1
1210450 1271.0
1210460 1271.0
1210470 1275.0
1210480 1267.4
1210490 1267.4
1210500 1260.8
1210510 1269.5
1210520 1269.5
1210530 1277.7
1210540 1279.9
1210550 1279.9
1210560 1280.5
1210570 1281.6
1210580 1281.6
1210590 1284.3
1210600 1285.9
1210610 1285.9
1210620 1285.8
1210630 1290.2
1210640 1290.2
1210650 1289.5
1210660 1287.7
1210670 1287.7
1210680 1291.4
1210690 1293.8
1210700 1293.8
1210710 1292.4
1210720 1290.7
1210730 1290.7
1210740 1286.8
1210750 1283.6
1210760 1282.6
1210770 1289.5
1210780 1288.2
1210790 1287.3
1210800 1287.3
1210810 1288.3
1210820 1287.3
1210830 1287.3
1210840 1284.3
1210850 1279.2
1210860 1279.2
1210870 1272.1
1210880 1263.9
1210890 1263.9
1210900 1269.2
1210910 1278.0
1210920 1278.0
1210930 1283.7
1210940 1290.2
1210950 1290.2
1210960 1293.7
1210970 1295.5
1210980 1295.5
1210990 1297.0
1211000 1298.3
1211010 1298.3
1211020 1302.1
1211030 1307.7
1211040 1307.7
1211050 1310.7
1211060 1313.1
1211070 1313.1
1211080 1314.3
1211090 1313.3
1211100 1313.3
1211110 1317.2
1211120 1316.2
1211130 1315.9
1211140 1315.9
1211150 1315.0
1211160 1314.1
1211170 1314.1
1211180 1308.3
1211190 1299.3
1211200 1299.3
1211210 1290.6
1211220 1289.4
1211230 1289.4
1211240 1312.9
1211250 1310.4
1211260 1310.4
1211270 1315.6
1211280 1320.9
1211290 1320.9
1211300 1325.1
1211310 1325.1
1211320 1325.1
1211330 1328.0
1211340 1332.8
1211350 1332.8
1211360 1329.1
1211370 1321.0
1211380 1321.0
1211390 1322.7
1211400 1329.1
1211410 1329.1
1211420 1325.0
1211430 1317.9
1211440 1317.9
1211450 1322.6
1211460 1332.1
1211470 1332.1
1211480 1332.0
1211490 1332.3
1211500 1334.1
1211510 1334.1
1211520 1335.8
1211530 1332.5
1211540 1332.5
1211550 1329.0
1211560 1332.8
1211570 1332.8
1211580 1338.1
1211590 1340.0
1211600 1340.0
1211610 1343.1
1211620 1344.1
1211630 1344.1
1211640 1341.2
1211650 1340.8
1211660 1340.8
1211670 1339.5
1211680 1344.3
1211690 1344.3
1211700 1344.0
1211710 1356.8
1211720 1356.8
1211730 1353.5
1211740 1344.2
1211750 1344.2
1211760 1334.6
1211770 1325.9
1211780 1325.9
1211790 1317.5
1211800 1309.1
1211810 1309.1
1211820 1300.5
1211830 1292.4
1211840 1292.4
1211850 1284.9
1211860 1276.4
1211870 1268.0
1211880 1268.0
1211890 1260.7
1211900 1253.6
1211910 1253.6
1211920 1246.4
1211930 1239.7
1211940 1239.7
1211950 1233.1
1211960 1227.1
1211970 1227.1
1211980 1223.2
1211990 1221.0
1212000 1221.0
1212010 1216.3
1212020 1208.2
1212030 1208.2
1212040 1199.9
1212050 1192.3
1212060 1192.3
1212070 1184.7
1212080 1176.8
1212090 1176.8
1212100 1168.5
1212110 1161.5
1212120 1161.5
1212130 1159.7
1212140 1158.0
1212150 1158.0
1212160 1157.3
1212170 1160.4
1212180 1160.4
1212190 1164.2
1212200 1171.4
1212210 1171.1
1212220 1171.1
1212230 1166.8
1212240 1163.7
1212250 1163.7
1212260 1161.2
1212270 1159.2
1212280 1159.2
1212290 1156.9
1212300 1155.5
1212310 1155.5
1212320 1156.5
1212330 1159.0
1212340 1159.0
1212350 1161.9
1212360 1164.7
1212370 1164.7
1212380 1166.9
1212390 1171.2
1212400 1171.2
1212410 1177.8
1212420 1183.5
1212430 1183.5
1212440 1184.4
1212450 1182.7
1212460 1182.7
1212470 1179.5
1212480 1175.3
1212490 1175.3
1212500 1170.7
1212510 1166.0
1212520 1166.0
1212530 1160.8
1212540 1154.9
1212550 1154.9
1212560 1149.4
1212570 1143.6
1212580 1136.4
1212590 1136.4
1212600 1129.1
1212610 1125.7
1212620 1125.7
1212630 1126.0
1212640 1126.6
1212650 1126.6
1212660 1126.2
1212670 1127.1
1212680 1127.1
1212690 1128.1
1212700 1128.0
1212710 1128.0
1212720 1128.0
1212730 1128.7
1212740 1128.7
1212750 1135.6
1212760 1143.5
1212770 1143.5
1212780 1151.0
1212790 1159.3
1212800 1159.3
1212810 1169.3
1212820 1182.1
1212830 1182.1
1212840 1198.1
1212850 1215.8
1212860 1215.8
1212870 1230.9
1212880 1235.9
1212890 1235.9
1212900 1239.7
1212910 1249.7
1212920 1249.7
1212930 1258.4
1212940 1262.8
1212950 1265.9
1212960 1265.9
1212970 1269.5
1212980 1276.1
1212990 1276.1
1213000 1285.2
1213010 1300.2
1213020 1300.2
1213030 1310.9
1213040 1319.2
1213050 1319.2
1213060 1332.6
1213070 1338.8
1213080 1338.8
1213090 1335.3
1213100 1330.3
1213110 1330.1
1213120 1346.5
1213130 1357.5
1213140 1357.5
1213150 1365.2
1213160 1372.3
1213170 1372.3
1213180 1383.3
1213190 1394.5
1213200 1394.5
1213210 1403.3
1213220 1411.1
1213230 1411.1
1213240 1418.2
1213250 1425.0
1213260 1425.0
1213270 1431.8
1213280 1439.2
1213290 1439.2
1213300 1446.8
1213310 1453.0
1213320 1458.4
1213330 1458.4
1213340 1463.8
1213350 1469.1
1213360 1469.1
1213370 1475.1
1213380 1481.4
1213390 1481.4
1213400 1487.3
1213410 1492.8
1213420 1492.8
1213430 1498.7
1213440 1505.0
1213450 1505.0
1213460 1512.0
1213470 1519.8
1213480 1519.8
1213490 1526.0
1213500 1532.4
1213510 1532.4
1213520 1539.0
1213530 1545.6
1213540 1545.6
1213550 1552.4
1213560 1559.3
1213570 1559.3
1213580 1565.9
1213590 1571.4
1213600 1571.4
1213610 1578.5
1213620 1586.7
1213630 1586.7
1213640 1594.4
1213650 1599.6
1213660 1604.7
1213670 1604.7
1213680 1608.8
1213690 1612.6
1213700 1612.6
