1200000 1354.4
1200010 1354.4
1200020 1356.8
1200030 1359.5
1200040 1359.5
1200050 1362.1
1200060 1364.7
1200070 1364.7
1200080 1367.7
1200090 1370.4
1200100 1370.4
1200110 1371.8
1200120 1370.9
1200130 1370.9
1200140 1369.8
1200150 1367.1
1200160 1367.1
1200170 1364.2
1200180 1363.1
1200190 1363.1
1200200 1365.1
1200210 1368.6
1200220 1368.6
1200230 1366.6
1200240 1365.2
1200250 1365.2
1200260 1365.6
1200270 1366.2
1200280 1366.2
1200290 1367.3
1200300 1369.1
1200310 1370.7
1200320 1370.7
1200330 1370.6
1200340 1372.1
1200350 1372.1
1200360 1376.3
1200370 1383.3
1200380 1383.3
1200390 1388.1
1200400 1390.6
1200410 1390.6
1200420 1392.4
1200430 1385.1
1200440 1385.1
1200450 1385.9
1200460 1386.3
1200470 1386.3
1200480 1388.0
1200490 1388.8
1200500 1388.8
1200510 1388.9
1200520 1389.8
1200530 1389.8
1200540 1391.8
1200550 1394.1
1200560 1394.1
1200570 1396.9
1200580 1398.5
1200590 1398.5
1200600 1398.9
1200610 1406.2
1200620 1406.2
1200630 1414.7
1200640 1419.4
1200650 1419.4
1200660 1423.5
1200670 1427.6
1200680 1431.7
1200690 1431.7
1200700 1433.6
1200710 1437.2
1200720 1437.2
1200730 1441.6
1200740 1444.9
1200750 1444.9
1200760 1448.5
1200770 1453.0
1200780 1453.0
1200790 1458.0
1200800 1462.4
1200810 1462.4
1200820 1465.9
1200830 1469.6
1200840 1469.6
1200850 1475.2
1200860 1478.1
1200870 1478.1
1200880 1474.0
1200890 1481.5
1200900 1481.5
1200910 1489.2
1200920 1493.9
1200930 1493.9
1200940 1498.0
1200950 1503.0
1200960 1503.0
1200970 1511.1
1200980 1516.6
1200990 1516.6
1201000 1520.9
1201010 1528.0
1201020 1528.0
1201030 1536.1
1201040 1546.0
1201050 1555.5
1201060 1555.5
1201070 1562.7
1201080 1569.1
1201090 1569.1
1201100 1576.2
1201110 1583.5
1201120 1583.5
1201130 1590.4
1201140 1596.5
1201150 1596.5
1201160 1602.8
1201170 1609.1
1201180 1609.1
1201190 1617.0
1201200 1623.7
1201210 1623.7
1201220 1631.6
1201850 1559.2
1201860 1559.2
1201870 1555.4
1201880 1551.5
1201890 1551.5
1201900 1546.1
1201910 1540.6
1201920 1540.6
1201930 1534.1
1201940 1527.6
1201950 1527.6
1201960 1523.7
1201970 1519.0
1201980 1519.0
1201990 1514.4
1202000 1510.4
1202010 1510.4
1202020 1506.3
1202030 1502.2
1202040 1502.2
1202050 1497.4
1202060 1489.7
1202070 1489.7
1202080 1487.8
1202090 1485.0
1202100 1485.0
1202110 1482.2
1202120 1479.2
1202130 1474.0
1202140 1474.0
1202150 1470.5
1202160 1473.3
1202170 1473.3
1202180 1473.8
1202190 1472.8
1202200 1472.8
1202210 1471.9
1202220 1472.3
1202230 1472.3
1202240 1478.7
1202250 1479.9
1202260 1479.9
1202270 1481.8
1202280 1481.9
1202290 1481.9
1202300 1484.6
1202310 1487.8
1202320 1487.8
1202330 1490.5
1202340 1492.6
1202350 1492.6
1202360 1495.1
1202370 1497.4
1202380 1497.4
1202390 1498.3
1202400 1500.2
1202410 1500.2
1202420 1503.0
1202430 1504.6
1202440 1504.6
1202450 1505.3
1202460 1507.6
1202470 1508.9
1202480 1508.9
1202490 1511.4
1202500 1513.0
1202510 1513.0
1202520 1514.7
1202530 1515.3
1202540 1515.3
1202550 1515.9
1202560 1518.5
1202570 1518.5
1202580 1518.8
1202590 1516.3
1202600 1516.3
1202610 1519.8
1202620 1522.0
1202630 1522.0
1202640 1523.5
1202650 1524.6
1202660 1524.6
1202670 1524.9
1202680 1524.0
1202690 1529.7
1202700 1530.2
1202710 1530.1
1202720 1530.1
1202730 1529.1
1202740 1528.6
1202750 1528.6
1202760 1531.8
1202770 1531.9
1202780 1531.9
1202790 1533.5
1202800 1536.6
1202810 1536.6
1202820 1540.9
1202830 1544.6
1202840 1548.8
1202850 1548.8
1202860 1554.4
1202870 1559.4
1202880 1559.4
1202890 1563.9
1202900 1568.5
1202910 1568.5
1202920 1573.2
1202930 1578.1
1202940 1578.1
1202950 1583.2
1202960 1588.5
1202970 1588.5
1202980 1594.5
1202990 1600.8
1203000 1600.8
1203010 1606.7
1203020 1612.3
1203030 1612.3
1203040 1617.6
1203050 1623.3
1203060 1623.3
1203070 1629.6
1203080 1636.2
1203090 1636.2
1203100 1642.2
1203110 1648.3
1203120 1648.3
1203130 1654.5
1203140 1660.5
1203150 1660.5
1203160 1667.7
1203170 1675.2
1203180 1675.2
1203190 1682.5
1203200 1690.1
1203210 1697.3
1203220 1697.3
1203230 1705.8
1203240 1715.4
1203250 1715.4
1203260 1722.4
1203270 1729.5
1203280 1729.5
1203290 1737.4
1203300 1746.0
1203310 1746.0
1203320 1754.8
1203330 1764.0
1203340 1764.0
1203350 1772.1
1203360 1780.2
1203370 1780.2
1203380 1787.4
1203390 1795.9
1203400 1795.9
1203410 1803.2
1203420 1810.0
1203430 1810.0
1203440 1817.3
1203450 1824.3
1203460 1824.3
1203470 1831.7
1203480 1837.4
1203490 1837.4
1203500 1836.7
1203510 1829.8
1203520 1829.8
1203530 1823.9
1203540 1815.8
1203550 1807.5
1203560 1807.5
1203570 1799.3
1203580 1792.5
1203590 1792.5
1203600 1781.7
1203610 1777.7
1203620 1777.7
1203630 1773.1
1203640 1768.8
1203650 1768.8
1203660 1764.1
1203670 1759.2
1203680 1759.2
1203690 1756.8
1203700 1753.2
1203710 1753.2
1203720 1749.7
1203730 1747.2
1203740 1747.2
1203750 1744.4
1203760 1741.8
1203770 1741.8
1203780 1738.2
1203790 1736.2
1203800 1736.2
1203810 1734.6
1203820 1732.6
1203830 1732.6
1203840 1730.2
1203850 1727.8
1203860 1727.8
1203870 1724.4
1203880 1721.2
1203890 1721.2
1203900 1717.9
1203910 1713.2
1203920 1708.5
1203930 1708.5
1203940 1705.0
1203950 1701.2
1203960 1701.2
1203970 1698.8
1203980 1696.7
1203990 1696.7
1204000 1693.8
1204010 1689.8
1204020 1689.8
1204030 1686.4
1204040 1683.2
1204050 1679.0
1204060 1675.1
1204070 1671.2
1204080 1671.2
1204090 1666.6
1204100 1661.4
1204110 1661.4
1204120 1656.6
1204130 1652.4
1204140 1652.4
1204150 1647.5
1204160 1642.4
1204170 1642.4
1204180 1636.9
1204190 1631.5
1204200 1631.5
1204210 1626.8
1204220 1622.2
1204230 1622.2
1204240 1618.1
1204250 1615.4
1204260 1615.4
1204270 1612.3
1204280 1609.2
1204290 1606.8
1204300 1606.8
1204310 1603.1
1204320 1598.7
1204330 1598.7
1204340 1594.1
1204350 1589.3
1204360 1589.3
1204370 1584.8
1204380 1580.4
1204390 1580.4
1204400 1575.5
1204410 1570.8
1204420 1570.8
1204430 1566.1
1204440 1560.9
1204450 1560.9
1204460 1555.5
1204470 1550.1
1204480 1550.1
1204490 1544.9
1204500 1539.6
1204510 1538.1
1204520 1532.8
1204530 1527.6
1204540 1527.6
1204550 1522.6
1204560 1517.7
1204570 1517.7
1204580 1513.0
1204590 1508.4
1204600 1508.4
1204610 1504.0
1204620 1499.6
1204630 1495.2
1204640 1495.2
1204650 1491.1
1204660 1487.2
1204670 1487.2
1204680 1483.6
1204690 1478.0
1204700 1478.0
1204710 1473.0
1204720 1467.6
1204730 1467.6
1204740 1463.7
1204750 1462.2
1204760 1462.2
1204770 1460.8
1204780 1456.6
1204790 1456.6
1204800 1451.7
1204810 1447.4
1204820 1447.4
1204830 1442.9
1204840 1438.7
1204850 1438.7
1204860 1434.7
1204870 1431.0
1204880 1431.0
1204890 1426.3
1204900 1421.0
1204910 1421.0
1204920 1414.4
1204930 1410.3
1204940 1410.3
1204950 1406.3
1204960 1400.4
1204970 1391.7
1204980 1386.1
1204990 1380.1
1205000 1375.8
1205010 1375.8
1205020 1374.0
1205030 1371.4
1205040 1371.4
1205050 1369.5
1205060 1367.0
1205070 1367.0
1205080 1363.1
1205090 1360.1
1205100 1360.1
1205110 1357.4
1205120 1354.3
1205130 1354.3
1205140 1352.3
1205150 1352.1
1205160 1352.1
1205170 1352.6
1205180 1353.3
1205190 1353.3
1205200 1351.4
1205210 1348.5
1205220 1348.5
1205230 1348.2
1205240 1347.6
1205250 1347.6
1205260 1344.4
1205270 1340.4
1205280 1340.4
1205290 1337.1
1205300 1336.7
1205310 1336.7
1205320 1336.2
1205330 1335.3
1205340 1335.3
1205350 1331.1
1205360 1329.2
1205370 1328.5
1205380 1328.5
1205390 1327.2
1205400 1326.2
1205410 1326.2
1205420 1328.8
1205430 1324.7
1205440 1324.7
1205450 1320.6
1205460 1317.8
1205470 1317.8
1205480 1315.6
1205490 1312.8
1205500 1312.8
1205510 1310.8
1205520 1310.9
1205530 1310.9
1205540 1309.9
1205550 1306.0
1205560 1306.0
1205570 1302.8
1205580 1302.5
1205590 1302.5
1205600 1300.8
1205610 1298.6
1205620 1298.6
1205630 1297.3
1205640 1294.8
1205650 1294.8
1205660 1289.4
1205670 1287.7
1205680 1287.7
1205690 1287.3
1205700 1283.7
1205710 1283.7
1205720 1281.1
1205730 1279.5
1205740 1277.9
1205750 1277.9
1205760 1275.7
1205770 1274.4
1205780 1274.4
1205790 1272.5
1205800 1271.0
1205810 1271.0
1205820 1270.3
1205830 1269.4
1205840 1269.4
1205850 1265.2
1205860 1260.4
1205870 1260.4
1205880 1266.4
1205890 1265.1
1205900 1265.1
1205910 1263.3
1205920 1262.0
1205930 1262.0
1205940 1261.4
1205950 1260.1
1205960 1260.1
1205970 1259.4
1205980 1259.9
1205990 1259.9
1206000 1259.9
1206010 1257.4
1206020 1257.4
1206030 1254.0
1206040 1249.5
1206050 1249.5
1206060 1246.4
1206070 1243.2
1206080 1241.1
1206090 1241.1
1206100 1239.8
1206110 1238.8
1206120 1238.8
1206130 1237.7
1206140 1235.3
1206150 1235.3
1206160 1231.7
1206170 1228.0
1206180 1228.0
1206190 1223.9
1206200 1220.9
1206210 1220.9
1206220 1218.5
1206230 1216.3
1206240 1216.3
1206250 1214.8
1206260 1212.9
1206270 1212.9
1206280 1210.0
1206290 1206.3
1206300 1206.3
1206310 1202.0
1206320 1196.9
1206330 1196.9
1206340 1194.3
1206350 1186.3
1206360 1186.3
1206370 1178.1
1206380 1169.9
1206390 1169.9
1206400 1162.0
1206410 1154.5
1206420 1154.5
1206430 1147.3
1206440 1140.7
1206450 1134.3
1206460 1134.3
1206470 1127.9
1206480 1120.5
1206490 1120.5
1206500 1113.7
1206510 1110.4
1206520 1110.4
1206530 1109.1
1206540 1108.0
1206550 1108.0
1206560 1107.1
1206570 1105.8
1206580 1105.8
1206590 1103.8
1206600 1102.3
1206610 1102.3
1206620 1102.2
1206630 1102.4
1206640 1102.4
1206650 1102.9
1206660 1102.3
1206670 1102.3
1206680 1101.1
1206690 1099.8
1206700 1099.8
1206710 1098.9
1206720 1098.1
1206730 1098.1
1206740 1097.4
1206750 1096.5
1206760 1096.5
1206770 1095.6
1206780 1095.1
1206790 1095.1
1206800 1093.7
1206810 1092.7
1206820 1091.7
1206830 1091.7
1206840 1091.1
1206850 1090.8
1206860 1090.8
1206870 1090.2
1206880 1089.5
1206890 1089.5
1206900 1088.9
1206910 1088.2
1206920 1088.2
1206930 1087.4
1206940 1086.3
1206950 1086.3
1206960 1085.3
1206970 1084.9
1206980 1084.9
1206990 1084.5
1207000 1083.6
1207010 1083.6
1207020 1082.6
1207030 1081.8
1207040 1081.8
1207050 1081.0
1207060 1080.4
1207070 1080.4
1207080 1079.9
1207090 1079.3
1207100 1079.3
1207110 1078.8
1207120 1078.5
1207130 1078.5
1207140 1077.9
1207150 1077.6
1207160 1076.8
1207170 1076.8
1207180 1076.2
1207190 1076.4
1207200 1076.4
1207210 1076.5
1207220 1076.3
1207230 1076.3
1207240 1076.5
1207250 1079.5
1207260 1082.8
1207270 1089.4
1207280 1094.0
1207290 1094.0
1207300 1098.6
1207310 1103.9
1207320 1103.9
1207330 1109.7
1207340 1114.9
1207350 1114.9
1207360 1119.7
1207370 1124.6
1207380 1124.6
1207390 1130.0
1207400 1135.5
1207410 1135.5
1207420 1141.3
1207430 1147.1
1207440 1147.1
1207450 1152.6
1207460 1158.0
1207470 1158.0
1207480 1163.5
1207490 1169.4
1207500 1169.4
1207510 1176.1
1207520 1182.3
1207530 1187.5
1207540 1187.5
1207550 1190.9
1207560 1195.8
1207570 1195.8
1207580 1201.8
1207590 1205.5
1207600 1205.5
1207610 1209.7
1207620 1213.9
1207630 1213.9
1207640 1217.0
1207650 1221.0
1207660 1221.0
1207670 1229.5
1207680 1239.0
1207690 1239.0
1207700 1249.9
1207710 1261.3
1207720 1266.0
1207730 1272.7
1207740 1277.0
1207750 1277.0
1207760 1281.1
1207770 1285.2
1207780 1285.2
1207790 1289.4
1207800 1295.2
1207810 1295.2
1207820 1299.5
1207830 1302.2
1207840 1302.2
1207850 1306.2
1207860 1308.4
1207870 1308.4
1207880 1308.0
1207890 1303.6
1207900 1297.6
1207910 1297.6
1207920 1294.0
1207930 1290.3
1207940 1290.3
1207950 1290.2
1207960 1303.6
1207970 1303.6
1207980 1317.5
1207990 1330.1
1208000 1330.1
1208010 1338.9
1208020 1346.8
1208030 1346.8
1208040 1353.6
1208050 1360.4
1208060 1360.4
1208070 1368.6
1208080 1376.7
1208090 1376.7
1208100 1382.0
1208110 1387.9
1208120 1387.9
1208130 1392.5
1208140 1397.2
1208150 1397.2
1208160 1401.1
1208170 1406.2
1208180 1406.2
1208190 1418.5
1208200 1421.8
1208210 1421.8
1208220 1426.9
1208230 1432.3
1208240 1435.9
1208250 1435.9
1208260 1436.7
1208270 1435.1
1208280 1435.1
1208290 1431.4
1208300 1420.8
1208310 1420.8
1208320 1405.6
1208330 1399.1
1208340 1399.1
1208350 1385.1
1208360 1382.5
1208370 1382.5
1208380 1394.1
1208390 1407.9
1208400 1407.9
1208410 1423.2
1208420 1436.8
1208430 1436.8
1208440 1448.7
1208450 1457.6
1208460 1457.6
1208470 1463.0
1208480 1469.1
1208490 1469.1
1208500 1472.7
1208510 1476.1
1208520 1476.1
1208530 1478.7
1208540 1479.8
1208550 1479.8
1208560 1484.2
1208570 1492.7
1208580 1492.7
1208590 1499.8
1208600 1507.9
1208610 1514.2
1208620 1514.2
1208630 1520.2
1208640 1523.4
1208650 1529.2
1208660 1533.4
1208670 1535.9
1208680 1535.9
1208690 1539.3
1208700 1542.1
1208710 1542.1
1208720 1543.8
1208730 1545.5
1208740 1545.5
1208750 1546.5
1208760 1549.8
1208770 1549.8
1208780 1552.6
1208790 1551.6
1208800 1551.6
1208810 1553.6
1208820 1561.5
1208830 1561.5
1208840 1569.7
1208850 1576.4
1208860 1576.4
1208870 1581.1
1208880 1582.3
1208890 1582.3
1208900 1583.8
1208910 1585.6
1208920 1585.6
1208930 1588.1
1208940 1590.1
1208950 1590.1
1208960 1590.9
1208970 1589.2
1208980 1585.9
1208990 1585.9
1209000 1579.7
1209010 1573.1
1209020 1573.1
1209030 1566.8
1209040 1560.5
1209050 1560.5
1209060 1553.0
1209070 1544.9
1209080 1544.9
1209090 1535.5
1209100 1524.8
1209110 1525.1
1209120 1516.0
1209130 1501.9
1209140 1501.9
1209150 1487.9
1209160 1477.0
1209170 1477.0
1209180 1464.1
1209190 1452.7
1209200 1452.7
1209210 1442.9
1209220 1436.4
1209230 1436.4
1209240 1429.6
1209250 1422.1
1209260 1422.1
1209270 1414.8
1209280 1408.2
1209290 1408.2
1209300 1404.7
1209310 1404.5
1209320 1404.9
1209330 1404.9
1209340 1409.4
1209350 1415.1
1209360 1415.1
1209370 1417.9
1209380 1419.6
1209390 1419.6
1209400 1420.5
1209410 1421.0
1209420 1421.0
1209430 1420.9
1209440 1421.5
1209450 1421.5
1209460 1423.2
1209470 1428.7
1209480 1428.7
1209490 1433.2
1209500 1433.2
1209510 1433.2
1209520 1433.5
1209530 1434.6
1209540 1434.6
1209550 1435.2
1209560 1435.2
1209570 1435.2
1209580 1439.6
1209590 1440.0
1209600 1440.0
1209610 1436.5
1209620 1431.5
1209630 1431.5
1209640 1430.4
1209650 1432.6
1209660 1432.6
1209670 1437.7
1209680 1441.6
1209690 1446.4
1209700 1446.4
1209710 1450.8
1209720 1455.2
1209730 1455.2
1209740 1464.0
1209750 1472.6
1209760 1472.6
1209770 1479.5
1209780 1485.0
1209790 1485.0
1209800 1488.3
1209810 1494.4
1209820 1494.4
1209830 1501.0
1209840 1508.4
1209850 1508.4
1209860 1516.8
1209870 1524.6
1209880 1524.6
1209890 1532.8
1209900 1538.9
1209910 1538.9
1209920 1557.1
1209930 1566.7
1209940 1566.7
1209950 1567.5
1209960 1573.7
1209970 1573.7
1209980 1582.2
1209990 1594.4
1210000 1594.4
1210010 1606.6
1210020 1616.2
1210030 1616.2
1210040 1632.8
1210050 1645.1
1210060 1670.8
1210070 1670.8
1210080 1676.9
1210090 1674.8
1210100 1674.8
1210110 1685.9
1210120 1695.0
1210130 1695.0
1210140 1702.9
1210150 1710.6
1210160 1710.6
1210170 1719.3
1210180 1724.1
1210190 1724.1
1210200 1728.7
1210210 1735.6
1210220 1735.6
1210230 1734.1
1210240 1724.9
1210250 1724.9
1210260 1715.3
1210270 1705.8
1210280 1705.8
1210290 1694.6
1210300 1684.7
1210310 1684.7
1210320 1679.9
1210330 1688.4
1210340 1688.4
1210350 1675.8
1210360 1674.8
1210370 1674.8
1210380 1672.9
1210390 1675.3
1210400 1677.2
1210410 1677.2
1210420 1677.9
1210430 1677.5
1210440 1677.5
1210450 1684.2
1210460 1691.7
1210470 1691.7
1210480 1690.6
1210490 1686.7
1210500 1686.7
1210510 1684.8
1210520 1677.8
1210530 1677.8
1210540 1667.8
1210550 1660.3
1210560 1660.3
1210570 1653.4
1210580 1646.2
1210590 1646.2
1210600 1639.2
1210610 1633.5
1210620 1633.5
1210630 1629.5
1210640 1625.9
1210650 1625.9
1210660 1623.5
1210670 1621.3
1210680 1621.3
1210690 1617.7
1210700 1609.6
1210710 1609.6
1210720 1601.0
1210730 1593.4
1210740 1593.4
1210750 1587.9
1210760 1583.7
1210770 1582.8
1210780 1582.8
1210790 1585.3
1210800 1589.1
1210810 1589.1
1210820 1594.0
1210830 1599.1
1210840 1599.1
1210850 1603.2
1210860 1611.8
1210870 1611.8
1210880 1627.3
1210890 1669.3
1210900 1669.3
1210910 1684.6
1210920 1697.2
1210930 1697.2
1210940 1708.1
1210950 1717.5
1210960 1717.5
1210970 1722.0
1210980 1721.3
1210990 1721.3
1211000 1714.5
1211010 1711.8
1211020 1711.8
1211030 1714.5
1211040 1718.5
1211050 1718.5
1211060 1712.6
1211070 1711.3
1211080 1711.3
1211090 1710.5
1211100 1723.7
1211110 1723.7
1211120 1731.7
1211130 1733.6
1211140 1727.9
1211150 1727.9
1211160 1710.1
1211170 1700.9
1211180 1700.9
1211190 1686.4
1211200 1671.3
1211210 1671.3
1211220 1668.6
1211230 1661.9
1211240 1661.9
1211250 1651.7
1211260 1649.8
1211270 1649.8
1211280 1651.3
1211290 1632.7
1211300 1632.7
1211310 1608.8
1211320 1598.1
1211330 1598.1
1211340 1585.5
1211350 1561.3
1211360 1561.3
1211370 1543.9
1211380 1532.2
1211390 1532.2
1211400 1520.4
1211410 1501.2
1211420 1501.2
1211430 1491.3
1211440 1483.9
1211450 1483.9
1211460 1472.3
1211470 1464.5
1211480 1457.0
1211490 1457.0
1211500 1449.5
1211510 1442.4
1211520 1442.4
1211530 1436.3
1211540 1431.4
1211550 1431.4
1211560 1426.1
1211570 1422.3
1211580 1422.3
1211590 1406.9
1211600 1387.0
1211610 1387.0
1211620 1376.4
1211630 1369.5
1211640 1369.5
1211650 1366.6
1211660 1367.0
1211670 1367.0
1211680 1358.3
1211690 1355.4
1211700 1355.4
1211710 1353.6
1211720 1351.3
1211730 1351.3
1211740 1351.5
1211750 1350.2
1211760 1350.2
1211770 1348.2
1211780 1346.4
1211790 1346.4
1211800 1340.8
1211810 1334.0
1211820 1334.0
1211830 1335.4
1211840 1338.7
1211850 1342.2
1211860 1342.2
1211870 1347.1
1211880 1350.4
1211890 1350.4
1211900 1351.6
1211910 1372.3
1211920 1372.3
1211930 1375.9
1211940 1377.4
1211950 1377.4
1211960 1384.8
1211970 1383.3
1211980 1383.3
1211990 1371.9
1212000 1369.7
1212010 1369.7
1212020 1378.4
1212030 1403.0
1212040 1403.0
1212050 1426.3
1212060 1438.2
1212070 1438.2
1212080 1441.9
1212090 1442.3
1212100 1442.3
1212110 1451.6
1212120 1455.9
1212130 1455.9
1212140 1445.1
1212150 1444.3
1212160 1444.3
1212170 1453.8
1212180 1464.9
1212190 1464.9
1212200 1470.7
1212210 1478.7
1212220 1490.9
1212230 1490.9
1212240 1500.3
1212250 1510.6
1212260 1510.6
1212270 1523.0
1212280 1544.2
1212290 1544.2
1212300 1557.8
1212310 1573.1
1212320 1573.1
1212330 1579.4
1212340 1582.9
1212350 1582.9
1212360 1582.3
1212370 1576.6
1212380 1595.4
1212390 1583.3
1212400 1573.8
1212410 1573.8
1212420 1569.6
1212430 1567.0
1212440 1567.0
1212450 1565.0
1212460 1561.0
1212470 1561.0
1212480 1556.8
1212490 1552.4
1212500 1552.4
1212510 1547.7
1212520 1542.0
1212530 1542.0
1212540 1536.3
1212550 1530.1
1212560 1522.3
1212570 1522.3
1212580 1512.2
1212590 1506.2
1212600 1506.2
1212610 1500.9
1212620 1495.6
1212630 1495.6
1212640 1492.3
1212650 1486.3
1212660 1486.3
1212670 1472.6
1212680 1459.4
1212690 1459.4
1212700 1453.0
1212710 1457.6
1212720 1457.6
1212730 1456.8
1212740 1451.1
1212750 1451.1
1212760 1441.8
1212770 1433.1
1212780 1433.1
1212790 1425.1
1212800 1419.8
1212810 1419.8
1212820 1420.4
1212830 1423.8
1212840 1423.8
1212850 1433.4
1212860 1429.8
1212870 1429.8
1212880 1422.6
1212890 1415.0
1212900 1415.0
1212910 1405.1
1212920 1397.0
1212930 1393.4
1212940 1393.4
1212950 1386.9
1212960 1375.2
1212970 1375.2
1212980 1363.9
1212990 1344.7
1213000 1344.7
1213010 1326.6
1213020 1306.9
1213030 1306.9
1213040 1297.0
1213050 1292.6
1213060 1292.6
1213070 1286.2
1213080 1273.1
1213090 1273.1
1213100 1262.8
1213110 1254.3
1213120 1254.3
1213130 1247.0
1213140 1240.2
1213150 1240.2
1213160 1231.4
1213170 1211.3
1213180 1211.3
1213190 1206.0
1213200 1209.8
1213210 1209.8
1213220 1229.2
1213230 1250.8
1213240 1250.8
1213250 1264.9
1213260 1274.1
1213270 1274.1
1213280 1283.5
1213290 1291.2
1213300 1298.3
1213310 1298.3
1213320 1304.5
1213330 1311.6
1213340 1311.6
1213350 1319.2
1213360 1327.6
1213370 1327.6
1213380 1342.8
1213390 1351.5
1213400 1351.5
1213410 1357.0
1213420 1384.1
1213430 1384.1
1213440 1407.5
1213450 1421.1
1213460 1421.1
1213470 1433.2
1213480 1442.1
1213490 1442.1
1213500 1451.7
1213510 1458.5
1213520 1458.5
1213530 1459.2
1213540 1463.3
1213550 1463.3
1213560 1472.4
1213570 1477.6
1213580 1477.6
1213590 1483.9
1213600 1490.1
1213610 1490.1
1213620 1495.9
1213630 1501.5
1213640 1507.0
1213650 1507.0
1213660 1512.5
1213670 1517.7
1213680 1517.7
1213690 1523.1
1213700 1528.2
1213710 1528.2
1213720 1532.8
1213730 1537.7
1213740 1537.7
1213750 1543.1
1213760 1548.9
1213770 1548.9
1213780 1555.7
1213790 1556.5
1213800 1556.5
1213810 1561.5
1213820 1566.8
1213830 1566.8
1213840 1572.2
1213850 1577.1
1213860 1577.1
1213870 1581.9
1213880 1586.8
1213890 1586.8
1213900 1592.8
1213910 1599.6
1213920 1599.6
1213930 1607.7
1213940 1614.8
1213950 1614.8
1213960 1620.2
1213970 1625.7
1213980 1625.7
1213990 1631.7
1214000 1637.2
1214010 1641.4
1214020 1641.4
1214030 1643.5
1200000 1354.4
1200010 1354.4
1200020 1356.8
1200030 1359.5
1200040 1359.5
1200050 1362.1
1200060 1364.7
1200070 1364.7
1200080 1367.7
1200090 1370.4
1200100 1370.4
1200110 1371.8
1200120 1370.9
1200130 1370.9
1200140 1369.8
1200150 1367.1
1200160 1367.1
1200170 1364.2
1200180 1363.1
1200190 1363.1
1200200 1365.1
1200210 1368.6
1200220 1368.6
1200230 1366.6
1200240 1365.2
1200250 1365.2
1200260 1365.6
1200270 1366.2
1200280 1366.2
1200290 1367.3
1200300 1369.1
1200310 1370.7
1200320 1370.7
1200330 1370.6
1200340 1372.1
1200350 1372.1
1200360 1376.3
1200370 1383.3
1200380 1383.3
1200390 1388.1
1200400 1390.6
1200410 1390.6
1200420 1392.4
1200430 1385.1
1200440 1385.1
1200450 1385.9
1200460 1386.3
1200470 1386.3
1200480 1388.0
1200490 1388.8
1200500 1388.8
1200510 1388.9
1200520 1389.8
1200530 1389.8
1200540 1391.8
1200550 1394.1
1200560 1394.1
1200570 1396.9
1200580 1398.5
1200590 1398.5
1200600 1398.9
1200610 1406.2
1200620 1406.2
1200630 1414.7
1200640 1419.4
1200650 1419.4
1200660 1423.5
1200670 1427.6
1200680 1431.7
1200690 1431.7
1200700 1433.6
1200710 1437.2
1200720 1437.2
1200730 1441.6
1200740 1444.9
1200750 1444.9
1200760 1448.5
1200770 1453.0
1200780 1453.0
1200790 1458.0
1200800 1462.4
1200810 1462.4
1200820 1465.9
1200830 1469.6
1200840 1469.6
1200850 1475.2
1200860 1478.1
1200870 1478.1
1200880 1474.0
1200890 1481.5
1200900 1481.5
1200910 1489.2
1200920 1493.9
1200930 1493.9
1200940 1498.0
1200950 1503.0
1200960 1503.0
1200970 1511.1
1200980 1516.6
1200990 1516.6
1201000 1520.9
1201010 1528.0
1201020 1528.0
1201030 1536.1
1201040 1546.0
1201050 1555.5
1201060 1555.5
1201070 1562.7
1201080 1569.1
1201090 1569.1
1201100 1576.2
1201110 1583.5
1201120 1583.5
1201130 1590.4
1201140 1596.5
1201150 1596.5
1201160 1602.8
1201170 1609.1
1201180 1609.1
1201190 1617.0
1201200 1623.7
1201210 1623.7
1201220 1631.6
1201850 1559.2
1201860 1559.2
1201870 1555.4
1201880 1551.5
1201890 1551.5
1201900 1546.1
1201910 1540.6
1201920 1540.6
1201930 1534.1
1201940 1527.6
1201950 1527.6
1201960 1523.7
1201970 1519.0
1201980 1519.0
1201990 1514.4
1202000 1510.4
1202010 1510.4
1202020 1506.3
1202030 1502.2
1202040 1502.2
1202050 1497.4
1202060 1489.7
1202070 1489.7
1202080 1487.8
1202090 1485.0
1202100 1485.0
1202110 1482.2
1202120 1479.2
1202130 1474.0
1202140 1474.0
1202150 1470.5
1202160 1473.3
1202170 1473.3
1202180 1473.8
1202190 1472.8
1202200 1472.8
1202210 1471.9
1202220 1472.3
1202230 1472.3
1202240 1478.7
1202250 1479.9
1202260 1479.9
1202270 1481.8
1202280 1481.9
1202290 1481.9
1202300 1484.6
1202310 1487.8
1202320 1487.8
1202330 1490.5
1202340 1492.6
1202350 1492.6
1202360 1495.1
1202370 1497.4
1202380 1497.4
1202390 1498.3
1202400 1500.2
1202410 1500.2
1202420 1503.0
1202430 1504.6
1202440 1504.6
1202450 1505.3
1202460 1507.6
1202470 1508.9
1202480 1508.9
1202490 1511.4
1202500 1513.0
1202510 1513.0
1202520 1514.7
1202530 1515.3
1202540 1515.3
1202550 1515.9
1202560 1518.5
1202570 1518.5
1202580 1518.8
1202590 1516.3
1202600 1516.3
1202610 1519.8
1202620 1522.0
1202630 1522.0
1202640 1523.5
1202650 1524.6
1202660 1524.6
1202670 1524.9
1202680 1524.0
1202690 1529.7
1202700 1530.2
1202710 1530.1
1202720 1530.1
1202730 1529.1
1202740 1528.6
1202750 1528.6
1202760 1531.8
1202770 1531.9
1202780 1531.9
1202790 1533.5
1202800 1536.6
1202810 1536.6
1202820 1540.9
1202830 1544.6
1202840 1548.8
1202850 1548.8
1202860 1554.4
1202870 1559.4
1202880 1559.4
1202890 1563.9
1202900 1568.5
1202910 1568.5
1202920 1573.2
1202930 1578.1
1202940 1578.1
1202950 1583.2
1202960 1588.5
1202970 1588.5
1202980 1594.5
1202990 1600.8
1203000 1600.8
1203010 1606.7
1203020 1612.3
1203030 1612.3
1203040 1617.6
1203050 1623.3
1203060 1623.3
1203070 1629.6
1203080 1636.2
1203090 1636.2
1203100 1642.2
1203110 1648.3
1203120 1648.3
1203130 1654.5
1203140 1660.5
1203150 1660.5
1203160 1667.7
1203170 1675.2
1203180 1675.2
1203190 1682.5
1203200 1690.1
1203210 1697.3
1203220 1697.3
1203230 1705.8
1203240 1715.4
1203250 1715.4
1203260 1722.4
1203270 1729.5
1203280 1729.5
1203290 1737.4
1203300 1746.0
1203310 1746.0
1203320 1754.8
1203330 1764.0
1203340 1764.0
1203350 1772.1
1203360 1780.2
1203370 1780.2
1203380 1787.4
1203390 1795.9
1203400 1795.9
1203410 1803.2
1203420 1810.0
1203430 1810.0
1203440 1817.3
1203450 1824.3
1203460 1824.3
1203470 1831.7
1203480 1837.4
1203490 1837.4
1203500 1836.7
1203510 1829.8
1203520 1829.8
1203530 1823.9
1203540 1815.8
1203550 1807.5
1203560 1807.5
1203570 1799.3
1203580 1792.5
1203590 1792.5
1203600 1781.7
1203610 1777.7
1203620 1777.7
1203630 1773.1
1203640 1768.8
1203650 1768.8
1203660 1764.1
1203670 1759.2
1203680 1759.2
1203690 1756.8
1203700 1753.2
1203710 1753.2
1203720 1749.7
1203730 1747.2
1203740 1747.2
1203750 1744.4
1203760 1741.8
1203770 1741.8
1203780 1738.2
1203790 1736.2
1203800 1736.2
1203810 1734.6
1203820 1732.6
1203830 1732.6
1203840 1730.2
1203850 1727.8
1203860 1727.8
1203870 1724.4
1203880 1721.2
1203890 1721.2
1203900 1717.9
1203910 1713.2
1203920 1708.5
1203930 1708.5
1203940 1705.0
1203950 1701.2
1203960 1701.2
1203970 1698.8
1203980 1696.7
1203990 1696.7
1204000 1693.8
1204010 1689.8
1204020 1689.8
1204030 1686.4
1204040 1683.2
1204050 1679.0
1204060 1675.1
1204070 1671.2
1204080 1671.2
1204090 1666.6
1204100 1661.4
1204110 1661.4
1204120 1656.6
1204130 1652.4
1204140 1652.4
1204150 1647.5
1204160 1642.4
1204170 1642.4
1204180 1636.9
1204190 1631.5
1204200 1631.5
1204210 1626.8
1204220 1622.2
1204230 1622.2
1204240 1618.1
1204250 1615.4
1204260 1615.4
1204270 1612.3
1204280 1609.2
1204290 1606.8
1204300 1606.8
1204310 1603.1
1204320 1598.7
1204330 1598.7
1204340 1594.1
1204350 1589.3
1204360 1589.3
1204370 1584.8
1204380 1580.4
1204390 1580.4
1204400 1575.5
1204410 1570.8
1204420 1570.8
1204430 1566.1
1204440 1560.9
1204450 1560.9
1204460 1555.5
1204470 1550.1
1204480 1550.1
1204490 1544.9
1204500 1539.6
1204510 1538.1
1204520 1532.8
1204530 1527.6
1204540 1527.6
1204550 1522.6
1204560 1517.7
1204570 1517.7
1204580 1513.0
1204590 1508.4
1204600 1508.4
1204610 1504.0
1204620 1499.6
1204630 1495.2
1204640 1495.2
1204650 1491.1
1204660 1487.2
1204670 1487.2
1204680 1483.6
1204690 1478.0
1204700 1478.0
1204710 1473.0
1204720 1467.6
1204730 1467.6
1204740 1463.7
1204750 1462.2
1204760 1462.2
1204770 1460.8
1204780 1456.6
1204790 1456.6
1204800 1451.7
1204810 1447.4
1204820 1447.4
1204830 1442.9
1204840 1438.7
1204850 1438.7
1204860 1434.7
1204870 1431.0
1204880 1431.0
1204890 1426.3
1204900 1421.0
1204910 1421.0
1204920 1414.4
1204930 1410.3
1204940 1410.3
1204950 1406.3
1204960 1400.4
1204970 1391.7
1204980 1386.1
1204990 1380.1
1205000 1375.8
1205010 1375.8
1205020 1374.0
1205030 1371.4
1205040 1371.4
1205050 1369.5
1205060 1367.0
1205070 1367.0
1205080 1363.1
1205090 1360.1
1205100 1360.1
1205110 1357.4
1205120 1354.3
1205130 1354.3
1205140 1352.3
1205150 1352.1
1205160 1352.1
1205170 1352.6
1205180 1353.3
1205190 1353.3
1205200 1351.4
1205210 1348.5
1205220 1348.5
1205230 1348.2
1205240 1347.6
1205250 1347.6
1205260 1344.4
1205270 1340.4
1205280 1340.4
1205290 1337.1
1205300 1336.7
1205310 1336.7
1205320 1336.2
1205330 1335.3
1205340 1335.3
1205350 1331.1
1205360 1329.2
1205370 1328.5
1205380 1328.5
1205390 1327.2
1205400 1326.2
1205410 1326.2
1205420 1328.8
1205430 1324.7
1205440 1324.7
1205450 1320.6
1205460 1317.8
1205470 1317.8
1205480 1315.6
1205490 1312.8
1205500 1312.8
1205510 1310.8
1205520 1310.9
1205530 1310.9
1205540 1309.9
1205550 1306.0
1205560 1306.0
1205570 1302.8
1205580 1302.5
1205590 1302.5
1205600 1300.8
1205610 1298.6
1205620 1298.6
1205630 1297.3
1205640 1294.8
1205650 1294.8
1205660 1289.4
1205670 1287.7
1205680 1287.7
1205690 1287.3
1205700 1283.7
1205710 1283.7
1205720 1281.1
1205730 1279.5
1205740 1277.9
1205750 1277.9
1205760 1275.7
1205770 1274.4
1205780 1274.4
1205790 1272.5
1205800 1271.0
1205810 1271.0
1205820 1270.3
1205830 1269.4
1205840 1269.4
1205850 1265.2
1205860 1260.4
1205870 1260.4
1205880 1266.4
1205890 1265.1
1205900 1265.1
1205910 1263.3
1205920 1262.0
1205930 1262.0
1205940 1261.4
1205950 1260.1
1205960 1260.1
1205970 1259.4
1205980 1259.9
1205990 1259.9
1206000 1259.9
1206010 1257.4
1206020 1257.4
1206030 1254.0
1206040 1249.5
1206050 1249.5
1206060 1246.4
1206070 1243.2
1206080 1241.1
1206090 1241.1
1206100 1239.8
1206110 1238.8
1206120 1238.8
1206130 1237.7
1206140 1235.3
1206150 1235.3
1206160 1231.7
1206170 1228.0
1206180 1228.0
1206190 1223.9
1206200 1220.9
1206210 1220.9
1206220 1218.5
1206230 1216.3
1206240 1216.3
1206250 1214.8
1206260 1212.9
1206270 1212.9
1206280 1210.0
1206290 1206.3
1206300 1206.3
1206310 1202.0
1206320 1196.9
1206330 1196.9
1206340 1194.3
1206350 1186.3
1206360 1186.3
1206370 1178.1
1206380 1169.9
1206390 1169.9
1206400 1162.0
1206410 1154.5
1206420 1154.5
1206430 1147.3
1206440 1140.7
1206450 1134.3
1206460 1134.3
1206470 1127.9
1206480 1120.5
1206490 1120.5
1206500 1113.7
1206510 1110.4
1206520 1110.4
1206530 1109.1
1206540 1108.0
1206550 1108.0
1206560 1107.1
1206570 1105.8
1206580 1105.8
1206590 1103.8
1206600 1102.3
1206610 1102.3
1206620 1102.2
1206630 1102.4
1206640 1102.4
1206650 1102.9
1206660 1102.3
1206670 1102.3
1206680 1101.1
1206690 1099.8
1206700 1099.8
1206710 1098.9
1206720 1098.1
1206730 1098.1
1206740 1097.4
1206750 1096.5
1206760 1096.5
1206770 1095.6
1206780 1095.1
1206790 1095.1
1206800 1093.7
1206810 1092.7
1206820 1091.7
1206830 1091.7
1206840 1091.1
1206850 1090.8
1206860 1090.8
1206870 1090.2
1206880 1089.5
1206890 1089.5
1206900 1088.9
1206910 1088.2
1206920 1088.2
1206930 1087.4
1206940 1086.3
1206950 1086.3
1206960 1085.3
1206970 1084.9
1206980 1084.9
1206990 1084.5
1207000 1083.6
1207010 1083.6
1207020 1082.6
1207030 1081.8
1207040 1081.8
1207050 1081.0
1207060 1080.4
1207070 1080.4
1207080 1079.9
1207090 1079.3
1207100 1079.3
1207110 1078.8
1207120 1078.5
1207130 1078.5
1207140 1077.9
1207150 1077.6
1207160 1076.8
1207170 1076.8
1207180 1076.2
1207190 1076.4
1207200 1076.4
1207210 1076.5
1207220 1076.3
1207230 1076.3
1207240 1076.5
1207250 1079.5
1207260 1082.8
1207270 1089.4
1207280 1094.0
1207290 1094.0
1207300 1098.6
1207310 1103.9
1207320 1103.9
1207330 1109.7
1207340 1114.9
1207350 1114.9
1207360 1119.7
1207370 1124.6
1207380 1124.6
1207390 1130.0
1207400 1135.5
1207410 1135.5
1207420 1141.3
1207430 1147.1
1207440 1147.1
1207450 1152.6
1207460 1158.0
1207470 1158.0
1207480 1163.5
1207490 1169.4
1207500 1169.4
1207510 1176.1
1207520 1182.3
1207530 1187.5
1207540 1187.5
1207550 1190.9
1207560 1195.8
1207570 1195.8
1207580 1201.8
1207590 1205.5
1207600 1205.5
1207610 1209.7
1207620 1213.9
1207630 1213.9
1207640 1217.0
1207650 1221.0
1207660 1221.0
1207670 1229.5
1207680 1239.0
1207690 1239.0
1207700 1249.9
1207710 1261.3
1207720 1266.0
1207730 1272.7
1207740 1277.0
1207750 1277.0
1207760 1281.1
1207770 1285.2
1207780 1285.2
1207790 1289.4
1207800 1295.2
1207810 1295.2
1207820 1299.5
1207830 1302.2
1207840 1302.2
1207850 1306.2
1207860 1308.4
1207870 1308.4
1207880 1308.0
1207890 1303.6
1207900 1297.6
1207910 1297.6
1207920 1294.0
1207930 1290.3
1207940 1290.3
1207950 1290.2
1207960 1303.6
1207970 1303.6
1207980 1317.5
1207990 1330.1
1208000 1330.1
1208010 1338.9
1208020 1346.8
1208030 1346.8
1208040 1353.6
1208050 1360.4
1208060 1360.4
1208070 1368.6
1208080 1376.7
1208090 1376.7
1208100 1382.0
1208110 1387.9
1208120 1387.9
1208130 1392.5
1208140 1397.2
1208150 1397.2
1208160 1401.1
1208170 1406.2
1208180 1406.2
1208190 1418.5
1208200 1421.8
1208210 1421.8
1208220 1426.9
1208230 1432.3
1208240 1435.9
1208250 1435.9
1208260 1436.7
1208270 1435.1
1208280 1435.1
1208290 1431.4
1208300 1420.8
1208310 1420.8
1208320 1405.6
1208330 1399.1
1208340 1399.1
1208350 1385.1
1208360 1382.5
1208370 1382.5
1208380 1394.1
1208390 1407.9
1208400 1407.9
1208410 1423.2
1208420 1436.8
1208430 1436.8
1208440 1448.7
1208450 1457.6
1208460 1457.6
1208470 1463.0
1208480 1469.1
1208490 1469.1
1208500 1472.7
1208510 1476.1
1208520 1476.1
1208530 1478.7
1208540 1479.8
1208550 1479.8
1208560 1484.2
1208570 1492.7
1208580 1492.7
1208590 1499.8
1208600 1507.9
1208610 1514.2
1208620 1514.2
1208630 1520.2
1208640 1523.4
1208650 1529.2
1208660 1533.4
1208670 1535.9
1208680 1535.9
1208690 1539.3
1208700 1542.1
1208710 1542.1
1208720 1543.8
1208730 1545.5
1208740 1545.5
1208750 1546.5
1208760 1549.8
1208770 1549.8
1208780 1552.6
1208790 1551.6
1208800 1551.6
1208810 1553.6
1208820 1561.5
1208830 1561.5
1208840 1569.7
1208850 1576.4
1208860 1576.4
1208870 1581.1
1208880 1582.3
1208890 1582.3
1208900 1583.8
1208910 1585.6
1208920 1585.6
1208930 1588.1
1208940 1590.1
1208950 1590.1
1208960 1590.9
1208970 1589.2
1208980 1585.9
1208990 1585.9
1209000 1579.7
1209010 1573.1
1209020 1573.1
1209030 1566.8
1209040 1560.5
1209050 1560.5
1209060 1553.0
1209070 1544.9
1209080 1544.9
1209090 1535.5
1209100 1524.8
1209110 1525.1
1209120 1516.0
1209130 1501.9
1209140 1501.9
1209150 1487.9
1209160 1477.0
1209170 1477.0
1209180 1464.1
1209190 1452.7
1209200 1452.7
1209210 1442.9
1209220 1436.4
1209230 1436.4
1209240 1429.6
1209250 1422.1
1209260 1422.1
1209270 1414.8
1209280 1408.2
1209290 1408.2
1209300 1404.7
1209310 1404.5
1209320 1404.9
1209330 1404.9
1209340 1409.4
1209350 1415.1
1209360 1415.1
1209370 1417.9
1209380 1419.6
1209390 1419.6
1209400 1420.5
1209410 1421.0
1209420 1421.0
1209430 1420.9
1209440 1421.5
1209450 1421.5
1209460 1423.2
1209470 1428.7
1209480 1428.7
1209490 1433.2
1209500 1433.2
1209510 1433.2
1209520 1433.5
1209530 1434.6
1209540 1434.6
1209550 1435.2
1209560 1435.2
1209570 1435.2
1209580 1439.6
1209590 1440.0
1209600 1440.0
1209610 1436.5
1209620 1431.5
1209630 1431.5
1209640 1430.4
1209650 1432.6
1209660 1432.6
1209670 1437.7
1209680 1441.6
1209690 1446.4
1209700 1446.4
1209710 1450.8
1209720 1455.2
1209730 1455.2
1209740 1464.0
1209750 1472.6
1209760 1472.6
1209770 1479.5
1209780 1485.0
1209790 1485.0
1209800 1488.3
1209810 1494.4
1209820 1494.4
1209830 1501.0
1209840 1508.4
1209850 1508.4
1209860 1516.8
1209870 1524.6
1209880 1524.6
1209890 1532.8
1209900 1538.9
1209910 1538.9
1209920 1557.1
1209930 1566.7
1209940 1566.7
1209950 1567.5
1209960 1573.7
1209970 1573.7
1209980 1582.2
1209990 1594.4
1210000 1594.4
1210010 1606.6
1210020 1616.2
1210030 1616.2
1210040 1632.8
1210050 1645.1
1210060 1670.8
1210070 1670.8
1210080 1676.9
1210090 1674.8
1210100 1674.8
1210110 1685.9
1210120 1695.0
1210130 1695.0
1210140 1702.9
1210150 1710.6
1210160 1710.6
1210170 1719.3
1210180 1724.1
1210190 1724.1
1210200 1728.7
1210210 1735.6
1210220 1735.6
1210230 1734.1
1210240 1724.9
1210250 1724.9
1210260 1715.3
1210270 1705.8
1210280 1705.8
1210290 1694.6
1210300 1684.7
1210310 1684.7
1210320 1679.9
1210330 1688.4
1210340 1688.4
1210350 1675.8
1210360 1674.8
1210370 1674.8
1210380 1672.9
1210390 1675.3
1210400 1677.2
1210410 1677.2
1210420 1677.9
1210430 1677.5
1210440 1677.5
1210450 1684.2
1210460 1691.7
1210470 1691.7
1210480 1690.6
1210490 1686.7
1210500 1686.7
1210510 1684.8
1210520 1677.8
1210530 1677.8
1210540 1667.8
1210550 1660.3
1210560 1660.3
1210570 1653.4
1210580 1646.2
1210590 1646.2
1210600 1639.2
1210610 1633.5
1210620 1633.5
1210630 1629.5
1210640 1625.9
1210650 1625.9
1210660 1623.5
1210670 1621.3
1210680 1621.3
1210690 1617.7
1210700 1609.6
1210710 1609.6
1210720 1601.0
1210730 1593.4
1210740 1593.4
1210750 1587.9
1210760 1583.7
1210770 1582.8
1210780 1582.8
1210790 1585.3
1210800 1589.1
1210810 1589.1
1210820 1594.0
1210830 1599.1
1210840 1599.1
1210850 1603.2
1210860 1611.8
1210870 1611.8
1210880 1627.3
1210890 1669.3
1210900 1669.3
1210910 1684.6
1210920 1697.2
1210930 1697.2
1210940 1708.1
1210950 1717.5
1210960 1717.5
1210970 1722.0
1210980 1721.3
1210990 1721.3
1211000 1714.5
1211010 1711.8
1211020 1711.8
1211030 1714.5
1211040 1718.5
1211050 1718.5
1211060 1712.6
1211070 1711.3
1211080 1711.3
1211090 1710.5
1211100 1723.7
1211110 1723.7
1211120 1731.7
1211130 1733.6
1211140 1727.9
1211150 1727.9
1211160 1710.1
1211170 1700.9
1211180 1700.9
1211190 1686.4
1211200 1671.3
1211210 1671.3
1211220 1668.6
1211230 1661.9
1211240 1661.9
1211250 1651.7
1211260 1649.8
1211270 1649.8
1211280 1651.3
1211290 1632.7
1211300 1632.7
1211310 1608.8
1211320 1598.1
1211330 1598.1
1211340 1585.5
1211350 1561.3
1211360 1561.3
1211370 1543.9
1211380 1532.2
1211390 1532.2
1211400 1520.4
1211410 1501.2
1211420 1501.2
1211430 1491.3
1211440 1483.9
1211450 1483.9
1211460 1472.3
1211470 1464.5
1211480 1457.0
1211490 1457.0
1211500 1449.5
1211510 1442.4
1211520 1442.4
1211530 1436.3
1211540 1431.4
1211550 1431.4
1211560 1426.1
1211570 1422.3
1211580 1422.3
1211590 1406.9
1211600 1387.0
1211610 1387.0
1211620 1376.4
1211630 1369.5
1211640 1369.5
1211650 1366.6
1211660 1367.0
1211670 1367.0
1211680 1358.3
1211690 1355.4
1211700 1355.4
1211710 1353.6
1211720 1351.3
1211730 1351.3
1211740 1351.5
1211750 1350.2
1211760 1350.2
1211770 1348.2
1211780 1346.4
1211790 1346.4
1211800 1340.8
1211810 1334.0
1211820 1334.0
1211830 1335.4
1211840 1338.7
1211850 1342.2
1211860 1342.2
1211870 1347.1
1211880 1350.4
1211890 1350.4
1211900 1351.6
1211910 1372.3
1211920 1372.3
1211930 1375.9
1211940 1377.4
1211950 1377.4
1211960 1384.8
1211970 1383.3
1211980 1383.3
1211990 1371.9
1212000 1369.7
1212010 1369.7
1212020 1378.4
1212030 1403.0
1212040 1403.0
1212050 1426.3
1212060 1438.2
1212070 1438.2
1212080 1441.9
1212090 1442.3
1212100 1442.3
1212110 1451.6
1212120 1455.9
1212130 1455.9
1212140 1445.1
1212150 1444.3
1212160 1444.3
1212170 1453.8
1212180 1464.9
1212190 1464.9
1212200 1470.7
1212210 1478.7
1212220 1490.9
1212230 1490.9
1212240 1500.3
1212250 1510.6
1212260 1510.6
1212270 1523.0
1212280 1544.2
1212290 1544.2
1212300 1557.8
1212310 1573.1
1212320 1573.1
1212330 1579.4
1212340 1582.9
1212350 1582.9
1212360 1582.3
1212370 1576.6
1212380 1595.4
1212390 1583.3
1212400 1573.8
1212410 1573.8
1212420 1569.6
1212430 1567.0
1212440 1567.0
1212450 1565.0
1212460 1561.0
1212470 1561.0
1212480 1556.8
1212490 1552.4
1212500 1552.4
1212510 1547.7
1212520 1542.0
1212530 1542.0
1212540 1536.3
1212550 1530.1
1212560 1522.3
1212570 1522.3
1212580 1512.2
1212590 1506.2
1212600 1506.2
1212610 1500.9
1212620 1495.6
1212630 1495.6
1212640 1492.3
1212650 1486.3
1212660 1486.3
1212670 1472.6
1212680 1459.4
1212690 1459.4
1212700 1453.0
1212710 1457.6
1212720 1457.6
1212730 1456.8
1212740 1451.1
1212750 1451.1
1212760 1441.8
1212770 1433.1
1212780 1433.1
1212790 1425.1
1212800 1419.8
1212810 1419.8
1212820 1420.4
1212830 1423.8
1212840 1423.8
1212850 1433.4
1212860 1429.8
1212870 1429.8
1212880 1422.6
1212890 1415.0
1212900 1415.0
1212910 1405.1
1212920 1397.0
1212930 1393.4
1212940 1393.4
1212950 1386.9
1212960 1375.2
1212970 1375.2
1212980 1363.9
1212990 1344.7
1213000 1344.7
1213010 1326.6
1213020 1306.9
1213030 1306.9
1213040 1297.0
1213050 1292.6
1213060 1292.6
1213070 1286.2
1213080 1273.1
1213090 1273.1
1213100 1262.8
1213110 1254.3
1213120 1254.3
1213130 1247.0
1213140 1240.2
1213150 1240.2
1213160 1231.4
1213170 1211.3
1213180 1211.3
1213190 1206.0
1213200 1209.8
1213210 1209.8
1213220 1229.2
1213230 1250.8
1213240 1250.8
1213250 1264.9
1213260 1274.1
1213270 1274.1
1213280 1283.5
1213290 1291.2
1213300 1298.3
1213310 1298.3
1213320 1304.5
1213330 1311.6
1213340 1311.6
1213350 1319.2
1213360 1327.6
1213370 1327.6
1213380 1342.8
1213390 1351.5
1213400 1351.5
1213410 1357.0
1213420 1384.1
1213430 1384.1
1213440 1407.5
1213450 1421.1
1213460 1421.1
1213470 1433.2
1213480 1442.1
1213490 1442.1
1213500 1451.7
1213510 1458.5
1213520 1458.5
1213530 1459.2
1213540 1463.3
1213550 1463.3
1213560 1472.4
1213570 1477.6
1213580 1477.6
1213590 1483.9
1213600 1490.1
1213610 1490.1
1213620 1495.9
1213630 1501.5
1213640 1507.0
1213650 1507.0
1213660 1512.5
1213670 1517.7
1213680 1517.7
1213690 1523.1
1213700 1528.2
1213710 1528.2
1213720 1532.8
1213730 1537.7
1213740 1537.7
1213750 1543.1
1213760 1548.9
1213770 1548.9
1213780 1555.7
1213790 1556.5
1213800 1556.5
1213810 1561.5
1213820 1566.8
1213830 1566.8
1213840 1572.2
1213850 1577.1
1213860 1577.1
1213870 1581.9
1213880 1586.8
1213890 1586.8
1213900 1592.8
1213910 1599.6
1213920 1599.6
1213930 1607.7
1213940 1614.8
1213950 1614.8
1213960 1620.2
1213970 1625.7
1213980 1625.7
1213990 1631.7
1214000 1637.2
1214010 1641.4
1214020 1641.4
1214030 1643.5
1200000 1354.4
1200010 1354.4
1200020 1356.8
1200030 1359.5
1200040 1359.5
1200050 1362.1
1200060 1364.7
1200070 1364.7
1200080 1367.7
1200090 1370.4
1200100 1370.4
1200110 1371.8
1200120 1370.9
1200130 1370.9
1200140 1369.8
1200150 1367.1
1200160 1367.1
1200170 1364.2
1200180 1363.1
1200190 1363.1
1200200 1365.1
1200210 1368.6
1200220 1368.6
1200230 1366.6
1200240 1365.2
1200250 1365.2
1200260 1365.6
1200270 1366.2
1200280 1366.2
1200290 1367.3
1200300 1369.1
1200310 1370.7
1200320 1370.7
1200330 1370.6
1200340 1372.1
1200350 1372.1
1200360 1376.3
1200370 1383.3
1200380 1383.3
1200390 1388.1
1200400 1390.6
1200410 1390.6
1200420 1392.4
1200430 1385.1
1200440 1385.1
1200450 1385.9
1200460 1386.3
1200470 1386.3
1200480 1388.0
1200490 1388.8
1200500 1388.8
1200510 1388.9
1200520 1389.8
1200530 1389.8
1200540 1391.8
1200550 1394.1
1200560 1394.1
1200570 1396.9
1200580 1398.5
1200590 1398.5
1200600 1398.9
1200610 1406.2
1200620 1406.2
1200630 1414.7
1200640 1419.4
1200650 1419.4
1200660 1423.5
1200670 1427.6
1200680 1431.7
1200690 1431.7
1200700 1433.6
1200710 1437.2
1200720 1437.2
1200730 1441.6
1200740 1444.9
1200750 1444.9
1200760 1448.5
1200770 1453.0
1200780 1453.0
1200790 1458.0
1200800 1462.4
1200810 1462.4
1200820 1465.9
1200830 1469.6
1200840 1469.6
1200850 1475.2
1200860 1478.1
1200870 1478.1
1200880 1474.0
1200890 1481.5
1200900 1481.5
1200910 1489.2
1200920 1493.9
1200930 1493.9
1200940 1498.0
1200950 1503.0
1200960 1503.0
1200970 1511.1
1200980 1516.6
1200990 1516.6
1201000 1520.9
1201010 1528.0
1201020 1528.0
1201030 1536.1
1201040 1546.0
1201050 1555.5
1201060 1555.5
1201070 1562.7
1201080 1569.1
1201090 1569.1
1201100 1576.2
1201110 1583.5
1201120 1583.5
1201130 1590.4
1201140 1596.5
1201150 1596.5
1201160 1602.8
1201170 1609.1
1201180 1609.1
1201190 1617.0
1201200 1623.7
1201210 1623.7
1201220 1631.6
1201850 1559.2
1201860 1559.2
1201870 1555.4
1201880 1551.5
1201890 1551.5
1201900 1546.1
1201910 1540.6
1201920 1540.6
1201930 1534.1
1201940 1527.6
1201950 1527.6
1201960 1523.7
1201970 1519.0
1201980 1519.0
1201990 1514.4
1202000 1510.4
1202010 1510.4
1202020 1506.3
1202030 1502.2
1202040 1502.2
1202050 1497.4
1202060 1489.7
1202070 1489.7
1202080 1487.8
1202090 1485.0
1202100 1485.0
1202110 1482.2
1202120 1479.2
1202130 1474.0
1202140 1474.0
1202150 1470.5
1202160 1473.3
1202170 1473.3
1202180 1473.8
1202190 1472.8
1202200 1472.8
1202210 1471.9
1202220 1472.3
1202230 1472.3
1202240 1478.7
1202250 1479.9
1202260 1479.9
1202270 1481.8
1202280 1481.9
1202290 1481.9
1202300 1484.6
1202310 1487.8
1202320 1487.8
1202330 1490.5
1202340 1492.6
1202350 1492.6
1202360 1495.1
1202370 1497.4
1202380 1497.4
1202390 1498.3
1202400 1500.2
1202410 1500.2
1202420 1503.0
1202430 1504.6
1202440 1504.6
1202450 1505.3
1202460 1507.6
1202470 1508.9
1202480 1508.9
1202490 1511.4
1202500 1513.0
1202510 1513.0
1202520 1514.7
1202530 1515.3
1202540 1515.3
1202550 1515.9
1202560 1518.5
1202570 1518.5
1202580 1518.8
1202590 1516.3
1202600 1516.3
1202610 1519.8
1202620 1522.0
1202630 1522.0
1202640 1523.5
1202650 1524.6
1202660 1524.6
1202670 1524.9
1202680 1524.0
1202690 1529.7
1202700 1530.2
1202710 1530.1
1202720 1530.1
1202730 1529.1
1202740 1528.6
1202750 1528.6
1202760 1531.8
1202770 1531.9
1202780 1531.9
1202790 1533.5
1202800 1536.6
1202810 1536.6
1202820 1540.9
1202830 1544.6
1202840 1548.8
1202850 1548.8
1202860 1554.4
1202870 1559.4
1202880 1559.4
1202890 1563.9
1202900 1568.5
1202910 1568.5
1202920 1573.2
1202930 1578.1
1202940 1578.1
1202950 1583.2
1202960 1588.5
1202970 1588.5
1202980 1594.5
1202990 1600.8
1203000 1600.8
1203010 1606.7
1203020 1612.3
1203030 1612.3
1203040 1617.6
1203050 1623.3
1203060 1623.3
1203070 1629.6
1203080 1636.2
1203090 1636.2
1203100 1642.2
1203110 1648.3
1203120 1648.3
1203130 1654.5
1203140 1660.5
1203150 1660.5
1203160 1667.7
1203170 1675.2
1203180 1675.2
1203190 1682.5
1203200 1690.1
1203210 1697.3
1203220 1697.3
1203230 1705.8
1203240 1715.4
1203250 1715.4
1203260 1722.4
1203270 1729.5
1203280 1729.5
1203290 1737.4
1203300 1746.0
1203310 1746.0
1203320 1754.8
1203330 1764.0
1203340 1764.0
1203350 1772.1
1203360 1780.2
1203370 1780.2
1203380 1787.4
1203390 1795.9
1203400 1795.9
1203410 1803.2
1203420 1810.0
1203430 1810.0
1203440 1817.3
1203450 1824.3
1203460 1824.3
1203470 1831.7
1203480 1837.4
1203490 1837.4
1203500 1836.7
1203510 1829.8
1203520 1829.8
1203530 1823.9
1203540 1815.8
1203550 1807.5
1203560 1807.5
1203570 1799.3
1203580 1792.5
1203590 1792.5
1203600 1781.7
1203610 1777.7
1203620 1777.7
1203630 1773.1
1203640 1768.8
1203650 1768.8
1203660 1764.1
1203670 1759.2
1203680 1759.2
1203690 1756.8
1203700 1753.2
1203710 1753.2
1203720 1749.7
1203730 1747.2
1203740 1747.2
1203750 1744.4
1203760 1741.8
1203770 1741.8
1203780 1738.2
1203790 1736.2
1203800 1736.2
1203810 1734.6
1203820 1732.6
1203830 1732.6
1203840 1730.2
1203850 1727.8
1203860 1727.8
1203870 1724.4
1203880 1721.2
1203890 1721.2
1203900 1717.9
1203910 1713.2
1203920 1708.5
1203930 1708.5
1203940 1705.0
1203950 1701.2
1203960 1701.2
1203970 1698.8
1203980 1696.7
1203990 1696.7
1204000 1693.8
1204010 1689.8
1204020 1689.8
1204030 1686.4
1204040 1683.2
1204050 1679.0
1204060 1675.1
1204070 1671.2
1204080 1671.2
1204090 1666.6
1204100 1661.4
1204110 1661.4
1204120 1656.6
1204130 1652.4
1204140 1652.4
1204150 1647.5
1204160 1642.4
1204170 1642.4
1204180 1636.9
1204190 1631.5
1204200 1631.5
1204210 1626.8
1204220 1622.2
1204230 1622.2
1204240 1618.1
1204250 1615.4
1204260 1615.4
1204270 1612.3
1204280 1609.2
1204290 1606.8
1204300 1606.8
1204310 1603.1
1204320 1598.7
1204330 1598.7
1204340 1594.1
1204350 1589.3
1204360 1589.3
1204370 1584.8
1204380 1580.4
1204390 1580.4
1204400 1575.5
1204410 1570.8
1204420 1570.8
1204430 1566.1
1204440 1560.9
1204450 1560.9
1204460 1555.5
1204470 1550.1
1204480 1550.1
1204490 1544.9
1204500 1539.6
1204510 1538.1
1204520 1532.8
1204530 1527.6
1204540 1527.6
1204550 1522.6
1204560 1517.7
1204570 1517.7
1204580 1513.0
1204590 1508.4
1204600 1508.4
1204610 1504.0
1204620 1499.6
1204630 1495.2
1204640 1495.2
1204650 1491.1
1204660 1487.2
1204670 1487.2
1204680 1483.6
1204690 1478.0
1204700 1478.0
1204710 1473.0
1204720 1467.6
1204730 1467.6
1204740 1463.7
1204750 1462.2
1204760 1462.2
1204770 1460.8
1204780 1456.6
1204790 1456.6
1204800 1451.7
1204810 1447.4
1204820 1447.4
1204830 1442.9
1204840 1438.7
1204850 1438.7
1204860 1434.7
1204870 1431.0
1204880 1431.0
1204890 1426.3
1204900 1421.0
1204910 1421.0
1204920 1414.4
1204930 1410.3
1204940 1410.3
1204950 1406.3
1204960 1400.4
1204970 1391.7
1204980 1386.1
1204990 1380.1
1205000 1375.8
1205010 1375.8
1205020 1374.0
1205030 1371.4
1205040 1371.4
1205050 1369.5
1205060 1367.0
1205070 1367.0
1205080 1363.1
1205090 1360.1
1205100 1360.1
1205110 1357.4
1205120 1354.3
1205130 1354.3
1205140 1352.3
1205150 1352.1
1205160 1352.1
1205170 1352.6
1205180 1353.3
1205190 1353.3
1205200 1351.4
1205210 1348.5
1205220 1348.5
1205230 1348.2
1205240 1347.6
1205250 1347.6
1205260 1344.4
1205270 1340.4
1205280 1340.4
1205290 1337.1
1205300 1336.7
1205310 1336.7
1205320 1336.2
1205330 1335.3
1205340 1335.3
1205350 1331.1
1205360 1329.2
1205370 1328.5
1205380 1328.5
1205390 1327.2
1205400 1326.2
1205410 1326.2
1205420 1328.8
1205430 1324.7
1205440 1324.7
1205450 1320.6
1205460 1317.8
1205470 1317.8
1205480 1315.6
1205490 1312.8
1205500 1312.8
1205510 1310.8
1205520 1310.9
1205530 1310.9
1205540 1309.9
1205550 1306.0
1205560 1306.0
1205570 1302.8
1205580 1302.5
1205590 1302.5
1205600 1300.8
1205610 1298.6
1205620 1298.6
1205630 1297.3
1205640 1294.8
1205650 1294.8
1205660 1289.4
1205670 1287.7
1205680 1287.7
1205690 1287.3
1205700 1283.7
1205710 1283.7
1205720 1281.1
1205730 1279.5
1205740 1277.9
1205750 1277.9
1205760 1275.7
1205770 1274.4
1205780 1274.4
1205790 1272.5
1205800 1271.0
1205810 1271.0
1205820 1270.3
1205830 1269.4
1205840 1269.4
1205850 1265.2
1205860 1260.4
1205870 1260.4
1205880 1266.4
1205890 1265.1
1205900 1265.1
1205910 1263.3
1205920 1262.0
1205930 1262.0
1205940 1261.4
1205950 1260.1
1205960 1260.1
1205970 1259.4
1205980 1259.9
1205990 1259.9
1206000 1259.9
1206010 1257.4
1206020 1257.4
1206030 1254.0
1206040 1249.5
1206050 1249.5
1206060 1246.4
1206070 1243.2
1206080 1241.1
1206090 1241.1
1206100 1239.8
1206110 1238.8
1206120 1238.8
1206130 1237.7
1206140 1235.3
1206150 1235.3
1206160 1231.7
1206170 1228.0
1206180 1228.0
1206190 1223.9
1206200 1220.9
1206210 1220.9
1206220 1218.5
1206230 1216.3
1206240 1216.3
1206250 1214.8
1206260 1212.9
1206270 1212.9
1206280 1210.0
1206290 1206.3
1206300 1206.3
1206310 1202.0
1206320 1196.9
1206330 1196.9
1206340 1194.3
1206350 1186.3
1206360 1186.3
1206370 1178.1
1206380 1169.9
1206390 1169.9
1206400 1162.0
1206410 1154.5
1206420 1154.5
1206430 1147.3
1206440 1140.7
1206450 1134.3
1206460 1134.3
1206470 1127.9
1206480 1120.5
1206490 1120.5
1206500 1113.7
1206510 1110.4
1206520 1110.4
1206530 1109.1
1206540 1108.0
1206550 1108.0
1206560 1107.1
1206570 1105.8
1206580 1105.8
1206590 1103.8
1206600 1102.3
1206610 1102.3
1206620 1102.2
1206630 1102.4
1206640 1102.4
1206650 1102.9
1206660 1102.3
1206670 1102.3
1206680 1101.1
1206690 1099.8
1206700 1099.8
1206710 1098.9
1206720 1098.1
1206730 1098.1
1206740 1097.4
1206750 1096.5
1206760 1096.5
1206770 1095.6
1206780 1095.1
1206790 1095.1
1206800 1093.7
1206810 1092.7
1206820 1091.7
1206830 1091.7
1206840 1091.1
1206850 1090.8
1206860 1090.8
1206870 1090.2
1206880 1089.5
1206890 1089.5
1206900 1088.9
1206910 1088.2
1206920 1088.2
1206930 1087.4
1206940 1086.3
1206950 1086.3
1206960 1085.3
1206970 1084.9
1206980 1084.9
1206990 1084.5
1207000 1083.6
1207010 1083.6
1207020 1082.6
1207030 1081.8
1207040 1081.8
1207050 1081.0
1207060 1080.4
1207070 1080.4
1207080 1079.9
1207090 1079.3
1207100 1079.3
1207110 1078.8
1207120 1078.5
1207130 1078.5
1207140 1077.9
1207150 1077.6
1207160 1076.8
1207170 1076.8
1207180 1076.2
1207190 1076.4
1207200 1076.4
1207210 1076.5
1207220 1076.3
1207230 1076.3
1207240 1076.5
1207250 1079.5
1207260 1082.8
1207270 1089.4
1207280 1094.0
1207290 1094.0
1207300 1098.6
1207310 1103.9
1207320 1103.9
1207330 1109.7
1207340 1114.9
1207350 1114.9
1207360 1119.7
1207370 1124.6
1207380 1124.6
1207390 1130.0
1207400 1135.5
1207410 1135.5
1207420 1141.3
1207430 1147.1
1207440 1147.1
1207450 1152.6
1207460 1158.0
1207470 1158.0
1207480 1163.5
1207490 1169.4
1207500 1169.4
1207510 1176.1
1207520 1182.3
1207530 1187.5
1207540 1187.5
1207550 1190.9
1207560 1195.8
1207570 1195.8
1207580 1201.8
1207590 1205.5
1207600 1205.5
1207610 1209.7
1207620 1213.9
1207630 1213.9
1207640 1217.0
1207650 1221.0
1207660 1221.0
1207670 1229.5
1207680 1239.0
1207690 1239.0
1207700 1249.9
1207710 1261.3
1207720 1266.0
1207730 1272.7
1207740 1277.0
1207750 1277.0
1207760 1281.1
1207770 1285.2
1207780 1285.2
1207790 1289.4
1207800 1295.2
1207810 1295.2
1207820 1299.5
1207830 1302.2
1207840 1302.2
1207850 1306.2
1207860 1308.4
1207870 1308.4
1207880 1308.0
1207890 1303.6
1207900 1297.6
1207910 1297.6
1207920 1294.0
1207930 1290.3
1207940 1290.3
1207950 1290.2
1207960 1303.6
1207970 1303.6
1207980 1317.5
1207990 1330.1
1208000 1330.1
1208010 1338.9
1208020 1346.8
1208030 1346.8
1208040 1353.6
1208050 1360.4
1208060 1360.4
1208070 1368.6
1208080 1376.7
1208090 1376.7
1208100 1382.0
1208110 1387.9
1208120 1387.9
1208130 1392.5
1208140 1397.2
1208150 1397.2
1208160 1401.1
1208170 1406.2
1208180 1406.2
1208190 1418.5
1208200 1421.8
1208210 1421.8
1208220 1426.9
1208230 1432.3
1208240 1435.9
1208250 1435.9
1208260 1436.7
1208270 1435.1
1208280 1435.1
1208290 1431.4
1208300 1420.8
1208310 1420.8
1208320 1405.6
1208330 1399.1
1208340 1399.1
1208350 1385.1
1208360 1382.5
1208370 1382.5
1208380 1394.1
1208390 1407.9
1208400 1407.9
1208410 1423.2
1208420 1436.8
1208430 1436.8
1208440 1448.7
1208450 1457.6
1208460 1457.6
1208470 1463.0
1208480 1469.1
1208490 1469.1
1208500 1472.7
1208510 1476.1
1208520 1476.1
1208530 1478.7
1208540 1479.8
1208550 1479.8
1208560 1484.2
1208570 1492.7
1208580 1492.7
1208590 1499.8
1208600 1507.9
1208610 1514.2
1208620 1514.2
1208630 1520.2
1208640 1523.4
1208650 1529.2
1208660 1533.4
1208670 1535.9
1208680 1535.9
1208690 1539.3
1208700 1542.1
1208710 1542.1
1208720 1543.8
1208730 1545.5
1208740 1545.5
1208750 1546.5
1208760 1549.8
1208770 1549.8
1208780 1552.6
1208790 1551.6
1208800 1551.6
1208810 1553.6
1208820 1561.5
1208830 1561.5
1208840 1569.7
1208850 1576.4
1208860 1576.4
1208870 1581.1
1208880 1582.3
1208890 1582.3
1208900 1583.8
1208910 1585.6
1208920 1585.6
1208930 1588.1
1208940 1590.1
1208950 1590.1
1208960 1590.9
1208970 1589.2
1208980 1585.9
1208990 1585.9
1209000 1579.7
1209010 1573.1
1209020 1573.1
1209030 1566.8
1209040 1560.5
1209050 1560.5
1209060 1553.0
1209070 1544.9
1209080 1544.9
1209090 1535.5
1209100 1524.8
1209110 1525.1
1209120 1516.0
1209130 1501.9
1209140 1501.9
1209150 1487.9
1209160 1477.0
1209170 1477.0
1209180 1464.1
1209190 1452.7
1209200 1452.7
1209210 1442.9
1209220 1436.4
1209230 1436.4
1209240 1429.6
1209250 1422.1
1209260 1422.1
1209270 1414.8
1209280 1408.2
1209290 1408.2
1209300 1404.7
1209310 1404.5
1209320 1404.9
1209330 1404.9
1209340 1409.4
1209350 1415.1
1209360 1415.1
1209370 1417.9
1209380 1419.6
1209390 1419.6
1209400 1420.5
1209410 1421.0
1209420 1421.0
1209430 1420.9
1209440 1421.5
1209450 1421.5
1209460 1423.2
1209470 1428.7
1209480 1428.7
1209490 1433.2
1209500 1433.2
1209510 1433.2
1209520 1433.5
1209530 1434.6
1209540 1434.6
1209550 1435.2
1209560 1435.2
1209570 1435.2
1209580 1439.6
1209590 1440.0
1209600 1440.0
1209610 1436.5
1209620 1431.5
1209630 1431.5
1209640 1430.4
1209650 1432.6
1209660 1432.6
1209670 1437.7
1209680 1441.6
1209690 1446.4
1209700 1446.4
1209710 1450.8
1209720 1455.2
1209730 1455.2
1209740 1464.0
1209750 1472.6
1209760 1472.6
1209770 1479.5
1209780 1485.0
1209790 1485.0
1209800 1488.3
1209810 1494.4
1209820 1494.4
1209830 1501.0
1209840 1508.4
1209850 1508.4
1209860 1516.8
1209870 1524.6
1209880 1524.6
1209890 1532.8
1209900 1538.9
1209910 1538.9
1209920 1557.1
1209930 1566.7
1209940 1566.7
1209950 1567.5
1209960 1573.7
1209970 1573.7
1209980 1582.2
1209990 1594.4
1210000 1594.4
1210010 1606.6
1210020 1616.2
1210030 1616.2
1210040 1632.8
1210050 1645.1
1210060 1670.8
1210070 1670.8
1210080 1676.9
1210090 1674.8
1210100 1674.8
1210110 1685.9
1210120 1695.0
1210130 1695.0
1210140 1702.9
1210150 1710.6
1210160 1710.6
1210170 1719.3
1210180 1724.1
1210190 1724.1
1210200 1728.7
1210210 1735.6
1210220 1735.6
1210230 1734.1
1210240 1724.9
1210250 1724.9
1210260 1715.3
1210270 1705.8
1210280 1705.8
1210290 1694.6
1210300 1684.7
1210310 1684.7
1210320 1679.9
1210330 1688.4
1210340 1688.4
1210350 1675.8
1210360 1674.8
1210370 1674.8
1210380 1672.9
1210390 1675.3
1210400 1677.2
1210410 1677.2
1210420 1677.9
1210430 1677.5
1210440 1677.5
1210450 1684.2
1210460 1691.7
1210470 1691.7
1210480 1690.6
1210490 1686.7
1210500 1686.7
1210510 1684.8
1210520 1677.8
1210530 1677.8
1210540 1667.8
1210550 1660.3
1210560 1660.3
1210570 1653.4
1210580 1646.2
1210590 1646.2
1210600 1639.2
1210610 1633.5
1210620 1633.5
1210630 1629.5
1210640 1625.9
1210650 1625.9
1210660 1623.5
1210670 1621.3
1210680 1621.3
1210690 1617.7
1210700 1609.6
1210710 1609.6
1210720 1601.0
1210730 1593.4
1210740 1593.4
1210750 1587.9
1210760 1583.7
1210770 1582.8
1210780 1582.8
1210790 1585.3
1210800 1589.1
1210810 1589.1
1210820 1594.0
1210830 1599.1
1210840 1599.1
1210850 1603.2
1210860 1611.8
1210870 1611.8
1210880 1627.3
1210890 1669.3
1210900 1669.3
1210910 1684.6
1210920 1697.2
1210930 1697.2
1210940 1708.1
1210950 1717.5
1210960 1717.5
1210970 1722.0
1210980 1721.3
1210990 1721.3
1211000 1714.5
1211010 1711.8
1211020 1711.8
1211030 1714.5
1211040 1718.5
1211050 1718.5
1211060 1712.6
1211070 1711.3
1211080 1711.3
1211090 1710.5
1211100 1723.7
1211110 1723.7
1211120 1731.7
1211130 1733.6
1211140 1727.9
1211150 1727.9
1211160 1710.1
1211170 1700.9
1211180 1700.9
1211190 1686.4
1211200 1671.3
1211210 1671.3
1211220 1668.6
1211230 1661.9
1211240 1661.9
1211250 1651.7
1211260 1649.8
1211270 1649.8
1211280 1651.3
1211290 1632.7
1211300 1632.7
1211310 1608.8
1211320 1598.1
1211330 1598.1
1211340 1585.5
1211350 1561.3
1211360 1561.3
1211370 1543.9
1211380 1532.2
1211390 1532.2
1211400 1520.4
1211410 1501.2
1211420 1501.2
1211430 1491.3
1211440 1483.9
1211450 1483.9
1211460 1472.3
1211470 1464.5
1211480 1457.0
1211490 1457.0
1211500 1449.5
1211510 1442.4
1211520 1442.4
1211530 1436.3
1211540 1431.4
1211550 1431.4
1211560 1426.1
1211570 1422.3
1211580 1422.3
1211590 1406.9
1211600 1387.0
1211610 1387.0
1211620 1376.4
1211630 1369.5
1211640 1369.5
1211650 1366.6
1211660 1367.0
1211670 1367.0
1211680 1358.3
1211690 1355.4
1211700 1355.4
1211710 1353.6
1211720 1351.3
1211730 1351.3
1211740 1351.5
1211750 1350.2
1211760 1350.2
1211770 1348.2
1211780 1346.4
1211790 1346.4
1211800 1340.8
1211810 1334.0
1211820 1334.0
1211830 1335.4
1211840 1338.7
1211850 1342.2
1211860 1342.2
1211870 1347.1
1211880 1350.4
1211890 1350.4
1211900 1351.6
1211910 1372.3
1211920 1372.3
1211930 1375.9
1211940 1377.4
1211950 1377.4
1211960 1384.8
1211970 1383.3
1211980 1383.3
1211990 1371.9
1212000 1369.7
1212010 1369.7
1212020 1378.4
1212030 1403.0
1212040 1403.0
1212050 1426.3
1212060 1438.2
1212070 1438.2
1212080 1441.9
1212090 1442.3
1212100 1442.3
1212110 1451.6
1212120 1455.9
1212130 1455.9
1212140 1445.1
1212150 1444.3
1212160 1444.3
1212170 1453.8
1212180 1464.9
1212190 1464.9
1212200 1470.7
1212210 1478.7
1212220 1490.9
1212230 1490.9
1212240 1500.3
1212250 1510.6
1212260 1510.6
1212270 1523.0
1212280 1544.2
1212290 1544.2
1212300 1557.8
1212310 1573.1
1212320 1573.1
1212330 1579.4
1212340 1582.9
1212350 1582.9
1212360 1582.3
1212370 1576.6
1212380 1595.4
1212390 1583.3
1212400 1573.8
1212410 1573.8
1212420 1569.6
1212430 1567.0
1212440 1567.0
1212450 1565.0
1212460 1561.0
1212470 1561.0
1212480 1556.8
1212490 1552.4
1212500 1552.4
1212510 1547.7
1212520 1542.0
1212530 1542.0
1212540 1536.3
1212550 1530.1
1212560 1522.3
1212570 1522.3
1212580 1512.2
1212590 1506.2
1212600 1506.2
1212610 1500.9
1212620 1495.6
1212630 1495.6
1212640 1492.3
1212650 1486.3
1212660 1486.3
1212670 1472.6
1212680 1459.4
1212690 1459.4
1212700 1453.0
1212710 1457.6
1212720 1457.6
1212730 1456.8
1212740 1451.1
1212750 1451.1
1212760 1441.8
1212770 1433.1
1212780 1433.1
1212790 1425.1
1212800 1419.8
1212810 1419.8
1212820 1420.4
1212830 1423.8
1212840 1423.8
1212850 1433.4
1212860 1429.8
1212870 1429.8
1212880 1422.6
1212890 1415.0
1212900 1415.0
1212910 1405.1
1212920 1397.0
1212930 1393.4
1212940 1393.4
1212950 1386.9
1212960 1375.2
1212970 1375.2
1212980 1363.9
1212990 1344.7
1213000 1344.7
1213010 1326.6
1213020 1306.9
1213030 1306.9
1213040 1297.0
1213050 1292.6
1213060 1292.6
1213070 1286.2
1213080 1273.1
1213090 1273.1
1213100 1262.8
1213110 1254.3
1213120 1254.3
1213130 1247.0
1213140 1240.2
1213150 1240.2
1213160 1231.4
1213170 1211.3
1213180 1211.3
1213190 1206.0
1213200 1209.8
1213210 1209.8
1213220 1229.2
1213230 1250.8
1213240 1250.8
1213250 1264.9
1213260 1274.1
1213270 1274.1
1213280 1283.5
1213290 1291.2
1213300 1298.3
1213310 1298.3
1213320 1304.5
1213330 1311.6
1213340 1311.6
1213350 1319.2
1213360 1327.6
1213370 1327.6
1213380 1342.8
1213390 1351.5
1213400 1351.5
1213410 1357.0
1213420 1384.1
1213430 1384.1
1213440 1407.5
1213450 1421.1
1213460 1421.1
1213470 1433.2
1213480 1442.1
1213490 1442.1
1213500 1451.7
1213510 1458.5
1213520 1458.5
1213530 1459.2
1213540 1463.3
1213550 1463.3
1213560 1472.4
1213570 1477.6
1213580 1477.6
1213590 1483.9
1213600 1490.1
1213610 1490.1
1213620 1495.9
1213630 1501.5
1213640 1507.0
1213650 1507.0
1213660 1512.5
1213670 1517.7
1213680 1517.7
1213690 1523.1
1213700 1528.2
1213710 1528.2
1213720 1532.8
1213730 1537.7
1213740 1537.7
1213750 1543.1
1213760 1548.9
1213770 1548.9
1213780 1555.7
1213790 1556.5
1213800 1556.5
1213810 1561.5
1213820 1566.8
1213830 1566.8
1213840 1572.2
1213850 1577.1
1213860 1577.1
1213870 1581.9
1213880 1586.8
1213890 1586.8
1213900 1592.8
1213910 1599.6
1213920 1599.6
1213930 1607.7
1213940 1614.8
1213950 1614.8
1213960 1620.2
1213970 1625.7
1213980 1625.7
1213990 1631.7
1214000 1637.2
1214010 1641.4
1214020 1641.4
1214030 1643.5
1200000 1354.4
1200010 1354.4
1200020 1356.8
1200030 1359.5
1200040 1359.5
1200050 1362.1
1200060 1364.7
1200070 1364.7
1200080 1367.7
1200090 1370.4
1200100 1370.4
1200110 1371.8
1200120 1370.9
1200130 1370.9
1200140 1369.8
1200150 1367.1
1200160 1367.1
1200170 1364.2
1200180 1363.1
1200190 1363.1
1200200 1365.1
1200210 1368.6
1200220 1368.6
1200230 1366.6
1200240 1365.2
1200250 1365.2
1200260 1365.6
1200270 1366.2
1200280 1366.2
1200290 1367.3
1200300 1369.1
1200310 1370.7
1200320 1370.7
1200330 1370.6
1200340 1372.1
1200350 1372.1
1200360 1376.3
1200370 1383.3
1200380 1383.3
1200390 1388.1
1200400 1390.6
1200410 1390.6
1200420 1392.4
1200430 1385.1
1200440 1385.1
1200450 1385.9
1200460 1386.3
1200470 1386.3
1200480 1388.0
1200490 1388.8
1200500 1388.8
1200510 1388.9
1200520 1389.8
1200530 1389.8
1200540 1391.8
1200550 1394.1
1200560 1394.1
1200570 1396.9
1200580 1398.5
1200590 1398.5
1200600 1398.9
1200610 1406.2
1200620 1406.2
1200630 1414.7
1200640 1419.4
1200650 1419.4
1200660 1423.5
1200670 1427.6
1200680 1431.7
1200690 1431.7
1200700 1433.6
1200710 1437.2
1200720 1437.2
1200730 1441.6
1200740 1444.9
1200750 1444.9
1200760 1448.5
1200770 1453.0
1200780 1453.0
1200790 1458.0
1200800 1462.4
1200810 1462.4
1200820 1465.9
1200830 1469.6
1200840 1469.6
1200850 1475.2
1200860 1478.1
1200870 1478.1
1200880 1474.0
1200890 1481.5
1200900 1481.5
1200910 1489.2
1200920 1493.9
1200930 1493.9
1200940 1498.0
1200950 1503.0
1200960 1503.0
1200970 1511.1
1200980 1516.6
1200990 1516.6
1201000 1520.9
1201010 1528.0
1201020 1528.0
1201030 1536.1
1201040 1546.0
1201050 1555.5
1201060 1555.5
1201070 1562.7
1201080 1569.1
1201090 1569.1
1201100 1576.2
1201110 1583.5
1201120 1583.5
1201130 1590.4
1201140 1596.5
1201150 1596.5
1201160 1602.8
1201170 1609.1
1201180 1609.1
1201190 1617.0
1201200 1623.7
1201210 1623.7
1201220 1631.6
1201850 1559.2
1201860 1559.2
1201870 1555.4
1201880 1551.5
1201890 1551.5
1201900 1546.1
1201910 1540.6
1201920 1540.6
1201930 1534.1
1201940 1527.6
1201950 1527.6
1201960 1523.7
1201970 1519.0
1201980 1519.0
1201990 1514.4
1202000 1510.4
1202010 1510.4
1202020 1506.3
1202030 1502.2
1202040 1502.2
1202050 1497.4
1202060 1489.7
1202070 1489.7
1202080 1487.8
1202090 1485.0
1202100 1485.0
1202110 1482.2
1202120 1479.2
1202130 1474.0
1202140 1474.0
1202150 1470.5
1202160 1473.3
1202170 1473.3
1202180 1473.8
1202190 1472.8
1202200 1472.8
1202210 1471.9
1202220 1472.3
1202230 1472.3
1202240 1478.7
1202250 1479.9
1202260 1479.9
1202270 1481.8
1202280 1481.9
1202290 1481.9
1202300 1484.6
1202310 1487.8
1202320 1487.8
1202330 1490.5
1202340 1492.6
1202350 1492.6
1202360 1495.1
1202370 1497.4
1202380 1497.4
1202390 1498.3
1202400 1500.2
1202410 1500.2
1202420 1503.0
1202430 1504.6
1202440 1504.6
1202450 1505.3
1202460 1507.6
1202470 1508.9
1202480 1508.9
1202490 1511.4
1202500 1513.0
1202510 1513.0
1202520 1514.7
1202530 1515.3
1202540 1515.3
1202550 1515.9
1202560 1518.5
1202570 1518.5
1202580 1518.8
1202590 1516.3
1202600 1516.3
1202610 1519.8
1202620 1522.0
1202630 1522.0
1202640 1523.5
1202650 1524.6
1202660 1524.6
1202670 1524.9
1202680 1524.0
1202690 1529.7
1202700 1530.2
1202710 1530.1
1202720 1530.1
1202730 1529.1
1202740 1528.6
1202750 1528.6
1202760 1531.8
1202770 1531.9
1202780 1531.9
1202790 1533.5
1202800 1536.6
1202810 1536.6
1202820 1540.9
1202830 1544.6
1202840 1548.8
1202850 1548.8
1202860 1554.4
1202870 1559.4
1202880 1559.4
1202890 1563.9
1202900 1568.5
1202910 1568.5
1202920 1573.2
1202930 1578.1
1202940 1578.1
1202950 1583.2
1202960 1588.5
1202970 1588.5
1202980 1594.5
1202990 1600.8
1203000 1600.8
1203010 1606.7
1203020 1612.3
1203030 1612.3
1203040 1617.6
1203050 1623.3
1203060 1623.3
1203070 1629.6
1203080 1636.2
1203090 1636.2
1203100 1642.2
1203110 1648.3
1203120 1648.3
1203130 1654.5
1203140 1660.5
1203150 1660.5
1203160 1667.7
1203170 1675.2
1203180 1675.2
1203190 1682.5
1203200 1690.1
1203210 1697.3
1203220 1697.3
1203230 1705.8
1203240 1715.4
1203250 1715.4
1203260 1722.4
1203270 1729.5
1203280 1729.5
1203290 1737.4
1203300 1746.0
1203310 1746.0
1203320 1754.8
1203330 1764.0
1203340 1764.0
1203350 1772.1
1203360 1780.2
1203370 1780.2
1203380 1787.4
1203390 1795.9
1203400 1795.9
1203410 1803.2
1203420 1810.0
1203430 1810.0
1203440 1817.3
1203450 1824.3
1203460 1824.3
1203470 1831.7
1203480 1837.4
1203490 1837.4
1203500 1836.7
1203510 1829.8
1203520 1829.8
1203530 1823.9
1203540 1815.8
1203550 1807.5
1203560 1807.5
1203570 1799.3
1203580 1792.5
1203590 1792.5
1203600 1781.7
1203610 1777.7
1203620 1777.7
1203630 1773.1
1203640 1768.8
1203650 1768.8
1203660 1764.1
1203670 1759.2
1203680 1759.2
1203690 1756.8
1203700 1753.2
1203710 1753.2
1203720 1749.7
1203730 1747.2
1203740 1747.2
1203750 1744.4
1203760 1741.8
1203770 1741.8
1203780 1738.2
1203790 1736.2
1203800 1736.2
1203810 1734.6
1203820 1732.6
1203830 1732.6
1203840 1730.2
1203850 1727.8
1203860 1727.8
1203870 1724.4
1203880 1721.2
1203890 1721.2
1203900 1717.9
1203910 1713.2
1203920 1708.5
1203930 1708.5
1203940 1705.0
1203950 1701.2
1203960 1701.2
1203970 1698.8
1203980 1696.7
1203990 1696.7
1204000 1693.8
1204010 1689.8
1204020 1689.8
1204030 1686.4
1204040 1683.2
1204050 1679.0
1204060 1675.1
1204070 1671.2
1204080 1671.2
1204090 1666.6
1204100 1661.4
1204110 1661.4
1204120 1656.6
1204130 1652.4
1204140 1652.4
1204150 1647.5
1204160 1642.4
1204170 1642.4
1204180 1636.9
1204190 1631.5
1204200 1631.5
1204210 1626.8
1204220 1622.2
1204230 1622.2
1204240 1618.1
1204250 1615.4
1204260 1615.4
1204270 1612.3
1204280 1609.2
1204290 1606.8
1204300 1606.8
1204310 1603.1
1204320 1598.7
1204330 1598.7
1204340 1594.1
1204350 1589.3
1204360 1589.3
1204370 1584.8
1204380 1580.4
1204390 1580.4
1204400 1575.5
1204410 1570.8
1204420 1570.8
1204430 1566.1
1204440 1560.9
1204450 1560.9
1204460 1555.5
1204470 1550.1
1204480 1550.1
1204490 1544.9
1204500 1539.6
1204510 1538.1
1204520 1532.8
1204530 1527.6
1204540 1527.6
1204550 1522.6
1204560 1517.7
1204570 1517.7
1204580 1513.0
1204590 1508.4
1204600 1508.4
1204610 1504.0
1204620 1499.6
1204630 1495.2
1204640 1495.2
1204650 1491.1
1204660 1487.2
1204670 1487.2
1204680 1483.6
1204690 1478.0
1204700 1478.0
1204710 1473.0
1204720 1467.6
1204730 1467.6
1204740 1463.7
1204750 1462.2
1204760 1462.2
1204770 1460.8
1204780 1456.6
1204790 1456.6
1204800 1451.7
1204810 1447.4
1204820 1447.4
1204830 1442.9
1204840 1438.7
1204850 1438.7
1204860 1434.7
1204870 1431.0
1204880 1431.0
1204890 1426.3
1204900 1421.0
1204910 1421.0
1204920 1414.4
1204930 1410.3
1204940 1410.3
1204950 1406.3
1204960 1400.4
1204970 1391.7
1204980 1386.1
1204990 1380.1
1205000 1375.8
1205010 1375.8
1205020 1374.0
1205030 1371.4
1205040 1371.4
1205050 1369.5
1205060 1367.0
1205070 1367.0
1205080 1363.1
1205090 1360.1
1205100 1360.1
1205110 1357.4
1205120 1354.3
1205130 1354.3
1205140 1352.3
1205150 1352.1
1205160 1352.1
1205170 1352.6
1205180 1353.3
1205190 1353.3
1205200 1351.4
1205210 1348.5
1205220 1348.5
1205230 1348.2
1205240 1347.6
1205250 1347.6
1205260 1344.4
1205270 1340.4
1205280 1340.4
1205290 1337.1
1205300 1336.7
1205310 1336.7
1205320 1336.2
1205330 1335.3
1205340 1335.3
1205350 1331.1
1205360 1329.2
1205370 1328.5
1205380 1328.5
1205390 1327.2
1205400 1326.2
1205410 1326.2
1205420 1328.8
1205430 1324.7
1205440 1324.7
1205450 1320.6
1205460 1317.8
1205470 1317.8
1205480 1315.6
1205490 1312.8
1205500 1312.8
1205510 1310.8
1205520 1310.9
1205530 1310.9
1205540 1309.9
1205550 1306.0
1205560 1306.0
1205570 1302.8
1205580 1302.5
1205590 1302.5
1205600 1300.8
1205610 1298.6
1205620 1298.6
1205630 1297.3
1205640 1294.8
1205650 1294.8
1205660 1289.4
1205670 1287.7
1205680 1287.7
1205690 1287.3
1205700 1283.7
1205710 1283.7
1205720 1281.1
1205730 1279.5
1205740 1277.9
1205750 1277.9
1205760 1275.7
1205770 1274.4
1205780 1274.4
1205790 1272.5
1205800 1271.0
1205810 1271.0
1205820 1270.3
1205830 1269.4
1205840 1269.4
1205850 1265.2
1205860 1260.4
1205870 1260.4
1205880 1266.4
1205890 1265.1
1205900 1265.1
1205910 1263.3
1205920 1262.0
1205930 1262.0
1205940 1261.4
1205950 1260.1
1205960 1260.1
1205970 1259.4
1205980 1259.9
1205990 1259.9
1206000 1259.9
1206010 1257.4
1206020 1257.4
1206030 1254.0
1206040 1249.5
1206050 1249.5
1206060 1246.4
1206070 1243.2
1206080 1241.1
1206090 1241.1
1206100 1239.8
1206110 1238.8
1206120 1238.8
1206130 1237.7
1206140 1235.3
1206150 1235.3
1206160 1231.7
1206170 1228.0
1206180 1228.0
1206190 1223.9
1206200 1220.9
1206210 1220.9
1206220 1218.5
1206230 1216.3
1206240 1216.3
1206250 1214.8
1206260 1212.9
1206270 1212.9
1206280 1210.0
1206290 1206.3
1206300 1206.3
1206310 1202.0
1206320 1196.9
1206330 1196.9
1206340 1194.3
1206350 1186.3
1206360 1186.3
1206370 1178.1
1206380 1169.9
1206390 1169.9
1206400 1162.0
1206410 1154.5
1206420 1154.5
1206430 1147.3
1206440 1140.7
1206450 1134.3
1206460 1134.3
1206470 1127.9
1206480 1120.5
1206490 1120.5
1206500 1113.7
1206510 1110.4
1206520 1110.4
1206530 1109.1
1206540 1108.0
1206550 1108.0
1206560 1107.1
1206570 1105.8
1206580 1105.8
1206590 1103.8
1206600 1102.3
1206610 1102.3
1206620 1102.2
1206630 1102.4
1206640 1102.4
1206650 1102.9
1206660 1102.3
1206670 1102.3
1206680 1101.1
1206690 1099.8
1206700 1099.8
1206710 1098.9
1206720 1098.1
1206730 1098.1
1206740 1097.4
1206750 1096.5
1206760 1096.5
1206770 1095.6
1206780 1095.1
1206790 1095.1
1206800 1093.7
1206810 1092.7
1206820 1091.7
1206830 1091.7
1206840 1091.1
1206850 1090.8
1206860 1090.8
1206870 1090.2
1206880 1089.5
1206890 1089.5
1206900 1088.9
1206910 1088.2
1206920 1088.2
1206930 1087.4
1206940 1086.3
1206950 1086.3
1206960 1085.3
1206970 1084.9
1206980 1084.9
1206990 1084.5
1207000 1083.6
1207010 1083.6
1207020 1082.6
1207030 1081.8
1207040 1081.8
1207050 1081.0
1207060 1080.4
1207070 1080.4
1207080 1079.9
1207090 1079.3
1207100 1079.3
1207110 1078.8
1207120 1078.5
1207130 1078.5
1207140 1077.9
1207150 1077.6
1207160 1076.8
1207170 1076.8
1207180 1076.2
1207190 1076.4
1207200 1076.4
1207210 1076.5
1207220 1076.3
1207230 1076.3
1207240 1076.5
1207250 1079.5
1207260 1082.8
1207270 1089.4
1207280 1094.0
1207290 1094.0
1207300 1098.6
1207310 1103.9
1207320 1103.9
1207330 1109.7
1207340 1114.9
1207350 1114.9
1207360 1119.7
1207370 1124.6
1207380 1124.6
1207390 1130.0
1207400 1135.5
1207410 1135.5
1207420 1141.3
1207430 1147.1
1207440 1147.1
1207450 1152.6
1207460 1158.0
1207470 1158.0
1207480 1163.5
1207490 1169.4
1207500 1169.4
1207510 1176.1
1207520 1182.3
1207530 1187.5
1207540 1187.5
1207550 1190.9
1207560 1195.8
1207570 1195.8
1207580 1201.8
1207590 1205.5
1207600 1205.5
1207610 1209.7
1207620 1213.9
1207630 1213.9
1207640 1217.0
1207650 1221.0
1207660 1221.0
1207670 1229.5
1207680 1239.0
1207690 1239.0
1207700 1249.9
1207710 1261.3
1207720 1266.0
1207730 1272.7
1207740 1277.0
1207750 1277.0
1207760 1281.1
1207770 1285.2
1207780 1285.2
1207790 1289.4
1207800 1295.2
1207810 1295.2
1207820 1299.5
1207830 1302.2
1207840 1302.2
1207850 1306.2
1207860 1308.4
1207870 1308.4
1207880 1308.0
1207890 1303.6
1207900 1297.6
1207910 1297.6
1207920 1294.0
1207930 1290.3
1207940 1290.3
1207950 1290.2
1207960 1303.6
1207970 1303.6
1207980 1317.5
1207990 1330.1
1208000 1330.1
1208010 1338.9
1208020 1346.8
1208030 1346.8
1208040 1353.6
1208050 1360.4
1208060 1360.4
1208070 1368.6
1208080 1376.7
1208090 1376.7
1208100 1382.0
1208110 1387.9
1208120 1387.9
1208130 1392.5
1208140 1397.2
1208150 1397.2
1208160 1401.1
1208170 1406.2
1208180 1406.2
1208190 1418.5
1208200 1421.8
1208210 1421.8
1208220 1426.9
1208230 1432.3
1208240 1435.9
1208250 1435.9
1208260 1436.7
1208270 1435.1
1208280 1435.1
1208290 1431.4
1208300 1420.8
1208310 1420.8
1208320 1405.6
1208330 1399.1
1208340 1399.1
1208350 1385.1
1208360 1382.5
1208370 1382.5
1208380 1394.1
1208390 1407.9
1208400 1407.9
1208410 1423.2
1208420 1436.8
1208430 1436.8
1208440 1448.7
1208450 1457.6
1208460 1457.6
1208470 1463.0
1208480 1469.1
1208490 1469.1
1208500 1472.7
1208510 1476.1
1208520 1476.1
1208530 1478.7
1208540 1479.8
1208550 1479.8
1208560 1484.2
1208570 1492.7
1208580 1492.7
1208590 1499.8
1208600 1507.9
1208610 1514.2
1208620 1514.2
1208630 1520.2
1208640 1523.4
1208650 1529.2
1208660 1533.4
1208670 1535.9
1208680 1535.9
1208690 1539.3
1208700 1542.1
1208710 1542.1
1208720 1543.8
1208730 1545.5
1208740 1545.5
1208750 1546.5
1208760 1549.8
1208770 1549.8
1208780 1552.6
1208790 1551.6
1208800 1551.6
1208810 1553.6
1208820 1561.5
1208830 1561.5
1208840 1569.7
1208850 1576.4
1208860 1576.4
1208870 1581.1
1208880 1582.3
1208890 1582.3
1208900 1583.8
1208910 1585.6
1208920 1585.6
1208930 1588.1
1208940 1590.1
1208950 1590.1
1208960 1590.9
1208970 1589.2
1208980 1585.9
1208990 1585.9
1209000 1579.7
1209010 1573.1
1209020 1573.1
1209030 1566.8
1209040 1560.5
1209050 1560.5
1209060 1553.0
1209070 1544.9
1209080 1544.9
1209090 1535.5
1209100 1524.8
1209110 1525.1
1209120 1516.0
1209130 1501.9
1209140 1501.9
1209150 1487.9
1209160 1477.0
1209170 1477.0
1209180 1464.1
1209190 1452.7
1209200 1452.7
1209210 1442.9
1209220 1436.4
1209230 1436.4
1209240 1429.6
1209250 1422.1
1209260 1422.1
1209270 1414.8
1209280 1408.2
1209290 1408.2
1209300 1404.7
1209310 1404.5
1209320 1404.9
1209330 1404.9
1209340 1409.4
1209350 1415.1
1209360 1415.1
1209370 1417.9
1209380 1419.6
1209390 1419.6
1209400 1420.5
1209410 1421.0
1209420 1421.0
1209430 1420.9
1209440 1421.5
1209450 1421.5
1209460 1423.2
1209470 1428.7
1209480 1428.7
1209490 1433.2
1209500 1433.2
1209510 1433.2
1209520 1433.5
1209530 1434.6
1209540 1434.6
1209550 1435.2
1209560 1435.2
1209570 1435.2
1209580 1439.6
1209590 1440.0
1209600 1440.0
1209610 1436.5
1209620 1431.5
1209630 1431.5
1209640 1430.4
1209650 1432.6
1209660 1432.6
1209670 1437.7
1209680 1441.6
1209690 1446.4
1209700 1446.4
1209710 1450.8
1209720 1455.2
1209730 1455.2
1209740 1464.0
1209750 1472.6
1209760 1472.6
1209770 1479.5
1209780 1485.0
1209790 1485.0
1209800 1488.3
1209810 1494.4
1209820 1494.4
1209830 1501.0
1209840 1508.4
1209850 1508.4
1209860 1516.8
1209870 1524.6
1209880 1524.6
1209890 1532.8
1209900 1538.9
1209910 1538.9
1209920 1557.1
1209930 1566.7
1209940 1566.7
1209950 1567.5
1209960 1573.7
1209970 1573.7
1209980 1582.2
1209990 1594.4
1210000 1594.4
1210010 1606.6
1210020 1616.2
1210030 1616.2
1210040 1632.8
1210050 1645.1
1210060 1670.8
1210070 1670.8
1210080 1676.9
1210090 1674.8
1210100 1674.8
1210110 1685.9
1210120 1695.0
1210130 1695.0
1210140 1702.9
1210150 1710.6
1210160 1710.6
1210170 1719.3
1210180 1724.1
1210190 1724.1
1210200 1728.7
1210210 1735.6
1210220 1735.6
1210230 1734.1
1210240 1724.9
1210250 1724.9
1210260 1715.3
1210270 1705.8
1210280 1705.8
1210290 1694.6
1210300 1684.7
1210310 1684.7
1210320 1679.9
1210330 1688.4
1210340 1688.4
1210350 1675.8
1210360 1674.8
1210370 1674.8
1210380 1672.9
1210390 1675.3
1210400 1677.2
1210410 1677.2
1210420 1677.9
1210430 1677.5
1210440 1677.5
1210450 1684.2
1210460 1691.7
1210470 1691.7
1210480 1690.6
1210490 1686.7
1210500 1686.7
1210510 1684.8
1210520 1677.8
1210530 1677.8
1210540 1667.8
1210550 1660.3
1210560 1660.3
1210570 1653.4
1210580 1646.2
1210590 1646.2
1210600 1639.2
1210610 1633.5
1210620 1633.5
1210630 1629.5
1210640 1625.9
1210650 1625.9
1210660 1623.5
1210670 1621.3
1210680 1621.3
1210690 1617.7
1210700 1609.6
1210710 1609.6
1210720 1601.0
1210730 1593.4
1210740 1593.4
1210750 1587.9
1210760 1583.7
1210770 1582.8
1210780 1582.8
1210790 1585.3
1210800 1589.1
1210810 1589.1
1210820 1594.0
1210830 1599.1
1210840 1599.1
1210850 1603.2
1210860 1611.8
1210870 1611.8
1210880 1627.3
1210890 1669.3
1210900 1669.3
1210910 1684.6
1210920 1697.2
1210930 1697.2
1210940 1708.1
1210950 1717.5
1210960 1717.5
1210970 1722.0
1210980 1721.3
1210990 1721.3
1211000 1714.5
1211010 1711.8
1211020 1711.8
1211030 1714.5
1211040 1718.5
1211050 1718.5
1211060 1712.6
1211070 1711.3
1211080 1711.3
1211090 1710.5
1211100 1723.7
1211110 1723.7
1211120 1731.7
1211130 1733.6
1211140 1727.9
1211150 1727.9
1211160 1710.1
1211170 1700.9
1211180 1700.9
1211190 1686.4
1211200 1671.3
1211210 1671.3
1211220 1668.6
1211230 1661.9
1211240 1661.9
1211250 1651.7
1211260 1649.8
1211270 1649.8
1211280 1651.3
1211290 1632.7
1211300 1632.7
1211310 1608.8
1211320 1598.1
1211330 1598.1
1211340 1585.5
1211350 1561.3
1211360 1561.3
1211370 1543.9
1211380 1532.2
1211390 1532.2
1211400 1520.4
1211410 1501.2
1211420 1501.2
1211430 1491.3
1211440 1483.9
1211450 1483.9
1211460 1472.3
1211470 1464.5
1211480 1457.0
1211490 1457.0
1211500 1449.5
1211510 1442.4
1211520 1442.4
1211530 1436.3
1211540 1431.4
1211550 1431.4
1211560 1426.1
1211570 1422.3
1211580 1422.3
1211590 1406.9
1211600 1387.0
1211610 1387.0
1211620 1376.4
1211630 1369.5
1211640 1369.5
1211650 1366.6
1211660 1367.0
1211670 1367.0
1211680 1358.3
1211690 1355.4
1211700 1355.4
1211710 1353.6
1211720 1351.3
1211730 1351.3
1211740 1351.5
1211750 1350.2
1211760 1350.2
1211770 1348.2
1211780 1346.4
1211790 1346.4
1211800 1340.8
1211810 1334.0
1211820 1334.0
1211830 1335.4
1211840 1338.7
1211850 1342.2
1211860 1342.2
1211870 1347.1
1211880 1350.4
1211890 1350.4
1211900 1351.6
1211910 1372.3
1211920 1372.3
1211930 1375.9
1211940 1377.4
1211950 1377.4
1211960 1384.8
1211970 1383.3
1211980 1383.3
1211990 1371.9
1212000 1369.7
1212010 1369.7
1212020 1378.4
1212030 1403.0
1212040 1403.0
1212050 1426.3
1212060 1438.2
1212070 1438.2
1212080 1441.9
1212090 1442.3
1212100 1442.3
1212110 1451.6
1212120 1455.9
1212130 1455.9
1212140 1445.1
1212150 1444.3
1212160 1444.3
1212170 1453.8
1212180 1464.9
1212190 1464.9
1212200 1470.7
1212210 1478.7
1212220 1490.9
1212230 1490.9
1212240 1500.3
1212250 1510.6
1212260 1510.6
1212270 1523.0
1212280 1544.2
1212290 1544.2
1212300 1557.8
1212310 1573.1
1212320 1573.1
1212330 1579.4
1212340 1582.9
1212350 1582.9
1212360 1582.3
1212370 1576.6
1212380 1595.4
1212390 1583.3
1212400 1573.8
1212410 1573.8
1212420 1569.6
1212430 1567.0
1212440 1567.0
1212450 1565.0
1212460 1561.0
1212470 1561.0
1212480 1556.8
1212490 1552.4
1212500 1552.4
1212510 1547.7
1212520 1542.0
1212530 1542.0
1212540 1536.3
1212550 1530.1
1212560 1522.3
1212570 1522.3
1212580 1512.2
1212590 1506.2
1212600 1506.2
1212610 1500.9
1212620 1495.6
1212630 1495.6
1212640 1492.3
1212650 1486.3
1212660 1486.3
1212670 1472.6
1212680 1459.4
1212690 1459.4
1212700 1453.0
1212710 1457.6
1212720 1457.6
1212730 1456.8
1212740 1451.1
1212750 1451.1
1212760 1441.8
1212770 1433.1
1212780 1433.1
1212790 1425.1
1212800 1419.8
1212810 1419.8
1212820 1420.4
1212830 1423.8
1212840 1423.8
1212850 1433.4
1212860 1429.8
1212870 1429.8
1212880 1422.6
1212890 1415.0
1212900 1415.0
1212910 1405.1
1212920 1397.0
1212930 1393.4
1212940 1393.4
1212950 1386.9
1212960 1375.2
1212970 1375.2
1212980 1363.9
1212990 1344.7
1213000 1344.7
1213010 1326.6
1213020 1306.9
1213030 1306.9
1213040 1297.0
1213050 1292.6
1213060 1292.6
1213070 1286.2
1213080 1273.1
1213090 1273.1
1213100 1262.8
1213110 1254.3
1213120 1254.3
1213130 1247.0
1213140 1240.2
1213150 1240.2
1213160 1231.4
1213170 1211.3
1213180 1211.3
1213190 1206.0
1213200 1209.8
1213210 1209.8
1213220 1229.2
1213230 1250.8
1213240 1250.8
1213250 1264.9
1213260 1274.1
1213270 1274.1
1213280 1283.5
1213290 1291.2
1213300 1298.3
1213310 1298.3
1213320 1304.5
1213330 1311.6
1213340 1311.6
1213350 1319.2
1213360 1327.6
1213370 1327.6
1213380 1342.8
1213390 1351.5
1213400 1351.5
1213410 1357.0
1213420 1384.1
1213430 1384.1
1213440 1407.5
1213450 1421.1
1213460 1421.1
1213470 1433.2
1213480 1442.1
1213490 1442.1
1213500 1451.7
1213510 1458.5
1213520 1458.5
1213530 1459.2
1213540 1463.3
1213550 1463.3
1213560 1472.4
1213570 1477.6
1213580 1477.6
1213590 1483.9
1213600 1490.1
1213610 1490.1
1213620 1495.9
1213630 1501.5
1213640 1507.0
1213650 1507.0
1213660 1512.5
1213670 1517.7
1213680 1517.7
1213690 1523.1
1213700 1528.2
1213710 1528.2
1213720 1532.8
1213730 1537.7
1213740 1537.7
1213750 1543.1
1213760 1548.9
1213770 1548.9
1213780 1555.7
1213790 1556.5
1213800 1556.5
1213810 1561.5
1213820 1566.8
1213830 1566.8
1213840 1572.2
1213850 1577.1
1213860 1577.1
1213870 1581.9
1213880 1586.8
1213890 1586.8
1213900 1592.8
1213910 1599.6
1213920 1599.6
1213930 1607.7
1213940 1614.8
1213950 1614.8
1213960 1620.2
1213970 1625.7
1213980 1625.7
1213990 1631.7
1214000 1637.2
1214010 1641.4
1214020 1641.4
1214030 1643.5
