1210620 1372.1
1210630 1374.7
1210640 1374.7
1210650 1379.2
1210660 1382.9
1210670 1382.9
1210680 1383.5
1210690 1382.3
1210700 1380.4
1210710 1380.4
1210720 1378.8
1210730 1376.6
1210740 1376.6
1210750 1373.9
1210760 1370.6
1210770 1370.6
1210780 1366.6
1210790 1362.3
1210800 1362.3
1210810 1356.4
1210820 1350.4
1210830 1350.4
1210840 1345.0
1210850 1340.0
1210860 1340.0
1210870 1335.7
1210880 1332.1
1210890 1332.1
1210900 1328.6
1210910 1324.6
1210920 1324.6
1210930 1320.4
1210940 1315.5
1210950 1315.5
1210960 1310.3
1210970 1304.0
1210980 1304.0
1210990 1295.3
1211000 1286.1
1211010 1286.1
1211020 1278.7
1211030 1271.3
1211040 1271.3
1211050 1264.3
1211060 1258.7
1211070 1252.0
1211080 1252.0
1211090 1249.0
1211100 1239.3
1211110 1239.3
1211120 1229.9
1211130 1222.4
1211140 1222.4
1211150 1213.9
1211160 1205.0
1211170 1205.0
1211180 1197.3
1211190 1184.5
1211200 1184.5
1211210 1171.1
1211220 1162.3
1211230 1162.3
1211240 1154.9
1211250 1149.4
1211260 1149.4
1211270 1145.2
1211280 1146.1
1211290 1146.1
1211300 1151.5
1211310 1160.5
1211320 1160.5
1211330 1167.5
1211340 1174.0
1211350 1174.0
1211360 1180.7
1211370 1186.0
1211380 1186.0
1211390 1190.6
1211400 1195.1
1211410 1198.8
1211420 1198.8
1211430 1203.6
1211440 1208.8
1211450 1208.8
1211460 1212.4
1211470 1215.9
1211480 1215.9
1211490 1220.6
1211500 1224.9
1211510 1224.9
1211520 1229.0
1211530 1233.0
1211540 1233.0
1211550 1235.5
1211560 1231.6
1211570 1231.6
1211580 1232.0
1211590 1231.7
1211600 1231.7
1211610 1233.6
1211620 1235.1
1211630 1235.1
1211640 1236.5
1211650 1237.9
1211660 1237.9
1211670 1239.2
1211680 1240.1
1211690 1240.1
1211700 1241.0
1211710 1241.5
1211720 1241.5
1211730 1242.4
1211740 1242.8
1211750 1242.8
1211760 1242.9
1211770 1243.8
1211780 1244.2
1211790 1244.2
1211800 1244.3
1211810 1243.2
1211820 1243.2
1211830 1241.6
1211840 1239.6
1211850 1239.6
1211860 1237.6
1211870 1236.0
1211880 1236.0
1211890 1234.4
1211900 1232.7
1211910 1232.7
1211920 1231.4
1211930 1230.7
1211940 1230.7
1211950 1230.6
1211960 1230.3
1211970 1230.3
1211980 1229.7
1211990 1229.1
1212000 1229.1
1212010 1228.7
1212020 1225.5
1212030 1225.5
1212040 1224.4
1212050 1223.5
1212060 1223.5
1212070 1223.0
1212080 1222.3
1212090 1222.3
1212100 1221.0
1212110 1220.0
1212120 1220.0
1212130 1218.2
1212140 1216.4
1212150 1215.0
1212160 1215.0
1212170 1213.5
1212180 1210.8
1212190 1210.8
1212200 1209.0
1212210 1208.4
1212220 1208.4
1212230 1205.0
1212240 1199.3
1212250 1199.3
1212260 1193.6
1212270 1191.9
1212280 1191.9
1212290 1195.0
1212300 1195.5
1212310 1195.5
1212320 1195.0
1212330 1194.3
1212340 1194.3
1212350 1193.0
1212360 1191.3
1212370 1191.3
1212380 1189.8
1212390 1188.6
1212400 1188.6
1212410 1186.7
1212420 1185.0
1212430 1185.0
1212440 1182.7
1212450 1181.3
1212460 1181.3
1212470 1179.0
1212480 1174.5
1212490 1173.7
1212500 1169.7
1212510 1166.8
1212520 1164.2
1212530 1164.2
1212540 1161.2
1212550 1159.7
1212560 1159.7
1212570 1159.5
1212580 1159.9
1212590 1159.9
1212600 1159.2
1212610 1157.3
1212620 1157.3
1212630 1154.5
1212640 1153.1
1212650 1153.1
1212660 1152.2
1212670 1150.4
1212680 1150.4
1212690 1148.1
1212700 1146.3
1212710 1146.3
1212720 1144.1
1212730 1141.5
1212740 1141.5
1212750 1141.2
1212760 1140.9
1212770 1140.9
1212780 1139.6
1210620 1372.1
1210630 1374.7
1210640 1374.7
1210650 1379.2
1210660 1382.9
1210670 1382.9
1210680 1383.5
1210690 1382.3
1210700 1380.4
1210710 1380.4
1210720 1378.8
1210730 1376.6
1210740 1376.6
1210750 1373.9
1210760 1370.6
1210770 1370.6
1210780 1366.6
1210790 1362.3
1210800 1362.3
1210810 1356.4
1210820 1350.4
1210830 1350.4
1210840 1345.0
1210850 1340.0
1210860 1340.0
1210870 1335.7
1210880 1332.1
1210890 1332.1
1210900 1328.6
1210910 1324.6
1210920 1324.6
1210930 1320.4
1210940 1315.5
1210950 1315.5
1210960 1310.3
1210970 1304.0
1210980 1304.0
1210990 1295.3
1211000 1286.1
1211010 1286.1
1211020 1278.7
1211030 1271.3
1211040 1271.3
1211050 1264.3
1211060 1258.7
1211070 1252.0
1211080 1252.0
1211090 1249.0
1211100 1239.3
1211110 1239.3
1211120 1229.9
1211130 1222.4
1211140 1222.4
1211150 1213.9
1211160 1205.0
1211170 1205.0
1211180 1197.3
1211190 1184.5
1211200 1184.5
1211210 1171.1
1211220 1162.3
1211230 1162.3
1211240 1154.9
1211250 1149.4
1211260 1149.4
1211270 1145.2
1211280 1146.1
1211290 1146.1
1211300 1151.5
1211310 1160.5
1211320 1160.5
1211330 1167.5
1211340 1174.0
1211350 1174.0
1211360 1180.7
1211370 1186.0
1211380 1186.0
1211390 1190.6
1211400 1195.1
1211410 1198.8
1211420 1198.8
1211430 1203.6
1211440 1208.8
1211450 1208.8
1211460 1212.4
1211470 1215.9
1211480 1215.9
1211490 1220.6
1211500 1224.9
1211510 1224.9
1211520 1229.0
1211530 1233.0
1211540 1233.0
1211550 1235.5
1211560 1231.6
1211570 1231.6
1211580 1232.0
1211590 1231.7
1211600 1231.7
1211610 1233.6
1211620 1235.1
1211630 1235.1
1211640 1236.5
1211650 1237.9
1211660 1237.9
1211670 1239.2
1211680 1240.1
1211690 1240.1
1211700 1241.0
1211710 1241.5
1211720 1241.5
1211730 1242.4
1211740 1242.8
1211750 1242.8
1211760 1242.9
1211770 1243.8
1211780 1244.2
1211790 1244.2
1211800 1244.3
1211810 1243.2
1211820 1243.2
1211830 1241.6
1211840 1239.6
1211850 1239.6
1211860 1237.6
1211870 1236.0
1211880 1236.0
1211890 1234.4
1211900 1232.7
1211910 1232.7
1211920 1231.4
1211930 1230.7
1211940 1230.7
1211950 1230.6
1211960 1230.3
1211970 1230.3
1211980 1229.7
1211990 1229.1
1212000 1229.1
1212010 1228.7
1212020 1225.5
1212030 1225.5
1212040 1224.4
1212050 1223.5
1212060 1223.5
1212070 1223.0
1212080 1222.3
1212090 1222.3
1212100 1221.0
1212110 1220.0
1212120 1220.0
1212130 1218.2
1212140 1216.4
1212150 1215.0
1212160 1215.0
1212170 1213.5
1212180 1210.8
1212190 1210.8
1212200 1209.0
1212210 1208.4
1212220 1208.4
1212230 1205.0
1212240 1199.3
1212250 1199.3
1212260 1193.6
1212270 1191.9
1212280 1191.9
1212290 1195.0
1212300 1195.5
1212310 1195.5
1212320 1195.0
1212330 1194.3
1212340 1194.3
1212350 1193.0
1212360 1191.3
1212370 1191.3
1212380 1189.8
1212390 1188.6
1212400 1188.6
1212410 1186.7
1212420 1185.0
1212430 1185.0
1212440 1182.7
1212450 1181.3
1212460 1181.3
1212470 1179.0
1212480 1174.5
1212490 1173.7
1212500 1169.7
1212510 1166.8
1212520 1164.2
1212530 1164.2
1212540 1161.2
1212550 1159.7
1212560 1159.7
1212570 1159.5
1212580 1159.9
1212590 1159.9
1212600 1159.2
1212610 1157.3
1212620 1157.3
1212630 1154.5
1212640 1153.1
1212650 1153.1
1212660 1152.2
1212670 1150.4
1212680 1150.4
1212690 1148.1
1212700 1146.3
1212710 1146.3
1212720 1144.1
1212730 1141.5
1212740 1141.5
1212750 1141.2
1212760 1140.9
1212770 1140.9
1212780 1139.6
1210620 1372.1
1210630 1374.7
1210640 1374.7
1210650 1379.2
1210660 1382.9
1210670 1382.9
1210680 1383.5
1210690 1382.3
1210700 1380.4
1210710 1380.4
1210720 1378.8
1210730 1376.6
1210740 1376.6
1210750 1373.9
1210760 1370.6
1210770 1370.6
1210780 1366.6
1210790 1362.3
1210800 1362.3
1210810 1356.4
1210820 1350.4
1210830 1350.4
1210840 1345.0
1210850 1340.0
1210860 1340.0
1210870 1335.7
1210880 1332.1
1210890 1332.1
1210900 1328.6
1210910 1324.6
1210920 1324.6
1210930 1320.4
1210940 1315.5
1210950 1315.5
1210960 1310.3
1210970 1304.0
1210980 1304.0
1210990 1295.3
1211000 1286.1
1211010 1286.1
1211020 1278.7
1211030 1271.3
1211040 1271.3
1211050 1264.3
1211060 1258.7
1211070 1252.0
1211080 1252.0
1211090 1249.0
1211100 1239.3
1211110 1239.3
1211120 1229.9
1211130 1222.4
1211140 1222.4
1211150 1213.9
1211160 1205.0
1211170 1205.0
1211180 1197.3
1211190 1184.5
1211200 1184.5
1211210 1171.1
1211220 1162.3
1211230 1162.3
1211240 1154.9
1211250 1149.4
1211260 1149.4
1211270 1145.2
1211280 1146.1
1211290 1146.1
1211300 1151.5
1211310 1160.5
1211320 1160.5
1211330 1167.5
1211340 1174.0
1211350 1174.0
1211360 1180.7
1211370 1186.0
1211380 1186.0
1211390 1190.6
1211400 1195.1
1211410 1198.8
1211420 1198.8
1211430 1203.6
1211440 1208.8
1211450 1208.8
1211460 1212.4
1211470 1215.9
1211480 1215.9
1211490 1220.6
1211500 1224.9
1211510 1224.9
1211520 1229.0
1211530 1233.0
1211540 1233.0
1211550 1235.5
1211560 1231.6
1211570 1231.6
1211580 1232.0
1211590 1231.7
1211600 1231.7
1211610 1233.6
1211620 1235.1
1211630 1235.1
1211640 1236.5
1211650 1237.9
1211660 1237.9
1211670 1239.2
1211680 1240.1
1211690 1240.1
1211700 1241.0
1211710 1241.5
1211720 1241.5
1211730 1242.4
1211740 1242.8
1211750 1242.8
1211760 1242.9
1211770 1243.8
1211780 1244.2
1211790 1244.2
1211800 1244.3
1211810 1243.2
1211820 1243.2
1211830 1241.6
1211840 1239.6
1211850 1239.6
1211860 1237.6
1211870 1236.0
1211880 1236.0
1211890 1234.4
1211900 1232.7
1211910 1232.7
1211920 1231.4
1211930 1230.7
1211940 1230.7
1211950 1230.6
1211960 1230.3
1211970 1230.3
1211980 1229.7
1211990 1229.1
1212000 1229.1
1212010 1228.7
1212020 1225.5
1212030 1225.5
1212040 1224.4
1212050 1223.5
1212060 1223.5
1212070 1223.0
1212080 1222.3
1212090 1222.3
1212100 1221.0
1212110 1220.0
1212120 1220.0
1212130 1218.2
1212140 1216.4
1212150 1215.0
1212160 1215.0
1212170 1213.5
1212180 1210.8
1212190 1210.8
1212200 1209.0
1212210 1208.4
1212220 1208.4
1212230 1205.0
1212240 1199.3
1212250 1199.3
1212260 1193.6
1212270 1191.9
1212280 1191.9
1212290 1195.0
1212300 1195.5
1212310 1195.5
1212320 1195.0
1212330 1194.3
1212340 1194.3
1212350 1193.0
1212360 1191.3
1212370 1191.3
1212380 1189.8
1212390 1188.6
1212400 1188.6
1212410 1186.7
1212420 1185.0
1212430 1185.0
1212440 1182.7
1212450 1181.3
1212460 1181.3
1212470 1179.0
1212480 1174.5
1212490 1173.7
1212500 1169.7
1212510 1166.8
1212520 1164.2
1212530 1164.2
1212540 1161.2
1212550 1159.7
1212560 1159.7
1212570 1159.5
1212580 1159.9
1212590 1159.9
1212600 1159.2
1212610 1157.3
1212620 1157.3
1212630 1154.5
1212640 1153.1
1212650 1153.1
1212660 1152.2
1212670 1150.4
1212680 1150.4
1212690 1148.1
1212700 1146.3
1212710 1146.3
1212720 1144.1
1212730 1141.5
1212740 1141.5
1212750 1141.2
1212760 1140.9
1212770 1140.9
1212780 1139.6
1210620 1372.1
1210630 1374.7
1210640 1374.7
1210650 1379.2
1210660 1382.9
1210670 1382.9
1210680 1383.5
1210690 1382.3
1210700 1380.4
1210710 1380.4
1210720 1378.8
1210730 1376.6
1210740 1376.6
1210750 1373.9
1210760 1370.6
1210770 1370.6
1210780 1366.6
1210790 1362.3
1210800 1362.3
1210810 1356.4
1210820 1350.4
1210830 1350.4
1210840 1345.0
1210850 1340.0
1210860 1340.0
1210870 1335.7
1210880 1332.1
1210890 1332.1
1210900 1328.6
1210910 1324.6
1210920 1324.6
1210930 1320.4
1210940 1315.5
1210950 1315.5
1210960 1310.3
1210970 1304.0
1210980 1304.0
1210990 1295.3
1211000 1286.1
1211010 1286.1
1211020 1278.7
1211030 1271.3
1211040 1271.3
1211050 1264.3
1211060 1258.7
1211070 1252.0
1211080 1252.0
1211090 1249.0
1211100 1239.3
1211110 1239.3
1211120 1229.9
1211130 1222.4
1211140 1222.4
1211150 1213.9
1211160 1205.0
1211170 1205.0
1211180 1197.3
1211190 1184.5
1211200 1184.5
1211210 1171.1
1211220 1162.3
1211230 1162.3
1211240 1154.9
1211250 1149.4
1211260 1149.4
1211270 1145.2
1211280 1146.1
1211290 1146.1
1211300 1151.5
1211310 1160.5
1211320 1160.5
1211330 1167.5
1211340 1174.0
1211350 1174.0
1211360 1180.7
1211370 1186.0
1211380 1186.0
1211390 1190.6
1211400 1195.1
1211410 1198.8
1211420 1198.8
1211430 1203.6
1211440 1208.8
1211450 1208.8
1211460 1212.4
1211470 1215.9
1211480 1215.9
1211490 1220.6
1211500 1224.9
1211510 1224.9
1211520 1229.0
1211530 1233.0
1211540 1233.0
1211550 1235.5
1211560 1231.6
1211570 1231.6
1211580 1232.0
1211590 1231.7
1211600 1231.7
1211610 1233.6
1211620 1235.1
1211630 1235.1
1211640 1236.5
1211650 1237.9
1211660 1237.9
1211670 1239.2
1211680 1240.1
1211690 1240.1
1211700 1241.0
1211710 1241.5
1211720 1241.5
1211730 1242.4
1211740 1242.8
1211750 1242.8
1211760 1242.9
1211770 1243.8
1211780 1244.2
1211790 1244.2
1211800 1244.3
1211810 1243.2
1211820 1243.2
1211830 1241.6
1211840 1239.6
1211850 1239.6
1211860 1237.6
1211870 1236.0
1211880 1236.0
1211890 1234.4
1211900 1232.7
1211910 1232.7
1211920 1231.4
1211930 1230.7
1211940 1230.7
1211950 1230.6
1211960 1230.3
1211970 1230.3
1211980 1229.7
1211990 1229.1
1212000 1229.1
1212010 1228.7
1212020 1225.5
1212030 1225.5
1212040 1224.4
1212050 1223.5
1212060 1223.5
1212070 1223.0
1212080 1222.3
1212090 1222.3
1212100 1221.0
1212110 1220.0
1212120 1220.0
1212130 1218.2
1212140 1216.4
1212150 1215.0
1212160 1215.0
1212170 1213.5
1212180 1210.8
1212190 1210.8
1212200 1209.0
1212210 1208.4
1212220 1208.4
1212230 1205.0
1212240 1199.3
1212250 1199.3
1212260 1193.6
1212270 1191.9
1212280 1191.9
1212290 1195.0
1212300 1195.5
1212310 1195.5
1212320 1195.0
1212330 1194.3
1212340 1194.3
1212350 1193.0
1212360 1191.3
1212370 1191.3
1212380 1189.8
1212390 1188.6
1212400 1188.6
1212410 1186.7
1212420 1185.0
1212430 1185.0
1212440 1182.7
1212450 1181.3
1212460 1181.3
1212470 1179.0
1212480 1174.5
1212490 1173.7
1212500 1169.7
1212510 1166.8
1212520 1164.2
1212530 1164.2
1212540 1161.2
1212550 1159.7
1212560 1159.7
1212570 1159.5
1212580 1159.9
1212590 1159.9
1212600 1159.2
1212610 1157.3
1212620 1157.3
1212630 1154.5
1212640 1153.1
1212650 1153.1
1212660 1152.2
1212670 1150.4
1212680 1150.4
1212690 1148.1
1212700 1146.3
1212710 1146.3
1212720 1144.1
1212730 1141.5
1212740 1141.5
1212750 1141.2
1212760 1140.9
1212770 1140.9
1212780 1139.6
