1211410 1227.8
1211420 1227.8
1211430 1231.5
1211440 1235.6
1211450 1235.6
1211470 1244.0
1211480 1244.0
1211490 1246.4
1211500 1250.1
1211510 1250.1
1211520 1253.5
1211530 1256.3
1211540 1256.3
1211550 1256.3
1211560 1255.8
1211570 1257.1
1211580 1257.1
1211590 1256.4
1211600 1258.7
1211610 1258.7
1211620 1260.1
1211630 1260.8
1211640 1260.8
1211650 1261.1
1211660 1261.5
1211670 1261.5
1211680 1261.9
1211690 1262.0
1211700 1262.0
1211710 1262.5
1211720 1263.5
1211730 1263.5
1211740 1264.4
1211750 1265.3
1211760 1265.3
1211770 1265.9
1211780 1266.6
1211790 1266.6
1211800 1267.3
1211810 1267.5
1211820 1267.5
1211830 1267.4
1211840 1266.7
1211850 1266.7
1211860 1265.6
1211870 1264.9
1211880 1264.9
1211890 1263.9
1211900 1262.6
1211910 1262.6
1211920 1260.9
1211930 1259.0
1211940 1257.3
1211950 1257.3
1211960 1255.3
1211970 1253.5
1211980 1253.5
1211990 1251.2
1212000 1249.4
1212010 1249.4
1212020 1248.4
1212030 1247.4
1212040 1247.4
1212050 1243.2
1212060 1242.4
1212070 1242.4
1212080 1241.1
1212090 1239.9
1212100 1239.9
1212110 1238.9
1212120 1237.8
1212130 1237.8
1212140 1236.5
1212150 1235.2
1212160 1235.2
1212170 1234.2
1212180 1232.3
1212190 1232.3
1212200 1228.1
1212210 1223.7
1212220 1223.7
1212230 1219.2
1212240 1216.4
1212250 1216.4
1212260 1218.5
1212270 1219.7
1212280 1219.7
1212290 1220.4
1212300 1220.3
1212310 1219.0
1212320 1219.0
1212330 1217.0
1212340 1215.5
1212350 1215.5
1212360 1214.3
1212370 1212.4
1212380 1212.4
1212390 1209.1
1212400 1207.6
1212410 1207.6
1212420 1204.7
1212430 1199.4
1212440 1199.4
1212450 1195.1
1212460 1194.0
1212470 1194.0
1212480 1193.3
1212490 1193.1
1212500 1193.1
1212510 1193.3
1212520 1188.4
1212530 1188.4
1212540 1187.7
1212550 1185.4
1212560 1185.4
1212570 1183.3
1212580 1181.5
1212590 1181.5
1212600 1179.6
1212610 1177.1
1212620 1177.1
1212630 1178.1
1212640 1178.6
1212650 1178.6
1212660 1176.7
1211410 1227.8
1211420 1227.8
1211430 1231.5
1211440 1235.6
1211450 1235.6
1211470 1244.0
1211480 1244.0
1211490 1246.4
1211500 1250.1
1211510 1250.1
1211520 1253.5
1211530 1256.3
1211540 1256.3
1211550 1256.3
1211560 1255.8
1211570 1257.1
1211580 1257.1
1211590 1256.4
1211600 1258.7
1211610 1258.7
1211620 1260.1
1211630 1260.8
1211640 1260.8
1211650 1261.1
1211660 1261.5
1211670 1261.5
1211680 1261.9
1211690 1262.0
1211700 1262.0
1211710 1262.5
1211720 1263.5
1211730 1263.5
1211740 1264.4
1211750 1265.3
1211760 1265.3
1211770 1265.9
1211780 1266.6
1211790 1266.6
1211800 1267.3
1211810 1267.5
1211820 1267.5
1211830 1267.4
1211840 1266.7
1211850 1266.7
1211860 1265.6
1211870 1264.9
1211880 1264.9
1211890 1263.9
1211900 1262.6
1211910 1262.6
1211920 1260.9
1211930 1259.0
1211940 1257.3
1211950 1257.3
1211960 1255.3
1211970 1253.5
1211980 1253.5
1211990 1251.2
1212000 1249.4
1212010 1249.4
1212020 1248.4
1212030 1247.4
1212040 1247.4
1212050 1243.2
1212060 1242.4
1212070 1242.4
1212080 1241.1
1212090 1239.9
1212100 1239.9
1212110 1238.9
1212120 1237.8
1212130 1237.8
1212140 1236.5
1212150 1235.2
1212160 1235.2
1212170 1234.2
1212180 1232.3
1212190 1232.3
1212200 1228.1
1212210 1223.7
1212220 1223.7
1212230 1219.2
1212240 1216.4
1212250 1216.4
1212260 1218.5
1212270 1219.7
1212280 1219.7
1212290 1220.4
1212300 1220.3
1212310 1219.0
1212320 1219.0
1212330 1217.0
1212340 1215.5
1212350 1215.5
1212360 1214.3
1212370 1212.4
1212380 1212.4
1212390 1209.1
1212400 1207.6
1212410 1207.6
1212420 1204.7
1212430 1199.4
1212440 1199.4
1212450 1195.1
1212460 1194.0
1212470 1194.0
1212480 1193.3
1212490 1193.1
1212500 1193.1
1212510 1193.3
1212520 1188.4
1212530 1188.4
1212540 1187.7
1212550 1185.4
1212560 1185.4
1212570 1183.3
1212580 1181.5
1212590 1181.5
1212600 1179.6
1212610 1177.1
1212620 1177.1
1212630 1178.1
1212640 1178.6
1212650 1178.6
1212660 1176.7
1211410 1227.8
1211420 1227.8
1211430 1231.5
1211440 1235.6
1211450 1235.6
1211470 1244.0
1211480 1244.0
1211490 1246.4
1211500 1250.1
1211510 1250.1
1211520 1253.5
1211530 1256.3
1211540 1256.3
1211550 1256.3
1211560 1255.8
1211570 1257.1
1211580 1257.1
1211590 1256.4
1211600 1258.7
1211610 1258.7
1211620 1260.1
1211630 1260.8
1211640 1260.8
1211650 1261.1
1211660 1261.5
1211670 1261.5
1211680 1261.9
1211690 1262.0
1211700 1262.0
1211710 1262.5
1211720 1263.5
1211730 1263.5
1211740 1264.4
1211750 1265.3
1211760 1265.3
1211770 1265.9
1211780 1266.6
1211790 1266.6
1211800 1267.3
1211810 1267.5
1211820 1267.5
1211830 1267.4
1211840 1266.7
1211850 1266.7
1211860 1265.6
1211870 1264.9
1211880 1264.9
1211890 1263.9
1211900 1262.6
1211910 1262.6
1211920 1260.9
1211930 1259.0
1211940 1257.3
1211950 1257.3
1211960 1255.3
1211970 1253.5
1211980 1253.5
1211990 1251.2
1212000 1249.4
1212010 1249.4
1212020 1248.4
1212030 1247.4
1212040 1247.4
1212050 1243.2
1212060 1242.4
1212070 1242.4
1212080 1241.1
1212090 1239.9
1212100 1239.9
1212110 1238.9
1212120 1237.8
1212130 1237.8
1212140 1236.5
1212150 1235.2
1212160 1235.2
1212170 1234.2
1212180 1232.3
1212190 1232.3
1212200 1228.1
1212210 1223.7
1212220 1223.7
1212230 1219.2
1212240 1216.4
1212250 1216.4
1212260 1218.5
1212270 1219.7
1212280 1219.7
1212290 1220.4
1212300 1220.3
1212310 1219.0
1212320 1219.0
1212330 1217.0
1212340 1215.5
1212350 1215.5
1212360 1214.3
1212370 1212.4
1212380 1212.4
1212390 1209.1
1212400 1207.6
1212410 1207.6
1212420 1204.7
1212430 1199.4
1212440 1199.4
1212450 1195.1
1212460 1194.0
1212470 1194.0
1212480 1193.3
1212490 1193.1
1212500 1193.1
1212510 1193.3
1212520 1188.4
1212530 1188.4
1212540 1187.7
1212550 1185.4
1212560 1185.4
1212570 1183.3
1212580 1181.5
1212590 1181.5
1212600 1179.6
1212610 1177.1
1212620 1177.1
1212630 1178.1
1212640 1178.6
1212650 1178.6
1212660 1176.7
1211410 1227.8
1211420 1227.8
1211430 1231.5
1211440 1235.6
1211450 1235.6
1211470 1244.0
1211480 1244.0
1211490 1246.4
1211500 1250.1
1211510 1250.1
1211520 1253.5
1211530 1256.3
1211540 1256.3
1211550 1256.3
1211560 1255.8
1211570 1257.1
1211580 1257.1
1211590 1256.4
1211600 1258.7
1211610 1258.7
1211620 1260.1
1211630 1260.8
1211640 1260.8
1211650 1261.1
1211660 1261.5
1211670 1261.5
1211680 1261.9
1211690 1262.0
1211700 1262.0
1211710 1262.5
1211720 1263.5
1211730 1263.5
1211740 1264.4
1211750 1265.3
1211760 1265.3
1211770 1265.9
1211780 1266.6
1211790 1266.6
1211800 1267.3
1211810 1267.5
1211820 1267.5
1211830 1267.4
1211840 1266.7
1211850 1266.7
1211860 1265.6
1211870 1264.9
1211880 1264.9
1211890 1263.9
1211900 1262.6
1211910 1262.6
1211920 1260.9
1211930 1259.0
1211940 1257.3
1211950 1257.3
1211960 1255.3
1211970 1253.5
1211980 1253.5
1211990 1251.2
1212000 1249.4
1212010 1249.4
1212020 1248.4
1212030 1247.4
1212040 1247.4
1212050 1243.2
1212060 1242.4
1212070 1242.4
1212080 1241.1
1212090 1239.9
1212100 1239.9
1212110 1238.9
1212120 1237.8
1212130 1237.8
1212140 1236.5
1212150 1235.2
1212160 1235.2
1212170 1234.2
1212180 1232.3
1212190 1232.3
1212200 1228.1
1212210 1223.7
1212220 1223.7
1212230 1219.2
1212240 1216.4
1212250 1216.4
1212260 1218.5
1212270 1219.7
1212280 1219.7
1212290 1220.4
1212300 1220.3
1212310 1219.0
1212320 1219.0
1212330 1217.0
1212340 1215.5
1212350 1215.5
1212360 1214.3
1212370 1212.4
1212380 1212.4
1212390 1209.1
1212400 1207.6
1212410 1207.6
1212420 1204.7
1212430 1199.4
1212440 1199.4
1212450 1195.1
1212460 1194.0
1212470 1194.0
1212480 1193.3
1212490 1193.1
1212500 1193.1
1212510 1193.3
1212520 1188.4
1212530 1188.4
1212540 1187.7
1212550 1185.4
1212560 1185.4
1212570 1183.3
1212580 1181.5
1212590 1181.5
1212600 1179.6
1212610 1177.1
1212620 1177.1
1212630 1178.1
1212640 1178.6
1212650 1178.6
1212660 1176.7
