1208020 1212.0
1208030 1212.0
1208040 1208.7
1208050 1200.3
1208060 1193.8
1208070 1193.8
1208080 1186.1
1208090 1187.2
1208100 1187.2
1208110 1197.0
1208120 1204.5
1208130 1204.5
1208140 1211.4
1208150 1218.2
1208160 1218.2
1208170 1225.7
1208180 1233.7
1208190 1233.7
1208200 1241.3
1208210 1248.3
1208220 1248.3
1208230 1255.4
1208240 1263.6
1208250 1263.6
1208260 1271.1
1208270 1278.6
1208280 1278.6
1208290 1286.0
1208300 1294.1
1208310 1294.1
1208320 1303.1
1208330 1313.0
1208340 1313.0
1208350 1322.3
1208360 1330.9
1208370 1330.9
1208380 1339.9
1208390 1348.2
1208400 1348.2
1208410 1356.3
1208420 1364.8
1208430 1372.8
1208440 1372.8
1208450 1380.0
1208460 1386.7
1208470 1386.7
1208480 1392.2
1208490 1396.6
1208500 1396.6
1208510 1398.2
1208520 1401.9
1208530 1401.9
1208540 1405.6
1208550 1409.1
1208560 1409.1
1208570 1412.2
1208580 1414.7
1208590 1414.7
1208600 1416.8
1208610 1418.8
1208620 1418.8
1208630 1420.5
1208640 1422.1
1208650 1422.1
1208660 1423.5
1208670 1424.9
1208680 1424.9
1208690 1425.8
1208700 1426.8
1208710 1426.8
1208720 1427.3
1208730 1427.5
1208740 1427.5
1208750 1427.1
1208760 1426.1
1208770 1426.1
1208780 1424.7
1208790 1422.9
1208800 1419.6
1208810 1419.6
1208820 1415.9
1208830 1412.1
1208840 1412.1
1208850 1407.7
1208860 1403.3
1208870 1403.3
1208880 1399.0
1208890 1394.0
1208900 1394.0
1208910 1387.3
1208920 1379.0
1208930 1379.0
1208940 1370.6
1208950 1363.7
1208960 1363.7
1208970 1356.7
1208980 1346.5
1208990 1346.5
1209000 1339.3
1209010 1332.6
1209020 1332.6
1209030 1330.3
1209040 1334.3
1209050 1334.3
1209060 1339.2
1209070 1344.9
1209080 1344.9
1209090 1349.7
1209100 1351.0
1209110 1351.0
1209120 1349.5
1209130 1346.3
1209140 1346.3
1209150 1340.5
1209160 1332.7
1209170 1325.8
1209180 1325.8
1209190 1321.2
1209200 1319.1
1209210 1319.1
1209220 1315.9
1209230 1309.6
1209240 1309.6
1209250 1298.9
1209260 1286.3
1209270 1286.3
1209280 1277.5
1209290 1278.1
1209300 1278.1
1209310 1283.5
1209320 1291.4
1209330 1291.4
1209340 1303.8
1209350 1315.2
1209360 1315.2
1209370 1326.2
1209380 1330.1
1209390 1330.1
1209400 1332.9
1209410 1334.8
1209420 1334.8
1209430 1336.9
1209440 1333.4
1209450 1333.4
1209460 1334.8
1209470 1335.8
1209480 1335.8
1209490 1336.2
1209500 1336.5
1209510 1336.5
1209520 1336.5
1209530 1335.4
1209540 1334.0
1209550 1334.0
1209560 1331.6
1209570 1329.0
1209580 1329.0
1209590 1326.2
1209600 1323.8
1209610 1323.8
1209620 1320.6
1209630 1317.0
1209640 1317.0
1209650 1313.7
1209660 1310.3
1209670 1310.3
1209680 1306.2
1209690 1301.9
1209700 1301.9
1209710 1296.5
1209720 1290.7
1209730 1290.7
1209740 1284.3
1209750 1279.6
1209760 1279.6
1209770 1275.3
1209780 1271.3
1209790 1271.3
1209800 1267.7
1209810 1262.4
1209820 1262.4
1209830 1256.2
1209840 1251.1
1209850 1251.1
1209860 1244.6
1209870 1239.8
1209880 1239.8
1209890 1233.3
1209900 1223.1
1209910 1216.2
1209920 1216.2
1209930 1226.2
1209940 1237.2
1209950 1237.2
1209960 1248.7
1209970 1257.9
1209980 1257.9
1209990 1264.9
1210000 1272.4
1210010 1272.4
1210020 1279.9
1210030 1286.0
1210040 1286.0
1210050 1291.6
1210060 1295.8
1210070 1295.8
1210080 1298.6
1210090 1300.2
1210100 1300.2
1210110 1300.9
1210120 1301.3
1210130 1301.3
1210140 1301.7
1210150 1303.0
1210160 1303.0
1210170 1304.7
1210180 1306.2
1210190 1306.2
1210200 1307.3
1210210 1306.8
1210220 1306.8
1210230 1305.8
1210240 1304.7
1210250 1304.7
1210260 1303.9
1210270 1303.7
1210280 1303.6
1210290 1303.6
1210300 1303.7
1210310 1305.6
1210320 1305.6
1210330 1307.2
1210340 1308.1
1210350 1308.1
1210360 1308.4
1210370 1303.7
1210380 1303.7
1210390 1304.1
1210400 1303.6
1210410 1303.6
1210420 1302.1
1210430 1300.7
1210440 1300.7
1210450 1300.3
1210460 1299.9
1210470 1299.9
1210480 1299.2
1210490 1297.8
1210500 1297.8
1210510 1294.5
1210520 1288.9
1210530 1288.9
1210540 1284.0
1210550 1280.3
1210560 1280.3
1210570 1275.8
1210580 1271.3
1210590 1271.3
1210600 1271.4
1210610 1273.2
1210620 1273.2
1210630 1271.7
1210640 1267.7
1210650 1263.3
1210660 1263.3
1210670 1263.7
1210680 1270.9
1210690 1270.9
1210700 1277.6
1210710 1280.5
1210720 1280.5
1210730 1281.7
1210740 1282.5
1210750 1282.5
1210760 1283.6
1210770 1284.3
1210780 1284.3
1210790 1284.0
1210800 1283.9
1210810 1283.9
1210820 1283.9
1210830 1283.7
1210840 1279.6
1210850 1279.3
1210860 1279.5
1210870 1279.5
1210880 1279.5
1210890 1279.7
1210900 1279.7
1210910 1279.7
1210920 1279.4
1210930 1279.4
1210940 1278.9
1210950 1277.8
1210960 1277.8
1210970 1275.3
1210980 1271.6
1210990 1268.2
1211000 1268.2
1211010 1265.0
1211020 1261.5
1211030 1261.5
1211040 1257.7
1211050 1253.8
1211060 1253.8
1211070 1249.9
1211080 1246.5
1211090 1246.5
1211100 1243.7
1211110 1241.1
1211120 1241.1
1211130 1239.2
1211140 1237.5
1211150 1237.5
1211160 1236.4
1211170 1235.0
1211180 1235.0
1211190 1233.3
1211200 1231.2
1211210 1231.2
1211220 1229.1
1211230 1226.7
1211240 1226.7
1211250 1222.8
1211260 1217.5
1211270 1217.5
1211280 1213.0
1211290 1210.2
1211300 1210.2
1211310 1206.9
1211320 1201.7
1211330 1201.7
1211340 1194.2
1211350 1186.7
1211360 1179.5
1211370 1179.5
1211380 1172.0
1211390 1157.4
1211400 1157.4
1211410 1143.8
1211420 1134.4
1211430 1134.4
1211440 1121.1
1211450 1108.3
1211460 1108.3
1211470 1104.8
1211480 1105.7
1211490 1105.7
1211500 1113.2
1211510 1127.5
1211520 1127.5
1211530 1138.1
1211540 1142.4
1211550 1142.4
1211560 1149.2
1211570 1155.8
1211580 1155.8
1211590 1157.3
1211600 1155.7
1211610 1155.7
1211620 1158.6
1211630 1165.1
1211640 1165.1
1211650 1170.9
1211660 1176.4
1211670 1176.4
1211680 1180.7
1211690 1183.5
1211700 1183.5
1211710 1185.9
1211720 1187.7
1211730 1188.9
1211740 1188.9
1211750 1187.9
1211760 1182.5
1211770 1181.2
1211780 1175.8
1211790 1173.5
1211800 1173.5
1211810 1171.8
1211820 1169.6
1211830 1169.6
1211840 1167.3
1211850 1165.0
1211860 1165.0
1211870 1163.4
1211880 1164.2
1211890 1164.2
1211900 1164.9
1211910 1162.9
1211920 1162.9
1211930 1158.8
1211940 1156.2
1211950 1156.2
1211960 1155.6
1211970 1155.5
1211980 1155.5
1211990 1155.9
1212000 1157.7
1212010 1157.7
1212020 1157.2
1212030 1155.8
1212040 1155.8
1212050 1154.6
1212060 1153.4
1212070 1153.4
1212080 1151.7
1212090 1150.8
1212100 1150.5
1212110 1150.5
1212120 1149.8
1212130 1148.6
1212140 1148.6
1212150 1147.1
1212160 1145.1
1212170 1145.1
1212180 1142.3
1212190 1140.7
1212200 1140.7
1212210 1138.0
1212220 1134.6
1212230 1134.6
1212240 1129.4
1212250 1127.2
1212260 1127.2
1212270 1123.8
1212280 1117.5
1212290 1117.5
1212300 1113.0
1212310 1115.5
1212320 1115.5
1212330 1116.6
1212340 1111.1
1212350 1111.1
1212360 1108.2
1212370 1110.5
1212380 1110.5
1212390 1104.8
1212400 1100.3
1212410 1100.3
1212420 1101.3
1212430 1102.1
1212440 1102.1
1212450 1097.6
1212460 1096.9
1212470 1099.9
1212480 1099.9
1212490 1098.3
1212500 1093.5
1212510 1093.5
1212520 1090.4
1212530 1091.1
1212540 1091.1
1212550 1091.6
1212560 1089.0
1212570 1089.0
1212580 1086.1
1212590 1082.5
1212600 1082.5
1212610 1081.3
1212620 1079.3
1212630 1079.3
1212640 1077.7
1212650 1077.3
1212660 1077.3
1212670 1077.2
1212680 1077.5
1212690 1077.5
1212700 1077.8
1212710 1074.0
1212720 1074.0
1212730 1074.4
1212740 1074.9
1212750 1074.9
1212760 1075.4
1212770 1076.0
1212780 1076.0
1212790 1075.5
1212800 1073.9
1212810 1073.9
1212820 1072.0
1212830 1069.8
1212840 1069.1
1212850 1069.1
1212860 1068.8
1212870 1067.7
1212880 1067.7
1212890 1066.8
1212900 1065.4
1212910 1065.4
1212920 1064.9
1212930 1064.8
1212940 1064.8
1212950 1064.6
1212960 1064.4
1212970 1064.4
1212980 1064.0
1208020 1212.0
1208030 1212.0
1208040 1208.7
1208050 1200.3
1208060 1193.8
1208070 1193.8
1208080 1186.1
1208090 1187.2
1208100 1187.2
1208110 1197.0
1208120 1204.5
1208130 1204.5
1208140 1211.4
1208150 1218.2
1208160 1218.2
1208170 1225.7
1208180 1233.7
1208190 1233.7
1208200 1241.3
1208210 1248.3
1208220 1248.3
1208230 1255.4
1208240 1263.6
1208250 1263.6
1208260 1271.1
1208270 1278.6
1208280 1278.6
1208290 1286.0
1208300 1294.1
1208310 1294.1
1208320 1303.1
1208330 1313.0
1208340 1313.0
1208350 1322.3
1208360 1330.9
1208370 1330.9
1208380 1339.9
1208390 1348.2
1208400 1348.2
1208410 1356.3
1208420 1364.8
1208430 1372.8
1208440 1372.8
1208450 1380.0
1208460 1386.7
1208470 1386.7
1208480 1392.2
1208490 1396.6
1208500 1396.6
1208510 1398.2
1208520 1401.9
1208530 1401.9
1208540 1405.6
1208550 1409.1
1208560 1409.1
1208570 1412.2
1208580 1414.7
1208590 1414.7
1208600 1416.8
1208610 1418.8
1208620 1418.8
1208630 1420.5
1208640 1422.1
1208650 1422.1
1208660 1423.5
1208670 1424.9
1208680 1424.9
1208690 1425.8
1208700 1426.8
1208710 1426.8
1208720 1427.3
1208730 1427.5
1208740 1427.5
1208750 1427.1
1208760 1426.1
1208770 1426.1
1208780 1424.7
1208790 1422.9
1208800 1419.6
1208810 1419.6
1208820 1415.9
1208830 1412.1
1208840 1412.1
1208850 1407.7
1208860 1403.3
1208870 1403.3
1208880 1399.0
1208890 1394.0
1208900 1394.0
1208910 1387.3
1208920 1379.0
1208930 1379.0
1208940 1370.6
1208950 1363.7
1208960 1363.7
1208970 1356.7
1208980 1346.5
1208990 1346.5
1209000 1339.3
1209010 1332.6
1209020 1332.6
1209030 1330.3
1209040 1334.3
1209050 1334.3
1209060 1339.2
1209070 1344.9
1209080 1344.9
1209090 1349.7
1209100 1351.0
1209110 1351.0
1209120 1349.5
1209130 1346.3
1209140 1346.3
1209150 1340.5
1209160 1332.7
1209170 1325.8
1209180 1325.8
1209190 1321.2
1209200 1319.1
1209210 1319.1
1209220 1315.9
1209230 1309.6
1209240 1309.6
1209250 1298.9
1209260 1286.3
1209270 1286.3
1209280 1277.5
1209290 1278.1
1209300 1278.1
1209310 1283.5
1209320 1291.4
1209330 1291.4
1209340 1303.8
1209350 1315.2
1209360 1315.2
1209370 1326.2
1209380 1330.1
1209390 1330.1
1209400 1332.9
1209410 1334.8
1209420 1334.8
1209430 1336.9
1209440 1333.4
1209450 1333.4
1209460 1334.8
1209470 1335.8
1209480 1335.8
1209490 1336.2
1209500 1336.5
1209510 1336.5
1209520 1336.5
1209530 1335.4
1209540 1334.0
1209550 1334.0
1209560 1331.6
1209570 1329.0
1209580 1329.0
1209590 1326.2
1209600 1323.8
1209610 1323.8
1209620 1320.6
1209630 1317.0
1209640 1317.0
1209650 1313.7
1209660 1310.3
1209670 1310.3
1209680 1306.2
1209690 1301.9
1209700 1301.9
1209710 1296.5
1209720 1290.7
1209730 1290.7
1209740 1284.3
1209750 1279.6
1209760 1279.6
1209770 1275.3
1209780 1271.3
1209790 1271.3
1209800 1267.7
1209810 1262.4
1209820 1262.4
1209830 1256.2
1209840 1251.1
1209850 1251.1
1209860 1244.6
1209870 1239.8
1209880 1239.8
1209890 1233.3
1209900 1223.1
1209910 1216.2
1209920 1216.2
1209930 1226.2
1209940 1237.2
1209950 1237.2
1209960 1248.7
1209970 1257.9
1209980 1257.9
1209990 1264.9
1210000 1272.4
1210010 1272.4
1210020 1279.9
1210030 1286.0
1210040 1286.0
1210050 1291.6
1210060 1295.8
1210070 1295.8
1210080 1298.6
1210090 1300.2
1210100 1300.2
1210110 1300.9
1210120 1301.3
1210130 1301.3
1210140 1301.7
1210150 1303.0
1210160 1303.0
1210170 1304.7
1210180 1306.2
1210190 1306.2
1210200 1307.3
1210210 1306.8
1210220 1306.8
1210230 1305.8
1210240 1304.7
1210250 1304.7
1210260 1303.9
1210270 1303.7
1210280 1303.6
1210290 1303.6
1210300 1303.7
1210310 1305.6
1210320 1305.6
1210330 1307.2
1210340 1308.1
1210350 1308.1
1210360 1308.4
1210370 1303.7
1210380 1303.7
1210390 1304.1
1210400 1303.6
1210410 1303.6
1210420 1302.1
1210430 1300.7
1210440 1300.7
1210450 1300.3
1210460 1299.9
1210470 1299.9
1210480 1299.2
1210490 1297.8
1210500 1297.8
1210510 1294.5
1210520 1288.9
1210530 1288.9
1210540 1284.0
1210550 1280.3
1210560 1280.3
1210570 1275.8
1210580 1271.3
1210590 1271.3
1210600 1271.4
1210610 1273.2
1210620 1273.2
1210630 1271.7
1210640 1267.7
1210650 1263.3
1210660 1263.3
1210670 1263.7
1210680 1270.9
1210690 1270.9
1210700 1277.6
1210710 1280.5
1210720 1280.5
1210730 1281.7
1210740 1282.5
1210750 1282.5
1210760 1283.6
1210770 1284.3
1210780 1284.3
1210790 1284.0
1210800 1283.9
1210810 1283.9
1210820 1283.9
1210830 1283.7
1210840 1279.6
1210850 1279.3
1210860 1279.5
1210870 1279.5
1210880 1279.5
1210890 1279.7
1210900 1279.7
1210910 1279.7
1210920 1279.4
1210930 1279.4
1210940 1278.9
1210950 1277.8
1210960 1277.8
1210970 1275.3
1210980 1271.6
1210990 1268.2
1211000 1268.2
1211010 1265.0
1211020 1261.5
1211030 1261.5
1211040 1257.7
1211050 1253.8
1211060 1253.8
1211070 1249.9
1211080 1246.5
1211090 1246.5
1211100 1243.7
1211110 1241.1
1211120 1241.1
1211130 1239.2
1211140 1237.5
1211150 1237.5
1211160 1236.4
1211170 1235.0
1211180 1235.0
1211190 1233.3
1211200 1231.2
1211210 1231.2
1211220 1229.1
1211230 1226.7
1211240 1226.7
1211250 1222.8
1211260 1217.5
1211270 1217.5
1211280 1213.0
1211290 1210.2
1211300 1210.2
1211310 1206.9
1211320 1201.7
1211330 1201.7
1211340 1194.2
1211350 1186.7
1211360 1179.5
1211370 1179.5
1211380 1172.0
1211390 1157.4
1211400 1157.4
1211410 1143.8
1211420 1134.4
1211430 1134.4
1211440 1121.1
1211450 1108.3
1211460 1108.3
1211470 1104.8
1211480 1105.7
1211490 1105.7
1211500 1113.2
1211510 1127.5
1211520 1127.5
1211530 1138.1
1211540 1142.4
1211550 1142.4
1211560 1149.2
1211570 1155.8
1211580 1155.8
1211590 1157.3
1211600 1155.7
1211610 1155.7
1211620 1158.6
1211630 1165.1
1211640 1165.1
1211650 1170.9
1211660 1176.4
1211670 1176.4
1211680 1180.7
1211690 1183.5
1211700 1183.5
1211710 1185.9
1211720 1187.7
1211730 1188.9
1211740 1188.9
1211750 1187.9
1211760 1182.5
1211770 1181.2
1211780 1175.8
1211790 1173.5
1211800 1173.5
1211810 1171.8
1211820 1169.6
1211830 1169.6
1211840 1167.3
1211850 1165.0
1211860 1165.0
1211870 1163.4
1211880 1164.2
1211890 1164.2
1211900 1164.9
1211910 1162.9
1211920 1162.9
1211930 1158.8
1211940 1156.2
1211950 1156.2
1211960 1155.6
1211970 1155.5
1211980 1155.5
1211990 1155.9
1212000 1157.7
1212010 1157.7
1212020 1157.2
1212030 1155.8
1212040 1155.8
1212050 1154.6
1212060 1153.4
1212070 1153.4
1212080 1151.7
1212090 1150.8
1212100 1150.5
1212110 1150.5
1212120 1149.8
1212130 1148.6
1212140 1148.6
1212150 1147.1
1212160 1145.1
1212170 1145.1
1212180 1142.3
1212190 1140.7
1212200 1140.7
1212210 1138.0
1212220 1134.6
1212230 1134.6
1212240 1129.4
1212250 1127.2
1212260 1127.2
1212270 1123.8
1212280 1117.5
1212290 1117.5
1212300 1113.0
1212310 1115.5
1212320 1115.5
1212330 1116.6
1212340 1111.1
1212350 1111.1
1212360 1108.2
1212370 1110.5
1212380 1110.5
1212390 1104.8
1212400 1100.3
1212410 1100.3
1212420 1101.3
1212430 1102.1
1212440 1102.1
1212450 1097.6
1212460 1096.9
1212470 1099.9
1212480 1099.9
1212490 1098.3
1212500 1093.5
1212510 1093.5
1212520 1090.4
1212530 1091.1
1212540 1091.1
1212550 1091.6
1212560 1089.0
1212570 1089.0
1212580 1086.1
1212590 1082.5
1212600 1082.5
1212610 1081.3
1212620 1079.3
1212630 1079.3
1212640 1077.7
1212650 1077.3
1212660 1077.3
1212670 1077.2
1212680 1077.5
1212690 1077.5
1212700 1077.8
1212710 1074.0
1212720 1074.0
1212730 1074.4
1212740 1074.9
1212750 1074.9
1212760 1075.4
1212770 1076.0
1212780 1076.0
1212790 1075.5
1212800 1073.9
1212810 1073.9
1212820 1072.0
1212830 1069.8
1212840 1069.1
1212850 1069.1
1212860 1068.8
1212870 1067.7
1212880 1067.7
1212890 1066.8
1212900 1065.4
1212910 1065.4
1212920 1064.9
1212930 1064.8
1212940 1064.8
1212950 1064.6
1212960 1064.4
1212970 1064.4
1212980 1064.0
1208020 1212.0
1208030 1212.0
1208040 1208.7
1208050 1200.3
1208060 1193.8
1208070 1193.8
1208080 1186.1
1208090 1187.2
1208100 1187.2
1208110 1197.0
1208120 1204.5
1208130 1204.5
1208140 1211.4
1208150 1218.2
1208160 1218.2
1208170 1225.7
1208180 1233.7
1208190 1233.7
1208200 1241.3
1208210 1248.3
1208220 1248.3
1208230 1255.4
1208240 1263.6
1208250 1263.6
1208260 1271.1
1208270 1278.6
1208280 1278.6
1208290 1286.0
1208300 1294.1
1208310 1294.1
1208320 1303.1
1208330 1313.0
1208340 1313.0
1208350 1322.3
1208360 1330.9
1208370 1330.9
1208380 1339.9
1208390 1348.2
1208400 1348.2
1208410 1356.3
1208420 1364.8
1208430 1372.8
1208440 1372.8
1208450 1380.0
1208460 1386.7
1208470 1386.7
1208480 1392.2
1208490 1396.6
1208500 1396.6
1208510 1398.2
1208520 1401.9
1208530 1401.9
1208540 1405.6
1208550 1409.1
1208560 1409.1
1208570 1412.2
1208580 1414.7
1208590 1414.7
1208600 1416.8
1208610 1418.8
1208620 1418.8
1208630 1420.5
1208640 1422.1
1208650 1422.1
1208660 1423.5
1208670 1424.9
1208680 1424.9
1208690 1425.8
1208700 1426.8
1208710 1426.8
1208720 1427.3
1208730 1427.5
1208740 1427.5
1208750 1427.1
1208760 1426.1
1208770 1426.1
1208780 1424.7
1208790 1422.9
1208800 1419.6
1208810 1419.6
1208820 1415.9
1208830 1412.1
1208840 1412.1
1208850 1407.7
1208860 1403.3
1208870 1403.3
1208880 1399.0
1208890 1394.0
1208900 1394.0
1208910 1387.3
1208920 1379.0
1208930 1379.0
1208940 1370.6
1208950 1363.7
1208960 1363.7
1208970 1356.7
1208980 1346.5
1208990 1346.5
1209000 1339.3
1209010 1332.6
1209020 1332.6
1209030 1330.3
1209040 1334.3
1209050 1334.3
1209060 1339.2
1209070 1344.9
1209080 1344.9
1209090 1349.7
1209100 1351.0
1209110 1351.0
1209120 1349.5
1209130 1346.3
1209140 1346.3
1209150 1340.5
1209160 1332.7
1209170 1325.8
1209180 1325.8
1209190 1321.2
1209200 1319.1
1209210 1319.1
1209220 1315.9
1209230 1309.6
1209240 1309.6
1209250 1298.9
1209260 1286.3
1209270 1286.3
1209280 1277.5
1209290 1278.1
1209300 1278.1
1209310 1283.5
1209320 1291.4
1209330 1291.4
1209340 1303.8
1209350 1315.2
1209360 1315.2
1209370 1326.2
1209380 1330.1
1209390 1330.1
1209400 1332.9
1209410 1334.8
1209420 1334.8
1209430 1336.9
1209440 1333.4
1209450 1333.4
1209460 1334.8
1209470 1335.8
1209480 1335.8
1209490 1336.2
1209500 1336.5
1209510 1336.5
1209520 1336.5
1209530 1335.4
1209540 1334.0
1209550 1334.0
1209560 1331.6
1209570 1329.0
1209580 1329.0
1209590 1326.2
1209600 1323.8
1209610 1323.8
1209620 1320.6
1209630 1317.0
1209640 1317.0
1209650 1313.7
1209660 1310.3
1209670 1310.3
1209680 1306.2
1209690 1301.9
1209700 1301.9
1209710 1296.5
1209720 1290.7
1209730 1290.7
1209740 1284.3
1209750 1279.6
1209760 1279.6
1209770 1275.3
1209780 1271.3
1209790 1271.3
1209800 1267.7
1209810 1262.4
1209820 1262.4
1209830 1256.2
1209840 1251.1
1209850 1251.1
1209860 1244.6
1209870 1239.8
1209880 1239.8
1209890 1233.3
1209900 1223.1
1209910 1216.2
1209920 1216.2
1209930 1226.2
1209940 1237.2
1209950 1237.2
1209960 1248.7
1209970 1257.9
1209980 1257.9
1209990 1264.9
1210000 1272.4
1210010 1272.4
1210020 1279.9
1210030 1286.0
1210040 1286.0
1210050 1291.6
1210060 1295.8
1210070 1295.8
1210080 1298.6
1210090 1300.2
1210100 1300.2
1210110 1300.9
1210120 1301.3
1210130 1301.3
1210140 1301.7
1210150 1303.0
1210160 1303.0
1210170 1304.7
1210180 1306.2
1210190 1306.2
1210200 1307.3
1210210 1306.8
1210220 1306.8
1210230 1305.8
1210240 1304.7
1210250 1304.7
1210260 1303.9
1210270 1303.7
1210280 1303.6
1210290 1303.6
1210300 1303.7
1210310 1305.6
1210320 1305.6
1210330 1307.2
1210340 1308.1
1210350 1308.1
1210360 1308.4
1210370 1303.7
1210380 1303.7
1210390 1304.1
1210400 1303.6
1210410 1303.6
1210420 1302.1
1210430 1300.7
1210440 1300.7
1210450 1300.3
1210460 1299.9
1210470 1299.9
1210480 1299.2
1210490 1297.8
1210500 1297.8
1210510 1294.5
1210520 1288.9
1210530 1288.9
1210540 1284.0
1210550 1280.3
1210560 1280.3
1210570 1275.8
1210580 1271.3
1210590 1271.3
1210600 1271.4
1210610 1273.2
1210620 1273.2
1210630 1271.7
1210640 1267.7
1210650 1263.3
1210660 1263.3
1210670 1263.7
1210680 1270.9
1210690 1270.9
1210700 1277.6
1210710 1280.5
1210720 1280.5
1210730 1281.7
1210740 1282.5
1210750 1282.5
1210760 1283.6
1210770 1284.3
1210780 1284.3
1210790 1284.0
1210800 1283.9
1210810 1283.9
1210820 1283.9
1210830 1283.7
1210840 1279.6
1210850 1279.3
1210860 1279.5
1210870 1279.5
1210880 1279.5
1210890 1279.7
1210900 1279.7
1210910 1279.7
1210920 1279.4
1210930 1279.4
1210940 1278.9
1210950 1277.8
1210960 1277.8
1210970 1275.3
1210980 1271.6
1210990 1268.2
1211000 1268.2
1211010 1265.0
1211020 1261.5
1211030 1261.5
1211040 1257.7
1211050 1253.8
1211060 1253.8
1211070 1249.9
1211080 1246.5
1211090 1246.5
1211100 1243.7
1211110 1241.1
1211120 1241.1
1211130 1239.2
1211140 1237.5
1211150 1237.5
1211160 1236.4
1211170 1235.0
1211180 1235.0
1211190 1233.3
1211200 1231.2
1211210 1231.2
1211220 1229.1
1211230 1226.7
1211240 1226.7
1211250 1222.8
1211260 1217.5
1211270 1217.5
1211280 1213.0
1211290 1210.2
1211300 1210.2
1211310 1206.9
1211320 1201.7
1211330 1201.7
1211340 1194.2
1211350 1186.7
1211360 1179.5
1211370 1179.5
1211380 1172.0
1211390 1157.4
1211400 1157.4
1211410 1143.8
1211420 1134.4
1211430 1134.4
1211440 1121.1
1211450 1108.3
1211460 1108.3
1211470 1104.8
1211480 1105.7
1211490 1105.7
1211500 1113.2
1211510 1127.5
1211520 1127.5
1211530 1138.1
1211540 1142.4
1211550 1142.4
1211560 1149.2
1211570 1155.8
1211580 1155.8
1211590 1157.3
1211600 1155.7
1211610 1155.7
1211620 1158.6
1211630 1165.1
1211640 1165.1
1211650 1170.9
1211660 1176.4
1211670 1176.4
1211680 1180.7
1211690 1183.5
1211700 1183.5
1211710 1185.9
1211720 1187.7
1211730 1188.9
1211740 1188.9
1211750 1187.9
1211760 1182.5
1211770 1181.2
1211780 1175.8
1211790 1173.5
1211800 1173.5
1211810 1171.8
1211820 1169.6
1211830 1169.6
1211840 1167.3
1211850 1165.0
1211860 1165.0
1211870 1163.4
1211880 1164.2
1211890 1164.2
1211900 1164.9
1211910 1162.9
1211920 1162.9
1211930 1158.8
1211940 1156.2
1211950 1156.2
1211960 1155.6
1211970 1155.5
1211980 1155.5
1211990 1155.9
1212000 1157.7
1212010 1157.7
1212020 1157.2
1212030 1155.8
1212040 1155.8
1212050 1154.6
1212060 1153.4
1212070 1153.4
1212080 1151.7
1212090 1150.8
1212100 1150.5
1212110 1150.5
1212120 1149.8
1212130 1148.6
1212140 1148.6
1212150 1147.1
1212160 1145.1
1212170 1145.1
1212180 1142.3
1212190 1140.7
1212200 1140.7
1212210 1138.0
1212220 1134.6
1212230 1134.6
1212240 1129.4
1212250 1127.2
1212260 1127.2
1212270 1123.8
1212280 1117.5
1212290 1117.5
1212300 1113.0
1212310 1115.5
1212320 1115.5
1212330 1116.6
1212340 1111.1
1212350 1111.1
1212360 1108.2
1212370 1110.5
1212380 1110.5
1212390 1104.8
1212400 1100.3
1212410 1100.3
1212420 1101.3
1212430 1102.1
1212440 1102.1
1212450 1097.6
1212460 1096.9
1212470 1099.9
1212480 1099.9
1212490 1098.3
1212500 1093.5
1212510 1093.5
1212520 1090.4
1212530 1091.1
1212540 1091.1
1212550 1091.6
1212560 1089.0
1212570 1089.0
1212580 1086.1
1212590 1082.5
1212600 1082.5
1212610 1081.3
1212620 1079.3
1212630 1079.3
1212640 1077.7
1212650 1077.3
1212660 1077.3
1212670 1077.2
1212680 1077.5
1212690 1077.5
1212700 1077.8
1212710 1074.0
1212720 1074.0
1212730 1074.4
1212740 1074.9
1212750 1074.9
1212760 1075.4
1212770 1076.0
1212780 1076.0
1212790 1075.5
1212800 1073.9
1212810 1073.9
1212820 1072.0
1212830 1069.8
1212840 1069.1
1212850 1069.1
1212860 1068.8
1212870 1067.7
1212880 1067.7
1212890 1066.8
1212900 1065.4
1212910 1065.4
1212920 1064.9
1212930 1064.8
1212940 1064.8
1212950 1064.6
1212960 1064.4
1212970 1064.4
1212980 1064.0
1208020 1212.0
1208030 1212.0
1208040 1208.7
1208050 1200.3
1208060 1193.8
1208070 1193.8
1208080 1186.1
1208090 1187.2
1208100 1187.2
1208110 1197.0
1208120 1204.5
1208130 1204.5
1208140 1211.4
1208150 1218.2
1208160 1218.2
1208170 1225.7
1208180 1233.7
1208190 1233.7
1208200 1241.3
1208210 1248.3
1208220 1248.3
1208230 1255.4
1208240 1263.6
1208250 1263.6
1208260 1271.1
1208270 1278.6
1208280 1278.6
1208290 1286.0
1208300 1294.1
1208310 1294.1
1208320 1303.1
1208330 1313.0
1208340 1313.0
1208350 1322.3
1208360 1330.9
1208370 1330.9
1208380 1339.9
1208390 1348.2
1208400 1348.2
1208410 1356.3
1208420 1364.8
1208430 1372.8
1208440 1372.8
1208450 1380.0
1208460 1386.7
1208470 1386.7
1208480 1392.2
1208490 1396.6
1208500 1396.6
1208510 1398.2
1208520 1401.9
1208530 1401.9
1208540 1405.6
1208550 1409.1
1208560 1409.1
1208570 1412.2
1208580 1414.7
1208590 1414.7
1208600 1416.8
1208610 1418.8
1208620 1418.8
1208630 1420.5
1208640 1422.1
1208650 1422.1
1208660 1423.5
1208670 1424.9
1208680 1424.9
1208690 1425.8
1208700 1426.8
1208710 1426.8
1208720 1427.3
1208730 1427.5
1208740 1427.5
1208750 1427.1
1208760 1426.1
1208770 1426.1
1208780 1424.7
1208790 1422.9
1208800 1419.6
1208810 1419.6
1208820 1415.9
1208830 1412.1
1208840 1412.1
1208850 1407.7
1208860 1403.3
1208870 1403.3
1208880 1399.0
1208890 1394.0
1208900 1394.0
1208910 1387.3
1208920 1379.0
1208930 1379.0
1208940 1370.6
1208950 1363.7
1208960 1363.7
1208970 1356.7
1208980 1346.5
1208990 1346.5
1209000 1339.3
1209010 1332.6
1209020 1332.6
1209030 1330.3
1209040 1334.3
1209050 1334.3
1209060 1339.2
1209070 1344.9
1209080 1344.9
1209090 1349.7
1209100 1351.0
1209110 1351.0
1209120 1349.5
1209130 1346.3
1209140 1346.3
1209150 1340.5
1209160 1332.7
1209170 1325.8
1209180 1325.8
1209190 1321.2
1209200 1319.1
1209210 1319.1
1209220 1315.9
1209230 1309.6
1209240 1309.6
1209250 1298.9
1209260 1286.3
1209270 1286.3
1209280 1277.5
1209290 1278.1
1209300 1278.1
1209310 1283.5
1209320 1291.4
1209330 1291.4
1209340 1303.8
1209350 1315.2
1209360 1315.2
1209370 1326.2
1209380 1330.1
1209390 1330.1
1209400 1332.9
1209410 1334.8
1209420 1334.8
1209430 1336.9
1209440 1333.4
1209450 1333.4
1209460 1334.8
1209470 1335.8
1209480 1335.8
1209490 1336.2
1209500 1336.5
1209510 1336.5
1209520 1336.5
1209530 1335.4
1209540 1334.0
1209550 1334.0
1209560 1331.6
1209570 1329.0
1209580 1329.0
1209590 1326.2
1209600 1323.8
1209610 1323.8
1209620 1320.6
1209630 1317.0
1209640 1317.0
1209650 1313.7
1209660 1310.3
1209670 1310.3
1209680 1306.2
1209690 1301.9
1209700 1301.9
1209710 1296.5
1209720 1290.7
1209730 1290.7
1209740 1284.3
1209750 1279.6
1209760 1279.6
1209770 1275.3
1209780 1271.3
1209790 1271.3
1209800 1267.7
1209810 1262.4
1209820 1262.4
1209830 1256.2
1209840 1251.1
1209850 1251.1
1209860 1244.6
1209870 1239.8
1209880 1239.8
1209890 1233.3
1209900 1223.1
1209910 1216.2
1209920 1216.2
1209930 1226.2
1209940 1237.2
1209950 1237.2
1209960 1248.7
1209970 1257.9
1209980 1257.9
1209990 1264.9
1210000 1272.4
1210010 1272.4
1210020 1279.9
1210030 1286.0
1210040 1286.0
1210050 1291.6
1210060 1295.8
1210070 1295.8
1210080 1298.6
1210090 1300.2
1210100 1300.2
1210110 1300.9
1210120 1301.3
1210130 1301.3
1210140 1301.7
1210150 1303.0
1210160 1303.0
1210170 1304.7
1210180 1306.2
1210190 1306.2
1210200 1307.3
1210210 1306.8
1210220 1306.8
1210230 1305.8
1210240 1304.7
1210250 1304.7
1210260 1303.9
1210270 1303.7
1210280 1303.6
1210290 1303.6
1210300 1303.7
1210310 1305.6
1210320 1305.6
1210330 1307.2
1210340 1308.1
1210350 1308.1
1210360 1308.4
1210370 1303.7
1210380 1303.7
1210390 1304.1
1210400 1303.6
1210410 1303.6
1210420 1302.1
1210430 1300.7
1210440 1300.7
1210450 1300.3
1210460 1299.9
1210470 1299.9
1210480 1299.2
1210490 1297.8
1210500 1297.8
1210510 1294.5
1210520 1288.9
1210530 1288.9
1210540 1284.0
1210550 1280.3
1210560 1280.3
1210570 1275.8
1210580 1271.3
1210590 1271.3
1210600 1271.4
1210610 1273.2
1210620 1273.2
1210630 1271.7
1210640 1267.7
1210650 1263.3
1210660 1263.3
1210670 1263.7
1210680 1270.9
1210690 1270.9
1210700 1277.6
1210710 1280.5
1210720 1280.5
1210730 1281.7
1210740 1282.5
1210750 1282.5
1210760 1283.6
1210770 1284.3
1210780 1284.3
1210790 1284.0
1210800 1283.9
1210810 1283.9
1210820 1283.9
1210830 1283.7
1210840 1279.6
1210850 1279.3
1210860 1279.5
1210870 1279.5
1210880 1279.5
1210890 1279.7
1210900 1279.7
1210910 1279.7
1210920 1279.4
1210930 1279.4
1210940 1278.9
1210950 1277.8
1210960 1277.8
1210970 1275.3
1210980 1271.6
1210990 1268.2
1211000 1268.2
1211010 1265.0
1211020 1261.5
1211030 1261.5
1211040 1257.7
1211050 1253.8
1211060 1253.8
1211070 1249.9
1211080 1246.5
1211090 1246.5
1211100 1243.7
1211110 1241.1
1211120 1241.1
1211130 1239.2
1211140 1237.5
1211150 1237.5
1211160 1236.4
1211170 1235.0
1211180 1235.0
1211190 1233.3
1211200 1231.2
1211210 1231.2
1211220 1229.1
1211230 1226.7
1211240 1226.7
1211250 1222.8
1211260 1217.5
1211270 1217.5
1211280 1213.0
1211290 1210.2
1211300 1210.2
1211310 1206.9
1211320 1201.7
1211330 1201.7
1211340 1194.2
1211350 1186.7
1211360 1179.5
1211370 1179.5
1211380 1172.0
1211390 1157.4
1211400 1157.4
1211410 1143.8
1211420 1134.4
1211430 1134.4
1211440 1121.1
1211450 1108.3
1211460 1108.3
1211470 1104.8
1211480 1105.7
1211490 1105.7
1211500 1113.2
1211510 1127.5
1211520 1127.5
1211530 1138.1
1211540 1142.4
1211550 1142.4
1211560 1149.2
1211570 1155.8
1211580 1155.8
1211590 1157.3
1211600 1155.7
1211610 1155.7
1211620 1158.6
1211630 1165.1
1211640 1165.1
1211650 1170.9
1211660 1176.4
1211670 1176.4
1211680 1180.7
1211690 1183.5
1211700 1183.5
1211710 1185.9
1211720 1187.7
1211730 1188.9
1211740 1188.9
1211750 1187.9
1211760 1182.5
1211770 1181.2
1211780 1175.8
1211790 1173.5
1211800 1173.5
1211810 1171.8
1211820 1169.6
1211830 1169.6
1211840 1167.3
1211850 1165.0
1211860 1165.0
1211870 1163.4
1211880 1164.2
1211890 1164.2
1211900 1164.9
1211910 1162.9
1211920 1162.9
1211930 1158.8
1211940 1156.2
1211950 1156.2
1211960 1155.6
1211970 1155.5
1211980 1155.5
1211990 1155.9
1212000 1157.7
1212010 1157.7
1212020 1157.2
1212030 1155.8
1212040 1155.8
1212050 1154.6
1212060 1153.4
1212070 1153.4
1212080 1151.7
1212090 1150.8
1212100 1150.5
1212110 1150.5
1212120 1149.8
1212130 1148.6
1212140 1148.6
1212150 1147.1
1212160 1145.1
1212170 1145.1
1212180 1142.3
1212190 1140.7
1212200 1140.7
1212210 1138.0
1212220 1134.6
1212230 1134.6
1212240 1129.4
1212250 1127.2
1212260 1127.2
1212270 1123.8
1212280 1117.5
1212290 1117.5
1212300 1113.0
1212310 1115.5
1212320 1115.5
1212330 1116.6
1212340 1111.1
1212350 1111.1
1212360 1108.2
1212370 1110.5
1212380 1110.5
1212390 1104.8
1212400 1100.3
1212410 1100.3
1212420 1101.3
1212430 1102.1
1212440 1102.1
1212450 1097.6
1212460 1096.9
1212470 1099.9
1212480 1099.9
1212490 1098.3
1212500 1093.5
1212510 1093.5
1212520 1090.4
1212530 1091.1
1212540 1091.1
1212550 1091.6
1212560 1089.0
1212570 1089.0
1212580 1086.1
1212590 1082.5
1212600 1082.5
1212610 1081.3
1212620 1079.3
1212630 1079.3
1212640 1077.7
1212650 1077.3
1212660 1077.3
1212670 1077.2
1212680 1077.5
1212690 1077.5
1212700 1077.8
1212710 1074.0
1212720 1074.0
1212730 1074.4
1212740 1074.9
1212750 1074.9
1212760 1075.4
1212770 1076.0
1212780 1076.0
1212790 1075.5
1212800 1073.9
1212810 1073.9
1212820 1072.0
1212830 1069.8
1212840 1069.1
1212850 1069.1
1212860 1068.8
1212870 1067.7
1212880 1067.7
1212890 1066.8
1212900 1065.4
1212910 1065.4
1212920 1064.9
1212930 1064.8
1212940 1064.8
1212950 1064.6
1212960 1064.4
1212970 1064.4
1212980 1064.0
1208020 1212.0
1208030 1212.0
1208040 1208.7
1208050 1200.3
1208060 1193.8
1208070 1193.8
1208080 1186.1
1208090 1187.2
1208100 1187.2
1208110 1197.0
1208120 1204.5
1208130 1204.5
1208140 1211.4
1208150 1218.2
1208160 1218.2
1208170 1225.7
1208180 1233.7
1208190 1233.7
1208200 1241.3
1208210 1248.3
1208220 1248.3
1208230 1255.4
1208240 1263.6
1208250 1263.6
1208260 1271.1
1208270 1278.6
1208280 1278.6
1208290 1286.0
1208300 1294.1
1208310 1294.1
1208320 1303.1
1208330 1313.0
1208340 1313.0
1208350 1322.3
1208360 1330.9
1208370 1330.9
1208380 1339.9
1208390 1348.2
1208400 1348.2
1208410 1356.3
1208420 1364.8
1208430 1372.8
1208440 1372.8
1208450 1380.0
1208460 1386.7
1208470 1386.7
1208480 1392.2
1208490 1396.6
1208500 1396.6
1208510 1398.2
1208520 1401.9
1208530 1401.9
1208540 1405.6
1208550 1409.1
1208560 1409.1
1208570 1412.2
1208580 1414.7
1208590 1414.7
1208600 1416.8
1208610 1418.8
1208620 1418.8
1208630 1420.5
1208640 1422.1
1208650 1422.1
1208660 1423.5
1208670 1424.9
1208680 1424.9
1208690 1425.8
1208700 1426.8
1208710 1426.8
1208720 1427.3
1208730 1427.5
1208740 1427.5
1208750 1427.1
1208760 1426.1
1208770 1426.1
1208780 1424.7
1208790 1422.9
1208800 1419.6
1208810 1419.6
1208820 1415.9
1208830 1412.1
1208840 1412.1
1208850 1407.7
1208860 1403.3
1208870 1403.3
1208880 1399.0
1208890 1394.0
1208900 1394.0
1208910 1387.3
1208920 1379.0
1208930 1379.0
1208940 1370.6
1208950 1363.7
1208960 1363.7
1208970 1356.7
1208980 1346.5
1208990 1346.5
1209000 1339.3
1209010 1332.6
1209020 1332.6
1209030 1330.3
1209040 1334.3
1209050 1334.3
1209060 1339.2
1209070 1344.9
1209080 1344.9
1209090 1349.7
1209100 1351.0
1209110 1351.0
1209120 1349.5
1209130 1346.3
1209140 1346.3
1209150 1340.5
1209160 1332.7
1209170 1325.8
1209180 1325.8
1209190 1321.2
1209200 1319.1
1209210 1319.1
1209220 1315.9
1209230 1309.6
1209240 1309.6
1209250 1298.9
1209260 1286.3
1209270 1286.3
1209280 1277.5
1209290 1278.1
1209300 1278.1
1209310 1283.5
1209320 1291.4
1209330 1291.4
1209340 1303.8
1209350 1315.2
1209360 1315.2
1209370 1326.2
1209380 1330.1
1209390 1330.1
1209400 1332.9
1209410 1334.8
1209420 1334.8
1209430 1336.9
1209440 1333.4
1209450 1333.4
1209460 1334.8
1209470 1335.8
1209480 1335.8
1209490 1336.2
1209500 1336.5
1209510 1336.5
1209520 1336.5
1209530 1335.4
1209540 1334.0
1209550 1334.0
1209560 1331.6
1209570 1329.0
1209580 1329.0
1209590 1326.2
1209600 1323.8
1209610 1323.8
1209620 1320.6
1209630 1317.0
1209640 1317.0
1209650 1313.7
1209660 1310.3
1209670 1310.3
1209680 1306.2
1209690 1301.9
1209700 1301.9
1209710 1296.5
1209720 1290.7
1209730 1290.7
1209740 1284.3
1209750 1279.6
1209760 1279.6
1209770 1275.3
1209780 1271.3
1209790 1271.3
1209800 1267.7
1209810 1262.4
1209820 1262.4
1209830 1256.2
1209840 1251.1
1209850 1251.1
1209860 1244.6
1209870 1239.8
1209880 1239.8
1209890 1233.3
1209900 1223.1
1209910 1216.2
1209920 1216.2
1209930 1226.2
1209940 1237.2
1209950 1237.2
1209960 1248.7
1209970 1257.9
1209980 1257.9
1209990 1264.9
1210000 1272.4
1210010 1272.4
1210020 1279.9
1210030 1286.0
1210040 1286.0
1210050 1291.6
1210060 1295.8
1210070 1295.8
1210080 1298.6
1210090 1300.2
1210100 1300.2
1210110 1300.9
1210120 1301.3
1210130 1301.3
1210140 1301.7
1210150 1303.0
1210160 1303.0
1210170 1304.7
1210180 1306.2
1210190 1306.2
1210200 1307.3
1210210 1306.8
1210220 1306.8
1210230 1305.8
1210240 1304.7
1210250 1304.7
1210260 1303.9
1210270 1303.7
1210280 1303.6
1210290 1303.6
1210300 1303.7
1210310 1305.6
1210320 1305.6
1210330 1307.2
1210340 1308.1
1210350 1308.1
1210360 1308.4
1210370 1303.7
1210380 1303.7
1210390 1304.1
1210400 1303.6
1210410 1303.6
1210420 1302.1
1210430 1300.7
1210440 1300.7
1210450 1300.3
1210460 1299.9
1210470 1299.9
1210480 1299.2
1210490 1297.8
1210500 1297.8
1210510 1294.5
1210520 1288.9
1210530 1288.9
1210540 1284.0
1210550 1280.3
1210560 1280.3
1210570 1275.8
1210580 1271.3
1210590 1271.3
1210600 1271.4
1210610 1273.2
1210620 1273.2
1210630 1271.7
1210640 1267.7
1210650 1263.3
1210660 1263.3
1210670 1263.7
1210680 1270.9
1210690 1270.9
1210700 1277.6
1210710 1280.5
1210720 1280.5
1210730 1281.7
1210740 1282.5
1210750 1282.5
1210760 1283.6
1210770 1284.3
1210780 1284.3
1210790 1284.0
1210800 1283.9
1210810 1283.9
1210820 1283.9
1210830 1283.7
1210840 1279.6
1210850 1279.3
1210860 1279.5
1210870 1279.5
1210880 1279.5
1210890 1279.7
1210900 1279.7
1210910 1279.7
1210920 1279.4
1210930 1279.4
1210940 1278.9
1210950 1277.8
1210960 1277.8
1210970 1275.3
1210980 1271.6
1210990 1268.2
1211000 1268.2
1211010 1265.0
1211020 1261.5
1211030 1261.5
1211040 1257.7
1211050 1253.8
1211060 1253.8
1211070 1249.9
1211080 1246.5
1211090 1246.5
1211100 1243.7
1211110 1241.1
1211120 1241.1
1211130 1239.2
1211140 1237.5
1211150 1237.5
1211160 1236.4
1211170 1235.0
1211180 1235.0
1211190 1233.3
1211200 1231.2
1211210 1231.2
1211220 1229.1
1211230 1226.7
1211240 1226.7
1211250 1222.8
1211260 1217.5
1211270 1217.5
1211280 1213.0
1211290 1210.2
1211300 1210.2
1211310 1206.9
1211320 1201.7
1211330 1201.7
1211340 1194.2
1211350 1186.7
1211360 1179.5
1211370 1179.5
1211380 1172.0
1211390 1157.4
1211400 1157.4
1211410 1143.8
1211420 1134.4
1211430 1134.4
1211440 1121.1
1211450 1108.3
1211460 1108.3
1211470 1104.8
1211480 1105.7
1211490 1105.7
1211500 1113.2
1211510 1127.5
1211520 1127.5
1211530 1138.1
1211540 1142.4
1211550 1142.4
1211560 1149.2
1211570 1155.8
1211580 1155.8
1211590 1157.3
1211600 1155.7
1211610 1155.7
1211620 1158.6
1211630 1165.1
1211640 1165.1
1211650 1170.9
1211660 1176.4
1211670 1176.4
1211680 1180.7
1211690 1183.5
1211700 1183.5
1211710 1185.9
1211720 1187.7
1211730 1188.9
1211740 1188.9
1211750 1187.9
1211760 1182.5
1211770 1181.2
1211780 1175.8
1211790 1173.5
1211800 1173.5
1211810 1171.8
1211820 1169.6
1211830 1169.6
1211840 1167.3
1211850 1165.0
1211860 1165.0
1211870 1163.4
1211880 1164.2
1211890 1164.2
1211900 1164.9
1211910 1162.9
1211920 1162.9
1211930 1158.8
1211940 1156.2
1211950 1156.2
1211960 1155.6
1211970 1155.5
1211980 1155.5
1211990 1155.9
1212000 1157.7
1212010 1157.7
1212020 1157.2
1212030 1155.8
1212040 1155.8
1212050 1154.6
1212060 1153.4
1212070 1153.4
1212080 1151.7
1212090 1150.8
1212100 1150.5
1212110 1150.5
1212120 1149.8
1212130 1148.6
1212140 1148.6
1212150 1147.1
1212160 1145.1
1212170 1145.1
1212180 1142.3
1212190 1140.7
1212200 1140.7
1212210 1138.0
1212220 1134.6
1212230 1134.6
1212240 1129.4
1212250 1127.2
1212260 1127.2
1212270 1123.8
1212280 1117.5
1212290 1117.5
1212300 1113.0
1212310 1115.5
1212320 1115.5
1212330 1116.6
1212340 1111.1
1212350 1111.1
1212360 1108.2
1212370 1110.5
1212380 1110.5
1212390 1104.8
1212400 1100.3
1212410 1100.3
1212420 1101.3
1212430 1102.1
1212440 1102.1
1212450 1097.6
1212460 1096.9
1212470 1099.9
1212480 1099.9
1212490 1098.3
1212500 1093.5
1212510 1093.5
1212520 1090.4
1212530 1091.1
1212540 1091.1
1212550 1091.6
1212560 1089.0
1212570 1089.0
1212580 1086.1
1212590 1082.5
1212600 1082.5
1212610 1081.3
1212620 1079.3
1212630 1079.3
1212640 1077.7
1212650 1077.3
1212660 1077.3
1212670 1077.2
1212680 1077.5
1212690 1077.5
1212700 1077.8
1212710 1074.0
1212720 1074.0
1212730 1074.4
1212740 1074.9
1212750 1074.9
1212760 1075.4
1212770 1076.0
1212780 1076.0
1212790 1075.5
1212800 1073.9
1212810 1073.9
1212820 1072.0
1212830 1069.8
1212840 1069.1
1212850 1069.1
1212860 1068.8
1212870 1067.7
1212880 1067.7
1212890 1066.8
1212900 1065.4
1212910 1065.4
1212920 1064.9
1212930 1064.8
1212940 1064.8
1212950 1064.6
1212960 1064.4
1212970 1064.4
1212980 1064.0
